5.48223 4.26396
5.63452 3.95939
5.93909 3.65482
6.09137 3.35025
6.24365 3.19797
6.39594 2.8934
6.39594 2.58883
6.54822 2.28426
6.54822 1.9797
6.70051 1.67513
6.70051 1.37056
6.70051 1.21827
6.70051 0.913706
6.70051 0.609137
6.54822 0.304569
6.54822 0
6.54822 -0.304569
6.39594 -0.456853
6.24365 -0.761421
6.24365 -1.06599
6.09137 -1.21827
5.93909 -1.52284
5.93909 -1.82741
5.7868 -2.13198
5.63452 -2.28426
5.48223 -2.58883
5.48223 -2.74112
5.32995 -3.04569
5.17766 -3.35025
5.02538 -3.50254
4.8731 -3.80711
4.72081 -3.95939
4.56853 -4.26396
4.41624 -4.56853
4.26396 -4.72081
4.11168 -4.8731
3.95939 -5.17766
3.65482 -5.32995
3.50254 -5.63452
3.35025 -5.7868
3.04569 -5.93909
2.8934 -6.09137
2.58883 -6.24365
2.43655 -6.39594
2.13198 -6.54822
1.82741 -6.70051
1.67513 -6.85279
1.37056 -6.85279
1.06599 -7.00508
0.761421 -7.00508
0.456853 -7.00508
0.152284 -7.15736
-0.152284 -7.15736
-0.456853 -7.15736
-0.761421 -7.15736
-1.06599 -7.15736
-1.37056 -7.00508
-1.67513 -7.00508
-1.9797 -7.00508
-2.28426 -6.85279
-2.58883 -6.85279
-2.8934 -6.70051
-3.19797 -6.70051
-3.50254 -6.54822
-3.80711 -6.54822
-3.95939 -6.39594
-4.26396 -6.39594
-4.56853 -6.24365
-4.72081 -6.24365
-5.02538 -6.24365
-5.17766 -6.09137
-5.48223 -6.09137
-5.63452 -6.09137
-5.7868 -6.09137
-6.09137 -6.09137
-6.24365 -6.09137
-6.39594 -6.09137
-6.54822 -6.09137
-6.85279 -6.24365
-7.00508 -6.24365
-7.15736 -6.24365
-7.30964 -6.39594
-7.46193 -6.39594
-7.61421 -6.54822
-7.91878 -6.70051
-8.07107 -6.70051
-8.22335 -6.85279
-8.37563 -6.85279
-8.52792 -7.00508
-8.83249 -7.15736
-8.98477 -7.15736
-9.13706 -7.30964
-9.44162 -7.46193
-9.59391 -7.46193
-9.74619 -7.61421
-10.0508 -7.61421
-10.203 -7.7665
-10.5076 -7.7665
-10.6599 -7.7665
-10.9645 -7.91878
-11.1168 -7.91878
-11.4213 -7.91878
-11.5736 -7.91878
-11.7259 -7.91878
-12.0305 -7.91878
-12.1827 -7.91878
-12.4873 -7.91878
-12.6396 -7.91878
-12.9442 -7.91878
-13.0964 -7.91878
-13.401 -7.7665
-13.5533 -7.7665
-13.8579 -7.7665
-14.0102 -7.61421
-14.3147 -7.61421
-14.467 -7.61421
-14.7716 -7.46193
-14.9239 -7.46193
-15.2284 -7.46193
-15.3807 -7.30964
-15.533 -7.30964
-15.8376 -7.15736
-15.9898 -7.15736
-16.2944 -7.00508
-16.4467 -7.00508
-16.7513 -6.85279
-16.9036 -6.85279
-17.2081 -6.70051
-17.3604 -6.54822
-17.665 -6.54822
-17.8173 -6.39594
-18.1218 -6.24365
-18.2741 -6.24365
-18.5787 -6.09137
-18.731 -5.93909
-19.0355 -5.7868
-19.1878 -5.63452
-19.4924 -5.63452
-19.6447 -5.48223
-19.9492 -5.32995
-20.1015 -5.17766
-20.4061 -5.02538
-20.5584 -4.8731
-20.7107 -4.72081
-21.0152 -4.56853
-21.1675 -4.26396
-21.3198 -4.11168
-21.6244 -3.95939
-21.7766 -3.80711
-21.9289 -3.50254
-22.0812 -3.35025
-22.2335 -3.19797
-22.5381 -2.8934
-22.6904 -2.74112
-22.8426 -2.58883
-22.9949 -2.28426
-23.1472 -2.13198
-23.2995 -1.82741
-23.4518 -1.67513
-23.6041 -1.37056
-23.7563 -1.21827
-23.9086 -0.913706
-24.0609 -0.761421
-24.2132 -0.456853
-24.3655 -0.152284
-24.5178 0
-24.5178 0.304569
-24.6701 0.609137
-24.8223 0.761421
-24.9746 1.06599
-25.1269 1.37056
-25.1269 1.67513
-25.2792 1.9797
-25.4315 2.13198
-25.5838 2.43655
-25.5838 2.74112
-25.736 3.04569
-25.736 3.35025
-25.8883 3.65482
-25.8883 3.95939
-26.0406 4.26396
-26.0406 4.56853
-26.1929 4.8731
-26.1929 5.17766
-26.1929 5.48223
-26.1929 5.7868
-26.3452 6.09137
-26.3452 6.39594
-26.3452 6.70051
-26.3452 7.00508
-26.3452 7.30964
-26.1929 7.61421
-26.1929 7.91878
-26.1929 8.22335
-26.1929 8.52792
-26.0406 8.83249
-26.0406 9.13706
-25.8883 9.44162
-25.8883 9.74619
-25.736 9.89848
-25.5838 10.203
-25.4315 10.5076
-25.2792 10.8122
-25.1269 11.1168
-24.9746 11.269
-24.8223 11.5736
-24.6701 11.8782
-24.5178 12.0305
-24.2132 12.335
-24.0609 12.4873
-23.9086 12.7919
-23.6041 12.9442
-23.2995 13.2487
-23.1472 13.401
-22.8426 13.5533
-22.5381 13.7056
-22.2335 13.8579
-22.0812 14.0102
-21.7766 14.1624
-21.4721 14.3147
-21.1675 14.3147
-20.8629 14.467
-20.5584 14.6193
-20.1015 14.6193
-19.797 14.7716
-19.4924 14.7716
-19.1878 14.7716
-18.8832 14.7716
-18.5787 14.9239
-18.2741 14.9239
-17.9695 14.9239
-17.665 14.9239
-17.3604 14.9239
-17.0558 14.9239
-16.7513 14.9239
-16.4467 14.7716
-16.1421 14.7716
-15.8376 14.7716
-15.533 14.7716
-15.3807 14.7716
-15.0761 14.7716
-14.7716 14.6193
-14.6193 14.6193
-14.3147 14.6193
-14.0102 14.6193
-13.8579 14.6193
-13.5533 14.6193
-13.401 14.6193
-13.0964 14.6193
-12.9442 14.467
-12.7919 14.467
-12.4873 14.467
-12.335 14.467
-12.1827 14.467
-11.8782 14.467
-11.7259 14.467
-11.5736 14.467
-11.4213 14.467
-11.1168 14.467
-10.9645 14.3147
-10.8122 14.3147
-10.6599 14.3147
-10.3553 14.3147
-10.203 14.3147
-10.0508 14.3147
-9.89848 14.3147
-9.74619 14.1624
-9.44162 14.1624
-9.28934 14.1624
-9.13706 14.1624
-8.98477 14.0102
-8.83249 14.0102
-8.6802 14.0102
-8.52792 14.0102
-8.37563 13.8579
-8.07107 13.8579
-7.91878 13.8579
-7.7665 13.7056
-7.61421 13.7056
-7.46193 13.7056
-7.30964 13.7056
-7.15736 13.5533
-7.00508 13.5533
-6.85279 13.5533
-6.70051 13.401
-6.54822 13.401
-6.39594 13.2487
-6.24365 13.2487
-6.09137 13.2487
-5.93909 13.0964
-5.7868 13.0964
-5.63452 13.0964
-5.48223 12.9442
-5.32995 12.9442
-5.17766 12.9442
-5.02538 12.7919
-4.8731 12.7919
-4.72081 12.6396
-4.56853 12.6396
-4.41624 12.6396
-4.26396 12.4873
-3.95939 12.4873
-3.80711 12.335
-3.65482 12.335
-3.50254 12.1827
-3.35025 12.1827
-3.19797 12.1827
-3.04569 12.0305
-2.8934 12.0305
-2.74112 11.8782
-2.58883 11.8782
-2.43655 11.7259
-2.28426 11.7259
-2.13198 11.5736
-1.9797 11.4213
-1.82741 11.4213
-1.67513 11.269
-1.52284 11.269
-1.37056 11.1168
-1.21827 10.9645
-1.06599 10.9645
-0.761421 10.8122
-0.609137 10.6599
-0.456853 10.6599
-0.304569 10.5076
-0.152284 10.3553
0 10.203
0.152284 10.203
0.304569 10.0508
0.456853 9.89848
0.609137 9.74619
0.913706 9.59391
1.06599 9.59391
1.21827 9.44162
1.37056 9.28934
1.52284 9.13706
1.67513 8.98477
1.9797 8.83249
2.13198 8.6802
2.28426 8.52792
2.43655 8.37563
2.58883 8.22335
2.8934 8.07107
3.04569 7.91878
3.19797 7.7665
3.35025 7.46193
3.50254 7.30964
3.65482 7.15736
3.80711 7.00508
4.11168 6.70051
4.26396 6.54822
4.41624 6.39594
4.56853 6.09137
4.72081 5.93909
4.72081 5.63452
4.8731 5.48223
5.02538 5.17766
5.17766 5.02538
5.32995 4.72081
5.32995 4.41624
