9.89848 5.7868
10.0508 5.48223
10.203 5.32995
10.3553 5.02538
10.3553 4.72081
10.5076 4.56853
10.5076 4.26396
10.6599 3.95939
10.6599 3.80711
10.6599 3.50254
10.6599 3.19797
10.6599 3.04569
10.5076 2.74112
10.5076 2.43655
10.5076 2.28426
10.3553 1.9797
10.3553 1.67513
10.203 1.52284
10.0508 1.21827
9.89848 1.06599
9.89848 0.761421
9.74619 0.609137
9.59391 0.456853
9.44162 0.152284
9.28934 0
9.13706 -0.152284
8.98477 -0.456853
8.83249 -0.609137
8.6802 -0.761421
8.52792 -1.06599
8.37563 -1.21827
8.22335 -1.37056
8.07107 -1.52284
7.91878 -1.82741
7.7665 -1.9797
7.61421 -2.13198
7.46193 -2.28426
7.30964 -2.43655
7.00508 -2.58883
6.85279 -2.74112
6.70051 -2.8934
6.54822 -3.04569
6.39594 -3.35025
6.24365 -3.35025
5.93909 -3.50254
5.7868 -3.65482
5.63452 -3.80711
5.48223 -3.95939
5.17766 -4.11168
5.02538 -4.26396
4.8731 -4.41624
4.72081 -4.56853
4.41624 -4.56853
4.26396 -4.72081
4.11168 -4.8731
3.80711 -5.02538
3.65482 -5.02538
3.50254 -5.17766
3.19797 -5.32995
3.04569 -5.32995
2.74112 -5.48223
2.58883 -5.48223
2.43655 -5.63452
2.13198 -5.63452
1.9797 -5.7868
1.82741 -5.7868
1.52284 -5.93909
1.37056 -5.93909
1.06599 -6.09137
0.913706 -6.09137
0.761421 -6.24365
0.456853 -6.24365
0.304569 -6.24365
0 -6.39594
-0.152284 -6.39594
-0.304569 -6.39594
-0.609137 -6.54822
-0.761421 -6.54822
-1.06599 -6.54822
-1.21827 -6.70051
-1.52284 -6.70051
-1.67513 -6.70051
-1.82741 -6.70051
-2.13198 -6.70051
-2.28426 -6.70051
-2.58883 -6.85279
-2.74112 -6.85279
-3.04569 -6.85279
-3.19797 -6.85279
-3.50254 -6.85279
-3.65482 -6.85279
-3.80711 -6.70051
-4.11168 -6.70051
-4.26396 -6.70051
-4.56853 -6.70051
-4.72081 -6.70051
-5.02538 -6.70051
-5.17766 -6.54822
-5.32995 -6.54822
-5.63452 -6.39594
-5.7868 -6.39594
-5.93909 -6.39594
-6.24365 -6.24365
-6.39594 -6.24365
-6.54822 -6.09137
-6.85279 -5.93909
-7.00508 -5.93909
-7.15736 -5.7868
-7.30964 -5.7868
-7.61421 -5.63452
-7.7665 -5.48223
-7.91878 -5.32995
-8.07107 -5.32995
-8.22335 -5.17766
-8.52792 -5.02538
-8.6802 -4.8731
-8.83249 -4.8731
-8.98477 -4.72081
-9.13706 -4.56853
-9.28934 -4.41624
-9.44162 -4.26396
-9.59391 -4.11168
-9.74619 -3.95939
-9.89848 -3.95939
-10.0508 -3.80711
-10.203 -3.65482
-10.3553 -3.50254
-10.5076 -3.35025
-10.6599 -3.19797
-10.8122 -3.04569
-10.9645 -2.8934
-11.1168 -2.74112
-11.269 -2.58883
-11.269 -2.43655
-11.4213 -2.28426
-11.5736 -2.13198
-11.7259 -2.13198
-11.8782 -1.9797
-12.0305 -1.82741
-12.1827 -1.67513
-12.335 -1.52284
-12.335 -1.37056
-12.4873 -1.21827
-12.6396 -1.06599
-12.7919 -0.913706
-12.9442 -0.761421
-13.0964 -0.609137
-13.2487 -0.456853
-13.2487 -0.304569
-13.401 -0.152284
-13.5533 0
-13.7056 0.152284
-13.8579 0.304569
-14.0102 0.456853
-14.1624 0.609137
-14.3147 0.761421
-14.467 0.913706
-14.467 1.06599
-14.6193 1.21827
-14.7716 1.52284
-14.9239 1.67513
-15.0761 1.82741
-15.2284 1.9797
-15.3807 2.13198
-15.533 2.28426
-15.533 2.58883
-15.6853 2.74112
-15.8376 2.8934
-15.9898 3.19797
-16.1421 3.35025
-16.2944 3.50254
-16.2944 3.80711
-16.4467 3.95939
-16.599 4.11168
-16.7513 4.41624
-16.7513 4.56853
-16.9036 4.8731
-17.0558 5.02538
-17.0558 5.32995
-17.2081 5.48223
-17.3604 5.7868
-17.3604 5.93909
-17.5127 6.24365
-17.5127 6.54822
-17.665 6.70051
-17.665 7.00508
-17.665 7.15736
-17.8173 7.46193
-17.8173 7.7665
-17.8173 7.91878
-17.8173 8.22335
-17.9695 8.52792
-17.9695 8.83249
-17.9695 8.98477
-17.9695 9.28934
-17.9695 9.59391
-17.8173 9.89848
-17.8173 10.0508
-17.8173 10.3553
-17.8173 10.6599
-17.665 10.8122
-17.665 11.1168
-17.5127 11.4213
-17.5127 11.5736
-17.3604 11.8782
-17.3604 12.1827
-17.2081 12.335
-17.0558 12.6396
-16.9036 12.7919
-16.7513 13.0964
-16.599 13.2487
-16.4467 13.401
-16.2944 13.7056
-16.1421 13.8579
-15.9898 14.0102
-15.8376 14.3147
-15.533 14.467
-15.3807 14.6193
-15.2284 14.7716
-14.9239 14.9239
-14.7716 15.0761
-14.467 15.2284
-14.3147 15.2284
-14.0102 15.3807
-13.7056 15.533
-13.5533 15.6853
-13.2487 15.6853
-13.0964 15.8376
-12.7919 15.8376
-12.4873 15.9898
-12.335 15.9898
-12.0305 16.1421
-11.7259 16.1421
-11.5736 16.1421
-11.269 16.2944
-11.1168 16.2944
-10.8122 16.2944
-10.5076 16.4467
-10.3553 16.4467
-10.0508 16.4467
-9.89848 16.4467
-9.59391 16.599
-9.44162 16.599
-9.13706 16.599
-8.98477 16.7513
-8.83249 16.7513
-8.52792 16.7513
-8.37563 16.7513
-8.07107 16.9036
-7.91878 16.9036
-7.7665 16.9036
-7.46193 17.0558
-7.30964 17.0558
-7.15736 17.0558
-6.85279 17.0558
-6.70051 17.2081
-6.54822 17.2081
-6.24365 17.2081
-6.09137 17.2081
-5.93909 17.2081
-5.63452 17.3604
-5.48223 17.3604
-5.32995 17.3604
-5.02538 17.3604
-4.8731 17.3604
-4.72081 17.3604
-4.41624 17.3604
-4.26396 17.3604
-4.11168 17.3604
-3.80711 17.3604
-3.65482 17.3604
-3.50254 17.3604
-3.19797 17.3604
-3.04569 17.2081
-2.8934 17.2081
-2.58883 17.2081
-2.43655 17.2081
-2.28426 17.2081
-1.9797 17.0558
-1.82741 17.0558
-1.67513 17.0558
-1.52284 16.9036
-1.21827 16.9036
-1.06599 16.9036
-0.913706 16.7513
-0.761421 16.7513
-0.456853 16.599
-0.304569 16.599
-0.152284 16.599
0 16.4467
0.152284 16.4467
0.456853 16.2944
0.609137 16.2944
0.761421 16.1421
0.913706 16.1421
1.06599 15.9898
1.37056 15.9898
1.52284 15.8376
1.67513 15.6853
1.82741 15.6853
1.9797 15.533
2.13198 15.533
2.43655 15.3807
2.58883 15.2284
2.74112 15.2284
2.8934 15.0761
3.04569 14.9239
3.19797 14.9239
3.35025 14.7716
3.65482 14.6193
3.80711 14.6193
3.95939 14.467
4.11168 14.3147
4.26396 14.3147
4.41624 14.1624
4.56853 14.0102
4.72081 13.8579
5.02538 13.7056
5.17766 13.7056
5.32995 13.5533
5.48223 13.401
5.63452 13.2487
5.7868 13.0964
5.93909 12.9442
6.09137 12.7919
6.24365 12.6396
6.39594 12.4873
6.54822 12.335
6.70051 12.1827
6.85279 12.0305
7.00508 11.8782
7.15736 11.7259
7.30964 11.5736
7.46193 11.4213
7.61421 11.269
7.7665 11.1168
7.91878 10.8122
7.91878 10.6599
8.07107 10.5076
8.22335 10.3553
8.37563 10.0508
8.37563 9.89848
8.52792 9.74619
8.6802 9.44162
8.6802 9.28934
8.83249 9.13706
8.98477 8.83249
8.98477 8.6802
9.13706 8.52792
9.13706 8.22335
9.28934 8.07107
9.28934 7.7665
9.44162 7.61421
9.44162 7.30964
9.59391 7.15736
9.59391 6.85279
9.59391 6.70051
9.74619 6.39594
9.74619 6.24365
9.74619 5.93909
