10.0508 5.63452
10.203 5.48223
10.3553 5.17766
10.3553 4.8731
10.5076 4.72081
10.5076 4.41624
10.6599 4.11168
10.6599 3.95939
10.6599 3.65482
10.6599 3.35025
10.6599 3.19797
10.6599 2.8934
10.6599 2.58883
10.5076 2.43655
10.5076 2.13198
10.5076 1.9797
10.3553 1.67513
10.203 1.37056
10.203 1.21827
10.0508 0.913706
9.89848 0.761421
9.74619 0.609137
9.74619 0.304569
9.59391 0.152284
9.44162 -0.152284
9.28934 -0.304569
9.13706 -0.456853
8.98477 -0.761421
8.83249 -0.913706
8.6802 -1.06599
8.52792 -1.21827
8.37563 -1.52284
8.22335 -1.67513
8.07107 -1.82741
7.7665 -1.9797
7.61421 -2.13198
7.46193 -2.28426
7.30964 -2.43655
7.15736 -2.58883
7.00508 -2.74112
6.70051 -2.8934
6.54822 -3.04569
6.39594 -3.19797
6.24365 -3.35025
5.93909 -3.50254
5.7868 -3.65482
5.63452 -3.80711
5.48223 -3.95939
5.17766 -4.11168
5.02538 -4.11168
4.8731 -4.26396
4.56853 -4.41624
4.41624 -4.56853
4.26396 -4.72081
3.95939 -4.72081
3.80711 -4.8731
3.65482 -5.02538
3.35025 -5.02538
3.19797 -5.17766
3.04569 -5.17766
2.74112 -5.32995
2.58883 -5.48223
2.43655 -5.48223
2.13198 -5.63452
1.9797 -5.63452
1.82741 -5.7868
1.52284 -5.7868
1.37056 -5.93909
1.21827 -5.93909
0.913706 -6.09137
0.761421 -6.09137
0.456853 -6.09137
0.304569 -6.24365
0.152284 -6.24365
-0.152284 -6.24365
-0.304569 -6.39594
-0.456853 -6.39594
-0.761421 -6.39594
-0.913706 -6.54822
-1.21827 -6.54822
-1.37056 -6.54822
-1.67513 -6.54822
-1.82741 -6.54822
-1.9797 -6.70051
-2.28426 -6.70051
-2.43655 -6.70051
-2.74112 -6.70051
-2.8934 -6.70051
-3.04569 -6.70051
-3.35025 -6.70051
-3.50254 -6.70051
-3.80711 -6.70051
-3.95939 -6.70051
-4.11168 -6.54822
-4.41624 -6.54822
-4.56853 -6.54822
-4.8731 -6.54822
-5.02538 -6.54822
-5.17766 -6.39594
-5.48223 -6.39594
-5.63452 -6.24365
-5.7868 -6.24365
-6.09137 -6.24365
-6.24365 -6.09137
-6.39594 -6.09137
-6.70051 -5.93909
-6.85279 -5.93909
-7.00508 -5.7868
-7.15736 -5.63452
-7.46193 -5.63452
-7.61421 -5.48223
-7.7665 -5.32995
-7.91878 -5.32995
-8.07107 -5.17766
-8.37563 -5.02538
-8.52792 -4.8731
-8.6802 -4.8731
-8.83249 -4.72081
-8.98477 -4.56853
-9.13706 -4.41624
-9.28934 -4.26396
-9.44162 -4.26396
-9.59391 -4.11168
-9.74619 -3.95939
-9.89848 -3.80711
-10.0508 -3.65482
-10.203 -3.50254
-10.3553 -3.35025
-10.5076 -3.19797
-10.6599 -3.04569
-10.8122 -2.8934
-10.9645 -2.74112
-11.1168 -2.74112
-11.1168 -2.58883
-11.269 -2.43655
-11.4213 -2.28426
-11.5736 -2.13198
-11.7259 -1.9797
-11.8782 -1.82741
-11.8782 -1.67513
-12.0305 -1.52284
-12.1827 -1.37056
-12.335 -1.21827
-12.4873 -1.06599
-12.6396 -0.913706
-12.6396 -0.761421
-12.7919 -0.609137
-12.9442 -0.456853
-13.0964 -0.304569
-13.2487 -0.152284
-13.401 0
-13.5533 0.152284
-13.5533 0.304569
-13.7056 0.456853
-13.8579 0.609137
-14.0102 0.761421
-14.1624 0.913706
-14.3147 1.06599
-14.467 1.21827
-14.467 1.52284
-14.6193 1.67513
-14.7716 1.82741
-14.9239 1.9797
-15.0761 2.13198
-15.2284 2.28426
-15.3807 2.58883
-15.3807 2.74112
-15.533 2.8934
-15.6853 3.04569
-15.8376 3.35025
-15.9898 3.50254
-15.9898 3.65482
-16.1421 3.95939
-16.2944 4.11168
-16.4467 4.26396
-16.599 4.56853
-16.599 4.72081
-16.7513 5.02538
-16.9036 5.17766
-16.9036 5.48223
-17.0558 5.63452
-17.2081 5.93909
-17.2081 6.09137
-17.3604 6.39594
-17.3604 6.70051
-17.5127 6.85279
-17.5127 7.15736
-17.665 7.46193
-17.665 7.61421
-17.665 7.91878
-17.8173 8.22335
-17.8173 8.37563
-17.8173 8.6802
-17.8173 8.98477
-17.8173 9.28934
-17.8173 9.44162
-17.8173 9.74619
-17.8173 10.0508
-17.8173 10.3553
-17.8173 10.5076
-17.8173 10.8122
-17.665 11.1168
-17.665 11.4213
-17.5127 11.5736
-17.5127 11.8782
-17.3604 12.1827
-17.3604 12.335
-17.2081 12.6396
-17.0558 12.9442
-16.9036 13.0964
-16.9036 13.401
-16.7513 13.5533
-16.599 13.8579
-16.2944 14.0102
-16.1421 14.1624
-15.9898 14.3147
-15.8376 14.6193
-15.533 14.7716
-15.3807 14.9239
-15.0761 15.0761
-14.9239 15.2284
-14.6193 15.3807
-14.467 15.3807
-14.1624 15.533
-13.8579 15.6853
-13.7056 15.8376
-13.401 15.8376
-13.0964 15.9898
-12.7919 15.9898
-12.6396 16.1421
-12.335 16.1421
-12.0305 16.1421
-11.8782 16.2944
-11.5736 16.2944
-11.269 16.2944
-11.1168 16.4467
-10.8122 16.4467
-10.5076 16.4467
-10.3553 16.4467
-10.0508 16.599
-9.89848 16.599
-9.59391 16.599
-9.44162 16.599
-9.13706 16.7513
-8.98477 16.7513
-8.6802 16.7513
-8.52792 16.7513
-8.22335 16.9036
-8.07107 16.9036
-7.91878 16.9036
-7.61421 17.0558
-7.46193 17.0558
-7.30964 17.0558
-7.00508 17.2081
-6.85279 17.2081
-6.70051 17.2081
-6.39594 17.2081
-6.24365 17.3604
-6.09137 17.3604
-5.7868 17.3604
-5.63452 17.3604
-5.32995 17.3604
-5.17766 17.5127
-5.02538 17.5127
-4.72081 17.5127
-4.56853 17.5127
-4.41624 17.5127
-4.11168 17.5127
-3.95939 17.5127
-3.80711 17.3604
-3.50254 17.3604
-3.35025 17.3604
-3.19797 17.3604
-2.8934 17.3604
-2.74112 17.3604
-2.58883 17.2081
-2.28426 17.2081
-2.13198 17.2081
-1.9797 17.0558
-1.67513 17.0558
-1.52284 17.0558
-1.37056 16.9036
-1.21827 16.9036
-0.913706 16.9036
-0.761421 16.7513
-0.609137 16.7513
-0.456853 16.599
-0.152284 16.599
0 16.4467
0.152284 16.4467
0.304569 16.4467
0.609137 16.2944
0.761421 16.2944
0.913706 16.1421
1.06599 16.1421
1.21827 15.9898
1.52284 15.9898
1.67513 15.8376
1.82741 15.8376
1.9797 15.6853
2.13198 15.6853
2.43655 15.533
2.58883 15.3807
2.74112 15.3807
2.8934 15.2284
3.04569 15.2284
3.35025 15.0761
3.50254 14.9239
3.65482 14.9239
3.80711 14.7716
3.95939 14.6193
4.11168 14.6193
4.41624 14.467
4.56853 14.3147
4.72081 14.1624
4.8731 14.0102
5.02538 14.0102
5.17766 13.8579
5.32995 13.7056
5.48223 13.5533
5.63452 13.401
5.7868 13.2487
5.93909 13.0964
6.24365 12.9442
6.39594 12.7919
6.39594 12.6396
6.54822 12.4873
6.70051 12.335
6.85279 12.1827
7.00508 12.0305
7.15736 11.8782
7.30964 11.7259
7.46193 11.5736
7.61421 11.269
7.7665 11.1168
7.7665 10.9645
7.91878 10.8122
8.07107 10.6599
8.22335 10.3553
8.22335 10.203
8.37563 10.0508
8.52792 9.74619
8.6802 9.59391
8.6802 9.44162
8.83249 9.13706
8.83249 8.98477
8.98477 8.83249
9.13706 8.52792
9.13706 8.37563
9.28934 8.22335
9.28934 7.91878
9.44162 7.7665
9.44162 7.46193
9.59391 7.30964
9.59391 7.00508
9.74619 6.85279
9.74619 6.54822
9.89848 6.39594
9.89848 6.09137
9.89848 5.93909
