10.203 5.63452
10.203 5.48223
10.3553 5.17766
10.5076 5.02538
10.5076 4.72081
10.6599 4.41624
10.6599 4.26396
10.6599 3.95939
10.8122 3.65482
10.8122 3.50254
10.6599 3.19797
10.6599 2.8934
10.6599 2.74112
10.6599 2.43655
10.5076 2.13198
10.5076 1.9797
10.3553 1.67513
10.203 1.52284
10.203 1.21827
10.0508 1.06599
9.89848 0.761421
9.74619 0.609137
9.74619 0.304569
9.59391 0.152284
9.44162 -0.152284
9.28934 -0.304569
9.13706 -0.456853
8.98477 -0.761421
8.83249 -0.913706
8.6802 -1.06599
8.52792 -1.21827
8.37563 -1.52284
8.22335 -1.67513
8.07107 -1.82741
7.7665 -1.9797
7.61421 -2.13198
7.46193 -2.28426
7.30964 -2.58883
7.15736 -2.74112
7.00508 -2.8934
6.70051 -3.04569
6.54822 -3.19797
6.39594 -3.35025
6.24365 -3.50254
5.93909 -3.65482
5.7868 -3.65482
5.63452 -3.80711
5.48223 -3.95939
5.17766 -4.11168
5.02538 -4.26396
4.8731 -4.41624
4.56853 -4.41624
4.41624 -4.56853
4.26396 -4.72081
3.95939 -4.8731
3.80711 -4.8731
3.65482 -5.02538
3.35025 -5.17766
3.19797 -5.17766
3.04569 -5.32995
2.74112 -5.32995
2.58883 -5.48223
2.43655 -5.63452
2.13198 -5.63452
1.9797 -5.7868
1.67513 -5.7868
1.52284 -5.7868
1.37056 -5.93909
1.06599 -5.93909
0.913706 -6.09137
0.609137 -6.09137
0.456853 -6.09137
0.304569 -6.24365
0 -6.24365
-0.152284 -6.24365
-0.456853 -6.39594
-0.609137 -6.39594
-0.761421 -6.39594
-1.06599 -6.39594
-1.21827 -6.54822
-1.52284 -6.54822
-1.67513 -6.54822
-1.82741 -6.54822
-2.13198 -6.54822
-2.28426 -6.54822
-2.58883 -6.54822
-2.74112 -6.54822
-2.8934 -6.54822
-3.19797 -6.54822
-3.35025 -6.54822
-3.65482 -6.54822
-3.80711 -6.54822
-4.11168 -6.54822
-4.26396 -6.54822
-4.41624 -6.54822
-4.72081 -6.39594
-4.8731 -6.39594
-5.02538 -6.39594
-5.32995 -6.39594
-5.48223 -6.24365
-5.7868 -6.24365
-5.93909 -6.24365
-6.09137 -6.09137
-6.39594 -6.09137
-6.54822 -5.93909
-6.70051 -5.93909
-6.85279 -5.7868
-7.15736 -5.7868
-7.30964 -5.63452
-7.46193 -5.63452
-7.61421 -5.48223
-7.91878 -5.32995
-8.07107 -5.32995
-8.22335 -5.17766
-8.37563 -5.02538
-8.52792 -4.8731
-8.6802 -4.8731
-8.98477 -4.72081
-9.13706 -4.56853
-9.28934 -4.41624
-9.44162 -4.26396
-9.59391 -4.26396
-9.74619 -4.11168
-9.89848 -3.95939
-10.0508 -3.80711
-10.203 -3.65482
-10.3553 -3.50254
-10.5076 -3.35025
-10.5076 -3.19797
-10.6599 -3.04569
-10.8122 -2.8934
-10.9645 -2.74112
-11.1168 -2.58883
-11.269 -2.43655
-11.4213 -2.28426
-11.4213 -2.13198
-11.5736 -1.9797
-11.7259 -1.82741
-11.8782 -1.67513
-12.0305 -1.52284
-12.0305 -1.37056
-12.1827 -1.21827
-12.335 -1.06599
-12.4873 -0.913706
-12.6396 -0.761421
-12.7919 -0.609137
-12.7919 -0.456853
-12.9442 -0.304569
-13.0964 -0.152284
-13.2487 0
-13.401 0.152284
-13.401 0.304569
-13.5533 0.456853
-13.7056 0.609137
-13.8579 0.761421
-14.0102 0.913706
-14.1624 1.06599
-14.3147 1.21827
-14.467 1.37056
-14.467 1.52284
-14.6193 1.67513
-14.7716 1.82741
-14.9239 1.9797
-15.0761 2.13198
-15.2284 2.43655
-15.3807 2.58883
-15.3807 2.74112
-15.533 2.8934
-15.6853 3.19797
-15.8376 3.35025
-15.9898 3.50254
-16.1421 3.65482
-16.1421 3.95939
-16.2944 4.11168
-16.4467 4.41624
-16.599 4.56853
-16.599 4.72081
-16.7513 5.02538
-16.9036 5.17766
-16.9036 5.48223
-17.0558 5.63452
-17.2081 5.93909
-17.2081 6.24365
-17.3604 6.39594
-17.3604 6.70051
-17.5127 6.85279
-17.5127 7.15736
-17.5127 7.46193
-17.665 7.61421
-17.665 7.91878
-17.665 8.22335
-17.665 8.37563
-17.8173 8.6802
-17.8173 8.98477
-17.8173 9.28934
-17.8173 9.44162
-17.8173 9.74619
-17.8173 10.0508
-17.8173 10.3553
-17.665 10.5076
-17.665 10.8122
-17.665 11.1168
-17.5127 11.269
-17.5127 11.5736
-17.3604 11.8782
-17.3604 12.0305
-17.2081 12.335
-17.2081 12.6396
-17.0558 12.7919
-16.9036 13.0964
-16.7513 13.2487
-16.599 13.5533
-16.4467 13.7056
-16.2944 13.8579
-16.1421 14.1624
-15.9898 14.3147
-15.6853 14.467
-15.533 14.6193
-15.2284 14.7716
-15.0761 14.9239
-14.7716 15.0761
-14.6193 15.2284
-14.3147 15.3807
-14.1624 15.533
-13.8579 15.6853
-13.5533 15.6853
-13.401 15.8376
-13.0964 15.8376
-12.7919 15.9898
-12.6396 15.9898
-12.335 16.1421
-12.0305 16.1421
-11.8782 16.1421
-11.5736 16.2944
-11.269 16.2944
-11.1168 16.2944
-10.8122 16.4467
-10.6599 16.4467
-10.3553 16.4467
-10.0508 16.599
-9.89848 16.599
-9.59391 16.599
-9.44162 16.599
-9.28934 16.7513
-8.98477 16.7513
-8.83249 16.7513
-8.52792 16.9036
-8.37563 16.9036
-8.22335 16.9036
-7.91878 17.0558
-7.7665 17.0558
-7.46193 17.0558
-7.30964 17.2081
-7.15736 17.2081
-6.85279 17.2081
-6.70051 17.2081
-6.54822 17.3604
-6.24365 17.3604
-6.09137 17.3604
-5.93909 17.5127
-5.63452 17.5127
-5.48223 17.5127
-5.32995 17.5127
-5.02538 17.5127
-4.8731 17.5127
-4.72081 17.5127
-4.41624 17.5127
-4.26396 17.5127
-3.95939 17.5127
-3.80711 17.5127
-3.65482 17.5127
-3.35025 17.5127
-3.19797 17.5127
-3.04569 17.5127
-2.74112 17.3604
-2.58883 17.3604
-2.43655 17.3604
-2.13198 17.3604
-1.9797 17.2081
-1.82741 17.2081
-1.52284 17.2081
-1.37056 17.0558
-1.21827 17.0558
-1.06599 17.0558
-0.761421 16.9036
-0.609137 16.9036
-0.456853 16.7513
-0.304569 16.7513
0 16.599
0.152284 16.599
0.304569 16.4467
0.456853 16.4467
0.761421 16.4467
0.913706 16.2944
1.06599 16.2944
1.21827 16.1421
1.37056 15.9898
1.67513 15.9898
1.82741 15.8376
1.9797 15.8376
2.13198 15.6853
2.28426 15.6853
2.58883 15.533
2.74112 15.3807
2.8934 15.3807
3.04569 15.2284
3.19797 15.0761
3.50254 15.0761
3.65482 14.9239
3.80711 14.7716
3.95939 14.7716
4.11168 14.6193
4.26396 14.467
4.41624 14.3147
4.72081 14.3147
4.8731 14.1624
5.02538 14.0102
5.17766 13.8579
5.32995 13.7056
5.48223 13.5533
5.63452 13.401
5.7868 13.401
5.93909 13.2487
6.09137 13.0964
6.24365 12.9442
6.39594 12.7919
6.54822 12.6396
6.70051 12.4873
6.85279 12.335
7.00508 12.0305
7.15736 11.8782
7.30964 11.7259
7.46193 11.5736
7.61421 11.4213
7.7665 11.269
7.91878 11.1168
8.07107 10.8122
8.07107 10.6599
8.22335 10.5076
8.37563 10.3553
8.52792 10.0508
8.52792 9.89848
8.6802 9.74619
8.83249 9.44162
8.98477 9.28934
8.98477 9.13706
9.13706 8.83249
9.28934 8.6802
9.28934 8.37563
9.44162 8.22335
9.44162 8.07107
9.59391 7.7665
9.59391 7.61421
9.74619 7.30964
9.74619 7.15736
9.89848 6.85279
9.89848 6.70051
10.0508 6.39594
10.0508 6.24365
10.0508 5.93909
