10.0508 5.7868
10.203 5.48223
10.3553 5.32995
10.5076 5.02538
10.6599 4.72081
10.6599 4.56853
10.6599 4.26396
10.8122 3.95939
10.8122 3.80711
10.8122 3.50254
10.8122 3.19797
10.6599 3.04569
10.6599 2.74112
10.6599 2.43655
10.5076 2.28426
10.5076 1.9797
10.3553 1.82741
10.203 1.52284
10.203 1.37056
10.0508 1.06599
9.89848 0.913706
9.74619 0.609137
9.59391 0.456853
9.44162 0.304569
9.28934 0
9.13706 -0.152284
8.98477 -0.304569
8.98477 -0.609137
8.83249 -0.761421
8.6802 -0.913706
8.37563 -1.21827
8.22335 -1.37056
8.07107 -1.52284
7.91878 -1.67513
7.7665 -1.82741
7.61421 -1.9797
7.46193 -2.28426
7.30964 -2.43655
7.15736 -2.58883
7.00508 -2.74112
6.85279 -2.8934
6.54822 -3.04569
6.39594 -3.19797
6.24365 -3.35025
6.09137 -3.50254
5.93909 -3.65482
5.63452 -3.80711
5.48223 -3.95939
5.32995 -3.95939
5.17766 -4.11168
4.8731 -4.26396
4.72081 -4.41624
4.56853 -4.56853
4.26396 -4.56853
4.11168 -4.72081
3.95939 -4.8731
3.65482 -5.02538
3.50254 -5.02538
3.35025 -5.17766
3.04569 -5.17766
2.8934 -5.32995
2.74112 -5.48223
2.43655 -5.48223
2.28426 -5.63452
2.13198 -5.63452
1.82741 -5.7868
1.67513 -5.7868
1.37056 -5.93909
1.21827 -5.93909
1.06599 -5.93909
0.761421 -6.09137
0.609137 -6.09137
0.304569 -6.24365
0.152284 -6.24365
0 -6.24365
-0.304569 -6.24365
-0.456853 -6.39594
-0.761421 -6.39594
-0.913706 -6.39594
-1.06599 -6.39594
-1.37056 -6.54822
-1.52284 -6.54822
-1.82741 -6.54822
-1.9797 -6.54822
-2.28426 -6.54822
-2.43655 -6.54822
-2.58883 -6.54822
-2.8934 -6.54822
-3.04569 -6.54822
-3.35025 -6.54822
-3.50254 -6.54822
-3.65482 -6.54822
-3.95939 -6.54822
-4.11168 -6.54822
-4.41624 -6.54822
-4.56853 -6.39594
-4.72081 -6.39594
-5.02538 -6.39594
-5.17766 -6.24365
-5.48223 -6.24365
-5.63452 -6.24365
-5.7868 -6.09137
-6.09137 -6.09137
-6.24365 -6.09137
-6.39594 -5.93909
-6.70051 -5.93909
-6.85279 -5.7868
-7.00508 -5.63452
-7.15736 -5.63452
-7.46193 -5.48223
-7.61421 -5.48223
-7.7665 -5.32995
-7.91878 -5.17766
-8.07107 -5.17766
-8.37563 -5.02538
-8.52792 -4.8731
-8.6802 -4.72081
-8.83249 -4.72081
-8.98477 -4.56853
-9.13706 -4.41624
-9.28934 -4.26396
-9.44162 -4.11168
-9.59391 -3.95939
-9.74619 -3.95939
-9.89848 -3.80711
-10.0508 -3.65482
-10.203 -3.50254
-10.3553 -3.35025
-10.5076 -3.19797
-10.6599 -3.04569
-10.8122 -2.8934
-10.9645 -2.74112
-10.9645 -2.58883
-11.1168 -2.43655
-11.269 -2.28426
-11.4213 -2.13198
-11.5736 -1.9797
-11.7259 -1.82741
-11.7259 -1.67513
-11.8782 -1.52284
-12.0305 -1.37056
-12.1827 -1.21827
-12.335 -1.06599
-12.335 -0.913706
-12.4873 -0.761421
-12.6396 -0.609137
-12.7919 -0.456853
-12.9442 -0.304569
-13.0964 -0.152284
-13.0964 0
-13.2487 0.152284
-13.401 0.304569
-13.5533 0.456853
-13.7056 0.609137
-13.8579 0.761421
-14.0102 0.913706
-14.0102 1.06599
-14.1624 1.21827
-14.3147 1.37056
-14.467 1.52284
-14.6193 1.67513
-14.7716 1.82741
-14.9239 2.13198
-14.9239 2.28426
-15.0761 2.43655
-15.2284 2.58883
-15.3807 2.74112
-15.533 3.04569
-15.6853 3.19797
-15.8376 3.35025
-15.8376 3.65482
-15.9898 3.80711
-16.1421 3.95939
-16.2944 4.26396
-16.2944 4.41624
-16.4467 4.56853
-16.599 4.8731
-16.7513 5.02538
-16.7513 5.32995
-16.9036 5.48223
-17.0558 5.7868
-17.0558 5.93909
-17.2081 6.24365
-17.2081 6.54822
-17.3604 6.70051
-17.3604 7.00508
-17.5127 7.15736
-17.5127 7.46193
-17.5127 7.7665
-17.665 7.91878
-17.665 8.22335
-17.665 8.52792
-17.665 8.83249
-17.665 8.98477
-17.665 9.28934
-17.665 9.59391
-17.665 9.89848
-17.665 10.0508
-17.665 10.3553
-17.665 10.6599
-17.665 10.9645
-17.5127 11.1168
-17.5127 11.4213
-17.5127 11.7259
-17.3604 11.8782
-17.3604 12.1827
-17.2081 12.4873
-17.0558 12.6396
-16.9036 12.9442
-16.9036 13.0964
-16.7513 13.401
-16.599 13.5533
-16.4467 13.8579
-16.2944 14.0102
-15.9898 14.1624
-15.8376 14.467
-15.6853 14.6193
-15.3807 14.7716
-15.2284 14.9239
-15.0761 15.0761
-14.7716 15.2284
-14.467 15.3807
-14.3147 15.533
-14.0102 15.533
-13.8579 15.6853
-13.5533 15.8376
-13.2487 15.8376
-12.9442 15.9898
-12.7919 15.9898
-12.4873 16.1421
-12.1827 16.1421
-12.0305 16.1421
-11.7259 16.2944
-11.4213 16.2944
-11.269 16.2944
-10.9645 16.4467
-10.6599 16.4467
-10.5076 16.4467
-10.203 16.4467
-10.0508 16.599
-9.74619 16.599
-9.59391 16.599
-9.28934 16.599
-9.13706 16.7513
-8.83249 16.7513
-8.6802 16.7513
-8.52792 16.9036
-8.22335 16.9036
-8.07107 16.9036
-7.7665 17.0558
-7.61421 17.0558
-7.46193 17.0558
-7.15736 17.2081
-7.00508 17.2081
-6.85279 17.2081
-6.54822 17.3604
-6.39594 17.3604
-6.24365 17.3604
-5.93909 17.5127
-5.7868 17.5127
-5.63452 17.5127
-5.32995 17.5127
-5.17766 17.5127
-5.02538 17.665
-4.72081 17.665
-4.56853 17.665
-4.41624 17.665
-4.11168 17.665
-3.95939 17.665
-3.65482 17.665
-3.50254 17.5127
-3.35025 17.5127
-3.04569 17.5127
-2.8934 17.5127
-2.74112 17.5127
-2.43655 17.5127
-2.28426 17.3604
-2.13198 17.3604
-1.82741 17.3604
-1.67513 17.2081
-1.52284 17.2081
-1.37056 17.2081
-1.06599 17.0558
-0.913706 17.0558
-0.761421 16.9036
-0.456853 16.9036
-0.304569 16.9036
-0.152284 16.7513
0 16.7513
0.152284 16.599
0.456853 16.599
0.609137 16.4467
0.761421 16.4467
0.913706 16.2944
1.21827 16.2944
1.37056 16.1421
1.52284 16.1421
1.67513 15.9898
1.82741 15.9898
2.13198 15.8376
2.28426 15.6853
2.43655 15.6853
2.58883 15.533
2.74112 15.533
3.04569 15.3807
3.19797 15.2284
3.35025 15.2284
3.50254 15.0761
3.65482 14.9239
3.80711 14.9239
4.11168 14.7716
4.26396 14.6193
4.41624 14.6193
4.56853 14.467
4.72081 14.3147
4.8731 14.1624
5.02538 14.0102
5.17766 13.8579
5.48223 13.8579
5.63452 13.7056
5.7868 13.5533
5.93909 13.401
6.09137 13.2487
6.24365 13.0964
6.39594 12.9442
6.54822 12.7919
6.70051 12.6396
6.85279 12.4873
7.00508 12.335
7.15736 12.1827
7.30964 12.0305
7.46193 11.8782
7.61421 11.7259
7.7665 11.4213
7.7665 11.269
7.91878 11.1168
8.07107 10.9645
8.22335 10.8122
8.37563 10.5076
8.52792 10.3553
8.52792 10.203
8.6802 9.89848
8.83249 9.74619
8.83249 9.59391
8.98477 9.28934
9.13706 9.13706
9.13706 8.98477
9.28934 8.6802
9.44162 8.52792
9.44162 8.22335
9.59391 8.07107
9.59391 7.91878
9.74619 7.61421
9.74619 7.46193
9.89848 7.15736
9.89848 7.00508
9.89848 6.70051
10.0508 6.54822
10.0508 6.24365
10.0508 5.93909
