10.203 5.63452
10.3553 5.48223
10.5076 5.17766
10.5076 4.8731
10.6599 4.72081
10.6599 4.41624
10.8122 4.11168
10.8122 3.95939
10.8122 3.65482
10.8122 3.35025
10.8122 3.19797
10.8122 2.8934
10.6599 2.74112
10.6599 2.43655
10.5076 2.13198
10.5076 1.9797
10.3553 1.67513
10.3553 1.52284
10.203 1.21827
10.0508 1.06599
9.89848 0.761421
9.89848 0.609137
9.74619 0.456853
9.59391 0.152284
9.44162 0
9.28934 -0.304569
9.13706 -0.456853
8.98477 -0.609137
8.83249 -0.761421
8.6802 -1.06599
8.52792 -1.21827
8.37563 -1.37056
8.22335 -1.52284
8.07107 -1.82741
7.91878 -1.9797
7.7665 -2.13198
7.61421 -2.28426
7.30964 -2.43655
7.15736 -2.58883
7.00508 -2.74112
6.85279 -2.8934
6.70051 -3.04569
6.54822 -3.19797
6.24365 -3.35025
6.09137 -3.50254
5.93909 -3.65482
5.7868 -3.80711
5.63452 -3.95939
5.32995 -4.11168
5.17766 -4.11168
5.02538 -4.26396
4.72081 -4.41624
4.56853 -4.56853
4.41624 -4.72081
4.26396 -4.72081
3.95939 -4.8731
3.80711 -5.02538
3.65482 -5.02538
3.35025 -5.17766
3.19797 -5.17766
3.04569 -5.32995
2.74112 -5.48223
2.58883 -5.48223
2.28426 -5.63452
2.13198 -5.63452
1.9797 -5.7868
1.67513 -5.7868
1.52284 -5.93909
1.37056 -5.93909
1.06599 -5.93909
0.913706 -6.09137
0.609137 -6.09137
0.456853 -6.24365
0.304569 -6.24365
0 -6.24365
-0.152284 -6.24365
-0.456853 -6.39594
-0.609137 -6.39594
-0.761421 -6.39594
-1.06599 -6.39594
-1.21827 -6.54822
-1.52284 -6.54822
-1.67513 -6.54822
-1.82741 -6.54822
-2.13198 -6.54822
-2.28426 -6.54822
-2.58883 -6.54822
-2.74112 -6.54822
-2.8934 -6.54822
-3.19797 -6.54822
-3.35025 -6.54822
-3.65482 -6.54822
-3.80711 -6.54822
-3.95939 -6.54822
-4.26396 -6.54822
-4.41624 -6.39594
-4.72081 -6.39594
-4.8731 -6.39594
-5.02538 -6.39594
-5.32995 -6.24365
-5.48223 -6.24365
-5.63452 -6.09137
-5.93909 -6.09137
-6.09137 -5.93909
-6.24365 -5.93909
-6.39594 -5.7868
-6.70051 -5.7868
-6.85279 -5.63452
-7.00508 -5.63452
-7.15736 -5.48223
-7.46193 -5.32995
-7.61421 -5.32995
-7.7665 -5.17766
-7.91878 -5.02538
-8.07107 -5.02538
-8.22335 -4.8731
-8.37563 -4.72081
-8.6802 -4.56853
-8.83249 -4.41624
-8.98477 -4.41624
-9.13706 -4.26396
-9.28934 -4.11168
-9.44162 -3.95939
-9.59391 -3.80711
-9.74619 -3.80711
-9.89848 -3.65482
-10.0508 -3.50254
-10.203 -3.35025
-10.3553 -3.19797
-10.5076 -3.04569
-10.6599 -2.8934
-10.8122 -2.8934
-10.9645 -2.74112
-10.9645 -2.58883
-11.1168 -2.43655
-11.269 -2.28426
-11.4213 -2.13198
-11.5736 -1.9797
-11.7259 -1.82741
-11.8782 -1.67513
-12.0305 -1.52284
-12.1827 -1.37056
-12.1827 -1.21827
-12.335 -1.06599
-12.4873 -0.913706
-12.6396 -0.761421
-12.7919 -0.609137
-12.9442 -0.456853
-12.9442 -0.304569
-13.0964 -0.152284
-13.2487 0
-13.401 0.152284
-13.5533 0.304569
-13.5533 0.456853
-13.7056 0.609137
-13.8579 0.761421
-14.0102 0.913706
-14.1624 1.06599
-14.1624 1.21827
-14.3147 1.52284
-14.467 1.67513
-14.6193 1.82741
-14.7716 1.9797
-14.7716 2.13198
-14.9239 2.28426
-15.0761 2.58883
-15.2284 2.74112
-15.3807 2.8934
-15.3807 3.04569
-15.533 3.35025
-15.6853 3.50254
-15.8376 3.65482
-15.9898 3.95939
-15.9898 4.11168
-16.1421 4.26396
-16.2944 4.56853
-16.4467 4.72081
-16.4467 5.02538
-16.599 5.17766
-16.7513 5.48223
-16.9036 5.63452
-16.9036 5.93909
-17.0558 6.09137
-17.0558 6.39594
-17.2081 6.70051
-17.2081 6.85279
-17.3604 7.15736
-17.3604 7.46193
-17.5127 7.61421
-17.5127 7.91878
-17.5127 8.22335
-17.665 8.37563
-17.665 8.6802
-17.665 8.98477
-17.665 9.28934
-17.665 9.44162
-17.665 9.74619
-17.665 10.0508
-17.665 10.3553
-17.665 10.5076
-17.665 10.8122
-17.5127 11.1168
-17.5127 11.4213
-17.5127 11.5736
-17.3604 11.8782
-17.3604 12.1827
-17.2081 12.335
-17.0558 12.6396
-16.9036 12.9442
-16.9036 13.0964
-16.7513 13.401
-16.599 13.5533
-16.4467 13.8579
-16.2944 14.0102
-15.9898 14.1624
-15.8376 14.467
-15.6853 14.6193
-15.3807 14.7716
-15.2284 14.9239
-14.9239 15.0761
-14.7716 15.2284
-14.467 15.3807
-14.3147 15.533
-14.0102 15.533
-13.7056 15.6853
-13.5533 15.8376
-13.2487 15.8376
-12.9442 15.9898
-12.6396 15.9898
-12.4873 16.1421
-12.1827 16.1421
-11.8782 16.2944
-11.7259 16.2944
-11.4213 16.2944
-11.1168 16.2944
-10.9645 16.4467
-10.6599 16.4467
-10.3553 16.4467
-10.203 16.4467
-9.89848 16.599
-9.74619 16.599
-9.44162 16.599
-9.28934 16.7513
-8.98477 16.7513
-8.83249 16.7513
-8.52792 16.9036
-8.37563 16.9036
-8.22335 16.9036
-7.91878 17.0558
-7.7665 17.0558
-7.61421 17.0558
-7.30964 17.2081
-7.15736 17.2081
-6.85279 17.2081
-6.70051 17.3604
-6.54822 17.3604
-6.24365 17.3604
-6.09137 17.5127
-5.93909 17.5127
-5.63452 17.5127
-5.48223 17.5127
-5.32995 17.665
-5.02538 17.665
-4.8731 17.665
-4.56853 17.665
-4.41624 17.665
-4.26396 17.665
-3.95939 17.665
-3.80711 17.665
-3.65482 17.665
-3.35025 17.665
-3.19797 17.665
-2.8934 17.5127
-2.74112 17.5127
-2.58883 17.5127
-2.28426 17.5127
-2.13198 17.3604
-1.9797 17.3604
-1.67513 17.3604
-1.52284 17.2081
-1.37056 17.2081
-1.21827 17.2081
-0.913706 17.0558
-0.761421 17.0558
-0.609137 16.9036
-0.304569 16.9036
-0.152284 16.7513
0 16.7513
0.152284 16.7513
0.456853 16.599
0.609137 16.599
0.761421 16.4467
0.913706 16.4467
1.06599 16.2944
1.37056 16.2944
1.52284 16.1421
1.67513 16.1421
1.82741 15.9898
2.13198 15.9898
2.28426 15.8376
2.43655 15.6853
2.58883 15.6853
2.74112 15.533
3.04569 15.533
3.19797 15.3807
3.35025 15.2284
3.50254 15.2284
3.65482 15.0761
3.95939 14.9239
4.11168 14.9239
4.26396 14.7716
4.41624 14.6193
4.56853 14.6193
4.72081 14.467
5.02538 14.3147
5.17766 14.1624
5.32995 14.0102
5.48223 13.8579
5.63452 13.8579
5.7868 13.7056
5.93909 13.5533
6.09137 13.401
6.24365 13.2487
6.39594 13.0964
6.54822 12.9442
6.70051 12.7919
6.85279 12.6396
7.00508 12.4873
7.15736 12.335
7.30964 12.1827
7.46193 11.8782
7.61421 11.7259
7.7665 11.5736
7.91878 11.4213
8.07107 11.269
8.22335 11.1168
8.22335 10.8122
8.37563 10.6599
8.52792 10.5076
8.6802 10.203
8.6802 10.0508
8.83249 9.89848
8.98477 9.59391
8.98477 9.44162
9.13706 9.28934
9.13706 8.98477
9.28934 8.83249
9.28934 8.6802
9.44162 8.37563
9.44162 8.22335
9.59391 7.91878
9.59391 7.7665
9.74619 7.46193
9.74619 7.30964
9.89848 7.00508
9.89848 6.85279
9.89848 6.54822
10.0508 6.39594
10.0508 6.09137
10.0508 5.93909
