10.203 5.93909
10.3553 5.7868
10.3553 5.48223
10.5076 5.32995
10.6599 5.02538
10.6599 4.72081
10.8122 4.56853
10.8122 4.26396
10.8122 3.95939
10.8122 3.80711
10.8122 3.50254
10.8122 3.19797
10.8122 3.04569
10.6599 2.74112
10.6599 2.43655
10.6599 2.28426
10.5076 1.9797
10.5076 1.82741
10.3553 1.52284
10.203 1.37056
10.203 1.06599
10.0508 0.913706
9.89848 0.609137
9.74619 0.456853
9.59391 0.152284
9.44162 0
9.28934 -0.152284
9.13706 -0.456853
8.98477 -0.609137
8.83249 -0.761421
8.6802 -1.06599
8.52792 -1.21827
8.37563 -1.37056
8.22335 -1.52284
8.07107 -1.67513
7.91878 -1.9797
7.7665 -2.13198
7.61421 -2.28426
7.46193 -2.43655
7.15736 -2.58883
7.00508 -2.74112
6.85279 -2.8934
6.70051 -3.04569
6.39594 -3.19797
6.24365 -3.35025
6.09137 -3.50254
5.93909 -3.65482
5.63452 -3.80711
5.48223 -3.80711
5.32995 -3.95939
5.17766 -4.11168
4.8731 -4.26396
4.72081 -4.41624
4.56853 -4.41624
4.26396 -4.56853
4.11168 -4.72081
3.95939 -4.8731
3.65482 -4.8731
3.50254 -5.02538
3.35025 -5.17766
3.04569 -5.17766
2.8934 -5.32995
2.58883 -5.32995
2.43655 -5.48223
2.28426 -5.48223
1.9797 -5.63452
1.82741 -5.63452
1.67513 -5.7868
1.37056 -5.7868
1.21827 -5.93909
0.913706 -5.93909
0.761421 -6.09137
0.609137 -6.09137
0.304569 -6.09137
0.152284 -6.24365
-0.152284 -6.24365
-0.304569 -6.24365
-0.609137 -6.39594
-0.761421 -6.39594
-0.913706 -6.39594
-1.21827 -6.39594
-1.37056 -6.54822
-1.67513 -6.54822
-1.82741 -6.54822
-2.13198 -6.54822
-2.28426 -6.54822
-2.43655 -6.54822
-2.74112 -6.54822
-2.8934 -6.54822
-3.19797 -6.54822
-3.35025 -6.54822
-3.65482 -6.54822
-3.80711 -6.54822
-4.11168 -6.54822
-4.26396 -6.54822
-4.41624 -6.39594
-4.72081 -6.39594
-4.8731 -6.39594
-5.17766 -6.24365
-5.32995 -6.24365
-5.48223 -6.24365
-5.7868 -6.09137
-5.93909 -6.09137
-6.09137 -5.93909
-6.39594 -5.93909
-6.54822 -5.7868
-6.70051 -5.63452
-7.00508 -5.63452
-7.15736 -5.48223
-7.30964 -5.48223
-7.46193 -5.32995
-7.61421 -5.17766
-7.91878 -5.02538
-8.07107 -5.02538
-8.22335 -4.8731
-8.37563 -4.72081
-8.52792 -4.56853
-8.6802 -4.56853
-8.83249 -4.41624
-8.98477 -4.26396
-9.28934 -4.11168
-9.44162 -3.95939
-9.59391 -3.80711
-9.74619 -3.65482
-9.89848 -3.65482
-10.0508 -3.50254
-10.203 -3.35025
-10.3553 -3.19797
-10.5076 -3.04569
-10.5076 -2.8934
-10.6599 -2.74112
-10.8122 -2.58883
-10.9645 -2.43655
-11.1168 -2.28426
-11.269 -2.13198
-11.4213 -1.9797
-11.5736 -1.82741
-11.7259 -1.67513
-11.7259 -1.52284
-11.8782 -1.37056
-12.0305 -1.21827
-12.1827 -1.06599
-12.335 -0.913706
-12.4873 -0.761421
-12.4873 -0.609137
-12.6396 -0.456853
-12.7919 -0.304569
-12.9442 -0.152284
-13.0964 0
-13.0964 0.152284
-13.2487 0.304569
-13.401 0.456853
-13.5533 0.609137
-13.7056 0.761421
-13.7056 0.913706
-13.8579 1.06599
-14.0102 1.21827
-14.1624 1.37056
-14.1624 1.67513
-14.3147 1.82741
-14.467 1.9797
-14.6193 2.13198
-14.7716 2.28426
-14.7716 2.43655
-14.9239 2.74112
-15.0761 2.8934
-15.2284 3.04569
-15.3807 3.19797
-15.533 3.50254
-15.533 3.65482
-15.6853 3.80711
-15.8376 3.95939
-15.9898 4.26396
-16.1421 4.41624
-16.1421 4.72081
-16.2944 4.8731
-16.4467 5.02538
-16.599 5.32995
-16.599 5.48223
-16.7513 5.7868
-16.9036 5.93909
-17.0558 6.24365
-17.0558 6.54822
-17.2081 6.70051
-17.2081 7.00508
-17.3604 7.15736
-17.3604 7.46193
-17.5127 7.7665
-17.5127 7.91878
-17.5127 8.22335
-17.665 8.52792
-17.665 8.83249
-17.665 8.98477
-17.665 9.28934
-17.665 9.59391
-17.665 9.89848
-17.665 10.0508
-17.665 10.3553
-17.665 10.6599
-17.665 10.9645
-17.5127 11.1168
-17.5127 11.4213
-17.5127 11.7259
-17.3604 11.8782
-17.2081 12.1827
-17.2081 12.4873
-17.0558 12.6396
-16.9036 12.9442
-16.9036 13.0964
-16.7513 13.401
-16.599 13.5533
-16.4467 13.8579
-16.2944 14.0102
-15.9898 14.1624
-15.8376 14.467
-15.6853 14.6193
-15.533 14.7716
-15.2284 14.9239
-15.0761 15.0761
-14.7716 15.2284
-14.6193 15.3807
-14.3147 15.533
-14.1624 15.6853
-13.8579 15.8376
-13.5533 15.8376
-13.401 15.9898
-13.0964 15.9898
-12.7919 16.1421
-12.6396 16.2944
-12.335 16.2944
-12.0305 16.2944
-11.8782 16.4467
-11.5736 16.4467
-11.269 16.599
-11.1168 16.599
-10.8122 16.599
-10.5076 16.599
-10.3553 16.7513
-10.0508 16.7513
-9.89848 16.7513
-9.59391 16.7513
-9.44162 16.9036
-9.13706 16.9036
-8.98477 16.9036
-8.6802 17.0558
-8.52792 17.0558
-8.37563 17.0558
-8.07107 17.2081
-7.91878 17.2081
-7.7665 17.2081
-7.46193 17.2081
-7.30964 17.3604
-7.00508 17.3604
-6.85279 17.3604
-6.70051 17.5127
-6.39594 17.5127
-6.24365 17.5127
-6.09137 17.5127
-5.7868 17.665
-5.63452 17.665
-5.48223 17.665
-5.17766 17.665
-5.02538 17.665
-4.8731 17.665
-4.56853 17.665
-4.41624 17.665
-4.26396 17.665
-3.95939 17.665
-3.80711 17.665
-3.65482 17.665
-3.35025 17.665
-3.19797 17.665
-3.04569 17.665
-2.74112 17.665
-2.58883 17.5127
-2.43655 17.5127
-2.13198 17.5127
-1.9797 17.5127
-1.82741 17.3604
-1.52284 17.3604
-1.37056 17.3604
-1.21827 17.2081
-1.06599 17.2081
-0.761421 17.2081
-0.609137 17.0558
-0.456853 17.0558
-0.304569 16.9036
0 16.9036
0.152284 16.9036
0.304569 16.7513
0.456853 16.7513
0.761421 16.599
0.913706 16.599
1.06599 16.4467
1.21827 16.4467
1.37056 16.2944
1.67513 16.2944
1.82741 16.1421
1.9797 16.1421
2.13198 15.9898
2.43655 15.9898
2.58883 15.8376
2.74112 15.8376
2.8934 15.6853
3.04569 15.533
3.19797 15.533
3.50254 15.3807
3.65482 15.2284
3.80711 15.2284
3.95939 15.0761
4.11168 14.9239
4.26396 14.9239
4.56853 14.7716
4.72081 14.6193
4.8731 14.467
5.02538 14.3147
5.17766 14.3147
5.32995 14.1624
5.48223 14.0102
5.63452 13.8579
5.7868 13.7056
5.93909 13.5533
6.09137 13.401
6.24365 13.2487
6.39594 13.0964
6.54822 12.9442
6.70051 12.7919
6.85279 12.6396
7.00508 12.4873
7.15736 12.335
7.30964 12.1827
7.46193 12.0305
7.61421 11.8782
7.7665 11.5736
7.91878 11.4213
7.91878 11.269
8.07107 11.1168
8.22335 10.9645
8.37563 10.6599
8.52792 10.5076
8.52792 10.3553
8.6802 10.203
8.83249 9.89848
8.83249 9.74619
8.98477 9.59391
9.13706 9.28934
9.13706 9.13706
9.28934 8.98477
9.44162 8.6802
9.44162 8.52792
9.59391 8.22335
9.59391 8.07107
9.74619 7.7665
9.74619 7.61421
9.89848 7.30964
9.89848 7.15736
9.89848 6.85279
10.0508 6.70051
10.0508 6.39594
10.0508 6.24365
