10.203 5.7868
10.3553 5.63452
10.5076 5.32995
10.6599 5.17766
10.8122 4.8731
10.8122 4.56853
10.9645 4.41624
10.9645 4.11168
10.9645 3.80711
10.9645 3.65482
10.9645 3.35025
10.9645 3.04569
10.9645 2.8934
10.8122 2.58883
10.8122 2.43655
10.6599 2.13198
10.6599 1.82741
10.5076 1.67513
10.3553 1.37056
10.203 1.21827
10.203 0.913706
10.0508 0.761421
9.89848 0.609137
9.74619 0.304569
9.59391 0.152284
9.44162 0
9.28934 -0.304569
9.13706 -0.456853
8.98477 -0.609137
8.83249 -0.913706
8.6802 -1.06599
8.52792 -1.21827
8.37563 -1.37056
8.22335 -1.52284
8.07107 -1.82741
7.91878 -1.9797
7.7665 -2.13198
7.61421 -2.28426
7.46193 -2.43655
7.30964 -2.58883
7.00508 -2.74112
6.85279 -2.8934
6.70051 -3.04569
6.54822 -3.19797
6.39594 -3.35025
6.24365 -3.50254
5.93909 -3.65482
5.7868 -3.80711
5.63452 -3.95939
5.48223 -4.11168
5.17766 -4.26396
5.02538 -4.26396
4.8731 -4.41624
4.56853 -4.56853
4.41624 -4.72081
4.26396 -4.72081
3.95939 -4.8731
3.80711 -5.02538
3.65482 -5.02538
3.35025 -5.17766
3.19797 -5.17766
3.04569 -5.32995
2.74112 -5.32995
2.58883 -5.48223
2.28426 -5.48223
2.13198 -5.63452
1.9797 -5.63452
1.67513 -5.7868
1.52284 -5.7868
1.21827 -5.93909
1.06599 -5.93909
0.913706 -5.93909
0.609137 -6.09137
0.456853 -6.09137
0.304569 -6.09137
0 -6.24365
-0.152284 -6.24365
-0.456853 -6.24365
-0.609137 -6.24365
-0.761421 -6.39594
-1.06599 -6.39594
-1.21827 -6.39594
-1.52284 -6.39594
-1.67513 -6.39594
-1.9797 -6.54822
-2.13198 -6.54822
-2.28426 -6.54822
-2.58883 -6.54822
-2.74112 -6.54822
-3.04569 -6.54822
-3.19797 -6.54822
-3.35025 -6.54822
-3.65482 -6.54822
-3.80711 -6.39594
-4.11168 -6.39594
-4.26396 -6.39594
-4.41624 -6.39594
-4.72081 -6.39594
-4.8731 -6.24365
-5.17766 -6.24365
-5.32995 -6.24365
-5.48223 -6.09137
-5.7868 -6.09137
-5.93909 -5.93909
-6.09137 -5.93909
-6.39594 -5.7868
-6.54822 -5.7868
-6.70051 -5.63452
-6.85279 -5.48223
-7.15736 -5.48223
-7.30964 -5.32995
-7.46193 -5.17766
-7.61421 -5.17766
-7.7665 -5.02538
-8.07107 -4.8731
-8.22335 -4.8731
-8.37563 -4.72081
-8.52792 -4.56853
-8.6802 -4.41624
-8.83249 -4.26396
-8.98477 -4.26396
-9.13706 -4.11168
-9.28934 -3.95939
-9.44162 -3.80711
-9.59391 -3.65482
-9.74619 -3.50254
-9.89848 -3.35025
-10.0508 -3.19797
-10.203 -3.04569
-10.3553 -2.8934
-10.5076 -2.8934
-10.6599 -2.74112
-10.8122 -2.58883
-10.8122 -2.43655
-10.9645 -2.28426
-11.1168 -2.13198
-11.269 -1.9797
-11.4213 -1.82741
-11.5736 -1.67513
-11.7259 -1.52284
-11.7259 -1.37056
-11.8782 -1.21827
-12.0305 -1.06599
-12.1827 -0.913706
-12.335 -0.761421
-12.335 -0.609137
-12.4873 -0.456853
-12.6396 -0.304569
-12.7919 -0.152284
-12.9442 0
-13.0964 0.152284
-13.0964 0.304569
-13.2487 0.456853
-13.401 0.609137
-13.5533 0.761421
-13.7056 0.913706
-13.8579 1.06599
-13.8579 1.37056
-14.0102 1.52284
-14.1624 1.67513
-14.3147 1.82741
-14.467 1.9797
-14.467 2.13198
-14.6193 2.28426
-14.7716 2.58883
-14.9239 2.74112
-15.0761 2.8934
-15.2284 3.04569
-15.2284 3.35025
-15.3807 3.50254
-15.533 3.65482
-15.6853 3.80711
-15.8376 4.11168
-15.8376 4.26396
-15.9898 4.56853
-16.1421 4.72081
-16.2944 4.8731
-16.4467 5.17766
-16.4467 5.32995
-16.599 5.63452
-16.7513 5.7868
-16.7513 6.09137
-16.9036 6.39594
-16.9036 6.54822
-17.0558 6.85279
-17.2081 7.00508
-17.2081 7.30964
-17.2081 7.61421
-17.3604 7.7665
-17.3604 8.07107
-17.5127 8.37563
-17.5127 8.6802
-17.5127 8.83249
-17.5127 9.13706
-17.5127 9.44162
-17.5127 9.74619
-17.5127 9.89848
-17.5127 10.203
-17.5127 10.5076
-17.5127 10.8122
-17.5127 11.1168
-17.5127 11.269
-17.3604 11.5736
-17.3604 11.8782
-17.2081 12.0305
-17.2081 12.335
-17.0558 12.6396
-16.9036 12.7919
-16.9036 13.0964
-16.7513 13.401
-16.599 13.5533
-16.4467 13.8579
-16.2944 14.0102
-16.1421 14.1624
-15.8376 14.467
-15.6853 14.6193
-15.533 14.7716
-15.2284 14.9239
-15.0761 15.0761
-14.7716 15.2284
-14.6193 15.3807
-14.3147 15.533
-14.1624 15.6853
-13.8579 15.6853
-13.5533 15.8376
-13.2487 15.9898
-13.0964 15.9898
-12.7919 16.1421
-12.4873 16.1421
-12.1827 16.2944
-12.0305 16.2944
-11.7259 16.2944
-11.4213 16.4467
-11.1168 16.4467
-10.9645 16.4467
-10.6599 16.4467
-10.3553 16.599
-10.203 16.599
-9.89848 16.599
-9.74619 16.599
-9.44162 16.7513
-9.28934 16.7513
-8.98477 16.7513
-8.83249 16.7513
-8.52792 16.9036
-8.37563 16.9036
-8.22335 16.9036
-7.91878 17.0558
-7.7665 17.0558
-7.46193 17.0558
-7.30964 17.2081
-7.15736 17.2081
-6.85279 17.3604
-6.70051 17.3604
-6.54822 17.3604
-6.24365 17.5127
-6.09137 17.5127
-5.93909 17.5127
-5.63452 17.665
-5.48223 17.665
-5.32995 17.665
-5.02538 17.665
-4.8731 17.8173
-4.72081 17.8173
-4.41624 17.8173
-4.26396 17.8173
-4.11168 17.8173
-3.80711 17.8173
-3.65482 17.8173
-3.35025 17.8173
-3.19797 17.8173
-3.04569 17.8173
-2.74112 17.8173
-2.58883 17.665
-2.43655 17.665
-2.13198 17.665
-1.9797 17.665
-1.82741 17.5127
-1.52284 17.5127
-1.37056 17.5127
-1.21827 17.3604
-0.913706 17.3604
-0.761421 17.3604
-0.609137 17.2081
-0.456853 17.2081
-0.152284 17.0558
0 17.0558
0.152284 16.9036
0.456853 16.9036
0.609137 16.7513
0.761421 16.7513
0.913706 16.599
1.06599 16.599
1.37056 16.4467
1.52284 16.4467
1.67513 16.2944
1.82741 16.2944
2.13198 16.1421
2.28426 16.1421
2.43655 15.9898
2.58883 15.8376
2.74112 15.8376
2.8934 15.6853
3.19797 15.6853
3.35025 15.533
3.50254 15.3807
3.65482 15.3807
3.80711 15.2284
3.95939 15.0761
4.26396 14.9239
4.41624 14.9239
4.56853 14.7716
4.72081 14.6193
4.8731 14.467
5.02538 14.467
5.17766 14.3147
5.32995 14.1624
5.63452 14.0102
5.7868 13.8579
5.93909 13.7056
6.09137 13.5533
6.24365 13.5533
6.39594 13.401
6.54822 13.2487
6.70051 13.0964
6.85279 12.9442
7.00508 12.7919
7.15736 12.6396
7.30964 12.335
7.46193 12.1827
7.61421 12.0305
7.7665 11.8782
7.91878 11.7259
7.91878 11.5736
8.07107 11.4213
8.22335 11.1168
8.37563 10.9645
8.52792 10.8122
8.52792 10.6599
8.6802 10.3553
8.83249 10.203
8.83249 10.0508
8.98477 9.74619
8.98477 9.59391
9.13706 9.44162
9.28934 9.13706
9.28934 8.98477
9.44162 8.6802
9.44162 8.52792
9.59391 8.37563
9.59391 8.07107
9.59391 7.91878
9.74619 7.61421
9.74619 7.46193
9.89848 7.15736
9.89848 7.00508
9.89848 6.70051
10.0508 6.54822
10.0508 6.24365
10.0508 6.09137
