10.203 6.09137
10.3553 5.93909
10.5076 5.63452
10.6599 5.48223
10.8122 5.17766
10.8122 4.8731
10.9645 4.72081
10.9645 4.41624
10.9645 4.11168
10.9645 3.95939
10.9645 3.65482
10.9645 3.35025
10.9645 3.19797
10.9645 2.8934
10.9645 2.58883
10.8122 2.43655
10.8122 2.13198
10.6599 1.9797
10.6599 1.67513
10.5076 1.52284
10.3553 1.21827
10.3553 1.06599
10.203 0.761421
10.0508 0.609137
9.89848 0.304569
9.74619 0.152284
9.59391 0
9.44162 -0.304569
9.44162 -0.456853
9.28934 -0.609137
9.13706 -0.913706
8.83249 -1.06599
8.6802 -1.21827
8.52792 -1.37056
8.37563 -1.67513
8.22335 -1.82741
8.07107 -1.9797
7.91878 -2.13198
7.7665 -2.28426
7.46193 -2.43655
7.30964 -2.58883
7.15736 -2.74112
7.00508 -2.8934
6.70051 -3.04569
6.54822 -3.19797
6.39594 -3.35025
6.24365 -3.50254
5.93909 -3.65482
5.7868 -3.65482
5.63452 -3.80711
5.48223 -3.95939
5.17766 -4.11168
5.02538 -4.26396
4.8731 -4.26396
4.56853 -4.41624
4.41624 -4.56853
4.26396 -4.72081
3.95939 -4.72081
3.80711 -4.8731
3.65482 -5.02538
3.35025 -5.02538
3.19797 -5.17766
3.04569 -5.32995
2.74112 -5.32995
2.58883 -5.48223
2.28426 -5.48223
2.13198 -5.63452
1.9797 -5.63452
1.67513 -5.7868
1.52284 -5.7868
1.21827 -5.93909
1.06599 -5.93909
0.913706 -5.93909
0.609137 -6.09137
0.456853 -6.09137
0.152284 -6.09137
0 -6.24365
-0.304569 -6.24365
-0.456853 -6.24365
-0.609137 -6.39594
-0.913706 -6.39594
-1.06599 -6.39594
-1.37056 -6.39594
-1.52284 -6.39594
-1.82741 -6.39594
-1.9797 -6.39594
-2.28426 -6.39594
-2.43655 -6.39594
-2.58883 -6.39594
-2.8934 -6.39594
-3.04569 -6.39594
-3.35025 -6.39594
-3.50254 -6.39594
-3.80711 -6.39594
-3.95939 -6.39594
-4.11168 -6.39594
-4.41624 -6.24365
-4.56853 -6.24365
-4.8731 -6.24365
-5.02538 -6.09137
-5.17766 -6.09137
-5.48223 -5.93909
-5.63452 -5.93909
-5.93909 -5.93909
-6.09137 -5.7868
-6.24365 -5.63452
-6.39594 -5.63452
-6.70051 -5.48223
-6.85279 -5.48223
-7.00508 -5.32995
-7.30964 -5.17766
-7.46193 -5.17766
-7.61421 -5.02538
-7.7665 -4.8731
-7.91878 -4.8731
-8.07107 -4.72081
-8.37563 -4.56853
-8.52792 -4.41624
-8.6802 -4.26396
-8.83249 -4.11168
-8.98477 -4.11168
-9.13706 -3.95939
-9.28934 -3.80711
-9.44162 -3.65482
-9.59391 -3.50254
-9.74619 -3.35025
-9.89848 -3.19797
-10.0508 -3.04569
-10.203 -2.8934
-10.3553 -2.74112
-10.5076 -2.58883
-10.6599 -2.43655
-10.8122 -2.28426
-10.8122 -2.13198
-10.9645 -1.9797
-11.1168 -1.82741
-11.269 -1.67513
-11.4213 -1.52284
-11.5736 -1.37056
-11.5736 -1.21827
-11.7259 -1.06599
-11.8782 -0.913706
-12.0305 -0.761421
-12.1827 -0.609137
-12.1827 -0.456853
-12.335 -0.304569
-12.4873 -0.152284
-12.6396 0
-12.7919 0.152284
-12.7919 0.304569
-12.9442 0.456853
-13.0964 0.609137
-13.2487 0.761421
-13.401 0.913706
-13.401 1.06599
-13.5533 1.21827
-13.7056 1.37056
-13.8579 1.52284
-14.0102 1.82741
-14.0102 1.9797
-14.1624 2.13198
-14.3147 2.28426
-14.467 2.43655
-14.6193 2.58883
-14.6193 2.8934
-14.7716 3.04569
-14.9239 3.19797
-15.0761 3.35025
-15.0761 3.65482
-15.2284 3.80711
-15.3807 3.95939
-15.3807 4.26396
-15.533 4.41624
-15.6853 4.56853
-15.8376 4.8731
-15.8376 5.02538
-15.9898 5.17766
-16.1421 5.48223
-16.1421 5.63452
-16.2944 5.93909
-16.2944 6.09137
-16.4467 6.39594
-16.599 6.54822
-16.599 6.85279
-16.7513 7.15736
-16.7513 7.30964
-16.7513 7.61421
-16.9036 7.91878
-16.9036 8.07107
-17.0558 8.37563
-17.0558 8.6802
-17.0558 8.83249
-17.2081 9.13706
-17.2081 9.44162
-17.2081 9.59391
-17.2081 9.89848
-17.2081 10.203
-17.2081 10.5076
-17.2081 10.8122
-17.2081 10.9645
-17.2081 11.269
-17.2081 11.5736
-17.2081 11.8782
-17.0558 12.0305
-17.0558 12.335
-16.9036 12.6396
-16.9036 12.9442
-16.7513 13.0964
-16.7513 13.401
-16.599 13.5533
-16.4467 13.8579
-16.2944 14.1624
-16.1421 14.3147
-15.9898 14.467
-15.8376 14.7716
-15.6853 14.9239
-15.3807 15.0761
-15.2284 15.2284
-14.9239 15.3807
-14.7716 15.533
-14.467 15.6853
-14.3147 15.8376
-14.0102 15.9898
-13.7056 15.9898
-13.401 16.1421
-13.2487 16.2944
-12.9442 16.2944
-12.6396 16.4467
-12.335 16.4467
-12.0305 16.4467
-11.7259 16.599
-11.5736 16.599
-11.269 16.599
-10.9645 16.599
-10.6599 16.599
-10.5076 16.599
-10.203 16.7513
-9.89848 16.7513
-9.74619 16.7513
-9.44162 16.7513
-9.28934 16.7513
-8.98477 16.7513
-8.83249 16.9036
-8.52792 16.9036
-8.37563 16.9036
-8.22335 17.0558
-7.91878 17.0558
-7.7665 17.0558
-7.61421 17.2081
-7.30964 17.2081
-7.15736 17.2081
-7.00508 17.3604
-6.70051 17.3604
-6.54822 17.5127
-6.39594 17.5127
-6.09137 17.5127
-5.93909 17.665
-5.7868 17.665
-5.48223 17.665
-5.32995 17.8173
-5.17766 17.8173
-5.02538 17.8173
-4.72081 17.9695
-4.56853 17.9695
-4.26396 17.9695
-4.11168 17.9695
-3.95939 17.9695
-3.65482 17.9695
-3.50254 17.9695
-3.35025 17.9695
-3.04569 17.9695
-2.8934 17.9695
-2.74112 17.9695
-2.43655 17.9695
-2.28426 17.9695
-2.13198 17.8173
-1.82741 17.8173
-1.67513 17.8173
-1.52284 17.665
-1.21827 17.665
-1.06599 17.665
-0.913706 17.5127
-0.609137 17.5127
-0.456853 17.5127
-0.304569 17.3604
-0.152284 17.3604
0.152284 17.2081
0.304569 17.2081
0.456853 17.0558
0.609137 17.0558
0.761421 16.9036
1.06599 16.9036
1.21827 16.7513
1.37056 16.7513
1.52284 16.599
1.67513 16.4467
1.9797 16.4467
2.13198 16.2944
2.28426 16.2944
2.43655 16.1421
2.58883 15.9898
2.74112 15.9898
3.04569 15.8376
3.19797 15.8376
3.35025 15.6853
3.50254 15.533
3.65482 15.533
3.80711 15.3807
3.95939 15.2284
4.26396 15.2284
4.41624 15.0761
4.56853 14.9239
4.72081 14.7716
4.8731 14.7716
5.02538 14.6193
5.17766 14.467
5.48223 14.3147
5.63452 14.3147
5.7868 14.1624
5.93909 14.0102
6.09137 13.8579
6.24365 13.7056
6.39594 13.5533
6.54822 13.401
6.85279 13.401
7.00508 13.2487
7.15736 13.0964
7.30964 12.9442
7.46193 12.6396
7.61421 12.4873
7.7665 12.335
7.7665 12.1827
7.91878 12.0305
8.07107 11.8782
8.22335 11.7259
8.37563 11.4213
8.37563 11.269
8.52792 11.1168
8.6802 10.9645
8.6802 10.6599
8.83249 10.5076
8.83249 10.203
8.98477 10.0508
8.98477 9.89848
9.13706 9.59391
9.13706 9.44162
9.28934 9.28934
9.28934 8.98477
9.28934 8.83249
9.44162 8.52792
9.44162 8.37563
9.59391 8.22335
9.59391 7.91878
9.74619 7.7665
9.74619 7.46193
9.89848 7.30964
9.89848 7.00508
10.0508 6.85279
10.0508 6.54822
10.203 6.39594
