10.3553 6.24365
10.3553 6.09137
10.5076 5.7868
10.6599 5.63452
10.6599 5.32995
10.8122 5.17766
10.8122 4.8731
10.9645 4.56853
10.9645 4.41624
10.9645 4.11168
10.9645 3.80711
10.9645 3.65482
10.9645 3.35025
10.9645 3.04569
10.9645 2.8934
10.8122 2.58883
10.8122 2.43655
10.8122 2.13198
10.6599 1.82741
10.6599 1.67513
10.5076 1.37056
10.3553 1.21827
10.3553 0.913706
10.203 0.761421
10.0508 0.456853
9.89848 0.304569
9.89848 0.152284
9.74619 -0.152284
9.59391 -0.304569
9.44162 -0.456853
9.28934 -0.761421
9.13706 -0.913706
8.98477 -1.06599
8.83249 -1.21827
8.52792 -1.37056
8.37563 -1.67513
8.22335 -1.82741
8.07107 -1.9797
7.91878 -2.13198
7.7665 -2.28426
7.46193 -2.43655
7.30964 -2.58883
7.15736 -2.74112
7.00508 -2.8934
6.70051 -3.04569
6.54822 -3.19797
6.39594 -3.35025
6.24365 -3.35025
5.93909 -3.50254
5.7868 -3.65482
5.63452 -3.80711
5.32995 -3.95939
5.17766 -4.11168
5.02538 -4.11168
4.8731 -4.26396
4.56853 -4.41624
4.41624 -4.56853
4.26396 -4.72081
3.95939 -4.72081
3.80711 -4.8731
3.65482 -5.02538
3.35025 -5.02538
3.19797 -5.17766
3.04569 -5.32995
2.74112 -5.32995
2.58883 -5.48223
2.43655 -5.48223
2.13198 -5.63452
1.9797 -5.7868
1.67513 -5.7868
1.52284 -5.93909
1.37056 -5.93909
1.06599 -5.93909
0.913706 -6.09137
0.609137 -6.09137
0.456853 -6.24365
0.152284 -6.24365
0 -6.24365
-0.152284 -6.24365
-0.456853 -6.39594
-0.609137 -6.39594
-0.913706 -6.39594
-1.06599 -6.39594
-1.37056 -6.39594
-1.52284 -6.39594
-1.82741 -6.54822
-1.9797 -6.54822
-2.28426 -6.54822
-2.43655 -6.54822
-2.74112 -6.39594
-2.8934 -6.39594
-3.04569 -6.39594
-3.35025 -6.39594
-3.50254 -6.39594
-3.80711 -6.39594
-3.95939 -6.24365
-4.26396 -6.24365
-4.41624 -6.24365
-4.72081 -6.24365
-4.8731 -6.09137
-5.02538 -6.09137
-5.32995 -5.93909
-5.48223 -5.93909
-5.63452 -5.7868
-5.93909 -5.7868
-6.09137 -5.63452
-6.24365 -5.63452
-6.54822 -5.48223
-6.70051 -5.48223
-6.85279 -5.32995
-7.15736 -5.17766
-7.30964 -5.17766
-7.46193 -5.02538
-7.61421 -4.8731
-7.7665 -4.8731
-8.07107 -4.72081
-8.22335 -4.56853
-8.37563 -4.41624
-8.52792 -4.26396
-8.6802 -4.26396
-8.83249 -4.11168
-8.98477 -3.95939
-9.13706 -3.80711
-9.28934 -3.65482
-9.44162 -3.50254
-9.59391 -3.35025
-9.74619 -3.19797
-9.89848 -3.04569
-10.0508 -2.8934
-10.203 -2.74112
-10.3553 -2.58883
-10.5076 -2.43655
-10.6599 -2.28426
-10.8122 -2.13198
-10.9645 -1.9797
-11.1168 -1.82741
-11.1168 -1.67513
-11.269 -1.52284
-11.4213 -1.37056
-11.5736 -1.21827
-11.7259 -1.06599
-11.8782 -0.913706
-11.8782 -0.761421
-12.0305 -0.609137
-12.1827 -0.456853
-12.335 -0.304569
-12.4873 -0.152284
-12.4873 0
-12.6396 0.152284
-12.7919 0.304569
-12.9442 0.456853
-13.0964 0.761421
-13.0964 0.913706
-13.2487 1.06599
-13.401 1.21827
-13.5533 1.37056
-13.5533 1.52284
-13.7056 1.67513
-13.8579 1.82741
-14.0102 1.9797
-14.1624 2.28426
-14.1624 2.43655
-14.3147 2.58883
-14.467 2.74112
-14.6193 2.8934
-14.7716 3.19797
-14.7716 3.35025
-14.9239 3.50254
-15.0761 3.65482
-15.2284 3.95939
-15.3807 4.11168
-15.3807 4.26396
-15.533 4.56853
-15.6853 4.72081
-15.8376 5.02538
-15.8376 5.17766
-15.9898 5.32995
-16.1421 5.63452
-16.1421 5.7868
-16.2944 6.09137
-16.4467 6.24365
-16.4467 6.54822
-16.599 6.85279
-16.7513 7.00508
-16.7513 7.30964
-16.7513 7.46193
-16.9036 7.7665
-16.9036 8.07107
-17.0558 8.22335
-17.0558 8.52792
-17.0558 8.83249
-17.0558 9.13706
-17.2081 9.28934
-17.2081 9.59391
-17.2081 9.89848
-17.2081 10.203
-17.2081 10.3553
-17.2081 10.6599
-17.0558 10.9645
-17.0558 11.269
-17.0558 11.4213
-17.0558 11.7259
-16.9036 12.0305
-16.9036 12.1827
-16.7513 12.4873
-16.7513 12.7919
-16.599 12.9442
-16.4467 13.2487
-16.2944 13.401
-16.2944 13.7056
-16.1421 13.8579
-15.9898 14.1624
-15.8376 14.3147
-15.6853 14.6193
-15.3807 14.7716
-15.2284 14.9239
-15.0761 15.0761
-14.9239 15.3807
-14.6193 15.533
-14.467 15.6853
-14.1624 15.8376
-14.0102 15.9898
-13.7056 16.1421
-13.5533 16.1421
-13.2487 16.2944
-13.0964 16.4467
-12.7919 16.599
-12.4873 16.599
-12.335 16.7513
-12.0305 16.7513
-11.7259 16.9036
-11.5736 16.9036
-11.269 17.0558
-10.9645 17.0558
-10.8122 17.2081
-10.5076 17.2081
-10.203 17.2081
-10.0508 17.2081
-9.74619 17.3604
-9.59391 17.3604
-9.28934 17.3604
-9.13706 17.5127
-8.83249 17.5127
-8.6802 17.5127
-8.37563 17.5127
-8.22335 17.5127
-7.91878 17.665
-7.7665 17.665
-7.46193 17.665
-7.30964 17.665
-7.00508 17.665
-6.85279 17.8173
-6.70051 17.8173
-6.39594 17.8173
-6.24365 17.8173
-5.93909 17.8173
-5.7868 17.8173
-5.63452 17.8173
-5.32995 17.9695
-5.17766 17.9695
-4.8731 17.9695
-4.72081 17.9695
-4.56853 17.9695
-4.26396 17.9695
-4.11168 17.9695
-3.95939 17.9695
-3.65482 17.9695
-3.50254 17.9695
-3.35025 17.9695
-3.04569 17.9695
-2.8934 17.9695
-2.74112 17.8173
-2.43655 17.8173
-2.28426 17.8173
-2.13198 17.8173
-1.82741 17.8173
-1.67513 17.8173
-1.52284 17.665
-1.37056 17.665
-1.06599 17.665
-0.913706 17.5127
-0.761421 17.5127
-0.456853 17.5127
-0.304569 17.3604
-0.152284 17.3604
0 17.3604
0.304569 17.2081
0.456853 17.2081
0.609137 17.0558
0.761421 17.0558
0.913706 16.9036
1.21827 16.9036
1.37056 16.7513
1.52284 16.7513
1.67513 16.599
1.82741 16.599
1.9797 16.4467
2.28426 16.2944
2.43655 16.2944
2.58883 16.1421
2.74112 16.1421
2.8934 15.9898
3.04569 15.8376
3.19797 15.8376
3.35025 15.6853
3.65482 15.533
3.80711 15.533
3.95939 15.3807
4.11168 15.2284
4.26396 15.0761
4.41624 15.0761
4.56853 14.9239
4.72081 14.7716
4.8731 14.7716
5.17766 14.6193
5.32995 14.467
5.48223 14.3147
5.63452 14.3147
5.7868 14.1624
5.93909 14.0102
6.09137 13.8579
6.24365 13.7056
6.54822 13.7056
6.70051 13.5533
6.85279 13.401
7.00508 13.2487
7.15736 13.0964
7.30964 12.9442
7.46193 12.7919
7.61421 12.6396
7.7665 12.4873
7.91878 12.335
8.07107 12.1827
8.22335 11.8782
8.22335 11.7259
8.37563 11.5736
8.52792 11.4213
8.52792 11.1168
8.6802 10.9645
8.83249 10.8122
8.83249 10.6599
8.98477 10.3553
8.98477 10.203
9.13706 9.89848
9.13706 9.74619
9.13706 9.59391
9.28934 9.28934
9.28934 9.13706
9.44162 8.98477
9.44162 8.6802
9.44162 8.52792
9.59391 8.22335
9.59391 8.07107
9.74619 7.91878
9.74619 7.61421
9.89848 7.46193
9.89848 7.15736
10.0508 7.00508
10.0508 6.70051
10.203 6.54822
