10.3553 6.24365
10.3553 5.93909
10.5076 5.7868
10.6599 5.48223
10.6599 5.32995
10.8122 5.02538
10.8122 4.72081
10.9645 4.56853
10.9645 4.26396
10.9645 3.95939
10.9645 3.80711
10.9645 3.50254
10.9645 3.19797
10.9645 3.04569
10.9645 2.74112
10.8122 2.58883
10.8122 2.28426
10.8122 1.9797
10.6599 1.82741
10.6599 1.52284
10.5076 1.37056
10.5076 1.06599
10.3553 0.913706
10.203 0.609137
10.0508 0.456853
10.0508 0.152284
9.89848 0
9.74619 -0.152284
9.59391 -0.456853
9.44162 -0.609137
9.28934 -0.761421
9.13706 -1.06599
8.98477 -1.21827
8.83249 -1.37056
8.6802 -1.52284
8.52792 -1.67513
8.22335 -1.9797
8.07107 -2.13198
7.91878 -2.28426
7.7665 -2.43655
7.61421 -2.58883
7.30964 -2.74112
7.15736 -2.8934
7.00508 -3.04569
6.70051 -3.19797
6.54822 -3.19797
6.39594 -3.35025
6.24365 -3.50254
5.93909 -3.65482
5.7868 -3.80711
5.63452 -3.95939
5.32995 -3.95939
5.17766 -4.11168
5.02538 -4.26396
4.8731 -4.41624
4.56853 -4.56853
4.41624 -4.56853
4.26396 -4.72081
3.95939 -4.8731
3.80711 -4.8731
3.65482 -5.02538
3.35025 -5.17766
3.19797 -5.17766
3.04569 -5.32995
2.74112 -5.48223
2.58883 -5.48223
2.43655 -5.63452
2.13198 -5.63452
1.9797 -5.7868
1.67513 -5.7868
1.52284 -5.93909
1.37056 -5.93909
1.06599 -6.09137
0.913706 -6.09137
0.609137 -6.09137
0.456853 -6.24365
0.152284 -6.24365
0 -6.24365
-0.304569 -6.24365
-0.456853 -6.39594
-0.609137 -6.39594
-0.913706 -6.39594
-1.06599 -6.39594
-1.37056 -6.39594
-1.52284 -6.39594
-1.82741 -6.39594
-1.9797 -6.39594
-2.28426 -6.39594
-2.43655 -6.39594
-2.74112 -6.39594
-2.8934 -6.39594
-3.04569 -6.39594
-3.35025 -6.39594
-3.50254 -6.39594
-3.80711 -6.24365
-3.95939 -6.24365
-4.26396 -6.24365
-4.41624 -6.24365
-4.56853 -6.09137
-4.8731 -6.09137
-5.02538 -6.09137
-5.32995 -5.93909
-5.48223 -5.93909
-5.63452 -5.7868
-5.93909 -5.7868
-6.09137 -5.63452
-6.24365 -5.63452
-6.39594 -5.48223
-6.70051 -5.48223
-6.85279 -5.32995
-7.00508 -5.17766
-7.30964 -5.17766
-7.46193 -5.02538
-7.61421 -4.8731
-7.7665 -4.72081
-7.91878 -4.72081
-8.07107 -4.56853
-8.37563 -4.41624
-8.52792 -4.26396
-8.6802 -4.11168
-8.83249 -4.11168
-8.98477 -3.95939
-9.13706 -3.80711
-9.28934 -3.65482
-9.44162 -3.50254
-9.59391 -3.35025
-9.74619 -3.19797
-9.89848 -3.04569
-10.0508 -2.8934
-10.203 -2.74112
-10.3553 -2.58883
-10.3553 -2.43655
-10.5076 -2.28426
-10.6599 -2.13198
-10.8122 -1.9797
-10.9645 -1.82741
-11.1168 -1.67513
-11.1168 -1.52284
-11.269 -1.37056
-11.4213 -1.21827
-11.5736 -1.06599
-11.7259 -0.913706
-11.7259 -0.761421
-11.8782 -0.609137
-12.0305 -0.456853
-12.1827 -0.304569
-12.335 -0.152284
-12.335 0
-12.4873 0.152284
-12.6396 0.304569
-12.7919 0.456853
-12.9442 0.609137
-12.9442 0.761421
-13.0964 1.06599
-13.2487 1.21827
-13.401 1.37056
-13.5533 1.52284
-13.5533 1.67513
-13.7056 1.82741
-13.8579 1.9797
-14.0102 2.13198
-14.1624 2.28426
-14.1624 2.58883
-14.3147 2.74112
-14.467 2.8934
-14.6193 3.04569
-14.7716 3.19797
-14.9239 3.50254
-14.9239 3.65482
-15.0761 3.80711
-15.2284 3.95939
-15.3807 4.26396
-15.3807 4.41624
-15.533 4.72081
-15.6853 4.8731
-15.8376 5.02538
-15.8376 5.32995
-15.9898 5.48223
-16.1421 5.7868
-16.1421 5.93909
-16.2944 6.24365
-16.4467 6.39594
-16.4467 6.70051
-16.599 6.85279
-16.599 7.15736
-16.7513 7.46193
-16.7513 7.61421
-16.9036 7.91878
-16.9036 8.22335
-16.9036 8.37563
-17.0558 8.6802
-17.0558 8.98477
-17.0558 9.28934
-17.0558 9.44162
-17.2081 9.74619
-17.2081 10.0508
-17.2081 10.3553
-17.2081 10.5076
-17.2081 10.8122
-17.2081 11.1168
-17.0558 11.4213
-17.0558 11.7259
-17.0558 11.8782
-16.9036 12.1827
-16.9036 12.4873
-16.9036 12.6396
-16.7513 12.9442
-16.599 13.2487
-16.599 13.401
-16.4467 13.7056
-16.2944 14.0102
-16.1421 14.1624
-15.9898 14.467
-15.8376 14.6193
-15.6853 14.7716
-15.3807 15.0761
-15.2284 15.2284
-15.0761 15.3807
-14.7716 15.533
-14.6193 15.6853
-14.3147 15.8376
-14.1624 15.9898
-13.8579 16.1421
-13.5533 16.1421
-13.401 16.2944
-13.0964 16.4467
-12.7919 16.4467
-12.4873 16.599
-12.1827 16.599
-12.0305 16.599
-11.7259 16.7513
-11.4213 16.7513
-11.1168 16.7513
-10.9645 16.9036
-10.6599 16.9036
-10.3553 16.9036
-10.203 16.9036
-9.89848 16.9036
-9.59391 17.0558
-9.44162 17.0558
-9.13706 17.0558
-8.98477 17.0558
-8.6802 17.0558
-8.52792 17.2081
-8.22335 17.2081
-8.07107 17.2081
-7.7665 17.2081
-7.61421 17.3604
-7.46193 17.3604
-7.15736 17.3604
-7.00508 17.5127
-6.85279 17.5127
-6.54822 17.5127
-6.39594 17.665
-6.09137 17.665
-5.93909 17.665
-5.7868 17.665
-5.48223 17.8173
-5.32995 17.8173
-5.17766 17.8173
-4.8731 17.8173
-4.72081 17.9695
-4.56853 17.9695
-4.26396 17.9695
-4.11168 17.9695
-3.95939 17.9695
-3.65482 17.9695
-3.50254 17.9695
-3.35025 17.9695
-3.04569 17.9695
-2.8934 17.9695
-2.74112 17.9695
-2.43655 17.9695
-2.28426 17.9695
-2.13198 17.8173
-1.82741 17.8173
-1.67513 17.8173
-1.52284 17.8173
-1.21827 17.665
-1.06599 17.665
-0.913706 17.665
-0.609137 17.5127
-0.456853 17.5127
-0.304569 17.3604
-0.152284 17.3604
0.152284 17.3604
0.304569 17.2081
0.456853 17.2081
0.609137 17.0558
0.761421 17.0558
1.06599 16.9036
1.21827 16.9036
1.37056 16.7513
1.52284 16.599
1.67513 16.599
1.9797 16.4467
2.13198 16.4467
2.28426 16.2944
2.43655 16.2944
2.58883 16.1421
2.74112 15.9898
2.8934 15.9898
3.19797 15.8376
3.35025 15.6853
3.50254 15.6853
3.65482 15.533
3.80711 15.3807
3.95939 15.3807
4.11168 15.2284
4.26396 15.0761
4.41624 14.9239
4.72081 14.9239
4.8731 14.7716
5.02538 14.6193
5.17766 14.6193
5.32995 14.467
5.48223 14.3147
5.63452 14.1624
5.93909 14.1624
6.09137 14.0102
6.24365 13.8579
6.39594 13.7056
6.54822 13.5533
6.70051 13.401
6.85279 13.2487
7.00508 13.0964
7.15736 13.0964
7.30964 12.9442
7.46193 12.7919
7.61421 12.4873
7.7665 12.335
7.91878 12.1827
8.07107 12.0305
8.22335 11.8782
8.37563 11.7259
8.52792 11.5736
8.6802 11.269
8.6802 11.1168
8.83249 10.9645
8.98477 10.8122
8.98477 10.5076
9.13706 10.3553
9.13706 10.203
9.28934 9.89848
9.28934 9.74619
9.44162 9.44162
9.44162 9.28934
9.59391 9.13706
9.59391 8.83249
9.59391 8.6802
9.74619 8.37563
9.74619 8.22335
9.74619 7.91878
9.89848 7.7665
9.89848 7.61421
10.0508 7.30964
10.0508 7.15736
10.0508 6.85279
10.203 6.70051
10.203 6.39594
