10.203 6.39594
10.3553 6.24365
10.5076 5.93909
10.6599 5.7868
10.8122 5.48223
10.8122 5.17766
10.9645 5.02538
10.9645 4.72081
10.9645 4.41624
11.1168 4.26396
11.1168 3.95939
11.1168 3.65482
11.1168 3.50254
10.9645 3.19797
10.9645 2.8934
10.9645 2.74112
10.8122 2.43655
10.8122 2.13198
10.6599 1.9797
10.6599 1.67513
10.5076 1.52284
10.5076 1.21827
10.3553 1.06599
10.203 0.761421
10.0508 0.609137
9.89848 0.304569
9.74619 0.152284
9.74619 0
9.59391 -0.304569
9.44162 -0.456853
9.28934 -0.609137
9.13706 -0.913706
8.98477 -1.06599
8.6802 -1.21827
8.52792 -1.37056
8.37563 -1.67513
8.22335 -1.82741
8.07107 -1.9797
7.91878 -2.13198
7.7665 -2.28426
7.46193 -2.43655
7.30964 -2.58883
7.15736 -2.74112
7.00508 -2.8934
6.70051 -3.04569
6.54822 -3.19797
6.39594 -3.35025
6.24365 -3.50254
5.93909 -3.65482
5.7868 -3.80711
5.63452 -3.95939
5.32995 -3.95939
5.17766 -4.11168
5.02538 -4.26396
4.8731 -4.41624
4.56853 -4.56853
4.41624 -4.72081
4.26396 -4.72081
3.95939 -4.8731
3.80711 -5.02538
3.50254 -5.02538
3.35025 -5.17766
3.19797 -5.32995
2.8934 -5.32995
2.74112 -5.48223
2.58883 -5.63452
2.28426 -5.63452
2.13198 -5.7868
1.82741 -5.7868
1.67513 -5.93909
1.37056 -5.93909
1.21827 -5.93909
0.913706 -6.09137
0.761421 -6.09137
0.456853 -6.24365
0.304569 -6.24365
0.152284 -6.24365
-0.152284 -6.24365
-0.304569 -6.39594
-0.609137 -6.39594
-0.761421 -6.39594
-1.06599 -6.39594
-1.21827 -6.39594
-1.52284 -6.39594
-1.67513 -6.39594
-1.9797 -6.39594
-2.13198 -6.39594
-2.43655 -6.39594
-2.58883 -6.39594
-2.8934 -6.39594
-3.04569 -6.39594
-3.35025 -6.24365
-3.50254 -6.24365
-3.80711 -6.24365
-3.95939 -6.24365
-4.26396 -6.09137
-4.41624 -6.09137
-4.56853 -6.09137
-4.8731 -5.93909
-5.02538 -5.93909
-5.32995 -5.7868
-5.48223 -5.7868
-5.63452 -5.63452
-5.93909 -5.63452
-6.09137 -5.48223
-6.24365 -5.48223
-6.54822 -5.32995
-6.70051 -5.17766
-6.85279 -5.17766
-7.00508 -5.02538
-7.30964 -5.02538
-7.46193 -4.8731
-7.61421 -4.72081
-7.7665 -4.56853
-7.91878 -4.56853
-8.07107 -4.41624
-8.37563 -4.26396
-8.52792 -4.11168
-8.6802 -3.95939
-8.83249 -3.80711
-8.98477 -3.80711
-9.13706 -3.65482
-9.28934 -3.50254
-9.44162 -3.35025
-9.59391 -3.19797
-9.74619 -3.04569
-9.89848 -2.8934
-10.0508 -2.74112
-10.203 -2.58883
-10.3553 -2.43655
-10.5076 -2.28426
-10.5076 -2.13198
-10.6599 -1.9797
-10.8122 -1.82741
-10.9645 -1.67513
-11.1168 -1.52284
-11.269 -1.37056
-11.269 -1.21827
-11.4213 -1.06599
-11.5736 -0.913706
-11.7259 -0.761421
-11.7259 -0.609137
-11.8782 -0.456853
-12.0305 -0.304569
-12.1827 -0.152284
-12.335 0
-12.335 0.152284
-12.4873 0.304569
-12.6396 0.456853
-12.7919 0.609137
-12.7919 0.761421
-12.9442 0.913706
-13.0964 1.21827
-13.2487 1.37056
-13.2487 1.52284
-13.401 1.67513
-13.5533 1.82741
-13.7056 1.9797
-13.7056 2.13198
-13.8579 2.28426
-14.0102 2.43655
-14.1624 2.58883
-14.1624 2.8934
-14.3147 3.04569
-14.467 3.19797
-14.6193 3.35025
-14.6193 3.50254
-14.7716 3.80711
-14.9239 3.95939
-15.0761 4.11168
-15.0761 4.26396
-15.2284 4.56853
-15.3807 4.72081
-15.533 4.8731
-15.533 5.17766
-15.6853 5.32995
-15.8376 5.63452
-15.8376 5.7868
-15.9898 5.93909
-16.1421 6.24365
-16.1421 6.39594
-16.2944 6.70051
-16.2944 6.85279
-16.4467 7.15736
-16.599 7.46193
-16.599 7.61421
-16.599 7.91878
-16.7513 8.07107
-16.7513 8.37563
-16.9036 8.6802
-16.9036 8.83249
-16.9036 9.13706
-17.0558 9.44162
-17.0558 9.59391
-17.0558 9.89848
-17.0558 10.203
-17.0558 10.5076
-17.0558 10.6599
-17.0558 10.9645
-17.0558 11.269
-17.0558 11.5736
-17.0558 11.7259
-17.0558 12.0305
-16.9036 12.335
-16.9036 12.6396
-16.7513 12.7919
-16.7513 13.0964
-16.599 13.401
-16.599 13.5533
-16.4467 13.8579
-16.2944 14.0102
-16.1421 14.3147
-15.9898 14.467
-15.8376 14.7716
-15.6853 14.9239
-15.533 15.2284
-15.3807 15.3807
-15.0761 15.533
-14.9239 15.6853
-14.7716 15.8376
-14.467 15.9898
-14.3147 16.1421
-14.0102 16.2944
-13.7056 16.4467
-13.5533 16.4467
-13.2487 16.599
-12.9442 16.7513
-12.7919 16.7513
-12.4873 16.9036
-12.1827 16.9036
-11.8782 17.0558
-11.7259 17.0558
-11.4213 17.0558
-11.1168 17.2081
-10.9645 17.2081
-10.6599 17.2081
-10.3553 17.2081
-10.203 17.3604
-9.89848 17.3604
-9.59391 17.3604
-9.44162 17.3604
-9.13706 17.3604
-8.98477 17.5127
-8.6802 17.5127
-8.52792 17.5127
-8.22335 17.5127
-8.07107 17.665
-7.7665 17.665
-7.61421 17.665
-7.46193 17.665
-7.15736 17.665
-7.00508 17.8173
-6.70051 17.8173
-6.54822 17.8173
-6.39594 17.8173
-6.09137 17.8173
-5.93909 17.9695
-5.7868 17.9695
-5.48223 17.9695
-5.32995 17.9695
-5.17766 17.9695
-4.8731 17.9695
-4.72081 17.9695
-4.56853 18.1218
-4.26396 18.1218
-4.11168 18.1218
-3.95939 18.1218
-3.65482 18.1218
-3.50254 18.1218
-3.35025 18.1218
-3.04569 18.1218
-2.8934 17.9695
-2.74112 17.9695
-2.43655 17.9695
-2.28426 17.9695
-2.13198 17.9695
-1.82741 17.9695
-1.67513 17.8173
-1.52284 17.8173
-1.21827 17.8173
-1.06599 17.8173
-0.913706 17.665
-0.761421 17.665
-0.456853 17.665
-0.304569 17.5127
-0.152284 17.5127
0 17.5127
0.304569 17.3604
0.456853 17.3604
0.609137 17.2081
0.761421 17.2081
1.06599 17.0558
1.21827 17.0558
1.37056 16.9036
1.52284 16.9036
1.67513 16.7513
1.9797 16.7513
2.13198 16.599
2.28426 16.599
2.43655 16.4467
2.58883 16.4467
2.8934 16.2944
3.04569 16.1421
3.19797 16.1421
3.35025 15.9898
3.50254 15.8376
3.65482 15.8376
3.80711 15.6853
4.11168 15.533
4.26396 15.533
4.41624 15.3807
4.56853 15.2284
4.72081 15.0761
4.8731 15.0761
5.02538 14.9239
5.17766 14.7716
5.48223 14.6193
5.63452 14.6193
5.7868 14.467
5.93909 14.3147
6.09137 14.1624
6.24365 14.0102
6.39594 13.8579
6.54822 13.7056
6.70051 13.5533
6.85279 13.401
7.00508 13.2487
7.15736 13.0964
7.30964 12.9442
7.46193 12.7919
7.61421 12.6396
7.7665 12.4873
7.91878 12.335
8.07107 12.1827
8.22335 12.0305
8.37563 11.7259
8.52792 11.5736
8.6802 11.4213
8.6802 11.269
8.83249 10.9645
8.98477 10.8122
9.13706 10.6599
9.13706 10.3553
9.28934 10.203
9.28934 10.0508
9.44162 9.74619
9.44162 9.59391
9.59391 9.44162
9.59391 9.13706
9.74619 8.98477
9.74619 8.6802
9.89848 8.52792
9.89848 8.22335
9.89848 8.07107
10.0508 7.7665
10.0508 7.61421
10.0508 7.30964
10.203 7.15736
10.203 6.85279
10.203 6.70051
