10.3553 6.24365
10.5076 6.09137
10.6599 5.7868
10.8122 5.63452
10.8122 5.32995
10.9645 5.02538
10.9645 4.8731
10.9645 4.56853
10.9645 4.26396
11.1168 4.11168
11.1168 3.80711
10.9645 3.50254
10.9645 3.35025
10.9645 3.04569
10.9645 2.8934
10.9645 2.58883
10.8122 2.28426
10.8122 2.13198
10.6599 1.82741
10.6599 1.67513
10.5076 1.37056
10.3553 1.21827
10.3553 0.913706
10.203 0.761421
10.0508 0.456853
9.89848 0.304569
9.74619 0.152284
9.59391 -0.152284
9.44162 -0.304569
9.28934 -0.456853
9.13706 -0.761421
8.98477 -0.913706
8.83249 -1.06599
8.6802 -1.21827
8.52792 -1.52284
8.37563 -1.67513
8.22335 -1.82741
8.07107 -1.9797
7.91878 -2.13198
7.7665 -2.28426
7.46193 -2.43655
7.30964 -2.58883
7.15736 -2.74112
7.00508 -2.8934
6.85279 -3.04569
6.54822 -3.19797
6.39594 -3.35025
6.24365 -3.50254
6.09137 -3.65482
5.7868 -3.80711
5.63452 -3.80711
5.48223 -3.95939
5.17766 -4.11168
5.02538 -4.26396
4.8731 -4.41624
4.56853 -4.41624
4.41624 -4.56853
4.26396 -4.72081
3.95939 -4.8731
3.80711 -4.8731
3.65482 -5.02538
3.35025 -5.17766
3.19797 -5.17766
3.04569 -5.32995
2.74112 -5.32995
2.58883 -5.48223
2.43655 -5.48223
2.13198 -5.63452
1.9797 -5.63452
1.67513 -5.7868
1.52284 -5.7868
1.37056 -5.93909
1.06599 -5.93909
0.913706 -5.93909
0.609137 -6.09137
0.456853 -6.09137
0.152284 -6.09137
0 -6.24365
-0.304569 -6.24365
-0.456853 -6.24365
-0.609137 -6.24365
-0.913706 -6.39594
-1.06599 -6.39594
-1.37056 -6.39594
-1.52284 -6.39594
-1.82741 -6.39594
-1.9797 -6.39594
-2.28426 -6.39594
-2.43655 -6.39594
-2.74112 -6.39594
-2.8934 -6.39594
-3.04569 -6.39594
-3.35025 -6.24365
-3.50254 -6.24365
-3.80711 -6.24365
-3.95939 -6.24365
-4.26396 -6.09137
-4.41624 -6.09137
-4.56853 -6.09137
-4.8731 -5.93909
-5.02538 -5.93909
-5.32995 -5.93909
-5.48223 -5.7868
-5.63452 -5.7868
-5.93909 -5.63452
-6.09137 -5.63452
-6.24365 -5.48223
-6.39594 -5.32995
-6.70051 -5.32995
-6.85279 -5.17766
-7.00508 -5.02538
-7.15736 -5.02538
-7.46193 -4.8731
-7.61421 -4.72081
-7.7665 -4.72081
-7.91878 -4.56853
-8.07107 -4.41624
-8.22335 -4.26396
-8.52792 -4.11168
-8.6802 -4.11168
-8.83249 -3.95939
-8.98477 -3.80711
-9.13706 -3.65482
-9.28934 -3.50254
-9.44162 -3.35025
-9.59391 -3.19797
-9.74619 -3.04569
-9.89848 -2.8934
-10.0508 -2.74112
-10.203 -2.74112
-10.203 -2.58883
-10.3553 -2.43655
-10.5076 -2.28426
-10.6599 -2.13198
-10.8122 -1.9797
-10.9645 -1.82741
-11.1168 -1.67513
-11.1168 -1.52284
-11.269 -1.37056
-11.4213 -1.21827
-11.5736 -1.06599
-11.7259 -0.761421
-11.7259 -0.609137
-11.8782 -0.456853
-12.0305 -0.304569
-12.1827 -0.152284
-12.1827 0
-12.335 0.152284
-12.4873 0.304569
-12.6396 0.456853
-12.6396 0.609137
-12.7919 0.761421
-12.9442 0.913706
-13.0964 1.06599
-13.0964 1.21827
-13.2487 1.52284
-13.401 1.67513
-13.401 1.82741
-13.5533 1.9797
-13.7056 2.13198
-13.8579 2.28426
-13.8579 2.43655
-14.0102 2.58883
-14.1624 2.8934
-14.3147 3.04569
-14.3147 3.19797
-14.467 3.35025
-14.6193 3.50254
-14.7716 3.80711
-14.7716 3.95939
-14.9239 4.11168
-15.0761 4.41624
-15.2284 4.56853
-15.2284 4.72081
-15.3807 5.02538
-15.533 5.17766
-15.6853 5.32995
-15.6853 5.63452
-15.8376 5.7868
-15.9898 6.09137
-16.1421 6.24365
-16.1421 6.54822
-16.2944 6.70051
-16.4467 7.00508
-16.4467 7.15736
-16.599 7.46193
-16.599 7.7665
-16.7513 7.91878
-16.7513 8.22335
-16.9036 8.52792
-16.9036 8.6802
-16.9036 8.98477
-17.0558 9.28934
-17.0558 9.59391
-17.0558 9.74619
-17.0558 10.0508
-17.2081 10.3553
-17.2081 10.6599
-17.2081 10.9645
-17.2081 11.1168
-17.2081 11.4213
-17.0558 11.7259
-17.0558 12.0305
-17.0558 12.335
-16.9036 12.4873
-16.9036 12.7919
-16.7513 13.0964
-16.7513 13.401
-16.599 13.5533
-16.4467 13.8579
-16.4467 14.0102
-16.2944 14.3147
-16.1421 14.467
-15.9898 14.7716
-15.6853 14.9239
-15.533 15.2284
-15.3807 15.3807
-15.2284 15.533
-14.9239 15.6853
-14.7716 15.8376
-14.467 15.9898
-14.1624 16.1421
-14.0102 16.2944
-13.7056 16.4467
-13.401 16.4467
-13.2487 16.599
-12.9442 16.599
-12.6396 16.7513
-12.335 16.7513
-12.1827 16.9036
-11.8782 16.9036
-11.5736 17.0558
-11.269 17.0558
-10.9645 17.0558
-10.8122 17.0558
-10.5076 17.0558
-10.203 17.2081
-9.89848 17.2081
-9.74619 17.2081
-9.44162 17.2081
-9.28934 17.2081
-8.98477 17.2081
-8.6802 17.3604
-8.52792 17.3604
-8.22335 17.3604
-8.07107 17.3604
-7.91878 17.3604
-7.61421 17.5127
-7.46193 17.5127
-7.15736 17.5127
-7.00508 17.5127
-6.85279 17.665
-6.54822 17.665
-6.39594 17.665
-6.09137 17.665
-5.93909 17.665
-5.7868 17.8173
-5.48223 17.8173
-5.32995 17.8173
-5.17766 17.8173
-4.8731 17.8173
-4.72081 17.9695
-4.56853 17.9695
-4.26396 17.9695
-4.11168 17.9695
-3.95939 17.9695
-3.65482 17.9695
-3.50254 17.9695
-3.35025 17.9695
-3.04569 17.9695
-2.8934 17.9695
-2.74112 17.9695
-2.43655 17.9695
-2.28426 17.9695
-2.13198 17.9695
-1.82741 17.9695
-1.67513 17.8173
-1.52284 17.8173
-1.21827 17.8173
-1.06599 17.8173
-0.913706 17.665
-0.609137 17.665
-0.456853 17.665
-0.304569 17.665
-0.152284 17.5127
0.152284 17.5127
0.304569 17.3604
0.456853 17.3604
0.609137 17.2081
0.913706 17.2081
1.06599 17.0558
1.21827 17.0558
1.37056 16.9036
1.67513 16.9036
1.82741 16.7513
1.9797 16.7513
2.13198 16.599
2.28426 16.4467
2.43655 16.4467
2.74112 16.2944
2.8934 16.1421
3.04569 16.1421
3.19797 15.9898
3.35025 15.8376
3.50254 15.8376
3.65482 15.6853
3.80711 15.533
3.95939 15.533
4.26396 15.3807
4.41624 15.2284
4.56853 15.0761
4.72081 15.0761
4.8731 14.9239
5.02538 14.7716
5.17766 14.6193
5.32995 14.467
5.48223 14.467
5.63452 14.3147
5.93909 14.1624
6.09137 14.0102
6.24365 13.8579
6.39594 13.8579
6.54822 13.7056
6.70051 13.5533
6.85279 13.401
7.00508 13.2487
7.15736 13.0964
7.30964 12.9442
7.46193 12.7919
7.61421 12.6396
7.7665 12.4873
7.91878 12.335
8.07107 12.1827
8.22335 11.8782
8.37563 11.7259
8.52792 11.5736
8.6802 11.4213
8.6802 11.269
8.83249 10.9645
8.98477 10.8122
9.13706 10.6599
9.13706 10.5076
9.28934 10.203
9.28934 10.0508
9.44162 9.74619
9.59391 9.59391
9.59391 9.44162
9.74619 9.13706
9.74619 8.98477
9.74619 8.6802
9.89848 8.52792
9.89848 8.37563
10.0508 8.07107
10.0508 7.91878
10.0508 7.61421
10.203 7.46193
10.203 7.15736
10.3553 7.00508
10.3553 6.70051
10.3553 6.54822
