10.3553 6.24365
10.5076 6.09137
10.6599 5.7868
10.8122 5.63452
10.8122 5.32995
10.9645 5.02538
10.9645 4.8731
11.1168 4.56853
11.1168 4.26396
11.1168 4.11168
11.1168 3.80711
11.1168 3.50254
11.1168 3.35025
11.1168 3.04569
10.9645 2.8934
10.9645 2.58883
10.9645 2.28426
10.8122 2.13198
10.6599 1.82741
10.6599 1.67513
10.5076 1.37056
10.3553 1.21827
10.3553 0.913706
10.203 0.761421
10.0508 0.456853
9.89848 0.304569
9.74619 0.152284
9.74619 -0.152284
9.59391 -0.304569
9.44162 -0.456853
9.28934 -0.761421
9.13706 -0.913706
8.98477 -1.06599
8.83249 -1.21827
8.6802 -1.52284
8.52792 -1.67513
8.22335 -1.82741
8.07107 -1.9797
7.91878 -2.13198
7.7665 -2.28426
7.61421 -2.43655
7.46193 -2.58883
7.30964 -2.74112
7.00508 -2.8934
6.85279 -3.04569
6.70051 -3.19797
6.54822 -3.35025
6.24365 -3.50254
6.09137 -3.65482
5.93909 -3.80711
5.7868 -3.95939
5.48223 -4.11168
5.32995 -4.11168
5.17766 -4.26396
4.8731 -4.41624
4.72081 -4.56853
4.56853 -4.56853
4.26396 -4.72081
4.11168 -4.8731
3.95939 -4.8731
3.65482 -5.02538
3.50254 -5.17766
3.19797 -5.17766
3.04569 -5.32995
2.8934 -5.32995
2.58883 -5.48223
2.43655 -5.48223
2.13198 -5.63452
1.9797 -5.63452
1.82741 -5.7868
1.52284 -5.7868
1.37056 -5.93909
1.06599 -5.93909
0.913706 -5.93909
0.609137 -6.09137
0.456853 -6.09137
0.304569 -6.09137
0 -6.24365
-0.152284 -6.24365
-0.456853 -6.24365
-0.609137 -6.24365
-0.913706 -6.24365
-1.06599 -6.24365
-1.37056 -6.39594
-1.52284 -6.39594
-1.67513 -6.39594
-1.9797 -6.39594
-2.13198 -6.39594
-2.43655 -6.39594
-2.58883 -6.39594
-2.8934 -6.39594
-3.04569 -6.24365
-3.35025 -6.24365
-3.50254 -6.24365
-3.65482 -6.24365
-3.95939 -6.24365
-4.11168 -6.09137
-4.41624 -6.09137
-4.56853 -6.09137
-4.72081 -5.93909
-5.02538 -5.93909
-5.17766 -5.7868
-5.48223 -5.7868
-5.63452 -5.63452
-5.7868 -5.63452
-5.93909 -5.48223
-6.24365 -5.48223
-6.39594 -5.32995
-6.54822 -5.17766
-6.85279 -5.17766
-7.00508 -5.02538
-7.15736 -4.8731
-7.30964 -4.8731
-7.46193 -4.72081
-7.61421 -4.56853
-7.91878 -4.41624
-8.07107 -4.26396
-8.22335 -4.26396
-8.37563 -4.11168
-8.52792 -3.95939
-8.6802 -3.80711
-8.83249 -3.65482
-8.98477 -3.50254
-9.13706 -3.35025
-9.28934 -3.19797
-9.44162 -3.19797
-9.59391 -3.04569
-9.74619 -2.8934
-9.89848 -2.74112
-10.0508 -2.58883
-10.203 -2.43655
-10.3553 -2.28426
-10.3553 -2.13198
-10.5076 -1.9797
-10.6599 -1.82741
-10.8122 -1.67513
-10.9645 -1.52284
-11.1168 -1.37056
-11.1168 -1.21827
-11.269 -1.06599
-11.4213 -0.913706
-11.5736 -0.761421
-11.7259 -0.609137
-11.7259 -0.456853
-11.8782 -0.304569
-12.0305 -0.152284
-12.1827 0
-12.1827 0.152284
-12.335 0.304569
-12.4873 0.456853
-12.6396 0.609137
-12.6396 0.761421
-12.7919 0.913706
-12.9442 1.06599
-13.0964 1.37056
-13.0964 1.52284
-13.2487 1.67513
-13.401 1.82741
-13.5533 1.9797
-13.5533 2.13198
-13.7056 2.28426
-13.8579 2.43655
-14.0102 2.74112
-14.0102 2.8934
-14.1624 3.04569
-14.3147 3.19797
-14.467 3.35025
-14.467 3.65482
-14.6193 3.80711
-14.7716 3.95939
-14.9239 4.11168
-15.0761 4.41624
-15.0761 4.56853
-15.2284 4.72081
-15.3807 5.02538
-15.533 5.17766
-15.533 5.32995
-15.6853 5.63452
-15.8376 5.7868
-15.9898 6.09137
-15.9898 6.24365
-16.1421 6.54822
-16.2944 6.70051
-16.2944 7.00508
-16.4467 7.15736
-16.4467 7.46193
-16.599 7.7665
-16.599 7.91878
-16.7513 8.22335
-16.7513 8.52792
-16.9036 8.6802
-16.9036 8.98477
-16.9036 9.28934
-17.0558 9.59391
-17.0558 9.74619
-17.0558 10.0508
-17.0558 10.3553
-17.0558 10.6599
-17.0558 10.9645
-17.0558 11.1168
-17.0558 11.4213
-17.0558 11.7259
-17.0558 12.0305
-16.9036 12.335
-16.9036 12.4873
-16.7513 12.7919
-16.7513 13.0964
-16.599 13.2487
-16.599 13.5533
-16.4467 13.8579
-16.2944 14.0102
-16.1421 14.3147
-15.9898 14.467
-15.8376 14.7716
-15.6853 14.9239
-15.533 15.2284
-15.3807 15.3807
-15.2284 15.533
-14.9239 15.6853
-14.7716 15.8376
-14.467 15.9898
-14.3147 16.1421
-14.0102 16.2944
-13.7056 16.4467
-13.5533 16.599
-13.2487 16.599
-12.9442 16.7513
-12.6396 16.9036
-12.4873 16.9036
-12.1827 17.0558
-11.8782 17.0558
-11.5736 17.0558
-11.4213 17.2081
-11.1168 17.2081
-10.8122 17.2081
-10.5076 17.3604
-10.3553 17.3604
-10.0508 17.3604
-9.74619 17.3604
-9.59391 17.3604
-9.28934 17.5127
-9.13706 17.5127
-8.83249 17.5127
-8.52792 17.5127
-8.37563 17.5127
-8.07107 17.665
-7.91878 17.665
-7.61421 17.665
-7.46193 17.665
-7.30964 17.665
-7.00508 17.665
-6.85279 17.8173
-6.54822 17.8173
-6.39594 17.8173
-6.24365 17.8173
-5.93909 17.8173
-5.7868 17.8173
-5.48223 17.9695
-5.32995 17.9695
-5.17766 17.9695
-4.8731 17.9695
-4.72081 17.9695
-4.56853 17.9695
-4.26396 17.9695
-4.11168 17.9695
-3.80711 17.9695
-3.65482 17.9695
-3.50254 17.9695
-3.19797 17.9695
-3.04569 17.9695
-2.8934 17.9695
-2.58883 17.9695
-2.43655 17.9695
-2.28426 17.9695
-1.9797 17.9695
-1.82741 17.9695
-1.67513 17.8173
-1.37056 17.8173
-1.21827 17.8173
-1.06599 17.8173
-0.761421 17.665
-0.609137 17.665
-0.456853 17.665
-0.304569 17.665
0 17.5127
0.152284 17.5127
0.304569 17.3604
0.456853 17.3604
0.761421 17.2081
0.913706 17.2081
1.06599 17.2081
1.21827 17.0558
1.52284 16.9036
1.67513 16.9036
1.82741 16.7513
1.9797 16.7513
2.13198 16.599
2.43655 16.4467
2.58883 16.4467
2.74112 16.2944
2.8934 16.2944
3.04569 16.1421
3.19797 15.9898
3.35025 15.9898
3.50254 15.8376
3.80711 15.6853
3.95939 15.533
4.11168 15.533
4.26396 15.3807
4.41624 15.2284
4.56853 15.0761
4.72081 15.0761
4.8731 14.9239
5.17766 14.7716
5.32995 14.7716
5.48223 14.6193
5.63452 14.467
5.7868 14.3147
5.93909 14.1624
6.09137 14.1624
6.24365 14.0102
6.54822 13.8579
6.70051 13.7056
6.85279 13.5533
7.00508 13.401
7.15736 13.2487
7.30964 13.0964
7.46193 12.9442
7.61421 12.7919
7.7665 12.6396
7.91878 12.4873
8.07107 12.335
8.22335 12.1827
8.37563 12.0305
8.52792 11.8782
8.6802 11.5736
8.6802 11.4213
8.83249 11.269
8.98477 11.1168
9.13706 10.8122
9.13706 10.6599
9.28934 10.5076
9.28934 10.203
9.44162 10.0508
9.44162 9.74619
9.59391 9.59391
9.59391 9.44162
9.74619 9.13706
9.74619 8.98477
9.74619 8.6802
9.89848 8.52792
9.89848 8.37563
10.0508 8.07107
10.0508 7.91878
10.0508 7.61421
10.203 7.46193
10.203 7.15736
10.203 7.00508
10.3553 6.70051
10.3553 6.54822
