10.3553 6.24365
10.5076 5.93909
10.6599 5.7868
10.8122 5.48223
10.9645 5.32995
10.9645 5.02538
11.1168 4.8731
11.1168 4.56853
11.1168 4.26396
11.1168 4.11168
11.1168 3.80711
11.1168 3.50254
11.1168 3.35025
11.1168 3.04569
11.1168 2.8934
10.9645 2.58883
10.9645 2.43655
10.8122 2.13198
10.8122 1.9797
10.6599 1.67513
10.5076 1.52284
10.5076 1.21827
10.3553 1.06599
10.203 0.761421
10.0508 0.609137
9.89848 0.456853
9.74619 0.152284
9.74619 0
9.59391 -0.152284
9.44162 -0.456853
9.28934 -0.609137
9.13706 -0.761421
8.98477 -0.913706
8.83249 -1.21827
8.6802 -1.37056
8.52792 -1.52284
8.37563 -1.67513
8.22335 -1.82741
8.07107 -1.9797
7.91878 -2.28426
7.61421 -2.43655
7.46193 -2.58883
7.30964 -2.74112
7.15736 -2.8934
7.00508 -3.04569
6.85279 -3.19797
6.70051 -3.35025
6.39594 -3.50254
6.24365 -3.50254
6.09137 -3.65482
5.93909 -3.80711
5.63452 -3.95939
5.48223 -4.11168
5.32995 -4.26396
5.02538 -4.26396
4.8731 -4.41624
4.72081 -4.56853
4.41624 -4.72081
4.26396 -4.72081
4.11168 -4.8731
3.80711 -4.8731
3.65482 -5.02538
3.50254 -5.17766
3.19797 -5.17766
3.04569 -5.32995
2.8934 -5.32995
2.58883 -5.48223
2.43655 -5.48223
2.13198 -5.63452
1.9797 -5.63452
1.82741 -5.7868
1.52284 -5.7868
1.37056 -5.7868
1.06599 -5.93909
0.913706 -5.93909
0.761421 -5.93909
0.456853 -6.09137
0.304569 -6.09137
0 -6.09137
-0.152284 -6.24365
-0.456853 -6.24365
-0.609137 -6.24365
-0.761421 -6.24365
-1.06599 -6.24365
-1.21827 -6.24365
-1.52284 -6.39594
-1.67513 -6.39594
-1.9797 -6.39594
-2.13198 -6.39594
-2.28426 -6.39594
-2.58883 -6.39594
-2.74112 -6.39594
-3.04569 -6.39594
-3.19797 -6.24365
-3.50254 -6.24365
-3.65482 -6.24365
-3.95939 -6.24365
-4.11168 -6.09137
-4.26396 -6.09137
-4.56853 -6.09137
-4.72081 -5.93909
-4.8731 -5.93909
-5.17766 -5.93909
-5.32995 -5.7868
-5.63452 -5.7868
-5.7868 -5.63452
-5.93909 -5.63452
-6.09137 -5.48223
-6.39594 -5.32995
-6.54822 -5.32995
-6.70051 -5.17766
-7.00508 -5.02538
-7.15736 -5.02538
-7.30964 -4.8731
-7.46193 -4.72081
-7.61421 -4.72081
-7.7665 -4.56853
-8.07107 -4.41624
-8.22335 -4.26396
-8.37563 -4.11168
-8.52792 -3.95939
-8.6802 -3.80711
-8.83249 -3.80711
-8.98477 -3.65482
-9.13706 -3.50254
-9.28934 -3.35025
-9.44162 -3.19797
-9.59391 -3.04569
-9.74619 -2.8934
-9.89848 -2.74112
-9.89848 -2.58883
-10.0508 -2.43655
-10.203 -2.28426
-10.3553 -2.13198
-10.5076 -1.9797
-10.6599 -1.82741
-10.6599 -1.67513
-10.8122 -1.52284
-10.9645 -1.37056
-11.1168 -1.21827
-11.269 -1.06599
-11.269 -0.913706
-11.4213 -0.761421
-11.5736 -0.609137
-11.7259 -0.456853
-11.8782 -0.304569
-11.8782 0
-12.0305 0.152284
-12.1827 0.304569
-12.335 0.456853
-12.335 0.609137
-12.4873 0.761421
-12.6396 0.913706
-12.7919 1.06599
-12.9442 1.21827
-12.9442 1.37056
-13.0964 1.52284
-13.2487 1.67513
-13.401 1.82741
-13.5533 1.9797
-13.5533 2.28426
-13.7056 2.43655
-13.8579 2.58883
-14.0102 2.74112
-14.1624 2.8934
-14.1624 3.04569
-14.3147 3.35025
-14.467 3.50254
-14.6193 3.65482
-14.7716 3.80711
-14.7716 4.11168
-14.9239 4.26396
-15.0761 4.41624
-15.2284 4.72081
-15.2284 4.8731
-15.3807 5.17766
-15.533 5.32995
-15.6853 5.48223
-15.6853 5.7868
-15.8376 5.93909
-15.9898 6.24365
-15.9898 6.39594
-16.1421 6.70051
-16.1421 7.00508
-16.2944 7.15736
-16.2944 7.46193
-16.4467 7.7665
-16.4467 7.91878
-16.599 8.22335
-16.599 8.52792
-16.7513 8.6802
-16.7513 8.98477
-16.7513 9.28934
-16.7513 9.59391
-16.9036 9.74619
-16.9036 10.0508
-16.9036 10.3553
-16.9036 10.6599
-16.9036 10.8122
-16.9036 11.1168
-16.9036 11.4213
-16.7513 11.7259
-16.7513 12.0305
-16.7513 12.1827
-16.7513 12.4873
-16.599 12.7919
-16.4467 13.0964
-16.4467 13.2487
-16.2944 13.5533
-16.1421 13.8579
-16.1421 14.0102
-15.9898 14.3147
-15.8376 14.467
-15.6853 14.7716
-15.3807 14.9239
-15.2284 15.0761
-15.0761 15.2284
-14.7716 15.533
-14.6193 15.6853
-14.3147 15.8376
-14.1624 15.9898
-13.8579 15.9898
-13.5533 16.1421
-13.401 16.2944
-13.0964 16.4467
-12.7919 16.4467
-12.4873 16.599
-12.1827 16.599
-12.0305 16.599
-11.7259 16.7513
-11.4213 16.7513
-11.1168 16.7513
-10.8122 16.9036
-10.6599 16.9036
-10.3553 16.9036
-10.0508 16.9036
-9.89848 16.9036
-9.59391 17.0558
-9.28934 17.0558
-9.13706 17.0558
-8.83249 17.0558
-8.6802 17.0558
-8.37563 17.2081
-8.22335 17.2081
-7.91878 17.2081
-7.7665 17.3604
-7.46193 17.3604
-7.30964 17.3604
-7.15736 17.5127
-6.85279 17.5127
-6.70051 17.5127
-6.54822 17.665
-6.24365 17.665
-6.09137 17.665
-5.93909 17.8173
-5.63452 17.8173
-5.48223 17.8173
-5.32995 17.9695
-5.02538 17.9695
-4.8731 17.9695
-4.72081 18.1218
-4.41624 18.1218
-4.26396 18.1218
-4.11168 18.1218
-3.80711 18.1218
-3.65482 18.1218
-3.35025 18.1218
-3.19797 18.1218
-3.04569 18.1218
-2.74112 18.1218
-2.58883 18.1218
-2.43655 18.1218
-2.13198 18.1218
-1.9797 18.1218
-1.82741 17.9695
-1.52284 17.9695
-1.37056 17.9695
-1.21827 17.9695
-0.913706 17.8173
-0.761421 17.8173
-0.609137 17.665
-0.304569 17.665
-0.152284 17.665
0 17.5127
0.152284 17.5127
0.456853 17.3604
0.609137 17.3604
0.761421 17.2081
0.913706 17.2081
1.21827 17.0558
1.37056 17.0558
1.52284 16.9036
1.67513 16.9036
1.82741 16.7513
2.13198 16.599
2.28426 16.599
2.43655 16.4467
2.58883 16.4467
2.74112 16.2944
2.8934 16.1421
3.04569 16.1421
3.35025 15.9898
3.50254 15.8376
3.65482 15.8376
3.80711 15.6853
3.95939 15.6853
4.11168 15.533
4.26396 15.3807
4.56853 15.2284
4.72081 15.2284
4.8731 15.0761
5.02538 14.9239
5.17766 14.9239
5.32995 14.7716
5.48223 14.6193
5.63452 14.467
5.93909 14.467
6.09137 14.3147
6.24365 14.1624
6.39594 14.0102
6.54822 13.8579
6.70051 13.7056
6.85279 13.5533
7.00508 13.5533
7.15736 13.401
7.30964 13.2487
7.46193 13.0964
7.61421 12.9442
7.7665 12.7919
7.91878 12.6396
8.07107 12.335
8.22335 12.1827
8.37563 12.0305
8.52792 11.8782
8.6802 11.7259
8.6802 11.5736
8.83249 11.269
8.98477 11.1168
9.13706 10.9645
9.13706 10.8122
9.28934 10.5076
9.28934 10.3553
9.44162 10.203
9.44162 9.89848
9.59391 9.74619
9.59391 9.44162
9.74619 9.28934
9.74619 9.13706
9.89848 8.83249
9.89848 8.6802
9.89848 8.37563
10.0508 8.22335
10.0508 8.07107
10.0508 7.7665
10.203 7.61421
10.203 7.30964
10.203 7.15736
10.3553 6.85279
10.3553 6.70051
10.3553 6.39594
