10.5076 6.39594
10.6599 6.24365
10.8122 5.93909
10.8122 5.7868
10.9645 5.48223
10.9645 5.32995
11.1168 5.02538
11.1168 4.8731
11.1168 4.56853
11.1168 4.26396
11.1168 4.11168
11.1168 3.80711
11.1168 3.50254
11.1168 3.35025
11.1168 3.04569
11.1168 2.8934
10.9645 2.58883
10.9645 2.43655
10.8122 2.13198
10.8122 1.82741
10.6599 1.67513
10.6599 1.37056
10.5076 1.21827
10.3553 1.06599
10.3553 0.761421
10.203 0.609137
10.0508 0.304569
9.89848 0.152284
9.74619 0
9.59391 -0.304569
9.44162 -0.456853
9.28934 -0.609137
9.13706 -0.761421
8.98477 -1.06599
8.83249 -1.21827
8.6802 -1.37056
8.52792 -1.52284
8.37563 -1.67513
8.22335 -1.82741
8.07107 -2.13198
7.91878 -2.28426
7.7665 -2.43655
7.46193 -2.58883
7.30964 -2.74112
7.15736 -2.8934
7.00508 -3.04569
6.85279 -3.04569
6.54822 -3.19797
6.39594 -3.35025
6.24365 -3.50254
6.09137 -3.65482
5.7868 -3.80711
5.63452 -3.95939
5.48223 -3.95939
5.17766 -4.11168
5.02538 -4.26396
4.8731 -4.41624
4.56853 -4.41624
4.41624 -4.56853
4.26396 -4.72081
3.95939 -4.72081
3.80711 -4.8731
3.65482 -5.02538
3.35025 -5.02538
3.19797 -5.17766
3.04569 -5.17766
2.74112 -5.32995
2.58883 -5.32995
2.28426 -5.48223
2.13198 -5.48223
1.9797 -5.63452
1.67513 -5.63452
1.52284 -5.7868
1.21827 -5.7868
1.06599 -5.7868
0.761421 -5.93909
0.609137 -5.93909
0.456853 -5.93909
0.152284 -5.93909
0 -5.93909
-0.304569 -6.09137
-0.456853 -6.09137
-0.761421 -6.09137
-0.913706 -6.09137
-1.21827 -6.09137
-1.37056 -6.09137
-1.67513 -6.09137
-1.82741 -6.09137
-1.9797 -6.09137
-2.28426 -6.09137
-2.43655 -6.09137
-2.74112 -6.09137
-2.8934 -6.09137
-3.19797 -5.93909
-3.35025 -5.93909
-3.50254 -5.93909
-3.80711 -5.93909
-3.95939 -5.7868
-4.26396 -5.7868
-4.41624 -5.7868
-4.56853 -5.7868
-4.8731 -5.63452
-5.02538 -5.63452
-5.17766 -5.48223
-5.48223 -5.48223
-5.63452 -5.32995
-5.7868 -5.32995
-6.09137 -5.17766
-6.24365 -5.17766
-6.39594 -5.02538
-6.70051 -5.02538
-6.85279 -4.8731
-7.00508 -4.72081
-7.15736 -4.72081
-7.46193 -4.56853
-7.61421 -4.41624
-7.7665 -4.26396
-7.91878 -4.26396
-8.07107 -4.11168
-8.22335 -3.95939
-8.37563 -3.80711
-8.52792 -3.65482
-8.6802 -3.50254
-8.83249 -3.35025
-8.98477 -3.35025
-9.13706 -3.19797
-9.28934 -3.04569
-9.44162 -2.8934
-9.59391 -2.74112
-9.74619 -2.58883
-9.89848 -2.43655
-10.0508 -2.28426
-10.203 -2.13198
-10.3553 -1.82741
-10.3553 -1.67513
-10.5076 -1.52284
-10.6599 -1.37056
-10.8122 -1.21827
-10.8122 -1.06599
-10.9645 -0.913706
-11.1168 -0.761421
-11.269 -0.609137
-11.269 -0.456853
-11.4213 -0.304569
-11.5736 -0.152284
-11.5736 0
-11.7259 0.304569
-11.8782 0.456853
-11.8782 0.609137
-12.0305 0.761421
-12.1827 0.913706
-12.1827 1.06599
-12.335 1.21827
-12.4873 1.37056
-12.4873 1.52284
-12.6396 1.67513
-12.7919 1.9797
-12.7919 2.13198
-12.9442 2.28426
-13.0964 2.43655
-13.0964 2.58883
-13.2487 2.74112
-13.401 2.8934
-13.401 3.04569
-13.5533 3.35025
-13.7056 3.50254
-13.7056 3.65482
-13.8579 3.80711
-14.0102 3.95939
-14.0102 4.26396
-14.1624 4.41624
-14.3147 4.56853
-14.467 4.72081
-14.467 5.02538
-14.6193 5.17766
-14.7716 5.32995
-14.7716 5.63452
-14.9239 5.7868
-15.0761 6.09137
-15.2284 6.24365
-15.2284 6.39594
-15.3807 6.70051
-15.533 6.85279
-15.533 7.15736
-15.6853 7.46193
-15.6853 7.61421
-15.8376 7.91878
-15.9898 8.07107
-15.9898 8.37563
-16.1421 8.6802
-16.1421 8.83249
-16.2944 9.13706
-16.2944 9.44162
-16.4467 9.74619
-16.4467 9.89848
-16.4467 10.203
-16.599 10.5076
-16.599 10.8122
-16.599 11.1168
-16.599 11.269
-16.599 11.5736
-16.599 11.8782
-16.599 12.1827
-16.599 12.4873
-16.599 12.7919
-16.599 13.0964
-16.4467 13.2487
-16.4467 13.5533
-16.2944 13.8579
-16.2944 14.1624
-16.1421 14.3147
-15.9898 14.6193
-15.8376 14.7716
-15.6853 15.0761
-15.533 15.2284
-15.3807 15.533
-15.2284 15.6853
-14.9239 15.8376
-14.7716 15.9898
-14.467 16.1421
-14.3147 16.2944
-14.0102 16.4467
-13.7056 16.599
-13.401 16.7513
-13.2487 16.7513
-12.9442 16.9036
-12.6396 16.9036
-12.335 17.0558
-12.0305 17.0558
-11.7259 17.2081
-11.4213 17.2081
-11.1168 17.2081
-10.9645 17.2081
-10.6599 17.2081
-10.3553 17.3604
-10.0508 17.3604
-9.74619 17.3604
-9.59391 17.3604
-9.28934 17.3604
-8.98477 17.3604
-8.83249 17.3604
-8.52792 17.5127
-8.37563 17.5127
-8.07107 17.5127
-7.91878 17.5127
-7.61421 17.5127
-7.46193 17.665
-7.30964 17.665
-7.00508 17.665
-6.85279 17.8173
-6.54822 17.8173
-6.39594 17.8173
-6.24365 17.9695
-5.93909 17.9695
-5.7868 17.9695
-5.63452 18.1218
-5.32995 18.1218
-5.17766 18.2741
-5.02538 18.2741
-4.72081 18.2741
-4.56853 18.2741
-4.41624 18.4264
-4.11168 18.4264
-3.95939 18.4264
-3.80711 18.4264
-3.50254 18.4264
-3.35025 18.4264
-3.04569 18.4264
-2.8934 18.4264
-2.74112 18.4264
-2.43655 18.4264
-2.28426 18.4264
-2.13198 18.4264
-1.82741 18.4264
-1.67513 18.4264
-1.37056 18.4264
-1.21827 18.2741
-1.06599 18.2741
-0.761421 18.2741
-0.609137 18.1218
-0.456853 18.1218
-0.152284 18.1218
0 17.9695
0.152284 17.9695
0.304569 17.8173
0.609137 17.8173
0.761421 17.665
0.913706 17.665
1.06599 17.5127
1.37056 17.5127
1.52284 17.3604
1.67513 17.3604
1.82741 17.2081
2.13198 17.2081
2.28426 17.0558
2.43655 17.0558
2.58883 16.9036
2.74112 16.7513
2.8934 16.7513
3.19797 16.599
3.35025 16.4467
3.50254 16.4467
3.65482 16.2944
3.80711 16.1421
3.95939 16.1421
4.26396 15.9898
4.41624 15.8376
4.56853 15.8376
4.72081 15.6853
4.8731 15.533
5.02538 15.3807
5.17766 15.3807
5.32995 15.2284
5.48223 15.0761
5.7868 14.9239
5.93909 14.7716
6.09137 14.7716
6.24365 14.6193
6.39594 14.467
6.54822 14.3147
6.70051 14.1624
6.85279 14.0102
7.00508 13.8579
7.15736 13.7056
7.30964 13.5533
7.46193 13.401
7.61421 13.2487
7.7665 13.0964
7.91878 12.9442
8.07107 12.7919
8.22335 12.6396
8.37563 12.4873
8.37563 12.335
8.52792 12.0305
8.6802 11.8782
8.83249 11.7259
8.83249 11.5736
8.98477 11.269
9.13706 11.1168
9.13706 10.9645
9.28934 10.8122
9.44162 10.5076
9.44162 10.3553
9.59391 10.203
9.59391 9.89848
9.74619 9.74619
9.74619 9.44162
9.74619 9.28934
9.89848 9.13706
9.89848 8.83249
10.0508 8.6802
10.0508 8.52792
10.203 8.22335
10.203 8.07107
10.203 7.7665
10.3553 7.61421
10.3553 7.30964
10.5076 7.15736
10.5076 6.85279
10.5076 6.70051
