10.3553 6.54822
10.5076 6.39594
10.6599 6.09137
10.8122 5.93909
10.9645 5.63452
10.9645 5.48223
11.1168 5.17766
11.1168 4.8731
11.1168 4.72081
11.1168 4.41624
11.269 4.26396
11.269 3.95939
11.269 3.65482
11.269 3.50254
11.1168 3.19797
11.1168 3.04569
11.1168 2.74112
11.1168 2.58883
10.9645 2.28426
10.9645 2.13198
10.8122 1.82741
10.8122 1.67513
10.6599 1.37056
10.5076 1.21827
10.5076 0.913706
10.3553 0.761421
10.203 0.456853
10.0508 0.304569
9.89848 0.152284
9.74619 -0.152284
9.59391 -0.304569
9.59391 -0.456853
9.44162 -0.609137
9.28934 -0.913706
8.98477 -1.06599
8.83249 -1.21827
8.6802 -1.37056
8.52792 -1.52284
8.37563 -1.67513
8.22335 -1.82741
8.07107 -1.9797
7.91878 -2.13198
7.61421 -2.28426
7.46193 -2.43655
7.30964 -2.58883
7.15736 -2.74112
7.00508 -2.8934
6.70051 -3.04569
6.54822 -3.19797
6.39594 -3.35025
6.24365 -3.50254
5.93909 -3.65482
5.7868 -3.65482
5.63452 -3.80711
5.48223 -3.95939
5.17766 -4.11168
5.02538 -4.26396
4.8731 -4.26396
4.72081 -4.41624
4.41624 -4.56853
4.26396 -4.72081
4.11168 -4.72081
3.80711 -4.8731
3.65482 -5.02538
3.50254 -5.02538
3.19797 -5.17766
3.04569 -5.17766
2.8934 -5.32995
2.58883 -5.48223
2.43655 -5.48223
2.13198 -5.63452
1.9797 -5.63452
1.67513 -5.63452
1.52284 -5.7868
1.37056 -5.7868
1.06599 -5.7868
0.913706 -5.93909
0.609137 -5.93909
0.456853 -5.93909
0.152284 -5.93909
0 -6.09137
-0.304569 -6.09137
-0.456853 -6.09137
-0.609137 -6.09137
-0.913706 -6.09137
-1.06599 -6.09137
-1.37056 -6.09137
-1.52284 -6.09137
-1.82741 -6.09137
-1.9797 -6.09137
-2.28426 -6.09137
-2.43655 -6.09137
-2.74112 -6.09137
-2.8934 -6.09137
-3.04569 -5.93909
-3.35025 -5.93909
-3.50254 -5.93909
-3.80711 -5.93909
-3.95939 -5.7868
-4.26396 -5.7868
-4.41624 -5.7868
-4.56853 -5.63452
-4.8731 -5.63452
-5.02538 -5.48223
-5.17766 -5.48223
-5.48223 -5.32995
-5.63452 -5.32995
-5.7868 -5.17766
-6.09137 -5.17766
-6.24365 -5.02538
-6.39594 -5.02538
-6.70051 -4.8731
-6.85279 -4.72081
-7.00508 -4.72081
-7.15736 -4.56853
-7.46193 -4.41624
-7.61421 -4.41624
-7.7665 -4.26396
-7.91878 -4.11168
-8.07107 -3.95939
-8.22335 -3.80711
-8.37563 -3.80711
-8.6802 -3.65482
-8.83249 -3.50254
-8.98477 -3.35025
-9.13706 -3.19797
-9.28934 -3.04569
-9.44162 -2.8934
-9.59391 -2.74112
-9.59391 -2.58883
-9.74619 -2.43655
-9.89848 -2.28426
-10.0508 -2.13198
-10.203 -1.9797
-10.3553 -1.82741
-10.5076 -1.67513
-10.5076 -1.52284
-10.6599 -1.21827
-10.8122 -1.06599
-10.9645 -0.913706
-10.9645 -0.761421
-11.1168 -0.609137
-11.269 -0.456853
-11.269 -0.304569
-11.4213 -0.152284
-11.5736 0
-11.5736 0.304569
-11.7259 0.456853
-11.8782 0.609137
-11.8782 0.761421
-12.0305 0.913706
-12.1827 1.06599
-12.1827 1.21827
-12.335 1.52284
-12.335 1.67513
-12.4873 1.82741
-12.6396 1.9797
-12.6396 2.13198
-12.7919 2.28426
-12.7919 2.58883
-12.9442 2.74112
-13.0964 2.8934
-13.0964 3.04569
-13.2487 3.19797
-13.401 3.35025
-13.401 3.65482
-13.5533 3.80711
-13.7056 3.95939
-13.7056 4.11168
-13.8579 4.26396
-14.0102 4.56853
-14.1624 4.72081
-14.1624 4.8731
-14.3147 5.02538
-14.467 5.32995
-14.6193 5.48223
-14.7716 5.7868
-14.9239 5.93909
-14.9239 6.09137
-15.0761 6.39594
-15.2284 6.54822
-15.3807 6.85279
-15.3807 7.00508
-15.533 7.30964
-15.6853 7.46193
-15.6853 7.7665
-15.8376 8.07107
-15.9898 8.22335
-15.9898 8.52792
-15.9898 8.83249
-16.1421 8.98477
-16.1421 9.28934
-16.2944 9.59391
-16.2944 9.89848
-16.2944 10.0508
-16.2944 10.3553
-16.2944 10.6599
-16.2944 10.9645
-16.2944 11.1168
-16.2944 11.4213
-16.2944 11.7259
-16.2944 12.0305
-16.1421 12.1827
-16.1421 12.4873
-16.1421 12.7919
-15.9898 12.9442
-15.8376 13.2487
-15.8376 13.5533
-15.6853 13.7056
-15.533 14.0102
-15.3807 14.1624
-15.2284 14.467
-15.0761 14.6193
-14.9239 14.9239
-14.7716 15.0761
-14.6193 15.2284
-14.467 15.3807
-14.1624 15.6853
-14.0102 15.8376
-13.8579 15.9898
-13.5533 16.1421
-13.2487 16.2944
-13.0964 16.2944
-12.7919 16.4467
-12.6396 16.599
-12.335 16.7513
-12.0305 16.7513
-11.8782 16.9036
-11.5736 16.9036
-11.269 17.0558
-11.1168 17.0558
-10.8122 17.2081
-10.5076 17.2081
-10.3553 17.2081
-10.0508 17.3604
-9.74619 17.3604
-9.59391 17.3604
-9.28934 17.5127
-8.98477 17.5127
-8.83249 17.5127
-8.52792 17.5127
-8.37563 17.665
-8.07107 17.665
-7.91878 17.665
-7.61421 17.665
-7.46193 17.8173
-7.30964 17.8173
-7.00508 17.8173
-6.85279 17.9695
-6.54822 17.9695
-6.39594 17.9695
-6.24365 17.9695
-5.93909 18.1218
-5.7868 18.1218
-5.48223 18.1218
-5.32995 18.1218
-5.17766 18.2741
-4.8731 18.2741
-4.72081 18.2741
-4.56853 18.2741
-4.26396 18.2741
-4.11168 18.4264
-3.95939 18.4264
-3.65482 18.4264
-3.50254 18.4264
-3.35025 18.4264
-3.04569 18.4264
-2.8934 18.4264
-2.58883 18.4264
-2.43655 18.4264
-2.28426 18.4264
-1.9797 18.4264
-1.82741 18.4264
-1.67513 18.2741
-1.37056 18.2741
-1.21827 18.2741
-1.06599 18.2741
-0.761421 18.1218
-0.609137 18.1218
-0.456853 18.1218
-0.152284 18.1218
0 17.9695
0.152284 17.9695
0.304569 17.8173
0.609137 17.8173
0.761421 17.8173
0.913706 17.665
1.06599 17.665
1.37056 17.5127
1.52284 17.5127
1.67513 17.3604
1.82741 17.3604
2.13198 17.2081
2.28426 17.2081
2.43655 17.0558
2.58883 16.9036
2.74112 16.9036
2.8934 16.7513
3.04569 16.599
3.35025 16.599
3.50254 16.4467
3.65482 16.2944
3.80711 16.2944
3.95939 16.1421
4.11168 15.9898
4.26396 15.9898
4.41624 15.8376
4.56853 15.6853
4.8731 15.533
5.02538 15.533
5.17766 15.3807
5.32995 15.2284
5.48223 15.0761
5.63452 15.0761
5.7868 14.9239
5.93909 14.7716
6.09137 14.6193
6.24365 14.467
6.39594 14.3147
6.54822 14.3147
6.70051 14.1624
6.85279 14.0102
7.00508 13.8579
7.15736 13.7056
7.30964 13.5533
7.46193 13.401
7.61421 13.2487
7.7665 13.0964
7.91878 12.9442
8.07107 12.7919
8.22335 12.6396
8.37563 12.4873
8.52792 12.335
8.52792 12.0305
8.6802 11.8782
8.83249 11.7259
8.98477 11.5736
8.98477 11.4213
9.13706 11.1168
9.13706 10.9645
9.28934 10.8122
9.44162 10.6599
9.44162 10.3553
9.59391 10.203
9.59391 10.0508
9.74619 9.74619
9.74619 9.59391
9.74619 9.44162
9.89848 9.13706
9.89848 8.98477
10.0508 8.6802
10.0508 8.52792
10.0508 8.37563
10.203 8.07107
10.203 7.91878
10.203 7.61421
10.3553 7.46193
10.3553 7.30964
10.3553 7.00508
10.5076 6.85279
