10.6599 6.24365
10.6599 6.09137
10.8122 5.7868
10.9645 5.63452
10.9645 5.32995
11.1168 5.17766
11.1168 4.8731
11.269 4.72081
11.269 4.41624
11.269 4.11168
11.269 3.95939
11.269 3.65482
11.269 3.50254
11.269 3.19797
11.269 3.04569
11.1168 2.74112
11.1168 2.43655
11.1168 2.28426
10.9645 1.9797
10.9645 1.82741
10.8122 1.52284
10.8122 1.37056
10.6599 1.06599
10.5076 0.913706
10.3553 0.761421
10.3553 0.456853
10.203 0.304569
10.0508 0.152284
9.89848 -0.152284
9.74619 -0.304569
9.59391 -0.456853
9.44162 -0.609137
9.28934 -0.913706
9.13706 -1.06599
8.98477 -1.21827
8.83249 -1.37056
8.6802 -1.52284
8.52792 -1.67513
8.37563 -1.82741
8.22335 -1.9797
7.91878 -2.13198
7.7665 -2.28426
7.61421 -2.43655
7.46193 -2.58883
7.30964 -2.74112
7.00508 -2.8934
6.85279 -3.04569
6.70051 -3.19797
6.54822 -3.35025
6.39594 -3.50254
6.09137 -3.50254
5.93909 -3.65482
5.7868 -3.80711
5.63452 -3.95939
5.32995 -4.11168
5.17766 -4.11168
5.02538 -4.26396
4.8731 -4.41624
4.56853 -4.56853
4.41624 -4.56853
4.26396 -4.72081
4.11168 -4.8731
3.80711 -4.8731
3.65482 -5.02538
3.50254 -5.02538
3.19797 -5.17766
3.04569 -5.32995
2.8934 -5.32995
2.58883 -5.48223
2.43655 -5.48223
2.13198 -5.63452
1.9797 -5.63452
1.82741 -5.63452
1.52284 -5.7868
1.37056 -5.7868
1.06599 -5.7868
0.913706 -5.7868
0.761421 -5.93909
0.456853 -5.93909
0.304569 -5.93909
0 -5.93909
-0.152284 -5.93909
-0.456853 -5.93909
-0.609137 -5.93909
-0.761421 -5.93909
-1.06599 -5.93909
-1.21827 -5.93909
-1.52284 -5.93909
-1.67513 -5.93909
-1.9797 -5.93909
-2.13198 -5.93909
-2.28426 -5.93909
-2.58883 -5.93909
-2.74112 -5.93909
-3.04569 -5.7868
-3.19797 -5.7868
-3.35025 -5.7868
-3.65482 -5.7868
-3.80711 -5.63452
-3.95939 -5.63452
-4.26396 -5.63452
-4.41624 -5.63452
-4.56853 -5.48223
-4.8731 -5.48223
-5.02538 -5.32995
-5.17766 -5.32995
-5.48223 -5.32995
-5.63452 -5.17766
-5.7868 -5.17766
-6.09137 -5.02538
-6.24365 -5.02538
-6.39594 -4.8731
-6.54822 -4.8731
-6.85279 -4.72081
-7.00508 -4.56853
-7.15736 -4.56853
-7.30964 -4.41624
-7.46193 -4.26396
-7.7665 -4.26396
-7.91878 -4.11168
-8.07107 -3.95939
-8.22335 -3.80711
-8.37563 -3.65482
-8.52792 -3.65482
-8.6802 -3.50254
-8.83249 -3.35025
-8.98477 -3.19797
-9.13706 -3.04569
-9.28934 -2.8934
-9.44162 -2.74112
-9.59391 -2.58883
-9.74619 -2.43655
-9.89848 -2.28426
-10.0508 -2.13198
-10.0508 -1.9797
-10.203 -1.82741
-10.3553 -1.67513
-10.5076 -1.52284
-10.6599 -1.37056
-10.6599 -1.21827
-10.8122 -1.06599
-10.9645 -0.761421
-10.9645 -0.609137
-11.1168 -0.456853
-11.269 -0.304569
-11.269 -0.152284
-11.4213 0
-11.5736 0.152284
-11.5736 0.304569
-11.7259 0.609137
-11.7259 0.761421
-11.8782 0.913706
-11.8782 1.06599
-12.0305 1.21827
-12.1827 1.37056
-12.1827 1.52284
-12.335 1.82741
-12.335 1.9797
-12.4873 2.13198
-12.6396 2.28426
-12.6396 2.43655
-12.7919 2.58883
-12.7919 2.74112
-12.9442 3.04569
-13.0964 3.19797
-13.0964 3.35025
-13.2487 3.50254
-13.401 3.65482
-13.5533 3.95939
-13.5533 4.11168
-13.7056 4.26396
-13.8579 4.41624
-14.0102 4.56853
-14.1624 4.8731
-14.1624 5.02538
-14.3147 5.17766
-14.467 5.48223
-14.6193 5.63452
-14.7716 5.7868
-14.9239 6.09137
-14.9239 6.24365
-15.0761 6.54822
-15.2284 6.70051
-15.3807 7.00508
-15.3807 7.15736
-15.533 7.46193
-15.6853 7.7665
-15.6853 7.91878
-15.8376 8.22335
-15.8376 8.52792
-15.9898 8.6802
-15.9898 8.98477
-16.1421 9.28934
-16.1421 9.59391
-16.1421 9.74619
-16.1421 10.0508
-16.1421 10.3553
-16.2944 10.6599
-16.1421 10.8122
-16.1421 11.1168
-16.1421 11.4213
-16.1421 11.7259
-16.1421 11.8782
-15.9898 12.1827
-15.9898 12.4873
-15.8376 12.7919
-15.8376 12.9442
-15.6853 13.2487
-15.533 13.401
-15.533 13.7056
-15.3807 14.0102
-15.2284 14.1624
-15.0761 14.3147
-14.9239 14.6193
-14.7716 14.7716
-14.6193 15.0761
-14.3147 15.2284
-14.1624 15.3807
-14.0102 15.533
-13.7056 15.6853
-13.5533 15.8376
-13.2487 15.9898
-13.0964 16.1421
-12.7919 16.2944
-12.6396 16.4467
-12.335 16.4467
-12.0305 16.599
-11.8782 16.7513
-11.5736 16.7513
-11.269 16.9036
-11.1168 16.9036
-10.8122 17.0558
-10.5076 17.0558
-10.3553 17.2081
-10.0508 17.2081
-9.89848 17.3604
-9.59391 17.3604
-9.28934 17.3604
-9.13706 17.5127
-8.83249 17.5127
-8.6802 17.5127
-8.37563 17.665
-8.22335 17.665
-7.91878 17.665
-7.7665 17.8173
-7.46193 17.8173
-7.30964 17.8173
-7.00508 17.9695
-6.85279 17.9695
-6.54822 17.9695
-6.39594 18.1218
-6.24365 18.1218
-5.93909 18.1218
-5.7868 18.1218
-5.48223 18.2741
-5.32995 18.2741
-5.17766 18.2741
-4.8731 18.4264
-4.72081 18.4264
-4.41624 18.4264
-4.26396 18.4264
-4.11168 18.4264
-3.80711 18.4264
-3.65482 18.5787
-3.35025 18.5787
-3.19797 18.5787
-3.04569 18.5787
-2.74112 18.5787
-2.58883 18.5787
-2.28426 18.5787
-2.13198 18.5787
-1.9797 18.4264
-1.67513 18.4264
-1.52284 18.4264
-1.21827 18.4264
-1.06599 18.4264
-0.913706 18.2741
-0.609137 18.2741
-0.456853 18.2741
-0.304569 18.2741
0 18.1218
0.152284 18.1218
0.304569 17.9695
0.609137 17.9695
0.761421 17.9695
0.913706 17.8173
1.21827 17.8173
1.37056 17.665
1.52284 17.665
1.67513 17.5127
1.9797 17.5127
2.13198 17.3604
2.28426 17.2081
2.43655 17.2081
2.74112 17.0558
2.8934 17.0558
3.04569 16.9036
3.19797 16.7513
3.35025 16.7513
3.50254 16.599
3.80711 16.4467
3.95939 16.2944
4.11168 16.2944
4.26396 16.1421
4.41624 15.9898
4.56853 15.8376
4.72081 15.8376
4.8731 15.6853
5.17766 15.533
5.32995 15.3807
5.48223 15.3807
5.63452 15.2284
5.7868 15.0761
5.93909 14.9239
6.09137 14.7716
6.24365 14.6193
6.39594 14.6193
6.54822 14.467
6.70051 14.3147
6.85279 14.1624
7.00508 14.0102
7.15736 13.8579
7.30964 13.7056
7.46193 13.5533
7.61421 13.401
7.7665 13.2487
7.91878 13.0964
8.07107 12.9442
8.22335 12.7919
8.37563 12.6396
8.52792 12.4873
8.6802 12.1827
8.6802 12.0305
8.83249 11.8782
8.98477 11.7259
9.13706 11.5736
9.13706 11.269
9.28934 11.1168
9.28934 10.9645
9.44162 10.6599
9.44162 10.5076
9.59391 10.3553
9.59391 10.0508
9.74619 9.89848
9.74619 9.74619
9.74619 9.44162
9.89848 9.28934
9.89848 9.13706
9.89848 8.83249
10.0508 8.6802
10.0508 8.37563
10.0508 8.22335
10.203 8.07107
10.203 7.7665
10.203 7.61421
10.3553 7.30964
10.3553 7.15736
10.3553 7.00508
10.5076 6.70051
10.5076 6.54822
