10.5076 6.39594
10.6599 6.24365
10.8122 5.93909
10.9645 5.7868
10.9645 5.48223
11.1168 5.32995
11.1168 5.02538
11.269 4.72081
11.269 4.56853
11.269 4.26396
11.269 4.11168
11.269 3.80711
11.269 3.65482
11.269 3.35025
11.269 3.04569
11.269 2.8934
11.1168 2.58883
11.1168 2.43655
10.9645 2.13198
10.9645 1.9797
10.8122 1.67513
10.8122 1.52284
10.6599 1.21827
10.5076 1.06599
10.5076 0.913706
10.3553 0.609137
10.203 0.456853
10.0508 0.152284
10.0508 0
9.89848 -0.152284
9.74619 -0.304569
9.59391 -0.609137
9.44162 -0.761421
9.28934 -0.913706
9.13706 -1.06599
8.98477 -1.21827
8.83249 -1.37056
8.52792 -1.52284
8.37563 -1.82741
8.22335 -1.9797
8.07107 -2.13198
7.91878 -2.28426
7.7665 -2.43655
7.61421 -2.58883
7.30964 -2.74112
7.15736 -2.74112
7.00508 -2.8934
6.85279 -3.04569
6.70051 -3.19797
6.39594 -3.35025
6.24365 -3.50254
6.09137 -3.65482
5.93909 -3.80711
5.7868 -3.80711
5.48223 -3.95939
5.32995 -4.11168
5.17766 -4.26396
5.02538 -4.26396
4.72081 -4.41624
4.56853 -4.56853
4.41624 -4.72081
4.11168 -4.72081
3.95939 -4.8731
3.80711 -5.02538
3.50254 -5.02538
3.35025 -5.17766
3.19797 -5.17766
2.8934 -5.32995
2.74112 -5.32995
2.58883 -5.48223
2.28426 -5.48223
2.13198 -5.63452
1.82741 -5.63452
1.67513 -5.63452
1.52284 -5.7868
1.21827 -5.7868
1.06599 -5.7868
0.761421 -5.93909
0.609137 -5.93909
0.304569 -5.93909
0.152284 -5.93909
0 -5.93909
-0.304569 -5.93909
-0.456853 -6.09137
-0.761421 -6.09137
-0.913706 -6.09137
-1.21827 -6.09137
-1.37056 -6.09137
-1.52284 -6.09137
-1.82741 -5.93909
-1.9797 -5.93909
-2.28426 -5.93909
-2.43655 -5.93909
-2.74112 -5.93909
-2.8934 -5.93909
-3.04569 -5.93909
-3.35025 -5.7868
-3.50254 -5.7868
-3.80711 -5.7868
-3.95939 -5.7868
-4.11168 -5.63452
-4.41624 -5.63452
-4.56853 -5.48223
-4.72081 -5.48223
-5.02538 -5.48223
-5.17766 -5.32995
-5.32995 -5.32995
-5.63452 -5.17766
-5.7868 -5.17766
-5.93909 -5.02538
-6.24365 -5.02538
-6.39594 -4.8731
-6.54822 -4.8731
-6.70051 -4.72081
-7.00508 -4.56853
-7.15736 -4.56853
-7.30964 -4.41624
-7.46193 -4.26396
-7.61421 -4.26396
-7.91878 -4.11168
-8.07107 -3.95939
-8.22335 -3.80711
-8.37563 -3.65482
-8.52792 -3.65482
-8.6802 -3.50254
-8.83249 -3.35025
-8.98477 -3.19797
-9.13706 -3.04569
-9.28934 -2.8934
-9.44162 -2.74112
-9.59391 -2.58883
-9.74619 -2.43655
-9.89848 -2.28426
-10.0508 -2.13198
-10.203 -1.9797
-10.203 -1.82741
-10.3553 -1.67513
-10.5076 -1.52284
-10.6599 -1.37056
-10.8122 -1.21827
-10.8122 -1.06599
-10.9645 -0.761421
-11.1168 -0.609137
-11.1168 -0.456853
-11.269 -0.304569
-11.4213 -0.152284
-11.4213 0
-11.5736 0.152284
-11.7259 0.456853
-11.7259 0.609137
-11.8782 0.761421
-11.8782 0.913706
-12.0305 1.06599
-12.0305 1.21827
-12.1827 1.52284
-12.1827 1.67513
-12.335 1.82741
-12.4873 1.9797
-12.4873 2.13198
-12.6396 2.28426
-12.6396 2.58883
-12.7919 2.74112
-12.7919 2.8934
-12.9442 3.04569
-13.0964 3.19797
-13.0964 3.50254
-13.2487 3.65482
-13.401 3.80711
-13.401 3.95939
-13.5533 4.11168
-13.7056 4.41624
-13.8579 4.56853
-14.0102 4.72081
-14.1624 4.8731
-14.1624 5.17766
-14.3147 5.32995
-14.467 5.48223
-14.6193 5.7868
-14.7716 5.93909
-14.9239 6.24365
-15.0761 6.39594
-15.0761 6.70051
-15.2284 6.85279
-15.3807 7.15736
-15.533 7.30964
-15.533 7.61421
-15.6853 7.91878
-15.8376 8.07107
-15.8376 8.37563
-15.9898 8.6802
-15.9898 8.83249
-15.9898 9.13706
-16.1421 9.44162
-16.1421 9.74619
-16.1421 9.89848
-16.1421 10.203
-16.1421 10.5076
-16.1421 10.8122
-16.1421 10.9645
-16.1421 11.269
-16.1421 11.5736
-15.9898 11.7259
-15.9898 12.0305
-15.8376 12.335
-15.8376 12.4873
-15.6853 12.7919
-15.6853 13.0964
-15.533 13.2487
-15.3807 13.5533
-15.2284 13.7056
-15.0761 14.0102
-14.9239 14.1624
-14.7716 14.467
-14.6193 14.6193
-14.467 14.7716
-14.3147 15.0761
-14.1624 15.2284
-13.8579 15.3807
-13.7056 15.533
-13.5533 15.6853
-13.2487 15.8376
-13.0964 15.9898
-12.7919 16.1421
-12.6396 16.2944
-12.335 16.4467
-12.1827 16.4467
-11.8782 16.599
-11.5736 16.7513
-11.4213 16.7513
-11.1168 16.9036
-10.9645 17.0558
-10.6599 17.0558
-10.3553 17.2081
-10.203 17.2081
-9.89848 17.2081
-9.74619 17.3604
-9.44162 17.3604
-9.13706 17.5127
-8.98477 17.5127
-8.6802 17.5127
-8.52792 17.665
-8.22335 17.665
-8.07107 17.665
-7.7665 17.8173
-7.61421 17.8173
-7.30964 17.8173
-7.15736 17.9695
-7.00508 17.9695
-6.70051 17.9695
-6.54822 18.1218
-6.24365 18.1218
-6.09137 18.1218
-5.7868 18.2741
-5.63452 18.2741
-5.48223 18.2741
-5.17766 18.2741
-5.02538 18.2741
-4.72081 18.4264
-4.56853 18.4264
-4.41624 18.4264
-4.11168 18.4264
-3.95939 18.4264
-3.65482 18.4264
-3.50254 18.5787
-3.35025 18.5787
-3.04569 18.5787
-2.8934 18.5787
-2.58883 18.5787
-2.43655 18.5787
-2.28426 18.5787
-1.9797 18.4264
-1.82741 18.4264
-1.67513 18.4264
-1.37056 18.4264
-1.21827 18.4264
-0.913706 18.4264
-0.761421 18.2741
-0.609137 18.2741
-0.304569 18.2741
-0.152284 18.2741
0 18.1218
0.304569 18.1218
0.456853 17.9695
0.609137 17.9695
0.913706 17.9695
1.06599 17.8173
1.21827 17.8173
1.37056 17.665
1.67513 17.665
1.82741 17.5127
1.9797 17.5127
2.13198 17.3604
2.28426 17.2081
2.58883 17.2081
2.74112 17.0558
2.8934 17.0558
3.04569 16.9036
3.19797 16.7513
3.50254 16.599
3.65482 16.599
3.80711 16.4467
3.95939 16.2944
4.11168 16.2944
4.26396 16.1421
4.41624 15.9898
4.56853 15.8376
4.72081 15.8376
4.8731 15.6853
5.02538 15.533
5.32995 15.3807
5.48223 15.2284
5.63452 15.2284
5.7868 15.0761
5.93909 14.9239
6.09137 14.7716
6.24365 14.6193
6.39594 14.467
6.54822 14.467
6.70051 14.3147
6.85279 14.1624
7.00508 14.0102
7.15736 13.8579
7.30964 13.7056
7.46193 13.5533
7.61421 13.401
7.7665 13.2487
7.91878 13.0964
8.07107 12.9442
8.22335 12.7919
8.37563 12.6396
8.52792 12.4873
8.52792 12.335
8.6802 12.1827
8.83249 11.8782
8.98477 11.7259
8.98477 11.5736
9.13706 11.4213
9.28934 11.269
9.28934 10.9645
9.44162 10.8122
9.44162 10.6599
9.59391 10.3553
9.59391 10.203
9.74619 10.0508
9.74619 9.74619
9.89848 9.59391
9.89848 9.44162
9.89848 9.13706
10.0508 8.98477
10.0508 8.83249
10.0508 8.52792
10.203 8.37563
10.203 8.07107
10.203 7.91878
10.3553 7.7665
10.3553 7.46193
10.3553 7.30964
10.5076 7.00508
10.5076 6.85279
10.5076 6.70051
