10.5076 6.70051
10.6599 6.39594
10.8122 6.24365
10.8122 5.93909
10.9645 5.7868
10.9645 5.48223
11.1168 5.32995
11.1168 5.02538
11.1168 4.8731
11.269 4.56853
11.269 4.41624
11.269 4.11168
11.269 3.80711
11.269 3.65482
11.269 3.35025
11.1168 3.19797
11.1168 2.8934
11.1168 2.58883
11.1168 2.43655
10.9645 2.13198
10.9645 1.9797
10.8122 1.67513
10.8122 1.52284
10.6599 1.21827
10.6599 1.06599
10.5076 0.761421
10.3553 0.609137
10.203 0.456853
10.203 0.152284
10.0508 0
9.89848 -0.152284
9.74619 -0.456853
9.59391 -0.609137
9.44162 -0.761421
9.28934 -0.913706
9.13706 -1.06599
8.98477 -1.37056
8.83249 -1.52284
8.6802 -1.67513
8.37563 -1.82741
8.22335 -1.9797
8.07107 -2.13198
7.91878 -2.28426
7.7665 -2.43655
7.61421 -2.58883
7.30964 -2.74112
7.15736 -2.8934
7.00508 -3.04569
6.85279 -3.19797
6.54822 -3.19797
6.39594 -3.35025
6.24365 -3.50254
6.09137 -3.65482
5.7868 -3.80711
5.63452 -3.95939
5.48223 -4.11168
5.32995 -4.11168
5.02538 -4.26396
4.8731 -4.41624
4.72081 -4.56853
4.41624 -4.56853
4.26396 -4.72081
4.11168 -4.8731
3.80711 -4.8731
3.65482 -5.02538
3.50254 -5.17766
3.19797 -5.17766
3.04569 -5.32995
2.8934 -5.32995
2.58883 -5.48223
2.43655 -5.48223
2.13198 -5.63452
1.9797 -5.63452
1.67513 -5.63452
1.52284 -5.7868
1.37056 -5.7868
1.06599 -5.7868
0.913706 -5.7868
0.609137 -5.93909
0.456853 -5.93909
0.152284 -5.93909
0 -5.93909
-0.304569 -5.93909
-0.456853 -5.93909
-0.761421 -5.93909
-0.913706 -5.93909
-1.21827 -5.93909
-1.37056 -5.93909
-1.67513 -5.93909
-1.82741 -5.93909
-1.9797 -5.93909
-2.28426 -5.93909
-2.43655 -5.93909
-2.74112 -5.7868
-2.8934 -5.7868
-3.19797 -5.7868
-3.35025 -5.7868
-3.50254 -5.63452
-3.80711 -5.63452
-3.95939 -5.63452
-4.26396 -5.48223
-4.41624 -5.48223
-4.56853 -5.48223
-4.8731 -5.32995
-5.02538 -5.32995
-5.17766 -5.17766
-5.48223 -5.17766
-5.63452 -5.02538
-5.7868 -5.02538
-6.09137 -4.8731
-6.24365 -4.8731
-6.39594 -4.72081
-6.54822 -4.56853
-6.85279 -4.56853
-7.00508 -4.41624
-7.15736 -4.26396
-7.30964 -4.26396
-7.61421 -4.11168
-7.7665 -3.95939
-7.91878 -3.80711
-8.07107 -3.80711
-8.22335 -3.65482
-8.37563 -3.50254
-8.52792 -3.35025
-8.6802 -3.19797
-8.83249 -3.04569
-8.98477 -2.8934
-9.13706 -2.74112
-9.28934 -2.58883
-9.44162 -2.43655
-9.59391 -2.28426
-9.74619 -2.13198
-9.89848 -1.9797
-10.0508 -1.82741
-10.203 -1.67513
-10.203 -1.52284
-10.3553 -1.37056
-10.5076 -1.21827
-10.6599 -1.06599
-10.6599 -0.913706
-10.8122 -0.761421
-10.9645 -0.456853
-11.1168 -0.304569
-11.1168 -0.152284
-11.269 0
-11.4213 0.152284
-11.4213 0.304569
-11.5736 0.456853
-11.5736 0.761421
-11.7259 0.913706
-11.8782 1.06599
-11.8782 1.21827
-12.0305 1.37056
-12.0305 1.52284
-12.1827 1.67513
-12.1827 1.9797
-12.335 2.13198
-12.335 2.28426
-12.4873 2.43655
-12.6396 2.58883
-12.6396 2.74112
-12.7919 3.04569
-12.7919 3.19797
-12.9442 3.35025
-13.0964 3.50254
-13.0964 3.65482
-13.2487 3.80711
-13.401 4.11168
-13.5533 4.26396
-13.5533 4.41624
-13.7056 4.56853
-13.8579 4.8731
-14.0102 5.02538
-14.1624 5.17766
-14.3147 5.32995
-14.3147 5.63452
-14.467 5.7868
-14.6193 6.09137
-14.7716 6.24365
-14.9239 6.39594
-15.0761 6.70051
-15.0761 6.85279
-15.2284 7.15736
-15.3807 7.30964
-15.533 7.61421
-15.533 7.91878
-15.6853 8.07107
-15.6853 8.37563
-15.8376 8.6802
-15.8376 8.83249
-15.9898 9.13706
-15.9898 9.44162
-16.1421 9.59391
-16.1421 9.89848
-16.1421 10.203
-16.1421 10.5076
-16.1421 10.6599
-16.1421 10.9645
-16.1421 11.269
-16.1421 11.5736
-15.9898 11.7259
-15.9898 12.0305
-15.9898 12.335
-15.8376 12.4873
-15.8376 12.7919
-15.6853 13.0964
-15.533 13.2487
-15.533 13.5533
-15.3807 13.7056
-15.2284 14.0102
-15.0761 14.1624
-14.9239 14.467
-14.7716 14.6193
-14.6193 14.9239
-14.467 15.0761
-14.3147 15.2284
-14.0102 15.3807
-13.8579 15.533
-13.7056 15.8376
-13.401 15.9898
-13.2487 16.1421
-13.0964 16.2944
-12.7919 16.4467
-12.6396 16.4467
-12.335 16.599
-12.1827 16.7513
-11.8782 16.9036
-11.5736 16.9036
-11.4213 17.0558
-11.1168 17.2081
-10.9645 17.2081
-10.6599 17.3604
-10.3553 17.3604
-10.203 17.5127
-9.89848 17.5127
-9.59391 17.5127
-9.44162 17.665
-9.13706 17.665
-8.98477 17.665
-8.6802 17.8173
-8.52792 17.8173
-8.22335 17.8173
-8.07107 17.9695
-7.7665 17.9695
-7.61421 17.9695
-7.30964 17.9695
-7.15736 18.1218
-6.85279 18.1218
-6.70051 18.1218
-6.39594 18.1218
-6.24365 18.2741
-6.09137 18.2741
-5.7868 18.2741
-5.63452 18.2741
-5.32995 18.2741
-5.17766 18.4264
-5.02538 18.4264
-4.72081 18.4264
-4.56853 18.4264
-4.26396 18.4264
-4.11168 18.4264
-3.95939 18.4264
-3.65482 18.4264
-3.50254 18.5787
-3.35025 18.5787
-3.04569 18.5787
-2.8934 18.5787
-2.58883 18.5787
-2.43655 18.5787
-2.28426 18.5787
-1.9797 18.5787
-1.82741 18.5787
-1.67513 18.4264
-1.37056 18.4264
-1.21827 18.4264
-1.06599 18.4264
-0.761421 18.4264
-0.609137 18.4264
-0.456853 18.4264
-0.152284 18.2741
0 18.2741
0.152284 18.2741
0.456853 18.1218
0.609137 18.1218
0.761421 18.1218
1.06599 17.9695
1.21827 17.9695
1.37056 17.9695
1.52284 17.8173
1.82741 17.8173
1.9797 17.665
2.13198 17.665
2.28426 17.5127
2.58883 17.3604
2.74112 17.3604
2.8934 17.2081
3.04569 17.0558
3.19797 17.0558
3.35025 16.9036
3.50254 16.7513
3.80711 16.7513
3.95939 16.599
4.11168 16.4467
4.26396 16.4467
4.41624 16.2944
4.56853 16.1421
4.72081 15.9898
4.8731 15.8376
5.02538 15.8376
5.17766 15.6853
5.32995 15.533
5.48223 15.3807
5.7868 15.2284
5.93909 15.2284
6.09137 15.0761
6.24365 14.9239
6.39594 14.7716
6.54822 14.6193
6.70051 14.467
6.85279 14.3147
7.00508 14.3147
7.15736 14.1624
7.30964 14.0102
7.46193 13.8579
7.61421 13.7056
7.7665 13.5533
7.91878 13.401
8.07107 13.2487
8.22335 13.0964
8.37563 12.9442
8.37563 12.7919
8.52792 12.4873
8.6802 12.335
8.83249 12.1827
8.98477 12.0305
8.98477 11.8782
9.13706 11.7259
9.28934 11.4213
9.28934 11.269
9.44162 11.1168
9.44162 10.8122
9.59391 10.6599
9.59391 10.5076
9.74619 10.203
9.74619 10.0508
9.89848 9.89848
9.89848 9.59391
9.89848 9.44162
10.0508 9.28934
10.0508 8.98477
10.203 8.83249
10.203 8.6802
10.203 8.37563
10.3553 8.22335
10.3553 7.91878
10.3553 7.7665
10.5076 7.61421
10.5076 7.30964
10.5076 7.15736
10.6599 6.85279
