10.8122 6.70051
10.8122 6.54822
10.9645 6.24365
10.9645 6.09137
11.1168 5.7868
11.1168 5.63452
11.269 5.32995
11.269 5.02538
11.269 4.8731
11.269 4.56853
11.269 4.41624
11.269 4.11168
11.4213 3.95939
11.269 3.65482
11.269 3.50254
11.269 3.19797
11.269 2.8934
11.269 2.74112
11.269 2.43655
11.1168 2.28426
11.1168 1.9797
10.9645 1.82741
10.9645 1.52284
10.8122 1.37056
10.8122 1.06599
10.6599 0.913706
10.5076 0.761421
10.5076 0.456853
10.3553 0.304569
10.203 0.152284
10.0508 -0.152284
9.89848 -0.304569
9.74619 -0.456853
9.59391 -0.761421
9.44162 -0.913706
9.28934 -1.06599
9.13706 -1.21827
8.98477 -1.37056
8.83249 -1.52284
8.6802 -1.67513
8.52792 -1.82741
8.37563 -2.13198
8.22335 -2.28426
8.07107 -2.43655
7.7665 -2.58883
7.61421 -2.58883
7.46193 -2.74112
7.30964 -2.8934
7.15736 -3.04569
6.85279 -3.19797
6.70051 -3.35025
6.54822 -3.50254
6.39594 -3.65482
6.09137 -3.80711
5.93909 -3.80711
5.7868 -3.95939
5.63452 -4.11168
5.32995 -4.26396
5.17766 -4.41624
5.02538 -4.41624
4.72081 -4.56853
4.56853 -4.72081
4.41624 -4.72081
4.26396 -4.8731
3.95939 -5.02538
3.80711 -5.02538
3.50254 -5.17766
3.35025 -5.17766
3.19797 -5.32995
2.8934 -5.32995
2.74112 -5.48223
2.43655 -5.48223
2.28426 -5.63452
2.13198 -5.63452
1.82741 -5.63452
1.67513 -5.7868
1.37056 -5.7868
1.21827 -5.7868
0.913706 -5.93909
0.761421 -5.93909
0.456853 -5.93909
0.304569 -5.93909
0 -5.93909
-0.152284 -5.93909
-0.304569 -5.93909
-0.609137 -5.93909
-0.761421 -5.93909
-1.06599 -5.93909
-1.21827 -5.93909
-1.52284 -5.93909
-1.67513 -5.93909
-1.9797 -5.93909
-2.13198 -5.7868
-2.43655 -5.7868
-2.58883 -5.7868
-2.74112 -5.7868
-3.04569 -5.63452
-3.19797 -5.63452
-3.50254 -5.63452
-3.65482 -5.63452
-3.80711 -5.48223
-4.11168 -5.48223
-4.26396 -5.32995
-4.41624 -5.32995
-4.72081 -5.32995
-4.8731 -5.17766
-5.02538 -5.17766
-5.32995 -5.02538
-5.48223 -4.8731
-5.63452 -4.8731
-5.93909 -4.72081
-6.09137 -4.72081
-6.24365 -4.56853
-6.39594 -4.56853
-6.70051 -4.41624
-6.85279 -4.26396
-7.00508 -4.26396
-7.15736 -4.11168
-7.30964 -3.95939
-7.61421 -3.80711
-7.7665 -3.80711
-7.91878 -3.65482
-8.07107 -3.50254
-8.22335 -3.35025
-8.37563 -3.19797
-8.52792 -3.04569
-8.6802 -3.04569
-8.83249 -2.8934
-8.98477 -2.74112
-9.13706 -2.58883
-9.28934 -2.43655
-9.44162 -2.28426
-9.59391 -2.13198
-9.74619 -1.9797
-9.89848 -1.82741
-10.0508 -1.67513
-10.203 -1.52284
-10.3553 -1.37056
-10.3553 -1.21827
-10.5076 -0.913706
-10.6599 -0.761421
-10.8122 -0.609137
-10.8122 -0.456853
-10.9645 -0.304569
-10.9645 -0.152284
-11.1168 0.152284
-11.269 0.304569
-11.269 0.456853
-11.4213 0.609137
-11.4213 0.913706
-11.5736 1.06599
-11.5736 1.21827
-11.5736 1.37056
-11.7259 1.67513
-11.7259 1.82741
-11.8782 1.9797
-11.8782 2.13198
-11.8782 2.28426
-12.0305 2.58883
-12.0305 2.74112
-12.1827 2.8934
-12.1827 3.04569
-12.335 3.19797
-12.335 3.35025
-12.4873 3.65482
-12.6396 3.80711
-12.6396 3.95939
-12.7919 4.11168
-12.9442 4.26396
-12.9442 4.56853
-13.0964 4.72081
-13.2487 4.8731
-13.401 5.02538
-13.5533 5.17766
-13.7056 5.48223
-13.8579 5.63452
-14.0102 5.7868
-14.1624 6.09137
-14.3147 6.24365
-14.467 6.39594
-14.6193 6.70051
-14.7716 6.85279
-14.9239 7.15736
-15.0761 7.46193
-15.2284 7.61421
-15.3807 7.91878
-15.533 8.07107
-15.533 8.37563
-15.6853 8.6802
-15.6853 8.98477
-15.8376 9.13706
-15.8376 9.44162
-15.9898 9.74619
-15.9898 10.0508
-15.9898 10.203
-15.9898 10.5076
-15.9898 10.8122
-15.9898 11.1168
-15.9898 11.269
-15.9898 11.5736
-15.8376 11.8782
-15.8376 12.0305
-15.6853 12.335
-15.6853 12.6396
-15.533 12.7919
-15.3807 13.0964
-15.2284 13.2487
-15.2284 13.5533
-15.0761 13.7056
-14.9239 14.0102
-14.7716 14.1624
-14.6193 14.467
-14.3147 14.6193
-14.1624 14.7716
-14.0102 14.9239
-13.8579 15.2284
-13.5533 15.3807
-13.401 15.533
-13.2487 15.6853
-12.9442 15.8376
-12.7919 15.9898
-12.4873 16.1421
-12.335 16.2944
-12.1827 16.4467
-11.8782 16.4467
-11.7259 16.599
-11.4213 16.7513
-11.1168 16.9036
-10.9645 16.9036
-10.6599 17.0558
-10.5076 17.2081
-10.203 17.2081
-10.0508 17.3604
-9.74619 17.3604
-9.59391 17.5127
-9.28934 17.5127
-9.13706 17.665
-8.83249 17.665
-8.6802 17.665
-8.37563 17.8173
-8.22335 17.8173
-7.91878 17.9695
-7.7665 17.9695
-7.46193 17.9695
-7.30964 18.1218
-7.00508 18.1218
-6.85279 18.1218
-6.54822 18.2741
-6.39594 18.2741
-6.24365 18.2741
-5.93909 18.2741
-5.7868 18.4264
-5.48223 18.4264
-5.32995 18.4264
-5.02538 18.4264
-4.8731 18.5787
-4.72081 18.5787
-4.41624 18.5787
-4.26396 18.5787
-3.95939 18.5787
-3.80711 18.5787
-3.65482 18.731
-3.35025 18.731
-3.19797 18.731
-3.04569 18.731
-2.74112 18.731
-2.58883 18.731
-2.28426 18.731
-2.13198 18.731
-1.9797 18.731
-1.67513 18.5787
-1.52284 18.5787
-1.21827 18.5787
-1.06599 18.5787
-0.913706 18.5787
-0.609137 18.5787
-0.456853 18.4264
-0.304569 18.4264
0 18.4264
0.152284 18.4264
0.304569 18.2741
0.609137 18.2741
0.761421 18.2741
0.913706 18.1218
1.06599 18.1218
1.37056 17.9695
1.52284 17.9695
1.67513 17.8173
1.82741 17.8173
2.13198 17.665
2.28426 17.665
2.43655 17.5127
2.58883 17.5127
2.8934 17.3604
3.04569 17.3604
3.19797 17.2081
3.35025 17.0558
3.50254 17.0558
3.65482 16.9036
3.80711 16.7513
4.11168 16.599
4.26396 16.599
4.41624 16.4467
4.56853 16.2944
4.72081 16.2944
4.8731 16.1421
5.02538 15.9898
5.17766 15.8376
5.32995 15.6853
5.48223 15.6853
5.63452 15.533
5.7868 15.3807
5.93909 15.2284
6.09137 15.0761
6.24365 15.0761
6.54822 14.9239
6.70051 14.7716
6.85279 14.6193
7.00508 14.467
7.15736 14.3147
7.30964 14.1624
7.46193 14.0102
7.46193 13.8579
7.61421 13.7056
7.7665 13.5533
7.91878 13.401
8.07107 13.2487
8.22335 13.0964
8.37563 12.9442
8.52792 12.7919
8.6802 12.6396
8.6802 12.4873
8.83249 12.335
8.98477 12.1827
9.13706 12.0305
9.13706 11.7259
9.28934 11.5736
9.44162 11.4213
9.44162 11.269
9.59391 10.9645
9.59391 10.8122
9.74619 10.6599
9.74619 10.5076
9.89848 10.203
9.89848 10.0508
10.0508 9.89848
10.0508 9.59391
10.0508 9.44162
10.203 9.28934
10.203 8.98477
10.3553 8.83249
10.3553 8.52792
10.3553 8.37563
10.5076 8.22335
10.5076 7.91878
10.5076 7.7665
10.6599 7.61421
10.6599 7.30964
10.6599 7.15736
10.8122 6.85279
