10.8122 6.85279
10.8122 6.54822
10.9645 6.39594
10.9645 6.09137
11.1168 5.93909
11.1168 5.63452
11.269 5.48223
11.269 5.17766
11.269 5.02538
11.269 4.72081
11.269 4.41624
11.269 4.26396
11.4213 3.95939
11.4213 3.80711
11.269 3.50254
11.269 3.35025
11.269 3.04569
11.269 2.74112
11.269 2.58883
11.1168 2.28426
11.1168 2.13198
11.1168 1.82741
10.9645 1.67513
10.9645 1.37056
10.8122 1.21827
10.6599 0.913706
10.6599 0.761421
10.5076 0.609137
10.3553 0.304569
10.203 0.152284
10.203 -0.152284
10.0508 -0.304569
9.89848 -0.456853
9.74619 -0.609137
9.59391 -0.913706
9.44162 -1.06599
9.28934 -1.21827
9.13706 -1.37056
8.98477 -1.52284
8.83249 -1.82741
8.6802 -1.9797
8.37563 -2.13198
8.22335 -2.28426
8.07107 -2.43655
7.91878 -2.58883
7.7665 -2.74112
7.61421 -2.8934
7.30964 -3.04569
7.15736 -3.19797
7.00508 -3.35025
6.85279 -3.35025
6.54822 -3.50254
6.39594 -3.65482
6.24365 -3.80711
5.93909 -3.95939
5.7868 -3.95939
5.63452 -4.11168
5.32995 -4.26396
5.17766 -4.41624
5.02538 -4.41624
4.72081 -4.56853
4.56853 -4.72081
4.41624 -4.72081
4.11168 -4.8731
3.95939 -5.02538
3.80711 -5.02538
3.50254 -5.17766
3.35025 -5.17766
3.04569 -5.32995
2.8934 -5.32995
2.58883 -5.32995
2.43655 -5.48223
2.28426 -5.48223
1.9797 -5.63452
1.82741 -5.63452
1.52284 -5.63452
1.37056 -5.7868
1.06599 -5.7868
0.913706 -5.7868
0.609137 -5.7868
0.456853 -5.7868
0.152284 -5.7868
0 -5.93909
-0.152284 -5.93909
-0.456853 -5.93909
-0.609137 -5.93909
-0.913706 -5.93909
-1.06599 -5.93909
-1.37056 -5.93909
-1.52284 -5.93909
-1.82741 -5.93909
-1.9797 -5.7868
-2.28426 -5.7868
-2.43655 -5.7868
-2.58883 -5.7868
-2.8934 -5.7868
-3.04569 -5.63452
-3.35025 -5.63452
-3.50254 -5.63452
-3.80711 -5.48223
-3.95939 -5.48223
-4.11168 -5.48223
-4.41624 -5.32995
-4.56853 -5.32995
-4.72081 -5.32995
-5.02538 -5.17766
-5.17766 -5.17766
-5.32995 -5.02538
-5.63452 -4.8731
-5.7868 -4.8731
-5.93909 -4.72081
-6.24365 -4.72081
-6.39594 -4.56853
-6.54822 -4.41624
-6.70051 -4.41624
-7.00508 -4.26396
-7.15736 -4.11168
-7.30964 -4.11168
-7.46193 -3.95939
-7.61421 -3.80711
-7.7665 -3.65482
-8.07107 -3.50254
-8.22335 -3.50254
-8.37563 -3.35025
-8.52792 -3.19797
-8.6802 -3.04569
-8.83249 -2.8934
-8.98477 -2.74112
-9.13706 -2.58883
-9.28934 -2.43655
-9.44162 -2.28426
-9.59391 -2.13198
-9.74619 -1.9797
-9.74619 -1.82741
-9.89848 -1.67513
-10.0508 -1.52284
-10.203 -1.37056
-10.3553 -1.21827
-10.3553 -1.06599
-10.5076 -0.761421
-10.6599 -0.609137
-10.8122 -0.456853
-10.8122 -0.304569
-10.9645 -0.152284
-11.1168 0
-11.1168 0.304569
-11.269 0.456853
-11.269 0.609137
-11.4213 0.761421
-11.4213 0.913706
-11.5736 1.21827
-11.5736 1.37056
-11.7259 1.52284
-11.7259 1.67513
-11.8782 1.82741
-11.8782 1.9797
-12.0305 2.28426
-12.0305 2.43655
-12.1827 2.58883
-12.335 2.74112
-12.335 2.8934
-12.4873 3.19797
-12.4873 3.35025
-12.6396 3.50254
-12.6396 3.65482
-12.7919 3.80711
-12.9442 3.95939
-13.0964 4.26396
-13.0964 4.41624
-13.2487 4.56853
-13.401 4.72081
-13.5533 4.8731
-13.7056 5.17766
-13.8579 5.32995
-14.0102 5.48223
-14.1624 5.7868
-14.3147 5.93909
-14.3147 6.09137
-14.467 6.39594
-14.6193 6.54822
-14.7716 6.85279
-14.9239 7.00508
-15.0761 7.30964
-15.2284 7.46193
-15.3807 7.7665
-15.3807 7.91878
-15.533 8.22335
-15.6853 8.52792
-15.6853 8.83249
-15.8376 8.98477
-15.8376 9.28934
-15.9898 9.59391
-15.9898 9.74619
-15.9898 10.0508
-15.9898 10.3553
-15.9898 10.6599
-15.9898 10.8122
-15.9898 11.1168
-15.9898 11.4213
-15.8376 11.7259
-15.8376 11.8782
-15.8376 12.1827
-15.6853 12.4873
-15.6853 12.6396
-15.533 12.9442
-15.3807 13.0964
-15.2284 13.401
-15.2284 13.5533
-15.0761 13.8579
-14.9239 14.0102
-14.7716 14.3147
-14.6193 14.467
-14.3147 14.6193
-14.1624 14.9239
-14.0102 15.0761
-13.8579 15.2284
-13.5533 15.3807
-13.401 15.533
-13.2487 15.6853
-12.9442 15.8376
-12.7919 15.9898
-12.4873 16.1421
-12.335 16.2944
-12.0305 16.4467
-11.8782 16.4467
-11.5736 16.599
-11.4213 16.7513
-11.1168 16.7513
-10.9645 16.9036
-10.6599 17.0558
-10.3553 17.0558
-10.203 17.2081
-9.89848 17.2081
-9.74619 17.3604
-9.44162 17.3604
-9.28934 17.5127
-8.98477 17.5127
-8.83249 17.5127
-8.52792 17.665
-8.37563 17.665
-8.07107 17.665
-7.91878 17.8173
-7.61421 17.8173
-7.46193 17.9695
-7.15736 17.9695
-7.00508 17.9695
-6.85279 18.1218
-6.54822 18.1218
-6.39594 18.1218
-6.09137 18.2741
-5.93909 18.2741
-5.7868 18.2741
-5.48223 18.4264
-5.32995 18.4264
-5.17766 18.4264
-4.8731 18.4264
-4.72081 18.5787
-4.56853 18.5787
-4.26396 18.5787
-4.11168 18.5787
-3.80711 18.731
-3.65482 18.731
-3.50254 18.731
-3.19797 18.731
-3.04569 18.731
-2.8934 18.731
-2.58883 18.731
-2.43655 18.731
-2.13198 18.731
-1.9797 18.731
-1.82741 18.731
-1.52284 18.731
-1.37056 18.731
-1.21827 18.731
-0.913706 18.5787
-0.761421 18.5787
-0.609137 18.5787
-0.304569 18.5787
-0.152284 18.4264
0 18.4264
0.304569 18.4264
0.456853 18.2741
0.609137 18.2741
0.913706 18.2741
1.06599 18.1218
1.21827 18.1218
1.37056 17.9695
1.67513 17.9695
1.82741 17.8173
1.9797 17.8173
2.13198 17.665
2.43655 17.665
2.58883 17.5127
2.74112 17.5127
2.8934 17.3604
3.04569 17.3604
3.35025 17.2081
3.50254 17.0558
3.65482 17.0558
3.80711 16.9036
3.95939 16.7513
4.11168 16.7513
4.41624 16.599
4.56853 16.4467
4.72081 16.4467
4.8731 16.2944
5.02538 16.1421
5.17766 15.9898
5.32995 15.9898
5.48223 15.8376
5.63452 15.6853
5.7868 15.533
5.93909 15.3807
6.09137 15.3807
6.39594 15.2284
6.54822 15.0761
6.70051 14.9239
6.85279 14.7716
7.00508 14.6193
7.15736 14.467
7.30964 14.3147
7.46193 14.1624
7.46193 14.0102
7.61421 13.8579
7.7665 13.7056
7.91878 13.5533
8.07107 13.401
8.22335 13.2487
8.37563 13.0964
8.52792 12.9442
8.6802 12.7919
8.6802 12.6396
8.83249 12.4873
8.98477 12.335
9.13706 12.0305
9.13706 11.8782
9.28934 11.7259
9.44162 11.5736
9.44162 11.269
9.59391 11.1168
9.59391 10.9645
9.74619 10.8122
9.74619 10.5076
9.89848 10.3553
9.89848 10.203
10.0508 9.89848
10.0508 9.74619
10.203 9.59391
10.203 9.28934
10.203 9.13706
10.3553 8.98477
10.3553 8.6802
10.5076 8.52792
10.5076 8.37563
10.5076 8.07107
10.6599 7.91878
10.6599 7.61421
10.6599 7.46193
10.6599 7.30964
10.8122 7.00508
