10.9645 6.54822
10.9645 6.39594
11.1168 6.09137
11.1168 5.93909
11.1168 5.7868
11.269 5.48223
11.269 5.32995
11.269 5.02538
11.4213 4.8731
11.4213 4.56853
11.4213 4.41624
11.4213 4.11168
11.4213 3.80711
11.4213 3.65482
11.4213 3.35025
11.4213 3.19797
11.4213 2.8934
11.4213 2.74112
11.4213 2.43655
11.4213 2.28426
11.269 1.9797
11.269 1.82741
11.1168 1.52284
11.1168 1.37056
10.9645 1.06599
10.9645 0.913706
10.8122 0.609137
10.8122 0.456853
10.6599 0.304569
10.5076 0
10.3553 -0.152284
10.203 -0.304569
10.0508 -0.456853
9.89848 -0.761421
9.74619 -0.913706
9.59391 -1.06599
9.44162 -1.21827
9.28934 -1.37056
9.13706 -1.52284
8.98477 -1.67513
8.83249 -1.82741
8.6802 -1.9797
8.37563 -2.13198
8.22335 -2.28426
8.07107 -2.43655
7.91878 -2.58883
7.7665 -2.74112
7.46193 -2.8934
7.30964 -3.04569
7.15736 -3.04569
7.00508 -3.19797
6.85279 -3.35025
6.54822 -3.50254
6.39594 -3.65482
6.24365 -3.80711
6.09137 -3.80711
5.7868 -3.95939
5.63452 -4.11168
5.48223 -4.26396
5.32995 -4.26396
5.02538 -4.41624
4.8731 -4.56853
4.72081 -4.56853
4.56853 -4.72081
4.26396 -4.8731
4.11168 -4.8731
3.95939 -5.02538
3.65482 -5.02538
3.50254 -5.17766
3.35025 -5.17766
3.04569 -5.32995
2.8934 -5.32995
2.58883 -5.48223
2.43655 -5.48223
2.28426 -5.63452
1.9797 -5.63452
1.82741 -5.63452
1.52284 -5.7868
1.37056 -5.7868
1.21827 -5.7868
0.913706 -5.7868
0.761421 -5.93909
0.456853 -5.93909
0.304569 -5.93909
0 -5.93909
-0.152284 -5.93909
-0.456853 -5.93909
-0.609137 -5.93909
-0.761421 -5.93909
-1.06599 -5.93909
-1.21827 -5.93909
-1.52284 -5.93909
-1.67513 -5.93909
-1.9797 -5.93909
-2.13198 -5.7868
-2.28426 -5.7868
-2.58883 -5.7868
-2.74112 -5.7868
-3.04569 -5.63452
-3.19797 -5.63452
-3.35025 -5.63452
-3.65482 -5.48223
-3.80711 -5.48223
-3.95939 -5.48223
-4.26396 -5.32995
-4.41624 -5.32995
-4.72081 -5.17766
-4.8731 -5.17766
-5.02538 -5.02538
-5.17766 -5.02538
-5.48223 -4.8731
-5.63452 -4.8731
-5.7868 -4.72081
-6.09137 -4.56853
-6.24365 -4.56853
-6.39594 -4.41624
-6.54822 -4.26396
-6.70051 -4.26396
-7.00508 -4.11168
-7.15736 -3.95939
-7.30964 -3.95939
-7.46193 -3.80711
-7.61421 -3.65482
-7.7665 -3.50254
-8.07107 -3.35025
-8.22335 -3.35025
-8.37563 -3.19797
-8.52792 -3.04569
-8.6802 -2.8934
-8.83249 -2.74112
-8.98477 -2.58883
-9.13706 -2.43655
-9.28934 -2.28426
-9.44162 -2.13198
-9.59391 -1.9797
-9.74619 -1.82741
-9.89848 -1.67513
-9.89848 -1.52284
-10.0508 -1.37056
-10.203 -1.21827
-10.3553 -1.06599
-10.5076 -0.913706
-10.5076 -0.609137
-10.6599 -0.456853
-10.8122 -0.304569
-10.8122 -0.152284
-10.9645 0
-10.9645 0.304569
-11.1168 0.456853
-11.1168 0.609137
-11.269 0.761421
-11.269 1.06599
-11.4213 1.21827
-11.4213 1.37056
-11.5736 1.52284
-11.5736 1.82741
-11.5736 1.9797
-11.7259 2.13198
-11.7259 2.28426
-11.8782 2.58883
-11.8782 2.74112
-12.0305 2.8934
-12.0305 3.04569
-12.0305 3.19797
-12.1827 3.50254
-12.335 3.65482
-12.335 3.80711
-12.4873 3.95939
-12.4873 4.11168
-12.6396 4.41624
-12.7919 4.56853
-12.9442 4.72081
-13.0964 4.8731
-13.0964 5.17766
-13.2487 5.32995
-13.401 5.48223
-13.5533 5.7868
-13.7056 5.93909
-13.8579 6.09137
-14.0102 6.39594
-14.0102 6.54822
-14.1624 6.85279
-14.3147 7.00508
-14.467 7.30964
-14.6193 7.46193
-14.6193 7.7665
-14.7716 8.07107
-14.7716 8.22335
-14.9239 8.52792
-14.9239 8.6802
-15.0761 8.98477
-15.0761 9.28934
-15.0761 9.59391
-15.0761 9.74619
-15.0761 10.0508
-15.0761 10.3553
-15.0761 10.5076
-14.9239 10.8122
-14.9239 10.9645
-14.9239 11.269
-14.7716 11.5736
-14.7716 11.7259
-14.6193 12.0305
-14.467 12.1827
-14.467 12.4873
-14.3147 12.6396
-14.1624 12.9442
-14.0102 13.0964
-13.8579 13.2487
-13.7056 13.5533
-13.5533 13.7056
-13.401 13.8579
-13.2487 14.1624
-13.0964 14.3147
-12.9442 14.467
-12.7919 14.6193
-12.6396 14.9239
-12.4873 15.0761
-12.335 15.2284
-12.1827 15.3807
-11.8782 15.533
-11.7259 15.6853
-11.5736 15.8376
-11.4213 15.9898
-11.269 16.1421
-10.9645 16.2944
-10.8122 16.4467
-10.6599 16.599
-10.5076 16.7513
-10.203 16.9036
-10.0508 17.0558
-9.89848 17.2081
-9.59391 17.3604
-9.44162 17.3604
-9.28934 17.5127
-8.98477 17.665
-8.83249 17.8173
-8.52792 17.8173
-8.37563 17.9695
-8.07107 17.9695
-7.91878 18.1218
-7.7665 18.1218
-7.46193 18.2741
-7.30964 18.2741
-7.00508 18.4264
-6.85279 18.4264
-6.54822 18.4264
-6.39594 18.5787
-6.09137 18.5787
-5.93909 18.5787
-5.63452 18.5787
-5.48223 18.5787
-5.17766 18.731
-5.02538 18.731
-4.72081 18.731
-4.56853 18.731
-4.26396 18.731
-4.11168 18.731
-3.80711 18.731
-3.65482 18.731
-3.35025 18.731
-3.19797 18.731
-2.8934 18.731
-2.74112 18.731
-2.58883 18.731
-2.28426 18.731
-2.13198 18.731
-1.82741 18.731
-1.67513 18.5787
-1.52284 18.5787
-1.21827 18.5787
-1.06599 18.5787
-0.913706 18.5787
-0.609137 18.5787
-0.456853 18.5787
-0.152284 18.4264
0 18.4264
0.152284 18.4264
0.456853 18.4264
0.609137 18.4264
0.761421 18.2741
1.06599 18.2741
1.21827 18.2741
1.37056 18.1218
1.67513 18.1218
1.82741 18.1218
1.9797 17.9695
2.13198 17.9695
2.43655 17.8173
2.58883 17.8173
2.74112 17.665
2.8934 17.665
3.19797 17.5127
3.35025 17.3604
3.50254 17.3604
3.65482 17.2081
3.80711 17.0558
4.11168 17.0558
4.26396 16.9036
4.41624 16.7513
4.56853 16.599
4.72081 16.599
4.8731 16.4467
5.02538 16.2944
5.17766 16.1421
5.32995 15.9898
5.48223 15.9898
5.63452 15.8376
5.7868 15.6853
5.93909 15.533
6.09137 15.3807
6.24365 15.2284
6.39594 15.0761
6.54822 15.0761
6.70051 14.9239
6.85279 14.7716
7.00508 14.6193
7.15736 14.467
7.30964 14.3147
7.46193 14.1624
7.61421 14.0102
7.7665 13.8579
7.91878 13.7056
8.07107 13.5533
8.22335 13.401
8.37563 13.2487
8.52792 13.0964
8.6802 12.9442
8.6802 12.7919
8.83249 12.6396
8.98477 12.4873
9.13706 12.335
9.28934 12.1827
9.28934 12.0305
9.44162 11.8782
9.59391 11.5736
9.59391 11.4213
9.74619 11.269
9.89848 11.1168
9.89848 10.8122
10.0508 10.6599
10.0508 10.5076
10.203 10.3553
10.203 10.0508
10.203 9.89848
10.3553 9.74619
10.3553 9.44162
10.5076 9.28934
10.5076 9.13706
10.5076 8.83249
10.5076 8.6802
10.6599 8.52792
10.6599 8.22335
10.6599 8.07107
10.6599 7.91878
10.8122 7.61421
10.8122 7.46193
10.8122 7.15736
10.8122 7.00508
10.9645 6.85279
