10.9645 6.70051
10.9645 6.39594
11.1168 6.24365
11.1168 6.09137
11.269 5.7868
11.269 5.63452
11.4213 5.32995
11.4213 5.17766
11.5736 4.8731
11.5736 4.72081
11.5736 4.41624
11.5736 4.11168
11.5736 3.95939
11.5736 3.65482
11.7259 3.50254
11.5736 3.19797
11.5736 3.04569
11.5736 2.74112
11.5736 2.43655
11.5736 2.28426
11.5736 1.9797
11.4213 1.82741
11.4213 1.52284
11.269 1.37056
11.269 1.06599
11.1168 0.913706
10.9645 0.609137
10.9645 0.456853
10.8122 0.304569
10.6599 0
10.5076 -0.152284
10.3553 -0.304569
10.203 -0.456853
10.0508 -0.761421
9.89848 -0.913706
9.74619 -1.06599
9.59391 -1.21827
9.44162 -1.37056
9.28934 -1.52284
9.13706 -1.67513
8.83249 -1.82741
8.6802 -1.9797
8.52792 -2.13198
8.37563 -2.28426
8.07107 -2.43655
7.91878 -2.58883
7.7665 -2.74112
7.61421 -2.8934
7.46193 -3.04569
7.15736 -3.04569
7.00508 -3.19797
6.85279 -3.35025
6.70051 -3.50254
6.39594 -3.65482
6.24365 -3.80711
6.09137 -3.80711
5.93909 -3.95939
5.63452 -4.11168
5.48223 -4.26396
5.32995 -4.26396
5.17766 -4.41624
4.8731 -4.56853
4.72081 -4.72081
4.56853 -4.72081
4.26396 -4.8731
4.11168 -4.8731
3.95939 -5.02538
3.65482 -5.17766
3.50254 -5.17766
3.35025 -5.32995
3.04569 -5.32995
2.8934 -5.48223
2.58883 -5.48223
2.43655 -5.63452
2.28426 -5.63452
1.9797 -5.63452
1.82741 -5.7868
1.52284 -5.7868
1.37056 -5.7868
1.06599 -5.7868
0.913706 -5.93909
0.761421 -5.93909
0.456853 -5.93909
0.304569 -5.93909
0 -5.93909
-0.152284 -5.93909
-0.456853 -5.93909
-0.609137 -5.93909
-0.913706 -5.93909
-1.06599 -5.93909
-1.37056 -5.93909
-1.52284 -5.93909
-1.67513 -5.93909
-1.9797 -5.7868
-2.13198 -5.7868
-2.43655 -5.7868
-2.58883 -5.7868
-2.8934 -5.63452
-3.04569 -5.63452
-3.19797 -5.63452
-3.50254 -5.48223
-3.65482 -5.48223
-3.80711 -5.48223
-4.11168 -5.32995
-4.26396 -5.32995
-4.41624 -5.17766
-4.72081 -5.17766
-4.8731 -5.02538
-5.02538 -5.02538
-5.32995 -4.8731
-5.48223 -4.72081
-5.63452 -4.72081
-5.7868 -4.56853
-6.09137 -4.41624
-6.24365 -4.41624
-6.39594 -4.26396
-6.54822 -4.11168
-6.85279 -4.11168
-7.00508 -3.95939
-7.15736 -3.80711
-7.30964 -3.65482
-7.46193 -3.65482
-7.61421 -3.50254
-7.7665 -3.35025
-7.91878 -3.19797
-8.07107 -3.04569
-8.22335 -2.8934
-8.37563 -2.74112
-8.52792 -2.58883
-8.6802 -2.43655
-8.83249 -2.43655
-8.98477 -2.28426
-9.13706 -2.13198
-9.28934 -1.9797
-9.44162 -1.82741
-9.59391 -1.52284
-9.74619 -1.37056
-9.89848 -1.21827
-9.89848 -1.06599
-10.0508 -0.913706
-10.203 -0.761421
-10.3553 -0.609137
-10.3553 -0.456853
-10.5076 -0.304569
-10.5076 0
-10.6599 0.152284
-10.8122 0.304569
-10.8122 0.456853
-10.9645 0.609137
-10.9645 0.913706
-11.1168 1.06599
-11.1168 1.21827
-11.269 1.37056
-11.269 1.67513
-11.269 1.82741
-11.4213 1.9797
-11.4213 2.13198
-11.5736 2.28426
-11.5736 2.58883
-11.5736 2.74112
-11.7259 2.8934
-11.7259 3.04569
-11.8782 3.19797
-11.8782 3.50254
-12.0305 3.65482
-12.0305 3.80711
-12.1827 3.95939
-12.1827 4.11168
-12.335 4.26396
-12.4873 4.56853
-12.4873 4.72081
-12.6396 4.8731
-12.7919 5.02538
-12.7919 5.32995
-12.9442 5.48223
-13.0964 5.63452
-13.2487 5.7868
-13.2487 6.09137
-13.401 6.24365
-13.5533 6.39594
-13.7056 6.70051
-13.7056 6.85279
-13.8579 7.15736
-14.0102 7.30964
-14.1624 7.61421
-14.1624 7.7665
-14.3147 8.07107
-14.467 8.22335
-14.467 8.52792
-14.6193 8.83249
-14.6193 8.98477
-14.7716 9.28934
-14.7716 9.59391
-14.7716 9.74619
-14.9239 10.0508
-14.9239 10.3553
-14.9239 10.5076
-14.9239 10.8122
-14.9239 11.1168
-14.9239 11.4213
-14.9239 11.5736
-14.9239 11.8782
-14.7716 12.1827
-14.7716 12.335
-14.7716 12.6396
-14.6193 12.9442
-14.6193 13.0964
-14.467 13.401
-14.3147 13.7056
-14.3147 13.8579
-14.1624 14.1624
-14.0102 14.3147
-13.8579 14.467
-13.7056 14.7716
-13.5533 14.9239
-13.401 15.0761
-13.2487 15.3807
-12.9442 15.533
-12.7919 15.6853
-12.6396 15.8376
-12.335 15.9898
-12.1827 16.1421
-11.8782 16.2944
-11.7259 16.4467
-11.4213 16.4467
-11.269 16.599
-10.9645 16.7513
-10.8122 16.7513
-10.5076 16.9036
-10.203 17.0558
-10.0508 17.0558
-9.74619 17.2081
-9.59391 17.2081
-9.28934 17.2081
-8.98477 17.3604
-8.83249 17.3604
-8.52792 17.5127
-8.37563 17.5127
-8.07107 17.5127
-7.91878 17.665
-7.61421 17.665
-7.46193 17.665
-7.15736 17.8173
-7.00508 17.8173
-6.85279 17.9695
-6.54822 17.9695
-6.39594 17.9695
-6.09137 18.1218
-5.93909 18.1218
-5.7868 18.2741
-5.48223 18.2741
-5.32995 18.2741
-5.17766 18.4264
-4.8731 18.4264
-4.72081 18.5787
-4.56853 18.5787
-4.26396 18.5787
-4.11168 18.731
-3.80711 18.731
-3.65482 18.731
-3.50254 18.8832
-3.19797 18.8832
-3.04569 18.8832
-2.74112 18.8832
-2.58883 19.0355
-2.43655 19.0355
-2.13198 19.0355
-1.9797 19.0355
-1.67513 19.0355
-1.52284 19.0355
-1.37056 19.0355
-1.06599 19.0355
-0.913706 19.0355
-0.609137 18.8832
-0.456853 18.8832
-0.304569 18.8832
0 18.8832
0.152284 18.731
0.456853 18.731
0.609137 18.731
0.761421 18.5787
1.06599 18.5787
1.21827 18.5787
1.37056 18.4264
1.67513 18.4264
1.82741 18.2741
1.9797 18.2741
2.13198 18.1218
2.43655 18.1218
2.58883 17.9695
2.74112 17.9695
2.8934 17.8173
3.19797 17.665
3.35025 17.665
3.50254 17.5127
3.65482 17.3604
3.80711 17.3604
4.11168 17.2081
4.26396 17.0558
4.41624 16.9036
4.56853 16.9036
4.72081 16.7513
4.8731 16.599
5.02538 16.4467
5.17766 16.4467
5.32995 16.2944
5.63452 16.1421
5.7868 15.9898
5.93909 15.8376
6.09137 15.6853
6.24365 15.6853
6.39594 15.533
6.54822 15.3807
6.70051 15.2284
6.85279 15.0761
7.00508 14.9239
7.15736 14.7716
7.15736 14.6193
7.30964 14.467
7.46193 14.3147
7.61421 14.1624
7.7665 14.0102
7.91878 13.8579
8.07107 13.7056
8.22335 13.5533
8.37563 13.401
8.52792 13.2487
8.52792 13.0964
8.6802 12.9442
8.83249 12.7919
8.98477 12.6396
9.13706 12.4873
9.13706 12.1827
9.28934 12.0305
9.44162 11.8782
9.44162 11.7259
9.59391 11.5736
9.74619 11.4213
9.74619 11.1168
9.89848 10.9645
10.0508 10.8122
10.0508 10.6599
10.203 10.3553
10.203 10.203
10.3553 10.0508
10.3553 9.74619
10.5076 9.59391
10.5076 9.44162
10.6599 9.13706
10.6599 8.98477
10.6599 8.83249
10.8122 8.52792
10.8122 8.37563
10.8122 8.22335
10.8122 7.91878
10.9645 7.7665
10.9645 7.46193
10.9645 7.30964
10.9645 7.15736
10.9645 6.85279
