11.1168 6.70051
11.1168 6.54822
11.269 6.39594
11.269 6.09137
11.269 5.93909
11.4213 5.63452
11.4213 5.48223
11.5736 5.17766
11.5736 5.02538
11.5736 4.72081
11.5736 4.56853
11.7259 4.26396
11.7259 4.11168
11.7259 3.80711
11.7259 3.50254
11.7259 3.35025
11.7259 3.04569
11.7259 2.8934
11.5736 2.58883
11.5736 2.43655
11.5736 2.13198
11.5736 1.9797
11.4213 1.67513
11.4213 1.37056
11.269 1.21827
11.269 1.06599
11.1168 0.761421
10.9645 0.609137
10.9645 0.304569
10.8122 0.152284
10.6599 0
10.5076 -0.304569
10.3553 -0.456853
10.203 -0.609137
10.0508 -0.761421
9.89848 -1.06599
9.74619 -1.21827
9.59391 -1.37056
9.44162 -1.52284
9.28934 -1.67513
9.13706 -1.82741
8.98477 -1.9797
8.6802 -2.13198
8.52792 -2.28426
8.37563 -2.43655
8.22335 -2.58883
8.07107 -2.74112
7.7665 -2.8934
7.61421 -3.04569
7.46193 -3.04569
7.30964 -3.19797
7.00508 -3.35025
6.85279 -3.50254
6.70051 -3.65482
6.54822 -3.80711
6.24365 -3.80711
6.09137 -3.95939
5.93909 -4.11168
5.7868 -4.26396
5.48223 -4.26396
5.32995 -4.41624
5.17766 -4.56853
4.8731 -4.56853
4.72081 -4.72081
4.56853 -4.8731
4.26396 -4.8731
4.11168 -5.02538
3.95939 -5.02538
3.65482 -5.17766
3.50254 -5.17766
3.19797 -5.32995
3.04569 -5.32995
2.8934 -5.48223
2.58883 -5.48223
2.43655 -5.63452
2.13198 -5.63452
1.9797 -5.63452
1.67513 -5.7868
1.52284 -5.7868
1.37056 -5.7868
1.06599 -5.7868
0.913706 -5.93909
0.609137 -5.93909
0.456853 -5.93909
0.152284 -5.93909
0 -5.93909
-0.304569 -5.93909
-0.456853 -5.93909
-0.761421 -5.93909
-0.913706 -5.93909
-1.06599 -5.93909
-1.37056 -5.93909
-1.52284 -5.93909
-1.82741 -5.93909
-1.9797 -5.7868
-2.28426 -5.7868
-2.43655 -5.7868
-2.74112 -5.7868
-2.8934 -5.63452
-3.04569 -5.63452
-3.35025 -5.63452
-3.50254 -5.48223
-3.65482 -5.48223
-3.95939 -5.32995
-4.11168 -5.32995
-4.26396 -5.17766
-4.56853 -5.17766
-4.72081 -5.02538
-4.8731 -4.8731
-5.17766 -4.8731
-5.32995 -4.72081
-5.48223 -4.72081
-5.63452 -4.56853
-5.93909 -4.41624
-6.09137 -4.26396
-6.24365 -4.26396
-6.39594 -4.11168
-6.54822 -3.95939
-6.85279 -3.95939
-7.00508 -3.80711
-7.15736 -3.65482
-7.30964 -3.50254
-7.46193 -3.35025
-7.61421 -3.35025
-7.7665 -3.19797
-7.91878 -3.04569
-8.07107 -2.8934
-8.37563 -2.74112
-8.52792 -2.58883
-8.6802 -2.43655
-8.83249 -2.28426
-8.98477 -2.13198
-8.98477 -1.9797
-9.13706 -1.82741
-9.28934 -1.67513
-9.44162 -1.52284
-9.59391 -1.37056
-9.74619 -1.21827
-9.89848 -1.06599
-9.89848 -0.913706
-10.0508 -0.761421
-10.203 -0.609137
-10.3553 -0.456853
-10.3553 -0.152284
-10.5076 0
-10.5076 0.152284
-10.6599 0.304569
-10.6599 0.456853
-10.8122 0.761421
-10.8122 0.913706
-10.9645 1.06599
-10.9645 1.21827
-11.1168 1.52284
-11.1168 1.67513
-11.1168 1.82741
-11.269 2.13198
-11.269 2.28426
-11.269 2.43655
-11.4213 2.58883
-11.4213 2.74112
-11.4213 3.04569
-11.5736 3.19797
-11.5736 3.35025
-11.5736 3.50254
-11.7259 3.65482
-11.7259 3.95939
-11.8782 4.11168
-11.8782 4.26396
-12.0305 4.41624
-12.1827 4.56853
-12.1827 4.8731
-12.335 5.02538
-12.4873 5.17766
-12.6396 5.32995
-12.6396 5.48223
-12.7919 5.7868
-12.9442 5.93909
-13.0964 6.09137
-13.2487 6.39594
-13.401 6.54822
-13.5533 6.70051
-13.5533 7.00508
-13.7056 7.15736
-13.8579 7.46193
-14.0102 7.61421
-14.1624 7.91878
-14.1624 8.07107
-14.3147 8.37563
-14.467 8.6802
-14.467 8.83249
-14.6193 9.13706
-14.6193 9.44162
-14.7716 9.59391
-14.7716 9.89848
-14.7716 10.203
-14.9239 10.5076
-14.9239 10.6599
-14.9239 10.9645
-14.9239 11.269
-14.9239 11.4213
-14.7716 11.7259
-14.7716 12.0305
-14.7716 12.335
-14.7716 12.4873
-14.6193 12.7919
-14.6193 12.9442
-14.467 13.2487
-14.3147 13.5533
-14.3147 13.7056
-14.1624 14.0102
-14.0102 14.1624
-13.8579 14.467
-13.7056 14.6193
-13.5533 14.7716
-13.401 15.0761
-13.2487 15.2284
-13.0964 15.3807
-12.7919 15.533
-12.6396 15.8376
-12.4873 15.9898
-12.1827 16.1421
-12.0305 16.2944
-11.7259 16.2944
-11.5736 16.4467
-11.269 16.599
-11.1168 16.7513
-10.8122 16.9036
-10.6599 16.9036
-10.3553 17.0558
-10.203 17.0558
-9.89848 17.2081
-9.59391 17.2081
-9.44162 17.3604
-9.13706 17.3604
-8.98477 17.5127
-8.6802 17.5127
-8.52792 17.665
-8.22335 17.665
-7.91878 17.665
-7.7665 17.8173
-7.46193 17.8173
-7.30964 17.8173
-7.00508 17.9695
-6.85279 17.9695
-6.70051 18.1218
-6.39594 18.1218
-6.24365 18.1218
-5.93909 18.2741
-5.7868 18.2741
-5.63452 18.2741
-5.32995 18.4264
-5.17766 18.4264
-4.8731 18.4264
-4.72081 18.5787
-4.56853 18.5787
-4.26396 18.5787
-4.11168 18.731
-3.95939 18.731
-3.65482 18.731
-3.50254 18.731
-3.19797 18.8832
-3.04569 18.8832
-2.8934 18.8832
-2.58883 18.8832
-2.43655 18.8832
-2.13198 18.8832
-1.9797 18.8832
-1.82741 18.8832
-1.52284 19.0355
-1.37056 19.0355
-1.06599 18.8832
-0.913706 18.8832
-0.761421 18.8832
-0.456853 18.8832
-0.304569 18.8832
0 18.8832
0.152284 18.8832
0.304569 18.8832
0.609137 18.731
0.761421 18.731
0.913706 18.731
1.21827 18.5787
1.37056 18.5787
1.52284 18.5787
1.82741 18.4264
1.9797 18.4264
2.13198 18.2741
2.43655 18.2741
2.58883 18.1218
2.74112 18.1218
2.8934 17.9695
3.19797 17.9695
3.35025 17.8173
3.50254 17.665
3.65482 17.665
3.80711 17.5127
4.11168 17.3604
4.26396 17.3604
4.41624 17.2081
4.56853 17.0558
4.72081 16.9036
4.8731 16.7513
5.02538 16.7513
5.17766 16.599
5.32995 16.4467
5.63452 16.2944
5.7868 16.1421
5.93909 15.9898
6.09137 15.9898
6.24365 15.8376
6.39594 15.6853
6.54822 15.533
6.70051 15.3807
6.85279 15.2284
7.00508 15.0761
7.15736 14.9239
7.30964 14.7716
7.46193 14.7716
7.46193 14.6193
7.61421 14.467
7.7665 14.3147
7.91878 14.1624
8.07107 14.0102
8.22335 13.8579
8.37563 13.7056
8.52792 13.5533
8.6802 13.401
8.83249 13.2487
8.83249 12.9442
8.98477 12.7919
9.13706 12.6396
9.28934 12.4873
9.28934 12.335
9.44162 12.1827
9.59391 12.0305
9.59391 11.7259
9.74619 11.5736
9.89848 11.4213
9.89848 11.269
10.0508 10.9645
10.0508 10.8122
10.0508 10.6599
10.203 10.5076
10.203 10.203
10.3553 10.0508
10.3553 9.89848
10.3553 9.59391
10.5076 9.44162
10.5076 9.28934
10.5076 8.98477
10.6599 8.83249
10.6599 8.6802
10.6599 8.37563
10.8122 8.22335
10.8122 8.07107
10.8122 7.7665
10.9645 7.61421
10.9645 7.46193
10.9645 7.15736
11.1168 7.00508
