11.1168 6.70051
11.1168 6.54822
11.269 6.39594
11.269 6.09137
11.4213 5.93909
11.4213 5.63452
11.5736 5.48223
11.5736 5.17766
11.7259 5.02538
11.7259 4.72081
11.7259 4.56853
11.7259 4.26396
11.7259 4.11168
11.7259 3.80711
11.7259 3.65482
11.7259 3.35025
11.7259 3.19797
11.7259 2.8934
11.7259 2.58883
11.7259 2.43655
11.5736 2.13198
11.5736 1.9797
11.5736 1.67513
11.4213 1.52284
11.4213 1.21827
11.269 1.06599
11.1168 0.913706
11.1168 0.609137
10.9645 0.456853
10.8122 0.304569
10.6599 0
10.6599 -0.152284
10.5076 -0.304569
10.3553 -0.609137
10.203 -0.761421
10.0508 -0.913706
9.89848 -1.06599
9.74619 -1.21827
9.59391 -1.37056
9.44162 -1.52284
9.28934 -1.82741
9.13706 -1.9797
8.83249 -2.13198
8.6802 -2.28426
8.52792 -2.43655
8.37563 -2.43655
8.22335 -2.58883
7.91878 -2.74112
7.7665 -2.8934
7.61421 -3.04569
7.46193 -3.19797
7.30964 -3.35025
7.00508 -3.50254
6.85279 -3.50254
6.70051 -3.65482
6.39594 -3.80711
6.24365 -3.95939
6.09137 -3.95939
5.93909 -4.11168
5.63452 -4.26396
5.48223 -4.26396
5.32995 -4.41624
5.02538 -4.56853
4.8731 -4.56853
4.72081 -4.72081
4.41624 -4.8731
4.26396 -4.8731
4.11168 -5.02538
3.80711 -5.02538
3.65482 -5.17766
3.50254 -5.17766
3.19797 -5.32995
3.04569 -5.32995
2.74112 -5.48223
2.58883 -5.48223
2.43655 -5.48223
2.13198 -5.63452
1.9797 -5.63452
1.67513 -5.63452
1.52284 -5.7868
1.21827 -5.7868
1.06599 -5.7868
0.913706 -5.7868
0.609137 -5.93909
0.456853 -5.93909
0.152284 -5.93909
0 -5.93909
-0.304569 -5.93909
-0.456853 -5.93909
-0.761421 -5.93909
-0.913706 -5.93909
-1.06599 -5.93909
-1.37056 -5.93909
-1.52284 -5.93909
-1.82741 -5.93909
-1.9797 -5.7868
-2.28426 -5.7868
-2.43655 -5.7868
-2.74112 -5.7868
-2.8934 -5.63452
-3.04569 -5.63452
-3.35025 -5.48223
-3.50254 -5.48223
-3.65482 -5.48223
-3.95939 -5.32995
-4.11168 -5.32995
-4.41624 -5.17766
-4.56853 -5.02538
-4.72081 -5.02538
-4.8731 -4.8731
-5.17766 -4.8731
-5.32995 -4.72081
-5.48223 -4.56853
-5.63452 -4.56853
-5.93909 -4.41624
-6.09137 -4.26396
-6.24365 -4.11168
-6.39594 -4.11168
-6.54822 -3.95939
-6.85279 -3.80711
-7.00508 -3.65482
-7.15736 -3.65482
-7.30964 -3.50254
-7.46193 -3.35025
-7.61421 -3.19797
-7.7665 -3.04569
-7.91878 -3.04569
-8.22335 -2.8934
-8.37563 -2.74112
-8.52792 -2.58883
-8.6802 -2.43655
-8.83249 -2.28426
-8.98477 -2.13198
-9.13706 -1.9797
-9.28934 -1.82741
-9.28934 -1.67513
-9.44162 -1.52284
-9.59391 -1.37056
-9.74619 -1.21827
-9.89848 -1.06599
-10.0508 -0.913706
-10.0508 -0.609137
-10.203 -0.456853
-10.3553 -0.304569
-10.3553 -0.152284
-10.5076 0
-10.5076 0.304569
-10.6599 0.456853
-10.6599 0.609137
-10.8122 0.913706
-10.8122 1.06599
-10.8122 1.21827
-10.9645 1.52284
-10.9645 1.67513
-10.9645 1.82741
-11.1168 1.9797
-11.1168 2.28426
-11.1168 2.43655
-11.1168 2.58883
-11.269 2.74112
-11.269 3.04569
-11.269 3.19797
-11.4213 3.35025
-11.4213 3.50254
-11.5736 3.65482
-11.5736 3.95939
-11.7259 4.11168
-11.7259 4.26396
-11.8782 4.41624
-11.8782 4.56853
-12.0305 4.8731
-12.1827 5.02538
-12.335 5.17766
-12.4873 5.32995
-12.6396 5.48223
-12.7919 5.7868
-12.7919 5.93909
-12.9442 6.09137
-13.0964 6.39594
-13.2487 6.54822
-13.401 6.70051
-13.5533 7.00508
-13.7056 7.15736
-13.8579 7.46193
-14.0102 7.61421
-14.1624 7.91878
-14.1624 8.22335
-14.3147 8.37563
-14.467 8.6802
-14.467 8.98477
-14.6193 9.13706
-14.6193 9.44162
-14.6193 9.74619
-14.6193 9.89848
-14.6193 10.203
-14.6193 10.5076
-14.6193 10.6599
-14.6193 10.9645
-14.6193 11.269
-14.6193 11.4213
-14.467 11.7259
-14.467 11.8782
-14.3147 12.1827
-14.1624 12.4873
-14.1624 12.6396
-14.0102 12.9442
-13.8579 13.0964
-13.7056 13.2487
-13.5533 13.5533
-13.401 13.7056
-13.2487 13.8579
-13.0964 14.1624
-12.9442 14.3147
-12.7919 14.467
-12.6396 14.6193
-12.4873 14.9239
-12.335 15.0761
-12.0305 15.2284
-11.8782 15.3807
-11.7259 15.533
-11.5736 15.6853
-11.269 15.8376
-11.1168 15.9898
-10.9645 16.1421
-10.6599 16.2944
-10.5076 16.2944
-10.3553 16.4467
-10.0508 16.599
-9.89848 16.7513
-9.74619 16.9036
-9.44162 16.9036
-9.28934 17.0558
-8.98477 17.2081
-8.83249 17.2081
-8.6802 17.3604
-8.37563 17.5127
-8.22335 17.5127
-7.91878 17.665
-7.7665 17.665
-7.61421 17.8173
-7.30964 17.8173
-7.15736 17.9695
-6.85279 17.9695
-6.70051 18.1218
-6.54822 18.1218
-6.24365 18.2741
-6.09137 18.2741
-5.7868 18.4264
-5.63452 18.4264
-5.48223 18.4264
-5.17766 18.5787
-5.02538 18.5787
-4.72081 18.5787
-4.56853 18.731
-4.41624 18.731
-4.11168 18.731
-3.95939 18.8832
-3.65482 18.8832
-3.50254 18.8832
-3.35025 18.8832
-3.04569 18.8832
-2.8934 19.0355
-2.58883 19.0355
-2.43655 19.0355
-2.13198 19.0355
-1.9797 19.0355
-1.82741 19.0355
-1.52284 19.0355
-1.37056 19.0355
-1.06599 19.0355
-0.913706 19.0355
-0.761421 19.0355
-0.456853 19.0355
-0.304569 18.8832
0 18.8832
0.152284 18.8832
0.304569 18.8832
0.609137 18.731
0.761421 18.731
0.913706 18.731
1.21827 18.5787
1.37056 18.5787
1.52284 18.5787
1.82741 18.4264
1.9797 18.4264
2.13198 18.2741
2.43655 18.2741
2.58883 18.1218
2.74112 18.1218
2.8934 17.9695
3.19797 17.9695
3.35025 17.8173
3.50254 17.665
3.65482 17.665
3.80711 17.5127
4.11168 17.3604
4.26396 17.3604
4.41624 17.2081
4.56853 17.0558
4.72081 16.9036
4.8731 16.9036
5.02538 16.7513
5.17766 16.599
5.32995 16.4467
5.63452 16.4467
5.7868 16.2944
5.93909 16.1421
6.09137 15.9898
6.24365 15.8376
6.39594 15.6853
6.54822 15.533
6.70051 15.533
6.85279 15.3807
7.00508 15.2284
7.15736 15.0761
7.30964 14.9239
7.30964 14.7716
7.46193 14.6193
7.61421 14.467
7.7665 14.3147
7.91878 14.1624
8.07107 14.0102
8.22335 13.8579
8.37563 13.7056
8.52792 13.5533
8.6802 13.401
8.6802 13.2487
8.83249 13.0964
8.98477 12.9442
9.13706 12.7919
9.28934 12.6396
9.28934 12.4873
9.44162 12.335
9.59391 12.0305
9.59391 11.8782
9.74619 11.7259
9.89848 11.5736
9.89848 11.4213
10.0508 11.1168
10.0508 10.9645
10.203 10.8122
10.203 10.6599
10.3553 10.3553
10.3553 10.203
10.5076 10.0508
10.5076 9.89848
10.5076 9.59391
10.6599 9.44162
10.6599 9.28934
10.6599 8.98477
10.8122 8.83249
10.8122 8.6802
10.8122 8.37563
10.9645 8.22335
10.9645 8.07107
10.9645 7.7665
10.9645 7.61421
11.1168 7.46193
11.1168 7.15736
11.1168 7.00508
