11.8782 7.00508
11.8782 6.85279
12.0305 6.54822
12.0305 6.39594
12.1827 6.24365
12.1827 5.93909
12.335 5.7868
12.335 5.48223
12.335 5.32995
12.4873 5.02538
12.4873 4.8731
12.4873 4.56853
12.4873 4.41624
12.4873 4.11168
12.4873 3.95939
12.4873 3.65482
12.4873 3.50254
12.4873 3.19797
12.4873 3.04569
12.4873 2.74112
12.335 2.58883
12.335 2.28426
12.335 2.13198
12.1827 1.9797
12.1827 1.67513
12.0305 1.52284
12.0305 1.21827
11.8782 1.06599
11.7259 0.913706
11.7259 0.609137
11.5736 0.456853
11.4213 0.304569
11.269 0
11.1168 -0.152284
10.9645 -0.304569
10.9645 -0.456853
10.8122 -0.609137
10.6599 -0.913706
10.5076 -1.06599
10.3553 -1.21827
10.0508 -1.37056
9.89848 -1.52284
9.74619 -1.67513
9.59391 -1.82741
9.44162 -1.9797
9.28934 -2.13198
9.13706 -2.28426
8.98477 -2.43655
8.83249 -2.58883
8.52792 -2.74112
8.37563 -2.8934
8.22335 -2.8934
8.07107 -3.04569
7.91878 -3.19797
7.7665 -3.35025
7.46193 -3.50254
7.30964 -3.65482
7.15736 -3.80711
7.00508 -3.80711
6.85279 -3.95939
6.54822 -4.11168
6.39594 -4.26396
6.24365 -4.41624
5.93909 -4.41624
5.7868 -4.56853
5.63452 -4.72081
5.32995 -4.72081
5.17766 -4.8731
5.02538 -5.02538
4.72081 -5.02538
4.56853 -5.17766
4.41624 -5.17766
4.11168 -5.32995
3.95939 -5.32995
3.65482 -5.48223
3.50254 -5.48223
3.35025 -5.63452
3.04569 -5.63452
2.8934 -5.63452
2.58883 -5.63452
2.43655 -5.7868
2.13198 -5.7868
1.9797 -5.7868
1.67513 -5.7868
1.52284 -5.7868
1.21827 -5.93909
1.06599 -5.93909
0.761421 -5.93909
0.609137 -5.93909
0.304569 -5.93909
0.152284 -5.7868
-0.152284 -5.7868
-0.304569 -5.7868
-0.456853 -5.7868
-0.761421 -5.7868
-0.913706 -5.63452
-1.21827 -5.63452
-1.37056 -5.63452
-1.67513 -5.48223
-1.82741 -5.48223
-1.9797 -5.48223
-2.28426 -5.32995
-2.43655 -5.32995
-2.74112 -5.17766
-2.8934 -5.17766
-3.04569 -5.02538
-3.35025 -4.8731
-3.50254 -4.8731
-3.65482 -4.72081
-3.80711 -4.56853
-4.11168 -4.56853
-4.26396 -4.41624
-4.41624 -4.26396
-4.56853 -4.26396
-4.8731 -4.11168
-5.02538 -3.95939
-5.17766 -3.95939
-5.32995 -3.80711
-5.48223 -3.65482
-5.7868 -3.50254
-5.93909 -3.35025
-6.09137 -3.35025
-6.24365 -3.19797
-6.39594 -3.04569
-6.54822 -2.8934
-6.70051 -2.8934
-6.85279 -2.74112
-7.15736 -2.58883
-7.30964 -2.43655
-7.46193 -2.28426
-7.61421 -2.13198
-7.7665 -1.9797
-7.91878 -1.82741
-8.07107 -1.82741
-8.22335 -1.67513
-8.37563 -1.52284
-8.52792 -1.37056
-8.6802 -1.21827
-8.83249 -1.06599
-8.83249 -0.761421
-8.98477 -0.609137
-9.13706 -0.456853
-9.28934 -0.304569
-9.28934 -0.152284
-9.44162 0
-9.59391 0.304569
-9.59391 0.456853
-9.74619 0.609137
-9.74619 0.761421
-9.89848 1.06599
-9.89848 1.21827
-10.0508 1.37056
-10.0508 1.67513
-10.0508 1.82741
-10.203 1.9797
-10.203 2.28426
-10.203 2.43655
-10.203 2.58883
-10.3553 2.74112
-10.3553 3.04569
-10.3553 3.19797
-10.3553 3.35025
-10.3553 3.65482
-10.5076 3.80711
-10.5076 3.95939
-10.5076 4.11168
-10.5076 4.41624
-10.6599 4.56853
-10.6599 4.72081
-10.6599 4.8731
-10.6599 5.17766
-10.8122 5.32995
-10.8122 5.48223
-10.8122 5.63452
-10.9645 5.93909
-10.9645 6.09137
-10.9645 6.24365
-11.1168 6.39594
-11.1168 6.70051
-11.269 6.85279
-11.269 7.00508
-11.4213 7.30964
-11.4213 7.46193
-11.5736 7.61421
-11.5736 7.91878
-11.5736 8.07107
-11.7259 8.22335
-11.7259 8.52792
-11.8782 8.6802
-11.8782 8.98477
-12.0305 9.13706
-12.0305 9.44162
-12.1827 9.59391
-12.1827 9.89848
-12.335 10.203
-12.335 10.3553
-12.4873 10.6599
-12.4873 10.9645
-12.4873 11.1168
-12.6396 11.4213
-12.6396 11.7259
-12.6396 12.0305
-12.7919 12.1827
-12.7919 12.4873
-12.7919 12.7919
-12.7919 13.0964
-12.7919 13.2487
-12.6396 13.5533
-12.6396 13.8579
-12.6396 14.1624
-12.6396 14.3147
-12.4873 14.6193
-12.335 14.9239
-12.335 15.0761
-12.1827 15.3807
-12.0305 15.533
-11.8782 15.8376
-11.7259 15.9898
-11.5736 16.1421
-11.4213 16.4467
-11.269 16.599
-10.9645 16.7513
-10.8122 16.9036
-10.5076 17.0558
-10.3553 17.2081
-10.0508 17.3604
-9.89848 17.3604
-9.59391 17.5127
-9.44162 17.665
-9.13706 17.665
-8.83249 17.8173
-8.6802 17.8173
-8.37563 17.9695
-8.07107 17.9695
-7.91878 17.9695
-7.61421 18.1218
-7.30964 18.1218
-7.15736 18.2741
-6.85279 18.2741
-6.70051 18.2741
-6.39594 18.4264
-6.09137 18.4264
-5.93909 18.4264
-5.63452 18.5787
-5.48223 18.5787
-5.32995 18.5787
-5.02538 18.731
-4.8731 18.731
-4.56853 18.8832
-4.41624 18.8832
-4.26396 18.8832
-3.95939 19.0355
-3.80711 19.0355
-3.50254 19.1878
-3.35025 19.1878
-3.19797 19.1878
-2.8934 19.3401
-2.74112 19.3401
-2.43655 19.3401
-2.28426 19.4924
-1.9797 19.4924
-1.82741 19.4924
-1.67513 19.4924
-1.37056 19.4924
-1.21827 19.6447
-0.913706 19.6447
-0.761421 19.6447
-0.456853 19.6447
-0.304569 19.6447
0 19.6447
0.152284 19.6447
0.304569 19.6447
0.609137 19.6447
0.761421 19.4924
1.06599 19.4924
1.21827 19.4924
1.52284 19.4924
1.67513 19.3401
1.82741 19.3401
2.13198 19.3401
2.28426 19.1878
2.43655 19.1878
2.74112 19.0355
2.8934 19.0355
3.04569 19.0355
3.35025 18.8832
3.50254 18.8832
3.65482 18.731
3.95939 18.5787
4.11168 18.5787
4.26396 18.4264
4.41624 18.4264
4.72081 18.2741
4.8731 18.1218
5.02538 17.9695
5.17766 17.9695
5.32995 17.8173
5.63452 17.665
5.7868 17.665
5.93909 17.5127
6.09137 17.3604
6.24365 17.2081
6.39594 17.0558
6.54822 16.9036
6.70051 16.9036
6.85279 16.7513
7.00508 16.599
7.15736 16.4467
7.30964 16.2944
7.46193 16.1421
7.61421 15.9898
7.7665 15.8376
7.91878 15.6853
8.07107 15.533
8.22335 15.3807
8.37563 15.2284
8.52792 15.0761
8.52792 14.9239
8.6802 14.7716
8.83249 14.6193
8.98477 14.467
9.13706 14.3147
9.13706 14.1624
9.28934 14.0102
9.44162 13.8579
9.59391 13.5533
9.59391 13.401
9.74619 13.2487
9.89848 13.0964
9.89848 12.9442
10.0508 12.7919
10.203 12.6396
10.203 12.4873
10.3553 12.1827
10.5076 12.0305
10.5076 11.8782
10.6599 11.7259
10.6599 11.5736
10.8122 11.4213
10.9645 11.1168
10.9645 10.9645
11.1168 10.8122
11.1168 10.6599
11.269 10.3553
11.269 10.203
11.4213 10.0508
11.4213 9.89848
11.5736 9.59391
11.5736 9.44162
11.5736 9.28934
11.7259 9.13706
11.7259 8.83249
11.7259 8.6802
11.8782 8.52792
11.8782 8.22335
11.8782 8.07107
11.8782 7.91878
11.8782 7.61421
11.8782 7.46193
11.8782 7.30964
