12.0305 7.00508
12.0305 6.85279
12.1827 6.70051
12.1827 6.39594
12.1827 6.24365
12.335 6.09137
12.335 5.7868
12.335 5.63452
12.335 5.32995
12.4873 5.17766
12.4873 4.8731
12.4873 4.72081
12.4873 4.41624
12.4873 4.26396
12.4873 3.95939
12.4873 3.80711
12.4873 3.50254
12.4873 3.35025
12.4873 3.04569
12.4873 2.8934
12.4873 2.58883
12.335 2.43655
12.335 2.28426
12.335 1.9797
12.1827 1.82741
12.1827 1.52284
12.0305 1.37056
12.0305 1.06599
11.8782 0.913706
11.7259 0.761421
11.5736 0.456853
11.5736 0.304569
11.4213 0.152284
11.269 0
11.1168 -0.304569
10.9645 -0.456853
10.8122 -0.609137
10.6599 -0.761421
10.5076 -0.913706
10.3553 -1.06599
10.203 -1.21827
10.0508 -1.37056
9.89848 -1.52284
9.74619 -1.67513
9.59391 -1.82741
9.44162 -1.9797
9.28934 -2.13198
9.13706 -2.28426
8.98477 -2.43655
8.6802 -2.58883
8.52792 -2.74112
8.37563 -2.8934
8.22335 -3.04569
8.07107 -3.19797
7.91878 -3.35025
7.61421 -3.50254
7.46193 -3.50254
7.30964 -3.65482
7.15736 -3.80711
7.00508 -3.95939
6.70051 -4.11168
6.54822 -4.26396
6.39594 -4.26396
6.09137 -4.41624
5.93909 -4.56853
5.7868 -4.56853
5.63452 -4.72081
5.32995 -4.8731
5.17766 -4.8731
4.8731 -5.02538
4.72081 -5.02538
4.56853 -5.17766
4.26396 -5.32995
4.11168 -5.32995
3.95939 -5.32995
3.65482 -5.48223
3.50254 -5.48223
3.19797 -5.63452
3.04569 -5.63452
2.74112 -5.63452
2.58883 -5.7868
2.28426 -5.7868
2.13198 -5.7868
1.82741 -5.7868
1.67513 -5.7868
1.37056 -5.7868
1.21827 -5.93909
0.913706 -5.93909
0.761421 -5.93909
0.609137 -5.93909
0.304569 -5.7868
0.152284 -5.7868
-0.152284 -5.7868
-0.304569 -5.7868
-0.609137 -5.7868
-0.761421 -5.7868
-1.06599 -5.63452
-1.21827 -5.63452
-1.52284 -5.63452
-1.67513 -5.48223
-1.82741 -5.48223
-2.13198 -5.32995
-2.28426 -5.32995
-2.58883 -5.17766
-2.74112 -5.17766
-2.8934 -5.02538
-3.19797 -5.02538
-3.35025 -4.8731
-3.50254 -4.72081
-3.80711 -4.72081
-3.95939 -4.56853
-4.11168 -4.41624
-4.26396 -4.41624
-4.56853 -4.26396
-4.72081 -4.11168
-4.8731 -3.95939
-5.02538 -3.95939
-5.17766 -3.80711
-5.48223 -3.65482
-5.63452 -3.50254
-5.7868 -3.50254
-5.93909 -3.35025
-6.09137 -3.19797
-6.24365 -3.04569
-6.39594 -3.04569
-6.70051 -2.8934
-6.85279 -2.74112
-7.00508 -2.58883
-7.15736 -2.43655
-7.30964 -2.28426
-7.46193 -2.28426
-7.61421 -2.13198
-7.7665 -1.9797
-7.91878 -1.82741
-8.07107 -1.67513
-8.22335 -1.52284
-8.37563 -1.37056
-8.52792 -1.21827
-8.6802 -1.06599
-8.83249 -0.913706
-8.98477 -0.761421
-9.13706 -0.609137
-9.13706 -0.304569
-9.28934 -0.152284
-9.44162 0
-9.44162 0.152284
-9.59391 0.456853
-9.74619 0.609137
-9.74619 0.761421
-9.89848 0.913706
-9.89848 1.21827
-9.89848 1.37056
-10.0508 1.52284
-10.0508 1.82741
-10.0508 1.9797
-10.203 2.13198
-10.203 2.43655
-10.203 2.58883
-10.203 2.74112
-10.3553 3.04569
-10.3553 3.19797
-10.3553 3.35025
-10.3553 3.65482
-10.3553 3.80711
-10.5076 3.95939
-10.5076 4.11168
-10.5076 4.41624
-10.5076 4.56853
-10.6599 4.72081
-10.6599 4.8731
-10.6599 5.17766
-10.6599 5.32995
-10.8122 5.48223
-10.8122 5.63452
-10.8122 5.93909
-10.9645 6.09137
-10.9645 6.24365
-10.9645 6.54822
-11.1168 6.70051
-11.1168 6.85279
-11.269 7.00508
-11.269 7.30964
-11.269 7.46193
-11.4213 7.61421
-11.4213 7.91878
-11.5736 8.07107
-11.5736 8.37563
-11.7259 8.52792
-11.7259 8.83249
-11.7259 8.98477
-11.8782 9.28934
-11.8782 9.44162
-12.0305 9.74619
-12.0305 9.89848
-12.0305 10.203
-12.1827 10.3553
-12.1827 10.6599
-12.1827 10.9645
-12.1827 11.1168
-12.335 11.4213
-12.335 11.7259
-12.335 11.8782
-12.335 12.1827
-12.335 12.4873
-12.335 12.6396
-12.335 12.9442
-12.335 13.2487
-12.335 13.5533
-12.1827 13.7056
-12.1827 14.0102
-12.1827 14.3147
-12.0305 14.467
-12.0305 14.7716
-11.8782 14.9239
-11.7259 15.2284
-11.5736 15.3807
-11.5736 15.6853
-11.4213 15.8376
-11.269 16.1421
-11.1168 16.2944
-10.8122 16.4467
-10.6599 16.599
-10.5076 16.7513
-10.3553 16.9036
-10.0508 17.0558
-9.89848 17.2081
-9.59391 17.3604
-9.44162 17.5127
-9.28934 17.665
-8.98477 17.8173
-8.6802 17.8173
-8.52792 17.9695
-8.22335 18.1218
-8.07107 18.1218
-7.7665 18.2741
-7.61421 18.2741
-7.30964 18.4264
-7.15736 18.4264
-6.85279 18.5787
-6.54822 18.5787
-6.39594 18.731
-6.09137 18.731
-5.93909 18.731
-5.63452 18.8832
-5.48223 18.8832
-5.17766 18.8832
-5.02538 19.0355
-4.72081 19.0355
-4.56853 19.0355
-4.26396 19.1878
-4.11168 19.1878
-3.80711 19.1878
-3.65482 19.3401
-3.50254 19.3401
-3.19797 19.3401
-3.04569 19.3401
-2.74112 19.4924
-2.58883 19.4924
-2.28426 19.4924
-2.13198 19.4924
-1.82741 19.4924
-1.67513 19.4924
-1.37056 19.4924
-1.21827 19.6447
-1.06599 19.6447
-0.761421 19.6447
-0.609137 19.6447
-0.304569 19.6447
-0.152284 19.6447
0.152284 19.6447
0.304569 19.4924
0.456853 19.4924
0.761421 19.4924
0.913706 19.4924
1.21827 19.4924
1.37056 19.4924
1.67513 19.3401
1.82741 19.3401
1.9797 19.3401
2.28426 19.3401
2.43655 19.1878
2.58883 19.1878
2.8934 19.0355
3.04569 19.0355
3.35025 19.0355
3.50254 18.8832
3.65482 18.8832
3.80711 18.731
4.11168 18.5787
4.26396 18.5787
4.41624 18.4264
4.56853 18.4264
4.8731 18.2741
5.02538 18.1218
5.17766 17.9695
5.32995 17.9695
5.48223 17.8173
5.7868 17.665
5.93909 17.5127
6.09137 17.3604
6.24365 17.3604
6.39594 17.2081
6.54822 17.0558
6.70051 16.9036
6.85279 16.7513
7.00508 16.599
7.15736 16.4467
7.30964 16.2944
7.46193 16.1421
7.61421 16.1421
7.7665 15.9898
7.91878 15.8376
8.07107 15.6853
8.22335 15.533
8.22335 15.3807
8.37563 15.2284
8.52792 15.0761
8.6802 14.9239
8.83249 14.7716
8.98477 14.6193
9.13706 14.467
9.13706 14.3147
9.28934 14.1624
9.44162 14.0102
9.59391 13.8579
9.74619 13.7056
9.74619 13.401
9.89848 13.2487
10.0508 13.0964
10.203 12.9442
10.203 12.7919
10.3553 12.6396
10.5076 12.4873
10.5076 12.335
10.6599 12.0305
10.6599 11.8782
10.8122 11.7259
10.9645 11.5736
10.9645 11.4213
11.1168 11.1168
11.1168 10.9645
11.269 10.8122
11.269 10.6599
11.269 10.5076
11.4213 10.203
11.4213 10.0508
11.5736 9.89848
11.5736 9.59391
11.5736 9.44162
11.7259 9.28934
11.7259 9.13706
11.7259 8.83249
11.7259 8.6802
11.8782 8.52792
11.8782 8.22335
11.8782 8.07107
11.8782 7.91878
11.8782 7.61421
12.0305 7.46193
12.0305 7.30964
