12.0305 7.00508
12.0305 6.85279
12.1827 6.70051
12.1827 6.39594
12.1827 6.24365
12.335 5.93909
12.335 5.7868
12.335 5.63452
12.4873 5.32995
12.4873 5.17766
12.4873 4.8731
12.4873 4.72081
12.4873 4.41624
12.6396 4.26396
12.6396 3.95939
12.6396 3.80711
12.6396 3.65482
12.6396 3.35025
12.4873 3.19797
12.4873 2.8934
12.4873 2.74112
12.4873 2.43655
12.4873 2.28426
12.335 1.9797
12.335 1.82741
12.1827 1.52284
12.1827 1.37056
12.0305 1.21827
12.0305 0.913706
11.8782 0.761421
11.7259 0.609137
11.5736 0.304569
11.5736 0.152284
11.4213 0
11.269 -0.152284
11.1168 -0.456853
10.9645 -0.609137
10.8122 -0.761421
10.6599 -0.913706
10.5076 -1.06599
10.3553 -1.21827
10.203 -1.37056
10.0508 -1.52284
9.89848 -1.67513
9.74619 -1.82741
9.59391 -1.9797
9.44162 -2.13198
9.28934 -2.28426
9.13706 -2.43655
8.83249 -2.58883
8.6802 -2.74112
8.52792 -2.8934
8.37563 -3.04569
8.22335 -3.19797
8.07107 -3.35025
7.91878 -3.35025
7.61421 -3.50254
7.46193 -3.65482
7.30964 -3.80711
7.15736 -3.95939
7.00508 -4.11168
6.70051 -4.11168
6.54822 -4.26396
6.39594 -4.41624
6.09137 -4.56853
5.93909 -4.56853
5.7868 -4.72081
5.63452 -4.8731
5.32995 -4.8731
5.17766 -5.02538
5.02538 -5.17766
4.72081 -5.17766
4.56853 -5.32995
4.26396 -5.32995
4.11168 -5.48223
3.95939 -5.48223
3.65482 -5.48223
3.50254 -5.63452
3.19797 -5.63452
3.04569 -5.63452
2.74112 -5.7868
2.58883 -5.7868
2.28426 -5.7868
2.13198 -5.7868
1.82741 -5.93909
1.67513 -5.93909
1.37056 -5.93909
1.21827 -5.93909
0.913706 -5.93909
0.761421 -5.93909
0.456853 -5.93909
0.304569 -5.93909
0.152284 -5.93909
-0.152284 -5.7868
-0.304569 -5.7868
-0.609137 -5.7868
-0.761421 -5.7868
-1.06599 -5.63452
-1.21827 -5.63452
-1.52284 -5.63452
-1.67513 -5.48223
-1.9797 -5.48223
-2.13198 -5.48223
-2.28426 -5.32995
-2.58883 -5.32995
-2.74112 -5.17766
-2.8934 -5.17766
-3.19797 -5.02538
-3.35025 -4.8731
-3.50254 -4.8731
-3.80711 -4.72081
-3.95939 -4.72081
-4.11168 -4.56853
-4.41624 -4.41624
-4.56853 -4.41624
-4.72081 -4.26396
-4.8731 -4.11168
-5.02538 -3.95939
-5.32995 -3.95939
-5.48223 -3.80711
-5.63452 -3.65482
-5.7868 -3.50254
-5.93909 -3.35025
-6.24365 -3.35025
-6.39594 -3.19797
-6.54822 -3.04569
-6.70051 -2.8934
-6.85279 -2.74112
-7.00508 -2.58883
-7.15736 -2.43655
-7.30964 -2.28426
-7.46193 -2.13198
-7.61421 -1.9797
-7.7665 -1.82741
-7.91878 -1.67513
-8.07107 -1.52284
-8.22335 -1.37056
-8.37563 -1.21827
-8.52792 -1.06599
-8.6802 -0.913706
-8.83249 -0.761421
-8.83249 -0.609137
-8.98477 -0.456853
-9.13706 -0.304569
-9.28934 0
-9.28934 0.152284
-9.44162 0.304569
-9.59391 0.456853
-9.59391 0.761421
-9.74619 0.913706
-9.74619 1.06599
-9.89848 1.21827
-9.89848 1.52284
-10.0508 1.67513
-10.0508 1.82741
-10.0508 2.13198
-10.203 2.28426
-10.203 2.43655
-10.203 2.74112
-10.3553 2.8934
-10.3553 3.04569
-10.3553 3.35025
-10.3553 3.50254
-10.5076 3.65482
-10.5076 3.80711
-10.5076 4.11168
-10.5076 4.26396
-10.5076 4.41624
-10.6599 4.72081
-10.6599 4.8731
-10.6599 5.02538
-10.6599 5.32995
-10.6599 5.48223
-10.6599 5.63452
-10.6599 5.7868
-10.6599 6.09137
-10.6599 6.24365
-10.6599 6.39594
-10.6599 6.70051
-10.6599 6.85279
-10.8122 7.00508
-10.8122 7.30964
-10.8122 7.46193
-10.8122 7.61421
-10.8122 7.7665
-10.8122 8.07107
-10.8122 8.22335
-10.8122 8.37563
-10.8122 8.6802
-10.8122 8.83249
-10.9645 8.98477
-10.9645 9.28934
-10.9645 9.44162
-10.9645 9.74619
-10.9645 9.89848
-10.9645 10.203
-11.1168 10.3553
-11.1168 10.5076
-11.1168 10.8122
-11.1168 11.1168
-11.1168 11.269
-11.1168 11.5736
-11.1168 11.7259
-11.1168 12.0305
-11.1168 12.1827
-11.1168 12.4873
-11.1168 12.7919
-11.1168 12.9442
-11.1168 13.2487
-11.1168 13.401
-10.9645 13.7056
-10.9645 14.0102
-10.9645 14.1624
-10.8122 14.467
-10.8122 14.6193
-10.6599 14.9239
-10.5076 15.0761
-10.5076 15.3807
-10.3553 15.533
-10.203 15.6853
-10.0508 15.9898
-9.89848 16.1421
-9.74619 16.2944
-9.59391 16.4467
-9.44162 16.599
-9.28934 16.9036
-9.13706 17.0558
-8.83249 17.2081
-8.6802 17.3604
-8.52792 17.5127
-8.37563 17.5127
-8.07107 17.665
-7.91878 17.8173
-7.61421 17.9695
-7.46193 18.1218
-7.30964 18.1218
-7.00508 18.2741
-6.85279 18.4264
-6.54822 18.4264
-6.39594 18.5787
-6.09137 18.5787
-5.93909 18.731
-5.7868 18.731
-5.48223 18.8832
-5.32995 18.8832
-5.02538 19.0355
-4.8731 19.0355
-4.56853 19.0355
-4.41624 19.1878
-4.11168 19.1878
-3.95939 19.1878
-3.65482 19.3401
-3.50254 19.3401
-3.19797 19.3401
-3.04569 19.3401
-2.74112 19.4924
-2.58883 19.4924
-2.28426 19.4924
-2.13198 19.4924
-1.82741 19.4924
-1.67513 19.4924
-1.52284 19.4924
-1.21827 19.6447
-1.06599 19.6447
-0.761421 19.6447
-0.609137 19.6447
-0.304569 19.6447
-0.152284 19.6447
0.152284 19.6447
0.304569 19.6447
0.456853 19.4924
0.761421 19.4924
0.913706 19.4924
1.21827 19.4924
1.37056 19.4924
1.67513 19.4924
1.82741 19.3401
1.9797 19.3401
2.28426 19.3401
2.43655 19.3401
2.74112 19.1878
2.8934 19.1878
3.04569 19.1878
3.35025 19.0355
3.50254 19.0355
3.65482 18.8832
3.95939 18.8832
4.11168 18.731
4.26396 18.5787
4.56853 18.5787
4.72081 18.4264
4.8731 18.4264
5.02538 18.2741
5.17766 18.1218
5.48223 17.9695
5.63452 17.9695
5.7868 17.8173
5.93909 17.665
6.09137 17.5127
6.24365 17.3604
6.39594 17.2081
6.54822 17.0558
6.70051 17.0558
6.85279 16.9036
7.00508 16.7513
7.15736 16.599
7.30964 16.4467
7.46193 16.2944
7.61421 16.1421
7.7665 15.9898
7.91878 15.8376
8.07107 15.6853
8.22335 15.533
8.22335 15.3807
8.37563 15.2284
8.52792 15.0761
8.6802 14.9239
8.83249 14.7716
8.98477 14.6193
8.98477 14.467
9.13706 14.3147
9.28934 14.1624
9.44162 14.0102
9.44162 13.8579
9.59391 13.7056
9.74619 13.401
9.89848 13.2487
9.89848 13.0964
10.0508 12.9442
10.203 12.7919
10.203 12.6396
10.3553 12.4873
10.5076 12.335
10.5076 12.1827
10.6599 12.0305
10.8122 11.8782
10.8122 11.5736
10.9645 11.4213
10.9645 11.269
11.1168 11.1168
11.269 10.9645
11.269 10.8122
11.4213 10.5076
11.4213 10.3553
11.5736 10.203
11.5736 10.0508
11.7259 9.74619
11.7259 9.59391
11.7259 9.44162
11.8782 9.28934
11.8782 8.98477
11.8782 8.83249
12.0305 8.6802
12.0305 8.37563
12.0305 8.22335
12.0305 8.07107
12.0305 7.91878
12.0305 7.61421
12.0305 7.46193
12.0305 7.30964
