12.1827 7.00508
12.1827 6.70051
12.335 6.54822
12.335 6.39594
12.4873 6.09137
12.4873 5.93909
12.4873 5.7868
12.6396 5.48223
12.6396 5.32995
12.6396 5.02538
12.6396 4.8731
12.6396 4.56853
12.7919 4.41624
12.7919 4.11168
12.7919 3.95939
12.7919 3.65482
12.7919 3.50254
12.7919 3.19797
12.6396 3.04569
12.6396 2.74112
12.6396 2.58883
12.6396 2.43655
12.4873 2.13198
12.4873 1.9797
12.335 1.67513
12.335 1.52284
12.1827 1.21827
12.1827 1.06599
12.0305 0.913706
12.0305 0.609137
11.8782 0.456853
11.7259 0.304569
11.5736 0
11.5736 -0.152284
11.4213 -0.304569
11.269 -0.456853
11.1168 -0.609137
10.9645 -0.913706
10.8122 -1.06599
10.6599 -1.21827
10.5076 -1.37056
10.3553 -1.52284
10.203 -1.67513
10.0508 -1.82741
9.89848 -1.9797
9.74619 -2.13198
9.59391 -2.28426
9.44162 -2.43655
9.28934 -2.58883
8.98477 -2.74112
8.83249 -2.8934
8.6802 -3.04569
8.52792 -3.19797
8.37563 -3.35025
8.22335 -3.50254
7.91878 -3.65482
7.7665 -3.65482
7.61421 -3.80711
7.46193 -3.95939
7.30964 -4.11168
7.00508 -4.26396
6.85279 -4.26396
6.70051 -4.41624
6.39594 -4.56853
6.24365 -4.72081
6.09137 -4.72081
5.7868 -4.8731
5.63452 -5.02538
5.48223 -5.02538
5.17766 -5.17766
5.02538 -5.17766
4.8731 -5.32995
4.56853 -5.32995
4.41624 -5.48223
4.11168 -5.48223
3.95939 -5.63452
3.65482 -5.63452
3.50254 -5.63452
3.35025 -5.7868
3.04569 -5.7868
2.8934 -5.7868
2.58883 -5.7868
2.43655 -5.93909
2.13198 -5.93909
1.9797 -5.93909
1.67513 -5.93909
1.52284 -5.93909
1.21827 -5.93909
1.06599 -5.93909
0.761421 -5.93909
0.609137 -5.93909
0.304569 -5.93909
0.152284 -5.93909
-0.152284 -5.93909
-0.304569 -5.7868
-0.609137 -5.7868
-0.761421 -5.7868
-0.913706 -5.7868
-1.21827 -5.63452
-1.37056 -5.63452
-1.67513 -5.63452
-1.82741 -5.48223
-1.9797 -5.48223
-2.28426 -5.32995
-2.43655 -5.32995
-2.74112 -5.17766
-2.8934 -5.17766
-3.04569 -5.02538
-3.35025 -4.8731
-3.50254 -4.8731
-3.65482 -4.72081
-3.80711 -4.72081
-4.11168 -4.56853
-4.26396 -4.41624
-4.41624 -4.41624
-4.56853 -4.26396
-4.8731 -4.11168
-5.02538 -3.95939
-5.17766 -3.95939
-5.32995 -3.80711
-5.48223 -3.65482
-5.7868 -3.50254
-5.93909 -3.35025
-6.09137 -3.35025
-6.24365 -3.19797
-6.39594 -3.04569
-6.54822 -2.8934
-6.70051 -2.74112
-6.85279 -2.58883
-7.00508 -2.43655
-7.15736 -2.28426
-7.46193 -2.13198
-7.61421 -1.9797
-7.61421 -1.82741
-7.7665 -1.67513
-7.91878 -1.52284
-8.07107 -1.37056
-8.22335 -1.21827
-8.37563 -1.06599
-8.52792 -0.913706
-8.6802 -0.761421
-8.6802 -0.609137
-8.83249 -0.456853
-8.98477 -0.304569
-9.13706 0
-9.13706 0.152284
-9.28934 0.304569
-9.44162 0.456853
-9.44162 0.761421
-9.59391 0.913706
-9.59391 1.06599
-9.74619 1.21827
-9.74619 1.52284
-9.74619 1.67513
-9.89848 1.82741
-9.89848 2.13198
-9.89848 2.28426
-10.0508 2.43655
-10.0508 2.74112
-10.0508 2.8934
-10.203 3.04569
-10.203 3.19797
-10.203 3.50254
-10.203 3.65482
-10.203 3.80711
-10.203 4.11168
-10.3553 4.26396
-10.3553 4.41624
-10.3553 4.72081
-10.3553 4.8731
-10.3553 5.02538
-10.3553 5.17766
-10.3553 5.48223
-10.3553 5.63452
-10.3553 5.7868
-10.3553 5.93909
-10.3553 6.24365
-10.5076 6.39594
-10.5076 6.54822
-10.5076 6.70051
-10.5076 7.00508
-10.5076 7.15736
-10.5076 7.30964
-10.5076 7.61421
-10.6599 7.7665
-10.6599 7.91878
-10.6599 8.22335
-10.6599 8.37563
-10.8122 8.52792
-10.8122 8.83249
-10.8122 8.98477
-10.9645 9.13706
-10.9645 9.44162
-11.1168 9.59391
-11.1168 9.89848
-11.269 10.203
-11.269 10.3553
-11.4213 10.6599
-11.4213 10.8122
-11.5736 11.1168
-11.5736 11.4213
-11.7259 11.7259
-11.7259 11.8782
-11.7259 12.1827
-11.8782 12.4873
-11.8782 12.7919
-11.8782 13.0964
-11.8782 13.401
-11.8782 13.5533
-11.8782 13.8579
-11.8782 14.1624
-11.8782 14.467
-11.7259 14.7716
-11.7259 14.9239
-11.5736 15.2284
-11.5736 15.3807
-11.4213 15.6853
-11.269 15.8376
-11.1168 16.1421
-10.9645 16.2944
-10.8122 16.4467
-10.5076 16.599
-10.3553 16.9036
-10.203 17.0558
-9.89848 17.0558
-9.74619 17.2081
-9.44162 17.3604
-9.28934 17.5127
-8.98477 17.665
-8.6802 17.665
-8.52792 17.8173
-8.22335 17.8173
-7.91878 17.9695
-7.7665 17.9695
-7.46193 18.1218
-7.15736 18.1218
-7.00508 18.1218
-6.70051 18.2741
-6.54822 18.2741
-6.24365 18.2741
-5.93909 18.4264
-5.7868 18.4264
-5.48223 18.4264
-5.32995 18.5787
-5.02538 18.5787
-4.8731 18.731
-4.72081 18.731
-4.41624 18.731
-4.26396 18.8832
-3.95939 18.8832
-3.80711 19.0355
-3.50254 19.0355
-3.35025 19.1878
-3.19797 19.1878
-2.8934 19.1878
-2.74112 19.3401
-2.43655 19.3401
-2.28426 19.4924
-2.13198 19.4924
-1.82741 19.4924
-1.67513 19.6447
-1.37056 19.6447
-1.21827 19.6447
-0.913706 19.6447
-0.761421 19.797
-0.609137 19.797
-0.304569 19.797
-0.152284 19.797
0.152284 19.797
0.304569 19.797
0.609137 19.797
0.761421 19.797
1.06599 19.797
1.21827 19.797
1.52284 19.6447
1.67513 19.6447
1.9797 19.6447
2.13198 19.6447
2.28426 19.4924
2.58883 19.4924
2.74112 19.4924
3.04569 19.3401
3.19797 19.3401
3.35025 19.1878
3.65482 19.1878
3.80711 19.0355
3.95939 19.0355
4.26396 18.8832
4.41624 18.731
4.56853 18.731
4.8731 18.5787
5.02538 18.4264
5.17766 18.4264
5.32995 18.2741
5.48223 18.1218
5.7868 17.9695
5.93909 17.8173
6.09137 17.665
6.24365 17.665
6.39594 17.5127
6.54822 17.3604
6.70051 17.2081
6.85279 17.0558
7.00508 16.9036
7.15736 16.7513
7.30964 16.599
7.46193 16.4467
7.61421 16.2944
7.7665 16.1421
7.91878 15.9898
8.07107 15.8376
8.22335 15.6853
8.37563 15.533
8.37563 15.3807
8.52792 15.2284
8.6802 15.0761
8.83249 14.9239
8.98477 14.7716
9.13706 14.6193
9.13706 14.467
9.28934 14.3147
9.44162 14.1624
9.59391 14.0102
9.59391 13.8579
9.74619 13.7056
9.89848 13.5533
10.0508 13.2487
10.0508 13.0964
10.203 12.9442
10.3553 12.7919
10.3553 12.6396
10.5076 12.4873
10.6599 12.335
10.6599 12.1827
10.8122 11.8782
10.9645 11.7259
10.9645 11.5736
11.1168 11.4213
11.1168 11.269
11.269 11.1168
11.269 10.8122
11.4213 10.6599
11.4213 10.5076
11.5736 10.3553
11.5736 10.0508
11.7259 9.89848
11.7259 9.74619
11.7259 9.59391
11.8782 9.28934
11.8782 9.13706
11.8782 8.98477
12.0305 8.83249
12.0305 8.52792
12.0305 8.37563
12.0305 8.22335
12.0305 7.91878
12.1827 7.7665
12.1827 7.61421
12.1827 7.30964
12.1827 7.15736
