12.1827 7.00508
12.1827 6.85279
12.335 6.54822
12.335 6.39594
12.4873 6.24365
12.4873 5.93909
12.4873 5.7868
12.6396 5.48223
12.6396 5.32995
12.6396 5.17766
12.6396 4.8731
12.7919 4.72081
12.7919 4.41624
12.7919 4.26396
12.7919 3.95939
12.7919 3.80711
12.7919 3.50254
12.7919 3.35025
12.6396 3.04569
12.6396 2.8934
12.6396 2.58883
12.6396 2.43655
12.4873 2.13198
12.4873 1.9797
12.4873 1.82741
12.335 1.52284
12.335 1.37056
12.1827 1.06599
12.0305 0.913706
12.0305 0.761421
11.8782 0.456853
11.7259 0.304569
11.7259 0.152284
11.5736 0
11.4213 -0.304569
11.269 -0.456853
11.1168 -0.609137
10.9645 -0.761421
10.8122 -1.06599
10.6599 -1.21827
10.5076 -1.37056
10.3553 -1.52284
10.203 -1.67513
10.0508 -1.82741
9.89848 -1.9797
9.74619 -2.13198
9.59391 -2.28426
9.44162 -2.43655
9.28934 -2.58883
9.13706 -2.74112
8.98477 -2.8934
8.83249 -3.04569
8.52792 -3.19797
8.37563 -3.35025
8.22335 -3.50254
8.07107 -3.65482
7.91878 -3.65482
7.61421 -3.80711
7.46193 -3.95939
7.30964 -4.11168
7.15736 -4.26396
6.85279 -4.41624
6.70051 -4.41624
6.54822 -4.56853
6.24365 -4.72081
6.09137 -4.72081
5.93909 -4.8731
5.63452 -5.02538
5.48223 -5.02538
5.32995 -5.17766
5.02538 -5.17766
4.8731 -5.32995
4.56853 -5.32995
4.41624 -5.48223
4.26396 -5.48223
3.95939 -5.63452
3.80711 -5.63452
3.50254 -5.7868
3.35025 -5.7868
3.04569 -5.7868
2.8934 -5.7868
2.58883 -5.93909
2.43655 -5.93909
2.13198 -5.93909
1.9797 -5.93909
1.67513 -5.93909
1.52284 -5.93909
1.21827 -5.93909
1.06599 -5.93909
0.761421 -5.93909
0.609137 -5.93909
0.304569 -5.93909
0.152284 -5.93909
0 -5.93909
-0.304569 -5.93909
-0.456853 -5.7868
-0.761421 -5.7868
-0.913706 -5.7868
-1.21827 -5.63452
-1.37056 -5.63452
-1.67513 -5.63452
-1.82741 -5.48223
-1.9797 -5.48223
-2.28426 -5.32995
-2.43655 -5.32995
-2.58883 -5.17766
-2.8934 -5.02538
-3.04569 -5.02538
-3.19797 -4.8731
-3.50254 -4.8731
-3.65482 -4.72081
-3.80711 -4.56853
-4.11168 -4.41624
-4.26396 -4.41624
-4.41624 -4.26396
-4.56853 -4.11168
-4.72081 -4.11168
-5.02538 -3.95939
-5.17766 -3.80711
-5.32995 -3.65482
-5.48223 -3.50254
-5.63452 -3.50254
-5.7868 -3.35025
-6.09137 -3.19797
-6.24365 -3.04569
-6.39594 -2.8934
-6.54822 -2.74112
-6.70051 -2.74112
-6.85279 -2.58883
-7.00508 -2.43655
-7.15736 -2.28426
-7.30964 -2.13198
-7.46193 -1.9797
-7.61421 -1.82741
-7.7665 -1.67513
-7.91878 -1.52284
-8.07107 -1.37056
-8.22335 -1.21827
-8.37563 -1.06599
-8.52792 -0.913706
-8.52792 -0.761421
-8.6802 -0.456853
-8.83249 -0.304569
-8.98477 -0.152284
-9.13706 0
-9.13706 0.152284
-9.28934 0.304569
-9.28934 0.609137
-9.44162 0.761421
-9.59391 0.913706
-9.59391 1.06599
-9.59391 1.37056
-9.74619 1.52284
-9.74619 1.67513
-9.89848 1.9797
-9.89848 2.13198
-9.89848 2.28426
-10.0508 2.58883
-10.0508 2.74112
-10.0508 2.8934
-10.0508 3.04569
-10.203 3.35025
-10.203 3.50254
-10.203 3.65482
-10.203 3.95939
-10.203 4.11168
-10.203 4.26396
-10.203 4.56853
-10.3553 4.72081
-10.3553 4.8731
-10.3553 5.02538
-10.3553 5.32995
-10.3553 5.48223
-10.3553 5.63452
-10.3553 5.93909
-10.3553 6.09137
-10.3553 6.24365
-10.3553 6.39594
-10.3553 6.70051
-10.3553 6.85279
-10.3553 7.00508
-10.5076 7.15736
-10.5076 7.46193
-10.5076 7.61421
-10.5076 7.7665
-10.5076 8.07107
-10.6599 8.22335
-10.6599 8.37563
-10.6599 8.6802
-10.8122 8.83249
-10.8122 8.98477
-10.9645 9.28934
-10.9645 9.44162
-11.1168 9.74619
-11.1168 9.89848
-11.269 10.203
-11.4213 10.5076
-11.4213 10.6599
-11.5736 10.9645
-11.5736 11.269
-11.7259 11.5736
-11.8782 11.7259
-11.8782 12.0305
-12.0305 12.335
-12.0305 12.6396
-12.0305 12.9442
-12.1827 13.2487
-12.1827 13.5533
-12.1827 13.8579
-12.1827 14.1624
-12.1827 14.467
-12.1827 14.6193
-12.0305 14.9239
-12.0305 15.2284
-11.8782 15.533
-11.8782 15.6853
-11.7259 15.9898
-11.5736 16.1421
-11.4213 16.4467
-11.269 16.599
-10.9645 16.7513
-10.8122 16.9036
-10.6599 17.0558
-10.3553 17.2081
-10.0508 17.3604
-9.89848 17.5127
-9.59391 17.665
-9.28934 17.665
-9.13706 17.8173
-8.83249 17.8173
-8.52792 17.9695
-8.22335 17.9695
-8.07107 18.1218
-7.7665 18.1218
-7.46193 18.1218
-7.15736 18.1218
-7.00508 18.2741
-6.70051 18.2741
-6.39594 18.2741
-6.24365 18.2741
-5.93909 18.4264
-5.63452 18.4264
-5.48223 18.4264
-5.17766 18.5787
-5.02538 18.5787
-4.8731 18.5787
-4.56853 18.731
-4.41624 18.731
-4.11168 18.731
-3.95939 18.8832
-3.65482 18.8832
-3.50254 19.0355
-3.35025 19.0355
-3.04569 19.1878
-2.8934 19.1878
-2.74112 19.3401
-2.43655 19.3401
-2.28426 19.3401
-1.9797 19.4924
-1.82741 19.4924
-1.67513 19.6447
-1.37056 19.6447
-1.21827 19.6447
-0.913706 19.6447
-0.761421 19.797
-0.456853 19.797
-0.304569 19.797
0 19.797
0.152284 19.797
0.456853 19.797
0.609137 19.797
0.761421 19.797
1.06599 19.797
1.21827 19.797
1.52284 19.797
1.67513 19.6447
1.9797 19.6447
2.13198 19.6447
2.43655 19.4924
2.58883 19.4924
2.74112 19.4924
3.04569 19.3401
3.19797 19.3401
3.35025 19.1878
3.65482 19.1878
3.80711 19.0355
3.95939 19.0355
4.26396 18.8832
4.41624 18.731
4.56853 18.731
4.8731 18.5787
5.02538 18.4264
5.17766 18.4264
5.32995 18.2741
5.48223 18.1218
5.7868 17.9695
5.93909 17.9695
6.09137 17.8173
6.24365 17.665
6.39594 17.5127
6.54822 17.3604
6.70051 17.2081
6.85279 17.0558
7.00508 17.0558
7.15736 16.9036
7.30964 16.7513
7.46193 16.599
7.61421 16.4467
7.7665 16.2944
7.91878 16.1421
8.07107 15.9898
8.22335 15.8376
8.37563 15.6853
8.52792 15.533
8.6802 15.3807
8.83249 15.2284
8.83249 15.0761
8.98477 14.9239
9.13706 14.7716
9.28934 14.6193
9.44162 14.3147
9.44162 14.1624
9.59391 14.0102
9.74619 13.8579
9.89848 13.7056
9.89848 13.5533
10.0508 13.401
10.203 13.2487
10.203 13.0964
10.3553 12.9442
10.5076 12.6396
10.5076 12.4873
10.6599 12.335
10.6599 12.1827
10.8122 12.0305
10.9645 11.8782
10.9645 11.5736
11.1168 11.4213
11.1168 11.269
11.269 11.1168
11.269 10.9645
11.4213 10.8122
11.4213 10.5076
11.5736 10.3553
11.5736 10.203
11.7259 10.0508
11.7259 9.74619
11.8782 9.59391
11.8782 9.44162
11.8782 9.28934
12.0305 8.98477
12.0305 8.83249
12.0305 8.6802
12.0305 8.37563
12.1827 8.22335
12.1827 8.07107
12.1827 7.7665
12.1827 7.61421
12.1827 7.46193
12.1827 7.15736
