12.335 7.15736
12.335 7.00508
12.4873 6.70051
12.4873 6.54822
12.6396 6.24365
12.6396 6.09137
12.7919 5.93909
12.7919 5.63452
12.7919 5.48223
12.7919 5.17766
12.9442 5.02538
12.9442 4.72081
12.9442 4.56853
12.9442 4.26396
12.9442 4.11168
12.9442 3.80711
12.9442 3.65482
12.9442 3.50254
12.9442 3.19797
12.7919 3.04569
12.7919 2.74112
12.7919 2.58883
12.7919 2.28426
12.6396 2.13198
12.6396 1.82741
12.4873 1.67513
12.4873 1.52284
12.335 1.21827
12.335 1.06599
12.1827 0.761421
12.0305 0.609137
11.8782 0.456853
11.8782 0.304569
11.7259 0
11.5736 -0.152284
11.4213 -0.304569
11.269 -0.456853
11.1168 -0.761421
11.1168 -0.913706
10.9645 -1.06599
10.8122 -1.21827
10.6599 -1.37056
10.5076 -1.52284
10.3553 -1.67513
10.203 -1.82741
10.0508 -1.9797
9.74619 -2.13198
9.59391 -2.28426
9.44162 -2.43655
9.28934 -2.58883
9.13706 -2.74112
8.98477 -2.8934
8.83249 -3.04569
8.6802 -3.19797
8.37563 -3.35025
8.22335 -3.50254
8.07107 -3.65482
7.91878 -3.80711
7.7665 -3.95939
7.46193 -3.95939
7.30964 -4.11168
7.15736 -4.26396
6.85279 -4.41624
6.70051 -4.56853
6.54822 -4.56853
6.39594 -4.72081
6.09137 -4.8731
5.93909 -4.8731
5.63452 -5.02538
5.48223 -5.17766
5.32995 -5.17766
5.02538 -5.32995
4.8731 -5.32995
4.56853 -5.48223
4.41624 -5.48223
4.26396 -5.63452
3.95939 -5.63452
3.80711 -5.63452
3.50254 -5.7868
3.35025 -5.7868
3.04569 -5.7868
2.8934 -5.93909
2.58883 -5.93909
2.43655 -5.93909
2.13198 -5.93909
1.9797 -5.93909
1.67513 -5.93909
1.52284 -6.09137
1.21827 -6.09137
1.06599 -6.09137
0.761421 -6.09137
0.609137 -5.93909
0.304569 -5.93909
0.152284 -5.93909
-0.152284 -5.93909
-0.304569 -5.93909
-0.609137 -5.93909
-0.761421 -5.7868
-1.06599 -5.7868
-1.21827 -5.7868
-1.52284 -5.63452
-1.67513 -5.63452
-1.82741 -5.48223
-2.13198 -5.48223
-2.28426 -5.32995
-2.58883 -5.32995
-2.74112 -5.17766
-2.8934 -5.17766
-3.19797 -5.02538
-3.35025 -4.8731
-3.50254 -4.8731
-3.80711 -4.72081
-3.95939 -4.56853
-4.11168 -4.56853
-4.26396 -4.41624
-4.56853 -4.26396
-4.72081 -4.11168
-4.8731 -3.95939
-5.02538 -3.95939
-5.17766 -3.80711
-5.48223 -3.65482
-5.63452 -3.50254
-5.7868 -3.35025
-5.93909 -3.19797
-6.09137 -3.04569
-6.24365 -3.04569
-6.39594 -2.8934
-6.54822 -2.74112
-6.70051 -2.58883
-6.85279 -2.43655
-7.00508 -2.28426
-7.15736 -2.13198
-7.30964 -1.9797
-7.46193 -1.82741
-7.61421 -1.67513
-7.7665 -1.52284
-7.91878 -1.37056
-8.07107 -1.21827
-8.22335 -0.913706
-8.37563 -0.761421
-8.52792 -0.609137
-8.52792 -0.456853
-8.6802 -0.304569
-8.83249 -0.152284
-8.98477 0
-8.98477 0.304569
-9.13706 0.456853
-9.28934 0.609137
-9.28934 0.761421
-9.44162 1.06599
-9.44162 1.21827
-9.59391 1.37056
-9.59391 1.52284
-9.74619 1.82741
-9.74619 1.9797
-9.89848 2.13198
-9.89848 2.28426
-10.0508 2.58883
-10.0508 2.74112
-10.0508 2.8934
-10.203 3.19797
-10.203 3.35025
-10.203 3.50254
-10.203 3.80711
-10.203 3.95939
-10.3553 4.11168
-10.3553 4.41624
-10.3553 4.56853
-10.3553 4.72081
-10.3553 5.02538
-10.3553 5.17766
-10.3553 5.32995
-10.3553 5.63452
-10.3553 5.7868
-10.3553 5.93909
-10.3553 6.09137
-10.3553 6.39594
-10.3553 6.54822
-10.3553 6.70051
-10.3553 7.00508
-10.3553 7.15736
-10.3553 7.30964
-10.3553 7.46193
-10.3553 7.7665
-10.3553 7.91878
-10.3553 8.07107
-10.3553 8.37563
-10.3553 8.52792
-10.3553 8.6802
-10.3553 8.83249
-10.5076 9.13706
-10.5076 9.28934
-10.5076 9.59391
-10.6599 9.74619
-10.6599 10.0508
-10.6599 10.203
-10.8122 10.5076
-10.8122 10.6599
-10.9645 10.9645
-10.9645 11.269
-11.1168 11.4213
-11.1168 11.7259
-11.269 12.0305
-11.269 12.335
-11.4213 12.4873
-11.4213 12.7919
-11.4213 13.0964
-11.4213 13.401
-11.4213 13.7056
-11.4213 14.0102
-11.4213 14.1624
-11.4213 14.467
-11.4213 14.7716
-11.269 15.0761
-11.269 15.2284
-11.1168 15.533
-11.1168 15.6853
-10.9645 15.9898
-10.8122 16.1421
-10.6599 16.4467
-10.5076 16.599
-10.3553 16.7513
-10.0508 16.9036
-9.89848 17.0558
-9.74619 17.2081
-9.44162 17.3604
-9.28934 17.5127
-8.98477 17.665
-8.83249 17.8173
-8.52792 17.8173
-8.22335 17.9695
-8.07107 17.9695
-7.7665 18.1218
-7.61421 18.2741
-7.30964 18.2741
-7.00508 18.2741
-6.85279 18.4264
-6.54822 18.4264
-6.24365 18.5787
-6.09137 18.5787
-5.7868 18.5787
-5.63452 18.731
-5.32995 18.731
-5.17766 18.731
-4.8731 18.8832
-4.72081 18.8832
-4.41624 19.0355
-4.26396 19.0355
-4.11168 19.1878
-3.80711 19.1878
-3.65482 19.1878
-3.35025 19.3401
-3.19797 19.3401
-2.8934 19.4924
-2.74112 19.4924
-2.58883 19.4924
-2.28426 19.6447
-2.13198 19.6447
-1.82741 19.6447
-1.67513 19.797
-1.37056 19.797
-1.21827 19.797
-0.913706 19.797
-0.761421 19.797
-0.609137 19.9492
-0.304569 19.9492
-0.152284 19.9492
0.152284 19.9492
0.304569 19.9492
0.609137 19.9492
0.761421 19.9492
1.06599 19.797
1.21827 19.797
1.52284 19.797
1.67513 19.797
1.82741 19.6447
2.13198 19.6447
2.28426 19.6447
2.58883 19.4924
2.74112 19.4924
2.8934 19.4924
3.19797 19.3401
3.35025 19.3401
3.65482 19.1878
3.80711 19.0355
3.95939 19.0355
4.11168 18.8832
4.41624 18.8832
4.56853 18.731
4.72081 18.5787
4.8731 18.5787
5.17766 18.4264
5.32995 18.2741
5.48223 18.1218
5.63452 18.1218
5.7868 17.9695
5.93909 17.8173
6.24365 17.665
6.39594 17.5127
6.54822 17.3604
6.70051 17.3604
6.85279 17.2081
7.00508 17.0558
7.15736 16.9036
7.30964 16.7513
7.46193 16.599
7.61421 16.4467
7.7665 16.2944
7.91878 16.1421
8.07107 15.9898
8.07107 15.8376
8.22335 15.6853
8.37563 15.533
8.52792 15.3807
8.6802 15.2284
8.83249 15.2284
8.98477 15.0761
9.13706 14.9239
9.13706 14.7716
9.28934 14.6193
9.44162 14.467
9.59391 14.3147
9.74619 14.0102
9.74619 13.8579
9.89848 13.7056
10.0508 13.5533
10.203 13.401
10.203 13.2487
10.3553 13.0964
10.5076 12.9442
10.5076 12.7919
10.6599 12.6396
10.8122 12.4873
10.8122 12.335
10.9645 12.0305
11.1168 11.8782
11.1168 11.7259
11.269 11.5736
11.269 11.4213
11.4213 11.1168
11.4213 10.9645
11.5736 10.8122
11.5736 10.6599
11.5736 10.5076
11.7259 10.203
11.7259 10.0508
11.8782 9.89848
11.8782 9.74619
11.8782 9.44162
12.0305 9.28934
12.0305 9.13706
12.0305 8.98477
12.0305 8.6802
12.1827 8.52792
12.1827 8.37563
12.1827 8.07107
12.1827 7.91878
12.335 7.7665
12.335 7.46193
12.335 7.30964
