12.335 7.00508
12.4873 6.85279
12.6396 6.70051
12.6396 6.39594
12.7919 6.24365
12.7919 5.93909
12.9442 5.7868
12.9442 5.48223
12.9442 5.32995
12.9442 5.17766
13.0964 4.8731
13.0964 4.72081
13.0964 4.41624
13.0964 4.26396
13.0964 3.95939
13.0964 3.80711
13.0964 3.50254
13.0964 3.35025
12.9442 3.04569
12.9442 2.8934
12.9442 2.58883
12.9442 2.43655
12.7919 2.13198
12.7919 1.9797
12.6396 1.67513
12.6396 1.52284
12.4873 1.37056
12.4873 1.06599
12.335 0.913706
12.1827 0.609137
12.1827 0.456853
12.0305 0.304569
11.8782 0
11.7259 -0.152284
11.5736 -0.304569
11.5736 -0.456853
11.4213 -0.609137
11.269 -0.913706
11.1168 -1.06599
10.9645 -1.21827
10.8122 -1.37056
10.6599 -1.52284
10.5076 -1.67513
10.3553 -1.82741
10.203 -1.9797
10.0508 -2.13198
9.89848 -2.28426
9.59391 -2.43655
9.44162 -2.58883
9.28934 -2.74112
9.13706 -2.8934
8.98477 -3.04569
8.83249 -3.19797
8.52792 -3.35025
8.37563 -3.50254
8.22335 -3.65482
8.07107 -3.80711
7.91878 -3.95939
7.61421 -3.95939
7.46193 -4.11168
7.30964 -4.26396
7.00508 -4.41624
6.85279 -4.41624
6.70051 -4.56853
6.39594 -4.72081
6.24365 -4.72081
6.09137 -4.8731
5.7868 -5.02538
5.63452 -5.02538
5.48223 -5.17766
5.17766 -5.17766
5.02538 -5.32995
4.72081 -5.48223
4.56853 -5.48223
4.41624 -5.48223
4.11168 -5.63452
3.95939 -5.63452
3.65482 -5.7868
3.50254 -5.7868
3.19797 -5.7868
3.04569 -5.93909
2.74112 -5.93909
2.58883 -5.93909
2.28426 -5.93909
2.13198 -5.93909
1.82741 -5.93909
1.67513 -6.09137
1.37056 -6.09137
1.21827 -6.09137
0.913706 -6.09137
0.761421 -6.09137
0.456853 -5.93909
0.304569 -5.93909
0 -5.93909
-0.152284 -5.93909
-0.456853 -5.93909
-0.609137 -5.7868
-0.761421 -5.7868
-1.06599 -5.7868
-1.21827 -5.63452
-1.52284 -5.63452
-1.67513 -5.48223
-1.9797 -5.48223
-2.13198 -5.32995
-2.28426 -5.32995
-2.58883 -5.17766
-2.74112 -5.02538
-2.8934 -5.02538
-3.19797 -4.8731
-3.35025 -4.72081
-3.50254 -4.72081
-3.65482 -4.56853
-3.95939 -4.41624
-4.11168 -4.41624
-4.26396 -4.26396
-4.41624 -4.11168
-4.56853 -3.95939
-4.8731 -3.80711
-5.02538 -3.80711
-5.17766 -3.65482
-5.32995 -3.50254
-5.48223 -3.35025
-5.63452 -3.19797
-5.7868 -3.04569
-5.93909 -3.04569
-6.24365 -2.8934
-6.39594 -2.74112
-6.54822 -2.58883
-6.70051 -2.43655
-6.85279 -2.28426
-7.00508 -2.13198
-7.15736 -1.9797
-7.30964 -1.82741
-7.46193 -1.67513
-7.61421 -1.52284
-7.7665 -1.37056
-7.91878 -1.21827
-8.07107 -1.06599
-8.07107 -0.913706
-8.22335 -0.761421
-8.37563 -0.609137
-8.52792 -0.456853
-8.6802 -0.304569
-8.6802 -0.152284
-8.83249 0
-8.98477 0.304569
-9.13706 0.456853
-9.13706 0.609137
-9.28934 0.761421
-9.28934 0.913706
-9.44162 1.21827
-9.59391 1.37056
-9.59391 1.52284
-9.59391 1.67513
-9.74619 1.9797
-9.74619 2.13198
-9.89848 2.28426
-9.89848 2.58883
-9.89848 2.74112
-10.0508 2.8934
-10.0508 3.04569
-10.0508 3.35025
-10.0508 3.50254
-10.203 3.65482
-10.203 3.95939
-10.203 4.11168
-10.203 4.26396
-10.203 4.56853
-10.203 4.72081
-10.203 4.8731
-10.3553 5.02538
-10.3553 5.32995
-10.3553 5.48223
-10.3553 5.63452
-10.3553 5.93909
-10.3553 6.09137
-10.3553 6.24365
-10.3553 6.39594
-10.3553 6.70051
-10.3553 6.85279
-10.3553 7.00508
-10.3553 7.30964
-10.3553 7.46193
-10.3553 7.61421
-10.3553 7.7665
-10.3553 8.07107
-10.3553 8.22335
-10.3553 8.37563
-10.3553 8.52792
-10.3553 8.83249
-10.3553 8.98477
-10.3553 9.13706
-10.3553 9.44162
-10.3553 9.59391
-10.5076 9.89848
-10.5076 10.0508
-10.5076 10.203
-10.5076 10.5076
-10.5076 10.6599
-10.5076 10.9645
-10.6599 11.1168
-10.6599 11.4213
-10.6599 11.5736
-10.6599 11.8782
-10.6599 12.1827
-10.6599 12.335
-10.6599 12.6396
-10.6599 12.7919
-10.6599 13.0964
-10.6599 13.401
-10.5076 13.5533
-10.5076 13.8579
-10.5076 14.0102
-10.3553 14.3147
-10.3553 14.467
-10.203 14.7716
-10.203 14.9239
-10.0508 15.2284
-10.0508 15.3807
-9.89848 15.6853
-9.74619 15.8376
-9.59391 15.9898
-9.44162 16.2944
-9.28934 16.4467
-9.13706 16.599
-8.98477 16.7513
-8.83249 16.9036
-8.6802 17.2081
-8.52792 17.3604
-8.22335 17.5127
-8.07107 17.665
-7.91878 17.665
-7.7665 17.8173
-7.46193 17.9695
-7.30964 18.1218
-7.15736 18.2741
-6.85279 18.4264
-6.70051 18.4264
-6.39594 18.5787
-6.24365 18.731
-6.09137 18.731
-5.7868 18.8832
-5.63452 18.8832
-5.32995 19.0355
-5.17766 19.0355
-4.8731 19.1878
-4.72081 19.1878
-4.41624 19.3401
-4.26396 19.3401
-3.95939 19.3401
-3.80711 19.4924
-3.50254 19.4924
-3.35025 19.4924
-3.04569 19.6447
-2.8934 19.6447
-2.58883 19.6447
-2.43655 19.6447
-2.13198 19.6447
-1.9797 19.6447
-1.67513 19.797
-1.52284 19.797
-1.21827 19.797
-1.06599 19.797
-0.761421 19.797
-0.609137 19.797
-0.304569 19.797
-0.152284 19.797
0.152284 19.797
0.304569 19.797
0.456853 19.797
0.761421 19.797
0.913706 19.6447
1.21827 19.6447
1.37056 19.6447
1.67513 19.6447
1.82741 19.6447
2.13198 19.4924
2.28426 19.4924
2.43655 19.4924
2.74112 19.4924
2.8934 19.3401
3.19797 19.3401
3.35025 19.1878
3.50254 19.1878
3.80711 19.1878
3.95939 19.0355
4.11168 19.0355
4.41624 18.8832
4.56853 18.731
4.72081 18.731
5.02538 18.5787
5.17766 18.4264
5.32995 18.4264
5.48223 18.2741
5.63452 18.1218
5.93909 17.9695
6.09137 17.9695
6.24365 17.8173
6.39594 17.665
6.54822 17.5127
6.70051 17.3604
6.85279 17.2081
7.00508 17.0558
7.15736 16.9036
7.30964 16.9036
7.46193 16.7513
7.61421 16.599
7.7665 16.4467
7.91878 16.2944
8.07107 16.1421
8.22335 15.9898
8.37563 15.8376
8.52792 15.6853
8.6802 15.533
8.83249 15.3807
8.83249 15.2284
8.98477 15.0761
9.13706 14.9239
9.28934 14.7716
9.44162 14.6193
9.59391 14.467
9.59391 14.3147
9.74619 14.1624
9.89848 14.0102
10.0508 13.7056
10.203 13.5533
10.203 13.401
10.3553 13.2487
10.5076 13.0964
10.5076 12.9442
10.6599 12.7919
10.8122 12.6396
10.8122 12.4873
10.9645 12.1827
11.1168 12.0305
11.1168 11.8782
11.269 11.7259
11.269 11.5736
11.4213 11.269
11.4213 11.1168
11.5736 10.9645
11.5736 10.8122
11.7259 10.6599
11.7259 10.3553
11.7259 10.203
11.8782 10.0508
11.8782 9.89848
11.8782 9.59391
12.0305 9.44162
12.0305 9.28934
12.0305 8.98477
12.1827 8.83249
12.1827 8.6802
12.1827 8.52792
12.335 8.22335
12.335 8.07107
12.335 7.91878
12.335 7.61421
12.4873 7.46193
12.4873 7.30964
