12.4873 7.15736
12.4873 7.00508
12.6396 6.70051
12.7919 6.54822
12.7919 6.39594
12.9442 6.09137
12.9442 5.93909
12.9442 5.63452
13.0964 5.48223
13.0964 5.17766
13.0964 5.02538
13.0964 4.72081
13.0964 4.56853
13.0964 4.26396
13.0964 4.11168
13.0964 3.80711
13.0964 3.65482
13.0964 3.35025
13.0964 3.19797
12.9442 2.8934
12.9442 2.74112
12.9442 2.58883
12.7919 2.28426
12.7919 2.13198
12.6396 1.82741
12.6396 1.67513
12.4873 1.37056
12.4873 1.21827
12.335 1.06599
12.1827 0.761421
12.1827 0.609137
12.0305 0.456853
11.8782 0.152284
11.7259 0
11.7259 -0.152284
11.5736 -0.304569
11.4213 -0.609137
11.269 -0.761421
11.1168 -0.913706
10.9645 -1.06599
10.8122 -1.21827
10.6599 -1.52284
10.5076 -1.67513
10.3553 -1.82741
10.203 -1.9797
10.0508 -2.13198
9.89848 -2.28426
9.74619 -2.43655
9.59391 -2.58883
9.44162 -2.74112
9.28934 -2.8934
8.98477 -3.04569
8.83249 -3.19797
8.6802 -3.35025
8.52792 -3.50254
8.37563 -3.65482
8.22335 -3.80711
7.91878 -3.95939
7.7665 -3.95939
7.61421 -4.11168
7.30964 -4.26396
7.15736 -4.41624
7.00508 -4.56853
6.85279 -4.56853
6.54822 -4.72081
6.39594 -4.8731
6.24365 -5.02538
5.93909 -5.02538
5.7868 -5.17766
5.48223 -5.17766
5.32995 -5.32995
5.17766 -5.48223
4.8731 -5.48223
4.72081 -5.63452
4.41624 -5.63452
4.26396 -5.63452
3.95939 -5.7868
3.80711 -5.7868
3.50254 -5.7868
3.35025 -5.93909
3.04569 -5.93909
2.8934 -5.93909
2.58883 -5.93909
2.43655 -6.09137
2.13198 -6.09137
1.9797 -6.09137
1.67513 -6.09137
1.52284 -6.09137
1.21827 -6.09137
1.06599 -6.09137
0.761421 -6.09137
0.609137 -6.09137
0.304569 -5.93909
0.152284 -5.93909
-0.152284 -5.93909
-0.304569 -5.93909
-0.609137 -5.7868
-0.761421 -5.7868
-1.06599 -5.7868
-1.21827 -5.63452
-1.52284 -5.63452
-1.67513 -5.48223
-1.9797 -5.48223
-2.13198 -5.32995
-2.28426 -5.32995
-2.58883 -5.17766
-2.74112 -5.17766
-2.8934 -5.02538
-3.19797 -4.8731
-3.35025 -4.8731
-3.50254 -4.72081
-3.80711 -4.56853
-3.95939 -4.41624
-4.11168 -4.41624
-4.26396 -4.26396
-4.56853 -4.11168
-4.72081 -3.95939
-4.8731 -3.95939
-5.02538 -3.80711
-5.17766 -3.65482
-5.32995 -3.50254
-5.63452 -3.35025
-5.7868 -3.19797
-5.93909 -3.04569
-6.09137 -3.04569
-6.24365 -2.8934
-6.39594 -2.74112
-6.54822 -2.58883
-6.70051 -2.43655
-6.85279 -2.28426
-7.00508 -2.13198
-7.15736 -1.9797
-7.30964 -1.82741
-7.46193 -1.67513
-7.61421 -1.52284
-7.7665 -1.37056
-7.91878 -1.21827
-8.07107 -1.06599
-8.22335 -0.913706
-8.22335 -0.761421
-8.37563 -0.456853
-8.52792 -0.304569
-8.6802 -0.152284
-8.83249 0
-8.83249 0.152284
-8.98477 0.304569
-9.13706 0.609137
-9.13706 0.761421
-9.28934 0.913706
-9.28934 1.06599
-9.44162 1.21827
-9.59391 1.52284
-9.59391 1.67513
-9.74619 1.82741
-9.74619 1.9797
-9.74619 2.28426
-9.89848 2.43655
-9.89848 2.58883
-9.89848 2.8934
-10.0508 3.04569
-10.0508 3.19797
-10.0508 3.50254
-10.203 3.65482
-10.203 3.80711
-10.203 4.11168
-10.203 4.26396
-10.203 4.41624
-10.203 4.56853
-10.203 4.8731
-10.203 5.02538
-10.203 5.17766
-10.203 5.48223
-10.203 5.63452
-10.203 5.7868
-10.203 6.09137
-10.203 6.24365
-10.203 6.39594
-10.203 6.54822
-10.203 6.85279
-10.203 7.00508
-10.203 7.15736
-10.203 7.30964
-10.203 7.61421
-10.203 7.7665
-10.203 7.91878
-10.203 8.07107
-10.203 8.37563
-10.203 8.52792
-10.203 8.6802
-10.203 8.98477
-10.3553 9.13706
-10.3553 9.28934
-10.3553 9.59391
-10.5076 9.74619
-10.5076 10.0508
-10.6599 10.203
-10.6599 10.5076
-10.8122 10.6599
-10.9645 10.9645
-10.9645 11.269
-11.1168 11.4213
-11.1168 11.7259
-11.269 12.0305
-11.269 12.335
-11.4213 12.6396
-11.4213 12.7919
-11.4213 13.0964
-11.4213 13.401
-11.5736 13.7056
-11.5736 14.0102
-11.5736 14.3147
-11.5736 14.6193
-11.4213 14.7716
-11.4213 15.0761
-11.4213 15.3807
-11.269 15.533
-11.1168 15.8376
-10.9645 16.1421
-10.9645 16.2944
-10.8122 16.4467
-10.5076 16.7513
-10.3553 16.9036
-10.203 17.0558
-10.0508 17.2081
-9.74619 17.3604
-9.59391 17.5127
-9.28934 17.665
-8.98477 17.665
-8.83249 17.8173
-8.52792 17.9695
-8.37563 17.9695
-8.07107 18.1218
-7.7665 18.1218
-7.61421 18.2741
-7.30964 18.2741
-7.00508 18.2741
-6.85279 18.4264
-6.54822 18.4264
-6.24365 18.4264
-6.09137 18.5787
-5.7868 18.5787
-5.63452 18.731
-5.32995 18.731
-5.17766 18.731
-4.8731 18.8832
-4.72081 18.8832
-4.41624 18.8832
-4.26396 19.0355
-4.11168 19.0355
-3.80711 19.1878
-3.65482 19.1878
-3.35025 19.3401
-3.19797 19.3401
-2.8934 19.3401
-2.74112 19.4924
-2.58883 19.4924
-2.28426 19.6447
-2.13198 19.6447
-1.82741 19.6447
-1.67513 19.797
-1.52284 19.797
-1.21827 19.797
-1.06599 19.797
-0.761421 19.797
-0.609137 19.9492
-0.304569 19.9492
-0.152284 19.9492
0.152284 19.9492
0.304569 19.9492
0.609137 19.9492
0.761421 19.9492
1.06599 19.797
1.21827 19.797
1.37056 19.797
1.67513 19.797
1.82741 19.797
2.13198 19.6447
2.28426 19.6447
2.58883 19.6447
2.74112 19.4924
2.8934 19.4924
3.19797 19.3401
3.35025 19.3401
3.50254 19.1878
3.80711 19.1878
3.95939 19.0355
4.11168 19.0355
4.41624 18.8832
4.56853 18.731
4.72081 18.731
4.8731 18.5787
5.17766 18.4264
5.32995 18.4264
5.48223 18.2741
5.63452 18.1218
5.7868 17.9695
5.93909 17.9695
6.24365 17.8173
6.39594 17.665
6.54822 17.5127
6.70051 17.3604
6.85279 17.3604
7.00508 17.2081
7.15736 17.0558
7.30964 16.9036
7.46193 16.7513
7.61421 16.599
7.7665 16.4467
7.91878 16.2944
8.07107 16.1421
8.22335 15.9898
8.37563 15.9898
8.52792 15.8376
8.6802 15.6853
8.83249 15.533
8.98477 15.3807
8.98477 15.2284
9.13706 15.0761
9.28934 14.9239
9.44162 14.7716
9.59391 14.6193
9.74619 14.467
9.74619 14.1624
9.89848 14.0102
10.0508 13.8579
10.203 13.7056
10.203 13.5533
10.3553 13.401
10.5076 13.2487
10.6599 13.0964
10.6599 12.9442
10.8122 12.7919
10.8122 12.4873
10.9645 12.335
11.1168 12.1827
11.1168 12.0305
11.269 11.8782
11.269 11.7259
11.4213 11.4213
11.4213 11.269
11.5736 11.1168
11.5736 10.9645
11.7259 10.6599
11.7259 10.5076
11.8782 10.3553
11.8782 10.203
11.8782 9.89848
12.0305 9.74619
12.0305 9.59391
12.0305 9.44162
12.1827 9.13706
12.1827 8.98477
12.1827 8.83249
12.1827 8.52792
12.335 8.37563
12.335 8.22335
12.335 7.91878
12.335 7.7665
12.4873 7.61421
12.4873 7.30964
