12.4873 7.30964
12.4873 7.00508
12.6396 6.85279
12.6396 6.70051
12.7919 6.39594
12.7919 6.24365
12.7919 6.09137
12.9442 5.7868
12.9442 5.63452
12.9442 5.32995
13.0964 5.17766
13.0964 4.8731
13.0964 4.72081
13.0964 4.41624
13.0964 4.26396
13.0964 3.95939
13.0964 3.80711
13.0964 3.50254
13.0964 3.35025
12.9442 3.04569
12.9442 2.8934
12.9442 2.58883
12.9442 2.43655
12.7919 2.13198
12.7919 1.9797
12.6396 1.82741
12.6396 1.52284
12.4873 1.37056
12.4873 1.06599
12.335 0.913706
12.1827 0.761421
12.1827 0.456853
12.0305 0.304569
11.8782 0.152284
11.7259 -0.152284
11.7259 -0.304569
11.5736 -0.456853
11.4213 -0.609137
11.269 -0.913706
11.1168 -1.06599
10.9645 -1.21827
10.8122 -1.37056
10.6599 -1.52284
10.5076 -1.67513
10.3553 -1.82741
10.203 -1.9797
10.0508 -2.28426
9.89848 -2.43655
9.74619 -2.58883
9.44162 -2.74112
9.28934 -2.8934
9.13706 -3.04569
8.98477 -3.19797
8.83249 -3.35025
8.6802 -3.35025
8.37563 -3.50254
8.22335 -3.65482
8.07107 -3.80711
7.91878 -3.95939
7.61421 -4.11168
7.46193 -4.26396
7.30964 -4.26396
7.00508 -4.41624
6.85279 -4.56853
6.70051 -4.72081
6.39594 -4.72081
6.24365 -4.8731
6.09137 -5.02538
5.7868 -5.02538
5.63452 -5.17766
5.48223 -5.32995
5.17766 -5.32995
5.02538 -5.48223
4.72081 -5.48223
4.56853 -5.63452
4.26396 -5.63452
4.11168 -5.63452
3.80711 -5.7868
3.65482 -5.7868
3.35025 -5.7868
3.19797 -5.93909
2.8934 -5.93909
2.74112 -5.93909
2.43655 -5.93909
2.28426 -5.93909
1.9797 -6.09137
1.82741 -6.09137
1.52284 -6.09137
1.37056 -6.09137
1.06599 -6.09137
0.913706 -6.09137
0.609137 -5.93909
0.304569 -5.93909
0.152284 -5.93909
-0.152284 -5.93909
-0.304569 -5.93909
-0.609137 -5.7868
-0.761421 -5.7868
-1.06599 -5.7868
-1.21827 -5.63452
-1.37056 -5.63452
-1.67513 -5.48223
-1.82741 -5.48223
-2.13198 -5.32995
-2.28426 -5.32995
-2.43655 -5.17766
-2.74112 -5.17766
-2.8934 -5.02538
-3.19797 -4.8731
-3.35025 -4.8731
-3.50254 -4.72081
-3.65482 -4.56853
-3.95939 -4.56853
-4.11168 -4.41624
-4.26396 -4.26396
-4.56853 -4.11168
-4.72081 -3.95939
-4.8731 -3.95939
-5.02538 -3.80711
-5.17766 -3.65482
-5.32995 -3.50254
-5.63452 -3.35025
-5.7868 -3.19797
-5.93909 -3.19797
-6.09137 -3.04569
-6.24365 -2.8934
-6.39594 -2.74112
-6.54822 -2.58883
-6.70051 -2.43655
-6.85279 -2.28426
-7.00508 -2.13198
-7.15736 -1.9797
-7.30964 -1.82741
-7.46193 -1.67513
-7.61421 -1.52284
-7.7665 -1.37056
-7.91878 -1.21827
-8.07107 -1.06599
-8.22335 -0.913706
-8.37563 -0.761421
-8.52792 -0.456853
-8.52792 -0.304569
-8.6802 -0.152284
-8.83249 0
-8.98477 0.152284
-8.98477 0.304569
-9.13706 0.609137
-9.13706 0.761421
-9.28934 0.913706
-9.44162 1.06599
-9.44162 1.37056
-9.59391 1.52284
-9.59391 1.67513
-9.74619 1.9797
-9.74619 2.13198
-9.74619 2.28426
-9.89848 2.43655
-9.89848 2.74112
-10.0508 2.8934
-10.0508 3.04569
-10.0508 3.35025
-10.0508 3.50254
-10.203 3.65482
-10.203 3.95939
-10.203 4.11168
-10.203 4.26396
-10.203 4.56853
-10.203 4.72081
-10.203 4.8731
-10.203 5.17766
-10.203 5.32995
-10.203 5.48223
-10.203 5.7868
-10.203 5.93909
-10.203 6.09137
-10.203 6.24365
-10.203 6.54822
-10.203 6.70051
-10.203 6.85279
-10.203 7.15736
-10.203 7.30964
-10.203 7.46193
-10.203 7.61421
-10.203 7.91878
-10.203 8.07107
-10.203 8.22335
-10.203 8.37563
-10.3553 8.6802
-10.3553 8.83249
-10.3553 8.98477
-10.3553 9.28934
-10.5076 9.44162
-10.5076 9.74619
-10.5076 9.89848
-10.6599 10.203
-10.6599 10.3553
-10.8122 10.6599
-10.8122 10.8122
-10.9645 11.1168
-10.9645 11.4213
-11.1168 11.5736
-11.1168 11.8782
-11.269 12.1827
-11.269 12.4873
-11.4213 12.6396
-11.4213 12.9442
-11.4213 13.2487
-11.4213 13.5533
-11.4213 13.8579
-11.4213 14.1624
-11.4213 14.3147
-11.4213 14.6193
-11.4213 14.9239
-11.269 15.2284
-11.269 15.3807
-11.1168 15.6853
-11.1168 15.9898
-10.9645 16.1421
-10.8122 16.2944
-10.6599 16.599
-10.5076 16.7513
-10.203 16.9036
-10.0508 17.0558
-9.89848 17.2081
-9.59391 17.3604
-9.44162 17.5127
-9.13706 17.665
-8.98477 17.8173
-8.6802 17.8173
-8.37563 17.9695
-8.22335 17.9695
-7.91878 18.1218
-7.61421 18.1218
-7.46193 18.2741
-7.15736 18.2741
-6.85279 18.4264
-6.70051 18.4264
-6.39594 18.4264
-6.24365 18.5787
-5.93909 18.5787
-5.7868 18.5787
-5.48223 18.731
-5.32995 18.731
-5.02538 18.731
-4.8731 18.8832
-4.56853 18.8832
-4.41624 19.0355
-4.11168 19.0355
-3.95939 19.0355
-3.65482 19.1878
-3.50254 19.1878
-3.35025 19.3401
-3.04569 19.3401
-2.8934 19.4924
-2.58883 19.4924
-2.43655 19.4924
-2.28426 19.6447
-1.9797 19.6447
-1.82741 19.6447
-1.52284 19.797
-1.37056 19.797
-1.21827 19.797
-0.913706 19.797
-0.761421 19.9492
-0.456853 19.9492
-0.304569 19.9492
0 19.9492
0.152284 19.9492
0.456853 19.9492
0.609137 19.9492
0.913706 19.9492
1.06599 19.9492
1.21827 19.797
1.52284 19.797
1.67513 19.797
1.9797 19.797
2.13198 19.6447
2.28426 19.6447
2.58883 19.6447
2.74112 19.4924
3.04569 19.4924
3.19797 19.3401
3.35025 19.3401
3.65482 19.1878
3.80711 19.1878
3.95939 19.0355
4.26396 19.0355
4.41624 18.8832
4.56853 18.731
4.72081 18.731
5.02538 18.5787
5.17766 18.4264
5.32995 18.4264
5.48223 18.2741
5.63452 18.1218
5.7868 17.9695
6.09137 17.9695
6.24365 17.8173
6.39594 17.665
6.54822 17.5127
6.70051 17.3604
6.85279 17.3604
7.00508 17.2081
7.15736 17.0558
7.30964 16.9036
7.46193 16.7513
7.61421 16.599
7.7665 16.4467
7.91878 16.2944
8.07107 16.1421
8.22335 16.1421
8.37563 15.9898
8.52792 15.8376
8.6802 15.6853
8.83249 15.533
8.83249 15.3807
8.98477 15.2284
9.13706 15.0761
9.28934 14.9239
9.44162 14.7716
9.59391 14.6193
9.74619 14.467
9.74619 14.3147
9.89848 14.1624
10.0508 14.0102
10.203 13.8579
10.203 13.7056
10.3553 13.5533
10.5076 13.2487
10.6599 13.0964
10.6599 12.9442
10.8122 12.7919
10.9645 12.6396
10.9645 12.4873
11.1168 12.335
11.1168 12.0305
11.269 11.8782
11.269 11.7259
11.4213 11.5736
11.4213 11.4213
11.5736 11.1168
11.5736 10.9645
11.7259 10.8122
11.7259 10.6599
11.8782 10.3553
11.8782 10.203
11.8782 10.0508
12.0305 9.89848
12.0305 9.59391
12.0305 9.44162
12.1827 9.28934
12.1827 9.13706
12.1827 8.83249
12.1827 8.6802
12.335 8.52792
12.335 8.22335
12.335 8.07107
12.335 7.91878
12.4873 7.61421
12.4873 7.46193
