12.6396 7.00508
12.6396 6.85279
12.7919 6.54822
12.7919 6.39594
12.7919 6.09137
12.9442 5.93909
12.9442 5.7868
12.9442 5.48223
13.0964 5.32995
13.0964 5.02538
13.0964 4.8731
13.0964 4.56853
13.0964 4.41624
13.0964 4.26396
13.0964 3.95939
13.0964 3.80711
13.0964 3.50254
13.0964 3.35025
13.0964 3.04569
12.9442 2.8934
12.9442 2.58883
12.9442 2.43655
12.7919 2.13198
12.7919 1.9797
12.7919 1.82741
12.6396 1.52284
12.6396 1.37056
12.4873 1.06599
12.335 0.913706
12.335 0.761421
12.1827 0.456853
12.0305 0.304569
12.0305 0.152284
11.8782 -0.152284
11.7259 -0.304569
11.5736 -0.456853
11.4213 -0.609137
11.4213 -0.761421
11.269 -1.06599
11.1168 -1.21827
10.9645 -1.37056
10.8122 -1.52284
10.6599 -1.67513
10.5076 -1.82741
10.3553 -1.9797
10.203 -2.28426
10.0508 -2.43655
9.89848 -2.58883
9.74619 -2.74112
9.44162 -2.8934
9.28934 -3.04569
9.13706 -3.19797
8.98477 -3.35025
8.83249 -3.35025
8.6802 -3.50254
8.37563 -3.65482
8.22335 -3.80711
8.07107 -3.95939
7.91878 -4.11168
7.7665 -4.26396
7.46193 -4.41624
7.30964 -4.41624
7.15736 -4.56853
6.85279 -4.72081
6.70051 -4.8731
6.54822 -4.8731
6.24365 -5.02538
6.09137 -5.02538
5.93909 -5.17766
5.63452 -5.32995
5.48223 -5.32995
5.17766 -5.48223
5.02538 -5.48223
4.8731 -5.63452
4.56853 -5.63452
4.41624 -5.63452
4.11168 -5.7868
3.95939 -5.7868
3.65482 -5.7868
3.50254 -5.93909
3.19797 -5.93909
3.04569 -5.93909
2.74112 -5.93909
2.58883 -5.93909
2.28426 -6.09137
2.13198 -6.09137
1.82741 -6.09137
1.67513 -6.09137
1.37056 -6.09137
1.21827 -6.09137
0.913706 -5.93909
0.761421 -5.93909
0.456853 -5.93909
0.304569 -5.93909
0 -5.93909
-0.152284 -5.7868
-0.456853 -5.7868
-0.609137 -5.7868
-0.761421 -5.63452
-1.06599 -5.63452
-1.21827 -5.63452
-1.52284 -5.48223
-1.67513 -5.48223
-1.82741 -5.32995
-2.13198 -5.32995
-2.28426 -5.17766
-2.58883 -5.17766
-2.74112 -5.02538
-2.8934 -4.8731
-3.04569 -4.8731
-3.35025 -4.72081
-3.50254 -4.56853
-3.65482 -4.56853
-3.95939 -4.41624
-4.11168 -4.26396
-4.26396 -4.11168
-4.41624 -4.11168
-4.56853 -3.95939
-4.8731 -3.80711
-5.02538 -3.65482
-5.17766 -3.50254
-5.32995 -3.50254
-5.48223 -3.35025
-5.63452 -3.19797
-5.7868 -3.04569
-5.93909 -2.8934
-6.24365 -2.74112
-6.39594 -2.74112
-6.54822 -2.58883
-6.70051 -2.43655
-6.85279 -2.28426
-7.00508 -2.13198
-7.15736 -1.9797
-7.30964 -1.82741
-7.46193 -1.67513
-7.61421 -1.52284
-7.7665 -1.37056
-7.91878 -1.21827
-7.91878 -1.06599
-8.07107 -0.913706
-8.22335 -0.761421
-8.37563 -0.609137
-8.52792 -0.304569
-8.52792 -0.152284
-8.6802 0
-8.83249 0.152284
-8.98477 0.304569
-8.98477 0.456853
-9.13706 0.761421
-9.13706 0.913706
-9.28934 1.06599
-9.44162 1.21827
-9.44162 1.52284
-9.44162 1.67513
-9.59391 1.82741
-9.59391 2.13198
-9.74619 2.28426
-9.74619 2.43655
-9.74619 2.58883
-9.89848 2.8934
-9.89848 3.04569
-9.89848 3.19797
-10.0508 3.50254
-10.0508 3.65482
-10.0508 3.80711
-10.0508 4.11168
-10.0508 4.26396
-10.203 4.41624
-10.203 4.56853
-10.203 4.8731
-10.203 5.02538
-10.203 5.17766
-10.203 5.48223
-10.203 5.63452
-10.203 5.7868
-10.203 6.09137
-10.203 6.24365
-10.203 6.39594
-10.203 6.54822
-10.203 6.85279
-10.203 7.00508
-10.203 7.15736
-10.203 7.46193
-10.203 7.61421
-10.203 7.7665
-10.203 7.91878
-10.3553 8.22335
-10.3553 8.37563
-10.3553 8.52792
-10.3553 8.83249
-10.3553 8.98477
-10.3553 9.13706
-10.3553 9.44162
-10.3553 9.59391
-10.3553 9.89848
-10.3553 10.0508
-10.5076 10.203
-10.5076 10.5076
-10.5076 10.6599
-10.5076 10.9645
-10.5076 11.1168
-10.5076 11.4213
-10.5076 11.5736
-10.5076 11.8782
-10.5076 12.1827
-10.5076 12.335
-10.5076 12.6396
-10.5076 12.7919
-10.5076 13.0964
-10.5076 13.401
-10.5076 13.5533
-10.3553 13.8579
-10.3553 14.0102
-10.3553 14.3147
-10.203 14.6193
-10.203 14.7716
-10.0508 15.0761
-9.89848 15.2284
-9.89848 15.3807
-9.74619 15.6853
-9.59391 15.8376
-9.44162 16.1421
-9.28934 16.2944
-9.13706 16.4467
-8.98477 16.599
-8.83249 16.9036
-8.6802 17.0558
-8.52792 17.2081
-8.37563 17.3604
-8.22335 17.5127
-7.91878 17.665
-7.7665 17.8173
-7.61421 17.9695
-7.46193 18.1218
-7.15736 18.2741
-7.00508 18.2741
-6.70051 18.4264
-6.54822 18.5787
-6.39594 18.5787
-6.09137 18.731
-5.93909 18.8832
-5.63452 18.8832
-5.48223 19.0355
-5.17766 19.0355
-5.02538 19.1878
-4.72081 19.1878
-4.56853 19.3401
-4.26396 19.3401
-4.11168 19.3401
-3.80711 19.4924
-3.65482 19.4924
-3.35025 19.4924
-3.19797 19.4924
-2.8934 19.6447
-2.74112 19.6447
-2.43655 19.6447
-2.13198 19.6447
-1.9797 19.6447
-1.67513 19.6447
-1.52284 19.6447
-1.21827 19.797
-1.06599 19.797
-0.761421 19.797
-0.609137 19.797
-0.456853 19.797
-0.152284 19.797
0 19.797
0.304569 19.797
0.456853 19.797
0.761421 19.6447
0.913706 19.6447
1.21827 19.6447
1.37056 19.6447
1.67513 19.6447
1.82741 19.6447
2.13198 19.6447
2.28426 19.4924
2.43655 19.4924
2.74112 19.4924
2.8934 19.4924
3.19797 19.3401
3.35025 19.3401
3.50254 19.3401
3.80711 19.1878
3.95939 19.1878
4.26396 19.0355
4.41624 19.0355
4.56853 18.8832
4.72081 18.8832
5.02538 18.731
5.17766 18.5787
5.32995 18.5787
5.63452 18.4264
5.7868 18.2741
5.93909 18.1218
6.09137 18.1218
6.24365 17.9695
6.39594 17.8173
6.54822 17.665
6.85279 17.5127
7.00508 17.3604
7.15736 17.2081
7.30964 17.0558
7.46193 16.9036
7.61421 16.7513
7.7665 16.599
7.91878 16.4467
8.07107 16.2944
8.22335 16.1421
8.22335 15.9898
8.37563 15.8376
8.52792 15.6853
8.6802 15.533
8.83249 15.3807
8.98477 15.2284
9.13706 15.0761
9.28934 14.9239
9.28934 14.7716
9.44162 14.6193
9.59391 14.467
9.74619 14.3147
9.89848 14.1624
9.89848 14.0102
10.0508 13.8579
10.203 13.7056
10.3553 13.5533
10.5076 13.401
10.5076 13.2487
10.6599 13.0964
10.8122 12.9442
10.8122 12.7919
10.9645 12.4873
11.1168 12.335
11.1168 12.1827
11.269 12.0305
11.269 11.8782
11.4213 11.7259
11.5736 11.4213
11.5736 11.269
11.5736 11.1168
11.7259 10.9645
11.7259 10.6599
11.8782 10.5076
11.8782 10.3553
12.0305 10.203
12.0305 9.89848
12.0305 9.74619
12.1827 9.59391
12.1827 9.44162
12.1827 9.13706
12.335 8.98477
12.335 8.83249
12.335 8.52792
12.335 8.37563
12.4873 8.22335
12.4873 8.07107
12.4873 7.7665
12.4873 7.61421
12.6396 7.46193
12.6396 7.15736
