12.7919 7.00508
12.9442 6.85279
12.9442 6.54822
13.0964 6.39594
13.0964 6.24365
13.0964 5.93909
13.0964 5.7868
13.2487 5.48223
13.2487 5.32995
13.2487 5.17766
13.2487 4.8731
13.2487 4.72081
13.2487 4.41624
13.2487 4.26396
13.2487 3.95939
13.2487 3.80711
13.2487 3.50254
13.2487 3.35025
13.0964 3.19797
13.0964 2.8934
13.0964 2.74112
13.0964 2.43655
12.9442 2.28426
12.9442 1.9797
12.7919 1.82741
12.7919 1.67513
12.6396 1.37056
12.6396 1.21827
12.4873 1.06599
12.4873 0.761421
12.335 0.609137
12.1827 0.456853
12.0305 0.152284
12.0305 0
11.8782 -0.152284
11.7259 -0.304569
11.5736 -0.609137
11.4213 -0.761421
11.269 -0.913706
11.269 -1.06599
11.1168 -1.21827
10.9645 -1.37056
10.8122 -1.67513
10.6599 -1.82741
10.5076 -1.9797
10.3553 -2.13198
10.0508 -2.28426
9.89848 -2.43655
9.74619 -2.58883
9.59391 -2.74112
9.44162 -2.8934
9.28934 -3.04569
9.13706 -3.19797
8.98477 -3.35025
8.6802 -3.35025
8.52792 -3.50254
8.37563 -3.65482
8.22335 -3.80711
8.07107 -3.95939
7.7665 -4.11168
7.61421 -4.11168
7.46193 -4.26396
7.30964 -4.41624
7.00508 -4.56853
6.85279 -4.56853
6.70051 -4.72081
6.39594 -4.8731
6.24365 -4.8731
6.09137 -5.02538
5.7868 -5.17766
5.63452 -5.17766
5.32995 -5.32995
5.17766 -5.32995
5.02538 -5.48223
4.72081 -5.48223
4.56853 -5.63452
4.26396 -5.63452
4.11168 -5.63452
3.80711 -5.7868
3.65482 -5.7868
3.50254 -5.7868
3.19797 -5.93909
3.04569 -5.93909
2.74112 -5.93909
2.58883 -5.93909
2.28426 -5.93909
2.13198 -6.09137
1.82741 -6.09137
1.67513 -6.09137
1.37056 -6.09137
1.21827 -6.09137
0.913706 -5.93909
0.761421 -5.93909
0.456853 -5.93909
0.304569 -5.93909
0 -5.93909
-0.152284 -5.7868
-0.456853 -5.7868
-0.609137 -5.7868
-0.913706 -5.63452
-1.06599 -5.63452
-1.21827 -5.48223
-1.52284 -5.48223
-1.67513 -5.32995
-1.9797 -5.32995
-2.13198 -5.17766
-2.28426 -5.17766
-2.58883 -5.02538
-2.74112 -4.8731
-2.8934 -4.8731
-3.19797 -4.72081
-3.35025 -4.56853
-3.50254 -4.56853
-3.65482 -4.41624
-3.80711 -4.26396
-4.11168 -4.11168
-4.26396 -3.95939
-4.41624 -3.95939
-4.56853 -3.80711
-4.72081 -3.65482
-5.02538 -3.50254
-5.17766 -3.35025
-5.32995 -3.35025
-5.48223 -3.19797
-5.63452 -3.04569
-5.7868 -2.8934
-5.93909 -2.74112
-6.09137 -2.58883
-6.24365 -2.58883
-6.54822 -2.43655
-6.70051 -2.28426
-6.85279 -2.13198
-7.00508 -1.9797
-7.15736 -1.82741
-7.30964 -1.67513
-7.46193 -1.52284
-7.61421 -1.37056
-7.7665 -1.21827
-7.7665 -1.06599
-7.91878 -0.913706
-8.07107 -0.761421
-8.22335 -0.609137
-8.37563 -0.456853
-8.52792 -0.152284
-8.52792 0
-8.6802 0.152284
-8.83249 0.304569
-8.83249 0.456853
-8.98477 0.761421
-9.13706 0.913706
-9.13706 1.06599
-9.28934 1.21827
-9.28934 1.52284
-9.44162 1.67513
-9.44162 1.82741
-9.59391 1.9797
-9.59391 2.28426
-9.59391 2.43655
-9.74619 2.58883
-9.74619 2.8934
-9.74619 3.04569
-9.74619 3.19797
-9.89848 3.50254
-9.89848 3.65482
-9.89848 3.80711
-9.89848 4.11168
-9.89848 4.26396
-10.0508 4.41624
-10.0508 4.72081
-10.0508 4.8731
-10.0508 5.02538
-10.0508 5.32995
-10.0508 5.48223
-10.0508 5.63452
-10.0508 5.7868
-10.0508 6.09137
-10.0508 6.24365
-10.0508 6.39594
-10.0508 6.70051
-10.0508 6.85279
-10.0508 7.00508
-10.0508 7.15736
-10.203 7.46193
-10.203 7.61421
-10.203 7.7665
-10.203 8.07107
-10.203 8.22335
-10.203 8.37563
-10.203 8.6802
-10.203 8.83249
-10.203 8.98477
-10.203 9.28934
-10.3553 9.44162
-10.3553 9.74619
-10.3553 9.89848
-10.3553 10.0508
-10.3553 10.3553
-10.3553 10.5076
-10.3553 10.8122
-10.5076 10.9645
-10.5076 11.269
-10.5076 11.5736
-10.5076 11.7259
-10.5076 12.0305
-10.5076 12.1827
-10.5076 12.4873
-10.5076 12.7919
-10.5076 12.9442
-10.5076 13.2487
-10.3553 13.401
-10.3553 13.7056
-10.3553 14.0102
-10.203 14.1624
-10.203 14.467
-10.203 14.6193
-10.0508 14.9239
-9.89848 15.0761
-9.89848 15.3807
-9.74619 15.533
-9.59391 15.6853
-9.44162 15.9898
-9.28934 16.1421
-9.13706 16.2944
-8.98477 16.4467
-8.83249 16.7513
-8.6802 16.9036
-8.52792 17.0558
-8.37563 17.2081
-8.07107 17.3604
-7.91878 17.5127
-7.7665 17.665
-7.46193 17.665
-7.30964 17.8173
-7.15736 17.9695
-6.85279 18.1218
-6.70051 18.2741
-6.39594 18.2741
-6.24365 18.4264
-6.09137 18.5787
-5.7868 18.5787
-5.63452 18.731
-5.32995 18.731
-5.17766 18.8832
-4.8731 18.8832
-4.72081 19.0355
-4.41624 19.0355
-4.26396 19.1878
-3.95939 19.1878
-3.80711 19.3401
-3.50254 19.3401
-3.35025 19.3401
-3.04569 19.4924
-2.8934 19.4924
-2.74112 19.4924
-2.43655 19.6447
-2.28426 19.6447
-1.9797 19.6447
-1.82741 19.6447
-1.52284 19.6447
-1.37056 19.797
-1.06599 19.797
-0.913706 19.797
-0.609137 19.797
-0.456853 19.797
-0.152284 19.797
0 19.797
0.304569 19.797
0.456853 19.797
0.761421 19.797
0.913706 19.797
1.21827 19.797
1.37056 19.797
1.52284 19.797
1.82741 19.6447
1.9797 19.6447
2.28426 19.6447
2.43655 19.6447
2.74112 19.4924
2.8934 19.4924
3.19797 19.4924
3.35025 19.3401
3.50254 19.3401
3.80711 19.3401
3.95939 19.1878
4.11168 19.1878
4.41624 19.0355
4.56853 19.0355
4.72081 18.8832
5.02538 18.8832
5.17766 18.731
5.32995 18.5787
5.63452 18.5787
5.7868 18.4264
5.93909 18.2741
6.09137 18.1218
6.24365 18.1218
6.54822 17.9695
6.70051 17.8173
6.85279 17.665
7.00508 17.5127
7.15736 17.3604
7.30964 17.3604
7.46193 17.2081
7.61421 17.0558
7.7665 16.9036
7.91878 16.7513
8.07107 16.599
8.22335 16.4467
8.37563 16.2944
8.52792 16.1421
8.6802 15.9898
8.83249 15.8376
8.98477 15.6853
8.98477 15.533
9.13706 15.3807
9.28934 15.2284
9.44162 15.0761
9.59391 14.9239
9.74619 14.7716
9.74619 14.6193
9.89848 14.3147
10.0508 14.1624
10.203 14.0102
10.203 13.8579
10.3553 13.7056
10.5076 13.5533
10.5076 13.401
10.6599 13.2487
10.8122 13.0964
10.8122 12.9442
10.9645 12.6396
11.1168 12.4873
11.1168 12.335
11.269 12.1827
11.269 12.0305
11.4213 11.8782
11.5736 11.5736
11.5736 11.4213
11.7259 11.269
11.7259 11.1168
11.8782 10.9645
11.8782 10.8122
12.0305 10.5076
12.0305 10.3553
12.1827 10.203
12.1827 10.0508
12.1827 9.74619
12.335 9.59391
12.335 9.44162
12.4873 9.28934
12.4873 8.98477
12.4873 8.83249
12.6396 8.6802
12.6396 8.37563
12.6396 8.22335
12.7919 8.07107
12.7919 7.91878
12.7919 7.61421
12.7919 7.46193
12.9442 7.30964
