12.9442 7.15736
12.9442 7.00508
13.0964 6.70051
13.0964 6.54822
13.0964 6.39594
13.2487 6.09137
13.2487 5.93909
13.2487 5.63452
13.401 5.48223
13.401 5.17766
13.401 5.02538
13.401 4.72081
13.401 4.56853
13.401 4.41624
13.401 4.11168
13.401 3.95939
13.401 3.65482
13.401 3.50254
13.401 3.19797
13.401 3.04569
13.2487 2.74112
13.2487 2.58883
13.2487 2.28426
13.0964 2.13198
13.0964 1.82741
12.9442 1.67513
12.9442 1.52284
12.7919 1.21827
12.7919 1.06599
12.6396 0.913706
12.4873 0.609137
12.335 0.456853
12.335 0.304569
12.1827 0
12.0305 -0.152284
11.8782 -0.304569
11.7259 -0.456853
11.5736 -0.609137
11.4213 -0.761421
11.269 -1.06599
11.1168 -1.21827
10.9645 -1.37056
10.8122 -1.52284
10.6599 -1.67513
10.5076 -1.82741
10.3553 -1.9797
10.203 -2.13198
10.0508 -2.28426
9.89848 -2.43655
9.74619 -2.58883
9.59391 -2.74112
9.44162 -2.8934
9.13706 -3.04569
8.98477 -3.19797
8.83249 -3.35025
8.6802 -3.50254
8.52792 -3.65482
8.37563 -3.65482
8.07107 -3.80711
7.91878 -3.95939
7.7665 -4.11168
7.61421 -4.26396
7.30964 -4.41624
7.15736 -4.41624
7.00508 -4.56853
6.70051 -4.72081
6.54822 -4.8731
6.39594 -4.8731
6.09137 -5.02538
5.93909 -5.17766
5.7868 -5.17766
5.48223 -5.32995
5.32995 -5.32995
5.02538 -5.48223
4.8731 -5.48223
4.72081 -5.63452
4.41624 -5.63452
4.26396 -5.7868
3.95939 -5.7868
3.80711 -5.7868
3.50254 -5.7868
3.35025 -5.93909
3.04569 -5.93909
2.8934 -5.93909
2.58883 -5.93909
2.43655 -5.93909
2.13198 -5.93909
1.9797 -5.93909
1.67513 -5.93909
1.52284 -5.93909
1.21827 -5.93909
1.06599 -5.93909
0.761421 -5.93909
0.609137 -5.93909
0.304569 -5.93909
0.152284 -5.7868
-0.152284 -5.7868
-0.304569 -5.7868
-0.609137 -5.63452
-0.761421 -5.63452
-1.06599 -5.48223
-1.21827 -5.48223
-1.37056 -5.48223
-1.67513 -5.32995
-1.82741 -5.32995
-2.13198 -5.17766
-2.28426 -5.02538
-2.43655 -5.02538
-2.74112 -4.8731
-2.8934 -4.72081
-3.04569 -4.72081
-3.19797 -4.56853
-3.50254 -4.41624
-3.65482 -4.41624
-3.80711 -4.26396
-3.95939 -4.11168
-4.26396 -3.95939
-4.41624 -3.95939
-4.56853 -3.80711
-4.72081 -3.65482
-4.8731 -3.50254
-5.17766 -3.35025
-5.32995 -3.35025
-5.48223 -3.19797
-5.63452 -3.04569
-5.7868 -2.8934
-5.93909 -2.74112
-6.09137 -2.58883
-6.24365 -2.43655
-6.39594 -2.28426
-6.54822 -2.13198
-6.70051 -2.13198
-6.85279 -1.9797
-7.00508 -1.82741
-7.15736 -1.67513
-7.30964 -1.52284
-7.46193 -1.21827
-7.61421 -1.06599
-7.7665 -0.913706
-7.91878 -0.761421
-8.07107 -0.609137
-8.22335 -0.456853
-8.22335 -0.304569
-8.37563 -0.152284
-8.52792 0.152284
-8.6802 0.304569
-8.6802 0.456853
-8.83249 0.609137
-8.83249 0.761421
-8.98477 1.06599
-9.13706 1.21827
-9.13706 1.37056
-9.13706 1.67513
-9.28934 1.82741
-9.28934 1.9797
-9.44162 2.13198
-9.44162 2.43655
-9.44162 2.58883
-9.59391 2.74112
-9.59391 3.04569
-9.59391 3.19797
-9.59391 3.35025
-9.74619 3.65482
-9.74619 3.80711
-9.74619 3.95939
-9.74619 4.26396
-9.74619 4.41624
-9.74619 4.56853
-9.89848 4.8731
-9.89848 5.02538
-9.89848 5.17766
-9.89848 5.32995
-9.89848 5.63452
-9.89848 5.7868
-9.89848 5.93909
-9.89848 6.24365
-9.89848 6.39594
-9.89848 6.54822
-9.89848 6.70051
-9.89848 7.00508
-9.89848 7.15736
-9.89848 7.30964
-9.89848 7.61421
-9.89848 7.7665
-9.89848 7.91878
-9.89848 8.07107
-9.89848 8.37563
-9.89848 8.52792
-9.89848 8.6802
-10.0508 8.98477
-10.0508 9.13706
-10.0508 9.28934
-10.0508 9.59391
-10.0508 9.74619
-10.0508 10.0508
-10.0508 10.203
-10.0508 10.3553
-10.0508 10.6599
-10.203 10.8122
-10.203 11.1168
-10.203 11.269
-10.203 11.5736
-10.203 11.7259
-10.203 12.0305
-10.203 12.1827
-10.203 12.4873
-10.203 12.7919
-10.203 12.9442
-10.203 13.2487
-10.0508 13.401
-10.0508 13.7056
-10.0508 13.8579
-9.89848 14.1624
-9.89848 14.467
-9.89848 14.6193
-9.74619 14.9239
-9.59391 15.0761
-9.59391 15.3807
-9.44162 15.533
-9.28934 15.6853
-9.13706 15.9898
-9.13706 16.1421
-8.98477 16.2944
-8.83249 16.4467
-8.6802 16.7513
-8.52792 16.9036
-8.37563 17.0558
-8.07107 17.2081
-7.91878 17.3604
-7.7665 17.5127
-7.61421 17.665
-7.30964 17.8173
-7.15736 17.9695
-7.00508 18.1218
-6.85279 18.2741
-6.54822 18.2741
-6.39594 18.4264
-6.09137 18.5787
-5.93909 18.5787
-5.7868 18.731
-5.48223 18.8832
-5.32995 18.8832
-5.02538 19.0355
-4.8731 19.0355
-4.56853 19.1878
-4.41624 19.1878
-4.11168 19.3401
-3.95939 19.3401
-3.65482 19.4924
-3.50254 19.4924
-3.19797 19.4924
-3.04569 19.6447
-2.74112 19.6447
-2.58883 19.6447
-2.28426 19.6447
-2.13198 19.6447
-1.82741 19.797
-1.67513 19.797
-1.37056 19.797
-1.21827 19.797
-1.06599 19.797
-0.761421 19.797
-0.609137 19.797
-0.304569 19.797
-0.152284 19.797
0.152284 19.797
0.304569 19.797
0.609137 19.797
0.761421 19.797
1.06599 19.797
1.21827 19.797
1.52284 19.797
1.67513 19.797
1.82741 19.797
2.13198 19.797
2.28426 19.797
2.58883 19.6447
2.74112 19.6447
3.04569 19.6447
3.19797 19.6447
3.35025 19.4924
3.65482 19.4924
3.80711 19.4924
4.11168 19.3401
4.26396 19.3401
4.41624 19.1878
4.72081 19.1878
4.8731 19.0355
5.02538 19.0355
5.32995 18.8832
5.48223 18.731
5.63452 18.731
5.7868 18.5787
6.09137 18.4264
6.24365 18.4264
6.39594 18.2741
6.54822 18.1218
6.70051 17.9695
6.85279 17.8173
7.15736 17.665
7.30964 17.5127
7.46193 17.5127
7.61421 17.3604
7.7665 17.2081
7.91878 17.0558
8.07107 16.9036
8.22335 16.7513
8.37563 16.599
8.52792 16.4467
8.6802 16.2944
8.6802 16.1421
8.83249 15.9898
8.98477 15.8376
9.13706 15.6853
9.28934 15.533
9.44162 15.3807
9.44162 15.0761
9.59391 14.9239
9.74619 14.7716
9.89848 14.6193
10.0508 14.467
10.0508 14.3147
10.203 14.1624
10.3553 14.0102
10.3553 13.8579
10.5076 13.7056
10.6599 13.5533
10.8122 13.401
10.8122 13.0964
10.9645 12.9442
10.9645 12.7919
11.1168 12.6396
11.269 12.4873
11.269 12.335
11.4213 12.1827
11.5736 11.8782
11.5736 11.7259
11.7259 11.5736
11.7259 11.4213
11.8782 11.269
11.8782 11.1168
12.0305 10.8122
12.0305 10.6599
12.1827 10.5076
12.1827 10.3553
12.335 10.0508
12.335 9.89848
12.4873 9.74619
12.4873 9.59391
12.4873 9.28934
12.6396 9.13706
12.6396 8.98477
12.6396 8.83249
12.7919 8.52792
12.7919 8.37563
12.7919 8.22335
12.7919 7.91878
12.9442 7.7665
12.9442 7.61421
12.9442 7.30964
