13.0964 7.15736
13.0964 6.85279
13.2487 6.70051
13.2487 6.54822
13.2487 6.24365
13.401 6.09137
13.401 5.7868
13.401 5.63452
13.5533 5.32995
13.5533 5.17766
13.5533 4.8731
13.5533 4.72081
13.5533 4.56853
13.5533 4.26396
13.5533 4.11168
13.5533 3.80711
13.5533 3.65482
13.401 3.35025
13.401 3.19797
13.401 2.8934
13.401 2.74112
13.2487 2.43655
13.2487 2.28426
13.0964 1.9797
13.0964 1.82741
12.9442 1.67513
12.9442 1.37056
12.7919 1.21827
12.7919 0.913706
12.6396 0.761421
12.4873 0.609137
12.4873 0.304569
12.335 0.152284
12.1827 0
12.0305 -0.152284
11.8782 -0.456853
11.8782 -0.609137
11.7259 -0.761421
11.5736 -0.913706
11.4213 -1.06599
11.269 -1.37056
11.1168 -1.52284
10.9645 -1.67513
10.8122 -1.82741
10.6599 -1.9797
10.5076 -2.13198
10.3553 -2.28426
10.203 -2.43655
9.89848 -2.58883
9.74619 -2.74112
9.59391 -2.8934
9.44162 -3.04569
9.28934 -3.19797
9.13706 -3.35025
8.83249 -3.50254
8.6802 -3.65482
8.52792 -3.80711
8.37563 -3.80711
8.22335 -3.95939
7.91878 -4.11168
7.7665 -4.26396
7.61421 -4.41624
7.30964 -4.41624
7.15736 -4.56853
7.00508 -4.72081
6.70051 -4.72081
6.54822 -4.8731
6.39594 -5.02538
6.09137 -5.02538
5.93909 -5.17766
5.63452 -5.17766
5.48223 -5.32995
5.32995 -5.32995
5.02538 -5.48223
4.8731 -5.48223
4.56853 -5.63452
4.41624 -5.63452
4.11168 -5.7868
3.95939 -5.7868
3.65482 -5.7868
3.50254 -5.7868
3.19797 -5.93909
3.04569 -5.93909
2.74112 -5.93909
2.58883 -5.93909
2.28426 -5.93909
2.13198 -5.93909
1.82741 -6.09137
1.67513 -6.09137
1.37056 -5.93909
1.21827 -5.93909
0.913706 -5.93909
0.761421 -5.93909
0.456853 -5.93909
0.304569 -5.93909
0 -5.7868
-0.152284 -5.7868
-0.304569 -5.7868
-0.609137 -5.63452
-0.761421 -5.63452
-1.06599 -5.63452
-1.21827 -5.48223
-1.52284 -5.48223
-1.67513 -5.32995
-1.82741 -5.17766
-2.13198 -5.17766
-2.28426 -5.02538
-2.43655 -5.02538
-2.74112 -4.8731
-2.8934 -4.72081
-3.04569 -4.56853
-3.19797 -4.56853
-3.50254 -4.41624
-3.65482 -4.26396
-3.80711 -4.11168
-3.95939 -4.11168
-4.11168 -3.95939
-4.41624 -3.80711
-4.56853 -3.65482
-4.72081 -3.50254
-4.8731 -3.50254
-5.02538 -3.35025
-5.17766 -3.19797
-5.32995 -3.04569
-5.63452 -2.8934
-5.7868 -2.74112
-5.93909 -2.58883
-6.09137 -2.43655
-6.24365 -2.43655
-6.39594 -2.28426
-6.54822 -2.13198
-6.70051 -1.9797
-6.85279 -1.82741
-7.00508 -1.67513
-7.15736 -1.52284
-7.30964 -1.37056
-7.46193 -1.21827
-7.61421 -1.06599
-7.61421 -0.913706
-7.7665 -0.761421
-7.91878 -0.609137
-8.07107 -0.456853
-8.22335 -0.152284
-8.22335 0
-8.37563 0.152284
-8.52792 0.304569
-8.6802 0.456853
-8.6802 0.609137
-8.83249 0.913706
-8.83249 1.06599
-8.98477 1.21827
-8.98477 1.37056
-9.13706 1.67513
-9.13706 1.82741
-9.28934 1.9797
-9.28934 2.28426
-9.28934 2.43655
-9.44162 2.58883
-9.44162 2.74112
-9.44162 3.04569
-9.59391 3.19797
-9.59391 3.35025
-9.59391 3.65482
-9.59391 3.80711
-9.74619 3.95939
-9.74619 4.26396
-9.74619 4.41624
-9.74619 4.56853
-9.74619 4.72081
-9.74619 5.02538
-9.74619 5.17766
-9.74619 5.32995
-9.74619 5.63452
-9.74619 5.7868
-9.74619 5.93909
-9.89848 6.09137
-9.89848 6.39594
-9.89848 6.54822
-9.89848 6.70051
-9.89848 7.00508
-9.89848 7.15736
-9.89848 7.30964
-9.89848 7.46193
-9.89848 7.7665
-9.89848 7.91878
-9.89848 8.07107
-9.89848 8.22335
-9.89848 8.52792
-9.89848 8.6802
-9.89848 8.83249
-9.89848 9.13706
-9.89848 9.28934
-9.89848 9.44162
-9.89848 9.74619
-9.89848 9.89848
-9.89848 10.0508
-9.89848 10.3553
-9.89848 10.5076
-9.89848 10.8122
-9.89848 10.9645
-9.89848 11.1168
-9.89848 11.4213
-9.89848 11.5736
-9.89848 11.8782
-9.89848 12.0305
-9.89848 12.335
-9.89848 12.4873
-9.89848 12.7919
-9.89848 12.9442
-9.89848 13.2487
-9.74619 13.5533
-9.74619 13.7056
-9.74619 14.0102
-9.59391 14.1624
-9.59391 14.467
-9.59391 14.6193
-9.44162 14.9239
-9.28934 15.0761
-9.28934 15.2284
-9.13706 15.533
-8.98477 15.6853
-8.98477 15.9898
-8.83249 16.1421
-8.6802 16.2944
-8.52792 16.4467
-8.37563 16.7513
-8.22335 16.9036
-8.07107 17.0558
-7.91878 17.2081
-7.7665 17.3604
-7.61421 17.5127
-7.30964 17.665
-7.15736 17.8173
-7.00508 17.9695
-6.85279 18.1218
-6.54822 18.2741
-6.39594 18.4264
-6.24365 18.5787
-5.93909 18.731
-5.7868 18.731
-5.63452 18.8832
-5.32995 19.0355
-5.17766 19.0355
-4.8731 19.1878
-4.72081 19.1878
-4.41624 19.3401
-4.26396 19.3401
-3.95939 19.3401
-3.80711 19.4924
-3.50254 19.4924
-3.35025 19.4924
-3.04569 19.6447
-2.8934 19.6447
-2.58883 19.6447
-2.43655 19.6447
-2.13198 19.797
-1.9797 19.797
-1.67513 19.797
-1.52284 19.797
-1.21827 19.797
-1.06599 19.797
-0.761421 19.797
-0.609137 19.797
-0.304569 19.797
-0.152284 19.797
0.152284 19.797
0.304569 19.797
0.609137 19.797
0.761421 19.797
0.913706 19.797
1.21827 19.797
1.37056 19.797
1.67513 19.797
1.82741 19.797
2.13198 19.797
2.28426 19.797
2.58883 19.6447
2.74112 19.6447
2.8934 19.6447
3.19797 19.6447
3.35025 19.6447
3.65482 19.4924
3.80711 19.4924
4.11168 19.4924
4.26396 19.3401
4.41624 19.3401
4.72081 19.1878
4.8731 19.1878
5.02538 19.0355
5.32995 19.0355
5.48223 18.8832
5.63452 18.731
5.93909 18.731
6.09137 18.5787
6.24365 18.4264
6.39594 18.2741
6.54822 18.2741
6.85279 18.1218
7.00508 17.9695
7.15736 17.8173
7.30964 17.665
7.46193 17.5127
7.61421 17.3604
7.7665 17.2081
7.91878 17.0558
8.07107 16.9036
8.22335 16.7513
8.37563 16.599
8.52792 16.4467
8.6802 16.2944
8.83249 16.1421
8.98477 15.9898
8.98477 15.8376
9.13706 15.6853
9.28934 15.533
9.44162 15.3807
9.59391 15.2284
9.74619 15.0761
9.74619 14.9239
9.89848 14.7716
10.0508 14.467
10.203 14.3147
10.203 14.1624
10.3553 14.0102
10.5076 13.8579
10.6599 13.7056
10.6599 13.5533
10.8122 13.401
10.9645 13.2487
10.9645 12.9442
11.1168 12.7919
11.269 12.6396
11.269 12.4873
11.4213 12.335
11.4213 12.1827
11.5736 12.0305
11.7259 11.7259
11.7259 11.5736
11.8782 11.4213
11.8782 11.269
12.0305 11.1168
12.0305 10.8122
12.1827 10.6599
12.1827 10.5076
12.335 10.3553
12.335 10.0508
12.4873 9.89848
12.4873 9.74619
12.6396 9.59391
12.6396 9.28934
12.6396 9.13706
12.7919 8.98477
12.7919 8.6802
12.7919 8.52792
12.9442 8.37563
12.9442 8.22335
12.9442 7.91878
12.9442 7.7665
12.9442 7.46193
13.0964 7.30964
