13.0964 7.30964
13.0964 7.15736
13.2487 7.00508
13.2487 6.70051
13.2487 6.54822
13.401 6.39594
13.401 6.09137
13.401 5.93909
13.401 5.63452
13.5533 5.48223
13.5533 5.17766
13.5533 5.02538
13.5533 4.72081
13.5533 4.56853
13.5533 4.41624
13.5533 4.11168
13.5533 3.95939
13.5533 3.65482
13.5533 3.50254
13.401 3.19797
13.401 3.04569
13.401 2.74112
13.401 2.58883
13.2487 2.28426
13.2487 2.13198
13.0964 1.82741
13.0964 1.67513
12.9442 1.52284
12.9442 1.21827
12.7919 1.06599
12.6396 0.913706
12.6396 0.609137
12.4873 0.456853
12.335 0.304569
12.335 0
12.1827 -0.152284
12.0305 -0.304569
11.8782 -0.456853
11.7259 -0.761421
11.5736 -0.913706
11.4213 -1.06599
11.269 -1.21827
11.1168 -1.37056
10.9645 -1.67513
10.8122 -1.82741
10.6599 -1.9797
10.5076 -2.13198
10.3553 -2.28426
10.203 -2.43655
10.0508 -2.58883
9.89848 -2.74112
9.74619 -2.8934
9.59391 -3.04569
9.28934 -3.19797
9.13706 -3.35025
8.98477 -3.50254
8.83249 -3.65482
8.6802 -3.80711
8.37563 -3.80711
8.22335 -3.95939
8.07107 -4.11168
7.7665 -4.26396
7.61421 -4.41624
7.46193 -4.41624
7.30964 -4.56853
7.00508 -4.72081
6.85279 -4.72081
6.54822 -4.8731
6.39594 -5.02538
6.24365 -5.02538
5.93909 -5.17766
5.7868 -5.17766
5.48223 -5.32995
5.32995 -5.32995
5.02538 -5.48223
4.8731 -5.48223
4.56853 -5.63452
4.41624 -5.63452
4.11168 -5.63452
3.95939 -5.7868
3.65482 -5.7868
3.50254 -5.7868
3.19797 -5.93909
3.04569 -5.93909
2.74112 -5.93909
2.58883 -5.93909
2.28426 -5.93909
2.13198 -5.93909
1.82741 -5.93909
1.67513 -5.93909
1.37056 -5.93909
1.21827 -5.93909
0.913706 -5.93909
0.761421 -5.93909
0.456853 -5.7868
0.304569 -5.7868
0 -5.7868
-0.152284 -5.63452
-0.456853 -5.63452
-0.609137 -5.63452
-0.913706 -5.48223
-1.06599 -5.48223
-1.37056 -5.32995
-1.52284 -5.32995
-1.67513 -5.17766
-1.9797 -5.17766
-2.13198 -5.02538
-2.28426 -4.8731
-2.58883 -4.8731
-2.74112 -4.72081
-2.8934 -4.56853
-3.19797 -4.41624
-3.35025 -4.41624
-3.50254 -4.26396
-3.65482 -4.11168
-3.95939 -3.95939
-4.11168 -3.95939
-4.26396 -3.80711
-4.41624 -3.65482
-4.56853 -3.50254
-4.8731 -3.35025
-5.02538 -3.19797
-5.17766 -3.04569
-5.32995 -3.04569
-5.48223 -2.8934
-5.63452 -2.74112
-5.7868 -2.58883
-5.93909 -2.43655
-6.09137 -2.28426
-6.24365 -2.13198
-6.39594 -1.9797
-6.54822 -1.82741
-6.70051 -1.67513
-6.85279 -1.52284
-7.00508 -1.37056
-7.15736 -1.21827
-7.30964 -1.06599
-7.46193 -0.913706
-7.61421 -0.761421
-7.7665 -0.609137
-7.91878 -0.456853
-8.07107 -0.304569
-8.07107 -0.152284
-8.22335 0.152284
-8.37563 0.304569
-8.52792 0.456853
-8.52792 0.609137
-8.6802 0.913706
-8.6802 1.06599
-8.83249 1.21827
-8.98477 1.37056
-8.98477 1.67513
-9.13706 1.82741
-9.13706 1.9797
-9.13706 2.13198
-9.28934 2.43655
-9.28934 2.58883
-9.28934 2.74112
-9.44162 3.04569
-9.44162 3.19797
-9.44162 3.35025
-9.59391 3.65482
-9.59391 3.80711
-9.59391 3.95939
-9.59391 4.26396
-9.59391 4.41624
-9.59391 4.56853
-9.59391 4.8731
-9.74619 5.02538
-9.74619 5.17766
-9.74619 5.48223
-9.74619 5.63452
-9.74619 5.7868
-9.74619 5.93909
-9.74619 6.24365
-9.74619 6.39594
-9.74619 6.54822
-9.74619 6.85279
-9.74619 7.00508
-9.74619 7.15736
-9.74619 7.30964
-9.74619 7.61421
-9.74619 7.7665
-9.74619 7.91878
-9.74619 8.22335
-9.74619 8.37563
-9.74619 8.52792
-9.74619 8.6802
-9.74619 8.98477
-9.89848 9.13706
-9.89848 9.44162
-9.89848 9.59391
-10.0508 9.74619
-10.0508 10.0508
-10.0508 10.203
-10.203 10.5076
-10.203 10.6599
-10.3553 10.9645
-10.3553 11.269
-10.5076 11.4213
-10.5076 11.7259
-10.6599 12.0305
-10.6599 12.1827
-10.6599 12.4873
-10.8122 12.7919
-10.8122 13.0964
-10.8122 13.401
-10.8122 13.5533
-10.8122 13.8579
-10.8122 14.1624
-10.8122 14.467
-10.8122 14.6193
-10.6599 14.9239
-10.6599 15.2284
-10.5076 15.3807
-10.5076 15.6853
-10.3553 15.9898
-10.203 16.1421
-10.0508 16.2944
-9.89848 16.599
-9.74619 16.7513
-9.59391 16.9036
-9.28934 17.0558
-9.13706 17.2081
-8.98477 17.3604
-8.6802 17.5127
-8.52792 17.665
-8.22335 17.665
-7.91878 17.8173
-7.7665 17.9695
-7.46193 17.9695
-7.30964 18.1218
-7.00508 18.1218
-6.70051 18.2741
-6.54822 18.2741
-6.24365 18.2741
-6.09137 18.4264
-5.7868 18.4264
-5.48223 18.4264
-5.32995 18.5787
-5.02538 18.5787
-4.8731 18.731
-4.56853 18.731
-4.41624 18.731
-4.26396 18.8832
-3.95939 18.8832
-3.80711 19.0355
-3.50254 19.0355
-3.35025 19.1878
-3.19797 19.1878
-2.8934 19.1878
-2.74112 19.3401
-2.43655 19.3401
-2.28426 19.4924
-2.13198 19.4924
-1.82741 19.6447
-1.67513 19.6447
-1.37056 19.797
-1.21827 19.797
-1.06599 19.797
-0.761421 19.9492
-0.609137 19.9492
-0.304569 19.9492
-0.152284 19.9492
0 20.1015
0.304569 20.1015
0.456853 20.1015
0.761421 20.1015
0.913706 20.1015
1.21827 20.1015
1.37056 20.1015
1.67513 20.1015
1.82741 20.1015
2.13198 19.9492
2.28426 19.9492
2.43655 19.9492
2.74112 19.9492
2.8934 19.797
3.19797 19.797
3.35025 19.797
3.50254 19.6447
3.80711 19.6447
3.95939 19.4924
4.26396 19.4924
4.41624 19.3401
4.56853 19.3401
4.8731 19.1878
5.02538 19.1878
5.17766 19.0355
5.32995 18.8832
5.63452 18.8832
5.7868 18.731
5.93909 18.5787
6.09137 18.4264
6.24365 18.4264
6.54822 18.2741
6.70051 18.1218
6.85279 17.9695
7.00508 17.9695
7.15736 17.8173
7.30964 17.665
7.46193 17.5127
7.61421 17.3604
7.7665 17.2081
7.91878 17.0558
8.07107 16.9036
8.22335 16.7513
8.37563 16.599
8.52792 16.599
8.6802 16.4467
8.83249 16.2944
8.98477 16.1421
9.13706 15.9898
9.28934 15.8376
9.28934 15.6853
9.44162 15.3807
9.59391 15.2284
9.74619 15.0761
9.89848 14.9239
9.89848 14.7716
10.0508 14.6193
10.203 14.467
10.3553 14.3147
10.3553 14.1624
10.5076 14.0102
10.6599 13.8579
10.6599 13.7056
10.8122 13.5533
10.9645 13.2487
10.9645 13.0964
11.1168 12.9442
11.269 12.7919
11.269 12.6396
11.4213 12.4873
11.4213 12.335
11.5736 12.1827
11.7259 11.8782
11.7259 11.7259
11.8782 11.5736
11.8782 11.4213
12.0305 11.269
12.1827 11.1168
12.1827 10.8122
12.335 10.6599
12.335 10.5076
12.4873 10.3553
12.4873 10.203
12.6396 9.89848
12.6396 9.74619
12.6396 9.59391
12.7919 9.44162
12.7919 9.13706
12.7919 8.98477
12.9442 8.83249
12.9442 8.52792
12.9442 8.37563
12.9442 8.22335
12.9442 7.91878
13.0964 7.7665
13.0964 7.61421
