13.0964 7.30964
13.0964 7.15736
13.2487 6.85279
13.2487 6.70051
13.2487 6.39594
13.401 6.24365
13.401 6.09137
13.401 5.7868
13.5533 5.63452
13.5533 5.32995
13.5533 5.17766
13.5533 4.8731
13.5533 4.72081
13.5533 4.41624
13.5533 4.26396
13.5533 4.11168
13.5533 3.80711
13.5533 3.65482
13.401 3.35025
13.401 3.19797
13.401 2.8934
13.401 2.74112
13.2487 2.43655
13.2487 2.28426
13.0964 1.9797
13.0964 1.82741
12.9442 1.67513
12.9442 1.37056
12.7919 1.21827
12.7919 1.06599
12.6396 0.761421
12.4873 0.609137
12.4873 0.304569
12.335 0.152284
12.1827 0
12.0305 -0.152284
12.0305 -0.456853
11.8782 -0.609137
11.7259 -0.761421
11.5736 -0.913706
11.4213 -1.06599
11.269 -1.37056
11.1168 -1.52284
10.9645 -1.67513
10.8122 -1.82741
10.6599 -1.9797
10.5076 -2.13198
10.3553 -2.28426
10.203 -2.43655
10.0508 -2.58883
9.89848 -2.74112
9.59391 -2.8934
9.44162 -3.04569
9.28934 -3.19797
9.13706 -3.35025
8.98477 -3.50254
8.6802 -3.65482
8.52792 -3.80711
8.37563 -3.95939
8.22335 -3.95939
7.91878 -4.11168
7.7665 -4.26396
7.61421 -4.41624
7.30964 -4.41624
7.15736 -4.56853
7.00508 -4.72081
6.70051 -4.72081
6.54822 -4.8731
6.39594 -5.02538
6.09137 -5.02538
5.93909 -5.17766
5.63452 -5.17766
5.48223 -5.32995
5.17766 -5.32995
5.02538 -5.48223
4.8731 -5.48223
4.56853 -5.63452
4.41624 -5.63452
4.11168 -5.63452
3.95939 -5.7868
3.65482 -5.7868
3.50254 -5.7868
3.19797 -5.7868
3.04569 -5.93909
2.74112 -5.93909
2.58883 -5.93909
2.28426 -5.93909
2.13198 -5.93909
1.82741 -5.93909
1.67513 -5.93909
1.37056 -5.93909
1.06599 -5.93909
0.913706 -5.93909
0.609137 -5.93909
0.456853 -5.7868
0.152284 -5.7868
0 -5.7868
-0.152284 -5.7868
-0.456853 -5.63452
-0.609137 -5.63452
-0.913706 -5.48223
-1.06599 -5.48223
-1.37056 -5.32995
-1.52284 -5.32995
-1.67513 -5.17766
-1.9797 -5.17766
-2.13198 -5.02538
-2.43655 -4.8731
-2.58883 -4.8731
-2.74112 -4.72081
-2.8934 -4.56853
-3.19797 -4.41624
-3.35025 -4.41624
-3.50254 -4.26396
-3.65482 -4.11168
-3.95939 -3.95939
-4.11168 -3.80711
-4.26396 -3.80711
-4.41624 -3.65482
-4.56853 -3.50254
-4.72081 -3.35025
-5.02538 -3.19797
-5.17766 -3.19797
-5.32995 -3.04569
-5.48223 -2.8934
-5.63452 -2.74112
-5.7868 -2.58883
-5.93909 -2.43655
-6.09137 -2.28426
-6.24365 -2.13198
-6.39594 -1.9797
-6.54822 -1.82741
-6.85279 -1.82741
-7.00508 -1.67513
-7.15736 -1.52284
-7.15736 -1.37056
-7.30964 -1.21827
-7.46193 -0.913706
-7.61421 -0.761421
-7.7665 -0.609137
-7.91878 -0.456853
-8.07107 -0.304569
-8.22335 -0.152284
-8.22335 0
-8.37563 0.152284
-8.52792 0.456853
-8.52792 0.609137
-8.6802 0.761421
-8.83249 0.913706
-8.83249 1.21827
-8.98477 1.37056
-8.98477 1.52284
-9.13706 1.67513
-9.13706 1.9797
-9.28934 2.13198
-9.28934 2.28426
-9.28934 2.58883
-9.44162 2.74112
-9.44162 2.8934
-9.44162 3.19797
-9.44162 3.35025
-9.59391 3.50254
-9.59391 3.80711
-9.59391 3.95939
-9.59391 4.11168
-9.59391 4.41624
-9.59391 4.56853
-9.74619 4.72081
-9.74619 4.8731
-9.74619 5.17766
-9.74619 5.32995
-9.74619 5.48223
-9.74619 5.7868
-9.74619 5.93909
-9.74619 6.09137
-9.74619 6.39594
-9.74619 6.54822
-9.74619 6.70051
-9.74619 6.85279
-9.74619 7.15736
-9.74619 7.30964
-9.74619 7.46193
-9.74619 7.61421
-9.74619 7.91878
-9.74619 8.07107
-9.89848 8.22335
-9.89848 8.52792
-9.89848 8.6802
-9.89848 8.83249
-9.89848 9.13706
-9.89848 9.28934
-9.89848 9.44162
-9.89848 9.74619
-9.89848 9.89848
-9.89848 10.0508
-9.89848 10.3553
-9.89848 10.5076
-9.89848 10.8122
-9.89848 10.9645
-9.89848 11.1168
-9.89848 11.4213
-9.89848 11.5736
-9.89848 11.8782
-9.89848 12.0305
-9.89848 12.335
-9.89848 12.4873
-9.89848 12.7919
-9.89848 12.9442
-9.74619 13.2487
-9.74619 13.401
-9.74619 13.7056
-9.59391 13.8579
-9.59391 14.1624
-9.59391 14.3147
-9.44162 14.6193
-9.28934 14.7716
-9.28934 15.0761
-9.13706 15.2284
-9.13706 15.3807
-8.98477 15.6853
-8.83249 15.8376
-8.6802 15.9898
-8.52792 16.2944
-8.37563 16.4467
-8.22335 16.599
-8.07107 16.7513
-7.91878 16.9036
-7.7665 17.0558
-7.61421 17.2081
-7.46193 17.3604
-7.30964 17.5127
-7.00508 17.665
-6.85279 17.8173
-6.70051 17.9695
-6.54822 18.1218
-6.24365 18.2741
-6.09137 18.4264
-5.93909 18.4264
-5.63452 18.5787
-5.48223 18.731
-5.32995 18.731
-5.02538 18.8832
-4.8731 19.0355
-4.56853 19.0355
-4.41624 19.1878
-4.11168 19.1878
-3.95939 19.3401
-3.80711 19.3401
-3.50254 19.3401
-3.35025 19.4924
-3.04569 19.4924
-2.8934 19.4924
-2.58883 19.6447
-2.43655 19.6447
-2.13198 19.6447
-1.9797 19.797
-1.67513 19.797
-1.52284 19.797
-1.21827 19.797
-1.06599 19.797
-0.913706 19.797
-0.609137 19.797
-0.456853 19.797
-0.152284 19.9492
0 19.9492
0.304569 19.9492
0.456853 19.9492
0.761421 19.9492
0.913706 19.9492
1.21827 19.9492
1.37056 19.9492
1.52284 19.9492
1.82741 19.9492
1.9797 19.797
2.28426 19.797
2.43655 19.797
2.74112 19.797
2.8934 19.797
3.04569 19.797
3.35025 19.6447
3.50254 19.6447
3.80711 19.6447
3.95939 19.4924
4.11168 19.4924
4.41624 19.3401
4.56853 19.3401
4.8731 19.3401
5.02538 19.1878
5.17766 19.0355
5.48223 19.0355
5.63452 18.8832
5.7868 18.8832
5.93909 18.731
6.24365 18.5787
6.39594 18.4264
6.54822 18.4264
6.70051 18.2741
6.85279 18.1218
7.00508 17.9695
7.15736 17.8173
7.30964 17.665
7.61421 17.5127
7.7665 17.3604
7.91878 17.2081
8.07107 17.2081
8.22335 17.0558
8.37563 16.9036
8.37563 16.7513
8.52792 16.599
8.6802 16.4467
8.83249 16.1421
8.98477 15.9898
9.13706 15.8376
9.28934 15.6853
9.44162 15.533
9.44162 15.3807
9.59391 15.2284
9.74619 15.0761
9.89848 14.9239
10.0508 14.7716
10.0508 14.6193
10.203 14.467
10.3553 14.3147
10.5076 14.1624
10.5076 14.0102
10.6599 13.8579
10.8122 13.5533
10.8122 13.401
10.9645 13.2487
11.1168 13.0964
11.1168 12.9442
11.269 12.7919
11.4213 12.6396
11.4213 12.4873
11.5736 12.335
11.5736 12.0305
11.7259 11.8782
11.8782 11.7259
11.8782 11.5736
12.0305 11.4213
12.0305 11.269
12.1827 10.9645
12.1827 10.8122
12.335 10.6599
12.4873 10.5076
12.4873 10.203
12.4873 10.0508
12.6396 9.89848
12.6396 9.74619
12.7919 9.44162
12.7919 9.28934
12.7919 9.13706
12.9442 8.98477
12.9442 8.6802
12.9442 8.52792
12.9442 8.37563
13.0964 8.07107
13.0964 7.91878
13.0964 7.7665
13.0964 7.46193
