13.0964 7.15736
13.0964 6.85279
13.2487 6.70051
13.2487 6.54822
13.401 6.24365
13.401 6.09137
13.401 5.7868
13.5533 5.63452
13.5533 5.48223
13.5533 5.17766
13.5533 5.02538
13.7056 4.72081
13.7056 4.56853
13.7056 4.26396
13.7056 4.11168
13.7056 3.80711
13.7056 3.65482
13.5533 3.35025
13.5533 3.19797
13.5533 2.8934
13.5533 2.74112
13.401 2.58883
13.401 2.28426
13.401 2.13198
13.2487 1.82741
13.2487 1.67513
13.0964 1.52284
13.0964 1.21827
12.9442 1.06599
12.7919 0.761421
12.7919 0.609137
12.6396 0.456853
12.4873 0.304569
12.335 0
12.335 -0.152284
12.1827 -0.304569
12.0305 -0.456853
11.8782 -0.609137
11.7259 -0.913706
11.5736 -1.06599
11.4213 -1.21827
11.269 -1.37056
11.1168 -1.52284
10.9645 -1.67513
10.8122 -1.82741
10.6599 -1.9797
10.5076 -2.13198
10.3553 -2.28426
10.203 -2.43655
10.0508 -2.58883
9.89848 -2.74112
9.59391 -2.8934
9.44162 -3.04569
9.28934 -3.19797
9.13706 -3.35025
8.98477 -3.50254
8.83249 -3.65482
8.52792 -3.80711
8.37563 -3.80711
8.22335 -3.95939
8.07107 -4.11168
7.7665 -4.26396
7.61421 -4.41624
7.46193 -4.41624
7.30964 -4.56853
7.00508 -4.72081
6.85279 -4.72081
6.70051 -4.8731
6.39594 -5.02538
6.24365 -5.02538
6.09137 -5.17766
5.7868 -5.32995
5.63452 -5.32995
5.32995 -5.48223
5.17766 -5.48223
4.8731 -5.63452
4.72081 -5.63452
4.56853 -5.63452
4.26396 -5.7868
4.11168 -5.7868
3.80711 -5.7868
3.65482 -5.93909
3.35025 -5.93909
3.19797 -5.93909
2.8934 -5.93909
2.74112 -5.93909
2.43655 -5.93909
2.28426 -5.93909
1.9797 -5.93909
1.82741 -5.93909
1.52284 -5.93909
1.37056 -5.93909
1.06599 -5.93909
0.913706 -5.93909
0.609137 -5.93909
0.456853 -5.93909
0.152284 -5.7868
0 -5.7868
-0.304569 -5.7868
-0.456853 -5.63452
-0.761421 -5.63452
-0.913706 -5.48223
-1.06599 -5.48223
-1.37056 -5.32995
-1.52284 -5.32995
-1.67513 -5.17766
-1.9797 -5.02538
-2.13198 -5.02538
-2.28426 -4.8731
-2.58883 -4.72081
-2.74112 -4.72081
-2.8934 -4.56853
-3.04569 -4.41624
-3.35025 -4.41624
-3.50254 -4.26396
-3.65482 -4.11168
-3.80711 -3.95939
-4.11168 -3.80711
-4.26396 -3.80711
-4.41624 -3.65482
-4.56853 -3.50254
-4.72081 -3.35025
-4.8731 -3.19797
-5.02538 -3.04569
-5.17766 -3.04569
-5.48223 -2.8934
-5.63452 -2.74112
-5.7868 -2.58883
-5.93909 -2.43655
-6.09137 -2.28426
-6.24365 -2.13198
-6.39594 -1.9797
-6.54822 -1.82741
-6.70051 -1.67513
-6.85279 -1.52284
-7.00508 -1.37056
-7.15736 -1.21827
-7.30964 -1.06599
-7.46193 -0.913706
-7.61421 -0.761421
-7.61421 -0.609137
-7.7665 -0.456853
-7.91878 -0.304569
-8.07107 -0.152284
-8.07107 0
-8.22335 0.304569
-8.37563 0.456853
-8.37563 0.609137
-8.52792 0.761421
-8.6802 0.913706
-8.6802 1.21827
-8.83249 1.37056
-8.83249 1.52284
-8.98477 1.82741
-8.98477 1.9797
-9.13706 2.13198
-9.13706 2.28426
-9.13706 2.58883
-9.28934 2.74112
-9.28934 2.8934
-9.28934 3.19797
-9.28934 3.35025
-9.44162 3.50254
-9.44162 3.80711
-9.44162 3.95939
-9.44162 4.11168
-9.44162 4.41624
-9.59391 4.56853
-9.59391 4.72081
-9.59391 4.8731
-9.59391 5.17766
-9.59391 5.32995
-9.59391 5.48223
-9.59391 5.7868
-9.59391 5.93909
-9.59391 6.09137
-9.59391 6.24365
-9.59391 6.54822
-9.59391 6.70051
-9.59391 6.85279
-9.59391 7.15736
-9.59391 7.30964
-9.59391 7.46193
-9.59391 7.61421
-9.59391 7.91878
-9.59391 8.07107
-9.59391 8.22335
-9.59391 8.52792
-9.74619 8.6802
-9.74619 8.83249
-9.74619 9.13706
-9.74619 9.28934
-9.74619 9.44162
-9.74619 9.74619
-9.74619 9.89848
-9.74619 10.0508
-9.74619 10.3553
-9.74619 10.5076
-9.74619 10.8122
-9.74619 10.9645
-9.74619 11.269
-9.74619 11.4213
-9.74619 11.7259
-9.74619 11.8782
-9.74619 12.1827
-9.74619 12.335
-9.74619 12.6396
-9.74619 12.7919
-9.74619 13.0964
-9.59391 13.2487
-9.59391 13.5533
-9.59391 13.7056
-9.44162 14.0102
-9.44162 14.3147
-9.44162 14.467
-9.28934 14.7716
-9.13706 14.9239
-9.13706 15.0761
-8.98477 15.3807
-8.83249 15.533
-8.83249 15.8376
-8.6802 15.9898
-8.52792 16.1421
-8.37563 16.4467
-8.22335 16.599
-8.07107 16.7513
-7.91878 16.9036
-7.7665 17.0558
-7.61421 17.2081
-7.46193 17.5127
-7.30964 17.665
-7.00508 17.8173
-6.85279 17.9695
-6.70051 17.9695
-6.54822 18.1218
-6.24365 18.2741
-6.09137 18.4264
-5.93909 18.5787
-5.63452 18.731
-5.48223 18.731
-5.17766 18.8832
-5.02538 18.8832
-4.8731 19.0355
-4.56853 19.1878
-4.41624 19.1878
-4.11168 19.3401
-3.95939 19.3401
-3.65482 19.3401
-3.50254 19.4924
-3.19797 19.4924
-3.04569 19.4924
-2.74112 19.6447
-2.58883 19.6447
-2.28426 19.6447
-2.13198 19.6447
-1.82741 19.797
-1.67513 19.797
-1.37056 19.797
-1.21827 19.797
-0.913706 19.797
-0.761421 19.797
-0.456853 19.797
-0.304569 19.797
0 19.797
0.152284 19.797
0.456853 19.9492
0.609137 19.9492
0.913706 19.9492
1.06599 19.9492
1.37056 19.9492
1.52284 19.9492
1.82741 19.797
1.9797 19.797
2.28426 19.797
2.43655 19.797
2.58883 19.797
2.8934 19.797
3.04569 19.797
3.35025 19.797
3.50254 19.6447
3.80711 19.6447
3.95939 19.6447
4.26396 19.4924
4.41624 19.4924
4.56853 19.3401
4.8731 19.3401
5.02538 19.3401
5.17766 19.1878
5.48223 19.0355
5.63452 19.0355
5.7868 18.8832
6.09137 18.731
6.24365 18.731
6.39594 18.5787
6.54822 18.4264
6.70051 18.2741
7.00508 18.1218
7.15736 17.9695
7.30964 17.8173
7.46193 17.665
7.61421 17.5127
7.7665 17.3604
7.91878 17.2081
8.07107 17.0558
8.22335 16.9036
8.37563 16.7513
8.52792 16.599
8.6802 16.4467
8.83249 16.2944
8.83249 16.1421
8.98477 15.9898
9.13706 15.8376
9.28934 15.6853
9.44162 15.533
9.59391 15.3807
9.74619 15.2284
9.74619 15.0761
9.89848 14.9239
10.0508 14.7716
10.203 14.6193
10.3553 14.467
10.3553 14.3147
10.5076 14.1624
10.6599 14.0102
10.8122 13.8579
10.8122 13.5533
10.9645 13.401
11.1168 13.2487
11.1168 13.0964
11.269 12.9442
11.4213 12.7919
11.5736 12.6396
11.5736 12.4873
11.7259 12.335
11.7259 12.0305
11.8782 11.8782
12.0305 11.7259
12.0305 11.5736
12.1827 11.4213
12.1827 11.269
12.335 10.9645
12.335 10.8122
12.4873 10.6599
12.4873 10.5076
12.6396 10.203
12.6396 10.0508
12.6396 9.89848
12.7919 9.74619
12.7919 9.44162
12.7919 9.28934
12.9442 9.13706
12.9442 8.83249
12.9442 8.6802
12.9442 8.52792
12.9442 8.37563
13.0964 8.07107
13.0964 7.91878
13.0964 7.7665
13.0964 7.46193
13.0964 7.30964
