13.401 7.30964
13.401 7.00508
13.5533 6.85279
13.5533 6.54822
13.5533 6.39594
13.7056 6.24365
13.7056 5.93909
13.7056 5.7868
13.7056 5.48223
13.8579 5.32995
13.8579 5.02538
13.8579 4.8731
13.8579 4.72081
13.8579 4.41624
13.8579 4.26396
13.8579 3.95939
13.8579 3.80711
13.8579 3.50254
13.8579 3.35025
13.7056 3.04569
13.7056 2.8934
13.7056 2.58883
13.7056 2.43655
13.5533 2.13198
13.5533 1.9797
13.401 1.67513
13.401 1.52284
13.2487 1.37056
13.2487 1.06599
13.0964 0.913706
12.9442 0.761421
12.9442 0.456853
12.7919 0.304569
12.6396 0.152284
12.4873 -0.152284
12.335 -0.304569
12.1827 -0.456853
12.1827 -0.609137
12.0305 -0.761421
11.8782 -1.06599
11.7259 -1.21827
11.5736 -1.37056
11.4213 -1.52284
11.269 -1.67513
11.1168 -1.82741
10.9645 -1.9797
10.8122 -2.13198
10.5076 -2.28426
10.3553 -2.43655
10.203 -2.58883
10.0508 -2.74112
9.89848 -2.8934
9.74619 -3.04569
9.59391 -3.19797
9.44162 -3.35025
9.13706 -3.50254
8.98477 -3.65482
8.83249 -3.80711
8.6802 -3.95939
8.52792 -4.11168
8.22335 -4.26396
8.07107 -4.41624
7.91878 -4.41624
7.61421 -4.56853
7.46193 -4.72081
7.30964 -4.8731
7.00508 -4.8731
6.85279 -5.02538
6.70051 -5.17766
6.39594 -5.17766
6.24365 -5.32995
5.93909 -5.32995
5.7868 -5.48223
5.48223 -5.48223
5.32995 -5.63452
5.17766 -5.63452
4.8731 -5.7868
4.72081 -5.7868
4.41624 -5.7868
4.26396 -5.93909
3.95939 -5.93909
3.80711 -5.93909
3.50254 -5.93909
3.19797 -5.93909
3.04569 -5.93909
2.74112 -6.09137
2.58883 -6.09137
2.28426 -6.09137
2.13198 -5.93909
1.82741 -5.93909
1.67513 -5.93909
1.37056 -5.93909
1.21827 -5.93909
0.913706 -5.93909
0.761421 -5.7868
0.456853 -5.7868
0.304569 -5.7868
0 -5.63452
-0.152284 -5.63452
-0.456853 -5.63452
-0.609137 -5.48223
-0.761421 -5.48223
-1.06599 -5.32995
-1.21827 -5.32995
-1.52284 -5.17766
-1.67513 -5.17766
-1.82741 -5.02538
-2.13198 -4.8731
-2.28426 -4.8731
-2.43655 -4.72081
-2.74112 -4.56853
-2.8934 -4.56853
-3.04569 -4.41624
-3.19797 -4.26396
-3.50254 -4.11168
-3.65482 -4.11168
-3.80711 -3.95939
-3.95939 -3.80711
-4.11168 -3.65482
-4.41624 -3.50254
-4.56853 -3.50254
-4.72081 -3.35025
-4.8731 -3.19797
-5.02538 -3.04569
-5.17766 -2.8934
-5.32995 -2.74112
-5.48223 -2.58883
-5.63452 -2.43655
-5.7868 -2.28426
-6.09137 -2.28426
-6.24365 -2.13198
-6.39594 -1.9797
-6.39594 -1.82741
-6.54822 -1.67513
-6.70051 -1.52284
-6.85279 -1.37056
-7.00508 -1.06599
-7.15736 -0.913706
-7.30964 -0.761421
-7.46193 -0.609137
-7.61421 -0.456853
-7.61421 -0.304569
-7.7665 -0.152284
-7.91878 0
-8.07107 0.152284
-8.07107 0.456853
-8.22335 0.609137
-8.37563 0.761421
-8.37563 0.913706
-8.52792 1.06599
-8.6802 1.37056
-8.6802 1.52284
-8.83249 1.67513
-8.83249 1.82741
-8.98477 2.13198
-8.98477 2.28426
-8.98477 2.43655
-9.13706 2.74112
-9.13706 2.8934
-9.13706 3.04569
-9.28934 3.35025
-9.28934 3.50254
-9.28934 3.65482
-9.28934 3.80711
-9.44162 4.11168
-9.44162 4.26396
-9.44162 4.41624
-9.44162 4.72081
-9.44162 4.8731
-9.44162 5.02538
-9.44162 5.32995
-9.44162 5.48223
-9.44162 5.63452
-9.44162 5.93909
-9.44162 6.09137
-9.44162 6.24365
-9.44162 6.54822
-9.28934 6.70051
-9.28934 6.85279
-9.28934 7.00508
-9.28934 7.30964
-9.28934 7.46193
-9.28934 7.61421
-9.28934 7.7665
-9.28934 8.07107
-9.28934 8.22335
-9.13706 8.37563
-9.13706 8.52792
-9.13706 8.83249
-9.13706 8.98477
-9.13706 9.13706
-9.13706 9.28934
-9.13706 9.59391
-9.28934 9.74619
-9.28934 9.89848
-9.28934 10.203
-9.28934 10.3553
-9.28934 10.6599
-9.28934 10.8122
-9.28934 10.9645
-9.44162 11.269
-9.44162 11.4213
-9.44162 11.7259
-9.44162 11.8782
-9.44162 12.1827
-9.44162 12.4873
-9.44162 12.6396
-9.44162 12.9442
-9.44162 13.0964
-9.44162 13.401
-9.44162 13.7056
-9.44162 13.8579
-9.28934 14.1624
-9.28934 14.3147
-9.28934 14.6193
-9.13706 14.7716
-9.13706 15.0761
-8.98477 15.2284
-8.98477 15.533
-8.83249 15.6853
-8.6802 15.9898
-8.52792 16.1421
-8.52792 16.2944
-8.37563 16.599
-8.22335 16.7513
-8.07107 16.9036
-7.91878 17.0558
-7.7665 17.2081
-7.46193 17.3604
-7.30964 17.5127
-7.15736 17.665
-7.00508 17.8173
-6.85279 17.9695
-6.54822 18.1218
-6.39594 18.2741
-6.24365 18.4264
-5.93909 18.5787
-5.7868 18.5787
-5.48223 18.731
-5.32995 18.8832
-5.17766 18.8832
-4.8731 19.0355
-4.72081 19.0355
-4.41624 19.1878
-4.26396 19.1878
-3.95939 19.3401
-3.80711 19.3401
-3.50254 19.4924
-3.35025 19.4924
-3.04569 19.4924
-2.8934 19.6447
-2.58883 19.6447
-2.43655 19.6447
-2.13198 19.6447
-1.9797 19.797
-1.67513 19.797
-1.52284 19.797
-1.21827 19.797
-1.06599 19.797
-0.761421 19.797
-0.609137 19.9492
-0.304569 19.9492
-0.152284 19.9492
0.152284 19.9492
0.304569 19.9492
0.609137 19.9492
0.761421 19.9492
0.913706 19.9492
1.21827 19.9492
1.37056 19.9492
1.67513 19.9492
1.82741 19.9492
2.13198 19.9492
2.28426 19.9492
2.58883 19.9492
2.74112 19.797
2.8934 19.797
3.19797 19.797
3.35025 19.797
3.65482 19.797
3.80711 19.6447
4.11168 19.6447
4.26396 19.6447
4.41624 19.4924
4.72081 19.4924
4.8731 19.4924
5.17766 19.3401
5.32995 19.1878
5.48223 19.1878
5.7868 19.0355
5.93909 19.0355
6.09137 18.8832
6.24365 18.731
6.54822 18.5787
6.70051 18.5787
6.85279 18.4264
7.00508 18.2741
7.15736 18.1218
7.30964 17.9695
7.46193 17.8173
7.61421 17.665
7.7665 17.5127
8.07107 17.3604
8.07107 17.2081
8.22335 17.0558
8.37563 16.9036
8.52792 16.7513
8.6802 16.599
8.83249 16.4467
8.98477 16.2944
9.13706 16.1421
9.28934 15.9898
9.44162 15.8376
9.44162 15.6853
9.59391 15.533
9.74619 15.3807
9.89848 15.2284
10.0508 15.0761
10.0508 14.9239
10.203 14.7716
10.3553 14.6193
10.5076 14.3147
10.5076 14.1624
10.6599 14.0102
10.8122 13.8579
10.9645 13.7056
10.9645 13.5533
11.1168 13.401
11.269 13.2487
11.269 13.0964
11.4213 12.9442
11.5736 12.7919
11.5736 12.4873
11.7259 12.335
11.8782 12.1827
11.8782 12.0305
12.0305 11.8782
12.0305 11.7259
12.1827 11.4213
12.1827 11.269
12.335 11.1168
12.335 10.9645
12.4873 10.8122
12.4873 10.5076
12.6396 10.3553
12.6396 10.203
12.7919 10.0508
12.7919 9.89848
12.9442 9.59391
12.9442 9.44162
12.9442 9.28934
13.0964 8.98477
13.0964 8.83249
13.0964 8.6802
13.2487 8.52792
13.2487 8.22335
13.2487 8.07107
13.2487 7.91878
13.2487 7.61421
13.401 7.46193
