13.5533 7.30964
13.5533 7.15736
13.7056 6.85279
13.7056 6.70051
13.8579 6.54822
13.8579 6.24365
13.8579 6.09137
14.0102 5.7868
14.0102 5.63452
14.0102 5.32995
14.0102 5.17766
14.0102 4.8731
14.1624 4.72081
14.1624 4.56853
14.1624 4.26396
14.1624 4.11168
14.1624 3.80711
14.0102 3.65482
14.0102 3.35025
14.0102 3.19797
14.0102 2.8934
14.0102 2.74112
13.8579 2.43655
13.8579 2.28426
13.7056 1.9797
13.7056 1.82741
13.5533 1.67513
13.5533 1.37056
13.401 1.21827
13.401 1.06599
13.2487 0.761421
13.0964 0.609137
12.9442 0.456853
12.9442 0.152284
12.7919 0
12.6396 -0.152284
12.4873 -0.304569
12.335 -0.456853
12.1827 -0.761421
12.0305 -0.913706
11.8782 -1.06599
11.7259 -1.21827
11.5736 -1.37056
11.4213 -1.52284
11.269 -1.67513
11.1168 -1.82741
10.9645 -1.9797
10.8122 -2.13198
10.6599 -2.28426
10.5076 -2.43655
10.3553 -2.58883
10.203 -2.74112
10.0508 -2.8934
9.74619 -3.04569
9.59391 -3.19797
9.44162 -3.35025
9.28934 -3.50254
9.13706 -3.65482
8.98477 -3.80711
8.6802 -3.95939
8.52792 -4.11168
8.37563 -4.26396
8.22335 -4.26396
7.91878 -4.41624
7.7665 -4.56853
7.61421 -4.72081
7.30964 -4.8731
7.15736 -4.8731
7.00508 -5.02538
6.70051 -5.17766
6.54822 -5.17766
6.24365 -5.32995
6.09137 -5.32995
5.93909 -5.48223
5.63452 -5.48223
5.48223 -5.63452
5.17766 -5.63452
5.02538 -5.7868
4.72081 -5.7868
4.56853 -5.7868
4.26396 -5.93909
4.11168 -5.93909
3.80711 -5.93909
3.65482 -5.93909
3.35025 -5.93909
3.19797 -5.93909
2.8934 -5.93909
2.74112 -5.93909
2.43655 -5.93909
2.28426 -5.93909
1.9797 -5.93909
1.67513 -5.93909
1.52284 -5.93909
1.21827 -5.93909
1.06599 -5.93909
0.761421 -5.7868
0.609137 -5.7868
0.304569 -5.7868
0.152284 -5.63452
0 -5.63452
-0.304569 -5.48223
-0.456853 -5.48223
-0.761421 -5.32995
-0.913706 -5.32995
-1.21827 -5.17766
-1.37056 -5.17766
-1.52284 -5.02538
-1.82741 -5.02538
-1.9797 -4.8731
-2.13198 -4.72081
-2.43655 -4.72081
-2.58883 -4.56853
-2.74112 -4.41624
-2.8934 -4.26396
-3.19797 -4.26396
-3.35025 -4.11168
-3.50254 -3.95939
-3.65482 -3.80711
-3.80711 -3.65482
-4.11168 -3.65482
-4.26396 -3.50254
-4.41624 -3.35025
-4.56853 -3.19797
-4.72081 -3.04569
-4.8731 -2.8934
-5.17766 -2.74112
-5.32995 -2.74112
-5.48223 -2.58883
-5.63452 -2.43655
-5.7868 -2.28426
-5.93909 -2.13198
-6.09137 -1.9797
-6.24365 -1.82741
-6.39594 -1.67513
-6.54822 -1.52284
-6.70051 -1.37056
-6.85279 -1.21827
-7.00508 -1.06599
-7.15736 -0.913706
-7.30964 -0.761421
-7.30964 -0.609137
-7.46193 -0.304569
-7.61421 -0.152284
-7.7665 0
-7.91878 0.152284
-7.91878 0.304569
-8.07107 0.456853
-8.22335 0.761421
-8.22335 0.913706
-8.37563 1.06599
-8.52792 1.21827
-8.52792 1.52284
-8.6802 1.67513
-8.6802 1.82741
-8.83249 2.13198
-8.83249 2.28426
-8.83249 2.43655
-8.98477 2.58883
-8.98477 2.8934
-8.98477 3.04569
-9.13706 3.19797
-9.13706 3.50254
-9.13706 3.65482
-9.13706 3.95939
-9.28934 4.11168
-9.28934 4.26396
-9.28934 4.56853
-9.28934 4.72081
-9.28934 4.8731
-9.28934 5.17766
-9.28934 5.32995
-9.28934 5.48223
-9.28934 5.7868
-9.28934 5.93909
-9.28934 6.09137
-9.13706 6.39594
-9.13706 6.54822
-9.13706 6.70051
-9.13706 6.85279
-9.13706 7.15736
-9.13706 7.30964
-9.13706 7.46193
-8.98477 7.61421
-8.98477 7.91878
-8.98477 8.07107
-8.98477 8.22335
-8.98477 8.52792
-8.98477 8.6802
-8.98477 8.83249
-8.98477 8.98477
-8.98477 9.28934
-8.98477 9.44162
-8.98477 9.59391
-8.98477 9.89848
-8.98477 10.0508
-8.98477 10.203
-9.13706 10.5076
-9.13706 10.6599
-9.13706 10.9645
-9.13706 11.1168
-9.13706 11.4213
-9.28934 11.5736
-9.28934 11.8782
-9.28934 12.0305
-9.28934 12.335
-9.28934 12.4873
-9.28934 12.7919
-9.28934 13.0964
-9.28934 13.2487
-9.28934 13.5533
-9.28934 13.8579
-9.28934 14.0102
-9.13706 14.3147
-9.13706 14.467
-9.13706 14.7716
-8.98477 15.0761
-8.98477 15.2284
-8.83249 15.533
-8.6802 15.6853
-8.6802 15.8376
-8.52792 16.1421
-8.37563 16.2944
-8.22335 16.4467
-8.07107 16.7513
-7.91878 16.9036
-7.7665 17.0558
-7.61421 17.2081
-7.46193 17.3604
-7.30964 17.5127
-7.15736 17.665
-6.85279 17.8173
-6.70051 17.9695
-6.54822 18.1218
-6.24365 18.2741
-6.09137 18.4264
-5.93909 18.5787
-5.63452 18.5787
-5.48223 18.731
-5.17766 18.8832
-5.02538 18.8832
-4.72081 19.0355
-4.56853 19.0355
-4.41624 19.1878
-4.11168 19.3401
-3.95939 19.3401
-3.65482 19.3401
-3.50254 19.4924
-3.19797 19.4924
-3.04569 19.6447
-2.74112 19.6447
-2.58883 19.6447
-2.28426 19.797
-2.13198 19.797
-1.82741 19.797
-1.67513 19.797
-1.37056 19.797
-1.21827 19.9492
-0.913706 19.9492
-0.761421 19.9492
-0.456853 19.9492
-0.304569 19.9492
0 19.9492
0.152284 19.9492
0.456853 19.9492
0.609137 19.9492
0.913706 19.9492
1.06599 19.9492
1.37056 19.9492
1.52284 19.9492
1.82741 19.9492
1.9797 19.9492
2.13198 19.9492
2.43655 19.9492
2.58883 19.9492
2.8934 19.9492
3.04569 19.9492
3.35025 19.797
3.50254 19.797
3.80711 19.797
3.95939 19.797
4.11168 19.6447
4.41624 19.6447
4.56853 19.6447
4.8731 19.4924
5.02538 19.4924
5.17766 19.3401
5.48223 19.3401
5.63452 19.1878
5.7868 19.1878
5.93909 19.0355
6.24365 18.8832
6.39594 18.8832
6.54822 18.731
6.70051 18.5787
7.00508 18.4264
7.15736 18.2741
7.30964 18.2741
7.46193 18.1218
7.61421 17.9695
7.7665 17.8173
7.91878 17.665
8.07107 17.5127
8.22335 17.3604
8.37563 17.2081
8.52792 17.0558
8.6802 16.9036
8.83249 16.7513
8.98477 16.599
9.13706 16.4467
9.28934 16.2944
9.44162 16.1421
9.59391 15.9898
9.59391 15.8376
9.74619 15.6853
9.89848 15.533
10.0508 15.3807
10.203 15.2284
10.3553 15.0761
10.3553 14.9239
10.5076 14.7716
10.6599 14.6193
10.8122 14.467
10.9645 14.3147
10.9645 14.1624
11.1168 14.0102
11.269 13.8579
11.4213 13.5533
11.4213 13.401
11.5736 13.2487
11.7259 13.0964
11.7259 12.9442
11.8782 12.7919
11.8782 12.6396
12.0305 12.4873
12.1827 12.1827
12.1827 12.0305
12.335 11.8782
12.335 11.7259
12.4873 11.5736
12.4873 11.269
12.4873 11.1168
12.6396 10.9645
12.6396 10.8122
12.7919 10.6599
12.7919 10.3553
12.7919 10.203
12.9442 10.0508
12.9442 9.89848
12.9442 9.59391
12.9442 9.44162
13.0964 9.28934
13.0964 9.13706
13.0964 8.83249
13.2487 8.6802
13.2487 8.52792
13.2487 8.22335
13.401 8.07107
13.401 7.91878
13.401 7.7665
13.5533 7.46193
