13.8579 7.00508
13.8579 6.70051
14.0102 6.54822
14.0102 6.39594
14.0102 6.09137
14.1624 5.93909
14.1624 5.63452
14.1624 5.48223
14.1624 5.32995
14.1624 5.02538
14.1624 4.8731
14.1624 4.56853
14.1624 4.41624
14.1624 4.11168
14.1624 3.95939
14.1624 3.65482
14.1624 3.50254
14.1624 3.35025
14.0102 3.04569
14.0102 2.8934
14.0102 2.58883
13.8579 2.43655
13.8579 2.28426
13.7056 1.9797
13.7056 1.82741
13.5533 1.67513
13.5533 1.37056
13.401 1.21827
13.401 1.06599
13.2487 0.761421
13.0964 0.609137
13.0964 0.456853
12.9442 0.304569
12.7919 0
12.6396 -0.152284
12.4873 -0.304569
12.4873 -0.456853
12.335 -0.609137
12.1827 -0.913706
12.0305 -1.06599
11.8782 -1.21827
11.7259 -1.37056
11.5736 -1.52284
11.4213 -1.67513
11.269 -1.82741
11.1168 -1.9797
10.9645 -2.13198
10.8122 -2.28426
10.6599 -2.43655
10.5076 -2.58883
10.3553 -2.74112
10.203 -2.8934
9.89848 -3.04569
9.74619 -3.19797
9.59391 -3.35025
9.44162 -3.50254
9.28934 -3.65482
9.13706 -3.80711
8.98477 -3.80711
8.6802 -3.95939
8.52792 -4.11168
8.37563 -4.26396
8.22335 -4.41624
7.91878 -4.41624
7.7665 -4.56853
7.61421 -4.72081
7.46193 -4.8731
7.15736 -4.8731
7.00508 -5.02538
6.85279 -5.02538
6.54822 -5.17766
6.39594 -5.32995
6.09137 -5.32995
5.93909 -5.48223
5.7868 -5.48223
5.48223 -5.63452
5.32995 -5.63452
5.02538 -5.63452
4.8731 -5.7868
4.56853 -5.7868
4.41624 -5.7868
4.11168 -5.93909
3.95939 -5.93909
3.80711 -5.93909
3.50254 -5.93909
3.35025 -5.93909
3.04569 -5.93909
2.8934 -5.93909
2.58883 -5.93909
2.43655 -5.93909
2.13198 -5.93909
1.9797 -5.93909
1.67513 -5.93909
1.52284 -5.93909
1.21827 -5.93909
1.06599 -5.7868
0.761421 -5.7868
0.609137 -5.7868
0.304569 -5.63452
0.152284 -5.63452
0 -5.63452
-0.304569 -5.48223
-0.456853 -5.48223
-0.761421 -5.32995
-0.913706 -5.32995
-1.06599 -5.17766
-1.37056 -5.02538
-1.52284 -5.02538
-1.67513 -4.8731
-1.82741 -4.8731
-2.13198 -4.72081
-2.28426 -4.56853
-2.43655 -4.56853
-2.58883 -4.41624
-2.8934 -4.26396
-3.04569 -4.11168
-3.19797 -4.11168
-3.35025 -3.95939
-3.50254 -3.80711
-3.80711 -3.65482
-3.95939 -3.50254
-4.11168 -3.50254
-4.26396 -3.35025
-4.41624 -3.19797
-4.56853 -3.04569
-4.72081 -2.8934
-5.02538 -2.8934
-5.17766 -2.74112
-5.32995 -2.58883
-5.48223 -2.43655
-5.63452 -2.28426
-5.7868 -2.13198
-5.93909 -1.9797
-6.09137 -1.82741
-6.24365 -1.67513
-6.39594 -1.52284
-6.54822 -1.37056
-6.70051 -1.21827
-6.85279 -1.06599
-7.00508 -0.913706
-7.15736 -0.761421
-7.15736 -0.609137
-7.30964 -0.456853
-7.46193 -0.304569
-7.61421 -0.152284
-7.7665 0
-7.7665 0.152284
-7.91878 0.456853
-8.07107 0.609137
-8.07107 0.761421
-8.22335 0.913706
-8.37563 1.06599
-8.37563 1.37056
-8.52792 1.52284
-8.52792 1.67513
-8.6802 1.9797
-8.6802 2.13198
-8.83249 2.28426
-8.83249 2.43655
-8.83249 2.74112
-8.98477 2.8934
-8.98477 3.04569
-8.98477 3.35025
-9.13706 3.50254
-9.13706 3.65482
-9.13706 3.95939
-9.13706 4.11168
-9.13706 4.41624
-9.13706 4.56853
-9.13706 4.72081
-9.13706 5.02538
-9.13706 5.17766
-9.13706 5.32995
-9.13706 5.63452
-9.13706 5.7868
-9.13706 5.93909
-9.13706 6.09137
-9.13706 6.39594
-8.98477 6.54822
-8.98477 6.70051
-8.98477 7.00508
-8.98477 7.15736
-8.98477 7.30964
-8.98477 7.46193
-8.98477 7.7665
-8.98477 7.91878
-8.98477 8.07107
-8.98477 8.37563
-8.98477 8.52792
-8.98477 8.6802
-8.98477 8.83249
-8.98477 9.13706
-8.98477 9.28934
-8.98477 9.59391
-8.98477 9.74619
-8.98477 9.89848
-9.13706 10.203
-9.13706 10.3553
-9.13706 10.6599
-9.13706 10.8122
-9.28934 11.1168
-9.28934 11.269
-9.28934 11.5736
-9.28934 11.8782
-9.28934 12.0305
-9.28934 12.335
-9.44162 12.6396
-9.44162 12.7919
-9.44162 13.0964
-9.44162 13.401
-9.28934 13.5533
-9.28934 13.8579
-9.28934 14.1624
-9.28934 14.3147
-9.13706 14.6193
-9.13706 14.9239
-9.13706 15.0761
-8.98477 15.3807
-8.83249 15.533
-8.83249 15.8376
-8.6802 15.9898
-8.52792 16.2944
-8.37563 16.4467
-8.22335 16.599
-8.07107 16.9036
-7.91878 17.0558
-7.7665 17.2081
-7.61421 17.3604
-7.30964 17.5127
-7.15736 17.665
-7.00508 17.8173
-6.85279 17.9695
-6.54822 18.1218
-6.39594 18.2741
-6.09137 18.4264
-5.93909 18.5787
-5.7868 18.5787
-5.48223 18.731
-5.32995 18.8832
-5.02538 18.8832
-4.8731 19.0355
-4.56853 19.1878
-4.41624 19.1878
-4.11168 19.3401
-3.95939 19.3401
-3.65482 19.3401
-3.35025 19.4924
-3.19797 19.4924
-2.8934 19.6447
-2.74112 19.6447
-2.43655 19.6447
-2.28426 19.6447
-1.9797 19.797
-1.82741 19.797
-1.52284 19.797
-1.37056 19.797
-1.06599 19.797
-0.761421 19.797
-0.609137 19.9492
-0.304569 19.9492
-0.152284 19.9492
0.152284 19.9492
0.304569 19.9492
0.609137 19.9492
0.761421 19.9492
1.06599 19.9492
1.21827 19.9492
1.52284 19.9492
1.67513 19.9492
1.9797 19.9492
2.13198 19.9492
2.43655 19.9492
2.58883 19.9492
2.8934 19.9492
3.04569 19.9492
3.35025 19.797
3.50254 19.797
3.65482 19.797
3.95939 19.797
4.11168 19.6447
4.41624 19.6447
4.56853 19.6447
4.8731 19.4924
5.02538 19.4924
5.32995 19.4924
5.48223 19.3401
5.63452 19.3401
5.93909 19.1878
6.09137 19.0355
6.24365 19.0355
6.54822 18.8832
6.70051 18.731
6.85279 18.731
7.00508 18.5787
7.30964 18.4264
7.46193 18.2741
7.61421 18.1218
7.7665 17.9695
7.91878 17.8173
8.07107 17.665
8.22335 17.5127
8.37563 17.3604
8.52792 17.2081
8.6802 17.0558
8.83249 16.9036
8.98477 16.7513
9.13706 16.599
9.28934 16.4467
9.44162 16.2944
9.59391 16.1421
9.74619 15.9898
9.89848 15.8376
9.89848 15.6853
10.0508 15.533
10.203 15.2284
10.3553 15.0761
10.5076 14.9239
10.5076 14.7716
10.6599 14.6193
10.8122 14.467
10.9645 14.3147
11.1168 14.1624
11.1168 14.0102
11.269 13.8579
11.4213 13.7056
11.4213 13.5533
11.5736 13.2487
11.7259 13.0964
11.7259 12.9442
11.8782 12.7919
12.0305 12.6396
12.0305 12.4873
12.1827 12.335
12.1827 12.0305
12.335 11.8782
12.335 11.7259
12.4873 11.5736
12.4873 11.4213
12.6396 11.1168
12.6396 10.9645
12.6396 10.8122
12.7919 10.6599
12.7919 10.3553
12.7919 10.203
12.9442 10.0508
12.9442 9.89848
12.9442 9.59391
13.0964 9.44162
13.0964 9.28934
13.0964 9.13706
13.2487 8.83249
13.2487 8.6802
13.2487 8.52792
13.401 8.37563
13.401 8.07107
13.401 7.91878
13.5533 7.7665
13.5533 7.61421
13.7056 7.30964
13.7056 7.15736
