13.8579 7.30964
13.8579 7.00508
14.0102 6.85279
14.0102 6.54822
14.0102 6.39594
14.0102 6.24365
14.1624 5.93909
14.1624 5.7868
14.1624 5.48223
14.1624 5.32995
14.1624 5.17766
14.1624 4.8731
14.1624 4.72081
14.1624 4.41624
14.1624 4.26396
14.1624 3.95939
14.1624 3.80711
14.1624 3.65482
14.1624 3.35025
14.1624 3.19797
14.0102 2.8934
14.0102 2.74112
14.0102 2.43655
13.8579 2.28426
13.8579 2.13198
13.7056 1.82741
13.7056 1.67513
13.5533 1.52284
13.5533 1.21827
13.401 1.06599
13.2487 0.913706
13.2487 0.609137
13.0964 0.456853
12.9442 0.304569
12.9442 0
12.7919 -0.152284
12.6396 -0.304569
12.4873 -0.456853
12.335 -0.609137
12.1827 -0.913706
12.0305 -1.06599
11.8782 -1.21827
11.7259 -1.37056
11.7259 -1.52284
11.5736 -1.67513
11.4213 -1.82741
11.1168 -1.9797
10.9645 -2.13198
10.8122 -2.28426
10.6599 -2.43655
10.5076 -2.58883
10.3553 -2.74112
10.203 -2.8934
10.0508 -3.04569
9.89848 -3.19797
9.74619 -3.35025
9.44162 -3.50254
9.28934 -3.65482
9.13706 -3.80711
8.98477 -3.95939
8.83249 -4.11168
8.52792 -4.11168
8.37563 -4.26396
8.22335 -4.41624
7.91878 -4.56853
7.7665 -4.56853
7.61421 -4.72081
7.30964 -4.8731
7.15736 -4.8731
7.00508 -5.02538
6.70051 -5.17766
6.54822 -5.17766
6.24365 -5.32995
6.09137 -5.32995
5.93909 -5.48223
5.63452 -5.48223
5.48223 -5.63452
5.17766 -5.63452
5.02538 -5.63452
4.72081 -5.7868
4.56853 -5.7868
4.26396 -5.7868
4.11168 -5.7868
3.80711 -5.93909
3.65482 -5.93909
3.35025 -5.93909
3.19797 -5.93909
2.8934 -5.93909
2.74112 -5.93909
2.43655 -5.93909
2.28426 -5.93909
1.9797 -5.93909
1.82741 -5.93909
1.52284 -5.93909
1.37056 -5.7868
1.06599 -5.7868
0.913706 -5.7868
0.609137 -5.7868
0.456853 -5.63452
0.152284 -5.63452
0 -5.48223
-0.152284 -5.48223
-0.456853 -5.32995
-0.609137 -5.32995
-0.913706 -5.17766
-1.06599 -5.17766
-1.21827 -5.02538
-1.52284 -5.02538
-1.67513 -4.8731
-1.82741 -4.72081
-2.13198 -4.72081
-2.28426 -4.56853
-2.43655 -4.41624
-2.74112 -4.41624
-2.8934 -4.26396
-3.04569 -4.11168
-3.19797 -3.95939
-3.50254 -3.95939
-3.65482 -3.80711
-3.80711 -3.65482
-3.95939 -3.50254
-4.11168 -3.35025
-4.26396 -3.35025
-4.56853 -3.19797
-4.72081 -3.04569
-4.8731 -2.8934
-5.02538 -2.74112
-5.17766 -2.58883
-5.32995 -2.43655
-5.48223 -2.43655
-5.63452 -2.28426
-5.7868 -2.13198
-6.09137 -1.9797
-6.24365 -1.82741
-6.39594 -1.67513
-6.54822 -1.52284
-6.70051 -1.37056
-6.70051 -1.21827
-6.85279 -1.06599
-7.00508 -0.913706
-7.15736 -0.609137
-7.30964 -0.456853
-7.46193 -0.304569
-7.61421 -0.152284
-7.61421 0
-7.7665 0.152284
-7.91878 0.456853
-8.07107 0.609137
-8.07107 0.761421
-8.22335 0.913706
-8.22335 1.21827
-8.37563 1.37056
-8.37563 1.52284
-8.52792 1.82741
-8.52792 1.9797
-8.6802 2.13198
-8.6802 2.28426
-8.83249 2.58883
-8.83249 2.74112
-8.83249 3.04569
-8.83249 3.19797
-8.98477 3.35025
-8.98477 3.65482
-8.98477 3.80711
-8.98477 3.95939
-8.98477 4.26396
-8.98477 4.41624
-9.13706 4.56853
-9.13706 4.8731
-9.13706 5.02538
-9.13706 5.17766
-9.13706 5.48223
-8.98477 5.63452
-8.98477 5.7868
-8.98477 6.09137
-8.98477 6.24365
-8.98477 6.39594
-8.98477 6.70051
-8.98477 6.85279
-8.98477 7.00508
-8.98477 7.30964
-8.98477 7.46193
-8.83249 7.61421
-8.83249 7.7665
-8.83249 8.07107
-8.83249 8.22335
-8.83249 8.37563
-8.83249 8.52792
-8.83249 8.83249
-8.83249 8.98477
-8.83249 9.13706
-8.83249 9.44162
-8.83249 9.59391
-8.83249 9.74619
-8.83249 10.0508
-8.83249 10.203
-8.98477 10.5076
-8.98477 10.6599
-8.98477 10.8122
-8.98477 11.1168
-8.98477 11.269
-8.98477 11.5736
-8.98477 11.7259
-9.13706 12.0305
-9.13706 12.335
-9.13706 12.4873
-9.13706 12.7919
-9.13706 12.9442
-9.13706 13.2487
-8.98477 13.5533
-8.98477 13.7056
-8.98477 14.0102
-8.98477 14.1624
-8.98477 14.467
-8.83249 14.7716
-8.83249 14.9239
-8.6802 15.2284
-8.6802 15.3807
-8.52792 15.6853
-8.37563 15.8376
-8.22335 16.1421
-8.22335 16.2944
-8.07107 16.4467
-7.91878 16.7513
-7.7665 16.9036
-7.61421 17.0558
-7.46193 17.2081
-7.30964 17.3604
-7.15736 17.665
-6.85279 17.8173
-6.70051 17.9695
-6.54822 18.1218
-6.39594 18.2741
-6.09137 18.2741
-5.93909 18.4264
-5.63452 18.5787
-5.48223 18.731
-5.32995 18.731
-5.02538 18.8832
-4.8731 19.0355
-4.56853 19.0355
-4.41624 19.1878
-4.11168 19.1878
-3.95939 19.3401
-3.65482 19.3401
-3.50254 19.4924
-3.19797 19.4924
-3.04569 19.4924
-2.74112 19.6447
-2.43655 19.6447
-2.28426 19.6447
-1.9797 19.6447
-1.82741 19.797
-1.52284 19.797
-1.37056 19.797
-1.06599 19.797
-0.913706 19.797
-0.609137 19.797
-0.456853 19.797
-0.152284 19.797
0 19.797
0.304569 19.797
0.456853 19.797
0.761421 19.797
0.913706 19.797
1.06599 19.797
1.37056 19.797
1.52284 19.797
1.82741 19.797
1.9797 19.797
2.28426 19.797
2.43655 19.797
2.74112 19.797
2.8934 19.797
3.19797 19.797
3.35025 19.797
3.50254 19.797
3.80711 19.797
3.95939 19.797
4.26396 19.797
4.41624 19.6447
4.72081 19.6447
4.8731 19.6447
5.02538 19.4924
5.32995 19.4924
5.48223 19.4924
5.7868 19.3401
5.93909 19.3401
6.09137 19.1878
6.39594 19.0355
6.54822 19.0355
6.70051 18.8832
6.85279 18.731
7.15736 18.5787
7.30964 18.5787
7.46193 18.4264
7.61421 18.2741
7.7665 18.1218
7.91878 17.9695
8.07107 17.8173
8.22335 17.665
8.37563 17.5127
8.52792 17.3604
8.6802 17.2081
8.83249 17.0558
8.98477 16.9036
9.13706 16.7513
9.28934 16.599
9.44162 16.4467
9.59391 16.2944
9.59391 16.1421
9.74619 15.9898
9.89848 15.8376
10.0508 15.533
10.203 15.3807
10.3553 15.2284
10.3553 15.0761
10.5076 14.9239
10.6599 14.7716
10.8122 14.6193
10.9645 14.467
10.9645 14.3147
11.1168 14.1624
11.269 14.0102
11.4213 13.8579
11.4213 13.7056
11.5736 13.5533
11.7259 13.401
11.7259 13.2487
11.8782 13.0964
12.0305 12.7919
12.0305 12.6396
12.1827 12.4873
12.1827 12.335
12.335 12.1827
12.335 12.0305
12.4873 11.7259
12.4873 11.5736
12.6396 11.4213
12.6396 11.269
12.6396 10.9645
12.7919 10.8122
12.7919 10.6599
12.7919 10.5076
12.9442 10.3553
12.9442 10.0508
12.9442 9.89848
12.9442 9.74619
13.0964 9.59391
13.0964 9.28934
13.0964 9.13706
13.2487 8.98477
13.2487 8.83249
13.2487 8.52792
13.401 8.37563
13.401 8.22335
13.5533 8.07107
13.5533 7.7665
13.7056 7.61421
13.7056 7.46193
