14.1624 7.15736
14.1624 7.00508
14.1624 6.70051
14.3147 6.54822
14.3147 6.39594
14.3147 6.09137
14.467 5.93909
14.467 5.63452
14.467 5.48223
14.467 5.32995
14.467 5.02538
14.6193 4.8731
14.6193 4.56853
14.6193 4.41624
14.6193 4.11168
14.6193 3.95939
14.467 3.65482
14.467 3.50254
14.467 3.35025
14.467 3.04569
14.467 2.8934
14.3147 2.58883
14.3147 2.43655
14.3147 2.13198
14.1624 1.9797
14.1624 1.82741
14.0102 1.52284
14.0102 1.37056
13.8579 1.21827
13.7056 0.913706
13.7056 0.761421
13.5533 0.609137
13.401 0.304569
13.2487 0.152284
13.2487 0
13.0964 -0.152284
12.9442 -0.304569
12.7919 -0.609137
12.6396 -0.761421
12.4873 -0.913706
12.335 -1.06599
12.1827 -1.21827
12.0305 -1.37056
11.8782 -1.52284
11.7259 -1.67513
11.5736 -1.82741
11.4213 -1.9797
11.269 -2.13198
11.1168 -2.28426
10.9645 -2.43655
10.8122 -2.58883
10.6599 -2.74112
10.3553 -2.8934
10.203 -3.04569
10.0508 -3.19797
9.89848 -3.35025
9.74619 -3.50254
9.59391 -3.65482
9.44162 -3.80711
9.13706 -3.95939
8.98477 -4.11168
8.83249 -4.11168
8.6802 -4.26396
8.37563 -4.41624
8.22335 -4.56853
8.07107 -4.56853
7.7665 -4.72081
7.61421 -4.8731
7.46193 -4.8731
7.15736 -5.02538
7.00508 -5.17766
6.85279 -5.17766
6.54822 -5.32995
6.39594 -5.32995
6.09137 -5.48223
5.93909 -5.48223
5.63452 -5.63452
5.48223 -5.63452
5.32995 -5.63452
5.02538 -5.7868
4.8731 -5.7868
4.56853 -5.7868
4.41624 -5.93909
4.11168 -5.93909
3.95939 -5.93909
3.65482 -5.93909
3.50254 -5.93909
3.19797 -5.93909
3.04569 -5.93909
2.74112 -5.93909
2.58883 -5.93909
2.28426 -5.93909
2.13198 -5.93909
1.82741 -5.93909
1.67513 -5.7868
1.37056 -5.7868
1.21827 -5.7868
0.913706 -5.7868
0.761421 -5.63452
0.456853 -5.63452
0.304569 -5.48223
0 -5.48223
-0.152284 -5.48223
-0.304569 -5.32995
-0.609137 -5.32995
-0.761421 -5.17766
-0.913706 -5.02538
-1.21827 -5.02538
-1.37056 -4.8731
-1.52284 -4.8731
-1.82741 -4.72081
-1.9797 -4.56853
-2.13198 -4.56853
-2.43655 -4.41624
-2.58883 -4.26396
-2.74112 -4.11168
-2.8934 -4.11168
-3.19797 -3.95939
-3.35025 -3.80711
-3.50254 -3.65482
-3.65482 -3.65482
-3.80711 -3.50254
-4.11168 -3.35025
-4.26396 -3.19797
-4.41624 -3.04569
-4.56853 -3.04569
-4.72081 -2.8934
-4.8731 -2.74112
-5.02538 -2.58883
-5.32995 -2.43655
-5.48223 -2.28426
-5.63452 -2.13198
-5.7868 -1.9797
-5.93909 -1.82741
-6.09137 -1.67513
-6.24365 -1.52284
-6.39594 -1.37056
-6.54822 -1.21827
-6.70051 -1.06599
-6.85279 -0.913706
-7.00508 -0.761421
-7.00508 -0.609137
-7.15736 -0.456853
-7.30964 -0.304569
-7.46193 0
-7.46193 0.152284
-7.61421 0.304569
-7.7665 0.456853
-7.7665 0.761421
-7.91878 0.913706
-7.91878 1.06599
-8.07107 1.37056
-8.07107 1.52284
-8.22335 1.67513
-8.22335 1.9797
-8.37563 2.13198
-8.37563 2.28426
-8.37563 2.58883
-8.52792 2.74112
-8.52792 2.8934
-8.52792 3.19797
-8.52792 3.35025
-8.52792 3.50254
-8.6802 3.80711
-8.6802 3.95939
-8.6802 4.11168
-8.6802 4.41624
-8.6802 4.56853
-8.6802 4.72081
-8.6802 5.02538
-8.6802 5.17766
-8.6802 5.32995
-8.6802 5.63452
-8.6802 5.7868
-8.6802 5.93909
-8.6802 6.24365
-8.6802 6.39594
-8.6802 6.54822
-8.6802 6.85279
-8.6802 7.00508
-8.6802 7.15736
-8.6802 7.30964
-8.6802 7.61421
-8.6802 7.7665
-8.6802 7.91878
-8.6802 8.07107
-8.6802 8.37563
-8.6802 8.52792
-8.6802 8.6802
-8.6802 8.98477
-8.6802 9.13706
-8.6802 9.28934
-8.6802 9.59391
-8.6802 9.74619
-8.6802 9.89848
-8.6802 10.203
-8.6802 10.3553
-8.6802 10.6599
-8.6802 10.8122
-8.6802 10.9645
-8.6802 11.269
-8.6802 11.4213
-8.6802 11.7259
-8.6802 11.8782
-8.6802 12.1827
-8.6802 12.335
-8.6802 12.6396
-8.6802 12.7919
-8.52792 13.0964
-8.52792 13.2487
-8.52792 13.5533
-8.52792 13.8579
-8.37563 14.0102
-8.37563 14.3147
-8.37563 14.467
-8.22335 14.7716
-8.22335 14.9239
-8.07107 15.2284
-8.07107 15.3807
-7.91878 15.6853
-7.7665 15.8376
-7.61421 15.9898
-7.61421 16.2944
-7.46193 16.4467
-7.30964 16.599
-7.15736 16.9036
-7.00508 17.0558
-6.85279 17.2081
-6.70051 17.3604
-6.54822 17.665
-6.39594 17.8173
-6.24365 17.9695
-5.93909 18.1218
-5.7868 18.2741
-5.63452 18.4264
-5.48223 18.5787
-5.17766 18.731
-5.02538 18.731
-4.8731 18.8832
-4.56853 19.0355
-4.41624 19.0355
-4.11168 19.1878
-3.95939 19.3401
-3.65482 19.3401
-3.50254 19.4924
-3.19797 19.4924
-3.04569 19.4924
-2.74112 19.6447
-2.43655 19.6447
-2.28426 19.6447
-1.9797 19.6447
-1.82741 19.797
-1.52284 19.797
-1.37056 19.797
-1.06599 19.797
-0.913706 19.797
-0.609137 19.797
-0.456853 19.797
-0.152284 19.797
0 19.797
0.304569 19.797
0.456853 19.797
0.761421 19.797
0.913706 19.797
1.21827 19.797
1.37056 19.797
1.67513 19.797
1.82741 19.797
2.13198 19.797
2.28426 19.797
2.58883 19.797
2.74112 19.797
3.04569 19.797
3.19797 19.797
3.35025 19.797
3.65482 19.797
3.80711 19.797
4.11168 19.797
4.26396 19.797
4.56853 19.797
4.72081 19.797
5.02538 19.6447
5.17766 19.6447
5.32995 19.6447
5.63452 19.4924
5.7868 19.4924
6.09137 19.3401
6.24365 19.3401
6.39594 19.1878
6.70051 19.1878
6.85279 19.0355
7.00508 18.8832
7.15736 18.731
7.46193 18.731
7.61421 18.5787
7.7665 18.4264
7.91878 18.2741
8.07107 18.1218
8.22335 17.9695
8.37563 17.8173
8.52792 17.665
8.6802 17.5127
8.83249 17.3604
8.98477 17.2081
9.13706 17.0558
9.28934 16.9036
9.44162 16.7513
9.59391 16.4467
9.74619 16.2944
9.89848 16.1421
9.89848 15.9898
10.0508 15.8376
10.203 15.6853
10.3553 15.533
10.5076 15.3807
10.6599 15.2284
10.6599 15.0761
10.8122 14.9239
10.9645 14.7716
11.1168 14.6193
11.269 14.467
11.4213 14.3147
11.4213 14.1624
11.5736 14.0102
11.7259 13.8579
11.8782 13.7056
12.0305 13.5533
12.0305 13.401
12.1827 13.2487
12.335 13.0964
12.335 12.7919
12.4873 12.6396
12.6396 12.4873
12.6396 12.335
12.7919 12.1827
12.7919 12.0305
12.9442 11.7259
12.9442 11.5736
13.0964 11.4213
13.0964 11.269
13.0964 10.9645
13.0964 10.8122
13.2487 10.6599
13.2487 10.5076
13.2487 10.203
13.2487 10.0508
13.401 9.89848
13.401 9.74619
13.401 9.44162
13.401 9.28934
13.5533 9.13706
13.5533 8.98477
13.5533 8.6802
13.5533 8.52792
13.7056 8.37563
13.7056 8.22335
13.8579 7.91878
13.8579 7.7665
14.0102 7.61421
14.0102 7.30964
