14.1624 7.15736
14.1624 7.00508
14.3147 6.85279
14.3147 6.54822
14.3147 6.39594
14.467 6.24365
14.467 5.93909
14.467 5.7868
14.467 5.48223
14.6193 5.32995
14.6193 5.17766
14.6193 4.8731
14.6193 4.72081
14.6193 4.41624
14.6193 4.26396
14.6193 3.95939
14.6193 3.80711
14.6193 3.50254
14.6193 3.35025
14.6193 3.04569
14.467 2.8934
14.467 2.74112
14.467 2.43655
14.3147 2.28426
14.3147 1.9797
14.1624 1.82741
14.1624 1.52284
14.0102 1.37056
14.0102 1.21827
13.8579 0.913706
13.7056 0.761421
13.7056 0.609137
13.5533 0.456853
13.401 0.152284
13.2487 0
13.2487 -0.152284
13.0964 -0.304569
12.9442 -0.609137
12.7919 -0.761421
12.6396 -0.913706
12.4873 -1.06599
12.335 -1.21827
12.1827 -1.37056
12.0305 -1.52284
11.8782 -1.67513
11.7259 -1.82741
11.5736 -1.9797
11.4213 -2.13198
11.269 -2.28426
11.1168 -2.43655
10.9645 -2.58883
10.8122 -2.74112
10.5076 -2.8934
10.3553 -3.04569
10.203 -3.19797
10.0508 -3.35025
9.89848 -3.50254
9.74619 -3.65482
9.44162 -3.80711
9.28934 -3.95939
9.13706 -4.11168
8.98477 -4.11168
8.83249 -4.26396
8.52792 -4.41624
8.37563 -4.56853
8.22335 -4.72081
7.91878 -4.72081
7.7665 -4.8731
7.61421 -5.02538
7.30964 -5.02538
7.15736 -5.17766
6.85279 -5.17766
6.70051 -5.32995
6.54822 -5.32995
6.24365 -5.48223
6.09137 -5.48223
5.7868 -5.63452
5.63452 -5.63452
5.32995 -5.63452
5.17766 -5.7868
4.8731 -5.7868
4.72081 -5.7868
4.41624 -5.7868
4.26396 -5.93909
3.95939 -5.93909
3.80711 -5.93909
3.50254 -5.93909
3.35025 -5.93909
3.04569 -5.93909
2.8934 -5.93909
2.58883 -5.93909
2.43655 -5.93909
2.13198 -5.7868
1.9797 -5.7868
1.67513 -5.7868
1.52284 -5.7868
1.21827 -5.7868
1.06599 -5.63452
0.761421 -5.63452
0.609137 -5.48223
0.456853 -5.48223
0.152284 -5.48223
0 -5.32995
-0.304569 -5.32995
-0.456853 -5.17766
-0.609137 -5.17766
-0.913706 -5.02538
-1.06599 -5.02538
-1.21827 -4.8731
-1.52284 -4.72081
-1.67513 -4.72081
-1.82741 -4.56853
-2.13198 -4.41624
-2.28426 -4.41624
-2.43655 -4.26396
-2.58883 -4.11168
-2.8934 -3.95939
-3.04569 -3.95939
-3.19797 -3.80711
-3.35025 -3.65482
-3.50254 -3.50254
-3.80711 -3.50254
-3.95939 -3.35025
-4.11168 -3.19797
-4.26396 -3.04569
-4.41624 -2.8934
-4.56853 -2.74112
-4.72081 -2.58883
-5.02538 -2.43655
-5.17766 -2.43655
-5.32995 -2.28426
-5.48223 -2.13198
-5.63452 -1.9797
-5.7868 -1.82741
-5.93909 -1.67513
-6.09137 -1.52284
-6.24365 -1.37056
-6.39594 -1.21827
-6.54822 -1.06599
-6.70051 -0.913706
-6.70051 -0.609137
-6.85279 -0.456853
-7.00508 -0.304569
-7.15736 -0.152284
-7.30964 0
-7.46193 0.152284
-7.46193 0.304569
-7.61421 0.609137
-7.7665 0.761421
-7.7665 0.913706
-7.91878 1.06599
-8.07107 1.37056
-8.07107 1.52284
-8.22335 1.67513
-8.22335 1.82741
-8.37563 2.13198
-8.37563 2.28426
-8.52792 2.43655
-8.52792 2.74112
-8.6802 2.8934
-8.6802 3.04569
-8.6802 3.35025
-8.6802 3.50254
-8.83249 3.65482
-8.83249 3.95939
-8.83249 4.11168
-8.83249 4.41624
-8.83249 4.56853
-8.83249 4.72081
-8.83249 5.02538
-8.83249 5.17766
-8.83249 5.32995
-8.83249 5.63452
-8.6802 5.7868
-8.6802 6.09137
-8.6802 6.24365
-8.6802 6.39594
-8.52792 6.70051
-8.52792 6.85279
-8.52792 7.00508
-8.52792 7.15736
-8.37563 7.46193
-8.37563 7.61421
-8.37563 7.7665
-8.37563 7.91878
-8.37563 8.22335
-8.37563 8.37563
-8.37563 8.52792
-8.37563 8.6802
-8.37563 8.98477
-8.37563 9.13706
-8.37563 9.28934
-8.37563 9.59391
-8.37563 9.74619
-8.52792 10.0508
-8.52792 10.203
-8.52792 10.3553
-8.6802 10.6599
-8.6802 10.9645
-8.83249 11.1168
-8.83249 11.4213
-8.83249 11.5736
-8.98477 11.8782
-8.98477 12.1827
-9.13706 12.4873
-9.13706 12.6396
-9.13706 12.9442
-9.28934 13.2487
-9.28934 13.5533
-9.28934 13.8579
-9.28934 14.1624
-9.28934 14.3147
-9.28934 14.6193
-9.13706 14.9239
-9.13706 15.2284
-9.13706 15.3807
-8.98477 15.6853
-8.98477 15.9898
-8.83249 16.1421
-8.6802 16.4467
-8.52792 16.599
-8.37563 16.9036
-8.22335 17.0558
-8.07107 17.2081
-7.91878 17.3604
-7.7665 17.665
-7.61421 17.8173
-7.30964 17.9695
-7.15736 18.1218
-6.85279 18.2741
-6.70051 18.2741
-6.39594 18.4264
-6.24365 18.5787
-5.93909 18.731
-5.7868 18.731
-5.48223 18.8832
-5.32995 18.8832
-5.02538 19.0355
-4.72081 19.0355
-4.56853 19.1878
-4.26396 19.1878
-4.11168 19.3401
-3.80711 19.3401
-3.50254 19.3401
-3.35025 19.4924
-3.04569 19.4924
-2.8934 19.4924
-2.58883 19.6447
-2.43655 19.6447
-2.13198 19.6447
-1.9797 19.6447
-1.67513 19.797
-1.37056 19.797
-1.21827 19.797
-0.913706 19.797
-0.761421 19.797
-0.456853 19.797
-0.304569 19.797
0 19.797
0.152284 19.9492
0.456853 19.9492
0.609137 19.9492
0.913706 19.9492
1.06599 19.9492
1.37056 19.9492
1.52284 19.9492
1.67513 19.9492
1.9797 19.9492
2.13198 19.9492
2.43655 19.9492
2.58883 19.9492
2.8934 19.9492
3.04569 19.9492
3.35025 19.9492
3.50254 19.9492
3.80711 19.9492
3.95939 19.797
4.11168 19.797
4.41624 19.797
4.56853 19.797
4.8731 19.797
5.02538 19.6447
5.32995 19.6447
5.48223 19.6447
5.63452 19.4924
5.93909 19.4924
6.09137 19.3401
6.39594 19.3401
6.54822 19.1878
6.70051 19.0355
6.85279 19.0355
7.15736 18.8832
7.30964 18.731
7.46193 18.5787
7.61421 18.5787
7.91878 18.4264
8.07107 18.2741
8.22335 18.1218
8.37563 17.9695
8.52792 17.8173
8.6802 17.665
8.83249 17.5127
8.98477 17.3604
9.13706 17.2081
9.28934 17.0558
9.44162 16.9036
9.59391 16.7513
9.74619 16.599
9.89848 16.4467
9.89848 16.2944
10.0508 16.1421
10.203 15.9898
10.3553 15.8376
10.5076 15.6853
10.6599 15.533
10.6599 15.3807
10.8122 15.0761
10.9645 14.9239
11.1168 14.7716
11.269 14.6193
11.269 14.467
11.4213 14.3147
11.5736 14.1624
11.7259 14.0102
11.7259 13.8579
11.8782 13.7056
12.0305 13.5533
12.1827 13.401
12.1827 13.2487
12.335 13.0964
12.4873 12.7919
12.4873 12.6396
12.6396 12.4873
12.6396 12.335
12.7919 12.1827
12.7919 12.0305
12.9442 11.7259
12.9442 11.5736
13.0964 11.4213
13.0964 11.269
13.2487 11.1168
13.2487 10.8122
13.2487 10.6599
13.401 10.5076
13.401 10.3553
13.401 10.0508
13.401 9.89848
13.5533 9.74619
13.5533 9.59391
13.5533 9.28934
13.5533 9.13706
13.7056 8.98477
13.7056 8.83249
13.7056 8.52792
13.8579 8.37563
13.8579 8.22335
13.8579 8.07107
14.0102 7.7665
14.0102 7.61421
14.0102 7.46193
