14.1624 7.00508
14.1624 6.85279
14.3147 6.70051
14.3147 6.39594
14.467 6.24365
14.467 6.09137
14.467 5.7868
14.6193 5.63452
14.6193 5.32995
14.6193 5.17766
14.6193 5.02538
14.6193 4.72081
14.7716 4.56853
14.7716 4.26396
14.7716 4.11168
14.7716 3.80711
14.7716 3.65482
14.6193 3.50254
14.6193 3.19797
14.6193 3.04569
14.6193 2.74112
14.467 2.58883
14.467 2.43655
14.467 2.13198
14.3147 1.9797
14.3147 1.67513
14.1624 1.52284
14.1624 1.37056
14.0102 1.06599
14.0102 0.913706
13.8579 0.761421
13.7056 0.609137
13.5533 0.304569
13.5533 0.152284
13.401 0
13.2487 -0.152284
13.0964 -0.456853
12.9442 -0.609137
12.9442 -0.761421
12.7919 -0.913706
12.6396 -1.06599
12.4873 -1.21827
12.335 -1.37056
12.1827 -1.52284
12.0305 -1.67513
11.8782 -1.82741
11.7259 -1.9797
11.5736 -2.13198
11.4213 -2.28426
11.269 -2.43655
11.1168 -2.58883
10.9645 -2.74112
10.6599 -2.8934
10.5076 -3.04569
10.3553 -3.19797
10.203 -3.35025
10.0508 -3.50254
9.89848 -3.65482
9.74619 -3.80711
9.44162 -3.95939
9.28934 -4.11168
9.13706 -4.11168
8.98477 -4.26396
8.83249 -4.41624
8.52792 -4.56853
8.37563 -4.56853
8.22335 -4.72081
7.91878 -4.8731
7.7665 -5.02538
7.61421 -5.02538
7.30964 -5.17766
7.15736 -5.17766
7.00508 -5.32995
6.70051 -5.32995
6.54822 -5.48223
6.24365 -5.48223
6.09137 -5.63452
5.93909 -5.63452
5.63452 -5.7868
5.48223 -5.7868
5.17766 -5.7868
5.02538 -5.7868
4.72081 -5.93909
4.56853 -5.93909
4.26396 -5.93909
4.11168 -5.93909
3.80711 -5.93909
3.65482 -5.93909
3.35025 -5.93909
3.19797 -5.93909
2.8934 -5.93909
2.74112 -5.93909
2.43655 -5.93909
2.28426 -5.93909
1.9797 -5.93909
1.82741 -5.7868
1.52284 -5.7868
1.37056 -5.7868
1.21827 -5.7868
0.913706 -5.63452
0.761421 -5.63452
0.456853 -5.63452
0.304569 -5.48223
0 -5.48223
-0.152284 -5.32995
-0.304569 -5.32995
-0.609137 -5.17766
-0.761421 -5.17766
-0.913706 -5.02538
-1.21827 -4.8731
-1.37056 -4.8731
-1.52284 -4.72081
-1.82741 -4.56853
-1.9797 -4.56853
-2.13198 -4.41624
-2.28426 -4.26396
-2.58883 -4.11168
-2.74112 -4.11168
-2.8934 -3.95939
-3.04569 -3.80711
-3.19797 -3.65482
-3.50254 -3.65482
-3.65482 -3.50254
-3.80711 -3.35025
-3.95939 -3.19797
-4.11168 -3.04569
-4.26396 -2.8934
-4.41624 -2.74112
-4.56853 -2.74112
-4.8731 -2.58883
-5.02538 -2.43655
-5.17766 -2.28426
-5.32995 -2.13198
-5.48223 -1.9797
-5.63452 -1.82741
-5.7868 -1.67513
-5.93909 -1.52284
-6.09137 -1.37056
-6.09137 -1.21827
-6.24365 -1.06599
-6.39594 -0.913706
-6.54822 -0.609137
-6.70051 -0.456853
-6.85279 -0.304569
-7.00508 -0.152284
-7.15736 0
-7.15736 0.152284
-7.30964 0.304569
-7.46193 0.609137
-7.61421 0.761421
-7.61421 0.913706
-7.7665 1.06599
-7.91878 1.21827
-7.91878 1.52284
-8.07107 1.67513
-8.07107 1.82741
-8.22335 2.13198
-8.22335 2.28426
-8.37563 2.43655
-8.37563 2.74112
-8.52792 2.8934
-8.52792 3.04569
-8.52792 3.35025
-8.6802 3.50254
-8.6802 3.65482
-8.6802 3.95939
-8.6802 4.11168
-8.6802 4.26396
-8.6802 4.56853
-8.6802 4.72081
-8.6802 5.02538
-8.6802 5.17766
-8.6802 5.32995
-8.6802 5.63452
-8.6802 5.7868
-8.6802 6.09137
-8.52792 6.24365
-8.52792 6.39594
-8.52792 6.70051
-8.52792 6.85279
-8.37563 7.00508
-8.37563 7.15736
-8.37563 7.46193
-8.37563 7.61421
-8.22335 7.7665
-8.22335 8.07107
-8.22335 8.22335
-8.22335 8.37563
-8.22335 8.52792
-8.07107 8.83249
-8.07107 8.98477
-8.07107 9.13706
-8.07107 9.44162
-8.07107 9.59391
-8.07107 9.74619
-8.07107 10.0508
-8.07107 10.203
-8.07107 10.3553
-8.07107 10.6599
-8.07107 10.8122
-8.07107 11.1168
-8.07107 11.269
-8.07107 11.5736
-8.07107 11.7259
-8.07107 12.0305
-8.07107 12.1827
-8.07107 12.4873
-8.07107 12.6396
-8.07107 12.9442
-8.07107 13.0964
-8.07107 13.401
-8.07107 13.7056
-8.07107 13.8579
-8.07107 14.1624
-7.91878 14.3147
-7.91878 14.6193
-7.91878 14.9239
-7.7665 15.0761
-7.7665 15.3807
-7.61421 15.533
-7.46193 15.8376
-7.46193 15.9898
-7.30964 16.2944
-7.15736 16.4467
-7.00508 16.7513
-6.85279 16.9036
-6.85279 17.0558
-6.70051 17.3604
-6.54822 17.5127
-6.24365 17.665
-6.09137 17.8173
-5.93909 17.9695
-5.7868 18.1218
-5.63452 18.4264
-5.32995 18.5787
-5.17766 18.731
-5.02538 18.731
-4.72081 18.8832
-4.56853 19.0355
-4.41624 19.1878
-4.11168 19.3401
-3.95939 19.3401
-3.65482 19.4924
-3.50254 19.4924
-3.19797 19.6447
-2.8934 19.6447
-2.74112 19.797
-2.43655 19.797
-2.28426 19.797
-1.9797 19.797
-1.67513 19.9492
-1.52284 19.9492
-1.21827 19.9492
-1.06599 19.9492
-0.761421 19.9492
-0.456853 19.9492
-0.304569 19.9492
0 19.9492
0.152284 19.9492
0.456853 19.9492
0.609137 19.9492
0.913706 19.9492
1.06599 19.9492
1.37056 19.9492
1.52284 19.9492
1.82741 19.9492
1.9797 19.9492
2.28426 19.9492
2.43655 19.9492
2.74112 19.9492
2.8934 19.9492
3.19797 19.9492
3.35025 19.9492
3.65482 19.9492
3.80711 19.797
4.11168 19.797
4.26396 19.797
4.56853 19.797
4.72081 19.797
5.02538 19.797
5.17766 19.6447
5.32995 19.6447
5.63452 19.6447
5.7868 19.4924
6.09137 19.4924
6.24365 19.3401
6.39594 19.3401
6.70051 19.1878
6.85279 19.1878
7.00508 19.0355
7.30964 18.8832
7.46193 18.731
7.61421 18.731
7.7665 18.5787
8.07107 18.4264
8.22335 18.2741
8.37563 18.1218
8.52792 17.9695
8.6802 17.8173
8.83249 17.665
8.98477 17.5127
9.13706 17.3604
9.28934 17.2081
9.44162 17.0558
9.59391 16.7513
9.74619 16.599
9.74619 16.4467
9.89848 16.2944
10.0508 16.1421
10.203 15.9898
10.3553 15.8376
10.5076 15.6853
10.5076 15.533
10.6599 15.3807
10.8122 15.2284
10.9645 15.0761
11.1168 14.9239
11.1168 14.7716
11.269 14.6193
11.4213 14.467
11.5736 14.3147
11.7259 14.1624
11.7259 14.0102
11.8782 13.8579
12.0305 13.7056
12.1827 13.401
12.1827 13.2487
12.335 13.0964
12.4873 12.9442
12.6396 12.7919
12.6396 12.6396
12.7919 12.4873
12.7919 12.335
12.9442 12.1827
12.9442 11.8782
13.0964 11.7259
13.0964 11.5736
13.2487 11.4213
13.2487 11.269
13.2487 10.9645
13.401 10.8122
13.401 10.6599
13.401 10.5076
13.401 10.203
13.5533 10.0508
13.5533 9.89848
13.5533 9.74619
13.5533 9.44162
13.5533 9.28934
13.5533 9.13706
13.7056 8.98477
13.7056 8.6802
13.7056 8.52792
13.7056 8.37563
13.8579 8.22335
13.8579 7.91878
13.8579 7.7665
14.0102 7.61421
14.0102 7.46193
14.1624 7.15736
