14.1624 7.30964
14.1624 7.15736
14.1624 6.85279
14.3147 6.70051
14.3147 6.54822
14.467 6.24365
14.467 6.09137
14.467 5.93909
14.467 5.63452
14.6193 5.48223
14.6193 5.17766
14.6193 5.02538
14.6193 4.72081
14.6193 4.56853
14.7716 4.26396
14.7716 4.11168
14.7716 3.95939
14.7716 3.65482
14.6193 3.50254
14.6193 3.19797
14.6193 3.04569
14.6193 2.74112
14.6193 2.58883
14.467 2.28426
14.467 2.13198
14.467 1.82741
14.3147 1.67513
14.3147 1.52284
14.1624 1.21827
14.0102 1.06599
14.0102 0.913706
13.8579 0.609137
13.7056 0.456853
13.5533 0.304569
13.5533 0
13.401 -0.152284
13.2487 -0.304569
13.0964 -0.456853
12.9442 -0.609137
12.7919 -0.761421
12.6396 -1.06599
12.4873 -1.21827
12.335 -1.37056
12.1827 -1.52284
12.0305 -1.67513
11.8782 -1.82741
11.7259 -1.9797
11.5736 -2.13198
11.4213 -2.28426
11.269 -2.43655
11.1168 -2.58883
10.9645 -2.74112
10.8122 -2.8934
10.5076 -3.04569
10.3553 -3.19797
10.203 -3.35025
10.0508 -3.50254
9.89848 -3.65482
9.74619 -3.80711
9.44162 -3.95939
9.28934 -4.11168
9.13706 -4.11168
8.98477 -4.26396
8.6802 -4.41624
8.52792 -4.56853
8.37563 -4.72081
8.22335 -4.72081
7.91878 -4.8731
7.7665 -5.02538
7.46193 -5.02538
7.30964 -5.17766
7.15736 -5.32995
6.85279 -5.32995
6.70051 -5.48223
6.39594 -5.48223
6.24365 -5.63452
5.93909 -5.63452
5.7868 -5.7868
5.48223 -5.7868
5.32995 -5.7868
5.02538 -5.7868
4.8731 -5.93909
4.56853 -5.93909
4.41624 -5.93909
4.11168 -5.93909
3.95939 -5.93909
3.65482 -5.93909
3.50254 -5.93909
3.19797 -5.93909
3.04569 -5.93909
2.74112 -5.93909
2.58883 -5.93909
2.28426 -5.93909
2.13198 -5.93909
1.82741 -5.7868
1.67513 -5.7868
1.37056 -5.7868
1.21827 -5.63452
0.913706 -5.63452
0.761421 -5.63452
0.456853 -5.48223
0.304569 -5.48223
0 -5.32995
-0.152284 -5.32995
-0.304569 -5.17766
-0.609137 -5.17766
-0.761421 -5.02538
-0.913706 -5.02538
-1.21827 -4.8731
-1.37056 -4.72081
-1.52284 -4.72081
-1.82741 -4.56853
-1.9797 -4.41624
-2.13198 -4.41624
-2.43655 -4.26396
-2.58883 -4.11168
-2.74112 -3.95939
-2.8934 -3.95939
-3.19797 -3.80711
-3.35025 -3.65482
-3.50254 -3.50254
-3.65482 -3.35025
-3.80711 -3.35025
-3.95939 -3.19797
-4.26396 -3.04569
-4.41624 -2.8934
-4.56853 -2.74112
-4.72081 -2.58883
-4.8731 -2.43655
-5.02538 -2.28426
-5.17766 -2.13198
-5.32995 -1.9797
-5.48223 -1.82741
-5.63452 -1.67513
-5.7868 -1.52284
-5.93909 -1.37056
-6.09137 -1.21827
-6.24365 -1.06599
-6.39594 -0.913706
-6.54822 -0.761421
-6.70051 -0.609137
-6.85279 -0.456853
-7.00508 -0.304569
-7.00508 -0.152284
-7.15736 0
-7.30964 0.304569
-7.46193 0.456853
-7.61421 0.609137
-7.61421 0.761421
-7.7665 0.913706
-7.91878 1.21827
-7.91878 1.37056
-8.07107 1.52284
-8.07107 1.67513
-8.22335 1.9797
-8.22335 2.13198
-8.37563 2.28426
-8.37563 2.58883
-8.52792 2.74112
-8.52792 2.8934
-8.52792 3.19797
-8.6802 3.35025
-8.6802 3.65482
-8.6802 3.80711
-8.6802 3.95939
-8.6802 4.26396
-8.83249 4.41624
-8.83249 4.72081
-8.6802 4.8731
-8.6802 5.02538
-8.6802 5.32995
-8.6802 5.48223
-8.6802 5.63452
-8.6802 5.93909
-8.52792 6.09137
-8.52792 6.24365
-8.52792 6.54822
-8.52792 6.70051
-8.37563 6.85279
-8.37563 7.15736
-8.37563 7.30964
-8.22335 7.46193
-8.22335 7.7665
-8.22335 7.91878
-8.22335 8.07107
-8.22335 8.22335
-8.07107 8.52792
-8.07107 8.6802
-8.07107 8.83249
-8.07107 8.98477
-8.07107 9.28934
-8.07107 9.44162
-8.22335 9.59391
-8.22335 9.89848
-8.22335 10.0508
-8.22335 10.203
-8.37563 10.5076
-8.37563 10.6599
-8.52792 10.9645
-8.52792 11.269
-8.52792 11.4213
-8.6802 11.7259
-8.6802 11.8782
-8.83249 12.1827
-8.83249 12.4873
-8.83249 12.7919
-8.98477 12.9442
-8.98477 13.2487
-8.98477 13.5533
-8.98477 13.8579
-8.98477 14.1624
-8.98477 14.467
-8.98477 14.6193
-8.98477 14.9239
-8.98477 15.2284
-8.83249 15.533
-8.83249 15.6853
-8.6802 15.9898
-8.52792 16.1421
-8.52792 16.4467
-8.37563 16.599
-8.22335 16.9036
-8.07107 17.0558
-7.91878 17.2081
-7.7665 17.3604
-7.46193 17.665
-7.30964 17.8173
-7.15736 17.9695
-6.85279 18.1218
-6.70051 18.1218
-6.39594 18.2741
-6.24365 18.4264
-6.09137 18.5787
-5.7868 18.731
-5.48223 18.731
-5.32995 18.8832
-5.02538 18.8832
-4.8731 19.0355
-4.56853 19.0355
-4.41624 19.1878
-4.11168 19.1878
-3.80711 19.3401
-3.65482 19.3401
-3.35025 19.4924
-3.19797 19.4924
-2.8934 19.4924
-2.74112 19.6447
-2.43655 19.6447
-2.28426 19.6447
-1.9797 19.6447
-1.82741 19.797
-1.52284 19.797
-1.21827 19.797
-1.06599 19.797
-0.761421 19.9492
-0.609137 19.9492
-0.304569 19.9492
-0.152284 19.9492
0.152284 19.9492
0.304569 19.9492
0.456853 19.9492
0.761421 19.9492
0.913706 20.1015
1.21827 20.1015
1.37056 20.1015
1.67513 20.1015
1.82741 20.1015
2.13198 20.1015
2.28426 20.1015
2.58883 20.1015
2.74112 20.1015
3.04569 20.1015
3.19797 19.9492
3.50254 19.9492
3.65482 19.9492
3.80711 19.9492
4.11168 19.9492
4.26396 19.9492
4.56853 19.797
4.72081 19.797
5.02538 19.797
5.17766 19.6447
5.32995 19.6447
5.63452 19.6447
5.7868 19.4924
6.09137 19.4924
6.24365 19.3401
6.39594 19.3401
6.70051 19.1878
6.85279 19.0355
7.00508 19.0355
7.15736 18.8832
7.46193 18.731
7.61421 18.5787
7.7665 18.4264
7.91878 18.2741
8.07107 18.2741
8.22335 18.1218
8.37563 17.9695
8.52792 17.8173
8.6802 17.665
8.83249 17.5127
8.98477 17.3604
9.13706 17.2081
9.28934 17.0558
9.44162 16.9036
9.59391 16.7513
9.74619 16.599
9.89848 16.4467
10.0508 16.2944
10.0508 16.1421
10.203 15.8376
10.3553 15.6853
10.5076 15.533
10.6599 15.3807
10.8122 15.2284
10.8122 15.0761
10.9645 14.9239
11.1168 14.7716
11.269 14.6193
11.4213 14.467
11.4213 14.3147
11.5736 14.1624
11.7259 14.0102
11.8782 13.8579
12.0305 13.7056
12.0305 13.5533
12.1827 13.401
12.335 13.2487
12.335 13.0964
12.4873 12.9442
12.6396 12.7919
12.6396 12.6396
12.7919 12.335
12.7919 12.1827
12.9442 12.0305
12.9442 11.8782
13.0964 11.7259
13.0964 11.4213
13.2487 11.269
13.2487 11.1168
13.2487 10.9645
13.401 10.8122
13.401 10.5076
13.401 10.3553
13.401 10.203
13.5533 10.0508
13.5533 9.74619
13.5533 9.59391
13.5533 9.44162
13.7056 9.28934
13.7056 8.98477
13.7056 8.83249
13.7056 8.6802
13.8579 8.52792
13.8579 8.22335
13.8579 8.07107
14.0102 7.91878
14.0102 7.7665
14.1624 7.46193
