14.3147 7.15736
14.3147 6.85279
14.467 6.70051
14.467 6.54822
14.6193 6.24365
14.6193 6.09137
14.7716 5.93909
14.7716 5.63452
14.7716 5.48223
14.7716 5.17766
14.9239 5.02538
14.9239 4.72081
14.9239 4.56853
14.9239 4.41624
14.9239 4.11168
14.9239 3.95939
14.9239 3.65482
14.7716 3.50254
14.7716 3.19797
14.7716 3.04569
14.7716 2.8934
14.6193 2.58883
14.6193 2.43655
14.6193 2.13198
14.467 1.9797
14.467 1.82741
14.3147 1.52284
14.3147 1.37056
14.1624 1.06599
14.1624 0.913706
14.0102 0.761421
13.8579 0.456853
13.8579 0.304569
13.7056 0.152284
13.5533 0
13.401 -0.304569
13.2487 -0.456853
13.2487 -0.609137
13.0964 -0.761421
12.9442 -0.913706
12.7919 -1.21827
12.6396 -1.37056
12.4873 -1.52284
12.335 -1.67513
12.1827 -1.82741
12.0305 -1.9797
11.8782 -2.13198
11.7259 -2.28426
11.5736 -2.43655
11.4213 -2.58883
11.269 -2.74112
11.1168 -2.8934
10.9645 -3.04569
10.8122 -3.19797
10.5076 -3.35025
10.3553 -3.50254
10.203 -3.65482
10.0508 -3.80711
9.89848 -3.95939
9.59391 -4.11168
9.44162 -4.26396
9.28934 -4.26396
9.13706 -4.41624
8.83249 -4.56853
8.6802 -4.72081
8.52792 -4.72081
8.22335 -4.8731
8.07107 -5.02538
7.91878 -5.02538
7.61421 -5.17766
7.46193 -5.32995
7.15736 -5.32995
7.00508 -5.48223
6.85279 -5.48223
6.54822 -5.63452
6.39594 -5.63452
6.09137 -5.63452
5.93909 -5.7868
5.63452 -5.7868
5.48223 -5.7868
5.17766 -5.93909
5.02538 -5.93909
4.72081 -5.93909
4.56853 -5.93909
4.26396 -5.93909
4.11168 -5.93909
3.80711 -5.93909
3.65482 -5.93909
3.35025 -5.93909
3.19797 -5.93909
2.8934 -5.93909
2.74112 -5.93909
2.43655 -5.93909
2.28426 -5.93909
1.9797 -5.93909
1.82741 -5.7868
1.52284 -5.7868
1.37056 -5.7868
1.06599 -5.7868
0.913706 -5.63452
0.609137 -5.63452
0.456853 -5.48223
0.304569 -5.48223
0 -5.32995
-0.152284 -5.32995
-0.456853 -5.17766
-0.609137 -5.17766
-0.761421 -5.02538
-1.06599 -5.02538
-1.21827 -4.8731
-1.37056 -4.72081
-1.52284 -4.72081
-1.82741 -4.56853
-1.9797 -4.41624
-2.13198 -4.26396
-2.28426 -4.26396
-2.58883 -4.11168
-2.74112 -3.95939
-2.8934 -3.80711
-3.04569 -3.65482
-3.19797 -3.65482
-3.50254 -3.50254
-3.65482 -3.35025
-3.80711 -3.19797
-3.95939 -3.04569
-4.11168 -2.8934
-4.26396 -2.74112
-4.41624 -2.58883
-4.56853 -2.43655
-4.72081 -2.28426
-4.8731 -2.13198
-5.02538 -1.9797
-5.17766 -1.82741
-5.32995 -1.67513
-5.48223 -1.52284
-5.63452 -1.37056
-5.7868 -1.21827
-5.93909 -1.06599
-6.09137 -0.913706
-6.24365 -0.761421
-6.24365 -0.609137
-6.39594 -0.456853
-6.54822 -0.304569
-6.70051 -0.152284
-6.85279 0
-7.00508 0.152284
-7.00508 0.456853
-7.15736 0.609137
-7.30964 0.761421
-7.46193 0.913706
-7.46193 1.06599
-7.61421 1.21827
-7.7665 1.52284
-7.7665 1.67513
-7.91878 1.82741
-7.91878 1.9797
-8.07107 2.28426
-8.22335 2.43655
-8.22335 2.58883
-8.22335 2.74112
-8.37563 3.04569
-8.37563 3.19797
-8.52792 3.35025
-8.52792 3.65482
-8.52792 3.80711
-8.52792 4.11168
-8.52792 4.26396
-8.52792 4.41624
-8.52792 4.72081
-8.52792 4.8731
-8.52792 5.02538
-8.52792 5.32995
-8.52792 5.48223
-8.52792 5.7868
-8.52792 5.93909
-8.37563 6.09137
-8.37563 6.39594
-8.37563 6.54822
-8.22335 6.70051
-8.22335 6.85279
-8.22335 7.15736
-8.07107 7.30964
-8.07107 7.46193
-8.07107 7.7665
-7.91878 7.91878
-7.91878 8.07107
-7.91878 8.22335
-7.7665 8.37563
-7.7665 8.6802
-7.7665 8.83249
-7.7665 8.98477
-7.7665 9.13706
-7.7665 9.44162
-7.7665 9.59391
-7.7665 9.74619
-7.7665 10.0508
-7.7665 10.203
-7.7665 10.3553
-7.7665 10.6599
-7.91878 10.8122
-7.91878 11.1168
-7.91878 11.269
-7.91878 11.5736
-8.07107 11.7259
-8.07107 12.0305
-8.07107 12.1827
-8.07107 12.4873
-8.07107 12.7919
-8.07107 12.9442
-8.07107 13.2487
-8.07107 13.5533
-8.07107 13.7056
-8.07107 14.0102
-8.07107 14.3147
-8.07107 14.467
-8.07107 14.7716
-7.91878 15.0761
-7.91878 15.2284
-7.7665 15.533
-7.7665 15.8376
-7.61421 15.9898
-7.61421 16.2944
-7.46193 16.4467
-7.30964 16.599
-7.15736 16.9036
-7.00508 17.0558
-6.85279 17.3604
-6.70051 17.5127
-6.54822 17.665
-6.39594 17.8173
-6.24365 18.1218
-6.09137 18.2741
-5.93909 18.4264
-5.63452 18.5787
-5.48223 18.731
-5.32995 18.8832
-5.02538 18.8832
-4.8731 19.0355
-4.56853 19.1878
-4.41624 19.3401
-4.11168 19.3401
-3.95939 19.4924
-3.65482 19.6447
-3.50254 19.6447
-3.19797 19.797
-3.04569 19.797
-2.74112 19.797
-2.43655 19.9492
-2.28426 19.9492
-1.9797 19.9492
-1.82741 20.1015
-1.52284 20.1015
-1.21827 20.1015
-1.06599 20.1015
-0.761421 20.1015
-0.609137 20.1015
-0.304569 20.1015
-0.152284 20.1015
0.152284 20.1015
0.456853 20.1015
0.609137 20.1015
0.913706 20.1015
1.06599 20.1015
1.37056 20.1015
1.52284 20.1015
1.82741 20.1015
1.9797 20.1015
2.28426 20.1015
2.43655 20.1015
2.74112 20.1015
2.8934 20.1015
3.19797 20.1015
3.35025 20.1015
3.65482 20.1015
3.80711 19.9492
4.11168 19.9492
4.26396 19.9492
4.56853 19.9492
4.72081 19.9492
4.8731 19.797
5.17766 19.797
5.32995 19.797
5.63452 19.6447
5.7868 19.6447
6.09137 19.4924
6.24365 19.4924
6.39594 19.3401
6.70051 19.3401
6.85279 19.1878
7.00508 19.0355
7.30964 19.0355
7.46193 18.8832
7.61421 18.731
7.7665 18.5787
7.91878 18.4264
8.22335 18.2741
8.37563 18.2741
8.52792 18.1218
8.6802 17.9695
8.83249 17.8173
8.98477 17.665
9.13706 17.5127
9.28934 17.2081
9.44162 17.0558
9.59391 16.9036
9.74619 16.7513
9.89848 16.599
9.89848 16.4467
10.0508 16.2944
10.203 16.1421
10.3553 15.9898
10.5076 15.8376
10.6599 15.6853
10.8122 15.533
10.8122 15.3807
10.9645 15.2284
11.1168 15.0761
11.269 14.9239
11.4213 14.7716
11.4213 14.6193
11.5736 14.467
11.7259 14.3147
11.8782 14.1624
12.0305 14.0102
12.0305 13.7056
12.1827 13.5533
12.335 13.401
12.4873 13.2487
12.4873 13.0964
12.6396 12.9442
12.7919 12.7919
12.7919 12.6396
12.9442 12.4873
12.9442 12.1827
13.0964 12.0305
13.0964 11.8782
13.2487 11.7259
13.2487 11.5736
13.401 11.269
13.401 11.1168
13.401 10.9645
13.5533 10.8122
13.5533 10.5076
13.5533 10.3553
13.5533 10.203
13.7056 10.0508
13.7056 9.74619
13.7056 9.59391
13.7056 9.44162
13.8579 9.28934
13.8579 8.98477
13.8579 8.83249
13.8579 8.6802
14.0102 8.52792
14.0102 8.22335
14.0102 8.07107
14.0102 7.91878
14.1624 7.7665
14.1624 7.46193
14.3147 7.30964
