14.3147 7.15736
14.3147 6.85279
14.467 6.70051
14.6193 6.54822
14.6193 6.24365
14.7716 6.09137
14.7716 5.7868
14.7716 5.63452
14.9239 5.32995
14.9239 5.17766
14.9239 5.02538
14.9239 4.72081
14.9239 4.56853
14.9239 4.26396
14.9239 4.11168
14.9239 3.80711
14.9239 3.65482
14.9239 3.35025
14.7716 3.19797
14.7716 3.04569
14.7716 2.74112
14.7716 2.58883
14.6193 2.28426
14.6193 2.13198
14.467 1.82741
14.467 1.67513
14.3147 1.52284
14.3147 1.21827
14.1624 1.06599
14.0102 0.913706
14.0102 0.609137
13.8579 0.456853
13.7056 0.304569
13.7056 0
13.5533 -0.152284
13.401 -0.304569
13.2487 -0.456853
13.2487 -0.761421
13.0964 -0.913706
12.9442 -1.06599
12.7919 -1.21827
12.6396 -1.37056
12.4873 -1.52284
12.335 -1.82741
12.1827 -1.9797
12.0305 -2.13198
11.8782 -2.28426
11.7259 -2.43655
11.5736 -2.58883
11.4213 -2.74112
11.269 -2.8934
11.1168 -3.04569
10.8122 -3.19797
10.6599 -3.35025
10.5076 -3.50254
10.3553 -3.65482
10.203 -3.80711
9.89848 -3.80711
9.74619 -3.95939
9.59391 -4.11168
9.44162 -4.26396
9.13706 -4.41624
8.98477 -4.41624
8.83249 -4.56853
8.52792 -4.72081
8.37563 -4.8731
8.22335 -4.8731
7.91878 -5.02538
7.7665 -5.02538
7.61421 -5.17766
7.30964 -5.32995
7.15736 -5.32995
6.85279 -5.48223
6.70051 -5.48223
6.54822 -5.63452
6.24365 -5.63452
6.09137 -5.63452
5.7868 -5.7868
5.63452 -5.7868
5.32995 -5.7868
5.17766 -5.93909
4.8731 -5.93909
4.72081 -5.93909
4.41624 -5.93909
4.26396 -5.93909
3.95939 -6.09137
3.80711 -6.09137
3.50254 -6.09137
3.35025 -6.09137
3.04569 -6.09137
2.8934 -6.09137
2.58883 -6.09137
2.43655 -5.93909
2.13198 -5.93909
1.9797 -5.93909
1.67513 -5.93909
1.52284 -5.93909
1.21827 -5.7868
1.06599 -5.7868
0.761421 -5.63452
0.609137 -5.63452
0.456853 -5.63452
0.152284 -5.48223
0 -5.48223
-0.304569 -5.32995
-0.456853 -5.17766
-0.609137 -5.17766
-0.913706 -5.02538
-1.06599 -5.02538
-1.21827 -4.8731
-1.52284 -4.72081
-1.67513 -4.56853
-1.82741 -4.56853
-1.9797 -4.41624
-2.28426 -4.26396
-2.43655 -4.11168
-2.58883 -4.11168
-2.74112 -3.95939
-2.8934 -3.80711
-3.04569 -3.65482
-3.35025 -3.50254
-3.50254 -3.35025
-3.65482 -3.35025
-3.80711 -3.19797
-3.95939 -3.04569
-4.11168 -2.8934
-4.26396 -2.74112
-4.41624 -2.58883
-4.56853 -2.43655
-4.72081 -2.28426
-4.8731 -2.13198
-5.02538 -1.9797
-5.17766 -1.82741
-5.32995 -1.67513
-5.48223 -1.52284
-5.63452 -1.37056
-5.7868 -1.21827
-5.93909 -1.06599
-6.09137 -0.913706
-6.24365 -0.761421
-6.39594 -0.609137
-6.39594 -0.456853
-6.54822 -0.304569
-6.70051 -0.152284
-6.85279 0
-7.00508 0.152284
-7.00508 0.456853
-7.15736 0.609137
-7.30964 0.761421
-7.46193 0.913706
-7.46193 1.06599
-7.61421 1.37056
-7.7665 1.52284
-7.7665 1.67513
-7.91878 1.82741
-7.91878 2.13198
-8.07107 2.28426
-8.07107 2.43655
-8.22335 2.58883
-8.22335 2.8934
-8.22335 3.04569
-8.37563 3.19797
-8.37563 3.50254
-8.37563 3.65482
-8.37563 3.80711
-8.52792 4.11168
-8.52792 4.26396
-8.52792 4.41624
-8.52792 4.72081
-8.52792 4.8731
-8.52792 5.02538
-8.52792 5.32995
-8.52792 5.48223
-8.37563 5.63452
-8.37563 5.93909
-8.37563 6.09137
-8.37563 6.24365
-8.37563 6.54822
-8.22335 6.70051
-8.22335 6.85279
-8.22335 7.15736
-8.07107 7.30964
-8.07107 7.46193
-8.07107 7.61421
-8.07107 7.91878
-7.91878 8.07107
-7.91878 8.22335
-7.91878 8.37563
-7.91878 8.52792
-7.91878 8.83249
-7.91878 8.98477
-7.91878 9.13706
-7.91878 9.44162
-7.91878 9.59391
-7.91878 9.74619
-7.91878 9.89848
-7.91878 10.203
-7.91878 10.3553
-7.91878 10.6599
-7.91878 10.8122
-8.07107 10.9645
-8.07107 11.269
-8.07107 11.4213
-8.07107 11.7259
-8.07107 12.0305
-8.07107 12.1827
-8.07107 12.4873
-8.22335 12.6396
-8.22335 12.9442
-8.22335 13.2487
-8.22335 13.401
-8.22335 13.7056
-8.07107 14.0102
-8.07107 14.1624
-8.07107 14.467
-8.07107 14.7716
-7.91878 14.9239
-7.91878 15.2284
-7.7665 15.3807
-7.7665 15.6853
-7.61421 15.8376
-7.61421 16.1421
-7.46193 16.2944
-7.30964 16.599
-7.15736 16.7513
-7.00508 17.0558
-6.85279 17.2081
-6.70051 17.3604
-6.54822 17.665
-6.39594 17.8173
-6.24365 17.9695
-6.09137 18.1218
-5.93909 18.2741
-5.7868 18.4264
-5.48223 18.5787
-5.32995 18.731
-5.17766 18.8832
-4.8731 19.0355
-4.72081 19.1878
-4.41624 19.1878
-4.26396 19.3401
-3.95939 19.4924
-3.80711 19.4924
-3.50254 19.6447
-3.35025 19.6447
-3.04569 19.797
-2.8934 19.797
-2.58883 19.797
-2.28426 19.9492
-2.13198 19.9492
-1.82741 19.9492
-1.67513 19.9492
-1.37056 20.1015
-1.06599 20.1015
-0.913706 20.1015
-0.609137 20.1015
-0.456853 20.1015
-0.152284 20.1015
0.152284 20.1015
0.304569 20.1015
0.609137 20.1015
0.761421 20.1015
1.06599 20.1015
1.21827 20.1015
1.52284 20.1015
1.67513 20.1015
1.9797 20.1015
2.13198 20.1015
2.43655 20.1015
2.58883 20.1015
2.8934 20.1015
3.04569 20.1015
3.35025 20.1015
3.50254 20.1015
3.80711 19.9492
3.95939 19.9492
4.26396 19.9492
4.41624 19.9492
4.72081 19.9492
4.8731 19.9492
5.02538 19.797
5.32995 19.797
5.48223 19.797
5.7868 19.6447
5.93909 19.6447
6.24365 19.4924
6.39594 19.4924
6.54822 19.3401
6.85279 19.3401
7.00508 19.1878
7.15736 19.0355
7.46193 19.0355
7.61421 18.8832
7.7665 18.731
7.91878 18.5787
8.07107 18.4264
8.37563 18.2741
8.52792 18.1218
8.6802 17.9695
8.83249 17.8173
8.98477 17.665
9.13706 17.5127
9.28934 17.3604
9.44162 17.2081
9.59391 17.0558
9.74619 16.9036
9.89848 16.7513
10.0508 16.599
10.0508 16.4467
10.203 16.2944
10.3553 16.1421
10.5076 15.9898
10.6599 15.6853
10.8122 15.533
10.9645 15.3807
10.9645 15.2284
11.1168 15.0761
11.269 14.9239
11.4213 14.7716
11.5736 14.6193
11.7259 14.467
11.7259 14.3147
11.8782 14.1624
12.0305 14.0102
12.1827 13.8579
12.335 13.7056
12.335 13.5533
12.4873 13.401
12.6396 13.2487
12.6396 12.9442
12.7919 12.7919
12.9442 12.6396
12.9442 12.4873
13.0964 12.335
13.0964 12.1827
13.2487 11.8782
13.2487 11.7259
13.401 11.5736
13.401 11.4213
13.5533 11.1168
13.5533 10.9645
13.5533 10.8122
13.7056 10.6599
13.7056 10.3553
13.7056 10.203
13.7056 10.0508
13.7056 9.74619
13.8579 9.59391
13.8579 9.44162
13.8579 9.28934
13.8579 8.98477
14.0102 8.83249
14.0102 8.6802
14.0102 8.52792
14.0102 8.22335
14.0102 8.07107
14.1624 7.91878
14.1624 7.61421
14.1624 7.46193
14.3147 7.30964
