14.467 7.30964
14.467 7.15736
14.6193 6.85279
14.6193 6.70051
14.7716 6.39594
14.7716 6.24365
14.7716 6.09137
14.9239 5.7868
14.9239 5.63452
14.9239 5.32995
14.9239 5.17766
14.9239 4.8731
14.9239 4.72081
14.9239 4.56853
14.9239 4.26396
14.9239 4.11168
14.9239 3.80711
14.9239 3.65482
14.9239 3.35025
14.9239 3.19797
14.9239 2.8934
14.7716 2.74112
14.7716 2.43655
14.7716 2.28426
14.6193 1.9797
14.6193 1.82741
14.467 1.67513
14.467 1.37056
14.3147 1.21827
14.3147 0.913706
14.1624 0.761421
14.0102 0.609137
14.0102 0.304569
13.8579 0.152284
13.7056 0
13.5533 -0.152284
13.401 -0.456853
13.401 -0.609137
13.2487 -0.761421
13.0964 -0.913706
12.9442 -1.21827
12.7919 -1.37056
12.6396 -1.52284
12.4873 -1.67513
12.335 -1.82741
12.1827 -1.9797
12.0305 -2.13198
11.8782 -2.28426
11.7259 -2.43655
11.5736 -2.74112
11.4213 -2.8934
11.1168 -3.04569
10.9645 -3.19797
10.8122 -3.35025
10.6599 -3.50254
10.5076 -3.65482
10.3553 -3.65482
10.0508 -3.80711
9.89848 -3.95939
9.74619 -4.11168
9.59391 -4.26396
9.28934 -4.41624
9.13706 -4.56853
8.98477 -4.56853
8.6802 -4.72081
8.52792 -4.8731
8.37563 -5.02538
8.07107 -5.02538
7.91878 -5.17766
7.61421 -5.17766
7.46193 -5.32995
7.30964 -5.48223
7.00508 -5.48223
6.85279 -5.63452
6.54822 -5.63452
6.39594 -5.63452
6.09137 -5.7868
5.93909 -5.7868
5.63452 -5.7868
5.48223 -5.93909
5.17766 -5.93909
5.02538 -5.93909
4.72081 -5.93909
4.56853 -5.93909
4.26396 -5.93909
3.95939 -5.93909
3.80711 -5.93909
3.50254 -5.93909
3.35025 -5.93909
3.04569 -5.93909
2.8934 -5.93909
2.58883 -5.93909
2.43655 -5.93909
2.13198 -5.93909
1.9797 -5.7868
1.67513 -5.7868
1.52284 -5.7868
1.21827 -5.63452
1.06599 -5.63452
0.761421 -5.63452
0.609137 -5.48223
0.456853 -5.48223
0.152284 -5.32995
0 -5.32995
-0.304569 -5.17766
-0.456853 -5.17766
-0.609137 -5.02538
-0.913706 -4.8731
-1.06599 -4.8731
-1.21827 -4.72081
-1.52284 -4.56853
-1.67513 -4.56853
-1.82741 -4.41624
-2.13198 -4.26396
-2.28426 -4.26396
-2.43655 -4.11168
-2.58883 -3.95939
-2.74112 -3.80711
-3.04569 -3.65482
-3.19797 -3.65482
-3.35025 -3.50254
-3.50254 -3.35025
-3.65482 -3.19797
-3.80711 -3.04569
-3.95939 -2.8934
-4.26396 -2.74112
-4.41624 -2.58883
-4.56853 -2.43655
-4.72081 -2.43655
-4.8731 -2.28426
-5.02538 -2.13198
-5.17766 -1.9797
-5.32995 -1.82741
-5.48223 -1.67513
-5.63452 -1.52284
-5.7868 -1.37056
-5.93909 -1.06599
-5.93909 -0.913706
-6.09137 -0.761421
-6.24365 -0.609137
-6.39594 -0.456853
-6.54822 -0.304569
-6.70051 -0.152284
-6.70051 0
-6.85279 0.152284
-7.00508 0.456853
-7.15736 0.609137
-7.15736 0.761421
-7.30964 0.913706
-7.46193 1.06599
-7.46193 1.37056
-7.61421 1.52284
-7.61421 1.67513
-7.7665 1.82741
-7.7665 2.13198
-7.91878 2.28426
-7.91878 2.43655
-8.07107 2.74112
-8.07107 2.8934
-8.07107 3.04569
-8.22335 3.19797
-8.22335 3.50254
-8.22335 3.65482
-8.37563 3.80711
-8.37563 4.11168
-8.37563 4.26396
-8.37563 4.56853
-8.37563 4.72081
-8.37563 4.8731
-8.37563 5.17766
-8.37563 5.32995
-8.37563 5.48223
-8.37563 5.7868
-8.37563 5.93909
-8.37563 6.09137
-8.37563 6.24365
-8.22335 6.54822
-8.22335 6.70051
-8.22335 6.85279
-8.22335 7.15736
-8.22335 7.30964
-8.22335 7.46193
-8.07107 7.61421
-8.07107 7.91878
-8.07107 8.07107
-8.07107 8.22335
-8.07107 8.37563
-7.91878 8.6802
-7.91878 8.83249
-7.91878 8.98477
-7.91878 9.13706
-7.91878 9.44162
-7.91878 9.59391
-7.91878 9.74619
-7.91878 10.0508
-7.91878 10.203
-7.91878 10.3553
-7.91878 10.6599
-7.91878 10.8122
-8.07107 10.9645
-8.07107 11.269
-8.07107 11.4213
-8.07107 11.7259
-8.07107 11.8782
-8.07107 12.1827
-8.07107 12.335
-8.07107 12.6396
-8.07107 12.9442
-8.07107 13.0964
-8.07107 13.401
-8.07107 13.5533
-8.07107 13.8579
-8.07107 14.0102
-7.91878 14.3147
-7.91878 14.6193
-7.91878 14.7716
-7.7665 15.0761
-7.7665 15.2284
-7.61421 15.533
-7.61421 15.6853
-7.46193 15.9898
-7.30964 16.1421
-7.30964 16.4467
-7.15736 16.599
-7.00508 16.9036
-6.85279 17.0558
-6.70051 17.2081
-6.54822 17.5127
-6.39594 17.665
-6.24365 17.8173
-6.09137 17.9695
-5.93909 18.1218
-5.7868 18.2741
-5.63452 18.5787
-5.32995 18.731
-5.17766 18.731
-5.02538 18.8832
-4.72081 19.0355
-4.56853 19.1878
-4.41624 19.3401
-4.11168 19.4924
-3.95939 19.4924
-3.65482 19.6447
-3.50254 19.6447
-3.19797 19.797
-3.04569 19.797
-2.74112 19.9492
-2.43655 19.9492
-2.28426 19.9492
-1.9797 20.1015
-1.82741 20.1015
-1.52284 20.1015
-1.37056 20.1015
-1.06599 20.1015
-0.761421 20.1015
-0.609137 20.1015
-0.304569 20.1015
-0.152284 20.2538
0.152284 20.2538
0.304569 20.2538
0.609137 20.1015
0.761421 20.1015
1.06599 20.1015
1.21827 20.1015
1.52284 20.1015
1.67513 20.1015
1.9797 20.1015
2.13198 20.1015
2.43655 20.1015
2.58883 20.1015
2.8934 20.1015
3.04569 20.1015
3.35025 20.1015
3.50254 20.1015
3.80711 20.1015
3.95939 19.9492
4.26396 19.9492
4.41624 19.9492
4.56853 19.9492
4.8731 19.9492
5.02538 19.797
5.32995 19.797
5.48223 19.797
5.7868 19.6447
5.93909 19.6447
6.09137 19.4924
6.39594 19.4924
6.54822 19.3401
6.70051 19.3401
7.00508 19.1878
7.15736 19.0355
7.30964 19.0355
7.46193 18.8832
7.7665 18.731
7.91878 18.5787
8.07107 18.4264
8.22335 18.4264
8.37563 18.2741
8.52792 18.1218
8.83249 17.9695
8.98477 17.8173
9.13706 17.665
9.28934 17.5127
9.44162 17.3604
9.59391 17.2081
9.74619 17.0558
9.74619 16.9036
9.89848 16.7513
10.0508 16.599
10.203 16.4467
10.3553 16.2944
10.5076 16.1421
10.6599 15.9898
10.8122 15.6853
10.8122 15.533
10.9645 15.3807
11.1168 15.2284
11.269 15.0761
11.4213 14.9239
11.5736 14.7716
11.5736 14.6193
11.7259 14.467
11.8782 14.3147
12.0305 14.1624
12.1827 14.0102
12.1827 13.8579
12.335 13.7056
12.4873 13.5533
12.4873 13.401
12.6396 13.2487
12.7919 12.9442
12.9442 12.7919
12.9442 12.6396
13.0964 12.4873
13.0964 12.335
13.2487 12.1827
13.2487 11.8782
13.401 11.7259
13.401 11.5736
13.5533 11.4213
13.5533 11.269
13.7056 10.9645
13.7056 10.8122
13.8579 10.6599
13.8579 10.5076
13.8579 10.203
14.0102 10.0508
14.0102 9.89848
14.0102 9.74619
14.1624 9.44162
14.1624 9.28934
14.1624 9.13706
14.1624 8.83249
14.3147 8.6802
14.3147 8.52792
14.3147 8.22335
14.3147 8.07107
14.3147 7.91878
14.467 7.7665
14.467 7.46193
