14.7716 7.46193
14.7716 7.30964
14.7716 7.00508
14.9239 6.85279
14.9239 6.70051
14.9239 6.39594
15.0761 6.24365
15.0761 6.09137
15.0761 5.7868
15.0761 5.63452
15.0761 5.32995
15.0761 5.17766
15.0761 4.8731
15.2284 4.72081
15.2284 4.41624
15.2284 4.26396
15.0761 4.11168
15.0761 3.80711
15.0761 3.65482
15.0761 3.35025
15.0761 3.19797
15.0761 2.8934
14.9239 2.74112
14.9239 2.43655
14.9239 2.28426
14.7716 1.9797
14.7716 1.82741
14.6193 1.67513
14.6193 1.37056
14.467 1.21827
14.467 1.06599
14.3147 0.761421
14.1624 0.609137
14.1624 0.456853
14.0102 0.152284
13.8579 0
13.7056 -0.152284
13.5533 -0.456853
13.5533 -0.609137
13.401 -0.761421
13.2487 -0.913706
13.0964 -1.06599
12.9442 -1.21827
12.7919 -1.52284
12.6396 -1.67513
12.4873 -1.82741
12.335 -1.9797
12.1827 -2.13198
12.0305 -2.28426
11.8782 -2.43655
11.7259 -2.58883
11.5736 -2.74112
11.269 -2.8934
11.1168 -3.04569
10.9645 -3.19797
10.8122 -3.35025
10.6599 -3.50254
10.5076 -3.65482
10.203 -3.80711
10.0508 -3.95939
9.89848 -4.11168
9.74619 -4.26396
9.44162 -4.41624
9.28934 -4.56853
9.13706 -4.56853
8.83249 -4.72081
8.6802 -4.8731
8.52792 -5.02538
8.22335 -5.02538
8.07107 -5.17766
7.7665 -5.32995
7.61421 -5.32995
7.46193 -5.48223
7.15736 -5.63452
7.00508 -5.63452
6.70051 -5.63452
6.54822 -5.7868
6.24365 -5.7868
6.09137 -5.93909
5.7868 -5.93909
5.48223 -5.93909
5.32995 -6.09137
5.02538 -6.09137
4.8731 -6.09137
4.56853 -6.09137
4.41624 -6.09137
4.11168 -6.09137
3.95939 -6.09137
3.65482 -6.09137
3.35025 -6.09137
3.19797 -6.09137
2.8934 -6.09137
2.74112 -6.09137
2.43655 -6.09137
2.28426 -5.93909
1.9797 -5.93909
1.82741 -5.93909
1.52284 -5.7868
1.37056 -5.7868
1.06599 -5.7868
0.913706 -5.63452
0.609137 -5.63452
0.456853 -5.48223
0.152284 -5.32995
0 -5.32995
-0.152284 -5.17766
-0.456853 -5.02538
-0.609137 -5.02538
-0.761421 -4.8731
-1.06599 -4.72081
-1.21827 -4.72081
-1.37056 -4.56853
-1.67513 -4.41624
-1.82741 -4.26396
-1.9797 -4.11168
-2.13198 -3.95939
-2.43655 -3.95939
-2.58883 -3.80711
-2.74112 -3.65482
-2.8934 -3.50254
-3.04569 -3.35025
-3.19797 -3.19797
-3.50254 -3.04569
-3.65482 -3.04569
-3.80711 -2.8934
-3.95939 -2.74112
-4.11168 -2.58883
-4.26396 -2.43655
-4.41624 -2.28426
-4.56853 -2.13198
-4.72081 -1.9797
-4.8731 -1.82741
-5.02538 -1.67513
-5.17766 -1.52284
-5.32995 -1.37056
-5.48223 -1.21827
-5.63452 -1.06599
-5.7868 -0.913706
-5.93909 -0.761421
-6.09137 -0.609137
-6.24365 -0.456853
-6.39594 -0.304569
-6.54822 -0.152284
-6.70051 0.152284
-6.70051 0.304569
-6.85279 0.456853
-7.00508 0.609137
-7.15736 0.761421
-7.15736 0.913706
-7.30964 1.21827
-7.46193 1.37056
-7.46193 1.52284
-7.61421 1.67513
-7.7665 1.9797
-7.7665 2.13198
-7.91878 2.28426
-7.91878 2.58883
-7.91878 2.74112
-8.07107 2.8934
-8.07107 3.19797
-8.22335 3.35025
-8.22335 3.50254
-8.22335 3.80711
-8.22335 3.95939
-8.37563 4.11168
-8.37563 4.41624
-8.37563 4.56853
-8.37563 4.8731
-8.37563 5.02538
-8.37563 5.17766
-8.37563 5.48223
-8.22335 5.63452
-8.22335 5.93909
-8.22335 6.09137
-8.22335 6.24365
-8.22335 6.54822
-8.07107 6.70051
-8.07107 6.85279
-8.07107 7.15736
-8.07107 7.30964
-7.91878 7.46193
-7.91878 7.61421
-7.91878 7.91878
-7.7665 8.07107
-7.7665 8.22335
-7.7665 8.37563
-7.7665 8.6802
-7.61421 8.83249
-7.61421 8.98477
-7.61421 9.13706
-7.61421 9.44162
-7.61421 9.59391
-7.61421 9.74619
-7.61421 9.89848
-7.61421 10.203
-7.61421 10.3553
-7.61421 10.5076
-7.61421 10.8122
-7.61421 10.9645
-7.61421 11.1168
-7.61421 11.4213
-7.61421 11.5736
-7.61421 11.8782
-7.61421 12.0305
-7.7665 12.335
-7.7665 12.4873
-7.7665 12.7919
-7.7665 13.0964
-7.7665 13.2487
-7.7665 13.5533
-7.7665 13.7056
-7.61421 14.0102
-7.61421 14.3147
-7.61421 14.467
-7.61421 14.7716
-7.61421 14.9239
-7.46193 15.2284
-7.46193 15.533
-7.30964 15.6853
-7.30964 15.9898
-7.15736 16.1421
-7.00508 16.4467
-7.00508 16.599
-6.85279 16.7513
-6.70051 17.0558
-6.54822 17.2081
-6.39594 17.3604
-6.24365 17.665
-6.09137 17.8173
-5.93909 17.9695
-5.7868 18.1218
-5.63452 18.2741
-5.48223 18.4264
-5.17766 18.5787
-5.02538 18.731
-4.8731 18.8832
-4.56853 19.0355
-4.41624 19.1878
-4.26396 19.3401
-3.95939 19.3401
-3.80711 19.4924
-3.50254 19.6447
-3.35025 19.6447
-3.04569 19.797
-2.8934 19.797
-2.58883 19.9492
-2.43655 19.9492
-2.13198 19.9492
-1.82741 19.9492
-1.67513 20.1015
-1.37056 20.1015
-1.21827 20.1015
-0.913706 20.1015
-0.761421 20.1015
-0.456853 20.1015
-0.152284 20.1015
0 20.1015
0.304569 20.1015
0.456853 20.1015
0.761421 20.1015
0.913706 20.1015
1.21827 20.1015
1.37056 20.1015
1.67513 20.1015
1.82741 20.1015
2.13198 20.1015
2.28426 20.1015
2.58883 20.1015
2.74112 20.1015
2.8934 20.1015
3.19797 20.1015
3.35025 20.1015
3.65482 19.9492
3.80711 19.9492
4.11168 19.9492
4.26396 19.9492
4.41624 19.9492
4.72081 19.9492
4.8731 19.9492
5.17766 19.797
5.32995 19.797
5.63452 19.797
5.7868 19.6447
5.93909 19.6447
6.24365 19.6447
6.39594 19.4924
6.54822 19.4924
6.85279 19.3401
7.00508 19.3401
7.15736 19.1878
7.46193 19.0355
7.61421 19.0355
7.7665 18.8832
7.91878 18.731
8.22335 18.5787
8.37563 18.5787
8.52792 18.4264
8.6802 18.2741
8.83249 18.1218
8.98477 17.9695
9.13706 17.8173
9.28934 17.665
9.44162 17.5127
9.59391 17.3604
9.74619 17.2081
9.89848 17.0558
10.0508 16.9036
10.203 16.7513
10.3553 16.599
10.5076 16.4467
10.6599 16.2944
10.6599 16.1421
10.8122 15.9898
10.9645 15.8376
11.1168 15.6853
11.269 15.533
11.4213 15.3807
11.4213 15.2284
11.5736 15.0761
11.7259 14.9239
11.8782 14.7716
12.0305 14.6193
12.0305 14.467
12.1827 14.3147
12.335 14.1624
12.4873 14.0102
12.4873 13.8579
12.6396 13.5533
12.7919 13.401
12.7919 13.2487
12.9442 13.0964
13.0964 12.9442
13.0964 12.7919
13.2487 12.6396
13.2487 12.4873
13.401 12.1827
13.401 12.0305
13.5533 11.8782
13.5533 11.7259
13.7056 11.5736
13.7056 11.269
13.7056 11.1168
13.8579 10.9645
13.8579 10.8122
13.8579 10.5076
14.0102 10.3553
14.0102 10.203
14.0102 10.0508
14.1624 9.74619
14.1624 9.59391
14.1624 9.44162
14.3147 9.28934
14.3147 8.98477
14.3147 8.83249
14.467 8.6802
14.467 8.52792
14.467 8.22335
14.6193 8.07107
14.6193 7.91878
14.7716 7.61421
