14.9239 6.85279
14.9239 6.54822
15.0761 6.39594
15.0761 6.24365
15.0761 5.93909
15.0761 5.7868
15.2284 5.48223
15.2284 5.32995
15.2284 5.17766
15.2284 4.8731
15.2284 4.72081
15.2284 4.41624
15.2284 4.26396
15.2284 4.11168
15.2284 3.80711
15.2284 3.65482
15.2284 3.35025
15.2284 3.19797
15.2284 2.8934
15.0761 2.74112
15.0761 2.58883
15.0761 2.28426
14.9239 2.13198
14.9239 1.9797
14.9239 1.67513
14.7716 1.52284
14.7716 1.21827
14.6193 1.06599
14.467 0.913706
14.467 0.761421
14.3147 0.456853
14.1624 0.304569
14.1624 0.152284
14.0102 0
13.8579 -0.304569
13.7056 -0.456853
13.5533 -0.609137
13.5533 -0.761421
13.401 -0.913706
13.2487 -1.06599
13.0964 -1.37056
12.9442 -1.52284
12.7919 -1.67513
12.6396 -1.82741
12.4873 -1.9797
12.335 -2.13198
12.1827 -2.28426
12.0305 -2.43655
11.8782 -2.58883
11.7259 -2.74112
11.5736 -2.8934
11.4213 -3.04569
11.269 -3.19797
11.1168 -3.35025
10.8122 -3.35025
10.6599 -3.50254
10.5076 -3.65482
10.3553 -3.80711
10.203 -3.95939
10.0508 -4.11168
9.74619 -4.26396
9.59391 -4.26396
9.44162 -4.41624
9.28934 -4.56853
8.98477 -4.72081
8.83249 -4.72081
8.6802 -4.8731
8.52792 -5.02538
8.22335 -5.02538
8.07107 -5.17766
7.91878 -5.32995
7.61421 -5.32995
7.46193 -5.48223
7.15736 -5.48223
7.00508 -5.63452
6.85279 -5.63452
6.54822 -5.7868
6.39594 -5.7868
6.09137 -5.7868
5.93909 -5.93909
5.63452 -5.93909
5.48223 -5.93909
5.32995 -6.09137
5.02538 -6.09137
4.8731 -6.09137
4.56853 -6.09137
4.41624 -6.09137
4.11168 -6.09137
3.95939 -6.09137
3.65482 -6.09137
3.50254 -6.09137
3.19797 -6.09137
3.04569 -6.09137
2.74112 -6.09137
2.58883 -6.09137
2.28426 -6.09137
2.13198 -5.93909
1.82741 -5.93909
1.67513 -5.93909
1.52284 -5.7868
1.21827 -5.7868
1.06599 -5.63452
0.761421 -5.63452
0.609137 -5.48223
0.456853 -5.48223
0.152284 -5.32995
0 -5.32995
-0.152284 -5.17766
-0.456853 -5.02538
-0.609137 -5.02538
-0.761421 -4.8731
-0.913706 -4.72081
-1.21827 -4.72081
-1.37056 -4.56853
-1.52284 -4.41624
-1.67513 -4.26396
-1.82741 -4.11168
-2.13198 -4.11168
-2.28426 -3.95939
-2.43655 -3.80711
-2.58883 -3.65482
-2.74112 -3.65482
-2.8934 -3.50254
-3.04569 -3.35025
-3.19797 -3.19797
-3.50254 -3.04569
-3.65482 -2.8934
-3.80711 -2.74112
-3.95939 -2.74112
-4.11168 -2.58883
-4.26396 -2.43655
-4.41624 -2.28426
-4.56853 -2.13198
-4.72081 -1.9797
-4.8731 -1.82741
-5.02538 -1.67513
-5.17766 -1.52284
-5.32995 -1.37056
-5.48223 -1.21827
-5.63452 -1.06599
-5.7868 -0.913706
-5.93909 -0.761421
-6.09137 -0.609137
-6.09137 -0.456853
-6.24365 -0.304569
-6.39594 -0.152284
-6.54822 0
-6.70051 0.152284
-6.85279 0.304569
-6.85279 0.609137
-7.00508 0.761421
-7.15736 0.913706
-7.30964 1.06599
-7.30964 1.21827
-7.46193 1.52284
-7.46193 1.67513
-7.61421 1.82741
-7.7665 1.9797
-7.7665 2.28426
-7.7665 2.43655
-7.91878 2.58883
-7.91878 2.8934
-8.07107 3.04569
-8.07107 3.19797
-8.07107 3.50254
-8.07107 3.65482
-8.22335 3.80711
-8.22335 4.11168
-8.22335 4.26396
-8.22335 4.56853
-8.22335 4.72081
-8.22335 4.8731
-8.22335 5.17766
-8.22335 5.32995
-8.07107 5.48223
-8.07107 5.7868
-8.07107 5.93909
-8.07107 6.24365
-8.07107 6.39594
-7.91878 6.54822
-7.91878 6.85279
-7.91878 7.00508
-7.91878 7.15736
-7.7665 7.30964
-7.7665 7.61421
-7.7665 7.7665
-7.7665 7.91878
-7.61421 8.07107
-7.61421 8.37563
-7.61421 8.52792
-7.61421 8.6802
-7.61421 8.98477
-7.46193 9.13706
-7.46193 9.28934
-7.46193 9.44162
-7.46193 9.74619
-7.46193 9.89848
-7.46193 10.203
-7.46193 10.3553
-7.46193 10.5076
-7.46193 10.8122
-7.46193 10.9645
-7.46193 11.269
-7.46193 11.4213
-7.46193 11.7259
-7.46193 11.8782
-7.46193 12.1827
-7.46193 12.335
-7.46193 12.6396
-7.46193 12.7919
-7.46193 13.0964
-7.46193 13.401
-7.46193 13.5533
-7.46193 13.8579
-7.30964 14.0102
-7.30964 14.3147
-7.30964 14.6193
-7.15736 14.7716
-7.15736 15.0761
-7.00508 15.2284
-7.00508 15.533
-6.85279 15.8376
-6.85279 15.9898
-6.70051 16.2944
-6.54822 16.4467
-6.39594 16.7513
-6.24365 16.9036
-6.24365 17.0558
-6.09137 17.3604
-5.93909 17.5127
-5.7868 17.665
-5.48223 17.9695
-5.32995 18.1218
-5.17766 18.2741
-5.02538 18.4264
-4.8731 18.5787
-4.56853 18.731
-4.41624 18.8832
-4.26396 19.0355
-3.95939 19.1878
-3.80711 19.3401
-3.50254 19.3401
-3.35025 19.4924
-3.04569 19.6447
-2.8934 19.6447
-2.58883 19.797
-2.28426 19.797
-2.13198 19.797
-1.82741 19.9492
-1.52284 19.9492
-1.37056 19.9492
-1.06599 19.9492
-0.913706 20.1015
-0.609137 20.1015
-0.304569 20.1015
-0.152284 20.1015
0.152284 20.1015
0.456853 20.1015
0.609137 20.1015
0.913706 20.1015
1.06599 20.1015
1.37056 20.1015
1.52284 20.1015
1.82741 20.1015
2.13198 20.1015
2.28426 20.1015
2.58883 19.9492
2.74112 19.9492
3.04569 19.9492
3.19797 19.9492
3.50254 19.9492
3.65482 19.9492
3.95939 19.9492
4.11168 19.9492
4.41624 19.9492
4.56853 19.9492
4.8731 19.797
5.02538 19.797
5.32995 19.797
5.48223 19.797
5.7868 19.6447
5.93909 19.6447
6.24365 19.6447
6.39594 19.4924
6.70051 19.4924
6.85279 19.3401
7.00508 19.3401
7.30964 19.1878
7.46193 19.1878
7.61421 19.0355
7.91878 18.8832
8.07107 18.731
8.22335 18.731
8.52792 18.5787
8.6802 18.4264
8.83249 18.2741
8.98477 18.1218
9.13706 17.9695
9.28934 17.8173
9.44162 17.665
9.59391 17.5127
9.74619 17.3604
9.89848 17.2081
10.0508 17.0558
10.203 16.9036
10.3553 16.599
10.5076 16.4467
10.6599 16.2944
10.8122 16.1421
10.9645 15.9898
11.1168 15.8376
11.1168 15.6853
11.269 15.533
11.4213 15.3807
11.5736 15.2284
11.7259 14.9239
11.7259 14.7716
11.8782 14.6193
12.0305 14.467
12.1827 14.3147
12.335 14.1624
12.335 14.0102
12.4873 13.8579
12.6396 13.7056
12.7919 13.5533
12.7919 13.401
12.9442 13.2487
13.0964 12.9442
13.0964 12.7919
13.2487 12.6396
13.401 12.4873
13.401 12.335
13.5533 12.1827
13.5533 11.8782
13.7056 11.7259
13.7056 11.5736
13.8579 11.4213
13.8579 11.269
14.0102 10.9645
14.0102 10.8122
14.0102 10.6599
14.1624 10.5076
14.1624 10.203
14.1624 10.0508
14.1624 9.89848
14.3147 9.74619
14.3147 9.44162
14.3147 9.28934
14.3147 9.13706
14.467 8.83249
14.467 8.6802
14.467 8.52792
14.467 8.37563
14.6193 8.07107
14.6193 7.91878
14.6193 7.7665
14.7716 7.61421
14.7716 7.30964
14.7716 7.15736
14.9239 7.00508
