15.0761 7.15736
15.0761 7.00508
15.0761 6.85279
15.2284 6.54822
15.2284 6.39594
15.2284 6.09137
15.2284 5.93909
15.3807 5.7868
15.3807 5.48223
15.3807 5.32995
15.3807 5.02538
15.3807 4.8731
15.3807 4.72081
15.3807 4.41624
15.3807 4.26396
15.3807 3.95939
15.2284 3.80711
15.2284 3.50254
15.2284 3.35025
15.2284 3.19797
15.2284 2.8934
15.0761 2.74112
15.0761 2.43655
15.0761 2.28426
14.9239 2.13198
14.9239 1.82741
14.7716 1.67513
14.7716 1.37056
14.6193 1.21827
14.467 1.06599
14.467 0.761421
14.3147 0.609137
14.1624 0.456853
14.1624 0.304569
14.0102 0
13.8579 -0.152284
13.7056 -0.304569
13.7056 -0.456853
13.5533 -0.761421
13.401 -0.913706
13.2487 -1.06599
13.0964 -1.21827
12.9442 -1.37056
12.7919 -1.52284
12.6396 -1.82741
12.4873 -1.9797
12.335 -2.13198
12.1827 -2.28426
12.0305 -2.43655
11.8782 -2.58883
11.7259 -2.74112
11.5736 -2.8934
11.4213 -3.04569
11.269 -3.19797
11.1168 -3.35025
10.9645 -3.50254
10.6599 -3.65482
10.5076 -3.80711
10.3553 -3.95939
10.203 -4.11168
10.0508 -4.26396
9.74619 -4.26396
9.59391 -4.41624
9.44162 -4.56853
9.28934 -4.72081
8.98477 -4.8731
8.83249 -4.8731
8.6802 -5.02538
8.37563 -5.17766
8.22335 -5.17766
7.91878 -5.32995
7.7665 -5.48223
7.61421 -5.48223
7.30964 -5.63452
7.15736 -5.63452
6.85279 -5.7868
6.70051 -5.7868
6.39594 -5.93909
6.24365 -5.93909
5.93909 -5.93909
5.7868 -6.09137
5.48223 -6.09137
5.32995 -6.09137
5.02538 -6.09137
4.8731 -6.09137
4.56853 -6.09137
4.41624 -6.24365
4.11168 -6.24365
3.95939 -6.24365
3.65482 -6.09137
3.35025 -6.09137
3.19797 -6.09137
2.8934 -6.09137
2.74112 -6.09137
2.43655 -6.09137
2.28426 -5.93909
1.9797 -5.93909
1.82741 -5.93909
1.52284 -5.7868
1.37056 -5.7868
1.21827 -5.63452
0.913706 -5.63452
0.761421 -5.48223
0.456853 -5.48223
0.304569 -5.32995
0.152284 -5.17766
-0.152284 -5.17766
-0.304569 -5.02538
-0.456853 -4.8731
-0.761421 -4.8731
-0.913706 -4.72081
-1.06599 -4.56853
-1.21827 -4.41624
-1.52284 -4.26396
-1.67513 -4.26396
-1.82741 -4.11168
-1.9797 -3.95939
-2.13198 -3.80711
-2.43655 -3.65482
-2.58883 -3.50254
-2.74112 -3.50254
-2.8934 -3.35025
-3.04569 -3.19797
-3.19797 -3.04569
-3.35025 -2.8934
-3.65482 -2.74112
-3.80711 -2.74112
-3.95939 -2.58883
-4.11168 -2.43655
-4.26396 -2.28426
-4.41624 -2.13198
-4.56853 -1.9797
-4.72081 -1.82741
-4.8731 -1.67513
-5.02538 -1.52284
-5.17766 -1.37056
-5.32995 -1.21827
-5.48223 -1.06599
-5.63452 -0.913706
-5.7868 -0.761421
-5.93909 -0.609137
-6.09137 -0.456853
-6.24365 -0.304569
-6.24365 -0.152284
-6.39594 0
-6.54822 0.152284
-6.70051 0.456853
-6.85279 0.609137
-6.85279 0.761421
-7.00508 0.913706
-7.15736 1.06599
-7.15736 1.37056
-7.30964 1.52284
-7.46193 1.67513
-7.46193 1.82741
-7.61421 2.13198
-7.61421 2.28426
-7.7665 2.43655
-7.7665 2.74112
-7.7665 2.8934
-7.91878 3.04569
-7.91878 3.35025
-7.91878 3.50254
-8.07107 3.65482
-8.07107 3.95939
-8.07107 4.11168
-8.07107 4.26396
-8.07107 4.56853
-8.07107 4.72081
-8.07107 5.02538
-8.07107 5.17766
-8.07107 5.32995
-8.07107 5.63452
-8.07107 5.7868
-8.07107 5.93909
-8.07107 6.24365
-8.07107 6.39594
-7.91878 6.54822
-7.91878 6.85279
-7.91878 7.00508
-7.91878 7.15736
-7.91878 7.46193
-7.7665 7.61421
-7.7665 7.7665
-7.7665 7.91878
-7.7665 8.22335
-7.61421 8.37563
-7.61421 8.52792
-7.61421 8.6802
-7.61421 8.98477
-7.61421 9.13706
-7.61421 9.28934
-7.46193 9.59391
-7.46193 9.74619
-7.46193 9.89848
-7.46193 10.0508
-7.46193 10.3553
-7.46193 10.5076
-7.46193 10.6599
-7.46193 10.9645
-7.46193 11.1168
-7.46193 11.4213
-7.46193 11.5736
-7.30964 11.7259
-7.30964 12.0305
-7.30964 12.1827
-7.30964 12.4873
-7.30964 12.6396
-7.30964 12.9442
-7.30964 13.0964
-7.15736 13.401
-7.15736 13.5533
-7.15736 13.8579
-7.15736 14.0102
-7.00508 14.3147
-7.00508 14.467
-7.00508 14.7716
-6.85279 14.9239
-6.85279 15.2284
-6.70051 15.3807
-6.70051 15.6853
-6.54822 15.8376
-6.39594 16.1421
-6.39594 16.2944
-6.24365 16.599
-6.09137 16.7513
-5.93909 16.9036
-5.93909 17.2081
-5.7868 17.3604
-5.63452 17.5127
-5.48223 17.8173
-5.32995 17.9695
-5.17766 18.1218
-4.8731 18.2741
-4.72081 18.4264
-4.56853 18.5787
-4.41624 18.731
-4.26396 18.8832
-3.95939 19.0355
-3.80711 19.1878
-3.50254 19.3401
-3.35025 19.3401
-3.04569 19.4924
-2.8934 19.6447
-2.58883 19.6447
-2.43655 19.797
-2.13198 19.797
-1.9797 19.797
-1.67513 19.9492
-1.52284 19.9492
-1.21827 19.9492
-0.913706 19.9492
-0.761421 19.9492
-0.456853 19.9492
-0.304569 20.1015
0 20.1015
0.152284 20.1015
0.456853 20.1015
0.761421 20.1015
0.913706 20.1015
1.21827 20.1015
1.37056 20.1015
1.67513 19.9492
1.82741 19.9492
2.13198 19.9492
2.28426 19.9492
2.58883 19.9492
2.74112 19.9492
3.04569 19.9492
3.19797 19.9492
3.35025 19.9492
3.65482 19.9492
3.80711 19.9492
4.11168 19.9492
4.26396 19.9492
4.56853 19.9492
4.72081 19.9492
5.02538 19.9492
5.17766 19.9492
5.48223 19.797
5.63452 19.797
5.7868 19.797
6.09137 19.797
6.24365 19.6447
6.54822 19.6447
6.70051 19.4924
7.00508 19.4924
7.15736 19.3401
7.30964 19.3401
7.61421 19.1878
7.7665 19.0355
7.91878 19.0355
8.07107 18.8832
8.37563 18.731
8.52792 18.5787
8.6802 18.4264
8.83249 18.4264
8.98477 18.2741
9.13706 18.1218
9.28934 17.9695
9.44162 17.8173
9.59391 17.665
9.74619 17.3604
9.89848 17.2081
10.0508 17.0558
10.203 16.9036
10.3553 16.7513
10.5076 16.599
10.6599 16.4467
10.8122 16.2944
10.9645 16.1421
11.1168 15.9898
11.1168 15.8376
11.269 15.6853
11.4213 15.533
11.5736 15.3807
11.7259 15.2284
11.7259 15.0761
11.8782 14.9239
12.0305 14.7716
12.1827 14.467
12.335 14.3147
12.335 14.1624
12.4873 14.0102
12.6396 13.8579
12.7919 13.7056
12.7919 13.5533
12.9442 13.401
13.0964 13.2487
13.2487 13.0964
13.2487 12.9442
13.401 12.6396
13.401 12.4873
13.5533 12.335
13.5533 12.1827
13.7056 12.0305
13.7056 11.8782
13.8579 11.5736
13.8579 11.4213
14.0102 11.269
14.0102 11.1168
14.0102 10.8122
14.1624 10.6599
14.1624 10.5076
14.1624 10.3553
14.1624 10.0508
14.3147 9.89848
14.3147 9.74619
14.3147 9.44162
14.3147 9.28934
14.467 9.13706
14.467 8.98477
14.467 8.6802
14.6193 8.52792
14.6193 8.37563
14.6193 8.22335
14.7716 7.91878
14.7716 7.7665
14.9239 7.61421
14.9239 7.46193
