14.9239 7.30964
14.9239 7.00508
15.0761 6.85279
15.0761 6.70051
15.0761 6.39594
15.2284 6.24365
15.2284 6.09137
15.2284 5.7868
15.2284 5.63452
15.3807 5.32995
15.3807 5.17766
15.3807 5.02538
15.3807 4.72081
15.3807 4.56853
15.3807 4.26396
15.3807 4.11168
15.3807 3.80711
15.3807 3.65482
15.3807 3.35025
15.2284 3.19797
15.2284 3.04569
15.2284 2.74112
15.2284 2.58883
15.0761 2.28426
15.0761 2.13198
14.9239 1.82741
14.9239 1.67513
14.7716 1.52284
14.7716 1.21827
14.6193 1.06599
14.6193 0.913706
14.467 0.609137
14.3147 0.456853
14.3147 0.304569
14.1624 0.152284
14.0102 -0.152284
13.8579 -0.304569
13.7056 -0.456853
13.5533 -0.609137
13.5533 -0.761421
13.401 -1.06599
13.2487 -1.21827
13.0964 -1.37056
12.9442 -1.52284
12.7919 -1.67513
12.6396 -1.82741
12.4873 -1.9797
12.335 -2.13198
12.1827 -2.28426
12.0305 -2.58883
11.8782 -2.74112
11.7259 -2.8934
11.5736 -3.04569
11.269 -3.19797
11.1168 -3.35025
10.9645 -3.50254
10.8122 -3.65482
10.6599 -3.65482
10.5076 -3.80711
10.203 -3.95939
10.0508 -4.11168
9.89848 -4.26396
9.74619 -4.41624
9.44162 -4.56853
9.28934 -4.72081
9.13706 -4.72081
8.83249 -4.8731
8.6802 -5.02538
8.52792 -5.02538
8.22335 -5.17766
8.07107 -5.32995
7.91878 -5.32995
7.61421 -5.48223
7.46193 -5.48223
7.15736 -5.63452
7.00508 -5.63452
6.70051 -5.7868
6.54822 -5.7868
6.24365 -5.93909
6.09137 -5.93909
5.7868 -5.93909
5.63452 -5.93909
5.32995 -6.09137
5.17766 -6.09137
4.8731 -6.09137
4.72081 -6.09137
4.41624 -6.09137
4.26396 -6.09137
3.95939 -6.09137
3.65482 -6.09137
3.50254 -6.09137
3.19797 -6.09137
3.04569 -6.09137
2.74112 -5.93909
2.58883 -5.93909
2.28426 -5.93909
2.13198 -5.93909
1.82741 -5.7868
1.67513 -5.7868
1.37056 -5.63452
1.21827 -5.63452
1.06599 -5.63452
0.761421 -5.48223
0.609137 -5.48223
0.304569 -5.32995
0.152284 -5.17766
0 -5.17766
-0.304569 -5.02538
-0.456853 -4.8731
-0.609137 -4.8731
-0.913706 -4.72081
-1.06599 -4.56853
-1.21827 -4.56853
-1.52284 -4.41624
-1.67513 -4.26396
-1.82741 -4.11168
-1.9797 -4.11168
-2.28426 -3.95939
-2.43655 -3.80711
-2.58883 -3.65482
-2.74112 -3.50254
-2.8934 -3.35025
-3.04569 -3.35025
-3.35025 -3.19797
-3.50254 -3.04569
-3.65482 -2.8934
-3.80711 -2.74112
-3.95939 -2.58883
-4.11168 -2.43655
-4.26396 -2.28426
-4.41624 -2.13198
-4.56853 -1.9797
-4.72081 -1.82741
-4.8731 -1.67513
-5.02538 -1.52284
-5.17766 -1.37056
-5.32995 -1.21827
-5.48223 -1.06599
-5.63452 -0.913706
-5.7868 -0.761421
-5.93909 -0.609137
-6.09137 -0.456853
-6.09137 -0.304569
-6.24365 -0.152284
-6.39594 0
-6.54822 0.304569
-6.70051 0.456853
-6.70051 0.609137
-6.85279 0.761421
-7.00508 0.913706
-7.00508 1.21827
-7.15736 1.37056
-7.30964 1.52284
-7.30964 1.67513
-7.46193 1.9797
-7.46193 2.13198
-7.61421 2.28426
-7.61421 2.58883
-7.61421 2.74112
-7.7665 2.8934
-7.7665 3.19797
-7.91878 3.35025
-7.91878 3.50254
-7.91878 3.80711
-7.91878 3.95939
-7.91878 4.26396
-8.07107 4.41624
-8.07107 4.56853
-8.07107 4.8731
-8.07107 5.02538
-8.07107 5.17766
-8.07107 5.48223
-8.07107 5.63452
-8.07107 5.7868
-7.91878 6.09137
-7.91878 6.24365
-7.91878 6.39594
-7.91878 6.70051
-7.91878 6.85279
-7.7665 7.00508
-7.7665 7.30964
-7.7665 7.46193
-7.7665 7.61421
-7.7665 7.91878
-7.61421 8.07107
-7.61421 8.22335
-7.61421 8.37563
-7.61421 8.6802
-7.46193 8.83249
-7.46193 8.98477
-7.46193 9.13706
-7.46193 9.44162
-7.46193 9.59391
-7.30964 9.74619
-7.30964 9.89848
-7.30964 10.203
-7.30964 10.3553
-7.30964 10.5076
-7.30964 10.8122
-7.30964 10.9645
-7.30964 11.1168
-7.30964 11.4213
-7.30964 11.5736
-7.30964 11.8782
-7.15736 12.0305
-7.15736 12.1827
-7.15736 12.4873
-7.15736 12.6396
-7.15736 12.9442
-7.15736 13.0964
-7.00508 13.401
-7.00508 13.5533
-7.00508 13.8579
-7.00508 14.0102
-6.85279 14.3147
-6.85279 14.467
-6.85279 14.7716
-6.70051 14.9239
-6.70051 15.2284
-6.54822 15.3807
-6.54822 15.6853
-6.39594 15.8376
-6.39594 16.1421
-6.24365 16.2944
-6.09137 16.599
-5.93909 16.7513
-5.93909 17.0558
-5.7868 17.2081
-5.63452 17.3604
-5.48223 17.665
-5.32995 17.8173
-5.17766 17.9695
-5.02538 18.1218
-4.8731 18.2741
-4.72081 18.4264
-4.41624 18.731
-4.26396 18.8832
-4.11168 18.8832
-3.95939 19.0355
-3.65482 19.1878
-3.50254 19.3401
-3.19797 19.4924
-3.04569 19.4924
-2.74112 19.6447
-2.58883 19.6447
-2.28426 19.797
-2.13198 19.797
-1.82741 19.797
-1.67513 19.9492
-1.37056 19.9492
-1.06599 19.9492
-0.913706 19.9492
-0.609137 19.9492
-0.456853 19.9492
-0.152284 19.9492
0.152284 19.9492
0.304569 19.9492
0.609137 19.9492
0.761421 19.9492
1.06599 19.9492
1.21827 19.9492
1.52284 19.9492
1.67513 19.9492
1.9797 19.9492
2.13198 19.9492
2.43655 19.9492
2.58883 19.9492
2.8934 19.9492
3.04569 19.9492
3.19797 19.9492
3.50254 19.9492
3.65482 19.9492
3.95939 19.9492
4.11168 19.9492
4.41624 19.9492
4.56853 19.9492
4.8731 19.9492
5.02538 19.9492
5.32995 19.9492
5.48223 19.9492
5.7868 19.9492
5.93909 19.797
6.09137 19.797
6.39594 19.797
6.54822 19.797
6.85279 19.6447
7.00508 19.6447
7.30964 19.4924
7.46193 19.4924
7.61421 19.3401
7.91878 19.1878
8.07107 19.1878
8.22335 19.0355
8.37563 18.8832
8.6802 18.731
8.83249 18.5787
8.98477 18.4264
9.13706 18.2741
9.28934 18.1218
9.44162 17.9695
9.59391 17.8173
9.74619 17.665
9.89848 17.5127
10.0508 17.3604
10.203 17.2081
10.3553 17.0558
10.5076 16.9036
10.5076 16.599
10.6599 16.4467
10.8122 16.2944
10.9645 16.1421
11.1168 15.9898
11.269 15.8376
11.269 15.6853
11.4213 15.533
11.5736 15.3807
11.7259 15.2284
11.8782 15.0761
11.8782 14.9239
12.0305 14.7716
12.1827 14.6193
12.335 14.467
12.4873 14.3147
12.4873 14.1624
12.6396 13.8579
12.7919 13.7056
12.9442 13.5533
12.9442 13.401
13.0964 13.2487
13.2487 13.0964
13.2487 12.9442
13.401 12.7919
13.5533 12.6396
13.5533 12.4873
13.7056 12.1827
13.7056 12.0305
13.8579 11.8782
13.8579 11.7259
14.0102 11.5736
14.0102 11.269
14.1624 11.1168
14.1624 10.9645
14.1624 10.8122
14.1624 10.5076
14.3147 10.3553
14.3147 10.203
14.3147 9.89848
14.467 9.74619
14.467 9.59391
14.467 9.44162
14.467 9.13706
14.467 8.98477
14.6193 8.83249
14.6193 8.6802
14.6193 8.37563
14.7716 8.22335
14.7716 8.07107
14.7716 7.91878
14.9239 7.61421
14.9239 7.46193
