15.9898 6.85279
15.9898 6.54822
15.9898 6.39594
16.1421 6.24365
16.1421 5.93909
16.1421 5.7868
16.1421 5.63452
16.2944 5.32995
16.2944 5.17766
16.2944 5.02538
16.2944 4.72081
16.2944 4.56853
16.2944 4.41624
16.2944 4.11168
16.2944 3.95939
16.1421 3.80711
16.1421 3.50254
16.1421 3.35025
16.1421 3.19797
16.1421 2.8934
15.9898 2.74112
15.9898 2.43655
15.9898 2.28426
15.8376 2.13198
15.8376 1.82741
15.8376 1.67513
15.6853 1.52284
15.6853 1.21827
15.533 1.06599
15.533 0.913706
15.3807 0.609137
15.3807 0.456853
15.2284 0.304569
15.2284 0
15.0761 -0.152284
15.0761 -0.304569
14.9239 -0.609137
14.7716 -0.761421
14.7716 -0.913706
14.6193 -1.06599
14.467 -1.37056
14.3147 -1.52284
14.1624 -1.67513
14.1624 -1.82741
14.0102 -2.13198
13.8579 -2.28426
13.7056 -2.43655
13.5533 -2.58883
13.401 -2.74112
13.2487 -2.8934
13.0964 -3.04569
12.9442 -3.19797
12.7919 -3.35025
12.6396 -3.50254
12.335 -3.65482
12.1827 -3.80711
12.0305 -3.95939
11.8782 -4.11168
11.7259 -4.26396
11.4213 -4.41624
11.269 -4.41624
11.1168 -4.56853
10.9645 -4.72081
10.6599 -4.8731
10.5076 -4.8731
10.3553 -5.02538
10.0508 -5.02538
9.89848 -5.17766
9.59391 -5.32995
9.44162 -5.32995
9.28934 -5.48223
8.98477 -5.48223
8.83249 -5.63452
8.52792 -5.63452
8.37563 -5.7868
8.22335 -5.7868
7.91878 -5.7868
7.7665 -5.93909
7.46193 -5.93909
7.30964 -5.93909
7.00508 -6.09137
6.85279 -6.09137
6.54822 -6.09137
6.39594 -6.09137
6.09137 -6.09137
5.93909 -6.09137
5.63452 -6.09137
5.48223 -6.09137
5.17766 -6.24365
5.02538 -6.09137
4.72081 -6.09137
4.56853 -6.09137
4.26396 -6.09137
4.11168 -6.09137
3.80711 -6.09137
3.65482 -6.09137
3.50254 -5.93909
3.19797 -5.93909
3.04569 -5.93909
2.74112 -5.93909
2.58883 -5.7868
2.28426 -5.7868
2.13198 -5.63452
1.9797 -5.63452
1.67513 -5.48223
1.52284 -5.48223
1.21827 -5.32995
1.06599 -5.32995
0.913706 -5.17766
0.609137 -5.17766
0.456853 -5.02538
0.304569 -4.8731
0 -4.8731
-0.152284 -4.72081
-0.304569 -4.56853
-0.456853 -4.56853
-0.761421 -4.41624
-0.913706 -4.26396
-1.06599 -4.11168
-1.21827 -4.11168
-1.37056 -3.95939
-1.52284 -3.80711
-1.82741 -3.65482
-1.9797 -3.50254
-2.13198 -3.35025
-2.28426 -3.35025
-2.43655 -3.19797
-2.58883 -3.04569
-2.74112 -2.8934
-2.8934 -2.74112
-3.04569 -2.58883
-3.19797 -2.43655
-3.35025 -2.28426
-3.50254 -2.13198
-3.65482 -1.9797
-3.80711 -1.82741
-3.95939 -1.67513
-4.11168 -1.52284
-4.26396 -1.37056
-4.41624 -1.21827
-4.56853 -0.913706
-4.56853 -0.761421
-4.72081 -0.609137
-4.8731 -0.456853
-5.02538 -0.304569
-5.02538 -0.152284
-5.17766 0.152284
-5.32995 0.304569
-5.32995 0.456853
-5.48223 0.609137
-5.48223 0.913706
-5.63452 1.06599
-5.63452 1.21827
-5.7868 1.37056
-5.7868 1.67513
-5.93909 1.82741
-5.93909 1.9797
-5.93909 2.28426
-6.09137 2.43655
-6.09137 2.58883
-6.09137 2.8934
-6.24365 3.04569
-6.24365 3.19797
-6.24365 3.35025
-6.39594 3.65482
-6.39594 3.80711
-6.39594 3.95939
-6.39594 4.26396
-6.39594 4.41624
-6.39594 4.56853
-6.54822 4.8731
-6.54822 5.02538
-6.54822 5.17766
-6.54822 5.48223
-6.54822 5.63452
-6.54822 5.7868
-6.54822 5.93909
-6.54822 6.24365
-6.54822 6.39594
-6.54822 6.54822
-6.54822 6.85279
-6.54822 7.00508
-6.54822 7.15736
-6.54822 7.46193
-6.54822 7.61421
-6.54822 7.7665
-6.54822 8.07107
-6.54822 8.22335
-6.39594 8.37563
-6.39594 8.52792
-6.39594 8.83249
-6.39594 8.98477
-6.24365 9.13706
-6.24365 9.28934
-6.24365 9.59391
-6.09137 9.74619
-6.09137 9.89848
-6.09137 10.0508
-5.93909 10.3553
-5.93909 10.5076
-5.7868 10.6599
-5.7868 10.8122
-5.63452 11.1168
-5.63452 11.269
-5.63452 11.4213
-5.48223 11.5736
-5.48223 11.7259
-5.32995 12.0305
-5.32995 12.1827
-5.17766 12.335
-5.17766 12.4873
-5.02538 12.7919
-5.02538 12.9442
-5.02538 13.0964
-4.8731 13.401
-4.8731 13.5533
-4.72081 13.7056
-4.72081 14.0102
-4.72081 14.1624
-4.56853 14.467
-4.56853 14.6193
-4.56853 14.9239
-4.41624 15.0761
-4.41624 15.3807
-4.26396 15.533
-4.26396 15.8376
-4.11168 15.9898
-4.11168 16.2944
-3.95939 16.599
-3.80711 16.7513
-3.80711 17.0558
-3.65482 17.2081
-3.50254 17.5127
-3.35025 17.665
-3.19797 17.8173
-3.04569 18.1218
-2.8934 18.2741
-2.74112 18.4264
-2.58883 18.5787
-2.43655 18.731
-2.28426 18.8832
-1.9797 19.0355
-1.82741 19.1878
-1.52284 19.3401
-1.37056 19.4924
-1.06599 19.4924
-0.913706 19.6447
-0.609137 19.6447
-0.456853 19.6447
-0.152284 19.797
0 19.797
0.304569 19.797
0.609137 19.797
0.761421 19.797
1.06599 19.797
1.37056 19.797
1.52284 19.797
1.82741 19.797
1.9797 19.797
2.28426 19.797
2.43655 19.797
2.74112 19.797
2.8934 19.797
3.19797 19.797
3.35025 19.6447
3.65482 19.6447
3.80711 19.6447
4.11168 19.6447
4.26396 19.6447
4.56853 19.6447
4.72081 19.6447
5.02538 19.6447
5.17766 19.797
5.48223 19.797
5.63452 19.797
5.93909 19.797
6.09137 19.6447
6.39594 19.6447
6.54822 19.6447
6.85279 19.6447
7.00508 19.6447
7.30964 19.6447
7.46193 19.6447
7.7665 19.4924
7.91878 19.4924
8.22335 19.4924
8.37563 19.3401
8.6802 19.3401
8.83249 19.1878
8.98477 19.1878
9.28934 19.0355
9.44162 18.8832
9.59391 18.8832
9.89848 18.731
10.0508 18.5787
10.203 18.4264
10.3553 18.2741
10.5076 18.1218
10.6599 17.9695
10.8122 17.8173
11.1168 17.665
11.269 17.5127
11.4213 17.3604
11.5736 17.2081
11.5736 16.9036
11.7259 16.7513
11.8782 16.599
12.0305 16.4467
12.1827 16.2944
12.335 16.1421
12.4873 15.9898
12.4873 15.6853
12.6396 15.533
12.7919 15.3807
12.9442 15.2284
13.0964 15.0761
13.2487 14.9239
13.2487 14.7716
13.401 14.6193
13.5533 14.467
13.7056 14.3147
13.7056 14.0102
13.8579 13.8579
14.0102 13.7056
14.0102 13.5533
14.1624 13.401
14.3147 13.2487
14.3147 13.0964
14.467 12.7919
14.6193 12.6396
14.6193 12.4873
14.7716 12.335
14.7716 12.1827
14.9239 12.0305
14.9239 11.7259
15.0761 11.5736
15.0761 11.4213
15.0761 11.269
15.2284 10.9645
15.2284 10.8122
15.2284 10.6599
15.2284 10.3553
15.3807 10.203
15.3807 10.0508
15.3807 9.89848
15.3807 9.59391
15.3807 9.44162
15.3807 9.28934
15.3807 9.13706
15.533 8.83249
15.533 8.6802
15.533 8.52792
15.533 8.37563
15.533 8.07107
15.6853 7.91878
15.6853 7.7665
15.6853 7.61421
15.8376 7.46193
15.8376 7.15736
15.9898 7.00508
