15.9898 6.85279
15.9898 6.54822
15.9898 6.39594
16.1421 6.24365
16.1421 5.93909
16.1421 5.7868
16.1421 5.63452
16.2944 5.32995
16.2944 5.17766
16.2944 5.02538
16.2944 4.72081
16.2944 4.56853
16.2944 4.41624
16.2944 4.11168
16.2944 3.95939
16.2944 3.65482
16.2944 3.50254
16.1421 3.35025
16.1421 3.04569
16.1421 2.8934
16.1421 2.58883
16.1421 2.43655
15.9898 2.28426
15.9898 1.9797
15.9898 1.82741
15.8376 1.52284
15.8376 1.37056
15.6853 1.21827
15.6853 0.913706
15.533 0.761421
15.533 0.609137
15.3807 0.304569
15.3807 0.152284
15.2284 0
15.2284 -0.304569
15.0761 -0.456853
14.9239 -0.609137
14.7716 -0.913706
14.7716 -1.06599
14.6193 -1.21827
14.467 -1.37056
14.3147 -1.67513
14.1624 -1.82741
14.1624 -1.9797
14.0102 -2.13198
13.8579 -2.28426
13.7056 -2.43655
13.5533 -2.74112
13.401 -2.8934
13.2487 -3.04569
13.0964 -3.19797
12.9442 -3.35025
12.6396 -3.50254
12.4873 -3.65482
12.335 -3.80711
12.1827 -3.95939
12.0305 -4.11168
11.8782 -4.11168
11.5736 -4.26396
11.4213 -4.41624
11.269 -4.56853
11.1168 -4.72081
10.8122 -4.72081
10.6599 -4.8731
10.5076 -5.02538
10.203 -5.17766
10.0508 -5.17766
9.74619 -5.32995
9.59391 -5.32995
9.44162 -5.48223
9.13706 -5.48223
8.98477 -5.63452
8.6802 -5.63452
8.52792 -5.7868
8.37563 -5.7868
8.07107 -5.93909
7.91878 -5.93909
7.61421 -5.93909
7.46193 -6.09137
7.15736 -6.09137
7.00508 -6.09137
6.70051 -6.09137
6.54822 -6.09137
6.24365 -6.24365
6.09137 -6.24365
5.7868 -6.24365
5.63452 -6.24365
5.32995 -6.24365
5.17766 -6.24365
4.8731 -6.24365
4.72081 -6.24365
4.41624 -6.24365
4.26396 -6.09137
3.95939 -6.09137
3.80711 -6.09137
3.50254 -6.09137
3.35025 -5.93909
3.04569 -5.93909
2.8934 -5.93909
2.74112 -5.7868
2.43655 -5.7868
2.28426 -5.7868
1.9797 -5.63452
1.82741 -5.63452
1.67513 -5.48223
1.37056 -5.48223
1.21827 -5.32995
0.913706 -5.32995
0.761421 -5.17766
0.609137 -5.02538
0.304569 -5.02538
0.152284 -4.8731
0 -4.72081
-0.152284 -4.72081
-0.456853 -4.56853
-0.609137 -4.41624
-0.761421 -4.41624
-0.913706 -4.26396
-1.06599 -4.11168
-1.37056 -3.95939
-1.52284 -3.80711
-1.67513 -3.80711
-1.82741 -3.65482
-1.9797 -3.50254
-2.13198 -3.35025
-2.28426 -3.19797
-2.58883 -3.04569
-2.74112 -2.8934
-2.8934 -2.74112
-3.04569 -2.58883
-3.19797 -2.58883
-3.35025 -2.43655
-3.50254 -2.28426
-3.65482 -2.13198
-3.80711 -1.9797
-3.80711 -1.67513
-3.95939 -1.52284
-4.11168 -1.37056
-4.26396 -1.21827
-4.41624 -1.06599
-4.56853 -0.913706
-4.56853 -0.761421
-4.72081 -0.609137
-4.8731 -0.304569
-5.02538 -0.152284
-5.02538 0
-5.17766 0.152284
-5.17766 0.304569
-5.32995 0.609137
-5.48223 0.761421
-5.48223 0.913706
-5.63452 1.06599
-5.63452 1.37056
-5.63452 1.52284
-5.7868 1.67513
-5.7868 1.9797
-5.93909 2.13198
-5.93909 2.28426
-5.93909 2.43655
-5.93909 2.74112
-6.09137 2.8934
-6.09137 3.04569
-6.09137 3.35025
-6.09137 3.50254
-6.24365 3.65482
-6.24365 3.95939
-6.24365 4.11168
-6.24365 4.26396
-6.24365 4.41624
-6.39594 4.72081
-6.39594 4.8731
-6.39594 5.02538
-6.39594 5.17766
-6.39594 5.48223
-6.39594 5.63452
-6.39594 5.7868
-6.54822 6.09137
-6.54822 6.24365
-6.54822 6.39594
-6.54822 6.54822
-6.54822 6.85279
-6.54822 7.00508
-6.54822 7.15736
-6.54822 7.46193
-6.54822 7.61421
-6.54822 7.7665
-6.39594 7.91878
-6.39594 8.22335
-6.39594 8.37563
-6.39594 8.52792
-6.39594 8.83249
-6.39594 8.98477
-6.24365 9.13706
-6.24365 9.28934
-6.24365 9.59391
-6.09137 9.74619
-6.09137 9.89848
-5.93909 10.0508
-5.93909 10.203
-5.93909 10.5076
-5.7868 10.6599
-5.7868 10.8122
-5.63452 10.9645
-5.63452 11.1168
-5.48223 11.4213
-5.48223 11.5736
-5.32995 11.7259
-5.32995 11.8782
-5.17766 12.0305
-5.17766 12.335
-5.02538 12.4873
-5.02538 12.6396
-5.02538 12.7919
-4.8731 13.0964
-4.8731 13.2487
-4.72081 13.401
-4.72081 13.7056
-4.72081 13.8579
-4.56853 14.0102
-4.56853 14.3147
-4.41624 14.467
-4.41624 14.7716
-4.41624 14.9239
-4.26396 15.2284
-4.26396 15.3807
-4.11168 15.6853
-4.11168 15.8376
-3.95939 16.1421
-3.95939 16.4467
-3.80711 16.599
-3.80711 16.9036
-3.65482 17.0558
-3.50254 17.3604
-3.35025 17.5127
-3.19797 17.665
-3.04569 17.9695
-2.8934 18.1218
-2.74112 18.2741
-2.58883 18.4264
-2.43655 18.5787
-2.28426 18.8832
-1.9797 18.8832
-1.82741 19.0355
-1.67513 19.1878
-1.37056 19.3401
-1.21827 19.3401
-0.913706 19.4924
-0.761421 19.4924
-0.456853 19.6447
-0.304569 19.6447
0 19.6447
0.304569 19.6447
0.456853 19.797
0.761421 19.797
0.913706 19.797
1.21827 19.797
1.37056 19.797
1.67513 19.797
1.9797 19.797
2.13198 19.797
2.43655 19.797
2.58883 19.797
2.8934 19.797
3.04569 19.797
3.35025 19.797
3.50254 19.797
3.80711 19.797
3.95939 19.797
4.26396 19.797
4.41624 19.797
4.72081 19.797
4.8731 19.797
5.17766 19.797
5.32995 19.797
5.63452 19.797
5.7868 19.797
6.09137 19.797
6.24365 19.797
6.54822 19.797
6.70051 19.797
7.00508 19.797
7.15736 19.797
7.46193 19.797
7.61421 19.6447
7.91878 19.6447
8.07107 19.6447
8.37563 19.4924
8.52792 19.4924
8.83249 19.3401
8.98477 19.3401
9.13706 19.1878
9.44162 19.0355
9.59391 18.8832
9.74619 18.8832
9.89848 18.731
10.203 18.5787
10.3553 18.4264
10.5076 18.2741
10.6599 18.1218
10.8122 17.9695
10.9645 17.8173
11.1168 17.665
11.269 17.3604
11.4213 17.2081
11.5736 17.0558
11.7259 16.9036
11.8782 16.7513
12.0305 16.599
12.1827 16.4467
12.335 16.1421
12.4873 15.9898
12.4873 15.8376
12.6396 15.6853
12.7919 15.533
12.9442 15.3807
13.0964 15.2284
13.0964 15.0761
13.2487 14.7716
13.401 14.6193
13.5533 14.467
13.7056 14.3147
13.7056 14.1624
13.8579 14.0102
14.0102 13.8579
14.1624 13.7056
14.1624 13.5533
14.3147 13.2487
14.467 13.0964
14.467 12.9442
14.6193 12.7919
14.6193 12.6396
14.7716 12.4873
14.9239 12.1827
14.9239 12.0305
15.0761 11.8782
15.0761 11.7259
15.0761 11.4213
15.2284 11.269
15.2284 11.1168
15.2284 10.8122
15.2284 10.6599
15.3807 10.5076
15.3807 10.3553
15.3807 10.0508
15.3807 9.89848
15.3807 9.74619
15.3807 9.44162
15.533 9.28934
15.533 9.13706
15.533 8.98477
15.533 8.6802
15.533 8.52792
15.533 8.37563
15.6853 8.22335
15.6853 7.91878
15.6853 7.7665
15.6853 7.61421
15.8376 7.46193
15.8376 7.15736
15.9898 7.00508
