16.1421 6.85279
16.1421 6.70051
16.1421 6.39594
16.2944 6.24365
16.2944 6.09137
16.2944 5.7868
16.2944 5.63452
16.4467 5.48223
16.4467 5.17766
16.4467 5.02538
16.4467 4.8731
16.4467 4.56853
16.4467 4.41624
16.4467 4.11168
16.4467 3.95939
16.2944 3.80711
16.2944 3.50254
16.2944 3.35025
16.2944 3.19797
16.2944 2.8934
16.2944 2.74112
16.1421 2.43655
16.1421 2.28426
16.1421 2.13198
15.9898 1.82741
15.9898 1.67513
15.9898 1.37056
15.8376 1.21827
15.8376 1.06599
15.8376 0.761421
15.6853 0.609137
15.6853 0.456853
15.533 0.152284
15.533 0
15.3807 -0.304569
15.3807 -0.456853
15.2284 -0.609137
15.0761 -0.913706
15.0761 -1.06599
14.9239 -1.21827
14.7716 -1.52284
14.6193 -1.67513
14.6193 -1.82741
14.467 -1.9797
14.3147 -2.13198
14.1624 -2.43655
14.0102 -2.58883
13.8579 -2.74112
13.7056 -2.8934
13.5533 -3.04569
13.401 -3.19797
13.2487 -3.35025
12.9442 -3.50254
12.7919 -3.65482
12.6396 -3.80711
12.4873 -3.95939
12.335 -4.11168
12.0305 -4.26396
11.8782 -4.26396
11.7259 -4.41624
11.4213 -4.56853
11.269 -4.56853
11.1168 -4.72081
10.8122 -4.8731
10.6599 -4.8731
10.5076 -5.02538
10.203 -5.17766
10.0508 -5.17766
9.74619 -5.32995
9.59391 -5.32995
9.44162 -5.48223
9.13706 -5.48223
8.98477 -5.48223
8.6802 -5.63452
8.52792 -5.63452
8.22335 -5.7868
8.07107 -5.7868
7.91878 -5.7868
7.61421 -5.93909
7.46193 -5.93909
7.15736 -5.93909
7.00508 -6.09137
6.70051 -6.09137
6.54822 -6.09137
6.24365 -6.09137
6.09137 -6.09137
5.7868 -6.09137
5.63452 -6.24365
5.32995 -6.24365
5.17766 -6.24365
4.8731 -6.24365
4.72081 -6.24365
4.41624 -6.24365
4.26396 -6.09137
3.95939 -6.09137
3.80711 -6.09137
3.50254 -6.09137
3.35025 -6.09137
3.19797 -5.93909
2.8934 -5.93909
2.74112 -5.93909
2.43655 -5.7868
2.28426 -5.7868
1.9797 -5.63452
1.82741 -5.63452
1.67513 -5.48223
1.37056 -5.48223
1.21827 -5.32995
1.06599 -5.32995
0.761421 -5.17766
0.609137 -5.02538
0.456853 -5.02538
0.152284 -4.8731
0 -4.72081
-0.152284 -4.72081
-0.304569 -4.56853
-0.609137 -4.41624
-0.761421 -4.26396
-0.913706 -4.26396
-1.06599 -4.11168
-1.21827 -3.95939
-1.52284 -3.80711
-1.67513 -3.65482
-1.82741 -3.50254
-1.9797 -3.50254
-2.13198 -3.35025
-2.28426 -3.19797
-2.43655 -3.04569
-2.58883 -2.8934
-2.74112 -2.74112
-3.04569 -2.58883
-3.19797 -2.43655
-3.35025 -2.28426
-3.50254 -2.13198
-3.50254 -1.9797
-3.65482 -1.82741
-3.80711 -1.67513
-3.95939 -1.52284
-4.11168 -1.37056
-4.26396 -1.21827
-4.41624 -0.913706
-4.56853 -0.761421
-4.56853 -0.609137
-4.72081 -0.456853
-4.8731 -0.304569
-4.8731 -0.152284
-5.02538 0.152284
-5.17766 0.304569
-5.17766 0.456853
-5.32995 0.761421
-5.32995 0.913706
-5.48223 1.06599
-5.48223 1.21827
-5.48223 1.52284
-5.63452 1.67513
-5.63452 1.82741
-5.7868 2.13198
-5.7868 2.28426
-5.7868 2.43655
-5.7868 2.74112
-5.93909 2.8934
-5.93909 3.04569
-5.93909 3.35025
-5.93909 3.50254
-6.09137 3.65482
-6.09137 3.80711
-6.09137 4.11168
-6.09137 4.26396
-6.09137 4.41624
-6.24365 4.72081
-6.24365 4.8731
-6.24365 5.02538
-6.24365 5.17766
-6.24365 5.48223
-6.24365 5.63452
-6.39594 5.7868
-6.39594 6.09137
-6.39594 6.24365
-6.39594 6.39594
-6.39594 6.54822
-6.39594 6.85279
-6.39594 7.00508
-6.39594 7.15736
-6.39594 7.46193
-6.39594 7.61421
-6.39594 7.7665
-6.39594 8.07107
-6.39594 8.22335
-6.39594 8.37563
-6.39594 8.52792
-6.24365 8.83249
-6.24365 8.98477
-6.24365 9.13706
-6.09137 9.44162
-6.09137 9.59391
-6.09137 9.74619
-5.93909 9.89848
-5.93909 10.203
-5.7868 10.3553
-5.7868 10.5076
-5.63452 10.6599
-5.63452 10.8122
-5.48223 11.1168
-5.48223 11.269
-5.32995 11.4213
-5.32995 11.5736
-5.17766 11.7259
-5.17766 11.8782
-5.02538 12.1827
-4.8731 12.335
-4.8731 12.4873
-4.72081 12.6396
-4.72081 12.7919
-4.56853 13.0964
-4.56853 13.2487
-4.56853 13.401
-4.41624 13.5533
-4.41624 13.8579
-4.26396 14.0102
-4.26396 14.3147
-4.26396 14.467
-4.11168 14.7716
-4.11168 14.9239
-3.95939 15.2284
-3.95939 15.3807
-3.80711 15.6853
-3.80711 15.8376
-3.65482 16.1421
-3.65482 16.2944
-3.50254 16.599
-3.35025 16.7513
-3.35025 17.0558
-3.19797 17.2081
-3.04569 17.3604
-2.8934 17.665
-2.74112 17.8173
-2.58883 17.9695
-2.43655 18.2741
-2.28426 18.4264
-2.13198 18.5787
-1.9797 18.731
-1.67513 18.8832
-1.52284 18.8832
-1.37056 19.0355
-1.06599 19.1878
-0.913706 19.1878
-0.609137 19.3401
-0.456853 19.3401
-0.152284 19.4924
0 19.4924
0.304569 19.4924
0.609137 19.4924
0.761421 19.4924
1.06599 19.4924
1.21827 19.6447
1.52284 19.6447
1.82741 19.6447
1.9797 19.6447
2.28426 19.4924
2.43655 19.4924
2.74112 19.4924
2.8934 19.4924
3.19797 19.4924
3.35025 19.4924
3.65482 19.4924
3.80711 19.4924
4.11168 19.4924
4.26396 19.4924
4.41624 19.6447
4.72081 19.6447
4.8731 19.6447
5.17766 19.6447
5.32995 19.6447
5.63452 19.6447
5.7868 19.6447
6.09137 19.6447
6.24365 19.6447
6.54822 19.6447
6.70051 19.6447
7.00508 19.6447
7.15736 19.6447
7.46193 19.6447
7.61421 19.6447
7.91878 19.6447
8.07107 19.6447
8.37563 19.4924
8.52792 19.4924
8.83249 19.3401
8.98477 19.3401
9.13706 19.1878
9.44162 19.1878
9.59391 19.0355
9.74619 18.8832
10.0508 18.731
10.203 18.5787
10.3553 18.4264
10.5076 18.2741
10.6599 18.1218
10.8122 17.9695
11.1168 17.8173
11.269 17.665
11.4213 17.5127
11.5736 17.3604
11.5736 17.2081
11.7259 16.9036
11.8782 16.7513
12.0305 16.599
12.1827 16.4467
12.335 16.2944
12.4873 16.1421
12.4873 15.8376
12.6396 15.6853
12.7919 15.533
12.9442 15.3807
13.0964 15.2284
13.0964 15.0761
13.2487 14.9239
13.401 14.7716
13.5533 14.6193
13.7056 14.467
13.7056 14.1624
13.8579 14.0102
14.0102 13.8579
14.1624 13.7056
14.1624 13.5533
14.3147 13.401
14.467 13.2487
14.6193 13.0964
14.6193 12.9442
14.7716 12.7919
14.9239 12.4873
14.9239 12.335
15.0761 12.1827
15.0761 12.0305
15.2284 11.8782
15.2284 11.5736
15.3807 11.4213
15.3807 11.269
15.3807 11.1168
15.533 10.8122
15.533 10.6599
15.533 10.5076
15.533 10.203
15.533 10.0508
15.6853 9.89848
15.6853 9.74619
15.6853 9.44162
15.6853 9.28934
15.6853 9.13706
15.6853 8.98477
15.6853 8.6802
15.6853 8.52792
15.8376 8.37563
15.8376 8.22335
15.8376 7.91878
15.8376 7.7665
15.9898 7.61421
15.9898 7.46193
15.9898 7.15736
16.1421 7.00508
