16.4467 6.54822
16.4467 6.39594
16.4467 6.24365
16.599 6.09137
16.599 5.7868
16.599 5.63452
16.599 5.48223
16.599 5.17766
16.599 5.02538
16.599 4.8731
16.599 4.56853
16.599 4.41624
16.599 4.26396
16.599 3.95939
16.599 3.80711
16.599 3.65482
16.599 3.35025
16.599 3.19797
16.599 3.04569
16.4467 2.74112
16.4467 2.58883
16.4467 2.28426
16.4467 2.13198
16.4467 1.9797
16.2944 1.67513
16.2944 1.52284
16.2944 1.21827
16.1421 1.06599
16.1421 0.913706
16.1421 0.609137
15.9898 0.456853
15.9898 0.304569
15.8376 0
15.8376 -0.152284
15.6853 -0.456853
15.6853 -0.609137
15.533 -0.761421
15.533 -1.06599
15.3807 -1.21827
15.2284 -1.37056
15.2284 -1.67513
15.0761 -1.82741
14.9239 -1.9797
14.7716 -2.13198
14.6193 -2.43655
14.467 -2.58883
14.3147 -2.74112
14.1624 -2.8934
14.0102 -3.04569
13.8579 -3.19797
13.7056 -3.35025
13.5533 -3.50254
13.401 -3.65482
13.2487 -3.80711
13.0964 -3.95939
12.7919 -4.11168
12.6396 -4.26396
12.4873 -4.41624
12.335 -4.56853
12.0305 -4.56853
11.8782 -4.72081
11.7259 -4.8731
11.4213 -4.8731
11.269 -5.02538
11.1168 -5.17766
10.8122 -5.17766
10.6599 -5.32995
10.5076 -5.32995
10.203 -5.48223
10.0508 -5.48223
9.74619 -5.63452
9.59391 -5.63452
9.28934 -5.7868
9.13706 -5.7868
8.98477 -5.93909
8.6802 -5.93909
8.52792 -5.93909
8.22335 -6.09137
8.07107 -6.09137
7.7665 -6.09137
7.61421 -6.09137
7.30964 -6.24365
7.15736 -6.24365
6.85279 -6.24365
6.70051 -6.24365
6.39594 -6.24365
6.24365 -6.24365
5.93909 -6.24365
5.7868 -6.39594
5.63452 -6.39594
5.32995 -6.24365
5.17766 -6.24365
4.8731 -6.24365
4.72081 -6.24365
4.41624 -6.24365
4.26396 -6.24365
3.95939 -6.24365
3.80711 -6.09137
3.50254 -6.09137
3.35025 -6.09137
3.04569 -5.93909
2.8934 -5.93909
2.74112 -5.93909
2.43655 -5.7868
2.28426 -5.7868
1.9797 -5.63452
1.82741 -5.63452
1.67513 -5.48223
1.37056 -5.32995
1.21827 -5.32995
1.06599 -5.17766
0.761421 -5.17766
0.609137 -5.02538
0.456853 -4.8731
0.304569 -4.72081
0 -4.72081
-0.152284 -4.56853
-0.304569 -4.41624
-0.456853 -4.26396
-0.609137 -4.26396
-0.761421 -4.11168
-1.06599 -3.95939
-1.21827 -3.80711
-1.37056 -3.65482
-1.52284 -3.50254
-1.67513 -3.35025
-1.82741 -3.35025
-1.9797 -3.19797
-2.13198 -3.04569
-2.28426 -2.8934
-2.43655 -2.74112
-2.58883 -2.58883
-2.74112 -2.43655
-2.8934 -2.28426
-3.04569 -2.13198
-3.19797 -1.9797
-3.35025 -1.67513
-3.50254 -1.52284
-3.65482 -1.37056
-3.65482 -1.21827
-3.80711 -1.06599
-3.95939 -0.913706
-3.95939 -0.761421
-4.11168 -0.456853
-4.26396 -0.304569
-4.26396 -0.152284
-4.41624 0
-4.41624 0.304569
-4.56853 0.456853
-4.56853 0.609137
-4.72081 0.761421
-4.72081 1.06599
-4.8731 1.21827
-4.8731 1.37056
-4.8731 1.67513
-5.02538 1.82741
-5.02538 1.9797
-5.02538 2.13198
-5.17766 2.43655
-5.17766 2.58883
-5.17766 2.74112
-5.17766 3.04569
-5.32995 3.19797
-5.32995 3.35025
-5.32995 3.50254
-5.32995 3.80711
-5.48223 3.95939
-5.48223 4.11168
-5.48223 4.26396
-5.48223 4.56853
-5.63452 4.72081
-5.63452 4.8731
-5.63452 5.02538
-5.7868 5.32995
-5.7868 5.48223
-5.7868 5.63452
-5.93909 5.7868
-5.93909 6.09137
-5.93909 6.24365
-5.93909 6.39594
-6.09137 6.54822
-6.09137 6.85279
-6.09137 7.00508
-6.09137 7.15736
-6.09137 7.46193
-6.09137 7.61421
-6.09137 7.7665
-6.09137 8.07107
-6.09137 8.22335
-6.09137 8.37563
-6.09137 8.6802
-6.09137 8.83249
-5.93909 8.98477
-5.93909 9.28934
-5.93909 9.44162
-5.7868 9.59391
-5.7868 9.74619
-5.63452 10.0508
-5.63452 10.203
-5.48223 10.3553
-5.32995 10.5076
-5.32995 10.6599
-5.17766 10.8122
-5.02538 10.9645
-4.8731 11.269
-4.8731 11.4213
-4.72081 11.5736
-4.56853 11.7259
-4.56853 11.8782
-4.41624 12.0305
-4.26396 12.1827
-4.26396 12.335
-4.11168 12.4873
-4.11168 12.7919
-3.95939 12.9442
-3.95939 13.0964
-3.80711 13.2487
-3.80711 13.5533
-3.65482 13.7056
-3.65482 13.8579
-3.65482 14.1624
-3.50254 14.3147
-3.50254 14.6193
-3.50254 14.7716
-3.35025 15.0761
-3.35025 15.2284
-3.35025 15.533
-3.19797 15.8376
-3.19797 15.9898
-3.04569 16.2944
-3.04569 16.4467
-2.8934 16.7513
-2.74112 17.0558
-2.58883 17.2081
-2.58883 17.5127
-2.43655 17.665
-2.28426 17.8173
-2.13198 18.1218
-1.9797 18.2741
-1.82741 18.4264
-1.67513 18.5787
-1.37056 18.731
-1.21827 18.8832
-1.06599 19.0355
-0.761421 19.1878
-0.609137 19.1878
-0.304569 19.3401
-0.152284 19.3401
0.152284 19.4924
0.456853 19.4924
0.609137 19.4924
0.913706 19.4924
1.06599 19.6447
1.37056 19.6447
1.67513 19.6447
1.82741 19.6447
2.13198 19.6447
2.28426 19.6447
2.58883 19.6447
2.74112 19.6447
3.04569 19.6447
3.35025 19.4924
3.50254 19.4924
3.80711 19.4924
3.95939 19.4924
4.26396 19.4924
4.41624 19.4924
4.72081 19.6447
4.8731 19.6447
5.17766 19.6447
5.32995 19.6447
5.63452 19.6447
5.7868 19.6447
6.09137 19.6447
6.24365 19.6447
6.54822 19.6447
6.70051 19.6447
7.00508 19.797
7.15736 19.797
7.46193 19.797
7.61421 19.6447
7.91878 19.6447
8.07107 19.6447
8.37563 19.6447
8.52792 19.6447
8.83249 19.4924
8.98477 19.4924
9.28934 19.4924
9.44162 19.3401
9.74619 19.1878
9.89848 19.1878
10.0508 19.0355
10.3553 18.8832
10.5076 18.731
10.6599 18.731
10.8122 18.5787
11.1168 18.4264
11.269 18.2741
11.4213 17.9695
11.5736 17.8173
11.7259 17.665
11.8782 17.5127
12.0305 17.3604
12.1827 17.2081
12.335 17.0558
12.4873 16.7513
12.6396 16.599
12.7919 16.4467
12.7919 16.2944
12.9442 16.1421
13.0964 15.8376
13.2487 15.6853
13.401 15.533
13.401 15.3807
13.5533 15.2284
13.7056 14.9239
13.8579 14.7716
14.0102 14.6193
14.0102 14.467
14.1624 14.3147
14.3147 14.1624
14.467 14.0102
14.467 13.8579
14.6193 13.7056
14.7716 13.401
14.9239 13.2487
14.9239 13.0964
15.0761 12.9442
15.2284 12.7919
15.2284 12.6396
15.3807 12.335
15.3807 12.1827
15.533 12.0305
15.533 11.8782
15.6853 11.5736
15.6853 11.4213
15.8376 11.269
15.8376 11.1168
15.8376 10.8122
15.9898 10.6599
15.9898 10.5076
15.9898 10.3553
15.9898 10.0508
15.9898 9.89848
15.9898 9.74619
16.1421 9.44162
16.1421 9.28934
16.1421 9.13706
16.1421 8.98477
16.1421 8.6802
16.1421 8.52792
16.1421 8.37563
16.1421 8.07107
16.1421 7.91878
16.2944 7.7665
16.2944 7.61421
16.2944 7.30964
16.2944 7.15736
16.4467 7.00508
16.4467 6.85279
