16.4467 6.70051
16.4467 6.54822
16.4467 6.39594
16.599 6.09137
16.599 5.93909
16.599 5.7868
16.599 5.63452
16.599 5.32995
16.599 5.17766
16.599 5.02538
16.599 4.72081
16.599 4.56853
16.599 4.41624
16.599 4.11168
16.599 3.95939
16.599 3.80711
16.599 3.50254
16.599 3.35025
16.599 3.19797
16.599 2.8934
16.599 2.74112
16.4467 2.58883
16.4467 2.28426
16.4467 2.13198
16.4467 1.9797
16.2944 1.67513
16.2944 1.52284
16.2944 1.37056
16.2944 1.06599
16.1421 0.913706
16.1421 0.609137
15.9898 0.456853
15.9898 0.304569
15.9898 0
15.8376 -0.152284
15.6853 -0.304569
15.6853 -0.609137
15.533 -0.761421
15.533 -0.913706
15.3807 -1.21827
15.2284 -1.37056
15.2284 -1.52284
15.0761 -1.67513
14.9239 -1.9797
14.7716 -2.13198
14.6193 -2.28426
14.6193 -2.43655
14.467 -2.74112
14.3147 -2.8934
14.1624 -3.04569
14.0102 -3.19797
13.8579 -3.35025
13.7056 -3.50254
13.401 -3.65482
13.2487 -3.80711
13.0964 -3.95939
12.9442 -4.11168
12.7919 -4.26396
12.4873 -4.26396
12.335 -4.41624
12.1827 -4.56853
12.0305 -4.72081
11.7259 -4.8731
11.5736 -4.8731
11.4213 -5.02538
11.1168 -5.17766
10.9645 -5.17766
10.8122 -5.32995
10.5076 -5.32995
10.3553 -5.48223
10.0508 -5.48223
9.89848 -5.63452
9.74619 -5.63452
9.44162 -5.7868
9.28934 -5.7868
8.98477 -5.93909
8.83249 -5.93909
8.52792 -6.09137
8.37563 -6.09137
8.22335 -6.09137
7.91878 -6.09137
7.7665 -6.24365
7.46193 -6.24365
7.30964 -6.24365
7.00508 -6.24365
6.85279 -6.24365
6.54822 -6.39594
6.39594 -6.39594
6.09137 -6.39594
5.93909 -6.39594
5.63452 -6.39594
5.48223 -6.39594
5.17766 -6.39594
5.02538 -6.39594
4.72081 -6.24365
4.56853 -6.24365
4.26396 -6.24365
4.11168 -6.24365
3.80711 -6.09137
3.65482 -6.09137
3.35025 -6.09137
3.19797 -5.93909
2.8934 -5.93909
2.74112 -5.7868
2.58883 -5.7868
2.28426 -5.63452
2.13198 -5.63452
1.9797 -5.48223
1.67513 -5.48223
1.52284 -5.32995
1.37056 -5.32995
1.06599 -5.17766
0.913706 -5.02538
0.761421 -4.8731
0.456853 -4.8731
0.304569 -4.72081
0.152284 -4.56853
0 -4.56853
-0.304569 -4.41624
-0.456853 -4.26396
-0.609137 -4.11168
-0.761421 -3.95939
-0.913706 -3.95939
-1.21827 -3.80711
-1.37056 -3.65482
-1.52284 -3.50254
-1.67513 -3.35025
-1.82741 -3.19797
-1.9797 -3.04569
-2.13198 -2.8934
-2.28426 -2.74112
-2.43655 -2.58883
-2.58883 -2.43655
-2.74112 -2.28426
-2.8934 -2.13198
-3.04569 -1.9797
-3.19797 -1.82741
-3.35025 -1.67513
-3.50254 -1.52284
-3.65482 -1.37056
-3.80711 -1.21827
-3.80711 -0.913706
-3.95939 -0.761421
-4.11168 -0.609137
-4.11168 -0.456853
-4.26396 -0.152284
-4.41624 0
-4.41624 0.152284
-4.56853 0.304569
-4.56853 0.609137
-4.72081 0.761421
-4.72081 0.913706
-4.72081 1.21827
-4.8731 1.37056
-4.8731 1.52284
-4.8731 1.82741
-5.02538 1.9797
-5.02538 2.13198
-5.02538 2.43655
-5.17766 2.58883
-5.17766 2.74112
-5.17766 3.04569
-5.17766 3.19797
-5.32995 3.35025
-5.32995 3.65482
-5.32995 3.80711
-5.32995 3.95939
-5.48223 4.11168
-5.48223 4.41624
-5.48223 4.56853
-5.48223 4.72081
-5.63452 4.8731
-5.63452 5.17766
-5.63452 5.32995
-5.7868 5.48223
-5.7868 5.7868
-5.7868 5.93909
-5.7868 6.09137
-5.93909 6.24365
-5.93909 6.54822
-5.93909 6.70051
-5.93909 6.85279
-6.09137 7.15736
-6.09137 7.30964
-6.09137 7.61421
-6.09137 7.7665
-6.09137 7.91878
-6.09137 8.22335
-6.09137 8.37563
-6.09137 8.52792
-5.93909 8.83249
-5.93909 8.98477
-5.93909 9.13706
-5.7868 9.44162
-5.7868 9.59391
-5.7868 9.74619
-5.63452 9.89848
-5.48223 10.203
-5.48223 10.3553
-5.32995 10.5076
-5.32995 10.6599
-5.17766 10.8122
-5.02538 11.1168
-4.8731 11.269
-4.8731 11.4213
-4.72081 11.5736
-4.56853 11.7259
-4.56853 11.8782
-4.41624 12.0305
-4.26396 12.1827
-4.26396 12.335
-4.11168 12.6396
-3.95939 12.7919
-3.95939 12.9442
-3.80711 13.0964
-3.80711 13.2487
-3.65482 13.5533
-3.65482 13.7056
-3.50254 13.8579
-3.50254 14.1624
-3.35025 14.3147
-3.35025 14.6193
-3.35025 14.7716
-3.19797 15.0761
-3.19797 15.2284
-3.04569 15.533
-3.04569 15.6853
-3.04569 15.9898
-2.8934 16.1421
-2.74112 16.4467
-2.74112 16.7513
-2.58883 16.9036
-2.43655 17.2081
-2.43655 17.3604
-2.28426 17.665
-2.13198 17.8173
-1.9797 17.9695
-1.82741 18.2741
-1.67513 18.4264
-1.52284 18.5787
-1.21827 18.731
-1.06599 18.8832
-0.913706 19.0355
-0.609137 19.1878
-0.456853 19.1878
-0.152284 19.3401
0 19.3401
0.304569 19.4924
0.456853 19.4924
0.761421 19.4924
0.913706 19.4924
1.21827 19.6447
1.52284 19.6447
1.67513 19.6447
1.9797 19.6447
2.13198 19.6447
2.43655 19.6447
2.74112 19.6447
2.8934 19.4924
3.19797 19.4924
3.35025 19.4924
3.65482 19.4924
3.80711 19.4924
4.11168 19.4924
4.26396 19.4924
4.56853 19.4924
4.72081 19.4924
5.02538 19.4924
5.17766 19.4924
5.48223 19.4924
5.63452 19.6447
5.93909 19.6447
6.09137 19.6447
6.39594 19.6447
6.54822 19.6447
6.85279 19.6447
7.00508 19.6447
7.30964 19.6447
7.46193 19.6447
7.7665 19.6447
7.91878 19.6447
8.22335 19.6447
8.37563 19.6447
8.6802 19.6447
8.83249 19.6447
9.13706 19.4924
9.28934 19.4924
9.59391 19.3401
9.74619 19.3401
9.89848 19.1878
10.203 19.1878
10.3553 19.0355
10.5076 18.8832
10.8122 18.731
10.9645 18.5787
11.1168 18.4264
11.269 18.2741
11.4213 18.1218
11.5736 17.9695
11.7259 17.8173
11.8782 17.5127
12.0305 17.3604
12.1827 17.2081
12.335 17.0558
12.4873 16.9036
12.6396 16.599
12.7919 16.4467
12.7919 16.2944
12.9442 16.1421
13.0964 15.8376
13.2487 15.6853
13.2487 15.533
13.401 15.3807
13.5533 15.2284
13.7056 15.0761
13.8579 14.9239
13.8579 14.6193
14.0102 14.467
14.1624 14.3147
14.3147 14.1624
14.3147 14.0102
14.467 13.8579
14.6193 13.7056
14.6193 13.5533
14.7716 13.401
14.9239 13.2487
15.0761 13.0964
15.0761 12.7919
15.2284 12.6396
15.2284 12.4873
15.3807 12.335
15.533 12.1827
15.533 12.0305
15.6853 11.8782
15.6853 11.5736
15.8376 11.4213
15.8376 11.269
15.8376 11.1168
15.9898 10.8122
15.9898 10.6599
15.9898 10.5076
15.9898 10.3553
15.9898 10.0508
15.9898 9.89848
16.1421 9.74619
16.1421 9.44162
16.1421 9.28934
16.1421 9.13706
16.1421 8.98477
16.1421 8.6802
16.1421 8.52792
16.1421 8.37563
16.1421 8.22335
16.1421 8.07107
16.1421 7.7665
16.2944 7.61421
16.2944 7.46193
16.2944 7.30964
16.2944 7.15736
16.4467 6.85279
