16.599 6.54822
16.599 6.39594
16.7513 6.24365
16.7513 6.09137
16.7513 5.7868
16.7513 5.63452
16.7513 5.48223
16.7513 5.17766
16.7513 5.02538
16.7513 4.8731
16.7513 4.56853
16.7513 4.41624
16.7513 4.26396
16.7513 4.11168
16.7513 3.80711
16.7513 3.65482
16.7513 3.50254
16.599 3.19797
16.599 3.04569
16.599 2.8934
16.599 2.58883
16.4467 2.43655
16.4467 2.28426
16.4467 2.13198
16.2944 1.82741
16.2944 1.67513
16.2944 1.52284
16.1421 1.21827
16.1421 1.06599
16.1421 0.761421
15.9898 0.609137
15.9898 0.456853
15.9898 0.152284
15.8376 0
15.8376 -0.304569
15.6853 -0.456853
15.6853 -0.609137
15.533 -0.913706
15.533 -1.06599
15.3807 -1.21827
15.3807 -1.52284
15.2284 -1.67513
15.0761 -1.9797
15.0761 -2.13198
14.9239 -2.28426
14.7716 -2.43655
14.6193 -2.74112
14.467 -2.8934
14.467 -3.04569
14.3147 -3.19797
14.1624 -3.35025
14.0102 -3.65482
13.7056 -3.80711
13.5533 -3.95939
13.401 -4.11168
13.2487 -4.26396
13.0964 -4.26396
12.9442 -4.41624
12.6396 -4.56853
12.4873 -4.72081
12.335 -4.8731
12.0305 -4.8731
11.8782 -5.02538
11.7259 -5.17766
11.4213 -5.32995
11.269 -5.32995
11.1168 -5.48223
10.8122 -5.48223
10.6599 -5.63452
10.3553 -5.63452
10.203 -5.7868
9.89848 -5.7868
9.74619 -5.93909
9.59391 -5.93909
9.28934 -6.09137
9.13706 -6.09137
8.83249 -6.09137
8.6802 -6.24365
8.37563 -6.24365
8.22335 -6.24365
7.91878 -6.24365
7.7665 -6.39594
7.46193 -6.39594
7.30964 -6.39594
7.00508 -6.39594
6.85279 -6.39594
6.54822 -6.39594
6.39594 -6.39594
6.09137 -6.39594
5.93909 -6.39594
5.63452 -6.39594
5.48223 -6.39594
5.17766 -6.39594
5.02538 -6.39594
4.72081 -6.39594
4.56853 -6.39594
4.26396 -6.24365
4.11168 -6.24365
3.95939 -6.24365
3.65482 -6.09137
3.50254 -6.09137
3.19797 -6.09137
3.04569 -5.93909
2.74112 -5.93909
2.58883 -5.7868
2.43655 -5.7868
2.13198 -5.63452
1.9797 -5.63452
1.82741 -5.48223
1.52284 -5.32995
1.37056 -5.32995
1.21827 -5.17766
0.913706 -5.17766
0.761421 -5.02538
0.609137 -4.8731
0.304569 -4.72081
0.152284 -4.72081
0 -4.56853
-0.152284 -4.41624
-0.304569 -4.26396
-0.609137 -4.26396
-0.761421 -4.11168
-0.913706 -3.95939
-1.06599 -3.80711
-1.21827 -3.65482
-1.37056 -3.50254
-1.52284 -3.35025
-1.67513 -3.19797
-1.9797 -3.19797
-2.13198 -3.04569
-2.28426 -2.8934
-2.43655 -2.74112
-2.58883 -2.58883
-2.74112 -2.43655
-2.8934 -2.28426
-2.8934 -1.9797
-3.04569 -1.82741
-3.19797 -1.67513
-3.35025 -1.52284
-3.50254 -1.37056
-3.65482 -1.21827
-3.65482 -1.06599
-3.80711 -0.761421
-3.95939 -0.609137
-3.95939 -0.456853
-4.11168 -0.304569
-4.11168 0
-4.26396 0.152284
-4.26396 0.304569
-4.41624 0.609137
-4.41624 0.761421
-4.56853 0.913706
-4.56853 1.21827
-4.56853 1.37056
-4.72081 1.52284
-4.72081 1.82741
-4.72081 1.9797
-4.72081 2.13198
-4.8731 2.28426
-4.8731 2.58883
-4.8731 2.74112
-4.8731 2.8934
-4.8731 3.19797
-5.02538 3.35025
-5.02538 3.50254
-5.02538 3.65482
-5.02538 3.95939
-5.17766 4.11168
-5.17766 4.26396
-5.17766 4.41624
-5.17766 4.72081
-5.32995 4.8731
-5.32995 5.02538
-5.32995 5.17766
-5.48223 5.48223
-5.48223 5.63452
-5.48223 5.7868
-5.48223 6.09137
-5.63452 6.24365
-5.63452 6.39594
-5.63452 6.54822
-5.63452 6.85279
-5.7868 7.00508
-5.7868 7.15736
-5.7868 7.46193
-5.7868 7.61421
-5.7868 7.7665
-5.7868 8.07107
-5.7868 8.22335
-5.7868 8.37563
-5.7868 8.6802
-5.7868 8.83249
-5.63452 8.98477
-5.63452 9.28934
-5.63452 9.44162
-5.48223 9.59391
-5.48223 9.74619
-5.32995 10.0508
-5.32995 10.203
-5.17766 10.3553
-5.17766 10.5076
-5.02538 10.6599
-4.8731 10.8122
-4.8731 11.1168
-4.72081 11.269
-4.56853 11.4213
-4.56853 11.5736
-4.41624 11.7259
-4.26396 11.8782
-4.26396 12.0305
-4.11168 12.335
-3.95939 12.4873
-3.95939 12.6396
-3.80711 12.7919
-3.80711 12.9442
-3.65482 13.2487
-3.65482 13.401
-3.50254 13.5533
-3.50254 13.7056
-3.50254 14.0102
-3.35025 14.1624
-3.35025 14.467
-3.19797 14.6193
-3.19797 14.9239
-3.19797 15.0761
-3.04569 15.3807
-3.04569 15.533
-2.8934 15.8376
-2.8934 16.1421
-2.74112 16.2944
-2.74112 16.599
-2.58883 16.7513
-2.43655 17.0558
-2.28426 17.2081
-2.13198 17.5127
-2.13198 17.665
-1.9797 17.8173
-1.82741 18.1218
-1.52284 18.2741
-1.37056 18.4264
-1.21827 18.5787
-1.06599 18.731
-0.761421 18.8832
-0.609137 19.0355
-0.456853 19.0355
-0.152284 19.1878
0 19.1878
0.304569 19.3401
0.609137 19.3401
0.761421 19.3401
1.06599 19.4924
1.21827 19.4924
1.52284 19.4924
1.82741 19.4924
1.9797 19.4924
2.28426 19.4924
2.43655 19.4924
2.74112 19.4924
2.8934 19.4924
3.19797 19.4924
3.35025 19.4924
3.65482 19.4924
3.95939 19.4924
4.11168 19.4924
4.41624 19.4924
4.56853 19.4924
4.72081 19.4924
5.02538 19.4924
5.17766 19.4924
5.48223 19.4924
5.63452 19.4924
5.93909 19.4924
6.09137 19.6447
6.39594 19.6447
6.54822 19.6447
6.85279 19.6447
7.00508 19.6447
7.30964 19.6447
7.46193 19.6447
7.7665 19.6447
7.91878 19.6447
8.22335 19.6447
8.52792 19.6447
8.6802 19.6447
8.98477 19.4924
9.13706 19.4924
9.44162 19.4924
9.59391 19.3401
9.74619 19.3401
10.0508 19.1878
10.203 19.0355
10.5076 19.0355
10.6599 18.8832
10.8122 18.731
10.9645 18.5787
11.269 18.4264
11.4213 18.2741
11.5736 18.1218
11.7259 17.9695
11.8782 17.8173
12.0305 17.665
12.1827 17.3604
12.335 17.2081
12.4873 17.0558
12.6396 16.9036
12.7919 16.7513
12.9442 16.4467
12.9442 16.2944
13.0964 16.1421
13.2487 15.9898
13.401 15.6853
13.5533 15.533
13.5533 15.3807
13.7056 15.2284
13.8579 15.0761
14.0102 14.9239
14.0102 14.7716
14.1624 14.467
14.3147 14.3147
14.467 14.1624
14.467 14.0102
14.6193 13.8579
14.7716 13.7056
14.9239 13.5533
14.9239 13.401
15.0761 13.0964
15.2284 12.9442
15.2284 12.7919
15.3807 12.6396
15.3807 12.4873
15.533 12.335
15.6853 12.1827
15.6853 11.8782
15.8376 11.7259
15.8376 11.5736
15.9898 11.4213
15.9898 11.1168
15.9898 10.9645
16.1421 10.8122
16.1421 10.6599
16.1421 10.3553
16.1421 10.203
16.1421 10.0508
16.2944 9.89848
16.2944 9.59391
16.2944 9.44162
16.2944 9.28934
16.2944 8.98477
16.2944 8.83249
16.2944 8.6802
16.2944 8.52792
16.2944 8.22335
16.4467 8.07107
16.4467 7.91878
16.4467 7.7665
16.4467 7.61421
16.4467 7.30964
16.4467 7.15736
16.4467 7.00508
16.599 6.85279
