16.599 6.54822
16.599 6.39594
16.7513 6.24365
16.7513 5.93909
16.7513 5.7868
16.9036 5.63452
16.9036 5.32995
16.9036 5.17766
16.9036 5.02538
16.9036 4.8731
16.9036 4.56853
16.9036 4.41624
16.9036 4.26396
16.9036 3.95939
16.9036 3.80711
16.7513 3.65482
16.7513 3.35025
16.7513 3.19797
16.7513 3.04569
16.7513 2.8934
16.599 2.58883
16.599 2.43655
16.599 2.28426
16.599 1.9797
16.4467 1.82741
16.4467 1.67513
16.4467 1.37056
16.2944 1.21827
16.2944 1.06599
16.2944 0.761421
16.2944 0.609137
16.1421 0.456853
16.1421 0.152284
15.9898 0
15.9898 -0.304569
15.9898 -0.456853
15.8376 -0.609137
15.8376 -0.913706
15.6853 -1.06599
15.6853 -1.37056
15.533 -1.52284
15.3807 -1.67513
15.3807 -1.9797
15.2284 -2.13198
15.0761 -2.28426
14.9239 -2.58883
14.9239 -2.74112
14.7716 -2.8934
14.6193 -3.04569
14.467 -3.35025
14.3147 -3.50254
14.1624 -3.65482
14.0102 -3.80711
13.8579 -3.95939
13.7056 -4.11168
13.401 -4.26396
13.2487 -4.41624
13.0964 -4.56853
12.9442 -4.72081
12.7919 -4.72081
12.4873 -4.8731
12.335 -5.02538
12.1827 -5.17766
11.8782 -5.17766
11.7259 -5.32995
11.5736 -5.48223
11.269 -5.48223
11.1168 -5.63452
10.8122 -5.63452
10.6599 -5.7868
10.3553 -5.7868
10.203 -5.93909
10.0508 -5.93909
9.74619 -6.09137
9.59391 -6.09137
9.28934 -6.09137
9.13706 -6.24365
8.83249 -6.24365
8.6802 -6.24365
8.37563 -6.39594
8.22335 -6.39594
7.91878 -6.39594
7.7665 -6.39594
7.46193 -6.39594
7.30964 -6.39594
7.00508 -6.54822
6.85279 -6.54822
6.54822 -6.54822
6.39594 -6.54822
6.09137 -6.54822
5.93909 -6.54822
5.63452 -6.39594
5.48223 -6.39594
5.17766 -6.39594
5.02538 -6.39594
4.72081 -6.39594
4.56853 -6.39594
4.26396 -6.24365
4.11168 -6.24365
3.95939 -6.24365
3.65482 -6.24365
3.50254 -6.09137
3.19797 -6.09137
3.04569 -6.09137
2.74112 -5.93909
2.58883 -5.93909
2.43655 -5.7868
2.13198 -5.7868
1.9797 -5.63452
1.67513 -5.63452
1.52284 -5.48223
1.37056 -5.32995
1.06599 -5.32995
0.913706 -5.17766
0.761421 -5.17766
0.456853 -5.02538
0.304569 -4.8731
0.152284 -4.72081
0 -4.72081
-0.304569 -4.56853
-0.456853 -4.41624
-0.609137 -4.26396
-0.761421 -4.11168
-0.913706 -3.95939
-1.06599 -3.95939
-1.37056 -3.80711
-1.52284 -3.65482
-1.67513 -3.50254
-1.82741 -3.35025
-1.9797 -3.19797
-2.13198 -3.04569
-2.28426 -2.8934
-2.43655 -2.74112
-2.58883 -2.43655
-2.58883 -2.28426
-2.74112 -2.13198
-2.8934 -1.9797
-3.04569 -1.82741
-3.19797 -1.67513
-3.19797 -1.37056
-3.35025 -1.21827
-3.50254 -1.06599
-3.50254 -0.913706
-3.65482 -0.609137
-3.80711 -0.456853
-3.80711 -0.304569
-3.95939 -0.152284
-3.95939 0.152284
-4.11168 0.304569
-4.11168 0.456853
-4.11168 0.761421
-4.26396 0.913706
-4.26396 1.06599
-4.26396 1.37056
-4.41624 1.52284
-4.41624 1.67513
-4.41624 1.9797
-4.41624 2.13198
-4.41624 2.28426
-4.56853 2.58883
-4.56853 2.74112
-4.56853 2.8934
-4.56853 3.19797
-4.56853 3.35025
-4.72081 3.50254
-4.72081 3.65482
-4.72081 3.95939
-4.72081 4.11168
-4.8731 4.26396
-4.8731 4.41624
-4.8731 4.56853
-4.8731 4.8731
-5.02538 5.02538
-5.02538 5.17766
-5.02538 5.32995
-5.17766 5.63452
-5.17766 5.7868
-5.17766 5.93909
-5.17766 6.09137
-5.32995 6.39594
-5.32995 6.54822
-5.32995 6.70051
-5.32995 7.00508
-5.48223 7.15736
-5.48223 7.30964
-5.48223 7.61421
-5.48223 7.7665
-5.48223 7.91878
-5.48223 8.22335
-5.48223 8.37563
-5.48223 8.52792
-5.48223 8.6802
-5.48223 8.98477
-5.32995 9.13706
-5.32995 9.28934
-5.32995 9.59391
-5.17766 9.74619
-5.17766 9.89848
-5.17766 10.203
-5.02538 10.3553
-5.02538 10.5076
-4.8731 10.6599
-4.8731 10.8122
-4.72081 11.1168
-4.72081 11.269
-4.56853 11.4213
-4.41624 11.5736
-4.41624 11.7259
-4.26396 12.0305
-4.26396 12.1827
-4.11168 12.335
-4.11168 12.4873
-3.95939 12.7919
-3.95939 12.9442
-3.80711 13.0964
-3.80711 13.2487
-3.65482 13.5533
-3.65482 13.7056
-3.50254 14.0102
-3.50254 14.1624
-3.35025 14.3147
-3.35025 14.6193
-3.35025 14.7716
-3.19797 15.0761
-3.19797 15.2284
-3.04569 15.533
-3.04569 15.8376
-2.8934 15.9898
-2.74112 16.2944
-2.74112 16.4467
-2.58883 16.7513
-2.43655 16.9036
-2.43655 17.2081
-2.28426 17.3604
-2.13198 17.5127
-1.9797 17.8173
-1.82741 17.9695
-1.67513 18.1218
-1.52284 18.2741
-1.21827 18.4264
-1.06599 18.5787
-0.913706 18.731
-0.609137 18.8832
-0.456853 19.0355
-0.152284 19.0355
0 19.1878
0.304569 19.1878
0.456853 19.3401
0.761421 19.3401
0.913706 19.3401
1.21827 19.4924
1.52284 19.4924
1.67513 19.4924
1.9797 19.4924
2.28426 19.4924
2.43655 19.4924
2.74112 19.4924
2.8934 19.4924
3.19797 19.4924
3.35025 19.4924
3.65482 19.4924
3.80711 19.4924
4.11168 19.3401
4.26396 19.3401
4.56853 19.3401
4.72081 19.3401
5.02538 19.4924
5.17766 19.4924
5.48223 19.4924
5.63452 19.4924
5.93909 19.4924
6.09137 19.4924
6.39594 19.4924
6.54822 19.4924
6.85279 19.6447
7.00508 19.6447
7.30964 19.6447
7.46193 19.6447
7.7665 19.6447
7.91878 19.6447
8.22335 19.6447
8.37563 19.4924
8.6802 19.4924
8.83249 19.4924
9.13706 19.4924
9.28934 19.3401
9.59391 19.3401
9.74619 19.1878
10.0508 19.1878
10.203 19.0355
10.3553 18.8832
10.6599 18.731
10.8122 18.5787
10.9645 18.4264
11.1168 18.2741
11.269 18.1218
11.4213 17.9695
11.7259 17.8173
11.8782 17.665
11.8782 17.3604
12.0305 17.2081
12.1827 17.0558
12.335 16.9036
12.4873 16.599
12.6396 16.4467
12.7919 16.2944
12.7919 16.1421
12.9442 15.8376
13.0964 15.6853
13.0964 15.533
13.2487 15.3807
13.401 15.0761
13.5533 14.9239
13.5533 14.7716
13.7056 14.6193
13.8579 14.467
14.0102 14.3147
14.1624 14.1624
14.1624 14.0102
14.3147 13.8579
14.467 13.7056
14.6193 13.5533
14.7716 13.401
14.9239 13.2487
14.9239 13.0964
15.0761 12.9442
15.2284 12.7919
15.3807 12.6396
15.533 12.4873
15.533 12.335
15.6853 12.1827
15.8376 12.0305
15.8376 11.8782
15.9898 11.7259
15.9898 11.4213
16.1421 11.269
16.1421 11.1168
16.2944 10.9645
16.2944 10.8122
16.2944 10.5076
16.4467 10.3553
16.4467 10.203
16.4467 9.89848
16.4467 9.74619
16.4467 9.59391
16.4467 9.44162
16.4467 9.13706
16.4467 8.98477
16.4467 8.83249
16.4467 8.52792
16.4467 8.37563
16.4467 8.22335
16.4467 8.07107
16.4467 7.91878
16.4467 7.61421
16.4467 7.46193
16.599 7.30964
16.599 7.15736
16.599 6.85279
16.599 6.70051
