16.7513 6.39594
16.7513 6.24365
16.9036 6.09137
16.9036 5.7868
16.9036 5.63452
16.9036 5.48223
16.9036 5.32995
16.9036 5.02538
16.9036 4.8731
16.9036 4.72081
16.9036 4.41624
16.9036 4.26396
16.9036 4.11168
16.9036 3.80711
16.9036 3.65482
16.9036 3.50254
16.9036 3.19797
16.7513 3.04569
16.7513 2.8934
16.7513 2.58883
16.7513 2.43655
16.599 2.28426
16.599 1.9797
16.599 1.82741
16.599 1.67513
16.4467 1.37056
16.4467 1.21827
16.4467 0.913706
16.2944 0.761421
16.2944 0.609137
16.2944 0.304569
16.1421 0.152284
16.1421 -0.152284
15.9898 -0.304569
15.9898 -0.456853
15.8376 -0.761421
15.8376 -0.913706
15.6853 -1.06599
15.6853 -1.37056
15.533 -1.52284
15.3807 -1.82741
15.3807 -1.9797
15.2284 -2.13198
15.0761 -2.43655
14.9239 -2.58883
14.9239 -2.74112
14.7716 -2.8934
14.6193 -3.04569
14.467 -3.35025
14.3147 -3.50254
14.1624 -3.65482
14.0102 -3.80711
13.8579 -3.95939
13.7056 -4.11168
13.401 -4.26396
13.2487 -4.41624
13.0964 -4.56853
12.9442 -4.72081
12.6396 -4.8731
12.4873 -4.8731
12.335 -5.02538
12.0305 -5.17766
11.8782 -5.32995
11.7259 -5.32995
11.4213 -5.48223
11.269 -5.48223
11.1168 -5.63452
10.8122 -5.7868
10.6599 -5.7868
10.3553 -5.93909
10.203 -5.93909
9.89848 -6.09137
9.74619 -6.09137
9.59391 -6.09137
9.28934 -6.24365
9.13706 -6.24365
8.83249 -6.24365
8.6802 -6.39594
8.37563 -6.39594
8.22335 -6.39594
7.91878 -6.39594
7.7665 -6.54822
7.46193 -6.54822
7.30964 -6.54822
7.00508 -6.54822
6.85279 -6.54822
6.54822 -6.54822
6.39594 -6.54822
6.09137 -6.54822
5.93909 -6.54822
5.63452 -6.54822
5.48223 -6.54822
5.17766 -6.54822
5.02538 -6.54822
4.72081 -6.39594
4.56853 -6.39594
4.26396 -6.39594
4.11168 -6.39594
3.80711 -6.24365
3.65482 -6.24365
3.50254 -6.24365
3.19797 -6.09137
3.04569 -6.09137
2.74112 -5.93909
2.58883 -5.93909
2.43655 -5.7868
2.13198 -5.63452
1.9797 -5.63452
1.82741 -5.48223
1.52284 -5.48223
1.37056 -5.32995
1.21827 -5.17766
1.06599 -5.17766
0.761421 -5.02538
0.609137 -4.8731
0.456853 -4.72081
0.304569 -4.72081
0 -4.56853
-0.152284 -4.41624
-0.304569 -4.26396
-0.456853 -4.11168
-0.609137 -4.11168
-0.761421 -3.95939
-0.913706 -3.80711
-1.21827 -3.65482
-1.37056 -3.50254
-1.52284 -3.35025
-1.67513 -3.19797
-1.82741 -3.19797
-1.9797 -3.04569
-2.13198 -2.8934
-2.28426 -2.74112
-2.43655 -2.58883
-2.58883 -2.43655
-2.74112 -2.28426
-2.8934 -2.13198
-3.04569 -1.9797
-3.04569 -1.67513
-3.19797 -1.52284
-3.35025 -1.37056
-3.50254 -1.21827
-3.65482 -1.06599
-3.65482 -0.913706
-3.80711 -0.609137
-3.95939 -0.456853
-3.95939 -0.304569
-4.11168 -0.152284
-4.11168 0.152284
-4.26396 0.304569
-4.26396 0.456853
-4.26396 0.609137
-4.41624 0.913706
-4.41624 1.06599
-4.56853 1.21827
-4.56853 1.52284
-4.56853 1.67513
-4.56853 1.82741
-4.72081 2.13198
-4.72081 2.28426
-4.72081 2.43655
-4.72081 2.58883
-4.72081 2.8934
-4.8731 3.04569
-4.8731 3.19797
-4.8731 3.35025
-4.8731 3.65482
-4.8731 3.80711
-5.02538 3.95939
-5.02538 4.11168
-5.02538 4.41624
-5.02538 4.56853
-5.17766 4.72081
-5.17766 4.8731
-5.17766 5.17766
-5.17766 5.32995
-5.32995 5.48223
-5.32995 5.63452
-5.32995 5.93909
-5.32995 6.09137
-5.48223 6.24365
-5.48223 6.39594
-5.48223 6.70051
-5.48223 6.85279
-5.48223 7.00508
-5.48223 7.15736
-5.48223 7.46193
-5.48223 7.61421
-5.48223 7.7665
-5.48223 8.07107
-5.48223 8.22335
-5.48223 8.37563
-5.48223 8.6802
-5.48223 8.83249
-5.48223 8.98477
-5.32995 9.13706
-5.32995 9.44162
-5.17766 9.59391
-5.17766 9.74619
-5.17766 9.89848
-5.02538 10.203
-5.02538 10.3553
-4.8731 10.5076
-4.8731 10.6599
-4.72081 10.8122
-4.56853 10.9645
-4.56853 11.269
-4.41624 11.4213
-4.41624 11.5736
-4.26396 11.7259
-4.11168 11.8782
-4.11168 12.0305
-3.95939 12.335
-3.95939 12.4873
-3.80711 12.6396
-3.80711 12.7919
-3.65482 12.9442
-3.65482 13.2487
-3.50254 13.401
-3.50254 13.5533
-3.35025 13.8579
-3.35025 14.0102
-3.35025 14.1624
-3.19797 14.467
-3.19797 14.6193
-3.04569 14.9239
-3.04569 15.0761
-2.8934 15.3807
-2.8934 15.533
-2.74112 15.8376
-2.58883 15.9898
-2.58883 16.2944
-2.43655 16.4467
-2.28426 16.599
-2.13198 16.9036
-2.13198 17.0558
-1.9797 17.3604
-1.82741 17.5127
-1.67513 17.665
-1.52284 17.8173
-1.21827 17.9695
-1.06599 18.1218
-0.913706 18.2741
-0.761421 18.4264
-0.456853 18.5787
-0.304569 18.731
0 18.731
0.152284 18.8832
0.304569 18.8832
0.609137 19.0355
0.761421 19.0355
1.06599 19.0355
1.37056 19.1878
1.52284 19.1878
1.82741 19.1878
1.9797 19.1878
2.28426 19.3401
2.43655 19.3401
2.74112 19.3401
2.8934 19.3401
3.19797 19.3401
3.35025 19.3401
3.65482 19.3401
3.80711 19.3401
4.11168 19.3401
4.26396 19.3401
4.56853 19.4924
4.72081 19.4924
5.02538 19.4924
5.17766 19.4924
5.48223 19.4924
5.63452 19.6447
5.93909 19.6447
6.09137 19.6447
6.39594 19.6447
6.54822 19.6447
6.85279 19.6447
7.00508 19.6447
7.30964 19.6447
7.46193 19.6447
7.7665 19.6447
8.07107 19.6447
8.22335 19.6447
8.52792 19.6447
8.6802 19.6447
8.98477 19.4924
9.13706 19.4924
9.44162 19.4924
9.59391 19.3401
9.89848 19.1878
10.0508 19.1878
10.203 19.0355
10.5076 18.8832
10.6599 18.731
10.8122 18.5787
10.9645 18.4264
11.1168 18.2741
11.269 18.1218
11.5736 17.8173
11.7259 17.665
11.8782 17.5127
11.8782 17.3604
12.0305 17.0558
12.1827 16.9036
12.335 16.7513
12.4873 16.599
12.6396 16.2944
12.6396 16.1421
12.7919 15.9898
12.9442 15.6853
13.0964 15.533
13.0964 15.3807
13.2487 15.2284
13.401 15.0761
13.5533 14.9239
13.5533 14.6193
13.7056 14.467
13.8579 14.3147
14.0102 14.1624
14.1624 14.0102
14.1624 13.8579
14.3147 13.7056
14.467 13.5533
14.6193 13.401
14.7716 13.2487
14.7716 13.0964
14.9239 12.9442
15.0761 12.7919
15.2284 12.6396
15.3807 12.4873
15.3807 12.335
15.533 12.1827
15.6853 12.0305
15.6853 11.7259
15.8376 11.5736
15.9898 11.4213
15.9898 11.269
16.1421 11.1168
16.1421 10.9645
16.1421 10.6599
16.2944 10.5076
16.2944 10.3553
16.2944 10.0508
16.4467 9.89848
16.4467 9.74619
16.4467 9.59391
16.4467 9.28934
16.4467 9.13706
16.4467 8.98477
16.4467 8.6802
16.599 8.52792
16.599 8.37563
16.599 8.22335
16.599 7.91878
16.599 7.7665
16.599 7.61421
16.599 7.46193
16.599 7.15736
16.599 7.00508
16.7513 6.85279
16.7513 6.70051
