16.7513 6.70051
16.7513 6.39594
16.7513 6.24365
16.9036 6.09137
16.9036 5.7868
16.9036 5.63452
16.9036 5.48223
16.9036 5.32995
16.9036 5.02538
16.9036 4.8731
16.9036 4.72081
16.9036 4.41624
16.9036 4.26396
16.9036 4.11168
16.9036 3.80711
16.9036 3.65482
16.9036 3.50254
16.9036 3.19797
16.9036 3.04569
16.7513 2.8934
16.7513 2.58883
16.7513 2.43655
16.7513 2.28426
16.599 1.9797
16.599 1.82741
16.599 1.52284
16.599 1.37056
16.4467 1.21827
16.4467 0.913706
16.4467 0.761421
16.2944 0.456853
16.2944 0.304569
16.2944 0
16.1421 -0.152284
16.1421 -0.304569
15.9898 -0.609137
15.9898 -0.761421
15.8376 -1.06599
15.8376 -1.21827
15.6853 -1.37056
15.6853 -1.67513
15.533 -1.82741
15.3807 -2.13198
15.3807 -2.28426
15.2284 -2.43655
15.0761 -2.74112
14.9239 -2.8934
14.7716 -3.04569
14.6193 -3.19797
14.467 -3.35025
14.3147 -3.65482
14.1624 -3.80711
14.0102 -3.95939
13.8579 -4.11168
13.7056 -4.26396
13.401 -4.41624
13.2487 -4.56853
13.0964 -4.72081
12.9442 -4.72081
12.6396 -4.8731
12.4873 -5.02538
12.335 -5.17766
12.0305 -5.32995
11.8782 -5.32995
11.7259 -5.48223
11.4213 -5.48223
11.269 -5.63452
10.9645 -5.7868
10.8122 -5.7868
10.5076 -5.93909
10.3553 -5.93909
10.0508 -6.09137
9.89848 -6.09137
9.74619 -6.09137
9.44162 -6.24365
9.28934 -6.24365
8.98477 -6.39594
8.83249 -6.39594
8.52792 -6.39594
8.37563 -6.39594
8.07107 -6.54822
7.91878 -6.54822
7.61421 -6.54822
7.30964 -6.54822
7.15736 -6.54822
6.85279 -6.54822
6.70051 -6.54822
6.39594 -6.54822
6.24365 -6.54822
5.93909 -6.54822
5.7868 -6.54822
5.48223 -6.54822
5.32995 -6.54822
5.02538 -6.54822
4.8731 -6.54822
4.56853 -6.54822
4.41624 -6.39594
4.11168 -6.39594
3.95939 -6.39594
3.65482 -6.24365
3.50254 -6.24365
3.19797 -6.24365
3.04569 -6.09137
2.8934 -6.09137
2.58883 -5.93909
2.43655 -5.93909
2.13198 -5.7868
1.9797 -5.63452
1.82741 -5.63452
1.52284 -5.48223
1.37056 -5.48223
1.21827 -5.32995
0.913706 -5.17766
0.761421 -5.02538
0.609137 -5.02538
0.456853 -4.8731
0.152284 -4.72081
0 -4.56853
-0.152284 -4.56853
-0.304569 -4.41624
-0.456853 -4.26396
-0.761421 -4.11168
-0.913706 -3.95939
-1.06599 -3.80711
-1.21827 -3.65482
-1.37056 -3.50254
-1.52284 -3.50254
-1.67513 -3.35025
-1.82741 -3.19797
-1.9797 -3.04569
-2.13198 -2.8934
-2.28426 -2.74112
-2.43655 -2.58883
-2.58883 -2.28426
-2.74112 -2.13198
-2.8934 -1.9797
-3.04569 -1.82741
-3.19797 -1.67513
-3.19797 -1.52284
-3.35025 -1.37056
-3.50254 -1.06599
-3.65482 -0.913706
-3.65482 -0.761421
-3.80711 -0.609137
-3.95939 -0.456853
-3.95939 -0.152284
-4.11168 0
-4.11168 0.152284
-4.26396 0.456853
-4.26396 0.609137
-4.41624 0.761421
-4.41624 1.06599
-4.41624 1.21827
-4.56853 1.37056
-4.56853 1.52284
-4.56853 1.82741
-4.72081 1.9797
-4.72081 2.13198
-4.72081 2.43655
-4.72081 2.58883
-4.72081 2.74112
-4.8731 3.04569
-4.8731 3.19797
-4.8731 3.35025
-4.8731 3.50254
-4.8731 3.80711
-5.02538 3.95939
-5.02538 4.11168
-5.02538 4.26396
-5.02538 4.56853
-5.02538 4.72081
-5.17766 4.8731
-5.17766 5.02538
-5.17766 5.32995
-5.17766 5.48223
-5.17766 5.63452
-5.32995 5.7868
-5.32995 6.09137
-5.32995 6.24365
-5.32995 6.39594
-5.32995 6.70051
-5.32995 6.85279
-5.32995 7.00508
-5.48223 7.15736
-5.48223 7.46193
-5.48223 7.61421
-5.48223 7.7665
-5.48223 8.07107
-5.48223 8.22335
-5.48223 8.37563
-5.32995 8.52792
-5.32995 8.83249
-5.32995 8.98477
-5.32995 9.13706
-5.32995 9.44162
-5.17766 9.59391
-5.17766 9.74619
-5.02538 9.89848
-5.02538 10.203
-5.02538 10.3553
-4.8731 10.5076
-4.8731 10.6599
-4.72081 10.8122
-4.72081 11.1168
-4.56853 11.269
-4.56853 11.4213
-4.41624 11.5736
-4.41624 11.7259
-4.26396 12.0305
-4.26396 12.1827
-4.11168 12.335
-4.11168 12.4873
-3.95939 12.6396
-3.95939 12.9442
-3.80711 13.0964
-3.80711 13.2487
-3.65482 13.5533
-3.65482 13.7056
-3.50254 13.8579
-3.50254 14.1624
-3.35025 14.3147
-3.35025 14.467
-3.19797 14.7716
-3.19797 14.9239
-3.04569 15.2284
-3.04569 15.3807
-2.8934 15.6853
-2.8934 15.8376
-2.74112 16.1421
-2.58883 16.2944
-2.58883 16.599
-2.43655 16.7513
-2.28426 16.9036
-2.13198 17.2081
-1.9797 17.3604
-1.82741 17.5127
-1.67513 17.665
-1.52284 17.9695
-1.37056 18.1218
-1.21827 18.2741
-1.06599 18.4264
-0.761421 18.5787
-0.609137 18.5787
-0.456853 18.731
-0.152284 18.8832
0 18.8832
0.304569 19.0355
0.456853 19.0355
0.761421 19.1878
0.913706 19.1878
1.21827 19.1878
1.37056 19.1878
1.67513 19.3401
1.82741 19.3401
2.13198 19.3401
2.43655 19.3401
2.58883 19.3401
2.8934 19.3401
3.04569 19.3401
3.35025 19.3401
3.50254 19.3401
3.80711 19.3401
3.95939 19.3401
4.26396 19.3401
4.41624 19.3401
4.72081 19.3401
4.8731 19.3401
5.02538 19.3401
5.32995 19.3401
5.48223 19.4924
5.7868 19.4924
5.93909 19.4924
6.24365 19.4924
6.39594 19.4924
6.70051 19.4924
6.85279 19.4924
7.15736 19.4924
7.30964 19.4924
7.61421 19.4924
7.7665 19.4924
8.07107 19.4924
8.22335 19.4924
8.52792 19.4924
8.6802 19.4924
8.98477 19.4924
9.13706 19.3401
9.44162 19.3401
9.59391 19.3401
9.89848 19.1878
10.0508 19.1878
10.3553 19.0355
10.5076 18.8832
10.6599 18.8832
10.9645 18.731
11.1168 18.5787
11.269 18.4264
11.4213 18.4264
11.7259 18.2741
11.8782 18.1218
12.0305 17.9695
12.1827 17.8173
12.335 17.665
12.4873 17.3604
12.6396 17.2081
12.7919 17.0558
12.9442 16.9036
13.0964 16.7513
13.2487 16.599
13.401 16.2944
13.5533 16.1421
13.5533 15.9898
13.7056 15.8376
13.8579 15.6853
14.0102 15.3807
14.1624 15.2284
14.1624 15.0761
14.3147 14.9239
14.467 14.7716
14.467 14.467
14.6193 14.3147
14.7716 14.1624
14.7716 14.0102
14.9239 13.7056
15.0761 13.5533
15.0761 13.401
15.2284 13.2487
15.2284 13.0964
15.3807 12.7919
15.3807 12.6396
15.533 12.4873
15.533 12.335
15.6853 12.0305
15.6853 11.8782
15.8376 11.7259
15.8376 11.5736
15.8376 11.4213
15.9898 11.1168
15.9898 10.9645
15.9898 10.8122
16.1421 10.6599
16.1421 10.3553
16.1421 10.203
16.2944 10.0508
16.2944 9.89848
16.2944 9.59391
16.2944 9.44162
16.4467 9.28934
16.4467 9.13706
16.4467 8.83249
16.4467 8.6802
16.4467 8.52792
16.599 8.37563
16.599 8.22335
16.599 7.91878
16.599 7.7665
16.599 7.61421
16.599 7.46193
16.599 7.15736
16.599 7.00508
16.599 6.85279
