16.7513 6.24365
16.7513 6.09137
16.7513 5.93909
16.9036 5.63452
16.9036 5.48223
16.9036 5.32995
16.9036 5.17766
16.9036 4.8731
16.9036 4.72081
16.9036 4.56853
16.9036 4.26396
16.9036 4.11168
16.9036 3.95939
16.9036 3.80711
16.9036 3.50254
16.9036 3.35025
16.9036 3.19797
16.9036 2.8934
16.9036 2.74112
16.7513 2.58883
16.7513 2.28426
16.7513 2.13198
16.7513 1.9797
16.7513 1.67513
16.599 1.52284
16.599 1.37056
16.599 1.06599
16.4467 0.913706
16.4467 0.761421
16.4467 0.456853
16.2944 0.304569
16.2944 0.152284
16.1421 -0.152284
16.1421 -0.304569
16.1421 -0.609137
15.9898 -0.761421
15.8376 -0.913706
15.8376 -1.21827
15.6853 -1.37056
15.6853 -1.52284
15.533 -1.82741
15.3807 -1.9797
15.3807 -2.13198
15.2284 -2.28426
15.0761 -2.58883
14.9239 -2.74112
14.7716 -2.8934
14.7716 -3.04569
14.6193 -3.35025
14.467 -3.50254
14.3147 -3.65482
14.1624 -3.80711
14.0102 -3.95939
13.7056 -4.11168
13.5533 -4.26396
13.401 -4.41624
13.2487 -4.56853
13.0964 -4.72081
12.9442 -4.8731
12.6396 -4.8731
12.4873 -5.02538
12.335 -5.17766
12.1827 -5.32995
11.8782 -5.32995
11.7259 -5.48223
11.4213 -5.63452
11.269 -5.63452
11.1168 -5.7868
10.8122 -5.93909
10.6599 -5.93909
10.5076 -6.09137
10.203 -6.09137
10.0508 -6.09137
9.74619 -6.24365
9.59391 -6.24365
9.28934 -6.39594
9.13706 -6.39594
8.83249 -6.39594
8.6802 -6.54822
8.37563 -6.54822
8.22335 -6.54822
7.91878 -6.54822
7.7665 -6.54822
7.46193 -6.54822
7.30964 -6.54822
7.15736 -6.70051
6.85279 -6.70051
6.70051 -6.70051
6.39594 -6.54822
6.24365 -6.54822
5.93909 -6.54822
5.7868 -6.54822
5.48223 -6.54822
5.32995 -6.54822
5.02538 -6.54822
4.8731 -6.39594
4.56853 -6.39594
4.41624 -6.39594
4.11168 -6.24365
3.95939 -6.24365
3.80711 -6.24365
3.50254 -6.09137
3.35025 -6.09137
3.04569 -5.93909
2.8934 -5.93909
2.74112 -5.7868
2.43655 -5.7868
2.28426 -5.63452
2.13198 -5.63452
1.82741 -5.48223
1.67513 -5.48223
1.52284 -5.32995
1.37056 -5.17766
1.06599 -5.17766
0.913706 -5.02538
0.761421 -4.8731
0.609137 -4.8731
0.304569 -4.72081
0.152284 -4.56853
0 -4.41624
-0.152284 -4.41624
-0.304569 -4.26396
-0.609137 -4.11168
-0.761421 -3.95939
-0.913706 -3.80711
-1.06599 -3.80711
-1.21827 -3.65482
-1.37056 -3.50254
-1.52284 -3.35025
-1.67513 -3.19797
-1.82741 -3.04569
-1.9797 -2.8934
-2.13198 -2.74112
-2.28426 -2.58883
-2.43655 -2.43655
-2.58883 -2.28426
-2.74112 -2.13198
-2.8934 -1.9797
-3.04569 -1.82741
-3.19797 -1.67513
-3.35025 -1.52284
-3.35025 -1.21827
-3.50254 -1.06599
-3.65482 -0.913706
-3.65482 -0.761421
-3.80711 -0.609137
-3.95939 -0.304569
-3.95939 -0.152284
-4.11168 0
-4.11168 0.152284
-4.11168 0.456853
-4.26396 0.609137
-4.26396 0.761421
-4.41624 1.06599
-4.41624 1.21827
-4.41624 1.37056
-4.41624 1.67513
-4.56853 1.82741
-4.56853 1.9797
-4.56853 2.28426
-4.56853 2.43655
-4.72081 2.58883
-4.72081 2.8934
-4.72081 3.04569
-4.72081 3.19797
-4.72081 3.35025
-4.8731 3.65482
-4.8731 3.80711
-4.8731 3.95939
-4.8731 4.11168
-5.02538 4.41624
-5.02538 4.56853
-5.02538 4.72081
-5.17766 4.8731
-5.17766 5.17766
-5.17766 5.32995
-5.17766 5.48223
-5.32995 5.63452
-5.32995 5.93909
-5.32995 6.09137
-5.32995 6.24365
-5.48223 6.54822
-5.48223 6.70051
-5.48223 6.85279
-5.48223 7.15736
-5.48223 7.30964
-5.48223 7.46193
-5.48223 7.7665
-5.48223 7.91878
-5.48223 8.07107
-5.48223 8.37563
-5.48223 8.52792
-5.48223 8.6802
-5.32995 8.83249
-5.32995 9.13706
-5.32995 9.28934
-5.17766 9.44162
-5.17766 9.74619
-5.02538 9.89848
-5.02538 10.0508
-4.8731 10.203
-4.8731 10.3553
-4.72081 10.6599
-4.72081 10.8122
-4.56853 10.9645
-4.41624 11.1168
-4.41624 11.269
-4.26396 11.4213
-4.11168 11.7259
-4.11168 11.8782
-3.95939 12.0305
-3.95939 12.1827
-3.80711 12.335
-3.80711 12.6396
-3.65482 12.7919
-3.50254 12.9442
-3.50254 13.0964
-3.50254 13.401
-3.35025 13.5533
-3.35025 13.7056
-3.19797 14.0102
-3.19797 14.1624
-3.04569 14.467
-3.04569 14.6193
-2.8934 14.9239
-2.8934 15.0761
-2.74112 15.3807
-2.74112 15.533
-2.58883 15.8376
-2.58883 15.9898
-2.43655 16.2944
-2.28426 16.4467
-2.13198 16.7513
-2.13198 16.9036
-1.9797 17.2081
-1.82741 17.3604
-1.67513 17.5127
-1.52284 17.665
-1.37056 17.9695
-1.06599 18.1218
-0.913706 18.2741
-0.761421 18.4264
-0.609137 18.5787
-0.304569 18.731
-0.152284 18.731
0.152284 18.8832
0.304569 18.8832
0.609137 19.0355
0.761421 19.0355
1.06599 19.1878
1.21827 19.1878
1.52284 19.1878
1.67513 19.3401
1.9797 19.3401
2.28426 19.3401
2.43655 19.3401
2.74112 19.3401
2.8934 19.3401
3.19797 19.3401
3.35025 19.3401
3.65482 19.3401
3.80711 19.3401
4.11168 19.3401
4.41624 19.3401
4.56853 19.3401
4.8731 19.3401
5.02538 19.4924
5.32995 19.4924
5.48223 19.4924
5.7868 19.4924
5.93909 19.4924
6.24365 19.4924
6.39594 19.4924
6.70051 19.4924
6.85279 19.4924
7.15736 19.4924
7.30964 19.4924
7.61421 19.4924
7.7665 19.4924
8.07107 19.4924
8.22335 19.3401
8.52792 19.3401
8.6802 19.3401
8.98477 19.3401
9.13706 19.1878
9.44162 19.1878
9.59391 19.1878
9.89848 19.0355
10.0508 19.0355
10.3553 18.8832
10.5076 18.731
10.6599 18.731
10.9645 18.5787
11.1168 18.4264
11.269 18.2741
11.4213 18.1218
11.7259 17.9695
11.8782 17.8173
12.0305 17.665
12.1827 17.5127
12.335 17.3604
12.4873 17.2081
12.6396 17.0558
12.7919 16.9036
12.9442 16.7513
13.0964 16.599
13.2487 16.2944
13.401 16.1421
13.5533 15.9898
13.7056 15.8376
13.8579 15.6853
14.0102 15.533
14.0102 15.2284
14.1624 15.0761
14.3147 14.9239
14.467 14.7716
14.467 14.6193
14.6193 14.3147
14.7716 14.1624
14.9239 14.0102
14.9239 13.8579
15.0761 13.7056
15.2284 13.5533
15.2284 13.2487
15.3807 13.0964
15.533 12.9442
15.533 12.7919
15.6853 12.6396
15.6853 12.335
15.8376 12.1827
15.8376 12.0305
15.9898 11.8782
15.9898 11.5736
16.1421 11.4213
16.1421 11.269
16.1421 11.1168
16.1421 10.8122
16.2944 10.6599
16.2944 10.5076
16.2944 10.203
16.2944 10.0508
16.2944 9.89848
16.2944 9.59391
16.4467 9.44162
16.4467 9.28934
16.4467 9.13706
16.4467 8.83249
16.4467 8.6802
16.4467 8.52792
16.4467 8.37563
16.4467 8.07107
16.4467 7.91878
16.4467 7.7665
16.4467 7.61421
16.4467 7.46193
16.599 7.15736
16.599 7.00508
16.599 6.85279
16.599 6.70051
16.7513 6.39594
