17.0558 6.09137
17.0558 5.93909
17.0558 5.7868
17.2081 5.48223
17.2081 5.32995
17.2081 5.17766
17.2081 5.02538
17.2081 4.72081
17.2081 4.56853
17.2081 4.41624
17.2081 4.11168
17.2081 3.95939
17.2081 3.80711
17.2081 3.50254
17.2081 3.35025
17.0558 3.19797
17.0558 3.04569
17.0558 2.74112
17.0558 2.58883
17.0558 2.43655
17.0558 2.13198
16.9036 1.9797
16.9036 1.82741
16.9036 1.52284
16.7513 1.37056
16.7513 1.21827
16.7513 0.913706
16.599 0.761421
16.599 0.456853
16.599 0.304569
16.4467 0.152284
16.4467 -0.152284
16.2944 -0.304569
16.2944 -0.456853
16.1421 -0.761421
16.1421 -0.913706
15.9898 -1.06599
15.9898 -1.37056
15.8376 -1.52284
15.6853 -1.67513
15.6853 -1.9797
15.533 -2.13198
15.3807 -2.28426
15.3807 -2.43655
15.2284 -2.74112
15.0761 -2.8934
14.9239 -3.04569
14.7716 -3.19797
14.6193 -3.50254
14.467 -3.65482
14.3147 -3.80711
14.1624 -3.95939
14.0102 -4.11168
13.8579 -4.26396
13.7056 -4.41624
13.5533 -4.56853
13.401 -4.72081
13.2487 -4.8731
13.0964 -5.02538
12.7919 -5.17766
12.6396 -5.32995
12.4873 -5.48223
12.335 -5.48223
12.0305 -5.63452
11.8782 -5.7868
11.7259 -5.93909
11.4213 -5.93909
11.269 -6.09137
10.9645 -6.09137
10.8122 -6.24365
10.6599 -6.39594
10.3553 -6.39594
10.203 -6.39594
9.89848 -6.54822
9.74619 -6.54822
9.44162 -6.70051
9.28934 -6.70051
8.98477 -6.70051
8.83249 -6.70051
8.52792 -6.85279
8.37563 -6.85279
8.07107 -6.85279
7.91878 -6.85279
7.61421 -6.85279
7.46193 -6.85279
7.15736 -6.85279
7.00508 -6.85279
6.70051 -6.85279
6.54822 -6.85279
6.24365 -6.85279
6.09137 -6.70051
5.7868 -6.70051
5.63452 -6.70051
5.32995 -6.70051
5.17766 -6.70051
4.8731 -6.54822
4.72081 -6.54822
4.56853 -6.54822
4.26396 -6.39594
4.11168 -6.39594
3.80711 -6.24365
3.65482 -6.24365
3.50254 -6.24365
3.19797 -6.09137
3.04569 -6.09137
2.8934 -5.93909
2.58883 -5.7868
2.43655 -5.7868
2.28426 -5.63452
1.9797 -5.63452
1.82741 -5.48223
1.67513 -5.48223
1.37056 -5.32995
1.21827 -5.17766
1.06599 -5.17766
0.913706 -5.02538
0.609137 -4.8731
0.456853 -4.72081
0.304569 -4.72081
0.152284 -4.56853
0 -4.41624
-0.304569 -4.26396
-0.456853 -4.26396
-0.609137 -4.11168
-0.761421 -3.95939
-0.913706 -3.80711
-1.06599 -3.65482
-1.21827 -3.50254
-1.37056 -3.50254
-1.52284 -3.35025
-1.67513 -3.19797
-1.82741 -3.04569
-1.9797 -2.8934
-2.13198 -2.74112
-2.28426 -2.58883
-2.43655 -2.43655
-2.58883 -2.28426
-2.74112 -2.13198
-2.8934 -1.82741
-3.04569 -1.67513
-3.04569 -1.52284
-3.19797 -1.37056
-3.35025 -1.21827
-3.50254 -1.06599
-3.50254 -0.761421
-3.65482 -0.609137
-3.65482 -0.456853
-3.80711 -0.304569
-3.80711 0
-3.95939 0.152284
-3.95939 0.304569
-4.11168 0.609137
-4.11168 0.761421
-4.11168 0.913706
-4.11168 1.06599
-4.26396 1.37056
-4.26396 1.52284
-4.26396 1.67513
-4.26396 1.9797
-4.41624 2.13198
-4.41624 2.28426
-4.41624 2.58883
-4.41624 2.74112
-4.41624 2.8934
-4.56853 3.04569
-4.56853 3.35025
-4.56853 3.50254
-4.56853 3.65482
-4.56853 3.80711
-4.72081 4.11168
-4.72081 4.26396
-4.72081 4.41624
-4.72081 4.56853
-4.8731 4.8731
-4.8731 5.02538
-4.8731 5.17766
-4.8731 5.32995
-5.02538 5.63452
-5.02538 5.7868
-5.02538 5.93909
-5.02538 6.09137
-5.17766 6.39594
-5.17766 6.54822
-5.17766 6.70051
-5.17766 6.85279
-5.17766 7.15736
-5.17766 7.30964
-5.17766 7.46193
-5.17766 7.7665
-5.17766 7.91878
-5.17766 8.07107
-5.17766 8.37563
-5.02538 8.52792
-5.02538 8.6802
-5.02538 8.83249
-4.8731 9.13706
-4.8731 9.28934
-4.72081 9.44162
-4.72081 9.59391
-4.56853 9.74619
-4.56853 10.0508
-4.41624 10.203
-4.41624 10.3553
-4.26396 10.5076
-4.11168 10.6599
-4.11168 10.8122
-3.95939 10.9645
-3.80711 11.269
-3.80711 11.4213
-3.65482 11.5736
-3.65482 11.7259
-3.50254 11.8782
-3.50254 12.0305
-3.35025 12.1827
-3.35025 12.4873
-3.19797 12.6396
-3.19797 12.7919
-3.04569 13.0964
-3.04569 13.2487
-2.8934 13.401
-2.8934 13.7056
-2.8934 13.8579
-2.74112 14.1624
-2.74112 14.3147
-2.74112 14.6193
-2.58883 14.7716
-2.58883 15.0761
-2.43655 15.2284
-2.43655 15.533
-2.28426 15.6853
-2.13198 15.9898
-2.13198 16.2944
-1.9797 16.4467
-1.82741 16.599
-1.82741 16.9036
-1.67513 17.0558
-1.52284 17.3604
-1.37056 17.5127
-1.21827 17.665
-0.913706 17.8173
-0.761421 17.9695
-0.609137 18.1218
-0.456853 18.2741
-0.152284 18.4264
0 18.5787
0.304569 18.5787
0.456853 18.731
0.761421 18.731
0.913706 18.8832
1.21827 18.8832
1.37056 19.0355
1.67513 19.0355
1.82741 19.0355
2.13198 19.0355
2.28426 19.0355
2.58883 19.0355
2.8934 19.0355
3.04569 19.0355
3.35025 19.0355
3.50254 19.1878
3.80711 19.1878
3.95939 19.1878
4.26396 19.1878
4.41624 19.1878
4.72081 19.1878
4.8731 19.1878
5.17766 19.1878
5.32995 19.1878
5.63452 19.1878
5.7868 19.1878
6.09137 19.1878
6.24365 19.1878
6.54822 19.3401
6.70051 19.3401
7.00508 19.3401
7.15736 19.3401
7.46193 19.3401
7.61421 19.3401
7.91878 19.3401
8.07107 19.3401
8.37563 19.3401
8.6802 19.3401
8.83249 19.3401
9.13706 19.1878
9.28934 19.1878
9.59391 19.1878
9.74619 19.0355
10.0508 19.0355
10.203 18.8832
10.3553 18.8832
10.6599 18.731
10.8122 18.5787
10.9645 18.4264
11.269 18.2741
11.4213 18.1218
11.5736 17.9695
11.7259 17.8173
11.8782 17.665
12.1827 17.5127
12.335 17.3604
12.4873 17.2081
12.6396 17.0558
12.7919 16.7513
12.7919 16.599
12.9442 16.4467
13.0964 16.2944
13.2487 15.9898
13.401 15.8376
13.5533 15.6853
13.5533 15.533
13.7056 15.2284
13.8579 15.0761
14.0102 14.9239
14.1624 14.7716
14.1624 14.6193
14.3147 14.467
14.467 14.3147
14.6193 14.0102
14.6193 13.8579
14.7716 13.7056
14.9239 13.5533
15.0761 13.401
15.0761 13.2487
15.2284 13.0964
15.3807 12.9442
15.533 12.7919
15.533 12.4873
15.6853 12.335
15.8376 12.1827
15.8376 12.0305
15.9898 11.8782
15.9898 11.7259
16.1421 11.4213
16.1421 11.269
16.2944 11.1168
16.2944 10.9645
16.4467 10.8122
16.4467 10.5076
16.4467 10.3553
16.4467 10.203
16.599 9.89848
16.599 9.74619
16.599 9.59391
16.599 9.44162
16.599 9.13706
16.599 8.98477
16.599 8.83249
16.7513 8.52792
16.7513 8.37563
16.7513 8.22335
16.7513 8.07107
16.7513 7.7665
16.7513 7.61421
16.7513 7.46193
16.7513 7.30964
16.9036 7.15736
16.9036 6.85279
16.9036 6.70051
16.9036 6.54822
17.0558 6.39594
