17.2081 5.93909
17.2081 5.7868
17.2081 5.63452
17.2081 5.48223
17.2081 5.17766
17.2081 5.02538
17.2081 4.8731
17.2081 4.72081
17.2081 4.41624
17.2081 4.26396
17.2081 4.11168
17.2081 3.80711
17.2081 3.65482
17.2081 3.50254
17.2081 3.35025
17.0558 3.04569
17.0558 2.8934
17.0558 2.74112
17.0558 2.43655
17.0558 2.28426
17.0558 2.13198
16.9036 1.82741
16.9036 1.67513
16.9036 1.52284
16.9036 1.37056
16.7513 1.06599
16.7513 0.913706
16.7513 0.761421
16.599 0.456853
16.599 0.304569
16.599 0.152284
16.4467 -0.152284
16.4467 -0.304569
16.2944 -0.456853
16.2944 -0.761421
16.1421 -0.913706
16.1421 -1.06599
15.9898 -1.37056
15.9898 -1.52284
15.8376 -1.67513
15.6853 -1.9797
15.6853 -2.13198
15.533 -2.28426
15.3807 -2.43655
15.3807 -2.74112
15.2284 -2.8934
15.0761 -3.04569
14.9239 -3.19797
14.7716 -3.50254
14.6193 -3.65482
14.467 -3.80711
14.3147 -3.95939
14.1624 -4.11168
14.0102 -4.26396
13.8579 -4.41624
13.7056 -4.56853
13.5533 -4.72081
13.401 -4.8731
13.2487 -5.02538
13.0964 -5.17766
12.7919 -5.32995
12.6396 -5.48223
12.4873 -5.48223
12.335 -5.63452
12.0305 -5.7868
11.8782 -5.93909
11.7259 -5.93909
11.4213 -6.09137
11.269 -6.24365
10.9645 -6.24365
10.8122 -6.39594
10.6599 -6.39594
10.3553 -6.54822
10.203 -6.54822
9.89848 -6.70051
9.74619 -6.70051
9.44162 -6.70051
9.28934 -6.85279
8.98477 -6.85279
8.83249 -6.85279
8.52792 -6.85279
8.37563 -6.85279
8.07107 -7.00508
7.91878 -7.00508
7.7665 -7.00508
7.46193 -7.00508
7.30964 -7.00508
7.00508 -7.00508
6.85279 -7.00508
6.54822 -7.00508
6.39594 -6.85279
6.09137 -6.85279
5.93909 -6.85279
5.63452 -6.85279
5.48223 -6.85279
5.17766 -6.70051
5.02538 -6.70051
4.72081 -6.70051
4.56853 -6.54822
4.41624 -6.54822
4.11168 -6.54822
3.95939 -6.39594
3.65482 -6.39594
3.50254 -6.24365
3.35025 -6.24365
3.04569 -6.09137
2.8934 -6.09137
2.74112 -5.93909
2.43655 -5.93909
2.28426 -5.7868
2.13198 -5.63452
1.82741 -5.63452
1.67513 -5.48223
1.52284 -5.48223
1.37056 -5.32995
1.06599 -5.17766
0.913706 -5.17766
0.761421 -5.02538
0.609137 -4.8731
0.304569 -4.72081
0.152284 -4.72081
0 -4.56853
-0.152284 -4.41624
-0.304569 -4.26396
-0.456853 -4.11168
-0.761421 -4.11168
-0.913706 -3.95939
-1.06599 -3.80711
-1.21827 -3.65482
-1.37056 -3.50254
-1.52284 -3.35025
-1.67513 -3.19797
-1.82741 -3.04569
-1.9797 -2.8934
-2.13198 -2.74112
-2.28426 -2.58883
-2.43655 -2.43655
-2.58883 -2.28426
-2.74112 -2.13198
-2.8934 -1.9797
-2.8934 -1.82741
-3.04569 -1.67513
-3.19797 -1.37056
-3.19797 -1.21827
-3.35025 -1.06599
-3.50254 -0.913706
-3.50254 -0.609137
-3.65482 -0.456853
-3.65482 -0.304569
-3.80711 -0.152284
-3.80711 0.152284
-3.80711 0.304569
-3.95939 0.456853
-3.95939 0.761421
-3.95939 0.913706
-4.11168 1.06599
-4.11168 1.37056
-4.11168 1.52284
-4.11168 1.67513
-4.11168 1.9797
-4.26396 2.13198
-4.26396 2.28426
-4.26396 2.58883
-4.26396 2.74112
-4.26396 2.8934
-4.26396 3.19797
-4.41624 3.35025
-4.41624 3.50254
-4.41624 3.65482
-4.41624 3.95939
-4.56853 4.11168
-4.56853 4.26396
-4.56853 4.41624
-4.56853 4.56853
-4.72081 4.8731
-4.72081 5.02538
-4.72081 5.17766
-4.72081 5.32995
-4.8731 5.63452
-4.8731 5.7868
-4.8731 5.93909
-4.8731 6.24365
-5.02538 6.39594
-5.02538 6.54822
-5.02538 6.70051
-5.02538 7.00508
-5.02538 7.15736
-5.02538 7.30964
-5.02538 7.61421
-5.02538 7.7665
-5.02538 7.91878
-5.02538 8.22335
-5.02538 8.37563
-5.02538 8.52792
-4.8731 8.83249
-4.8731 8.98477
-4.8731 9.13706
-4.72081 9.44162
-4.72081 9.59391
-4.56853 9.74619
-4.56853 9.89848
-4.41624 10.203
-4.41624 10.3553
-4.26396 10.5076
-4.26396 10.6599
-4.11168 10.8122
-4.11168 11.1168
-3.95939 11.269
-3.80711 11.4213
-3.80711 11.5736
-3.65482 11.7259
-3.65482 12.0305
-3.50254 12.1827
-3.50254 12.335
-3.35025 12.4873
-3.35025 12.7919
-3.19797 12.9442
-3.19797 13.0964
-3.04569 13.401
-3.04569 13.5533
-2.8934 13.8579
-2.8934 14.0102
-2.8934 14.1624
-2.74112 14.467
-2.74112 14.7716
-2.58883 14.9239
-2.58883 15.2284
-2.43655 15.3807
-2.28426 15.6853
-2.28426 15.8376
-2.13198 16.1421
-1.9797 16.2944
-1.9797 16.599
-1.82741 16.7513
-1.67513 16.9036
-1.52284 17.2081
-1.37056 17.3604
-1.21827 17.5127
-1.06599 17.665
-0.761421 17.8173
-0.609137 17.9695
-0.456853 18.1218
-0.152284 18.2741
0 18.4264
0.304569 18.4264
0.456853 18.5787
0.761421 18.5787
0.913706 18.731
1.21827 18.731
1.37056 18.731
1.67513 18.8832
1.82741 18.8832
2.13198 18.8832
2.43655 18.8832
2.58883 18.8832
2.8934 18.8832
3.04569 18.8832
3.35025 18.8832
3.65482 18.8832
3.80711 18.8832
4.11168 18.8832
4.26396 18.8832
4.56853 18.8832
4.72081 18.8832
5.02538 18.8832
5.17766 18.8832
5.48223 19.0355
5.63452 19.0355
5.93909 19.0355
6.09137 19.0355
6.39594 19.1878
6.54822 19.1878
6.85279 19.1878
7.00508 19.1878
7.30964 19.3401
7.46193 19.3401
7.7665 19.3401
7.91878 19.3401
8.22335 19.3401
8.52792 19.3401
8.6802 19.3401
8.98477 19.3401
9.13706 19.3401
9.44162 19.3401
9.59391 19.3401
9.89848 19.1878
10.0508 19.1878
10.3553 19.0355
10.5076 19.0355
10.8122 18.8832
10.9645 18.731
11.269 18.731
11.4213 18.5787
11.5736 18.4264
11.7259 18.1218
11.8782 17.9695
12.1827 17.8173
12.335 17.665
12.4873 17.5127
12.6396 17.2081
12.7919 17.0558
12.7919 16.9036
12.9442 16.599
13.0964 16.4467
13.2487 16.1421
13.401 15.9898
13.401 15.8376
13.5533 15.533
13.7056 15.3807
13.7056 15.2284
13.8579 14.9239
14.0102 14.7716
14.0102 14.6193
14.1624 14.467
14.3147 14.1624
14.467 14.0102
14.467 13.8579
14.6193 13.7056
14.7716 13.5533
14.7716 13.401
14.9239 13.2487
15.0761 13.0964
15.2284 12.9442
15.2284 12.7919
15.3807 12.4873
15.533 12.335
15.533 12.1827
15.6853 12.0305
15.8376 11.8782
15.8376 11.7259
15.9898 11.5736
16.1421 11.4213
16.1421 11.269
16.2944 10.9645
16.2944 10.8122
16.4467 10.6599
16.4467 10.5076
16.4467 10.3553
16.599 10.0508
16.599 9.89848
16.599 9.74619
16.599 9.59391
16.599 9.28934
16.599 9.13706
16.7513 8.98477
16.7513 8.83249
16.7513 8.52792
16.7513 8.37563
16.7513 8.22335
16.7513 8.07107
16.7513 7.7665
16.7513 7.61421
16.7513 7.46193
16.9036 7.30964
16.9036 7.15736
16.9036 6.85279
16.9036 6.70051
17.0558 6.54822
17.0558 6.39594
17.2081 6.24365
