17.2081 6.09137
17.2081 5.93909
17.2081 5.63452
17.2081 5.48223
17.2081 5.32995
17.2081 5.17766
17.2081 4.8731
17.2081 4.72081
17.2081 4.56853
17.2081 4.41624
17.2081 4.11168
17.2081 3.95939
17.2081 3.80711
17.2081 3.50254
17.2081 3.35025
17.0558 3.19797
17.0558 2.8934
17.0558 2.74112
17.0558 2.58883
17.0558 2.43655
17.0558 2.13198
17.0558 1.9797
16.9036 1.82741
16.9036 1.52284
16.9036 1.37056
16.9036 1.21827
16.7513 0.913706
16.7513 0.761421
16.7513 0.456853
16.599 0.304569
16.599 0.152284
16.4467 -0.152284
16.4467 -0.304569
16.4467 -0.456853
16.2944 -0.761421
16.2944 -0.913706
16.1421 -1.06599
15.9898 -1.37056
15.9898 -1.52284
15.8376 -1.67513
15.6853 -1.82741
15.6853 -2.13198
15.533 -2.28426
15.3807 -2.43655
15.3807 -2.58883
15.2284 -2.8934
15.0761 -3.04569
14.9239 -3.19797
14.7716 -3.35025
14.6193 -3.50254
14.467 -3.80711
14.3147 -3.95939
14.1624 -4.11168
14.0102 -4.26396
13.8579 -4.41624
13.7056 -4.56853
13.5533 -4.72081
13.401 -4.8731
13.2487 -5.02538
12.9442 -5.17766
12.7919 -5.32995
12.6396 -5.48223
12.4873 -5.48223
12.1827 -5.63452
12.0305 -5.7868
11.8782 -5.93909
11.5736 -5.93909
11.4213 -6.09137
11.269 -6.24365
10.9645 -6.24365
10.8122 -6.39594
10.5076 -6.39594
10.3553 -6.54822
10.203 -6.54822
9.89848 -6.70051
9.74619 -6.70051
9.44162 -6.85279
9.28934 -6.85279
8.98477 -6.85279
8.83249 -6.85279
8.52792 -7.00508
8.37563 -7.00508
8.07107 -7.00508
7.91878 -7.00508
7.61421 -7.00508
7.46193 -7.00508
7.15736 -7.00508
7.00508 -7.00508
6.70051 -7.00508
6.54822 -7.00508
6.24365 -7.00508
6.09137 -6.85279
5.7868 -6.85279
5.63452 -6.85279
5.32995 -6.85279
5.17766 -6.70051
4.8731 -6.70051
4.72081 -6.70051
4.41624 -6.54822
4.26396 -6.54822
3.95939 -6.54822
3.80711 -6.39594
3.65482 -6.39594
3.35025 -6.24365
3.19797 -6.24365
3.04569 -6.09137
2.74112 -6.09137
2.58883 -5.93909
2.43655 -5.7868
2.13198 -5.7868
1.9797 -5.63452
1.82741 -5.63452
1.52284 -5.48223
1.37056 -5.32995
1.21827 -5.17766
1.06599 -5.17766
0.761421 -5.02538
0.609137 -4.8731
0.456853 -4.8731
0.304569 -4.72081
0.152284 -4.56853
-0.152284 -4.41624
-0.304569 -4.26396
-0.456853 -4.26396
-0.609137 -4.11168
-0.761421 -3.95939
-0.913706 -3.80711
-1.06599 -3.65482
-1.21827 -3.50254
-1.37056 -3.35025
-1.52284 -3.19797
-1.67513 -3.04569
-1.82741 -2.8934
-1.9797 -2.74112
-2.13198 -2.58883
-2.28426 -2.43655
-2.43655 -2.28426
-2.58883 -2.13198
-2.74112 -1.9797
-2.8934 -1.82741
-3.04569 -1.67513
-3.04569 -1.52284
-3.19797 -1.37056
-3.35025 -1.06599
-3.35025 -0.913706
-3.50254 -0.761421
-3.50254 -0.609137
-3.65482 -0.304569
-3.65482 -0.152284
-3.80711 0
-3.80711 0.304569
-3.95939 0.456853
-3.95939 0.609137
-3.95939 0.913706
-4.11168 1.06599
-4.11168 1.21827
-4.11168 1.52284
-4.11168 1.67513
-4.26396 1.82741
-4.26396 2.13198
-4.26396 2.28426
-4.26396 2.43655
-4.26396 2.58883
-4.41624 2.8934
-4.41624 3.04569
-4.41624 3.19797
-4.41624 3.35025
-4.41624 3.65482
-4.56853 3.80711
-4.56853 3.95939
-4.56853 4.11168
-4.56853 4.41624
-4.56853 4.56853
-4.72081 4.72081
-4.72081 4.8731
-4.72081 5.17766
-4.72081 5.32995
-4.8731 5.48223
-4.8731 5.63452
-4.8731 5.93909
-4.8731 6.09137
-4.8731 6.24365
-4.8731 6.54822
-5.02538 6.70051
-5.02538 6.85279
-5.02538 7.00508
-5.02538 7.30964
-5.02538 7.46193
-5.02538 7.61421
-5.02538 7.91878
-5.02538 8.07107
-5.02538 8.22335
-4.8731 8.52792
-4.8731 8.6802
-4.8731 8.83249
-4.8731 8.98477
-4.72081 9.28934
-4.72081 9.44162
-4.56853 9.59391
-4.56853 9.74619
-4.41624 10.0508
-4.41624 10.203
-4.26396 10.3553
-4.26396 10.5076
-4.11168 10.6599
-4.11168 10.9645
-3.95939 11.1168
-3.95939 11.269
-3.80711 11.4213
-3.80711 11.5736
-3.65482 11.8782
-3.65482 12.0305
-3.50254 12.1827
-3.50254 12.335
-3.35025 12.6396
-3.35025 12.7919
-3.19797 12.9442
-3.19797 13.2487
-3.04569 13.401
-3.04569 13.5533
-3.04569 13.8579
-2.8934 14.0102
-2.8934 14.3147
-2.74112 14.467
-2.74112 14.7716
-2.58883 14.9239
-2.58883 15.2284
-2.43655 15.3807
-2.28426 15.6853
-2.28426 15.8376
-2.13198 16.1421
-1.9797 16.2944
-1.9797 16.4467
-1.82741 16.7513
-1.67513 16.9036
-1.52284 17.2081
-1.37056 17.3604
-1.21827 17.5127
-1.06599 17.665
-0.761421 17.8173
-0.609137 17.9695
-0.456853 18.1218
-0.152284 18.2741
0 18.2741
0.152284 18.4264
0.456853 18.5787
0.609137 18.5787
0.913706 18.5787
1.21827 18.731
1.37056 18.731
1.67513 18.731
1.82741 18.731
2.13198 18.8832
2.28426 18.8832
2.58883 18.8832
2.8934 18.8832
3.04569 18.8832
3.35025 18.8832
3.50254 18.8832
3.80711 18.8832
3.95939 18.8832
4.26396 18.8832
4.41624 18.8832
4.72081 18.8832
4.8731 18.8832
5.17766 19.0355
5.32995 19.0355
5.63452 19.0355
5.7868 19.0355
6.09137 19.0355
6.24365 19.1878
6.54822 19.1878
6.70051 19.1878
7.00508 19.1878
7.15736 19.3401
7.46193 19.3401
7.61421 19.3401
7.91878 19.3401
8.07107 19.3401
8.37563 19.3401
8.52792 19.3401
8.83249 19.3401
9.13706 19.3401
9.28934 19.3401
9.59391 19.3401
9.74619 19.1878
10.0508 19.1878
10.203 19.1878
10.5076 19.0355
10.6599 18.8832
10.8122 18.8832
11.1168 18.731
11.269 18.5787
11.4213 18.4264
11.5736 18.2741
11.8782 18.1218
12.0305 17.8173
12.1827 17.665
12.335 17.5127
12.4873 17.3604
12.6396 17.0558
12.7919 16.9036
12.9442 16.7513
12.9442 16.4467
13.0964 16.2944
13.2487 16.1421
13.401 15.8376
13.401 15.6853
13.5533 15.533
13.7056 15.2284
13.8579 15.0761
13.8579 14.9239
14.0102 14.7716
14.1624 14.467
14.1624 14.3147
14.3147 14.1624
14.467 14.0102
14.6193 13.8579
14.6193 13.7056
14.7716 13.5533
14.9239 13.401
15.0761 13.2487
15.0761 13.0964
15.2284 12.7919
15.3807 12.6396
15.533 12.4873
15.533 12.335
15.6853 12.1827
15.8376 12.0305
15.8376 11.8782
15.9898 11.7259
16.1421 11.5736
16.1421 11.4213
16.2944 11.1168
16.2944 10.9645
16.4467 10.8122
16.4467 10.6599
16.4467 10.5076
16.599 10.203
16.599 10.0508
16.599 9.89848
16.599 9.59391
16.599 9.44162
16.599 9.28934
16.7513 9.13706
16.7513 8.83249
16.7513 8.6802
16.7513 8.52792
16.7513 8.37563
16.7513 8.07107
16.7513 7.91878
16.7513 7.7665
16.7513 7.61421
16.9036 7.46193
16.9036 7.15736
16.9036 7.00508
16.9036 6.85279
17.0558 6.70051
17.0558 6.39594
17.2081 6.24365
