17.3604 5.93909
17.3604 5.7868
17.3604 5.63452
17.3604 5.32995
17.2081 5.17766
17.2081 5.02538
17.2081 4.8731
17.2081 4.56853
17.2081 4.41624
17.2081 4.26396
17.2081 3.95939
17.2081 3.80711
17.2081 3.65482
17.2081 3.50254
17.2081 3.19797
17.2081 3.04569
17.2081 2.8934
17.2081 2.58883
17.2081 2.43655
17.0558 2.28426
17.0558 1.9797
17.0558 1.82741
17.0558 1.67513
17.0558 1.37056
16.9036 1.21827
16.9036 1.06599
16.9036 0.761421
16.7513 0.609137
16.7513 0.456853
16.7513 0.152284
16.599 0
16.599 -0.152284
16.4467 -0.456853
16.4467 -0.609137
16.2944 -0.761421
16.2944 -1.06599
16.1421 -1.21827
15.9898 -1.37056
15.9898 -1.67513
15.8376 -1.82741
15.6853 -1.9797
15.6853 -2.13198
15.533 -2.43655
15.3807 -2.58883
15.2284 -2.74112
15.2284 -2.8934
15.0761 -3.04569
14.9239 -3.35025
14.7716 -3.50254
14.6193 -3.65482
14.467 -3.80711
14.3147 -3.95939
14.1624 -4.11168
14.0102 -4.26396
13.8579 -4.41624
13.7056 -4.72081
13.5533 -4.8731
13.401 -5.02538
13.2487 -5.17766
13.0964 -5.32995
12.7919 -5.32995
12.6396 -5.48223
12.4873 -5.63452
12.335 -5.7868
12.0305 -5.93909
11.8782 -6.09137
11.7259 -6.09137
11.4213 -6.24365
11.269 -6.39594
11.1168 -6.39594
10.8122 -6.54822
10.6599 -6.70051
10.3553 -6.70051
10.203 -6.85279
9.89848 -6.85279
9.74619 -6.85279
9.44162 -7.00508
9.28934 -7.00508
8.98477 -7.00508
8.83249 -7.00508
8.52792 -7.00508
8.37563 -7.15736
8.07107 -7.15736
7.91878 -7.15736
7.61421 -7.15736
7.46193 -7.15736
7.15736 -7.15736
7.00508 -7.00508
6.70051 -7.00508
6.54822 -7.00508
6.24365 -7.00508
6.09137 -7.00508
5.7868 -6.85279
5.63452 -6.85279
5.32995 -6.85279
5.17766 -6.85279
5.02538 -6.70051
4.72081 -6.70051
4.56853 -6.54822
4.26396 -6.54822
4.11168 -6.54822
3.80711 -6.39594
3.65482 -6.39594
3.50254 -6.24365
3.19797 -6.24365
3.04569 -6.09137
2.8934 -6.09137
2.58883 -5.93909
2.43655 -5.7868
2.28426 -5.7868
1.9797 -5.63452
1.82741 -5.63452
1.67513 -5.48223
1.52284 -5.32995
1.21827 -5.32995
1.06599 -5.17766
0.913706 -5.02538
0.761421 -5.02538
0.609137 -4.8731
0.304569 -4.72081
0.152284 -4.56853
0 -4.56853
-0.152284 -4.41624
-0.304569 -4.26396
-0.609137 -4.11168
-0.761421 -4.11168
-0.913706 -3.95939
-1.06599 -3.80711
-1.21827 -3.65482
-1.37056 -3.50254
-1.52284 -3.35025
-1.67513 -3.19797
-1.82741 -3.04569
-1.9797 -2.8934
-2.13198 -2.74112
-2.28426 -2.58883
-2.43655 -2.43655
-2.58883 -2.28426
-2.74112 -2.13198
-2.8934 -1.9797
-2.8934 -1.82741
-3.04569 -1.67513
-3.19797 -1.37056
-3.35025 -1.21827
-3.35025 -1.06599
-3.50254 -0.913706
-3.50254 -0.609137
-3.65482 -0.456853
-3.65482 -0.304569
-3.80711 -0.152284
-3.80711 0.152284
-3.80711 0.304569
-3.95939 0.609137
-3.95939 0.761421
-3.95939 0.913706
-3.95939 1.21827
-4.11168 1.37056
-4.11168 1.52284
-4.11168 1.82741
-4.11168 1.9797
-4.11168 2.13198
-4.26396 2.28426
-4.26396 2.58883
-4.26396 2.74112
-4.26396 2.8934
-4.26396 3.19797
-4.26396 3.35025
-4.26396 3.50254
-4.41624 3.65482
-4.41624 3.80711
-4.41624 4.11168
-4.41624 4.26396
-4.56853 4.41624
-4.56853 4.56853
-4.56853 4.8731
-4.56853 5.02538
-4.72081 5.17766
-4.72081 5.32995
-4.72081 5.63452
-4.8731 5.7868
-4.8731 5.93909
-4.8731 6.09137
-4.8731 6.39594
-4.8731 6.54822
-5.02538 6.70051
-5.02538 7.00508
-5.02538 7.15736
-5.02538 7.30964
-5.02538 7.61421
-5.02538 7.7665
-5.02538 7.91878
-5.02538 8.22335
-5.02538 8.37563
-4.8731 8.52792
-4.8731 8.6802
-4.8731 8.98477
-4.8731 9.13706
-4.72081 9.28934
-4.72081 9.59391
-4.56853 9.74619
-4.56853 9.89848
-4.56853 10.0508
-4.41624 10.3553
-4.41624 10.5076
-4.26396 10.6599
-4.26396 10.8122
-4.11168 10.9645
-3.95939 11.269
-3.95939 11.4213
-3.80711 11.5736
-3.80711 11.7259
-3.65482 11.8782
-3.65482 12.1827
-3.50254 12.335
-3.50254 12.4873
-3.35025 12.7919
-3.35025 12.9442
-3.19797 13.0964
-3.19797 13.401
-3.04569 13.5533
-3.04569 13.7056
-2.8934 14.0102
-2.8934 14.1624
-2.74112 14.467
-2.74112 14.6193
-2.58883 14.9239
-2.58883 15.0761
-2.43655 15.3807
-2.28426 15.533
-2.28426 15.8376
-2.13198 15.9898
-1.9797 16.1421
-1.82741 16.4467
-1.67513 16.599
-1.67513 16.7513
-1.52284 17.0558
-1.37056 17.2081
-1.06599 17.3604
-0.913706 17.5127
-0.761421 17.665
-0.609137 17.8173
-0.304569 17.9695
-0.152284 18.1218
0 18.2741
0.304569 18.2741
0.456853 18.4264
0.761421 18.4264
0.913706 18.5787
1.21827 18.5787
1.37056 18.5787
1.67513 18.731
1.82741 18.731
2.13198 18.731
2.43655 18.731
2.58883 18.731
2.8934 18.731
3.04569 18.731
3.35025 18.731
3.50254 18.731
3.80711 18.731
3.95939 18.731
4.26396 18.731
4.41624 18.731
4.72081 18.8832
4.8731 18.8832
5.17766 18.8832
5.32995 18.8832
5.63452 18.8832
5.7868 18.8832
6.09137 18.8832
6.24365 19.0355
6.54822 19.0355
6.70051 19.0355
7.00508 19.0355
7.15736 19.0355
7.46193 19.0355
7.61421 19.1878
7.91878 19.1878
8.07107 19.1878
8.37563 19.1878
8.6802 19.1878
8.83249 19.1878
9.13706 19.0355
9.28934 19.0355
9.59391 19.0355
9.74619 19.0355
10.0508 18.8832
10.203 18.8832
10.5076 18.731
10.6599 18.5787
10.8122 18.5787
11.1168 18.4264
11.269 18.2741
11.4213 18.1218
11.5736 17.9695
11.8782 17.8173
12.0305 17.665
12.1827 17.5127
12.335 17.3604
12.4873 17.0558
12.6396 16.9036
12.7919 16.7513
12.9442 16.599
13.0964 16.2944
13.0964 16.1421
13.2487 15.9898
13.401 15.6853
13.5533 15.533
13.5533 15.3807
13.7056 15.2284
13.8579 14.9239
14.0102 14.7716
14.0102 14.6193
14.1624 14.467
14.3147 14.3147
14.467 14.0102
14.467 13.8579
14.6193 13.7056
14.7716 13.5533
14.9239 13.401
14.9239 13.2487
15.0761 13.0964
15.2284 12.9442
15.3807 12.7919
15.3807 12.6396
15.533 12.4873
15.6853 12.335
15.6853 12.0305
15.8376 11.8782
15.9898 11.7259
15.9898 11.5736
16.1421 11.4213
16.1421 11.269
16.2944 11.1168
16.2944 10.8122
16.4467 10.6599
16.4467 10.5076
16.599 10.3553
16.599 10.0508
16.599 9.89848
16.599 9.74619
16.7513 9.59391
16.7513 9.28934
16.7513 9.13706
16.7513 8.98477
16.7513 8.83249
16.7513 8.52792
16.7513 8.37563
16.9036 8.22335
16.9036 8.07107
16.9036 7.7665
16.9036 7.61421
16.9036 7.46193
16.9036 7.30964
17.0558 7.15736
17.0558 6.85279
17.0558 6.70051
17.2081 6.54822
17.2081 6.39594
17.3604 6.09137
