17.5127 5.7868
17.5127 5.63452
17.5127 5.48223
17.5127 5.17766
17.5127 5.02538
17.5127 4.8731
17.5127 4.72081
17.5127 4.41624
17.5127 4.26396
17.3604 4.11168
17.3604 3.80711
17.3604 3.65482
17.3604 3.50254
17.3604 3.19797
17.3604 3.04569
17.3604 2.8934
17.3604 2.58883
17.3604 2.43655
17.3604 2.28426
17.3604 1.9797
17.3604 1.82741
17.2081 1.67513
17.2081 1.37056
17.2081 1.21827
17.2081 0.913706
17.2081 0.761421
17.0558 0.609137
17.0558 0.304569
17.0558 0.152284
16.9036 -0.152284
16.9036 -0.304569
16.9036 -0.456853
16.7513 -0.761421
16.7513 -0.913706
16.599 -1.06599
16.599 -1.37056
16.4467 -1.52284
16.2944 -1.82741
16.2944 -1.9797
16.1421 -2.13198
15.9898 -2.43655
15.9898 -2.58883
15.8376 -2.74112
15.6853 -2.8934
15.533 -3.19797
15.3807 -3.35025
15.3807 -3.50254
15.2284 -3.65482
15.0761 -3.95939
14.9239 -4.11168
14.7716 -4.26396
14.6193 -4.41624
14.467 -4.56853
14.3147 -4.72081
14.0102 -4.8731
13.8579 -5.02538
13.7056 -5.17766
13.5533 -5.32995
13.401 -5.48223
13.0964 -5.63452
12.9442 -5.7868
12.7919 -5.7868
12.4873 -5.93909
12.335 -6.09137
12.1827 -6.24365
11.8782 -6.24365
11.7259 -6.39594
11.5736 -6.54822
11.269 -6.54822
11.1168 -6.70051
10.8122 -6.70051
10.6599 -6.85279
10.3553 -6.85279
10.203 -7.00508
9.89848 -7.00508
9.74619 -7.00508
9.44162 -7.15736
9.28934 -7.15736
8.98477 -7.15736
8.83249 -7.15736
8.52792 -7.15736
8.37563 -7.30964
8.07107 -7.30964
7.91878 -7.30964
7.61421 -7.30964
7.46193 -7.30964
7.15736 -7.30964
7.00508 -7.30964
6.70051 -7.15736
6.54822 -7.15736
6.24365 -7.15736
6.09137 -7.15736
5.7868 -7.15736
5.63452 -7.00508
5.32995 -7.00508
5.17766 -7.00508
4.8731 -6.85279
4.72081 -6.85279
4.56853 -6.85279
4.26396 -6.70051
4.11168 -6.70051
3.80711 -6.54822
3.65482 -6.54822
3.50254 -6.39594
3.19797 -6.24365
3.04569 -6.24365
2.8934 -6.09137
2.58883 -6.09137
2.43655 -5.93909
2.28426 -5.7868
2.13198 -5.7868
1.82741 -5.63452
1.67513 -5.48223
1.52284 -5.48223
1.37056 -5.32995
1.06599 -5.17766
0.913706 -5.02538
0.761421 -5.02538
0.609137 -4.8731
0.456853 -4.72081
0.304569 -4.56853
0 -4.56853
-0.152284 -4.41624
-0.304569 -4.26396
-0.456853 -4.11168
-0.609137 -3.95939
-0.761421 -3.95939
-0.913706 -3.80711
-1.06599 -3.65482
-1.21827 -3.50254
-1.37056 -3.35025
-1.67513 -3.19797
-1.82741 -3.04569
-1.9797 -2.8934
-1.9797 -2.74112
-2.13198 -2.58883
-2.28426 -2.43655
-2.43655 -2.28426
-2.58883 -2.13198
-2.74112 -1.9797
-2.8934 -1.82741
-2.8934 -1.67513
-3.04569 -1.52284
-3.19797 -1.21827
-3.19797 -1.06599
-3.35025 -0.913706
-3.35025 -0.761421
-3.50254 -0.456853
-3.50254 -0.304569
-3.65482 -0.152284
-3.65482 0.152284
-3.65482 0.304569
-3.65482 0.456853
-3.80711 0.761421
-3.80711 0.913706
-3.80711 1.06599
-3.80711 1.37056
-3.80711 1.52284
-3.80711 1.67513
-3.95939 1.9797
-3.95939 2.13198
-3.95939 2.28426
-3.95939 2.58883
-3.95939 2.74112
-3.95939 2.8934
-3.95939 3.04569
-3.95939 3.19797
-3.95939 3.50254
-4.11168 3.65482
-4.11168 3.80711
-4.11168 3.95939
-4.11168 4.11168
-4.26396 4.41624
-4.26396 4.56853
-4.26396 4.72081
-4.26396 4.8731
-4.41624 5.02538
-4.41624 5.32995
-4.41624 5.48223
-4.56853 5.63452
-4.56853 5.7868
-4.56853 6.09137
-4.72081 6.24365
-4.72081 6.39594
-4.72081 6.54822
-4.72081 6.85279
-4.8731 7.00508
-4.8731 7.15736
-4.8731 7.46193
-4.8731 7.61421
-4.8731 7.7665
-4.8731 8.07107
-4.8731 8.22335
-4.8731 8.37563
-4.8731 8.6802
-4.8731 8.83249
-4.8731 8.98477
-4.8731 9.28934
-4.72081 9.44162
-4.72081 9.59391
-4.72081 9.74619
-4.56853 10.0508
-4.56853 10.203
-4.56853 10.3553
-4.41624 10.6599
-4.41624 10.8122
-4.26396 10.9645
-4.26396 11.269
-4.11168 11.4213
-4.11168 11.5736
-3.95939 11.7259
-3.95939 12.0305
-3.80711 12.1827
-3.80711 12.335
-3.65482 12.6396
-3.65482 12.7919
-3.50254 12.9442
-3.50254 13.2487
-3.35025 13.401
-3.35025 13.5533
-3.19797 13.8579
-3.04569 14.0102
-3.04569 14.1624
-2.8934 14.467
-2.8934 14.6193
-2.74112 14.7716
-2.58883 15.0761
-2.58883 15.2284
-2.43655 15.533
-2.28426 15.6853
-2.13198 15.8376
-1.9797 16.1421
-1.82741 16.2944
-1.67513 16.4467
-1.52284 16.599
-1.37056 16.7513
-1.21827 16.9036
-1.06599 17.2081
-0.913706 17.3604
-0.761421 17.3604
-0.456853 17.5127
-0.304569 17.665
-0.152284 17.8173
0.152284 17.9695
0.304569 17.9695
0.609137 18.1218
0.761421 18.1218
1.06599 18.2741
1.21827 18.2741
1.52284 18.2741
1.67513 18.4264
1.9797 18.4264
2.13198 18.4264
2.43655 18.4264
2.58883 18.5787
2.8934 18.5787
3.04569 18.5787
3.35025 18.5787
3.50254 18.5787
3.80711 18.5787
3.95939 18.5787
4.26396 18.5787
4.41624 18.731
4.72081 18.731
4.8731 18.731
5.17766 18.731
5.32995 18.731
5.63452 18.731
5.7868 18.731
6.09137 18.8832
6.24365 18.8832
6.54822 18.8832
6.70051 18.8832
7.00508 18.8832
7.15736 18.8832
7.46193 19.0355
7.61421 19.0355
7.91878 19.0355
8.07107 19.0355
8.37563 19.0355
8.52792 19.0355
8.83249 18.8832
8.98477 18.8832
9.28934 18.8832
9.44162 18.8832
9.74619 18.731
9.89848 18.731
10.203 18.5787
10.3553 18.4264
10.6599 18.4264
10.8122 18.2741
10.9645 18.1218
11.1168 17.9695
11.4213 17.8173
11.5736 17.665
11.7259 17.5127
11.8782 17.3604
12.0305 17.2081
12.1827 17.0558
12.335 16.7513
12.4873 16.599
12.6396 16.4467
12.7919 16.2944
12.9442 15.9898
13.0964 15.8376
13.0964 15.6853
13.2487 15.533
13.401 15.2284
13.5533 15.0761
13.5533 14.9239
13.7056 14.7716
13.8579 14.6193
14.0102 14.3147
14.1624 14.1624
14.1624 14.0102
14.3147 13.8579
14.467 13.7056
14.6193 13.5533
14.7716 13.401
14.7716 13.2487
14.9239 13.0964
15.0761 12.9442
15.2284 12.7919
15.3807 12.6396
15.533 12.4873
15.533 12.335
15.6853 12.1827
15.8376 12.0305
15.9898 11.8782
16.1421 11.7259
16.1421 11.5736
16.2944 11.4213
16.4467 11.269
16.4467 10.9645
16.599 10.8122
16.599 10.6599
16.7513 10.5076
16.7513 10.3553
16.9036 10.0508
16.9036 9.89848
16.9036 9.74619
16.9036 9.44162
16.9036 9.28934
17.0558 9.13706
17.0558 8.98477
17.0558 8.6802
17.0558 8.52792
17.0558 8.37563
17.0558 8.07107
17.0558 7.91878
17.0558 7.7665
17.2081 7.61421
17.2081 7.30964
17.2081 7.15736
17.2081 7.00508
17.2081 6.85279
17.3604 6.54822
17.3604 6.39594
17.3604 6.24365
17.5127 6.09137
