17.5127 5.63452
17.5127 5.48223
17.5127 5.32995
17.5127 5.17766
17.5127 5.02538
17.5127 4.72081
17.5127 4.56853
17.5127 4.41624
17.5127 4.11168
17.5127 3.95939
17.5127 3.80711
17.5127 3.65482
17.5127 3.35025
17.5127 3.19797
17.5127 3.04569
17.5127 2.74112
17.5127 2.58883
17.5127 2.43655
17.5127 2.13198
17.5127 1.9797
17.5127 1.82741
17.5127 1.52284
17.5127 1.37056
17.3604 1.06599
17.3604 0.913706
17.3604 0.761421
17.3604 0.456853
17.3604 0.304569
17.2081 0
17.2081 -0.152284
17.2081 -0.304569
17.0558 -0.609137
17.0558 -0.761421
16.9036 -0.913706
16.9036 -1.21827
16.7513 -1.37056
16.599 -1.52284
16.599 -1.82741
16.4467 -1.9797
16.2944 -2.13198
16.2944 -2.43655
16.1421 -2.58883
15.9898 -2.74112
15.8376 -2.8934
15.8376 -3.19797
15.6853 -3.35025
15.533 -3.50254
15.3807 -3.65482
15.2284 -3.80711
15.0761 -3.95939
14.9239 -4.11168
14.7716 -4.41624
14.6193 -4.56853
14.467 -4.72081
14.3147 -4.8731
14.1624 -5.02538
13.8579 -5.17766
13.7056 -5.32995
13.5533 -5.48223
13.401 -5.48223
13.2487 -5.63452
12.9442 -5.7868
12.7919 -5.93909
12.6396 -6.09137
12.4873 -6.24365
12.1827 -6.24365
12.0305 -6.39594
11.7259 -6.54822
11.5736 -6.54822
11.4213 -6.70051
11.1168 -6.85279
10.9645 -6.85279
10.6599 -7.00508
10.5076 -7.00508
10.203 -7.00508
10.0508 -7.15736
9.89848 -7.15736
9.59391 -7.15736
9.44162 -7.30964
9.13706 -7.30964
8.98477 -7.30964
8.6802 -7.30964
8.37563 -7.30964
8.22335 -7.46193
7.91878 -7.46193
7.7665 -7.46193
7.46193 -7.46193
7.30964 -7.30964
7.00508 -7.30964
6.85279 -7.30964
6.54822 -7.30964
6.39594 -7.30964
6.09137 -7.30964
5.93909 -7.15736
5.7868 -7.15736
5.48223 -7.15736
5.32995 -7.15736
5.02538 -7.00508
4.8731 -7.00508
4.56853 -6.85279
4.41624 -6.85279
4.26396 -6.70051
3.95939 -6.70051
3.80711 -6.54822
3.50254 -6.54822
3.35025 -6.39594
3.19797 -6.39594
2.8934 -6.24365
2.74112 -6.09137
2.58883 -6.09137
2.43655 -5.93909
2.13198 -5.93909
1.9797 -5.7868
1.82741 -5.63452
1.67513 -5.48223
1.37056 -5.48223
1.21827 -5.32995
1.06599 -5.17766
0.913706 -5.17766
0.609137 -5.02538
0.456853 -4.8731
0.304569 -4.72081
0.152284 -4.56853
0 -4.56853
-0.152284 -4.41624
-0.456853 -4.26396
-0.609137 -4.11168
-0.761421 -3.95939
-0.913706 -3.95939
-1.06599 -3.80711
-1.21827 -3.65482
-1.37056 -3.50254
-1.52284 -3.35025
-1.67513 -3.19797
-1.82741 -3.04569
-1.9797 -2.8934
-2.13198 -2.74112
-2.28426 -2.58883
-2.43655 -2.43655
-2.58883 -2.28426
-2.58883 -2.13198
-2.74112 -1.82741
-2.8934 -1.67513
-2.8934 -1.52284
-3.04569 -1.37056
-3.19797 -1.06599
-3.19797 -0.913706
-3.35025 -0.761421
-3.35025 -0.456853
-3.35025 -0.304569
-3.50254 -0.152284
-3.50254 0.152284
-3.50254 0.304569
-3.50254 0.456853
-3.65482 0.761421
-3.65482 0.913706
-3.65482 1.21827
-3.65482 1.37056
-3.65482 1.52284
-3.65482 1.82741
-3.65482 1.9797
-3.65482 2.13198
-3.65482 2.28426
-3.80711 2.58883
-3.80711 2.74112
-3.80711 2.8934
-3.80711 3.04569
-3.80711 3.35025
-3.80711 3.50254
-3.80711 3.65482
-3.95939 3.80711
-3.95939 4.11168
-3.95939 4.26396
-3.95939 4.41624
-4.11168 4.56853
-4.11168 4.72081
-4.11168 5.02538
-4.26396 5.17766
-4.26396 5.32995
-4.26396 5.48223
-4.41624 5.63452
-4.41624 5.93909
-4.41624 6.09137
-4.56853 6.24365
-4.56853 6.54822
-4.56853 6.70051
-4.72081 6.85279
-4.72081 7.15736
-4.72081 7.30964
-4.72081 7.46193
-4.72081 7.7665
-4.72081 7.91878
-4.72081 8.07107
-4.72081 8.37563
-4.72081 8.52792
-4.72081 8.83249
-4.72081 8.98477
-4.72081 9.13706
-4.72081 9.44162
-4.72081 9.59391
-4.56853 9.74619
-4.56853 10.0508
-4.56853 10.203
-4.41624 10.3553
-4.41624 10.6599
-4.41624 10.8122
-4.26396 10.9645
-4.26396 11.269
-4.11168 11.4213
-4.11168 11.5736
-3.95939 11.8782
-3.95939 12.0305
-3.80711 12.1827
-3.80711 12.4873
-3.65482 12.6396
-3.65482 12.9442
-3.50254 13.0964
-3.50254 13.2487
-3.35025 13.5533
-3.19797 13.7056
-3.19797 13.8579
-3.04569 14.1624
-2.8934 14.3147
-2.8934 14.467
-2.74112 14.7716
-2.58883 14.9239
-2.43655 15.2284
-2.43655 15.3807
-2.28426 15.533
-2.13198 15.6853
-1.9797 15.9898
-1.82741 16.1421
-1.67513 16.2944
-1.52284 16.4467
-1.37056 16.7513
-1.21827 16.9036
-1.06599 17.0558
-0.761421 17.2081
-0.609137 17.3604
-0.456853 17.5127
-0.304569 17.5127
0 17.665
0.152284 17.8173
0.456853 17.9695
0.609137 17.9695
0.913706 18.1218
1.06599 18.1218
1.37056 18.2741
1.52284 18.2741
1.82741 18.4264
1.9797 18.4264
2.28426 18.4264
2.43655 18.4264
2.74112 18.5787
2.8934 18.5787
3.19797 18.5787
3.35025 18.5787
3.65482 18.5787
3.80711 18.5787
4.11168 18.5787
4.26396 18.5787
4.56853 18.5787
4.72081 18.731
5.02538 18.731
5.17766 18.731
5.48223 18.731
5.63452 18.731
5.93909 18.731
6.09137 18.731
6.39594 18.731
6.54822 18.731
6.85279 18.731
7.00508 18.731
7.30964 18.731
7.46193 18.731
7.7665 18.731
7.91878 18.731
8.22335 18.731
8.37563 18.731
8.6802 18.731
8.83249 18.731
9.13706 18.5787
9.28934 18.5787
9.59391 18.5787
9.74619 18.4264
10.0508 18.4264
10.203 18.2741
10.5076 18.2741
10.6599 18.1218
10.8122 17.9695
11.1168 17.8173
11.269 17.8173
11.4213 17.665
11.5736 17.5127
11.7259 17.3604
12.0305 17.2081
12.1827 17.0558
12.335 16.9036
12.4873 16.7513
12.6396 16.4467
12.7919 16.2944
12.9442 16.1421
13.0964 15.9898
13.0964 15.8376
13.2487 15.6853
13.401 15.3807
13.5533 15.2284
13.7056 15.0761
13.8579 14.9239
13.8579 14.7716
14.0102 14.467
14.1624 14.3147
14.3147 14.1624
14.3147 14.0102
14.467 13.8579
14.6193 13.7056
14.7716 13.5533
14.7716 13.401
14.9239 13.2487
15.0761 13.0964
15.2284 12.9442
15.2284 12.7919
15.3807 12.6396
15.533 12.4873
15.6853 12.1827
15.6853 12.0305
15.8376 11.8782
15.9898 11.7259
15.9898 11.5736
16.1421 11.4213
16.2944 11.269
16.2944 11.1168
16.4467 10.9645
16.599 10.8122
16.599 10.5076
16.7513 10.3553
16.7513 10.203
16.7513 10.0508
16.9036 9.89848
16.9036 9.74619
17.0558 9.44162
17.0558 9.28934
17.0558 9.13706
17.0558 8.98477
17.2081 8.6802
17.2081 8.52792
17.2081 8.37563
17.2081 8.22335
17.2081 7.91878
17.3604 7.7665
17.3604 7.61421
17.3604 7.46193
17.3604 7.15736
17.3604 7.00508
17.3604 6.85279
17.3604 6.70051
17.5127 6.39594
17.5127 6.24365
17.5127 6.09137
17.5127 5.93909
