17.8173 5.63452
17.8173 5.48223
17.8173 5.32995
17.665 5.17766
17.665 4.8731
17.665 4.72081
17.665 4.56853
17.665 4.41624
17.665 4.11168
17.665 3.95939
17.665 3.80711
17.665 3.65482
17.665 3.35025
17.665 3.19797
17.665 3.04569
17.5127 2.74112
17.5127 2.58883
17.5127 2.43655
17.5127 2.13198
17.5127 1.9797
17.5127 1.67513
17.5127 1.52284
17.5127 1.37056
17.5127 1.06599
17.5127 0.913706
17.5127 0.609137
17.3604 0.456853
17.3604 0.304569
17.3604 0
17.2081 -0.152284
17.2081 -0.456853
17.2081 -0.609137
17.0558 -0.761421
17.0558 -1.06599
16.9036 -1.21827
16.9036 -1.37056
16.7513 -1.67513
16.7513 -1.82741
16.599 -1.9797
16.4467 -2.28426
16.4467 -2.43655
16.2944 -2.58883
16.1421 -2.8934
15.9898 -3.04569
15.8376 -3.19797
15.8376 -3.35025
15.6853 -3.50254
15.533 -3.80711
15.3807 -3.95939
15.2284 -4.11168
15.0761 -4.26396
14.9239 -4.41624
14.7716 -4.56853
14.6193 -4.72081
14.3147 -4.8731
14.1624 -5.02538
14.0102 -5.17766
13.8579 -5.32995
13.7056 -5.48223
13.401 -5.63452
13.2487 -5.7868
13.0964 -5.7868
12.9442 -5.93909
12.6396 -6.09137
12.4873 -6.24365
12.335 -6.24365
12.0305 -6.39594
11.8782 -6.54822
11.5736 -6.54822
11.4213 -6.70051
11.269 -6.70051
10.9645 -6.85279
10.8122 -7.00508
10.5076 -7.00508
10.3553 -7.00508
10.0508 -7.15736
9.89848 -7.15736
9.59391 -7.15736
9.44162 -7.30964
9.13706 -7.30964
8.98477 -7.30964
8.6802 -7.30964
8.52792 -7.46193
8.22335 -7.46193
8.07107 -7.46193
7.7665 -7.46193
7.61421 -7.46193
7.30964 -7.46193
7.15736 -7.46193
6.85279 -7.46193
6.70051 -7.46193
6.39594 -7.46193
6.24365 -7.30964
5.93909 -7.30964
5.7868 -7.30964
5.48223 -7.30964
5.32995 -7.15736
5.02538 -7.15736
4.8731 -7.00508
4.72081 -7.00508
4.41624 -7.00508
4.26396 -6.85279
3.95939 -6.85279
3.80711 -6.70051
3.65482 -6.54822
3.35025 -6.54822
3.19797 -6.39594
3.04569 -6.39594
2.74112 -6.24365
2.58883 -6.09137
2.43655 -6.09137
2.28426 -5.93909
1.9797 -5.7868
1.82741 -5.63452
1.67513 -5.63452
1.52284 -5.48223
1.21827 -5.32995
1.06599 -5.17766
0.913706 -5.17766
0.761421 -5.02538
0.609137 -4.8731
0.456853 -4.72081
0.152284 -4.56853
0 -4.56853
-0.152284 -4.41624
-0.304569 -4.26396
-0.456853 -4.11168
-0.609137 -3.95939
-0.761421 -3.80711
-0.913706 -3.80711
-1.06599 -3.65482
-1.37056 -3.50254
-1.52284 -3.35025
-1.67513 -3.19797
-1.82741 -3.04569
-1.82741 -2.8934
-1.9797 -2.74112
-2.13198 -2.58883
-2.28426 -2.43655
-2.43655 -2.28426
-2.58883 -1.9797
-2.74112 -1.82741
-2.74112 -1.67513
-2.8934 -1.52284
-2.8934 -1.37056
-3.04569 -1.06599
-3.04569 -0.913706
-3.19797 -0.761421
-3.19797 -0.456853
-3.35025 -0.304569
-3.35025 -0.152284
-3.35025 0.152284
-3.35025 0.304569
-3.50254 0.609137
-3.50254 0.761421
-3.50254 0.913706
-3.50254 1.21827
-3.50254 1.37056
-3.50254 1.52284
-3.50254 1.82741
-3.50254 1.9797
-3.50254 2.13198
-3.65482 2.43655
-3.65482 2.58883
-3.65482 2.74112
-3.65482 2.8934
-3.65482 3.19797
-3.65482 3.35025
-3.65482 3.50254
-3.65482 3.65482
-3.80711 3.80711
-3.80711 4.11168
-3.80711 4.26396
-3.95939 4.41624
-3.95939 4.56853
-3.95939 4.72081
-4.11168 5.02538
-4.11168 5.17766
-4.11168 5.32995
-4.26396 5.48223
-4.26396 5.63452
-4.26396 5.93909
-4.41624 6.09137
-4.41624 6.24365
-4.41624 6.54822
-4.56853 6.70051
-4.56853 6.85279
-4.56853 7.15736
-4.56853 7.30964
-4.72081 7.46193
-4.72081 7.7665
-4.72081 7.91878
-4.72081 8.07107
-4.72081 8.37563
-4.72081 8.52792
-4.72081 8.6802
-4.72081 8.98477
-4.72081 9.13706
-4.72081 9.44162
-4.56853 9.59391
-4.56853 9.74619
-4.56853 10.0508
-4.41624 10.203
-4.41624 10.3553
-4.41624 10.6599
-4.26396 10.8122
-4.26396 10.9645
-4.11168 11.269
-4.11168 11.4213
-4.11168 11.5736
-3.95939 11.8782
-3.95939 12.0305
-3.80711 12.1827
-3.65482 12.4873
-3.65482 12.6396
-3.50254 12.7919
-3.50254 13.0964
-3.35025 13.2487
-3.19797 13.401
-3.19797 13.7056
-3.04569 13.8579
-3.04569 14.1624
-2.8934 14.3147
-2.74112 14.467
-2.58883 14.7716
-2.58883 14.9239
-2.43655 15.0761
-2.28426 15.2284
-2.13198 15.533
-1.9797 15.6853
-1.82741 15.8376
-1.67513 15.9898
-1.52284 16.2944
-1.37056 16.4467
-1.21827 16.599
-1.06599 16.7513
-0.913706 16.9036
-0.761421 17.0558
-0.456853 17.2081
-0.304569 17.3604
-0.152284 17.5127
0.152284 17.665
0.304569 17.665
0.456853 17.8173
0.761421 17.9695
0.913706 17.9695
1.21827 18.1218
1.37056 18.1218
1.67513 18.1218
1.82741 18.2741
2.13198 18.2741
2.28426 18.2741
2.58883 18.4264
2.74112 18.4264
3.04569 18.4264
3.19797 18.4264
3.50254 18.4264
3.65482 18.4264
3.95939 18.5787
4.11168 18.5787
4.41624 18.5787
4.56853 18.5787
4.8731 18.5787
5.02538 18.5787
5.32995 18.5787
5.48223 18.5787
5.7868 18.5787
5.93909 18.5787
6.24365 18.5787
6.39594 18.5787
6.70051 18.5787
6.85279 18.5787
7.15736 18.5787
7.30964 18.5787
7.61421 18.5787
7.7665 18.5787
8.07107 18.5787
8.22335 18.5787
8.52792 18.4264
8.6802 18.4264
8.98477 18.4264
9.13706 18.4264
9.28934 18.2741
9.59391 18.2741
9.74619 18.1218
10.0508 18.1218
10.203 17.9695
10.3553 17.9695
10.6599 17.8173
10.8122 17.8173
10.9645 17.665
11.269 17.5127
11.4213 17.3604
11.5736 17.2081
11.7259 17.0558
11.8782 16.9036
12.0305 16.7513
12.335 16.599
12.4873 16.4467
12.6396 16.2944
12.7919 16.1421
12.9442 15.9898
12.9442 15.8376
13.0964 15.6853
13.2487 15.533
13.401 15.3807
13.5533 15.2284
13.7056 14.9239
13.8579 14.7716
13.8579 14.6193
14.0102 14.467
14.1624 14.3147
14.3147 14.1624
14.467 14.0102
14.467 13.8579
14.6193 13.7056
14.7716 13.5533
14.9239 13.401
15.0761 13.2487
15.0761 13.0964
15.2284 12.9442
15.3807 12.7919
15.533 12.6396
15.6853 12.4873
15.6853 12.335
15.8376 12.1827
15.9898 12.0305
15.9898 11.7259
16.1421 11.5736
16.2944 11.4213
16.2944 11.269
16.4467 11.1168
16.599 10.9645
16.599 10.8122
16.7513 10.6599
16.7513 10.3553
16.9036 10.203
16.9036 10.0508
16.9036 9.89848
17.0558 9.59391
17.0558 9.44162
17.0558 9.28934
17.0558 9.13706
17.2081 8.83249
17.2081 8.6802
17.2081 8.52792
17.2081 8.37563
17.2081 8.22335
17.3604 7.91878
17.3604 7.7665
17.3604 7.61421
17.3604 7.46193
17.3604 7.15736
17.5127 7.00508
17.5127 6.85279
17.5127 6.70051
17.665 6.39594
17.665 6.24365
17.665 6.09137
17.8173 5.93909
