17.8173 5.48223
17.8173 5.32995
17.8173 5.02538
17.8173 4.8731
17.8173 4.72081
17.8173 4.56853
17.8173 4.26396
17.8173 4.11168
17.8173 3.95939
17.665 3.65482
17.665 3.50254
17.665 3.35025
17.665 3.19797
17.665 2.8934
17.665 2.74112
17.665 2.58883
17.665 2.28426
17.665 2.13198
17.665 1.9797
17.665 1.67513
17.5127 1.52284
17.5127 1.37056
17.5127 1.06599
17.5127 0.913706
17.5127 0.609137
17.5127 0.456853
17.3604 0.304569
17.3604 0
17.3604 -0.152284
17.3604 -0.456853
17.2081 -0.609137
17.2081 -0.913706
17.2081 -1.06599
17.0558 -1.21827
17.0558 -1.52284
16.9036 -1.67513
16.9036 -1.9797
16.7513 -2.13198
16.7513 -2.43655
16.599 -2.58883
16.599 -2.74112
16.4467 -3.04569
16.2944 -3.19797
16.1421 -3.35025
16.1421 -3.65482
15.9898 -3.80711
15.8376 -3.95939
15.6853 -4.11168
15.533 -4.41624
15.3807 -4.56853
15.2284 -4.72081
15.0761 -4.8731
14.9239 -5.02538
14.7716 -5.17766
14.467 -5.32995
14.3147 -5.48223
14.1624 -5.48223
14.0102 -5.63452
13.7056 -5.7868
13.5533 -5.93909
13.401 -5.93909
13.0964 -6.09137
12.9442 -6.24365
12.6396 -6.24365
12.4873 -6.39594
12.335 -6.54822
12.0305 -6.54822
11.8782 -6.70051
11.5736 -6.70051
11.4213 -6.85279
11.1168 -6.85279
10.9645 -6.85279
10.8122 -7.00508
10.5076 -7.00508
10.3553 -7.00508
10.0508 -7.15736
9.89848 -7.15736
9.59391 -7.15736
9.44162 -7.30964
9.13706 -7.30964
8.98477 -7.30964
8.6802 -7.30964
8.52792 -7.46193
8.22335 -7.46193
8.07107 -7.46193
7.7665 -7.46193
7.61421 -7.46193
7.30964 -7.46193
7.15736 -7.46193
6.85279 -7.46193
6.70051 -7.46193
6.54822 -7.46193
6.24365 -7.46193
6.09137 -7.46193
5.7868 -7.30964
5.63452 -7.30964
5.32995 -7.30964
5.17766 -7.15736
4.8731 -7.15736
4.72081 -7.00508
4.56853 -7.00508
4.26396 -6.85279
4.11168 -6.85279
3.80711 -6.70051
3.65482 -6.70051
3.50254 -6.54822
3.35025 -6.39594
3.04569 -6.39594
2.8934 -6.24365
2.74112 -6.09137
2.58883 -5.93909
2.28426 -5.93909
2.13198 -5.7868
1.9797 -5.63452
1.82741 -5.48223
1.67513 -5.48223
1.37056 -5.32995
1.21827 -5.17766
1.06599 -5.02538
0.913706 -5.02538
0.761421 -4.8731
0.609137 -4.72081
0.456853 -4.56853
0.152284 -4.56853
0 -4.41624
-0.152284 -4.26396
-0.304569 -4.11168
-0.456853 -4.11168
-0.609137 -3.95939
-0.761421 -3.80711
-0.913706 -3.65482
-1.21827 -3.50254
-1.37056 -3.50254
-1.52284 -3.35025
-1.67513 -3.19797
-1.82741 -3.04569
-1.9797 -2.8934
-2.13198 -2.74112
-2.28426 -2.58883
-2.28426 -2.43655
-2.43655 -2.28426
-2.58883 -2.13198
-2.74112 -1.82741
-2.74112 -1.67513
-2.8934 -1.52284
-3.04569 -1.37056
-3.04569 -1.06599
-3.19797 -0.913706
-3.19797 -0.761421
-3.19797 -0.456853
-3.35025 -0.304569
-3.35025 -0.152284
-3.35025 0.152284
-3.35025 0.304569
-3.35025 0.609137
-3.35025 0.761421
-3.35025 0.913706
-3.35025 1.21827
-3.35025 1.37056
-3.35025 1.52284
-3.35025 1.82741
-3.35025 1.9797
-3.35025 2.13198
-3.35025 2.43655
-3.35025 2.58883
-3.35025 2.74112
-3.35025 2.8934
-3.35025 3.19797
-3.50254 3.35025
-3.50254 3.50254
-3.50254 3.65482
-3.50254 3.80711
-3.50254 3.95939
-3.50254 4.26396
-3.65482 4.41624
-3.65482 4.56853
-3.65482 4.72081
-3.80711 4.8731
-3.80711 5.17766
-3.80711 5.32995
-3.95939 5.48223
-3.95939 5.63452
-3.95939 5.7868
-4.11168 6.09137
-4.11168 6.24365
-4.11168 6.39594
-4.26396 6.54822
-4.26396 6.85279
-4.26396 7.00508
-4.41624 7.15736
-4.41624 7.46193
-4.41624 7.61421
-4.41624 7.7665
-4.41624 8.07107
-4.41624 8.22335
-4.41624 8.52792
-4.41624 8.6802
-4.41624 8.83249
-4.41624 9.13706
-4.41624 9.28934
-4.41624 9.59391
-4.41624 9.74619
-4.41624 9.89848
-4.41624 10.203
-4.41624 10.3553
-4.26396 10.6599
-4.26396 10.8122
-4.26396 10.9645
-4.11168 11.269
-4.11168 11.4213
-4.11168 11.7259
-3.95939 11.8782
-3.95939 12.0305
-3.80711 12.335
-3.80711 12.4873
-3.65482 12.7919
-3.65482 12.9442
-3.50254 13.0964
-3.35025 13.401
-3.35025 13.5533
-3.19797 13.7056
-3.04569 14.0102
-3.04569 14.1624
-2.8934 14.467
-2.74112 14.6193
-2.58883 14.7716
-2.43655 14.9239
-2.28426 15.2284
-2.13198 15.3807
-1.9797 15.533
-1.82741 15.6853
-1.67513 15.8376
-1.52284 15.9898
-1.37056 16.2944
-1.21827 16.4467
-1.06599 16.599
-0.913706 16.7513
-0.609137 16.9036
-0.456853 16.9036
-0.304569 17.0558
0 17.2081
0.152284 17.3604
0.304569 17.3604
0.609137 17.5127
0.761421 17.665
1.06599 17.665
1.21827 17.8173
1.52284 17.8173
1.67513 17.8173
1.9797 17.9695
2.13198 17.9695
2.43655 17.9695
2.58883 18.1218
2.8934 18.1218
3.04569 18.1218
3.35025 18.1218
3.50254 18.1218
3.80711 18.2741
3.95939 18.2741
4.26396 18.2741
4.41624 18.2741
4.72081 18.2741
4.8731 18.2741
5.17766 18.2741
5.32995 18.2741
5.63452 18.2741
5.7868 18.2741
6.09137 18.2741
6.24365 18.4264
6.54822 18.4264
6.70051 18.4264
6.85279 18.4264
7.15736 18.4264
7.30964 18.4264
7.61421 18.4264
7.7665 18.4264
8.07107 18.4264
8.22335 18.2741
8.52792 18.2741
8.6802 18.2741
8.98477 18.2741
9.13706 18.2741
9.44162 18.1218
9.59391 18.1218
9.89848 18.1218
10.0508 17.9695
10.203 17.9695
10.5076 17.8173
10.6599 17.665
10.8122 17.665
11.1168 17.5127
11.269 17.3604
11.4213 17.2081
11.5736 17.0558
11.8782 17.0558
12.0305 16.9036
12.1827 16.7513
12.335 16.599
12.4873 16.4467
12.6396 16.1421
12.7919 15.9898
12.9442 15.8376
13.0964 15.6853
13.2487 15.533
13.401 15.3807
13.5533 15.2284
13.7056 15.0761
13.7056 14.7716
13.8579 14.6193
14.0102 14.467
14.1624 14.3147
14.3147 14.1624
14.3147 14.0102
14.467 13.8579
14.6193 13.7056
14.7716 13.5533
14.9239 13.401
14.9239 13.2487
15.0761 13.0964
15.2284 12.9442
15.3807 12.7919
15.533 12.6396
15.533 12.4873
15.6853 12.335
15.8376 12.0305
15.9898 11.8782
15.9898 11.7259
16.1421 11.5736
16.2944 11.4213
16.2944 11.269
16.4467 11.1168
16.599 10.9645
16.599 10.8122
16.7513 10.6599
16.7513 10.3553
16.9036 10.203
16.9036 10.0508
17.0558 9.89848
17.0558 9.59391
17.2081 9.44162
17.2081 9.28934
17.2081 9.13706
17.2081 8.83249
17.3604 8.6802
17.3604 8.52792
17.3604 8.37563
17.3604 8.07107
17.3604 7.91878
17.5127 7.7665
17.5127 7.61421
17.5127 7.30964
17.5127 7.15736
17.5127 7.00508
17.665 6.85279
17.665 6.54822
17.665 6.39594
17.665 6.24365
17.8173 6.09137
17.8173 5.7868
17.8173 5.63452
