17.8173 5.32995
17.8173 5.17766
17.8173 5.02538
17.8173 4.72081
17.8173 4.56853
17.8173 4.41624
17.8173 4.26396
17.8173 3.95939
17.8173 3.80711
17.8173 3.65482
17.8173 3.35025
17.8173 3.19797
17.8173 3.04569
17.8173 2.8934
17.8173 2.58883
17.8173 2.43655
17.8173 2.28426
17.8173 1.9797
17.8173 1.82741
17.665 1.67513
17.665 1.37056
17.665 1.21827
17.665 1.06599
17.665 0.761421
17.665 0.609137
17.5127 0.304569
17.5127 0.152284
17.5127 0
17.5127 -0.304569
17.3604 -0.456853
17.3604 -0.761421
17.3604 -0.913706
17.2081 -1.06599
17.2081 -1.37056
17.2081 -1.52284
17.0558 -1.82741
17.0558 -1.9797
16.9036 -2.28426
16.7513 -2.43655
16.7513 -2.58883
16.599 -2.8934
16.599 -3.04569
16.4467 -3.19797
16.2944 -3.50254
16.1421 -3.65482
15.9898 -3.80711
15.9898 -3.95939
15.8376 -4.26396
15.6853 -4.41624
15.533 -4.56853
15.3807 -4.72081
15.0761 -4.8731
14.9239 -5.02538
14.7716 -5.17766
14.6193 -5.32995
14.467 -5.48223
14.3147 -5.63452
14.0102 -5.63452
13.8579 -5.7868
13.7056 -5.93909
13.401 -6.09137
13.2487 -6.09137
13.0964 -6.24365
12.7919 -6.24365
12.6396 -6.39594
12.335 -6.54822
12.1827 -6.54822
12.0305 -6.70051
11.7259 -6.70051
11.5736 -6.85279
11.269 -6.85279
11.1168 -6.85279
10.8122 -7.00508
10.6599 -7.00508
10.5076 -7.15736
10.203 -7.15736
10.0508 -7.15736
9.74619 -7.30964
9.59391 -7.30964
9.28934 -7.30964
9.13706 -7.30964
8.83249 -7.30964
8.6802 -7.46193
8.37563 -7.46193
8.22335 -7.46193
8.07107 -7.46193
7.7665 -7.46193
7.61421 -7.46193
7.30964 -7.46193
7.15736 -7.46193
6.85279 -7.46193
6.70051 -7.46193
6.39594 -7.46193
6.24365 -7.46193
5.93909 -7.30964
5.7868 -7.30964
5.48223 -7.30964
5.32995 -7.15736
5.17766 -7.15736
4.8731 -7.15736
4.72081 -7.00508
4.41624 -7.00508
4.26396 -6.85279
4.11168 -6.70051
3.80711 -6.70051
3.65482 -6.54822
3.50254 -6.54822
3.35025 -6.39594
3.04569 -6.24365
2.8934 -6.24365
2.74112 -6.09137
2.58883 -5.93909
2.28426 -5.93909
2.13198 -5.7868
1.9797 -5.63452
1.82741 -5.48223
1.67513 -5.48223
1.52284 -5.32995
1.21827 -5.17766
1.06599 -5.02538
0.913706 -5.02538
0.761421 -4.8731
0.609137 -4.72081
0.456853 -4.72081
0.152284 -4.56853
0 -4.41624
-0.152284 -4.26396
-0.304569 -4.26396
-0.456853 -4.11168
-0.609137 -3.95939
-0.913706 -3.80711
-1.06599 -3.80711
-1.21827 -3.65482
-1.37056 -3.50254
-1.52284 -3.35025
-1.67513 -3.19797
-1.82741 -3.04569
-1.9797 -2.8934
-2.13198 -2.74112
-2.28426 -2.58883
-2.43655 -2.43655
-2.43655 -2.28426
-2.58883 -2.13198
-2.74112 -1.82741
-2.74112 -1.67513
-2.8934 -1.52284
-2.8934 -1.21827
-3.04569 -1.06599
-3.04569 -0.913706
-3.19797 -0.609137
-3.19797 -0.456853
-3.19797 -0.304569
-3.19797 0
-3.35025 0.152284
-3.35025 0.456853
-3.35025 0.609137
-3.35025 0.761421
-3.35025 1.06599
-3.35025 1.21827
-3.35025 1.37056
-3.35025 1.67513
-3.35025 1.82741
-3.35025 1.9797
-3.35025 2.28426
-3.35025 2.43655
-3.35025 2.58883
-3.35025 2.74112
-3.35025 3.04569
-3.35025 3.19797
-3.35025 3.35025
-3.35025 3.50254
-3.50254 3.65482
-3.50254 3.95939
-3.50254 4.11168
-3.50254 4.26396
-3.65482 4.41624
-3.65482 4.56853
-3.65482 4.8731
-3.65482 5.02538
-3.80711 5.17766
-3.80711 5.32995
-3.80711 5.48223
-3.95939 5.7868
-3.95939 5.93909
-4.11168 6.09137
-4.11168 6.24365
-4.11168 6.54822
-4.26396 6.70051
-4.26396 6.85279
-4.26396 7.15736
-4.26396 7.30964
-4.41624 7.46193
-4.41624 7.7665
-4.41624 7.91878
-4.41624 8.22335
-4.41624 8.37563
-4.41624 8.52792
-4.41624 8.83249
-4.41624 8.98477
-4.41624 9.28934
-4.41624 9.44162
-4.41624 9.74619
-4.41624 9.89848
-4.41624 10.0508
-4.26396 10.3553
-4.26396 10.5076
-4.26396 10.8122
-4.26396 10.9645
-4.11168 11.269
-4.11168 11.4213
-4.11168 11.7259
-3.95939 11.8782
-3.95939 12.0305
-3.80711 12.335
-3.80711 12.4873
-3.65482 12.7919
-3.50254 12.9442
-3.50254 13.0964
-3.35025 13.401
-3.19797 13.5533
-3.19797 13.7056
-3.04569 14.0102
-2.8934 14.1624
-2.74112 14.3147
-2.58883 14.6193
-2.58883 14.7716
-2.43655 14.9239
-2.28426 15.0761
-2.13198 15.2284
-1.9797 15.533
-1.82741 15.6853
-1.52284 15.8376
-1.37056 15.9898
-1.21827 16.1421
-1.06599 16.2944
-0.913706 16.4467
-0.609137 16.599
-0.456853 16.7513
-0.304569 16.7513
0 16.9036
0.152284 17.0558
0.304569 17.0558
0.609137 17.2081
0.761421 17.3604
1.06599 17.3604
1.21827 17.5127
1.52284 17.5127
1.67513 17.665
1.9797 17.665
2.13198 17.665
2.43655 17.8173
2.58883 17.8173
2.8934 17.8173
3.04569 17.8173
3.35025 17.8173
3.50254 17.9695
3.80711 17.9695
3.95939 17.9695
4.26396 17.9695
4.41624 17.9695
4.72081 17.9695
4.8731 17.9695
5.02538 18.1218
5.32995 18.1218
5.48223 18.1218
5.7868 18.1218
5.93909 18.1218
6.24365 18.1218
6.39594 18.1218
6.70051 18.1218
6.85279 18.1218
7.15736 18.1218
7.30964 18.1218
7.61421 18.2741
7.7665 18.2741
8.07107 18.2741
8.22335 18.1218
8.52792 18.1218
8.6802 18.1218
8.83249 18.1218
9.13706 18.1218
9.28934 18.1218
9.59391 18.1218
9.74619 17.9695
10.0508 17.9695
10.203 17.8173
10.5076 17.8173
10.6599 17.665
10.8122 17.665
11.1168 17.5127
11.269 17.5127
11.4213 17.3604
11.7259 17.2081
11.8782 17.0558
12.0305 16.9036
12.1827 16.7513
12.335 16.599
12.4873 16.4467
12.7919 16.2944
12.9442 16.1421
13.0964 15.9898
13.2487 15.8376
13.401 15.6853
13.5533 15.533
13.5533 15.3807
13.7056 15.2284
13.8579 15.0761
14.0102 14.7716
14.1624 14.6193
14.3147 14.467
14.467 14.3147
14.467 14.1624
14.6193 14.0102
14.7716 13.8579
14.9239 13.7056
15.0761 13.5533
15.0761 13.401
15.2284 13.0964
15.3807 12.9442
15.533 12.7919
15.6853 12.6396
15.6853 12.4873
15.8376 12.335
15.9898 12.1827
16.1421 12.0305
16.1421 11.8782
16.2944 11.7259
16.4467 11.5736
16.4467 11.4213
16.599 11.1168
16.7513 10.9645
16.7513 10.8122
16.9036 10.6599
16.9036 10.5076
17.0558 10.3553
17.0558 10.0508
17.2081 9.89848
17.2081 9.74619
17.2081 9.59391
17.3604 9.28934
17.3604 9.13706
17.3604 8.98477
17.3604 8.83249
17.3604 8.52792
17.5127 8.37563
17.5127 8.22335
17.5127 7.91878
17.5127 7.7665
17.5127 7.61421
17.5127 7.46193
17.5127 7.15736
17.5127 7.00508
17.665 6.85279
17.665 6.70051
17.665 6.54822
17.665 6.24365
17.665 6.09137
17.665 5.93909
17.8173 5.7868
17.8173 5.48223
