17.8173 5.48223
17.8173 5.32995
17.8173 5.02538
17.8173 4.8731
17.9695 4.72081
17.9695 4.56853
17.9695 4.26396
17.9695 4.11168
17.9695 3.95939
17.9695 3.80711
17.9695 3.50254
17.9695 3.35025
17.9695 3.19797
17.9695 2.8934
17.9695 2.74112
17.9695 2.58883
17.9695 2.43655
17.8173 2.13198
17.8173 1.9797
17.8173 1.82741
17.8173 1.52284
17.8173 1.37056
17.8173 1.21827
17.8173 0.913706
17.665 0.761421
17.665 0.456853
17.665 0.304569
17.665 0.152284
17.665 -0.152284
17.5127 -0.304569
17.5127 -0.609137
17.5127 -0.761421
17.3604 -0.913706
17.3604 -1.21827
17.2081 -1.37056
17.2081 -1.67513
17.2081 -1.82741
17.0558 -1.9797
17.0558 -2.28426
16.9036 -2.43655
16.7513 -2.74112
16.7513 -2.8934
16.599 -3.04569
16.4467 -3.35025
16.2944 -3.50254
16.2944 -3.65482
16.1421 -3.80711
15.9898 -4.11168
15.8376 -4.26396
15.6853 -4.41624
15.533 -4.56853
15.3807 -4.72081
15.2284 -4.8731
15.0761 -5.02538
14.7716 -5.17766
14.6193 -5.32995
14.467 -5.48223
14.3147 -5.63452
14.0102 -5.63452
13.8579 -5.7868
13.7056 -5.93909
13.401 -6.09137
13.2487 -6.09137
13.0964 -6.24365
12.7919 -6.39594
12.6396 -6.39594
12.4873 -6.54822
12.1827 -6.54822
12.0305 -6.70051
11.7259 -6.70051
11.5736 -6.85279
11.269 -6.85279
11.1168 -7.00508
10.9645 -7.00508
10.6599 -7.15736
10.5076 -7.15736
10.203 -7.15736
10.0508 -7.30964
9.74619 -7.30964
9.59391 -7.30964
9.28934 -7.30964
9.13706 -7.46193
8.83249 -7.46193
8.6802 -7.46193
8.37563 -7.46193
8.22335 -7.46193
7.91878 -7.46193
7.7665 -7.46193
7.46193 -7.46193
7.30964 -7.46193
7.15736 -7.46193
6.85279 -7.46193
6.70051 -7.46193
6.39594 -7.46193
6.24365 -7.46193
5.93909 -7.46193
5.7868 -7.30964
5.48223 -7.30964
5.32995 -7.30964
5.02538 -7.15736
4.8731 -7.15736
4.72081 -7.00508
4.41624 -7.00508
4.26396 -6.85279
3.95939 -6.85279
3.80711 -6.70051
3.65482 -6.54822
3.35025 -6.54822
3.19797 -6.39594
3.04569 -6.24365
2.8934 -6.24365
2.58883 -6.09137
2.43655 -5.93909
2.28426 -5.93909
2.13198 -5.7868
1.82741 -5.63452
1.67513 -5.48223
1.52284 -5.48223
1.37056 -5.32995
1.21827 -5.17766
0.913706 -5.02538
0.761421 -5.02538
0.609137 -4.8731
0.456853 -4.72081
0.304569 -4.72081
0 -4.56853
-0.152284 -4.41624
-0.304569 -4.26396
-0.456853 -4.11168
-0.609137 -4.11168
-0.761421 -3.95939
-0.913706 -3.80711
-1.21827 -3.65482
-1.37056 -3.50254
-1.52284 -3.35025
-1.67513 -3.19797
-1.82741 -3.04569
-1.9797 -2.8934
-2.13198 -2.74112
-2.28426 -2.58883
-2.43655 -2.43655
-2.43655 -2.28426
-2.58883 -2.13198
-2.74112 -1.9797
-2.74112 -1.67513
-2.8934 -1.52284
-3.04569 -1.37056
-3.04569 -1.06599
-3.19797 -0.913706
-3.19797 -0.761421
-3.19797 -0.456853
-3.19797 -0.304569
-3.35025 0
-3.35025 0.152284
-3.35025 0.456853
-3.35025 0.609137
-3.35025 0.761421
-3.35025 1.06599
-3.35025 1.21827
-3.35025 1.52284
-3.35025 1.67513
-3.35025 1.82741
-3.35025 2.13198
-3.35025 2.28426
-3.35025 2.43655
-3.35025 2.74112
-3.35025 2.8934
-3.35025 3.04569
-3.35025 3.19797
-3.35025 3.50254
-3.50254 3.65482
-3.50254 3.80711
-3.50254 3.95939
-3.50254 4.11168
-3.50254 4.41624
-3.65482 4.56853
-3.65482 4.72081
-3.65482 4.8731
-3.65482 5.02538
-3.80711 5.32995
-3.80711 5.48223
-3.80711 5.63452
-3.80711 5.7868
-3.95939 6.09137
-3.95939 6.24365
-3.95939 6.39594
-3.95939 6.70051
-4.11168 6.85279
-4.11168 7.00508
-4.11168 7.30964
-4.11168 7.46193
-4.26396 7.61421
-4.26396 7.91878
-4.26396 8.07107
-4.26396 8.22335
-4.26396 8.52792
-4.26396 8.6802
-4.26396 8.98477
-4.26396 9.13706
-4.26396 9.44162
-4.26396 9.59391
-4.26396 9.74619
-4.26396 10.0508
-4.11168 10.203
-4.11168 10.5076
-4.11168 10.6599
-4.11168 10.9645
-3.95939 11.1168
-3.95939 11.4213
-3.95939 11.5736
-3.80711 11.7259
-3.80711 12.0305
-3.65482 12.1827
-3.65482 12.4873
-3.50254 12.6396
-3.50254 12.7919
-3.35025 13.0964
-3.35025 13.2487
-3.19797 13.5533
-3.04569 13.7056
-2.8934 13.8579
-2.8934 14.1624
-2.74112 14.3147
-2.58883 14.467
-2.43655 14.6193
-2.28426 14.9239
-2.13198 15.0761
-1.9797 15.2284
-1.82741 15.3807
-1.67513 15.533
-1.52284 15.6853
-1.37056 15.8376
-1.21827 15.9898
-0.913706 16.1421
-0.761421 16.2944
-0.609137 16.4467
-0.456853 16.599
-0.152284 16.7513
0 16.9036
0.152284 16.9036
0.456853 17.0558
0.609137 17.2081
0.761421 17.2081
1.06599 17.3604
1.21827 17.3604
1.52284 17.5127
1.67513 17.5127
1.9797 17.665
2.13198 17.665
2.43655 17.665
2.58883 17.8173
2.8934 17.8173
3.04569 17.8173
3.35025 17.8173
3.50254 17.8173
3.80711 17.9695
3.95939 17.9695
4.26396 17.9695
4.41624 17.9695
4.72081 17.9695
4.8731 17.9695
5.02538 17.9695
5.32995 17.9695
5.48223 17.9695
5.7868 18.1218
5.93909 18.1218
6.24365 18.1218
6.39594 18.1218
6.70051 18.1218
6.85279 18.1218
7.15736 18.1218
7.30964 18.1218
7.46193 18.1218
7.7665 18.1218
7.91878 18.1218
8.22335 18.1218
8.37563 18.1218
8.6802 18.1218
8.83249 18.1218
9.13706 18.1218
9.28934 17.9695
9.59391 17.9695
9.74619 17.9695
9.89848 17.9695
10.203 17.8173
10.3553 17.8173
10.6599 17.665
10.8122 17.665
10.9645 17.5127
11.269 17.3604
11.4213 17.3604
11.5736 17.2081
11.7259 17.0558
12.0305 16.9036
12.1827 16.7513
12.335 16.599
12.4873 16.599
12.6396 16.4467
12.7919 16.1421
12.9442 15.9898
13.0964 15.8376
13.2487 15.6853
13.401 15.533
13.5533 15.3807
13.7056 15.2284
13.8579 15.0761
13.8579 14.9239
14.0102 14.7716
14.1624 14.6193
14.3147 14.3147
14.467 14.1624
14.467 14.0102
14.6193 13.8579
14.7716 13.7056
14.9239 13.5533
15.0761 13.401
15.0761 13.2487
15.2284 13.0964
15.3807 12.9442
15.533 12.7919
15.533 12.6396
15.6853 12.4873
15.8376 12.335
15.9898 12.1827
15.9898 12.0305
16.1421 11.8782
16.2944 11.7259
16.4467 11.5736
16.4467 11.269
16.599 11.1168
16.599 10.9645
16.7513 10.8122
16.9036 10.6599
16.9036 10.5076
17.0558 10.3553
17.0558 10.203
17.0558 9.89848
17.2081 9.74619
17.2081 9.59391
17.2081 9.44162
17.3604 9.13706
17.3604 8.98477
17.3604 8.83249
17.3604 8.6802
17.5127 8.37563
17.5127 8.22335
17.5127 8.07107
17.5127 7.91878
17.5127 7.7665
17.5127 7.46193
17.5127 7.30964
17.5127 7.15736
17.665 7.00508
17.665 6.70051
17.665 6.54822
17.665 6.39594
17.665 6.24365
17.8173 6.09137
17.8173 5.7868
17.8173 5.63452
