17.8173 5.17766
17.8173 5.02538
17.8173 4.72081
17.9695 4.56853
17.9695 4.41624
17.9695 4.26396
17.9695 3.95939
17.9695 3.80711
17.9695 3.65482
17.9695 3.50254
17.9695 3.19797
17.9695 3.04569
17.9695 2.8934
17.9695 2.58883
17.9695 2.43655
17.9695 2.28426
17.9695 2.13198
17.9695 1.82741
17.8173 1.67513
17.8173 1.52284
17.8173 1.21827
17.8173 1.06599
17.8173 0.913706
17.665 0.609137
17.665 0.456853
17.665 0.304569
17.665 0
17.5127 -0.152284
17.5127 -0.304569
17.5127 -0.609137
17.3604 -0.761421
17.3604 -1.06599
17.3604 -1.21827
17.2081 -1.37056
17.2081 -1.67513
17.2081 -1.82741
17.0558 -2.13198
17.0558 -2.28426
16.9036 -2.43655
16.7513 -2.74112
16.7513 -2.8934
16.599 -3.04569
16.599 -3.35025
16.4467 -3.50254
16.2944 -3.65482
16.1421 -3.95939
15.9898 -4.11168
15.8376 -4.26396
15.6853 -4.41624
15.533 -4.56853
15.3807 -4.72081
15.2284 -4.8731
15.0761 -5.02538
14.9239 -5.17766
14.7716 -5.32995
14.6193 -5.48223
14.3147 -5.63452
14.1624 -5.7868
14.0102 -5.93909
13.8579 -5.93909
13.5533 -6.09137
13.401 -6.24365
13.2487 -6.24365
12.9442 -6.39594
12.7919 -6.39594
12.4873 -6.54822
12.335 -6.54822
12.1827 -6.70051
11.8782 -6.70051
11.7259 -6.85279
11.4213 -6.85279
11.269 -7.00508
11.1168 -7.00508
10.8122 -7.00508
10.6599 -7.15736
10.3553 -7.15736
10.203 -7.15736
9.89848 -7.30964
9.74619 -7.30964
9.59391 -7.30964
9.28934 -7.46193
9.13706 -7.46193
8.83249 -7.46193
8.6802 -7.46193
8.37563 -7.46193
8.22335 -7.61421
7.91878 -7.61421
7.7665 -7.61421
7.46193 -7.61421
7.30964 -7.61421
7.15736 -7.61421
6.85279 -7.61421
6.70051 -7.46193
6.39594 -7.46193
6.24365 -7.46193
5.93909 -7.46193
5.7868 -7.46193
5.48223 -7.30964
5.32995 -7.30964
5.17766 -7.15736
4.8731 -7.15736
4.72081 -7.00508
4.56853 -7.00508
4.26396 -6.85279
4.11168 -6.85279
3.95939 -6.70051
3.65482 -6.70051
3.50254 -6.54822
3.35025 -6.39594
3.19797 -6.39594
2.8934 -6.24365
2.74112 -6.09137
2.58883 -5.93909
2.43655 -5.93909
2.13198 -5.7868
1.9797 -5.63452
1.82741 -5.63452
1.67513 -5.48223
1.52284 -5.32995
1.37056 -5.17766
1.06599 -5.17766
0.913706 -5.02538
0.761421 -4.8731
0.609137 -4.8731
0.456853 -4.72081
0.304569 -4.56853
0 -4.41624
-0.152284 -4.41624
-0.304569 -4.26396
-0.456853 -4.11168
-0.609137 -4.11168
-0.761421 -3.95939
-0.913706 -3.80711
-1.21827 -3.65482
-1.37056 -3.50254
-1.52284 -3.35025
-1.67513 -3.19797
-1.82741 -3.04569
-1.9797 -2.8934
-2.13198 -2.74112
-2.28426 -2.58883
-2.28426 -2.43655
-2.43655 -2.28426
-2.58883 -2.13198
-2.74112 -1.9797
-2.74112 -1.67513
-2.8934 -1.52284
-2.8934 -1.37056
-3.04569 -1.06599
-3.04569 -0.913706
-3.04569 -0.761421
-3.19797 -0.456853
-3.19797 -0.304569
-3.19797 0
-3.19797 0.152284
-3.19797 0.304569
-3.35025 0.609137
-3.35025 0.761421
-3.35025 0.913706
-3.35025 1.21827
-3.35025 1.37056
-3.35025 1.52284
-3.35025 1.82741
-3.35025 1.9797
-3.35025 2.13198
-3.35025 2.43655
-3.35025 2.58883
-3.35025 2.74112
-3.35025 2.8934
-3.35025 3.19797
-3.35025 3.35025
-3.35025 3.50254
-3.50254 3.65482
-3.50254 3.80711
-3.50254 4.11168
-3.50254 4.26396
-3.65482 4.41624
-3.65482 4.56853
-3.65482 4.8731
-3.80711 5.02538
-3.80711 5.17766
-3.80711 5.32995
-3.80711 5.48223
-3.95939 5.7868
-3.95939 5.93909
-3.95939 6.09137
-4.11168 6.39594
-4.11168 6.54822
-4.11168 6.70051
-4.11168 7.00508
-4.26396 7.15736
-4.26396 7.30964
-4.26396 7.61421
-4.26396 7.7665
-4.26396 8.07107
-4.26396 8.22335
-4.41624 8.37563
-4.41624 8.6802
-4.41624 8.83249
-4.41624 9.13706
-4.26396 9.28934
-4.26396 9.59391
-4.26396 9.74619
-4.26396 10.0508
-4.26396 10.203
-4.26396 10.5076
-4.11168 10.6599
-4.11168 10.8122
-4.11168 11.1168
-3.95939 11.269
-3.95939 11.5736
-3.95939 11.7259
-3.80711 12.0305
-3.80711 12.1827
-3.65482 12.4873
-3.50254 12.6396
-3.50254 12.7919
-3.35025 13.0964
-3.19797 13.2487
-3.19797 13.401
-3.04569 13.7056
-2.8934 13.8579
-2.74112 14.0102
-2.58883 14.3147
-2.58883 14.467
-2.43655 14.6193
-2.28426 14.7716
-2.13198 15.0761
-1.9797 15.2284
-1.82741 15.3807
-1.52284 15.533
-1.37056 15.6853
-1.21827 15.8376
-1.06599 15.9898
-0.913706 16.1421
-0.761421 16.2944
-0.456853 16.4467
-0.304569 16.599
-0.152284 16.7513
0.152284 16.7513
0.304569 16.9036
0.456853 17.0558
0.761421 17.0558
0.913706 17.2081
1.21827 17.3604
1.37056 17.3604
1.67513 17.5127
1.82741 17.5127
2.13198 17.5127
2.28426 17.665
2.58883 17.665
2.74112 17.8173
3.04569 17.8173
3.19797 17.8173
3.50254 17.8173
3.65482 17.9695
3.95939 17.9695
4.11168 17.9695
4.41624 17.9695
4.56853 17.9695
4.8731 17.9695
5.02538 17.9695
5.32995 18.1218
5.48223 18.1218
5.7868 18.1218
5.93909 18.1218
6.24365 18.1218
6.39594 18.1218
6.70051 18.1218
6.85279 18.1218
7.15736 18.1218
7.30964 18.1218
7.61421 18.1218
7.7665 18.1218
7.91878 18.1218
8.22335 18.1218
8.37563 18.1218
8.6802 18.1218
8.83249 17.9695
9.13706 17.9695
9.28934 17.9695
9.59391 17.9695
9.74619 17.8173
10.0508 17.8173
10.203 17.665
10.3553 17.665
10.6599 17.5127
10.8122 17.5127
11.1168 17.3604
11.269 17.2081
11.4213 17.2081
11.5736 17.0558
11.8782 16.9036
12.0305 16.7513
12.1827 16.599
12.335 16.4467
12.4873 16.2944
12.6396 16.1421
12.9442 15.9898
13.0964 15.8376
13.2487 15.6853
13.401 15.533
13.5533 15.3807
13.5533 15.2284
13.7056 15.0761
13.8579 14.9239
14.0102 14.7716
14.1624 14.6193
14.3147 14.467
14.467 14.1624
14.6193 14.0102
14.6193 13.8579
14.7716 13.7056
14.9239 13.5533
15.0761 13.401
15.2284 13.2487
15.2284 13.0964
15.3807 12.9442
15.533 12.7919
15.6853 12.6396
15.8376 12.4873
15.8376 12.335
15.9898 12.1827
16.1421 12.0305
16.2944 11.8782
16.2944 11.7259
16.4467 11.4213
16.599 11.269
16.599 11.1168
16.7513 10.9645
16.9036 10.8122
16.9036 10.6599
17.0558 10.5076
17.0558 10.203
17.2081 10.0508
17.2081 9.89848
17.2081 9.74619
17.3604 9.59391
17.3604 9.28934
17.3604 9.13706
17.5127 8.98477
17.5127 8.6802
17.5127 8.52792
17.5127 8.37563
17.5127 8.22335
17.5127 7.91878
17.5127 7.7665
17.5127 7.61421
17.5127 7.46193
17.665 7.15736
17.665 7.00508
17.665 6.85279
17.665 6.70051
17.665 6.39594
17.665 6.24365
17.665 6.09137
17.665 5.93909
17.665 5.7868
17.8173 5.48223
17.8173 5.32995
