17.8173 5.02538
17.9695 4.72081
17.9695 4.56853
17.9695 4.41624
18.1218 4.26396
18.1218 3.95939
18.1218 3.80711
18.1218 3.65482
18.1218 3.35025
18.1218 3.19797
18.1218 3.04569
18.1218 2.74112
18.1218 2.58883
18.1218 2.43655
18.1218 2.13198
17.9695 1.9797
17.9695 1.82741
17.9695 1.67513
17.9695 1.37056
17.9695 1.21827
17.8173 1.06599
17.8173 0.761421
17.8173 0.609137
17.665 0.456853
17.665 0.152284
17.665 0
17.665 -0.152284
17.5127 -0.456853
17.5127 -0.609137
17.5127 -0.913706
17.3604 -1.06599
17.3604 -1.21827
17.3604 -1.52284
17.2081 -1.67513
17.2081 -1.9797
17.2081 -2.13198
17.0558 -2.43655
17.0558 -2.58883
16.9036 -2.74112
16.7513 -3.04569
16.7513 -3.19797
16.599 -3.35025
16.4467 -3.65482
16.4467 -3.80711
16.2944 -3.95939
16.1421 -4.26396
15.9898 -4.41624
15.8376 -4.56853
15.6853 -4.72081
15.533 -4.8731
15.3807 -5.02538
15.2284 -5.17766
15.0761 -5.32995
14.9239 -5.48223
14.6193 -5.63452
14.467 -5.7868
14.3147 -5.93909
14.0102 -5.93909
13.8579 -6.09137
13.7056 -6.24365
13.401 -6.24365
13.2487 -6.39594
13.0964 -6.39594
12.7919 -6.54822
12.6396 -6.54822
12.335 -6.70051
12.1827 -6.70051
12.0305 -6.85279
11.7259 -6.85279
11.5736 -7.00508
11.269 -7.00508
11.1168 -7.00508
10.8122 -7.15736
10.6599 -7.15736
10.5076 -7.15736
10.203 -7.30964
10.0508 -7.30964
9.74619 -7.30964
9.59391 -7.46193
9.44162 -7.46193
9.13706 -7.46193
8.98477 -7.46193
8.6802 -7.61421
8.52792 -7.61421
8.22335 -7.61421
8.07107 -7.61421
7.7665 -7.61421
7.61421 -7.61421
7.46193 -7.61421
7.15736 -7.61421
7.00508 -7.61421
6.70051 -7.61421
6.54822 -7.61421
6.24365 -7.61421
6.09137 -7.61421
5.7868 -7.46193
5.63452 -7.46193
5.48223 -7.46193
5.17766 -7.30964
5.02538 -7.30964
4.8731 -7.15736
4.56853 -7.15736
4.41624 -7.00508
4.26396 -7.00508
3.95939 -6.85279
3.80711 -6.85279
3.65482 -6.70051
3.35025 -6.54822
3.19797 -6.39594
3.04569 -6.39594
2.8934 -6.24365
2.74112 -6.09137
2.58883 -5.93909
2.28426 -5.93909
2.13198 -5.7868
1.9797 -5.63452
1.82741 -5.48223
1.67513 -5.48223
1.52284 -5.32995
1.37056 -5.17766
1.06599 -5.17766
0.913706 -5.02538
0.761421 -4.8731
0.609137 -4.72081
0.456853 -4.72081
0.304569 -4.56853
0.152284 -4.41624
-0.152284 -4.41624
-0.304569 -4.26396
-0.456853 -4.11168
-0.609137 -3.95939
-0.761421 -3.95939
-0.913706 -3.80711
-1.06599 -3.65482
-1.21827 -3.50254
-1.37056 -3.35025
-1.52284 -3.19797
-1.67513 -3.19797
-1.82741 -3.04569
-1.9797 -2.8934
-2.13198 -2.74112
-2.28426 -2.58883
-2.43655 -2.28426
-2.58883 -2.13198
-2.58883 -1.9797
-2.74112 -1.82741
-2.8934 -1.67513
-2.8934 -1.37056
-3.04569 -1.21827
-3.04569 -1.06599
-3.04569 -0.761421
-3.19797 -0.609137
-3.19797 -0.456853
-3.19797 -0.152284
-3.19797 0
-3.35025 0.152284
-3.35025 0.456853
-3.35025 0.609137
-3.35025 0.761421
-3.35025 1.06599
-3.35025 1.21827
-3.35025 1.37056
-3.35025 1.67513
-3.35025 1.82741
-3.35025 1.9797
-3.35025 2.28426
-3.35025 2.43655
-3.35025 2.58883
-3.35025 2.74112
-3.35025 2.8934
-3.35025 3.19797
-3.35025 3.35025
-3.35025 3.50254
-3.35025 3.65482
-3.50254 3.80711
-3.50254 4.11168
-3.50254 4.26396
-3.50254 4.41624
-3.50254 4.56853
-3.50254 4.72081
-3.65482 5.02538
-3.65482 5.17766
-3.65482 5.32995
-3.65482 5.48223
-3.65482 5.7868
-3.80711 5.93909
-3.80711 6.09137
-3.80711 6.24365
-3.80711 6.54822
-3.80711 6.70051
-3.95939 6.85279
-3.95939 7.15736
-3.95939 7.30964
-3.95939 7.46193
-3.95939 7.7665
-4.11168 7.91878
-4.11168 8.07107
-4.11168 8.37563
-4.11168 8.52792
-4.11168 8.83249
-4.11168 8.98477
-4.11168 9.28934
-4.11168 9.44162
-4.11168 9.74619
-4.11168 9.89848
-4.11168 10.203
-4.11168 10.3553
-4.11168 10.6599
-4.11168 10.8122
-3.95939 11.1168
-3.95939 11.269
-3.95939 11.5736
-3.80711 11.7259
-3.80711 12.0305
-3.80711 12.1827
-3.65482 12.335
-3.65482 12.6396
-3.50254 12.7919
-3.35025 13.0964
-3.35025 13.2487
-3.19797 13.5533
-3.04569 13.7056
-2.8934 13.8579
-2.8934 14.1624
-2.74112 14.3147
-2.58883 14.467
-2.43655 14.6193
-2.28426 14.9239
-2.13198 15.0761
-1.9797 15.2284
-1.82741 15.3807
-1.67513 15.533
-1.37056 15.6853
-1.21827 15.8376
-1.06599 15.9898
-0.913706 16.1421
-0.609137 16.2944
-0.456853 16.4467
-0.304569 16.599
0 16.7513
0.152284 16.7513
0.304569 16.9036
0.609137 17.0558
0.761421 17.0558
1.06599 17.2081
1.21827 17.2081
1.52284 17.3604
1.67513 17.3604
1.82741 17.5127
2.13198 17.5127
2.28426 17.665
2.58883 17.665
2.8934 17.665
3.04569 17.8173
3.35025 17.8173
3.50254 17.8173
3.80711 17.8173
3.95939 17.8173
4.26396 17.9695
4.41624 17.9695
4.72081 17.9695
4.8731 17.9695
5.17766 17.9695
5.32995 17.9695
5.63452 17.9695
5.7868 17.9695
6.09137 17.9695
6.24365 17.9695
6.54822 17.9695
6.70051 17.9695
7.00508 17.9695
7.15736 17.9695
7.46193 17.9695
7.61421 17.9695
7.91878 17.9695
8.07107 17.9695
8.37563 17.9695
8.52792 17.9695
8.83249 17.8173
8.98477 17.8173
9.28934 17.8173
9.44162 17.665
9.59391 17.665
9.89848 17.665
10.0508 17.5127
10.3553 17.5127
10.5076 17.3604
10.6599 17.3604
10.9645 17.2081
11.1168 17.0558
11.269 17.0558
11.5736 16.9036
11.7259 16.7513
11.8782 16.599
12.0305 16.599
12.335 16.4467
12.4873 16.2944
12.6396 16.1421
12.7919 15.9898
12.9442 15.8376
13.0964 15.6853
13.2487 15.533
13.401 15.3807
13.5533 15.2284
13.7056 15.0761
13.8579 14.9239
14.0102 14.7716
14.1624 14.6193
14.3147 14.3147
14.467 14.1624
14.6193 14.0102
14.7716 13.8579
14.7716 13.7056
14.9239 13.5533
15.0761 13.401
15.2284 13.2487
15.3807 13.0964
15.533 12.9442
15.533 12.7919
15.6853 12.6396
15.8376 12.4873
15.9898 12.335
16.1421 12.0305
16.1421 11.8782
16.2944 11.7259
16.4467 11.5736
16.4467 11.4213
16.599 11.269
16.7513 11.1168
16.7513 10.9645
16.9036 10.6599
16.9036 10.5076
17.0558 10.3553
17.2081 10.203
17.2081 9.89848
17.2081 9.74619
17.3604 9.59391
17.3604 9.44162
17.5127 9.13706
17.5127 8.98477
17.5127 8.83249
17.5127 8.6802
17.665 8.37563
17.665 8.22335
17.665 8.07107
17.665 7.91878
17.665 7.61421
17.665 7.46193
17.665 7.30964
17.665 7.00508
17.665 6.85279
17.8173 6.70051
17.8173 6.54822
17.8173 6.24365
17.8173 6.09137
17.8173 5.93909
17.8173 5.7868
17.8173 5.48223
17.8173 5.32995
17.8173 5.17766
