17.9695 5.02538
17.9695 4.72081
18.1218 4.56853
18.1218 4.41624
18.1218 4.26396
18.1218 3.95939
18.1218 3.80711
18.1218 3.65482
18.1218 3.50254
18.1218 3.19797
18.1218 3.04569
18.1218 2.8934
18.1218 2.58883
18.1218 2.43655
18.1218 2.28426
17.9695 2.13198
17.9695 1.82741
17.9695 1.67513
17.9695 1.52284
17.9695 1.21827
17.8173 1.06599
17.8173 0.913706
17.8173 0.609137
17.8173 0.456853
17.8173 0.304569
17.665 0
17.665 -0.152284
17.665 -0.456853
17.665 -0.609137
17.665 -0.761421
17.5127 -1.06599
17.5127 -1.21827
17.5127 -1.52284
17.3604 -1.67513
17.3604 -1.9797
17.3604 -2.13198
17.2081 -2.43655
17.2081 -2.58883
17.0558 -2.8934
17.0558 -3.04569
16.9036 -3.19797
16.9036 -3.50254
16.7513 -3.65482
16.599 -3.95939
16.4467 -4.11168
16.4467 -4.26396
16.2944 -4.56853
16.1421 -4.72081
15.9898 -4.8731
15.8376 -5.02538
15.6853 -5.17766
15.533 -5.32995
15.2284 -5.48223
15.0761 -5.63452
14.9239 -5.7868
14.7716 -5.93909
14.467 -5.93909
14.3147 -6.09137
14.1624 -6.24365
13.8579 -6.24365
13.7056 -6.39594
13.401 -6.54822
13.2487 -6.54822
12.9442 -6.70051
12.7919 -6.70051
12.6396 -6.70051
12.335 -6.85279
12.1827 -6.85279
11.8782 -7.00508
11.7259 -7.00508
11.4213 -7.00508
11.269 -7.15736
11.1168 -7.15736
10.8122 -7.15736
10.6599 -7.30964
10.3553 -7.30964
10.203 -7.30964
9.89848 -7.46193
9.74619 -7.46193
9.59391 -7.46193
9.28934 -7.46193
9.13706 -7.61421
8.83249 -7.61421
8.6802 -7.61421
8.37563 -7.61421
8.22335 -7.61421
7.91878 -7.61421
7.7665 -7.61421
7.61421 -7.7665
7.30964 -7.7665
7.15736 -7.7665
6.85279 -7.61421
6.70051 -7.61421
6.39594 -7.61421
6.24365 -7.61421
5.93909 -7.61421
5.7868 -7.61421
5.63452 -7.46193
5.32995 -7.46193
5.17766 -7.30964
4.8731 -7.30964
4.72081 -7.15736
4.56853 -7.15736
4.26396 -7.00508
4.11168 -7.00508
3.95939 -6.85279
3.65482 -6.70051
3.50254 -6.70051
3.35025 -6.54822
3.19797 -6.39594
3.04569 -6.39594
2.74112 -6.24365
2.58883 -6.09137
2.43655 -5.93909
2.28426 -5.93909
2.13198 -5.7868
1.82741 -5.63452
1.67513 -5.48223
1.52284 -5.48223
1.37056 -5.32995
1.21827 -5.17766
1.06599 -5.17766
0.913706 -5.02538
0.761421 -4.8731
0.456853 -4.72081
0.304569 -4.72081
0.152284 -4.56853
0 -4.41624
-0.152284 -4.26396
-0.304569 -4.26396
-0.456853 -4.11168
-0.761421 -3.95939
-0.913706 -3.80711
-1.06599 -3.65482
-1.21827 -3.65482
-1.37056 -3.50254
-1.52284 -3.35025
-1.67513 -3.19797
-1.82741 -3.04569
-1.9797 -2.8934
-2.13198 -2.74112
-2.13198 -2.58883
-2.28426 -2.43655
-2.43655 -2.13198
-2.58883 -1.9797
-2.58883 -1.82741
-2.74112 -1.67513
-2.8934 -1.52284
-2.8934 -1.21827
-3.04569 -1.06599
-3.04569 -0.913706
-3.04569 -0.609137
-3.19797 -0.456853
-3.19797 -0.304569
-3.19797 0
-3.35025 0.152284
-3.35025 0.304569
-3.35025 0.609137
-3.35025 0.761421
-3.35025 0.913706
-3.35025 1.21827
-3.35025 1.37056
-3.35025 1.52284
-3.35025 1.82741
-3.35025 1.9797
-3.35025 2.13198
-3.50254 2.43655
-3.50254 2.58883
-3.50254 2.74112
-3.50254 2.8934
-3.50254 3.19797
-3.50254 3.35025
-3.50254 3.50254
-3.50254 3.65482
-3.50254 3.80711
-3.50254 4.11168
-3.50254 4.26396
-3.50254 4.41624
-3.65482 4.56853
-3.65482 4.8731
-3.65482 5.02538
-3.65482 5.17766
-3.65482 5.32995
-3.65482 5.48223
-3.65482 5.7868
-3.80711 5.93909
-3.80711 6.09137
-3.80711 6.39594
-3.80711 6.54822
-3.80711 6.70051
-3.80711 6.85279
-3.80711 7.15736
-3.95939 7.30964
-3.95939 7.46193
-3.95939 7.7665
-3.95939 7.91878
-3.95939 8.22335
-3.95939 8.37563
-3.95939 8.52792
-3.95939 8.83249
-3.95939 8.98477
-3.95939 9.28934
-3.95939 9.44162
-3.95939 9.74619
-3.95939 9.89848
-3.95939 10.203
-3.95939 10.3553
-3.95939 10.6599
-3.95939 10.8122
-3.95939 11.1168
-3.80711 11.269
-3.80711 11.5736
-3.80711 11.7259
-3.65482 12.0305
-3.65482 12.1827
-3.50254 12.4873
-3.50254 12.6396
-3.35025 12.9442
-3.35025 13.0964
-3.19797 13.2487
-3.04569 13.5533
-2.8934 13.7056
-2.8934 13.8579
-2.74112 14.1624
-2.58883 14.3147
-2.43655 14.467
-2.28426 14.6193
-2.13198 14.9239
-1.9797 15.0761
-1.82741 15.2284
-1.67513 15.3807
-1.52284 15.533
-1.21827 15.6853
-1.06599 15.8376
-0.913706 15.9898
-0.761421 16.1421
-0.456853 16.2944
-0.304569 16.4467
-0.152284 16.4467
0.152284 16.599
0.304569 16.7513
0.609137 16.7513
0.761421 16.9036
0.913706 17.0558
1.21827 17.0558
1.37056 17.2081
1.67513 17.2081
1.82741 17.3604
2.13198 17.3604
2.28426 17.3604
2.58883 17.5127
2.74112 17.5127
3.04569 17.5127
3.19797 17.5127
3.50254 17.665
3.65482 17.665
3.95939 17.665
4.11168 17.665
4.41624 17.665
4.56853 17.665
4.8731 17.665
5.02538 17.8173
5.32995 17.8173
5.48223 17.8173
5.7868 17.8173
5.93909 17.8173
6.24365 17.8173
6.39594 17.8173
6.70051 17.8173
6.85279 17.8173
7.15736 17.8173
7.30964 17.8173
7.61421 17.665
7.7665 17.665
7.91878 17.665
8.22335 17.665
8.37563 17.665
8.6802 17.665
8.83249 17.665
9.13706 17.5127
9.28934 17.5127
9.59391 17.5127
9.74619 17.3604
9.89848 17.3604
10.203 17.3604
10.3553 17.2081
10.6599 17.2081
10.8122 17.0558
10.9645 17.0558
11.269 16.9036
11.4213 16.7513
11.5736 16.7513
11.7259 16.599
12.0305 16.4467
12.1827 16.4467
12.335 16.2944
12.4873 16.1421
12.6396 15.9898
12.9442 15.8376
13.0964 15.6853
13.2487 15.533
13.401 15.3807
13.5533 15.3807
13.7056 15.2284
13.8579 15.0761
14.0102 14.9239
14.1624 14.7716
14.3147 14.6193
14.467 14.467
14.6193 14.3147
14.7716 14.1624
14.9239 13.8579
15.0761 13.7056
15.0761 13.5533
15.2284 13.401
15.3807 13.2487
15.533 13.0964
15.6853 12.9442
15.8376 12.7919
15.8376 12.6396
15.9898 12.4873
16.1421 12.335
16.2944 12.1827
16.2944 12.0305
16.4467 11.7259
16.599 11.5736
16.599 11.4213
16.7513 11.269
16.9036 11.1168
16.9036 10.9645
17.0558 10.6599
17.0558 10.5076
17.2081 10.3553
17.2081 10.203
17.3604 9.89848
17.3604 9.74619
17.3604 9.59391
17.5127 9.44162
17.5127 9.13706
17.5127 8.98477
17.5127 8.83249
17.665 8.6802
17.665 8.37563
17.665 8.22335
17.665 8.07107
17.665 7.7665
17.665 7.61421
17.665 7.46193
17.8173 7.30964
17.8173 7.00508
17.8173 6.85279
17.8173 6.70051
17.8173 6.54822
17.8173 6.24365
17.8173 6.09137
17.8173 5.93909
17.8173 5.7868
17.8173 5.48223
17.9695 5.32995
17.9695 5.17766
