18.2741 4.8731
18.2741 4.72081
18.2741 4.56853
18.2741 4.26396
18.2741 4.11168
18.2741 3.95939
18.2741 3.80711
18.2741 3.50254
18.2741 3.35025
18.1218 3.19797
18.1218 2.8934
18.1218 2.74112
18.1218 2.58883
18.1218 2.43655
18.1218 2.13198
18.1218 1.9797
18.1218 1.82741
18.1218 1.52284
18.1218 1.37056
17.9695 1.21827
17.9695 0.913706
17.9695 0.761421
17.9695 0.456853
17.9695 0.304569
17.9695 0.152284
17.9695 -0.152284
17.8173 -0.304569
17.8173 -0.609137
17.8173 -0.761421
17.8173 -0.913706
17.665 -1.21827
17.665 -1.37056
17.665 -1.67513
17.5127 -1.82741
17.5127 -2.13198
17.3604 -2.28426
17.3604 -2.58883
17.2081 -2.74112
17.2081 -2.8934
17.0558 -3.19797
17.0558 -3.35025
16.9036 -3.65482
16.7513 -3.80711
16.7513 -3.95939
16.599 -4.26396
16.4467 -4.41624
16.2944 -4.56853
16.1421 -4.72081
15.9898 -5.02538
15.8376 -5.17766
15.6853 -5.32995
15.533 -5.48223
15.3807 -5.63452
15.0761 -5.7868
14.9239 -5.93909
14.7716 -5.93909
14.6193 -6.09137
14.3147 -6.24365
14.1624 -6.39594
14.0102 -6.39594
13.7056 -6.54822
13.5533 -6.70051
13.2487 -6.70051
13.0964 -6.85279
12.7919 -6.85279
12.6396 -7.00508
12.4873 -7.00508
12.1827 -7.15736
12.0305 -7.15736
11.7259 -7.15736
11.5736 -7.30964
11.269 -7.30964
11.1168 -7.30964
10.8122 -7.46193
10.6599 -7.46193
10.5076 -7.46193
10.203 -7.61421
10.0508 -7.61421
9.74619 -7.61421
9.59391 -7.61421
9.28934 -7.7665
9.13706 -7.7665
8.83249 -7.7665
8.6802 -7.7665
8.37563 -7.7665
8.22335 -7.7665
8.07107 -7.7665
7.7665 -7.7665
7.61421 -7.7665
7.30964 -7.7665
7.15736 -7.7665
6.85279 -7.7665
6.70051 -7.7665
6.39594 -7.7665
6.24365 -7.61421
5.93909 -7.61421
5.7868 -7.61421
5.63452 -7.46193
5.32995 -7.46193
5.17766 -7.30964
5.02538 -7.30964
4.72081 -7.30964
4.56853 -7.15736
4.41624 -7.00508
4.11168 -7.00508
3.95939 -6.85279
3.80711 -6.85279
3.50254 -6.70051
3.35025 -6.54822
3.19797 -6.39594
3.04569 -6.39594
2.8934 -6.24365
2.58883 -6.09137
2.43655 -6.09137
2.28426 -5.93909
2.13198 -5.7868
1.9797 -5.63452
1.82741 -5.63452
1.52284 -5.48223
1.37056 -5.32995
1.21827 -5.32995
1.06599 -5.17766
0.913706 -5.02538
0.761421 -4.8731
0.609137 -4.8731
0.304569 -4.72081
0.152284 -4.56853
0 -4.56853
-0.152284 -4.41624
-0.304569 -4.26396
-0.456853 -4.11168
-0.609137 -3.95939
-0.761421 -3.95939
-1.06599 -3.80711
-1.21827 -3.65482
-1.37056 -3.50254
-1.52284 -3.35025
-1.67513 -3.19797
-1.82741 -3.04569
-1.9797 -2.8934
-1.9797 -2.74112
-2.13198 -2.58883
-2.28426 -2.43655
-2.43655 -2.28426
-2.43655 -2.13198
-2.58883 -1.82741
-2.74112 -1.67513
-2.74112 -1.52284
-2.8934 -1.37056
-2.8934 -1.06599
-3.04569 -0.913706
-3.04569 -0.761421
-3.04569 -0.456853
-3.04569 -0.304569
-3.19797 -0.152284
-3.19797 0.152284
-3.19797 0.304569
-3.19797 0.456853
-3.19797 0.761421
-3.19797 0.913706
-3.19797 1.06599
-3.19797 1.37056
-3.35025 1.52284
-3.35025 1.67513
-3.35025 1.9797
-3.35025 2.13198
-3.35025 2.28426
-3.35025 2.58883
-3.35025 2.74112
-3.35025 2.8934
-3.35025 3.04569
-3.35025 3.19797
-3.35025 3.50254
-3.35025 3.65482
-3.35025 3.80711
-3.35025 3.95939
-3.35025 4.11168
-3.35025 4.41624
-3.35025 4.56853
-3.35025 4.72081
-3.50254 4.8731
-3.50254 5.02538
-3.50254 5.32995
-3.50254 5.48223
-3.50254 5.63452
-3.50254 5.7868
-3.50254 6.09137
-3.50254 6.24365
-3.65482 6.39594
-3.65482 6.54822
-3.65482 6.85279
-3.65482 7.00508
-3.65482 7.15736
-3.65482 7.46193
-3.65482 7.61421
-3.80711 7.7665
-3.80711 8.07107
-3.80711 8.22335
-3.80711 8.52792
-3.80711 8.6802
-3.80711 8.83249
-3.80711 9.13706
-3.80711 9.28934
-3.80711 9.59391
-3.80711 9.74619
-3.80711 10.0508
-3.80711 10.203
-3.65482 10.3553
-3.65482 10.6599
-3.65482 10.8122
-3.65482 11.1168
-3.50254 11.269
-3.50254 11.5736
-3.50254 11.7259
-3.35025 12.0305
-3.35025 12.1827
-3.19797 12.4873
-3.04569 12.6396
-3.04569 12.7919
-2.8934 13.0964
-2.74112 13.2487
-2.74112 13.401
-2.58883 13.7056
-2.43655 13.8579
-2.28426 14.0102
-2.13198 14.1624
-1.9797 14.3147
-1.82741 14.6193
-1.67513 14.7716
-1.52284 14.9239
-1.37056 15.0761
-1.21827 15.2284
-1.06599 15.3807
-0.913706 15.533
-0.609137 15.6853
-0.456853 15.8376
-0.304569 15.8376
-0.152284 15.9898
0.152284 16.1421
0.304569 16.2944
0.456853 16.4467
0.761421 16.4467
0.913706 16.599
1.06599 16.7513
1.37056 16.7513
1.52284 16.9036
1.82741 16.9036
1.9797 17.0558
2.13198 17.0558
2.43655 17.2081
2.58883 17.2081
2.8934 17.2081
3.04569 17.3604
3.35025 17.3604
3.50254 17.3604
3.80711 17.3604
3.95939 17.5127
4.26396 17.5127
4.41624 17.5127
4.72081 17.5127
4.8731 17.5127
5.17766 17.5127
5.32995 17.5127
5.48223 17.5127
5.7868 17.5127
5.93909 17.665
6.24365 17.5127
6.39594 17.5127
6.70051 17.5127
6.85279 17.5127
7.15736 17.5127
7.30964 17.5127
7.61421 17.5127
7.7665 17.5127
7.91878 17.5127
8.22335 17.3604
8.37563 17.3604
8.6802 17.3604
8.83249 17.3604
9.13706 17.2081
9.28934 17.2081
9.44162 17.2081
9.74619 17.0558
9.89848 17.0558
10.0508 16.9036
10.3553 16.9036
10.5076 16.7513
10.6599 16.7513
10.9645 16.599
11.1168 16.599
11.269 16.4467
11.5736 16.4467
11.7259 16.2944
11.8782 16.1421
12.0305 15.9898
12.1827 15.9898
12.4873 15.8376
12.6396 15.6853
12.7919 15.533
12.9442 15.3807
13.0964 15.3807
13.2487 15.2284
13.401 15.0761
13.5533 14.9239
13.7056 14.7716
13.8579 14.6193
14.0102 14.467
14.1624 14.3147
14.3147 14.1624
14.467 14.0102
14.6193 13.8579
14.7716 13.7056
14.9239 13.5533
15.0761 13.401
15.2284 13.2487
15.3807 13.0964
15.533 12.9442
15.6853 12.7919
15.6853 12.6396
15.8376 12.4873
15.9898 12.335
16.1421 12.1827
16.2944 12.0305
16.2944 11.8782
16.4467 11.7259
16.599 11.5736
16.7513 11.4213
16.7513 11.269
16.9036 10.9645
17.0558 10.8122
17.0558 10.6599
17.2081 10.5076
17.2081 10.3553
17.3604 10.0508
17.3604 9.89848
17.5127 9.74619
17.5127 9.59391
17.5127 9.28934
17.665 9.13706
17.665 8.98477
17.665 8.83249
17.8173 8.52792
17.8173 8.37563
17.8173 8.22335
17.8173 7.91878
17.8173 7.7665
17.8173 7.61421
17.9695 7.46193
17.9695 7.15736
17.9695 7.00508
17.9695 6.85279
17.9695 6.70051
17.9695 6.39594
17.9695 6.24365
18.1218 6.09137
18.1218 5.93909
18.1218 5.63452
18.1218 5.48223
18.2741 5.32995
18.2741 5.17766
