18.2741 4.8731
18.2741 4.72081
18.2741 4.56853
18.2741 4.41624
18.2741 4.11168
18.2741 3.95939
18.2741 3.80711
18.2741 3.50254
18.2741 3.35025
18.2741 3.19797
18.2741 3.04569
18.2741 2.74112
18.2741 2.58883
18.2741 2.43655
18.2741 2.13198
18.2741 1.9797
18.2741 1.82741
18.2741 1.52284
18.1218 1.37056
18.1218 1.21827
18.1218 0.913706
18.1218 0.761421
18.1218 0.609137
18.1218 0.304569
18.1218 0.152284
17.9695 -0.152284
17.9695 -0.304569
17.9695 -0.456853
17.9695 -0.761421
17.8173 -0.913706
17.8173 -1.21827
17.8173 -1.37056
17.665 -1.67513
17.665 -1.82741
17.665 -1.9797
17.5127 -2.28426
17.5127 -2.43655
17.3604 -2.74112
17.3604 -2.8934
17.2081 -3.04569
17.0558 -3.35025
17.0558 -3.50254
16.9036 -3.80711
16.7513 -3.95939
16.599 -4.11168
16.599 -4.26396
16.4467 -4.56853
16.2944 -4.72081
16.1421 -4.8731
15.9898 -5.02538
15.8376 -5.17766
15.533 -5.32995
15.3807 -5.48223
15.2284 -5.63452
15.0761 -5.7868
14.9239 -5.93909
14.6193 -5.93909
14.467 -6.09137
14.3147 -6.24365
14.0102 -6.39594
13.8579 -6.39594
13.5533 -6.54822
13.401 -6.54822
13.2487 -6.70051
12.9442 -6.85279
12.7919 -6.85279
12.4873 -6.85279
12.335 -7.00508
12.1827 -7.00508
11.8782 -7.15736
11.7259 -7.15736
11.4213 -7.30964
11.269 -7.30964
10.9645 -7.30964
10.8122 -7.46193
10.6599 -7.46193
10.3553 -7.46193
10.203 -7.61421
9.89848 -7.61421
9.74619 -7.61421
9.44162 -7.7665
9.28934 -7.7665
8.98477 -7.7665
8.83249 -7.7665
8.6802 -7.7665
8.37563 -7.91878
8.22335 -7.91878
7.91878 -7.91878
7.7665 -7.91878
7.46193 -7.91878
7.30964 -7.91878
7.00508 -7.91878
6.85279 -7.91878
6.54822 -7.7665
6.39594 -7.7665
6.09137 -7.7665
5.93909 -7.7665
5.7868 -7.61421
5.48223 -7.61421
5.32995 -7.61421
5.02538 -7.46193
4.8731 -7.46193
4.72081 -7.30964
4.41624 -7.15736
4.26396 -7.15736
4.11168 -7.00508
3.80711 -7.00508
3.65482 -6.85279
3.50254 -6.70051
3.35025 -6.54822
3.04569 -6.54822
2.8934 -6.39594
2.74112 -6.24365
2.58883 -6.09137
2.43655 -6.09137
2.13198 -5.93909
1.9797 -5.7868
1.82741 -5.63452
1.67513 -5.63452
1.52284 -5.48223
1.37056 -5.32995
1.21827 -5.32995
0.913706 -5.17766
0.761421 -5.02538
0.609137 -4.8731
0.456853 -4.8731
0.304569 -4.72081
0.152284 -4.56853
-0.152284 -4.56853
-0.304569 -4.41624
-0.456853 -4.26396
-0.609137 -4.11168
-0.761421 -3.95939
-0.913706 -3.95939
-1.06599 -3.80711
-1.21827 -3.65482
-1.37056 -3.50254
-1.52284 -3.35025
-1.67513 -3.19797
-1.82741 -3.04569
-1.9797 -2.8934
-2.13198 -2.74112
-2.28426 -2.58883
-2.43655 -2.28426
-2.43655 -2.13198
-2.58883 -1.9797
-2.74112 -1.82741
-2.74112 -1.52284
-2.8934 -1.37056
-2.8934 -1.21827
-3.04569 -0.913706
-3.04569 -0.761421
-3.04569 -0.609137
-3.04569 -0.304569
-3.19797 -0.152284
-3.19797 0
-3.19797 0.304569
-3.19797 0.456853
-3.19797 0.761421
-3.19797 0.913706
-3.19797 1.06599
-3.19797 1.37056
-3.19797 1.52284
-3.19797 1.67513
-3.19797 1.9797
-3.19797 2.13198
-3.19797 2.28426
-3.19797 2.43655
-3.19797 2.74112
-3.19797 2.8934
-3.19797 3.04569
-3.19797 3.19797
-3.19797 3.50254
-3.19797 3.65482
-3.35025 3.80711
-3.35025 3.95939
-3.35025 4.26396
-3.35025 4.41624
-3.35025 4.56853
-3.35025 4.72081
-3.35025 4.8731
-3.35025 5.17766
-3.50254 5.32995
-3.50254 5.48223
-3.50254 5.63452
-3.50254 5.93909
-3.50254 6.09137
-3.50254 6.24365
-3.50254 6.39594
-3.65482 6.70051
-3.65482 6.85279
-3.65482 7.00508
-3.65482 7.30964
-3.65482 7.46193
-3.65482 7.61421
-3.65482 7.91878
-3.65482 8.07107
-3.65482 8.22335
-3.65482 8.52792
-3.65482 8.6802
-3.65482 8.98477
-3.65482 9.13706
-3.65482 9.28934
-3.65482 9.59391
-3.65482 9.74619
-3.65482 10.0508
-3.65482 10.203
-3.50254 10.5076
-3.50254 10.6599
-3.50254 10.9645
-3.50254 11.1168
-3.35025 11.269
-3.35025 11.5736
-3.19797 11.7259
-3.19797 12.0305
-3.04569 12.1827
-3.04569 12.335
-2.8934 12.6396
-2.8934 12.7919
-2.74112 13.0964
-2.58883 13.2487
-2.43655 13.401
-2.43655 13.5533
-2.28426 13.8579
-2.13198 14.0102
-1.9797 14.1624
-1.82741 14.3147
-1.67513 14.6193
-1.52284 14.7716
-1.37056 14.9239
-1.21827 15.0761
-1.06599 15.2284
-0.913706 15.3807
-0.761421 15.533
-0.456853 15.6853
-0.304569 15.8376
-0.152284 15.9898
0 16.1421
0.304569 16.1421
0.456853 16.2944
0.609137 16.4467
0.913706 16.599
1.06599 16.599
1.21827 16.7513
1.52284 16.7513
1.67513 16.9036
1.9797 16.9036
2.13198 17.0558
2.28426 17.0558
2.58883 17.2081
2.74112 17.2081
3.04569 17.2081
3.19797 17.3604
3.50254 17.3604
3.65482 17.3604
3.95939 17.3604
4.11168 17.3604
4.41624 17.5127
4.56853 17.5127
4.8731 17.5127
5.02538 17.5127
5.32995 17.5127
5.48223 17.5127
5.7868 17.5127
5.93909 17.5127
6.24365 17.5127
6.39594 17.5127
6.54822 17.5127
6.85279 17.5127
7.00508 17.5127
7.30964 17.3604
7.46193 17.3604
7.7665 17.3604
7.91878 17.3604
8.07107 17.3604
8.37563 17.2081
8.52792 17.2081
8.83249 17.2081
8.98477 17.2081
9.13706 17.0558
9.44162 17.0558
9.59391 17.0558
9.74619 16.9036
10.0508 16.9036
10.203 16.7513
10.5076 16.7513
10.6599 16.599
10.8122 16.599
10.9645 16.4467
11.269 16.4467
11.4213 16.2944
11.5736 16.1421
11.7259 16.1421
12.0305 15.9898
12.1827 15.9898
12.335 15.8376
12.4873 15.6853
12.6396 15.533
12.9442 15.533
13.0964 15.3807
13.2487 15.2284
13.401 15.0761
13.5533 14.9239
13.7056 14.7716
13.8579 14.7716
14.0102 14.6193
14.1624 14.467
14.3147 14.3147
14.467 14.1624
14.6193 14.0102
14.7716 13.8579
14.9239 13.7056
15.0761 13.5533
15.2284 13.401
15.3807 13.2487
15.533 13.0964
15.533 12.9442
15.6853 12.7919
15.8376 12.6396
15.9898 12.4873
16.1421 12.335
16.1421 12.1827
16.2944 12.0305
16.4467 11.8782
16.599 11.7259
16.599 11.5736
16.7513 11.269
16.9036 11.1168
16.9036 10.9645
17.0558 10.8122
17.0558 10.6599
17.2081 10.3553
17.2081 10.203
17.3604 10.0508
17.3604 9.89848
17.5127 9.74619
17.5127 9.44162
17.5127 9.28934
17.665 9.13706
17.665 8.98477
17.665 8.6802
17.665 8.52792
17.665 8.37563
17.8173 8.07107
17.8173 7.91878
17.8173 7.7665
17.8173 7.61421
17.8173 7.30964
17.8173 7.15736
17.8173 7.00508
17.9695 6.85279
17.9695 6.54822
17.9695 6.39594
17.9695 6.24365
17.9695 6.09137
18.1218 5.93909
18.1218 5.63452
18.1218 5.48223
18.1218 5.32995
18.2741 5.17766
