18.5787 4.11168
18.5787 3.95939
18.5787 3.80711
18.5787 3.65482
18.5787 3.50254
18.5787 3.19797
18.5787 3.04569
18.5787 2.8934
18.4264 2.74112
18.4264 2.43655
18.4264 2.28426
18.4264 2.13198
18.4264 1.9797
18.4264 1.82741
18.4264 1.52284
18.2741 1.37056
18.2741 1.21827
18.2741 1.06599
18.2741 0.761421
18.2741 0.609137
18.1218 0.456853
18.1218 0.304569
18.1218 0
18.1218 -0.152284
17.9695 -0.304569
17.9695 -0.456853
17.9695 -0.761421
17.9695 -0.913706
17.8173 -1.06599
17.8173 -1.37056
17.8173 -1.52284
17.8173 -1.67513
17.665 -1.9797
17.665 -2.13198
17.5127 -2.28426
17.5127 -2.58883
17.5127 -2.74112
17.3604 -2.8934
17.3604 -3.19797
17.2081 -3.35025
17.0558 -3.50254
17.0558 -3.65482
16.9036 -3.95939
16.7513 -4.11168
16.7513 -4.26396
16.599 -4.41624
16.4467 -4.72081
16.2944 -4.8731
16.1421 -5.02538
15.9898 -5.17766
15.8376 -5.32995
15.6853 -5.48223
15.533 -5.63452
15.3807 -5.7868
15.2284 -5.93909
15.0761 -5.93909
14.9239 -6.09137
14.7716 -6.24365
14.467 -6.39594
14.3147 -6.54822
14.1624 -6.54822
14.0102 -6.70051
13.7056 -6.85279
13.5533 -6.85279
13.401 -7.00508
13.2487 -7.00508
12.9442 -7.15736
12.7919 -7.15736
12.6396 -7.30964
12.335 -7.30964
12.1827 -7.46193
12.0305 -7.46193
11.7259 -7.61421
11.5736 -7.61421
11.4213 -7.7665
11.1168 -7.7665
10.9645 -7.91878
10.8122 -7.91878
10.5076 -7.91878
10.3553 -8.07107
10.0508 -8.07107
9.89848 -8.07107
9.74619 -8.22335
9.44162 -8.22335
9.28934 -8.22335
8.98477 -8.22335
8.83249 -8.37563
8.6802 -8.37563
8.37563 -8.37563
8.22335 -8.37563
7.91878 -8.37563
7.7665 -8.37563
7.46193 -8.37563
7.30964 -8.37563
7.00508 -8.37563
6.85279 -8.37563
6.70051 -8.22335
6.39594 -8.22335
6.24365 -8.22335
5.93909 -8.07107
5.7868 -8.07107
5.63452 -8.07107
5.32995 -7.91878
5.17766 -7.91878
5.02538 -7.7665
4.72081 -7.61421
4.56853 -7.61421
4.41624 -7.46193
4.26396 -7.46193
3.95939 -7.30964
3.80711 -7.15736
3.65482 -7.00508
3.50254 -7.00508
3.19797 -6.85279
3.04569 -6.70051
2.8934 -6.70051
2.74112 -6.54822
2.58883 -6.39594
2.43655 -6.24365
2.28426 -6.24365
1.9797 -6.09137
1.82741 -5.93909
1.67513 -5.7868
1.52284 -5.7868
1.37056 -5.63452
1.21827 -5.48223
0.913706 -5.32995
0.761421 -5.32995
0.609137 -5.17766
0.456853 -5.02538
0.304569 -4.8731
0.152284 -4.8731
0 -4.72081
-0.152284 -4.56853
-0.304569 -4.41624
-0.609137 -4.26396
-0.761421 -4.11168
-0.913706 -4.11168
-1.06599 -3.95939
-1.21827 -3.80711
-1.37056 -3.65482
-1.37056 -3.50254
-1.52284 -3.19797
-1.67513 -3.04569
-1.82741 -2.8934
-1.9797 -2.74112
-2.13198 -2.58883
-2.13198 -2.43655
-2.28426 -2.13198
-2.28426 -1.9797
-2.43655 -1.82741
-2.43655 -1.67513
-2.58883 -1.37056
-2.58883 -1.21827
-2.74112 -1.06599
-2.74112 -0.761421
-2.74112 -0.609137
-2.8934 -0.456853
-2.8934 -0.152284
-2.8934 0
-3.04569 0.152284
-3.04569 0.456853
-3.04569 0.609137
-3.04569 0.761421
-3.04569 1.06599
-3.04569 1.21827
-3.04569 1.37056
-3.19797 1.67513
-3.19797 1.82741
-3.19797 1.9797
-3.19797 2.28426
-3.19797 2.43655
-3.19797 2.58883
-3.19797 2.74112
-3.19797 3.04569
-3.19797 3.19797
-3.19797 3.35025
-3.19797 3.65482
-3.19797 3.80711
-3.19797 3.95939
-3.19797 4.11168
-3.19797 4.41624
-3.19797 4.56853
-3.19797 4.72081
-3.19797 5.02538
-3.19797 5.17766
-3.04569 5.32995
-3.04569 5.48223
-3.04569 5.7868
-3.04569 5.93909
-3.04569 6.09137
-2.8934 6.24365
-2.8934 6.54822
-2.8934 6.70051
-2.74112 6.85279
-2.74112 7.00508
-2.74112 7.15736
-2.58883 7.46193
-2.58883 7.61421
-2.43655 7.7665
-2.43655 7.91878
-2.28426 8.07107
-2.28426 8.22335
-2.13198 8.52792
-2.13198 8.6802
-1.9797 8.83249
-1.9797 8.98477
-1.82741 9.13706
-1.82741 9.44162
-1.67513 9.59391
-1.67513 9.74619
-1.52284 9.89848
-1.52284 10.0508
-1.52284 10.3553
-1.37056 10.5076
-1.37056 10.6599
-1.21827 10.8122
-1.21827 11.1168
-1.06599 11.269
-1.06599 11.4213
-1.06599 11.7259
-0.913706 11.8782
-0.913706 12.1827
-0.761421 12.335
-0.761421 12.4873
-0.609137 12.7919
-0.609137 12.9442
-0.456853 13.2487
-0.304569 13.401
-0.304569 13.7056
-0.152284 13.8579
0 14.0102
0 14.3147
0.152284 14.467
0.304569 14.6193
0.456853 14.9239
0.609137 15.0761
0.761421 15.2284
0.913706 15.3807
1.06599 15.533
1.37056 15.6853
1.52284 15.8376
1.67513 15.9898
1.9797 15.9898
2.13198 16.1421
2.28426 16.2944
2.58883 16.2944
2.74112 16.4467
3.04569 16.4467
3.19797 16.4467
3.50254 16.599
3.65482 16.599
3.95939 16.599
4.11168 16.599
4.41624 16.599
4.56853 16.599
4.8731 16.599
5.02538 16.599
5.32995 16.599
5.48223 16.599
5.7868 16.599
5.93909 16.599
6.24365 16.599
6.39594 16.599
6.70051 16.599
6.85279 16.4467
7.15736 16.4467
7.30964 16.4467
7.46193 16.4467
7.7665 16.4467
7.91878 16.4467
8.22335 16.4467
8.37563 16.2944
8.52792 16.2944
8.83249 16.2944
8.98477 16.2944
9.28934 16.2944
9.44162 16.2944
9.59391 16.1421
9.89848 16.1421
10.0508 16.1421
10.203 16.1421
10.5076 15.9898
10.6599 15.9898
10.8122 15.9898
11.1168 15.8376
11.269 15.8376
11.4213 15.8376
11.7259 15.6853
11.8782 15.6853
12.0305 15.533
12.335 15.533
12.4873 15.3807
12.6396 15.3807
12.9442 15.2284
13.0964 15.0761
13.2487 15.0761
13.401 14.9239
13.5533 14.7716
13.8579 14.7716
14.0102 14.6193
14.1624 14.467
14.3147 14.3147
14.467 14.1624
14.6193 14.1624
14.7716 14.0102
14.9239 13.8579
15.0761 13.7056
15.2284 13.5533
15.3807 13.401
15.533 13.2487
15.6853 13.0964
15.8376 12.9442
15.9898 12.7919
16.1421 12.6396
16.2944 12.4873
16.4467 12.335
16.599 12.1827
16.7513 12.0305
16.9036 11.8782
16.9036 11.7259
17.0558 11.5736
17.2081 11.4213
17.3604 11.269
17.3604 10.9645
17.5127 10.8122
17.5127 10.6599
17.665 10.5076
17.8173 10.3553
17.8173 10.0508
17.9695 9.89848
17.9695 9.74619
17.9695 9.59391
18.1218 9.28934
18.1218 9.13706
18.1218 8.98477
18.2741 8.6802
18.2741 8.52792
18.2741 8.37563
18.2741 8.07107
18.2741 7.91878
18.2741 7.7665
18.2741 7.46193
18.2741 7.30964
18.2741 7.15736
18.2741 7.00508
18.2741 6.70051
18.2741 6.54822
18.2741 6.39594
18.2741 6.24365
18.2741 5.93909
18.2741 5.7868
18.2741 5.63452
18.2741 5.48223
18.2741 5.32995
18.2741 5.02538
18.4264 4.8731
18.4264 4.72081
18.4264 4.56853
18.5787 4.41624
