18.4264 4.26396
18.4264 4.11168
18.4264 3.95939
18.4264 3.65482
18.4264 3.50254
18.4264 3.35025
18.4264 3.19797
18.4264 2.8934
18.4264 2.74112
18.4264 2.58883
18.4264 2.43655
18.4264 2.28426
18.4264 1.9797
18.4264 1.82741
18.2741 1.67513
18.2741 1.52284
18.2741 1.21827
18.2741 1.06599
18.2741 0.913706
18.1218 0.761421
18.1218 0.456853
18.1218 0.304569
18.1218 0.152284
17.9695 0
17.9695 -0.304569
17.9695 -0.456853
17.9695 -0.609137
17.8173 -0.761421
17.8173 -1.06599
17.8173 -1.21827
17.665 -1.37056
17.665 -1.67513
17.665 -1.82741
17.5127 -1.9797
17.5127 -2.28426
17.3604 -2.43655
17.3604 -2.58883
17.3604 -2.8934
17.2081 -3.04569
17.0558 -3.19797
17.0558 -3.50254
16.9036 -3.65482
16.9036 -3.80711
16.7513 -3.95939
16.599 -4.26396
16.4467 -4.41624
16.4467 -4.56853
16.2944 -4.72081
16.1421 -4.8731
15.9898 -5.02538
15.8376 -5.17766
15.6853 -5.32995
15.533 -5.48223
15.3807 -5.63452
15.2284 -5.7868
15.0761 -5.93909
14.9239 -6.09137
14.6193 -6.24365
14.467 -6.39594
14.3147 -6.39594
14.1624 -6.54822
13.8579 -6.70051
13.7056 -6.85279
13.5533 -6.85279
13.401 -7.00508
13.0964 -7.00508
12.9442 -7.15736
12.7919 -7.30964
12.4873 -7.30964
12.335 -7.46193
12.1827 -7.46193
11.8782 -7.61421
11.7259 -7.61421
11.5736 -7.61421
11.269 -7.7665
11.1168 -7.7665
10.9645 -7.91878
10.6599 -7.91878
10.5076 -8.07107
10.203 -8.07107
10.0508 -8.07107
9.89848 -8.22335
9.59391 -8.22335
9.44162 -8.22335
9.13706 -8.22335
8.98477 -8.22335
8.6802 -8.37563
8.52792 -8.37563
8.37563 -8.37563
8.07107 -8.37563
7.91878 -8.37563
7.61421 -8.37563
7.46193 -8.37563
7.15736 -8.37563
7.00508 -8.37563
6.70051 -8.22335
6.54822 -8.22335
6.39594 -8.22335
6.09137 -8.07107
5.93909 -8.07107
5.63452 -8.07107
5.48223 -7.91878
5.32995 -7.91878
5.02538 -7.7665
4.8731 -7.7665
4.72081 -7.61421
4.56853 -7.46193
4.26396 -7.46193
4.11168 -7.30964
3.95939 -7.15736
3.80711 -7.15736
3.50254 -7.00508
3.35025 -6.85279
3.19797 -6.70051
3.04569 -6.70051
2.8934 -6.54822
2.58883 -6.39594
2.43655 -6.39594
2.28426 -6.24365
2.13198 -6.09137
1.9797 -5.93909
1.82741 -5.93909
1.67513 -5.7868
1.37056 -5.63452
1.21827 -5.63452
1.06599 -5.48223
0.913706 -5.32995
0.761421 -5.17766
0.609137 -5.17766
0.304569 -5.02538
0.152284 -4.8731
0 -4.72081
-0.152284 -4.56853
-0.304569 -4.56853
-0.456853 -4.41624
-0.609137 -4.26396
-0.761421 -4.11168
-0.913706 -3.95939
-1.06599 -3.80711
-1.21827 -3.65482
-1.37056 -3.50254
-1.52284 -3.35025
-1.67513 -3.19797
-1.82741 -3.04569
-1.82741 -2.8934
-1.9797 -2.58883
-2.13198 -2.43655
-2.28426 -2.28426
-2.28426 -2.13198
-2.43655 -1.9797
-2.43655 -1.67513
-2.58883 -1.52284
-2.58883 -1.37056
-2.74112 -1.06599
-2.74112 -0.913706
-2.74112 -0.761421
-2.8934 -0.456853
-2.8934 -0.304569
-2.8934 -0.152284
-2.8934 0.152284
-2.8934 0.304569
-3.04569 0.456853
-3.04569 0.761421
-3.04569 0.913706
-3.04569 1.06599
-3.04569 1.37056
-3.04569 1.52284
-3.04569 1.67513
-3.04569 1.9797
-3.19797 2.13198
-3.19797 2.28426
-3.19797 2.43655
-3.19797 2.74112
-3.19797 2.8934
-3.19797 3.04569
-3.19797 3.35025
-3.19797 3.50254
-3.19797 3.65482
-3.19797 3.80711
-3.19797 4.11168
-3.19797 4.26396
-3.19797 4.41624
-3.19797 4.72081
-3.19797 4.8731
-3.19797 5.02538
-3.19797 5.17766
-3.19797 5.48223
-3.19797 5.63452
-3.04569 5.7868
-3.04569 5.93909
-3.04569 6.24365
-3.04569 6.39594
-2.8934 6.54822
-2.8934 6.70051
-2.74112 6.85279
-2.74112 7.15736
-2.74112 7.30964
-2.58883 7.46193
-2.58883 7.61421
-2.43655 7.7665
-2.28426 7.91878
-2.28426 8.22335
-2.13198 8.37563
-2.13198 8.52792
-1.9797 8.6802
-1.9797 8.83249
-1.82741 8.98477
-1.82741 9.13706
-1.67513 9.28934
-1.52284 9.44162
-1.52284 9.59391
-1.37056 9.89848
-1.37056 10.0508
-1.21827 10.203
-1.21827 10.3553
-1.06599 10.5076
-1.06599 10.6599
-0.913706 10.9645
-0.913706 11.1168
-0.761421 11.269
-0.761421 11.4213
-0.609137 11.7259
-0.609137 11.8782
-0.456853 12.0305
-0.456853 12.335
-0.304569 12.4873
-0.304569 12.6396
-0.152284 12.9442
-0.152284 13.0964
0 13.2487
0.152284 13.5533
0.152284 13.7056
0.304569 13.8579
0.456853 14.1624
0.609137 14.3147
0.761421 14.467
0.761421 14.7716
0.913706 14.9239
1.06599 15.0761
1.21827 15.2284
1.52284 15.3807
1.67513 15.533
1.82741 15.6853
1.9797 15.8376
2.13198 15.8376
2.43655 15.9898
2.58883 16.1421
2.74112 16.1421
3.04569 16.2944
3.19797 16.2944
3.50254 16.4467
3.65482 16.4467
3.80711 16.599
4.11168 16.599
4.26396 16.599
4.56853 16.599
4.72081 16.7513
5.02538 16.7513
5.17766 16.7513
5.48223 16.7513
5.63452 16.7513
5.93909 16.7513
6.09137 16.7513
6.39594 16.7513
6.54822 16.7513
6.85279 16.7513
7.00508 16.599
7.15736 16.599
7.46193 16.599
7.61421 16.599
7.91878 16.599
8.07107 16.599
8.22335 16.4467
8.52792 16.4467
8.6802 16.4467
8.98477 16.4467
9.13706 16.2944
9.28934 16.2944
9.59391 16.2944
9.74619 16.1421
9.89848 16.1421
10.203 15.9898
10.3553 15.9898
10.5076 15.9898
10.8122 15.8376
10.9645 15.8376
11.1168 15.6853
11.4213 15.6853
11.5736 15.533
11.7259 15.533
11.8782 15.3807
12.1827 15.3807
12.335 15.2284
12.4873 15.2284
12.6396 15.0761
12.9442 15.0761
13.0964 14.9239
13.2487 14.7716
13.401 14.7716
13.5533 14.6193
13.8579 14.467
14.0102 14.467
14.1624 14.3147
14.3147 14.1624
14.467 14.1624
14.6193 14.0102
14.9239 13.8579
15.0761 13.7056
15.2284 13.5533
15.3807 13.5533
15.533 13.401
15.6853 13.2487
15.8376 13.0964
15.9898 12.9442
16.1421 12.7919
16.2944 12.6396
16.4467 12.4873
16.599 12.335
16.599 12.1827
16.7513 12.0305
16.9036 11.8782
17.0558 11.7259
17.2081 11.5736
17.2081 11.269
17.3604 11.1168
17.5127 10.9645
17.5127 10.8122
17.665 10.6599
17.8173 10.5076
17.8173 10.203
17.9695 10.0508
17.9695 9.89848
17.9695 9.59391
18.1218 9.44162
18.1218 9.28934
18.1218 9.13706
18.2741 8.83249
18.2741 8.6802
18.2741 8.52792
18.2741 8.22335
18.2741 8.07107
18.2741 7.91878
18.2741 7.61421
18.2741 7.46193
18.2741 7.30964
18.2741 7.00508
18.2741 6.85279
18.2741 6.70051
18.2741 6.54822
18.2741 6.24365
18.2741 6.09137
18.2741 5.93909
18.2741 5.7868
18.2741 5.48223
18.2741 5.32995
18.2741 5.17766
18.2741 5.02538
18.2741 4.8731
18.4264 4.56853
18.4264 4.41624
