18.5787 4.11168
18.5787 3.95939
18.4264 3.80711
18.4264 3.50254
18.4264 3.35025
18.4264 3.19797
18.4264 3.04569
18.2741 2.8934
18.2741 2.58883
18.2741 2.43655
18.2741 2.28426
18.2741 2.13198
18.1218 1.9797
18.1218 1.67513
18.1218 1.52284
18.1218 1.37056
17.9695 1.21827
17.9695 1.06599
17.9695 0.761421
17.9695 0.609137
17.9695 0.456853
17.8173 0.304569
17.8173 0.152284
17.8173 -0.152284
17.8173 -0.304569
17.665 -0.456853
17.665 -0.609137
17.665 -0.913706
17.665 -1.06599
17.5127 -1.21827
17.5127 -1.52284
17.5127 -1.67513
17.3604 -1.82741
17.3604 -2.13198
17.3604 -2.28426
17.2081 -2.43655
17.2081 -2.74112
17.2081 -2.8934
17.0558 -3.04569
17.0558 -3.35025
16.9036 -3.50254
16.7513 -3.65482
16.7513 -3.80711
16.599 -4.11168
16.4467 -4.26396
16.4467 -4.41624
16.2944 -4.56853
16.1421 -4.72081
15.9898 -5.02538
15.8376 -5.17766
15.6853 -5.32995
15.533 -5.48223
15.3807 -5.63452
15.2284 -5.7868
15.0761 -5.7868
14.9239 -5.93909
14.7716 -6.09137
14.6193 -6.24365
14.467 -6.39594
14.1624 -6.39594
14.0102 -6.54822
13.8579 -6.70051
13.7056 -6.70051
13.401 -6.85279
13.2487 -7.00508
13.0964 -7.00508
12.7919 -7.15736
12.6396 -7.15736
12.4873 -7.30964
12.335 -7.30964
12.0305 -7.46193
11.8782 -7.46193
11.7259 -7.61421
11.4213 -7.61421
11.269 -7.7665
11.1168 -7.7665
10.8122 -7.91878
10.6599 -7.91878
10.3553 -7.91878
10.203 -8.07107
10.0508 -8.07107
9.74619 -8.22335
9.59391 -8.22335
9.44162 -8.22335
9.13706 -8.22335
8.98477 -8.37563
8.6802 -8.37563
8.52792 -8.37563
8.22335 -8.37563
8.07107 -8.37563
7.91878 -8.37563
7.61421 -8.37563
7.46193 -8.37563
7.15736 -8.37563
7.00508 -8.37563
6.70051 -8.37563
6.54822 -8.37563
6.39594 -8.37563
6.09137 -8.22335
5.93909 -8.22335
5.63452 -8.07107
5.48223 -8.07107
5.32995 -7.91878
5.02538 -7.91878
4.8731 -7.7665
4.72081 -7.7665
4.41624 -7.61421
4.26396 -7.46193
4.11168 -7.46193
3.95939 -7.30964
3.80711 -7.15736
3.50254 -7.00508
3.35025 -7.00508
3.19797 -6.85279
3.04569 -6.70051
2.8934 -6.54822
2.74112 -6.54822
2.43655 -6.39594
2.28426 -6.24365
2.13198 -6.24365
1.9797 -6.09137
1.82741 -5.93909
1.67513 -5.7868
1.52284 -5.7868
1.21827 -5.63452
1.06599 -5.48223
0.913706 -5.32995
0.761421 -5.32995
0.609137 -5.17766
0.456853 -5.02538
0.304569 -5.02538
0 -4.8731
-0.152284 -4.72081
-0.304569 -4.56853
-0.456853 -4.41624
-0.609137 -4.26396
-0.761421 -4.26396
-0.913706 -4.11168
-1.06599 -3.95939
-1.21827 -3.80711
-1.37056 -3.65482
-1.52284 -3.50254
-1.67513 -3.35025
-1.67513 -3.04569
-1.82741 -2.8934
-1.9797 -2.74112
-2.13198 -2.58883
-2.13198 -2.43655
-2.28426 -2.13198
-2.28426 -1.9797
-2.43655 -1.82741
-2.43655 -1.67513
-2.58883 -1.37056
-2.58883 -1.21827
-2.58883 -1.06599
-2.74112 -0.761421
-2.74112 -0.609137
-2.74112 -0.456853
-2.74112 -0.152284
-2.8934 0
-2.8934 0.152284
-2.8934 0.456853
-2.8934 0.609137
-2.8934 0.761421
-2.8934 1.06599
-2.8934 1.21827
-3.04569 1.37056
-3.04569 1.67513
-3.04569 1.82741
-3.04569 1.9797
-3.04569 2.13198
-3.04569 2.43655
-3.04569 2.58883
-3.04569 2.74112
-3.04569 3.04569
-3.04569 3.19797
-3.04569 3.35025
-3.19797 3.50254
-3.19797 3.80711
-3.19797 3.95939
-3.19797 4.11168
-3.19797 4.26396
-3.19797 4.56853
-3.19797 4.72081
-3.19797 4.8731
-3.19797 5.02538
-3.19797 5.32995
-3.04569 5.48223
-3.04569 5.63452
-3.04569 5.7868
-3.04569 6.09137
-3.04569 6.24365
-2.8934 6.39594
-2.8934 6.54822
-2.8934 6.85279
-2.74112 7.00508
-2.74112 7.15736
-2.58883 7.30964
-2.58883 7.46193
-2.58883 7.7665
-2.43655 7.91878
-2.28426 8.07107
-2.28426 8.22335
-2.13198 8.37563
-2.13198 8.52792
-1.9797 8.6802
-1.9797 8.83249
-1.82741 9.13706
-1.82741 9.28934
-1.67513 9.44162
-1.67513 9.59391
-1.52284 9.74619
-1.37056 9.89848
-1.37056 10.0508
-1.21827 10.3553
-1.21827 10.5076
-1.06599 10.6599
-1.06599 10.8122
-0.913706 10.9645
-0.913706 11.269
-0.761421 11.4213
-0.761421 11.5736
-0.609137 11.8782
-0.609137 12.0305
-0.456853 12.1827
-0.456853 12.4873
-0.304569 12.6396
-0.304569 12.7919
-0.152284 13.0964
0 13.2487
0 13.401
0.152284 13.7056
0.304569 13.8579
0.456853 14.0102
0.456853 14.1624
0.609137 14.467
0.761421 14.6193
0.913706 14.7716
1.06599 14.9239
1.21827 15.0761
1.37056 15.2284
1.67513 15.3807
1.82741 15.533
1.9797 15.6853
2.13198 15.8376
2.43655 15.8376
2.58883 15.9898
2.74112 16.1421
3.04569 16.1421
3.19797 16.2944
3.35025 16.2944
3.65482 16.2944
3.80711 16.4467
4.11168 16.4467
4.26396 16.4467
4.56853 16.599
4.72081 16.599
5.02538 16.599
5.17766 16.599
5.48223 16.599
5.63452 16.599
5.93909 16.599
6.09137 16.599
6.39594 16.599
6.54822 16.599
6.70051 16.599
7.00508 16.4467
7.15736 16.4467
7.46193 16.4467
7.61421 16.4467
7.91878 16.4467
8.07107 16.4467
8.22335 16.2944
8.52792 16.2944
8.6802 16.2944
8.98477 16.1421
9.13706 16.1421
9.28934 16.1421
9.59391 16.1421
9.74619 15.9898
9.89848 15.9898
10.203 15.8376
10.3553 15.8376
10.5076 15.8376
10.8122 15.6853
10.9645 15.6853
11.1168 15.6853
11.4213 15.533
11.5736 15.533
11.7259 15.3807
11.8782 15.3807
12.1827 15.3807
12.335 15.2284
12.4873 15.2284
12.7919 15.0761
12.9442 15.0761
13.0964 14.9239
13.401 14.9239
13.5533 14.7716
13.7056 14.7716
13.8579 14.6193
14.1624 14.467
14.3147 14.467
14.467 14.3147
14.6193 14.1624
14.7716 14.1624
15.0761 14.0102
15.2284 13.8579
15.3807 13.7056
15.533 13.5533
15.6853 13.401
15.8376 13.401
15.9898 13.2487
16.1421 13.0964
16.2944 12.7919
16.4467 12.6396
16.599 12.4873
16.7513 12.335
16.7513 12.1827
16.9036 12.0305
17.0558 11.8782
17.0558 11.5736
17.2081 11.4213
17.3604 11.269
17.3604 11.1168
17.5127 10.8122
17.5127 10.6599
17.665 10.5076
17.665 10.203
17.8173 10.0508
17.8173 9.89848
17.8173 9.74619
17.9695 9.44162
17.9695 9.28934
17.9695 9.13706
18.1218 8.83249
18.1218 8.6802
18.1218 8.52792
18.1218 8.22335
18.1218 8.07107
18.2741 7.91878
18.2741 7.7665
18.2741 7.46193
18.2741 7.30964
18.2741 7.15736
18.2741 6.85279
18.2741 6.70051
18.2741 6.54822
18.2741 6.39594
18.4264 6.09137
18.4264 5.93909
18.4264 5.7868
18.4264 5.63452
18.4264 5.48223
18.4264 5.17766
18.4264 5.02538
18.4264 4.8731
18.5787 4.72081
18.5787 4.56853
18.5787 4.26396
