18.5787 4.26396
18.5787 4.11168
18.5787 3.80711
18.5787 3.65482
18.4264 3.50254
18.4264 3.35025
18.4264 3.04569
18.4264 2.8934
18.2741 2.74112
18.2741 2.58883
18.2741 2.43655
18.1218 2.28426
18.1218 1.9797
18.1218 1.82741
18.1218 1.67513
17.9695 1.52284
17.9695 1.37056
17.9695 1.06599
17.8173 0.913706
17.8173 0.761421
17.8173 0.609137
17.8173 0.456853
17.665 0.152284
17.665 0
17.665 -0.152284
17.665 -0.304569
17.5127 -0.609137
17.5127 -0.761421
17.5127 -0.913706
17.5127 -1.06599
17.5127 -1.37056
17.3604 -1.52284
17.3604 -1.82741
17.3604 -1.9797
17.3604 -2.13198
17.2081 -2.43655
17.2081 -2.58883
17.2081 -2.74112
17.0558 -3.04569
17.0558 -3.19797
16.9036 -3.50254
16.9036 -3.65482
16.7513 -3.80711
16.7513 -4.11168
16.599 -4.26396
16.4467 -4.41624
16.2944 -4.56853
16.2944 -4.8731
16.1421 -5.02538
15.9898 -5.17766
15.8376 -5.32995
15.6853 -5.48223
15.533 -5.63452
15.3807 -5.7868
15.2284 -5.93909
14.9239 -6.09137
14.7716 -6.24365
14.6193 -6.24365
14.467 -6.39594
14.3147 -6.54822
14.0102 -6.70051
13.8579 -6.70051
13.7056 -6.85279
13.401 -6.85279
13.2487 -7.00508
13.0964 -7.15736
12.7919 -7.15736
12.6396 -7.30964
12.4873 -7.30964
12.1827 -7.46193
12.0305 -7.46193
11.8782 -7.61421
11.5736 -7.61421
11.4213 -7.61421
11.269 -7.7665
10.9645 -7.7665
10.8122 -7.91878
10.6599 -7.91878
10.3553 -8.07107
10.203 -8.07107
9.89848 -8.07107
9.74619 -8.22335
9.59391 -8.22335
9.28934 -8.22335
9.13706 -8.37563
8.83249 -8.37563
8.6802 -8.37563
8.37563 -8.37563
8.22335 -8.37563
8.07107 -8.52792
7.7665 -8.52792
7.61421 -8.52792
7.30964 -8.52792
7.15736 -8.52792
6.85279 -8.37563
6.70051 -8.37563
6.39594 -8.37563
6.24365 -8.37563
6.09137 -8.22335
5.7868 -8.22335
5.63452 -8.07107
5.32995 -8.07107
5.17766 -7.91878
5.02538 -7.91878
4.72081 -7.7665
4.56853 -7.61421
4.41624 -7.61421
4.26396 -7.46193
3.95939 -7.30964
3.80711 -7.30964
3.65482 -7.15736
3.50254 -7.00508
3.35025 -6.85279
3.04569 -6.70051
2.8934 -6.70051
2.74112 -6.54822
2.58883 -6.39594
2.43655 -6.24365
2.28426 -6.24365
2.13198 -6.09137
1.82741 -5.93909
1.67513 -5.7868
1.52284 -5.7868
1.37056 -5.63452
1.21827 -5.48223
1.06599 -5.48223
0.913706 -5.32995
0.609137 -5.17766
0.456853 -5.17766
0.304569 -5.02538
0.152284 -4.8731
0 -4.72081
-0.152284 -4.72081
-0.456853 -4.56853
-0.609137 -4.41624
-0.761421 -4.26396
-0.913706 -4.11168
-1.06599 -3.95939
-1.21827 -3.80711
-1.37056 -3.65482
-1.52284 -3.50254
-1.67513 -3.35025
-1.82741 -3.19797
-1.82741 -3.04569
-1.9797 -2.8934
-2.13198 -2.74112
-2.28426 -2.43655
-2.28426 -2.28426
-2.43655 -2.13198
-2.43655 -1.9797
-2.58883 -1.67513
-2.58883 -1.52284
-2.58883 -1.37056
-2.74112 -1.06599
-2.74112 -0.913706
-2.74112 -0.609137
-2.74112 -0.456853
-2.74112 -0.304569
-2.74112 0
-2.8934 0.152284
-2.8934 0.304569
-2.8934 0.609137
-2.8934 0.761421
-2.8934 0.913706
-2.8934 1.21827
-2.8934 1.37056
-2.8934 1.52284
-2.8934 1.82741
-2.8934 1.9797
-2.8934 2.13198
-2.8934 2.28426
-3.04569 2.58883
-3.04569 2.74112
-3.04569 2.8934
-3.04569 3.04569
-3.04569 3.35025
-3.04569 3.50254
-3.04569 3.65482
-3.19797 3.80711
-3.19797 4.11168
-3.19797 4.26396
-3.19797 4.41624
-3.19797 4.56853
-3.19797 4.8731
-3.19797 5.02538
-3.19797 5.17766
-3.19797 5.32995
-3.19797 5.63452
-3.19797 5.7868
-3.19797 5.93909
-3.19797 6.09137
-3.04569 6.39594
-3.04569 6.54822
-3.04569 6.70051
-2.8934 6.85279
-2.8934 7.15736
-2.74112 7.30964
-2.74112 7.46193
-2.58883 7.61421
-2.58883 7.7665
-2.43655 7.91878
-2.43655 8.07107
-2.28426 8.37563
-2.13198 8.52792
-2.13198 8.6802
-1.9797 8.83249
-1.9797 8.98477
-1.82741 9.13706
-1.67513 9.28934
-1.67513 9.44162
-1.52284 9.59391
-1.37056 9.74619
-1.37056 9.89848
-1.21827 10.0508
-1.21827 10.203
-1.06599 10.3553
-0.913706 10.6599
-0.913706 10.8122
-0.761421 10.9645
-0.761421 11.1168
-0.609137 11.269
-0.609137 11.5736
-0.456853 11.7259
-0.456853 11.8782
-0.304569 12.1827
-0.304569 12.335
-0.152284 12.4873
-0.152284 12.7919
0 12.9442
0 13.0964
0.152284 13.401
0.304569 13.5533
0.304569 13.7056
0.456853 14.0102
0.609137 14.1624
0.761421 14.3147
0.913706 14.467
1.06599 14.6193
1.21827 14.9239
1.37056 15.0761
1.52284 15.2284
1.67513 15.3807
1.82741 15.533
1.9797 15.533
2.13198 15.6853
2.43655 15.8376
2.58883 15.9898
2.74112 15.9898
3.04569 16.1421
3.19797 16.1421
3.35025 16.2944
3.65482 16.2944
3.80711 16.4467
4.11168 16.4467
4.26396 16.4467
4.56853 16.4467
4.72081 16.599
4.8731 16.599
5.17766 16.599
5.32995 16.599
5.63452 16.599
5.7868 16.599
6.09137 16.599
6.24365 16.599
6.54822 16.599
6.70051 16.599
6.85279 16.599
7.15736 16.4467
7.30964 16.4467
7.61421 16.4467
7.7665 16.4467
7.91878 16.4467
8.22335 16.2944
8.37563 16.2944
8.6802 16.2944
8.83249 16.1421
8.98477 16.1421
9.28934 16.1421
9.44162 16.1421
9.59391 15.9898
9.89848 15.9898
10.0508 15.8376
10.203 15.8376
10.5076 15.8376
10.6599 15.6853
10.8122 15.6853
11.1168 15.6853
11.269 15.533
11.4213 15.533
11.7259 15.533
11.8782 15.3807
12.0305 15.3807
12.1827 15.3807
12.4873 15.2284
12.6396 15.2284
12.7919 15.0761
13.0964 15.0761
13.2487 14.9239
13.401 14.9239
13.7056 14.7716
13.8579 14.7716
14.0102 14.6193
14.3147 14.6193
14.467 14.467
14.6193 14.467
14.7716 14.3147
15.0761 14.1624
15.2284 14.0102
15.3807 14.0102
15.533 13.8579
15.6853 13.7056
15.8376 13.5533
15.9898 13.401
16.1421 13.2487
16.2944 13.0964
16.4467 12.9442
16.599 12.7919
16.7513 12.6396
16.9036 12.335
16.9036 12.1827
17.0558 12.0305
17.2081 11.8782
17.2081 11.5736
17.3604 11.4213
17.3604 11.269
17.5127 11.1168
17.5127 10.8122
17.665 10.6599
17.665 10.5076
17.8173 10.203
17.8173 10.0508
17.8173 9.74619
17.8173 9.59391
17.9695 9.44162
17.9695 9.13706
17.9695 8.98477
17.9695 8.83249
18.1218 8.52792
18.1218 8.37563
18.1218 8.22335
18.1218 8.07107
18.1218 7.7665
18.1218 7.61421
18.1218 7.46193
18.1218 7.15736
18.1218 7.00508
18.1218 6.85279
18.2741 6.70051
18.2741 6.39594
18.2741 6.24365
18.2741 6.09137
18.2741 5.93909
18.2741 5.7868
18.2741 5.48223
18.4264 5.32995
18.4264 5.17766
18.4264 5.02538
18.4264 4.8731
18.5787 4.56853
18.5787 4.41624
