18.5787 4.11168
18.4264 3.80711
18.4264 3.65482
18.2741 3.50254
18.2741 3.35025
18.1218 3.04569
18.1218 2.8934
18.1218 2.74112
17.9695 2.58883
17.9695 2.43655
17.9695 2.28426
17.9695 1.9797
17.8173 1.82741
17.8173 1.67513
17.8173 1.52284
17.8173 1.37056
17.665 1.06599
17.665 0.913706
17.665 0.761421
17.665 0.609137
17.665 0.456853
17.5127 0.152284
17.5127 0
17.5127 -0.152284
17.5127 -0.304569
17.5127 -0.609137
17.5127 -0.761421
17.3604 -0.913706
17.3604 -1.21827
17.3604 -1.37056
17.3604 -1.67513
17.3604 -1.82741
17.3604 -1.9797
17.2081 -2.28426
17.2081 -2.43655
17.2081 -2.74112
17.0558 -2.8934
17.0558 -3.04569
17.0558 -3.35025
16.9036 -3.50254
16.9036 -3.80711
16.7513 -3.95939
16.7513 -4.11168
16.599 -4.41624
16.4467 -4.56853
16.4467 -4.72081
16.2944 -5.02538
16.1421 -5.17766
15.9898 -5.32995
15.8376 -5.48223
15.6853 -5.63452
15.533 -5.7868
15.3807 -5.93909
15.2284 -6.09137
15.0761 -6.24365
14.7716 -6.39594
14.6193 -6.39594
14.467 -6.54822
14.3147 -6.70051
14.0102 -6.70051
13.8579 -6.85279
13.7056 -7.00508
13.401 -7.00508
13.2487 -7.15736
13.0964 -7.15736
12.7919 -7.30964
12.6396 -7.30964
12.335 -7.30964
12.1827 -7.46193
12.0305 -7.46193
11.7259 -7.61421
11.5736 -7.61421
11.4213 -7.61421
11.1168 -7.7665
10.9645 -7.7665
10.8122 -7.91878
10.5076 -7.91878
10.3553 -7.91878
10.0508 -8.07107
9.89848 -8.07107
9.74619 -8.07107
9.44162 -8.22335
9.28934 -8.22335
9.13706 -8.22335
8.83249 -8.22335
8.6802 -8.37563
8.37563 -8.37563
8.22335 -8.37563
8.07107 -8.37563
7.7665 -8.37563
7.61421 -8.37563
7.30964 -8.37563
7.15736 -8.37563
6.85279 -8.37563
6.70051 -8.37563
6.54822 -8.37563
6.24365 -8.37563
6.09137 -8.22335
5.7868 -8.22335
5.63452 -8.07107
5.48223 -8.07107
5.17766 -7.91878
5.02538 -7.91878
4.8731 -7.7665
4.56853 -7.7665
4.41624 -7.61421
4.26396 -7.46193
4.11168 -7.46193
3.80711 -7.30964
3.65482 -7.15736
3.50254 -7.00508
3.35025 -7.00508
3.19797 -6.85279
3.04569 -6.70051
2.74112 -6.54822
2.58883 -6.54822
2.43655 -6.39594
2.28426 -6.24365
2.13198 -6.09137
1.9797 -6.09137
1.82741 -5.93909
1.67513 -5.7868
1.52284 -5.63452
1.37056 -5.63452
1.06599 -5.48223
0.913706 -5.32995
0.761421 -5.32995
0.609137 -5.17766
0.456853 -5.02538
0.304569 -5.02538
0.152284 -4.8731
0 -4.72081
-0.304569 -4.56853
-0.456853 -4.56853
-0.609137 -4.41624
-0.761421 -4.26396
-0.913706 -4.11168
-1.06599 -3.95939
-1.21827 -3.80711
-1.37056 -3.65482
-1.52284 -3.50254
-1.67513 -3.35025
-1.82741 -3.19797
-1.82741 -3.04569
-1.9797 -2.8934
-2.13198 -2.74112
-2.28426 -2.58883
-2.28426 -2.43655
-2.43655 -2.13198
-2.43655 -1.9797
-2.58883 -1.82741
-2.58883 -1.67513
-2.74112 -1.37056
-2.74112 -1.21827
-2.74112 -1.06599
-2.8934 -0.761421
-2.8934 -0.609137
-2.8934 -0.456853
-2.8934 -0.152284
-3.04569 0
-3.04569 0.152284
-3.04569 0.456853
-3.04569 0.609137
-3.04569 0.761421
-3.04569 1.06599
-3.04569 1.21827
-3.04569 1.37056
-3.04569 1.67513
-3.04569 1.82741
-3.04569 1.9797
-3.04569 2.13198
-3.04569 2.43655
-3.04569 2.58883
-3.04569 2.74112
-3.04569 2.8934
-3.04569 3.19797
-3.04569 3.35025
-2.8934 3.50254
-2.8934 3.65482
-2.8934 3.80711
-2.8934 4.11168
-2.8934 4.26396
-2.8934 4.41624
-2.8934 4.56853
-2.8934 4.72081
-2.74112 5.02538
-2.74112 5.17766
-2.74112 5.32995
-2.74112 5.48223
-2.74112 5.63452
-2.74112 5.7868
-2.58883 6.09137
-2.58883 6.24365
-2.58883 6.39594
-2.58883 6.54822
-2.58883 6.70051
-2.43655 6.85279
-2.43655 7.15736
-2.43655 7.30964
-2.28426 7.46193
-2.28426 7.61421
-2.28426 7.7665
-2.28426 8.07107
-2.13198 8.22335
-2.13198 8.37563
-2.13198 8.52792
-1.9797 8.6802
-1.9797 8.98477
-1.9797 9.13706
-1.82741 9.28934
-1.82741 9.44162
-1.67513 9.59391
-1.67513 9.89848
-1.67513 10.0508
-1.52284 10.203
-1.52284 10.3553
-1.37056 10.5076
-1.37056 10.8122
-1.21827 10.9645
-1.21827 11.1168
-1.06599 11.4213
-1.06599 11.5736
-0.913706 11.7259
-0.913706 11.8782
-0.761421 12.1827
-0.761421 12.335
-0.609137 12.4873
-0.456853 12.6396
-0.456853 12.9442
-0.304569 13.0964
-0.152284 13.2487
0 13.401
0.152284 13.5533
0.152284 13.8579
0.304569 14.0102
0.456853 14.1624
0.609137 14.3147
0.761421 14.467
0.913706 14.6193
1.06599 14.7716
1.21827 14.9239
1.52284 15.0761
1.67513 15.2284
1.82741 15.3807
1.9797 15.3807
2.13198 15.533
2.43655 15.6853
2.58883 15.8376
2.74112 15.8376
3.04569 15.9898
3.19797 15.9898
3.35025 16.1421
3.65482 16.1421
3.80711 16.2944
4.11168 16.2944
4.26396 16.4467
4.41624 16.4467
4.72081 16.4467
4.8731 16.4467
5.17766 16.599
5.32995 16.599
5.63452 16.599
5.7868 16.599
6.09137 16.599
6.24365 16.599
6.39594 16.599
6.70051 16.599
6.85279 16.599
7.15736 16.599
7.30964 16.599
7.61421 16.4467
7.7665 16.4467
7.91878 16.4467
8.22335 16.4467
8.37563 16.4467
8.6802 16.2944
8.83249 16.2944
8.98477 16.2944
9.28934 16.1421
9.44162 16.1421
9.74619 16.1421
9.89848 15.9898
10.0508 15.9898
10.3553 15.8376
10.5076 15.8376
10.6599 15.8376
10.9645 15.6853
11.1168 15.6853
11.269 15.6853
11.5736 15.533
11.7259 15.533
11.8782 15.533
12.1827 15.3807
12.335 15.3807
12.6396 15.3807
12.7919 15.2284
12.9442 15.2284
13.2487 15.0761
13.401 15.0761
13.5533 14.9239
13.8579 14.9239
14.0102 14.7716
14.3147 14.7716
14.467 14.6193
14.6193 14.6193
14.7716 14.467
15.0761 14.3147
15.2284 14.1624
15.3807 14.1624
15.533 14.0102
15.8376 13.8579
15.9898 13.7056
16.1421 13.5533
16.2944 13.401
16.4467 13.2487
16.599 12.9442
16.599 12.7919
16.7513 12.6396
16.9036 12.4873
17.0558 12.335
17.0558 12.0305
17.2081 11.8782
17.3604 11.7259
17.3604 11.4213
17.5127 11.269
17.5127 10.9645
17.5127 10.8122
17.665 10.6599
17.665 10.3553
17.665 10.203
17.8173 9.89848
17.8173 9.74619
17.8173 9.59391
17.9695 9.28934
17.9695 9.13706
17.9695 8.83249
17.9695 8.6802
17.9695 8.52792
17.9695 8.22335
18.1218 8.07107
18.1218 7.91878
18.1218 7.61421
18.1218 7.46193
18.1218 7.30964
18.1218 7.15736
18.2741 6.85279
18.2741 6.70051
18.2741 6.54822
18.2741 6.39594
18.2741 6.09137
18.2741 5.93909
18.2741 5.7868
18.2741 5.63452
18.2741 5.32995
18.4264 5.17766
18.4264 5.02538
18.4264 4.8731
18.4264 4.56853
18.4264 4.41624
18.4264 4.26396
