18.4264 3.95939
18.4264 3.80711
18.2741 3.65482
18.2741 3.50254
18.1218 3.19797
18.1218 3.04569
18.1218 2.8934
17.9695 2.74112
17.9695 2.58883
17.9695 2.43655
17.8173 2.13198
17.8173 1.9797
17.8173 1.82741
17.8173 1.67513
17.665 1.52284
17.665 1.21827
17.665 1.06599
17.665 0.913706
17.665 0.761421
17.665 0.609137
17.5127 0.304569
17.5127 0.152284
17.5127 0
17.5127 -0.152284
17.5127 -0.456853
17.5127 -0.609137
17.5127 -0.761421
17.3604 -1.06599
17.3604 -1.21827
17.3604 -1.37056
17.3604 -1.67513
17.3604 -1.82741
17.2081 -1.9797
17.2081 -2.28426
17.2081 -2.43655
17.2081 -2.74112
17.0558 -2.8934
17.0558 -3.04569
16.9036 -3.35025
16.9036 -3.50254
16.7513 -3.65482
16.7513 -3.95939
16.599 -4.11168
16.599 -4.26396
16.4467 -4.56853
16.2944 -4.72081
16.1421 -4.8731
15.9898 -5.02538
15.9898 -5.17766
15.8376 -5.32995
15.6853 -5.48223
15.533 -5.63452
15.3807 -5.7868
15.0761 -5.93909
14.9239 -6.09137
14.7716 -6.24365
14.6193 -6.39594
14.467 -6.54822
14.3147 -6.54822
14.0102 -6.70051
13.8579 -6.85279
13.7056 -6.85279
13.401 -7.00508
13.2487 -7.00508
13.0964 -7.15736
12.7919 -7.30964
12.6396 -7.30964
12.4873 -7.30964
12.1827 -7.46193
12.0305 -7.46193
11.8782 -7.61421
11.5736 -7.61421
11.4213 -7.7665
11.269 -7.7665
10.9645 -7.7665
10.8122 -7.91878
10.6599 -7.91878
10.3553 -7.91878
10.203 -8.07107
9.89848 -8.07107
9.74619 -8.07107
9.59391 -8.22335
9.28934 -8.22335
9.13706 -8.22335
8.98477 -8.22335
8.6802 -8.37563
8.52792 -8.37563
8.22335 -8.37563
8.07107 -8.37563
7.7665 -8.37563
7.61421 -8.37563
7.46193 -8.37563
7.15736 -8.37563
7.00508 -8.37563
6.70051 -8.37563
6.54822 -8.37563
6.39594 -8.22335
6.09137 -8.22335
5.93909 -8.22335
5.63452 -8.07107
5.48223 -8.07107
5.32995 -8.07107
5.02538 -7.91878
4.8731 -7.91878
4.72081 -7.7665
4.41624 -7.61421
4.26396 -7.61421
4.11168 -7.46193
3.95939 -7.46193
3.80711 -7.30964
3.50254 -7.15736
3.35025 -7.00508
3.19797 -7.00508
3.04569 -6.85279
2.8934 -6.70051
2.74112 -6.70051
2.43655 -6.54822
2.28426 -6.39594
2.13198 -6.24365
1.9797 -6.09137
1.82741 -6.09137
1.67513 -5.93909
1.52284 -5.7868
1.37056 -5.63452
1.21827 -5.63452
1.06599 -5.48223
0.761421 -5.32995
0.609137 -5.17766
0.456853 -5.17766
0.304569 -5.02538
0.152284 -4.8731
0 -4.72081
-0.152284 -4.56853
-0.304569 -4.41624
-0.456853 -4.41624
-0.609137 -4.26396
-0.761421 -4.11168
-0.913706 -3.95939
-1.06599 -3.80711
-1.21827 -3.65482
-1.21827 -3.50254
-1.37056 -3.35025
-1.52284 -3.19797
-1.67513 -3.04569
-1.82741 -2.8934
-1.82741 -2.74112
-1.9797 -2.43655
-2.13198 -2.28426
-2.13198 -2.13198
-2.28426 -1.9797
-2.43655 -1.82741
-2.43655 -1.52284
-2.58883 -1.37056
-2.58883 -1.21827
-2.74112 -1.06599
-2.74112 -0.913706
-2.74112 -0.609137
-2.8934 -0.456853
-2.8934 -0.304569
-2.8934 0
-3.04569 0.152284
-3.04569 0.304569
-3.04569 0.456853
-3.04569 0.761421
-3.04569 0.913706
-3.04569 1.06599
-3.04569 1.37056
-3.19797 1.52284
-3.19797 1.67513
-3.19797 1.82741
-3.19797 2.13198
-3.19797 2.28426
-3.04569 2.43655
-3.04569 2.74112
-3.04569 2.8934
-3.04569 3.04569
-3.04569 3.19797
-3.04569 3.50254
-3.04569 3.65482
-3.04569 3.80711
-2.8934 3.95939
-2.8934 4.11168
-2.8934 4.41624
-2.8934 4.56853
-2.8934 4.72081
-2.74112 4.8731
-2.74112 5.02538
-2.74112 5.32995
-2.74112 5.48223
-2.58883 5.63452
-2.58883 5.7868
-2.58883 5.93909
-2.58883 6.09137
-2.43655 6.39594
-2.43655 6.54822
-2.43655 6.70051
-2.43655 6.85279
-2.28426 7.00508
-2.28426 7.15736
-2.28426 7.46193
-2.28426 7.61421
-2.13198 7.7665
-2.13198 7.91878
-2.13198 8.07107
-2.13198 8.37563
-1.9797 8.52792
-1.9797 8.6802
-1.9797 8.83249
-1.82741 8.98477
-1.82741 9.28934
-1.82741 9.44162
-1.67513 9.59391
-1.67513 9.74619
-1.67513 10.0508
-1.52284 10.203
-1.52284 10.3553
-1.37056 10.5076
-1.37056 10.8122
-1.37056 10.9645
-1.21827 11.1168
-1.21827 11.4213
-1.06599 11.5736
-0.913706 11.7259
-0.913706 11.8782
-0.761421 12.1827
-0.761421 12.335
-0.609137 12.4873
-0.456853 12.6396
-0.456853 12.9442
-0.304569 13.0964
-0.152284 13.2487
0 13.401
0.152284 13.7056
0.152284 13.8579
0.304569 14.0102
0.456853 14.1624
0.609137 14.3147
0.761421 14.467
0.913706 14.6193
1.06599 14.7716
1.37056 14.9239
1.52284 15.0761
1.67513 15.2284
1.82741 15.3807
1.9797 15.3807
2.28426 15.533
2.43655 15.6853
2.58883 15.8376
2.8934 15.8376
3.04569 15.9898
3.19797 15.9898
3.50254 16.1421
3.65482 16.1421
3.80711 16.2944
4.11168 16.2944
4.26396 16.2944
4.56853 16.4467
4.72081 16.4467
5.02538 16.4467
5.17766 16.4467
5.48223 16.599
5.63452 16.599
5.7868 16.599
6.09137 16.599
6.24365 16.599
6.54822 16.599
6.70051 16.599
7.00508 16.599
7.15736 16.599
7.46193 16.599
7.61421 16.4467
7.7665 16.4467
8.07107 16.4467
8.22335 16.4467
8.52792 16.4467
8.6802 16.2944
8.98477 16.2944
9.13706 16.2944
9.28934 16.2944
9.59391 16.1421
9.74619 16.1421
9.89848 16.1421
10.203 15.9898
10.3553 15.9898
10.6599 15.9898
10.8122 15.8376
10.9645 15.8376
11.269 15.6853
11.4213 15.6853
11.5736 15.6853
11.8782 15.533
12.0305 15.533
12.1827 15.533
12.4873 15.3807
12.6396 15.3807
12.9442 15.2284
13.0964 15.2284
13.2487 15.0761
13.5533 15.0761
13.7056 14.9239
13.8579 14.9239
14.1624 14.7716
14.3147 14.6193
14.467 14.6193
14.6193 14.467
14.9239 14.3147
15.0761 14.1624
15.2284 14.1624
15.3807 14.0102
15.533 13.8579
15.6853 13.7056
15.8376 13.5533
15.9898 13.401
16.1421 13.2487
16.2944 13.0964
16.4467 12.7919
16.599 12.6396
16.7513 12.4873
16.9036 12.335
16.9036 12.0305
17.0558 11.8782
17.2081 11.7259
17.2081 11.4213
17.3604 11.269
17.3604 11.1168
17.5127 10.8122
17.5127 10.6599
17.5127 10.5076
17.665 10.203
17.665 10.0508
17.665 9.89848
17.8173 9.59391
17.8173 9.44162
17.8173 9.13706
17.9695 8.98477
17.9695 8.83249
17.9695 8.52792
17.9695 8.37563
17.9695 8.22335
18.1218 8.07107
18.1218 7.7665
18.1218 7.61421
18.1218 7.46193
18.1218 7.15736
18.1218 7.00508
18.2741 6.85279
18.2741 6.70051
18.2741 6.39594
18.2741 6.24365
18.2741 6.09137
18.2741 5.93909
18.2741 5.63452
18.2741 5.48223
18.4264 5.32995
18.4264 5.17766
18.4264 4.8731
18.4264 4.72081
18.4264 4.56853
18.4264 4.41624
18.4264 4.11168
