6.70051 1.82741
6.70051 1.52284
6.70051 1.21827
6.70051 0.761421
6.54822 0.456853
6.54822 0.152284
6.39594 -0.152284
6.39594 -0.456853
6.24365 -0.761421
6.09137 -1.06599
6.09137 -1.37056
5.93909 -1.67513
5.7868 -1.9797
5.63452 -2.28426
5.48223 -2.58883
5.32995 -2.8934
5.17766 -3.19797
5.02538 -3.35025
4.8731 -3.65482
4.56853 -3.95939
4.41624 -4.26396
4.26396 -4.41624
4.11168 -4.72081
3.80711 -4.8731
3.65482 -5.17766
3.35025 -5.32995
3.19797 -5.63452
2.8934 -5.7868
2.74112 -6.09137
2.43655 -6.24365
2.28426 -6.39594
1.9797 -6.54822
1.67513 -6.85279
1.52284 -7.00508
1.21827 -7.15736
0.913706 -7.30964
0.761421 -7.46193
0.456853 -7.61421
0.152284 -7.7665
0 -7.91878
-0.304569 -8.07107
-0.609137 -8.22335
-0.761421 -8.22335
-1.06599 -8.37563
-1.37056 -8.52792
-1.52284 -8.6802
-1.82741 -8.6802
-2.13198 -8.83249
-2.28426 -8.98477
-2.58883 -9.13706
-2.74112 -9.13706
-3.04569 -9.28934
-3.35025 -9.44162
-3.50254 -9.44162
-3.80711 -9.59391
-3.95939 -9.74619
-4.26396 -9.74619
-4.41624 -9.89848
-4.72081 -9.89848
-4.8731 -10.0508
-5.17766 -10.203
-5.32995 -10.203
-5.63452 -10.3553
-5.7868 -10.3553
-6.09137 -10.5076
-6.24365 -10.5076
-6.54822 -10.6599
-6.70051 -10.6599
-7.00508 -10.6599
-7.15736 -10.8122
-7.46193 -10.8122
-7.61421 -10.8122
-7.91878 -10.9645
-8.07107 -10.9645
-8.37563 -10.9645
-8.52792 -10.9645
-8.83249 -11.1168
-8.98477 -11.1168
-9.28934 -11.1168
-9.44162 -11.1168
-9.74619 -11.1168
-10.0508 -11.1168
-10.203 -11.1168
-10.5076 -11.1168
-10.6599 -11.1168
-10.9645 -11.1168
-11.1168 -11.1168
-11.269 -11.1168
-11.5736 -11.1168
-11.7259 -11.1168
-12.0305 -11.1168
-12.1827 -10.9645
-12.4873 -10.9645
-12.6396 -10.9645
-12.9442 -10.9645
-13.0964 -10.9645
-13.401 -10.9645
-13.5533 -10.9645
-13.8579 -10.9645
-14.0102 -10.8122
-14.3147 -10.8122
-14.467 -10.8122
-14.7716 -10.8122
-14.9239 -10.8122
-15.2284 -10.8122
-15.3807 -10.8122
-15.6853 -10.8122
-15.8376 -10.6599
-16.1421 -10.6599
-16.2944 -10.6599
-16.599 -10.6599
-16.7513 -10.6599
-17.0558 -10.5076
-17.2081 -10.5076
-17.5127 -10.5076
-17.665 -10.5076
-17.9695 -10.3553
-18.2741 -10.3553
-18.4264 -10.3553
-18.731 -10.203
-18.8832 -10.203
-19.1878 -10.203
-19.4924 -10.0508
-19.6447 -10.0508
-19.9492 -9.89848
-20.1015 -9.89848
-20.4061 -9.74619
-20.7107 -9.74619
-20.8629 -9.59391
-21.1675 -9.44162
-21.4721 -9.44162
-21.6244 -9.28934
-21.9289 -9.13706
-22.0812 -8.98477
-22.3858 -8.98477
-22.6904 -8.83249
-22.8426 -8.6802
-23.1472 -8.52792
-23.2995 -8.37563
-23.6041 -8.22335
-23.7563 -8.07107
-24.0609 -7.91878
-24.2132 -7.7665
-24.3655 -7.61421
-24.6701 -7.30964
-24.8223 -7.15736
-25.1269 -7.00508
-25.2792 -6.85279
-25.4315 -6.54822
-25.5838 -6.39594
-25.8883 -6.09137
-26.0406 -5.93909
-26.1929 -5.7868
-26.3452 -5.48223
-26.4975 -5.32995
-26.6497 -5.02538
-26.802 -4.72081
-26.9543 -4.56853
-27.1066 -4.26396
-27.2589 -3.95939
-27.2589 -3.80711
-27.4112 -3.50254
-27.5635 -3.19797
-27.7157 -3.04569
-27.7157 -2.74112
-27.868 -2.43655
-27.868 -2.13198
-28.0203 -1.82741
-28.0203 -1.67513
-28.1726 -1.37056
-28.1726 -1.06599
-28.1726 -0.761421
-28.1726 -0.456853
-28.3249 -0.152284
-28.3249 0.152284
-28.3249 0.304569
-28.3249 0.609137
-28.3249 0.913706
-28.3249 1.21827
-28.3249 1.52284
-28.3249 1.82741
-28.3249 2.13198
-28.3249 2.43655
-28.3249 2.58883
-28.1726 2.8934
-28.1726 3.19797
-28.1726 3.50254
-28.1726 3.80711
-28.0203 4.11168
-28.0203 4.26396
-28.0203 4.56853
-27.868 4.8731
-27.868 5.17766
-27.7157 5.48223
-27.7157 5.7868
-27.5635 5.93909
-27.5635 6.24365
-27.4112 6.54822
-27.4112 6.85279
-27.2589 7.00508
-27.2589 7.30964
-27.1066 7.61421
-26.9543 7.91878
-26.9543 8.07107
-26.802 8.37563
-26.6497 8.6802
-26.4975 8.83249
-26.4975 9.13706
-26.3452 9.44162
-26.1929 9.59391
-26.0406 9.89848
-25.8883 10.203
-25.736 10.3553
-25.5838 10.6599
-25.4315 10.8122
-25.2792 11.1168
-25.1269 11.269
-24.8223 11.5736
-24.6701 11.7259
-24.5178 11.8782
-24.3655 12.1827
-24.0609 12.335
-23.9086 12.4873
-23.7563 12.6396
-23.4518 12.9442
-23.2995 13.0964
-22.9949 13.2487
-22.8426 13.401
-22.5381 13.5533
-22.3858 13.7056
-22.0812 13.8579
-21.7766 14.0102
-21.6244 14.0102
-21.3198 14.1624
-21.1675 14.3147
-20.8629 14.467
-20.5584 14.467
-20.2538 14.6193
-20.1015 14.6193
-19.797 14.7716
-19.4924 14.7716
-19.1878 14.7716
-19.0355 14.9239
-18.731 14.9239
-18.4264 14.9239
-18.1218 14.9239
-17.8173 14.9239
-17.665 14.9239
-17.3604 15.0761
-17.0558 14.9239
-16.7513 14.9239
-16.599 14.9239
-16.2944 14.9239
-15.9898 14.9239
-15.8376 14.9239
-15.533 14.9239
-15.2284 14.9239
-15.0761 14.7716
-14.7716 14.7716
-14.467 14.7716
-14.3147 14.7716
-14.0102 14.6193
-13.8579 14.6193
-13.5533 14.6193
-13.401 14.6193
-13.0964 14.6193
-12.9442 14.467
-12.6396 14.467
-12.4873 14.467
-12.1827 14.467
-12.0305 14.467
-11.7259 14.3147
-11.5736 14.3147
-11.4213 14.3147
-11.1168 14.3147
-10.9645 14.3147
-10.6599 14.3147
-10.5076 14.1624
-10.203 14.1624
-10.0508 14.1624
-9.89848 14.1624
-9.59391 14.1624
-9.44162 14.0102
-9.13706 14.0102
-8.98477 14.0102
-8.83249 14.0102
-8.52792 14.0102
-8.37563 13.8579
-8.07107 13.8579
-7.91878 13.8579
-7.61421 13.7056
-7.46193 13.7056
-7.30964 13.5533
-7.00508 13.5533
-6.85279 13.5533
-6.54822 13.401
-6.39594 13.401
-6.24365 13.2487
-5.93909 13.2487
-5.7868 13.0964
-5.48223 13.0964
-5.32995 12.9442
-5.17766 12.7919
-4.8731 12.7919
-4.72081 12.6396
-4.41624 12.6396
-4.26396 12.4873
-3.95939 12.335
-3.80711 12.335
-3.65482 12.1827
-3.35025 12.0305
-3.19797 12.0305
-2.8934 11.8782
-2.74112 11.7259
-2.43655 11.7259
-2.28426 11.5736
-1.9797 11.4213
-1.82741 11.269
-1.52284 11.269
-1.37056 11.1168
-1.06599 10.9645
-0.913706 10.8122
-0.609137 10.6599
-0.456853 10.5076
-0.152284 10.3553
0 10.203
0.304569 10.0508
0.456853 9.89848
0.761421 9.74619
0.913706 9.59391
1.21827 9.44162
1.37056 9.28934
1.67513 9.13706
1.82741 8.83249
2.13198 8.6802
2.28426 8.52792
2.58883 8.22335
2.74112 8.07107
3.04569 7.91878
3.19797 7.61421
3.35025 7.46193
3.65482 7.15736
3.80711 7.00508
3.95939 6.70051
4.26396 6.39594
4.41624 6.24365
4.56853 5.93909
4.72081 5.63452
5.02538 5.48223
5.17766 5.17766
5.32995 4.8731
5.48223 4.56853
5.63452 4.26396
5.7868 3.95939
5.93909 3.65482
6.09137 3.35025
6.24365 3.04569
6.39594 2.74112
6.39594 2.43655
6.54822 2.13198
