18.4264 3.95939
18.4264 3.80711
18.4264 3.65482
18.4264 3.50254
18.4264 3.19797
18.4264 3.04569
18.4264 2.8934
18.2741 2.74112
18.2741 2.58883
18.2741 2.28426
18.2741 2.13198
18.1218 1.9797
18.1218 1.82741
17.9695 1.67513
17.9695 1.52284
17.9695 1.37056
17.8173 1.06599
17.8173 0.913706
17.8173 0.761421
17.665 0.609137
17.665 0.456853
17.665 0.304569
17.5127 0.152284
17.5127 -0.152284
17.5127 -0.304569
17.3604 -0.456853
17.3604 -0.609137
17.3604 -0.761421
17.3604 -1.06599
17.2081 -1.21827
17.2081 -1.37056
17.2081 -1.67513
17.2081 -1.82741
17.0558 -1.9797
17.0558 -2.28426
17.0558 -2.43655
16.9036 -2.58883
16.9036 -2.8934
16.9036 -3.04569
16.7513 -3.19797
16.7513 -3.50254
16.599 -3.65482
16.599 -3.80711
16.4467 -4.11168
16.4467 -4.26396
16.2944 -4.41624
16.1421 -4.56853
16.1421 -4.8731
15.9898 -5.02538
15.8376 -5.17766
15.6853 -5.32995
15.533 -5.48223
15.3807 -5.63452
15.2284 -5.7868
15.0761 -5.93909
14.9239 -6.09137
14.7716 -6.24365
14.467 -6.24365
14.3147 -6.39594
14.1624 -6.54822
14.0102 -6.70051
13.8579 -6.70051
13.5533 -6.85279
13.401 -6.85279
13.2487 -7.00508
12.9442 -7.15736
12.7919 -7.15736
12.6396 -7.30964
12.4873 -7.30964
12.1827 -7.46193
12.0305 -7.46193
11.8782 -7.61421
11.5736 -7.61421
11.4213 -7.7665
11.269 -7.7665
10.9645 -7.7665
10.8122 -7.91878
10.6599 -7.91878
10.3553 -8.07107
10.203 -8.07107
10.0508 -8.07107
9.74619 -8.22335
9.59391 -8.22335
9.28934 -8.22335
9.13706 -8.37563
8.98477 -8.37563
8.6802 -8.37563
8.52792 -8.37563
8.22335 -8.52792
8.07107 -8.52792
7.7665 -8.52792
7.61421 -8.52792
7.46193 -8.52792
7.15736 -8.52792
7.00508 -8.52792
6.70051 -8.37563
6.54822 -8.37563
6.39594 -8.37563
6.09137 -8.37563
5.93909 -8.22335
5.63452 -8.22335
5.48223 -8.07107
5.32995 -8.07107
5.02538 -7.91878
4.8731 -7.91878
4.72081 -7.7665
4.56853 -7.61421
4.26396 -7.61421
4.11168 -7.46193
3.95939 -7.30964
3.80711 -7.30964
3.50254 -7.15736
3.35025 -7.00508
3.19797 -6.85279
3.04569 -6.85279
2.8934 -6.70051
2.74112 -6.54822
2.58883 -6.39594
2.28426 -6.39594
2.13198 -6.24365
1.9797 -6.09137
1.82741 -5.93909
1.67513 -5.93909
1.52284 -5.7868
1.37056 -5.63452
1.21827 -5.48223
0.913706 -5.48223
0.761421 -5.32995
0.609137 -5.17766
0.456853 -5.17766
0.304569 -5.02538
0.152284 -4.8731
0 -4.72081
-0.152284 -4.56853
-0.456853 -4.56853
-0.609137 -4.41624
-0.761421 -4.26396
-0.913706 -4.11168
-1.06599 -3.95939
-1.21827 -3.80711
-1.37056 -3.65482
-1.52284 -3.50254
-1.52284 -3.35025
-1.67513 -3.19797
-1.82741 -3.04569
-1.9797 -2.8934
-2.13198 -2.74112
-2.13198 -2.43655
-2.28426 -2.28426
-2.28426 -2.13198
-2.43655 -1.9797
-2.43655 -1.67513
-2.58883 -1.52284
-2.58883 -1.37056
-2.74112 -1.06599
-2.74112 -0.913706
-2.74112 -0.761421
-2.8934 -0.456853
-2.8934 -0.304569
-2.8934 -0.152284
-2.8934 0.152284
-2.8934 0.304569
-2.8934 0.456853
-3.04569 0.761421
-3.04569 0.913706
-3.04569 1.06599
-3.04569 1.21827
-3.04569 1.52284
-3.04569 1.67513
-3.04569 1.82741
-3.04569 2.13198
-3.04569 2.28426
-3.04569 2.43655
-3.04569 2.74112
-3.04569 2.8934
-3.04569 3.04569
-3.04569 3.19797
-3.04569 3.50254
-3.04569 3.65482
-2.8934 3.80711
-2.8934 3.95939
-2.8934 4.26396
-2.8934 4.41624
-2.8934 4.56853
-2.8934 4.72081
-2.8934 4.8731
-2.8934 5.17766
-2.8934 5.32995
-2.8934 5.48223
-2.74112 5.63452
-2.74112 5.93909
-2.74112 6.09137
-2.74112 6.24365
-2.74112 6.39594
-2.74112 6.54822
-2.58883 6.85279
-2.58883 7.00508
-2.58883 7.15736
-2.58883 7.30964
-2.58883 7.61421
-2.43655 7.7665
-2.43655 7.91878
-2.43655 8.07107
-2.43655 8.37563
-2.28426 8.52792
-2.28426 8.6802
-2.28426 8.98477
-2.13198 9.13706
-2.13198 9.28934
-1.9797 9.44162
-1.9797 9.74619
-1.9797 9.89848
-1.82741 10.0508
-1.82741 10.203
-1.67513 10.5076
-1.67513 10.6599
-1.52284 10.8122
-1.52284 10.9645
-1.37056 11.269
-1.21827 11.4213
-1.21827 11.5736
-1.06599 11.7259
-0.913706 11.8782
-0.913706 12.1827
-0.761421 12.335
-0.609137 12.4873
-0.456853 12.6396
-0.304569 12.7919
-0.304569 12.9442
-0.152284 13.0964
0 13.2487
0.152284 13.401
0.304569 13.7056
0.456853 13.8579
0.609137 14.0102
0.761421 14.1624
0.913706 14.3147
1.06599 14.3147
1.21827 14.467
1.37056 14.6193
1.67513 14.7716
1.82741 14.9239
1.9797 15.0761
2.13198 15.2284
2.28426 15.3807
2.58883 15.3807
2.74112 15.533
2.8934 15.6853
3.04569 15.6853
3.35025 15.8376
3.50254 15.9898
3.65482 15.9898
3.95939 16.1421
4.11168 16.1421
4.26396 16.2944
4.56853 16.2944
4.72081 16.4467
5.02538 16.4467
5.17766 16.4467
5.32995 16.599
5.63452 16.599
5.7868 16.599
6.09137 16.599
6.24365 16.599
6.54822 16.7513
6.70051 16.7513
7.00508 16.7513
7.15736 16.7513
7.46193 16.7513
7.61421 16.599
7.7665 16.599
8.07107 16.599
8.22335 16.599
8.52792 16.599
8.6802 16.599
8.98477 16.4467
9.13706 16.4467
9.28934 16.4467
9.59391 16.2944
9.74619 16.2944
10.0508 16.2944
10.203 16.1421
10.3553 16.1421
10.6599 16.1421
10.8122 15.9898
11.1168 15.9898
11.269 15.8376
11.4213 15.8376
11.7259 15.8376
11.8782 15.6853
12.0305 15.6853
12.335 15.533
12.4873 15.533
12.6396 15.3807
12.9442 15.3807
13.0964 15.2284
13.2487 15.2284
13.5533 15.0761
13.7056 15.0761
13.8579 14.9239
14.1624 14.7716
14.3147 14.7716
14.467 14.6193
14.6193 14.467
14.9239 14.467
15.0761 14.3147
15.2284 14.1624
15.3807 14.0102
15.533 13.8579
15.6853 13.7056
15.8376 13.5533
15.9898 13.401
16.1421 13.2487
16.2944 13.0964
16.4467 12.9442
16.599 12.6396
16.599 12.4873
16.7513 12.335
16.9036 12.1827
16.9036 11.8782
17.0558 11.7259
17.2081 11.5736
17.2081 11.269
17.3604 11.1168
17.3604 10.9645
17.3604 10.6599
17.5127 10.5076
17.5127 10.3553
17.5127 10.0508
17.665 9.89848
17.665 9.59391
17.665 9.44162
17.665 9.28934
17.8173 8.98477
17.8173 8.83249
17.8173 8.6802
17.8173 8.52792
17.9695 8.22335
17.9695 8.07107
17.9695 7.91878
17.9695 7.7665
18.1218 7.46193
18.1218 7.30964
18.1218 7.15736
18.1218 7.00508
18.1218 6.70051
18.2741 6.54822
18.2741 6.39594
18.2741 6.24365
18.2741 6.09137
18.2741 5.7868
18.4264 5.63452
18.4264 5.48223
18.4264 5.32995
18.4264 5.17766
18.4264 4.8731
18.4264 4.72081
18.4264 4.56853
18.4264 4.41624
18.4264 4.11168
