18.4264 4.11168
18.4264 3.95939
18.4264 3.80711
18.4264 3.65482
18.4264 3.35025
18.4264 3.19797
18.4264 3.04569
18.4264 2.8934
18.4264 2.58883
18.4264 2.43655
18.4264 2.28426
18.2741 2.13198
18.2741 1.9797
18.2741 1.67513
18.1218 1.52284
18.1218 1.37056
18.1218 1.21827
17.9695 1.06599
17.9695 0.913706
17.9695 0.609137
17.8173 0.456853
17.8173 0.304569
17.665 0.152284
17.665 0
17.665 -0.304569
17.5127 -0.456853
17.5127 -0.609137
17.5127 -0.761421
17.3604 -0.913706
17.3604 -1.21827
17.3604 -1.37056
17.2081 -1.52284
17.2081 -1.67513
17.0558 -1.9797
17.0558 -2.13198
17.0558 -2.28426
16.9036 -2.58883
16.9036 -2.74112
16.7513 -2.8934
16.7513 -3.04569
16.599 -3.35025
16.599 -3.50254
16.4467 -3.65482
16.4467 -3.95939
16.2944 -4.11168
16.1421 -4.26396
15.9898 -4.41624
15.9898 -4.56853
15.8376 -4.72081
15.6853 -5.02538
15.533 -5.17766
15.3807 -5.32995
15.2284 -5.48223
15.0761 -5.63452
14.9239 -5.7868
14.7716 -5.7868
14.6193 -5.93909
14.467 -6.09137
14.1624 -6.24365
14.0102 -6.39594
13.8579 -6.54822
13.7056 -6.54822
13.5533 -6.70051
13.2487 -6.85279
13.0964 -6.85279
12.9442 -7.00508
12.7919 -7.15736
12.4873 -7.15736
12.335 -7.30964
12.1827 -7.30964
11.8782 -7.46193
11.7259 -7.46193
11.5736 -7.61421
11.4213 -7.61421
11.1168 -7.7665
10.9645 -7.7665
10.8122 -7.91878
10.5076 -7.91878
10.3553 -8.07107
10.0508 -8.07107
9.89848 -8.22335
9.74619 -8.22335
9.44162 -8.22335
9.28934 -8.37563
8.98477 -8.37563
8.83249 -8.37563
8.6802 -8.52792
8.37563 -8.52792
8.22335 -8.52792
7.91878 -8.52792
7.7665 -8.52792
7.46193 -8.52792
7.30964 -8.52792
7.00508 -8.52792
6.85279 -8.52792
6.54822 -8.52792
6.39594 -8.52792
6.24365 -8.37563
5.93909 -8.37563
5.7868 -8.37563
5.48223 -8.22335
5.32995 -8.22335
5.17766 -8.07107
4.8731 -8.07107
4.72081 -7.91878
4.56853 -7.91878
4.26396 -7.7665
4.11168 -7.61421
3.95939 -7.46193
3.80711 -7.46193
3.50254 -7.30964
3.35025 -7.15736
3.19797 -7.00508
3.04569 -7.00508
2.8934 -6.85279
2.58883 -6.70051
2.43655 -6.54822
2.28426 -6.39594
2.13198 -6.39594
1.9797 -6.24365
1.82741 -6.09137
1.67513 -5.93909
1.52284 -5.93909
1.37056 -5.7868
1.06599 -5.63452
0.913706 -5.48223
0.761421 -5.32995
0.609137 -5.32995
0.456853 -5.17766
0.304569 -5.02538
0.152284 -4.8731
0 -4.72081
-0.152284 -4.56853
-0.304569 -4.56853
-0.456853 -4.41624
-0.609137 -4.26396
-0.761421 -4.11168
-0.913706 -3.95939
-1.06599 -3.80711
-1.21827 -3.65482
-1.37056 -3.50254
-1.52284 -3.35025
-1.67513 -3.19797
-1.82741 -3.04569
-1.82741 -2.8934
-1.9797 -2.58883
-2.13198 -2.43655
-2.13198 -2.28426
-2.28426 -2.13198
-2.28426 -1.82741
-2.43655 -1.67513
-2.43655 -1.52284
-2.58883 -1.37056
-2.58883 -1.06599
-2.74112 -0.913706
-2.74112 -0.761421
-2.74112 -0.456853
-2.74112 -0.304569
-2.8934 -0.152284
-2.8934 0.152284
-2.8934 0.304569
-2.8934 0.456853
-2.8934 0.761421
-2.8934 0.913706
-2.8934 1.06599
-2.8934 1.37056
-2.8934 1.52284
-2.8934 1.67513
-2.8934 1.82741
-2.8934 2.13198
-2.8934 2.28426
-2.8934 2.43655
-2.8934 2.74112
-2.8934 2.8934
-2.8934 3.04569
-2.8934 3.19797
-2.8934 3.35025
-2.8934 3.65482
-2.74112 3.80711
-2.74112 3.95939
-2.74112 4.11168
-2.74112 4.41624
-2.74112 4.56853
-2.74112 4.72081
-2.74112 4.8731
-2.58883 5.02538
-2.58883 5.17766
-2.58883 5.48223
-2.58883 5.63452
-2.58883 5.7868
-2.43655 5.93909
-2.43655 6.09137
-2.43655 6.39594
-2.43655 6.54822
-2.43655 6.70051
-2.43655 6.85279
-2.28426 7.00508
-2.28426 7.30964
-2.28426 7.46193
-2.28426 7.61421
-2.28426 7.7665
-2.13198 7.91878
-2.13198 8.22335
-2.13198 8.37563
-2.13198 8.52792
-1.9797 8.6802
-1.9797 8.83249
-1.9797 9.13706
-1.82741 9.28934
-1.82741 9.44162
-1.82741 9.59391
-1.67513 9.89848
-1.67513 10.0508
-1.52284 10.203
-1.52284 10.3553
-1.52284 10.6599
-1.37056 10.8122
-1.21827 10.9645
-1.21827 11.1168
-1.06599 11.269
-1.06599 11.4213
-0.913706 11.7259
-0.761421 11.8782
-0.761421 12.0305
-0.609137 12.1827
-0.456853 12.335
-0.304569 12.4873
-0.152284 12.6396
-0.152284 12.7919
0 12.9442
0.152284 13.2487
0.304569 13.401
0.456853 13.5533
0.609137 13.7056
0.761421 13.8579
0.913706 14.0102
1.06599 14.1624
1.21827 14.3147
1.37056 14.3147
1.52284 14.467
1.67513 14.6193
1.82741 14.7716
1.9797 14.9239
2.13198 15.0761
2.28426 15.2284
2.58883 15.3807
2.74112 15.533
2.8934 15.533
3.04569 15.6853
3.19797 15.8376
3.50254 15.9898
3.65482 15.9898
3.80711 16.1421
4.11168 16.2944
4.26396 16.2944
4.41624 16.4467
4.72081 16.4467
4.8731 16.599
5.02538 16.599
5.32995 16.7513
5.48223 16.7513
5.7868 16.7513
5.93909 16.7513
6.24365 16.9036
6.39594 16.9036
6.54822 16.9036
6.85279 16.9036
7.00508 16.9036
7.30964 16.9036
7.46193 16.9036
7.7665 16.7513
7.91878 16.7513
8.22335 16.7513
8.37563 16.7513
8.6802 16.599
8.83249 16.599
8.98477 16.4467
9.28934 16.4467
9.44162 16.4467
9.59391 16.2944
9.89848 16.2944
10.0508 16.1421
10.203 16.1421
10.5076 15.9898
10.6599 15.9898
10.8122 15.8376
11.1168 15.8376
11.269 15.8376
11.4213 15.6853
11.7259 15.6853
11.8782 15.533
12.0305 15.533
12.335 15.3807
12.4873 15.3807
12.6396 15.3807
12.9442 15.2284
13.0964 15.2284
13.2487 15.0761
13.5533 15.0761
13.7056 14.9239
13.8579 14.9239
14.1624 14.7716
14.3147 14.7716
14.467 14.6193
14.7716 14.467
14.9239 14.467
15.0761 14.3147
15.2284 14.1624
15.3807 14.0102
15.6853 13.8579
15.8376 13.7056
15.9898 13.5533
16.1421 13.401
16.2944 13.2487
16.2944 13.0964
16.4467 12.9442
16.599 12.7919
16.7513 12.4873
16.7513 12.335
16.9036 12.1827
16.9036 11.8782
17.0558 11.7259
17.0558 11.5736
17.2081 11.269
17.2081 11.1168
17.3604 10.8122
17.3604 10.6599
17.3604 10.5076
17.5127 10.203
17.5127 10.0508
17.5127 9.74619
17.5127 9.59391
17.665 9.44162
17.665 9.13706
17.665 8.98477
17.665 8.83249
17.665 8.6802
17.8173 8.37563
17.8173 8.22335
17.8173 8.07107
17.8173 7.91878
17.9695 7.61421
17.9695 7.46193
17.9695 7.30964
18.1218 7.15736
18.1218 7.00508
18.1218 6.70051
18.1218 6.54822
18.2741 6.39594
18.2741 6.24365
18.2741 6.09137
18.2741 5.7868
18.4264 5.63452
18.4264 5.48223
18.4264 5.32995
18.4264 5.02538
18.4264 4.8731
18.4264 4.72081
18.4264 4.56853
18.4264 4.41624
