18.5787 4.26396
18.5787 4.11168
18.5787 3.95939
18.5787 3.65482
18.5787 3.50254
18.5787 3.35025
18.5787 3.19797
18.5787 2.8934
18.4264 2.74112
18.4264 2.58883
18.4264 2.43655
18.4264 2.13198
18.2741 1.9797
18.2741 1.82741
18.2741 1.67513
18.2741 1.52284
18.1218 1.21827
18.1218 1.06599
18.1218 0.913706
17.9695 0.761421
17.9695 0.609137
17.8173 0.304569
17.8173 0.152284
17.8173 0
17.665 -0.152284
17.665 -0.304569
17.665 -0.609137
17.5127 -0.761421
17.5127 -0.913706
17.5127 -1.06599
17.3604 -1.37056
17.3604 -1.52284
17.3604 -1.67513
17.2081 -1.9797
17.2081 -2.13198
17.2081 -2.28426
17.0558 -2.43655
17.0558 -2.74112
16.9036 -2.8934
16.9036 -3.04569
16.7513 -3.35025
16.7513 -3.50254
16.599 -3.65482
16.4467 -3.80711
16.4467 -4.11168
16.2944 -4.26396
16.1421 -4.41624
15.9898 -4.56853
15.8376 -4.72081
15.6853 -4.8731
15.6853 -5.17766
15.533 -5.32995
15.3807 -5.48223
15.2284 -5.48223
14.9239 -5.63452
14.7716 -5.7868
14.6193 -5.93909
14.467 -6.09137
14.3147 -6.24365
14.1624 -6.39594
14.0102 -6.39594
13.7056 -6.54822
13.5533 -6.70051
13.401 -6.70051
13.2487 -6.85279
12.9442 -7.00508
12.7919 -7.00508
12.6396 -7.15736
12.335 -7.15736
12.1827 -7.30964
12.0305 -7.46193
11.7259 -7.46193
11.5736 -7.61421
11.4213 -7.61421
11.269 -7.7665
10.9645 -7.7665
10.8122 -7.91878
10.5076 -8.07107
10.3553 -8.07107
10.203 -8.22335
9.89848 -8.22335
9.74619 -8.22335
9.59391 -8.37563
9.28934 -8.37563
9.13706 -8.52792
8.83249 -8.52792
8.6802 -8.52792
8.37563 -8.6802
8.22335 -8.6802
7.91878 -8.6802
7.7665 -8.6802
7.46193 -8.6802
7.30964 -8.6802
7.00508 -8.6802
6.85279 -8.6802
6.54822 -8.6802
6.39594 -8.6802
6.24365 -8.52792
5.93909 -8.52792
5.7868 -8.37563
5.48223 -8.37563
5.32995 -8.22335
5.02538 -8.22335
4.8731 -8.07107
4.72081 -8.07107
4.41624 -7.91878
4.26396 -7.7665
4.11168 -7.7665
3.95939 -7.61421
3.65482 -7.46193
3.50254 -7.30964
3.35025 -7.15736
3.19797 -7.15736
3.04569 -7.00508
2.74112 -6.85279
2.58883 -6.70051
2.43655 -6.54822
2.28426 -6.39594
2.13198 -6.39594
1.9797 -6.24365
1.82741 -6.09137
1.52284 -5.93909
1.37056 -5.7868
1.21827 -5.7868
1.06599 -5.63452
0.913706 -5.48223
0.761421 -5.32995
0.609137 -5.32995
0.304569 -5.17766
0.152284 -5.02538
0 -4.8731
-0.152284 -4.8731
-0.304569 -4.72081
-0.456853 -4.56853
-0.609137 -4.41624
-0.761421 -4.26396
-0.913706 -4.11168
-1.06599 -3.95939
-1.21827 -3.80711
-1.37056 -3.65482
-1.52284 -3.50254
-1.67513 -3.35025
-1.82741 -3.19797
-1.9797 -3.04569
-2.13198 -2.8934
-2.13198 -2.74112
-2.28426 -2.43655
-2.28426 -2.28426
-2.43655 -2.13198
-2.58883 -1.82741
-2.58883 -1.67513
-2.58883 -1.52284
-2.74112 -1.21827
-2.74112 -1.06599
-2.74112 -0.913706
-2.74112 -0.609137
-2.8934 -0.456853
-2.8934 -0.152284
-2.8934 0
-2.8934 0.152284
-2.8934 0.456853
-2.8934 0.609137
-2.8934 0.761421
-2.8934 1.06599
-2.8934 1.21827
-2.8934 1.37056
-2.8934 1.67513
-2.8934 1.82741
-2.8934 1.9797
-2.8934 2.28426
-2.8934 2.43655
-2.8934 2.58883
-2.8934 2.74112
-2.8934 3.04569
-2.8934 3.19797
-2.74112 3.35025
-2.74112 3.50254
-2.74112 3.65482
-2.74112 3.95939
-2.74112 4.11168
-2.74112 4.26396
-2.74112 4.41624
-2.74112 4.56853
-2.74112 4.8731
-2.74112 5.02538
-2.74112 5.17766
-2.74112 5.32995
-2.74112 5.48223
-2.74112 5.7868
-2.74112 5.93909
-2.74112 6.09137
-2.58883 6.24365
-2.58883 6.54822
-2.58883 6.70051
-2.58883 6.85279
-2.58883 7.00508
-2.58883 7.15736
-2.43655 7.46193
-2.43655 7.61421
-2.43655 7.7665
-2.43655 7.91878
-2.43655 8.22335
-2.28426 8.37563
-2.28426 8.52792
-2.28426 8.6802
-2.13198 8.83249
-2.13198 9.13706
-2.13198 9.28934
-1.9797 9.44162
-1.9797 9.59391
-1.82741 9.89848
-1.82741 10.0508
-1.67513 10.203
-1.67513 10.3553
-1.52284 10.5076
-1.52284 10.6599
-1.37056 10.9645
-1.21827 11.1168
-1.21827 11.269
-1.06599 11.4213
-0.913706 11.5736
-0.913706 11.7259
-0.761421 11.8782
-0.609137 12.0305
-0.456853 12.1827
-0.456853 12.335
-0.304569 12.4873
-0.152284 12.7919
0 12.9442
0.152284 13.0964
0.304569 13.0964
0.456853 13.2487
0.609137 13.401
0.761421 13.5533
0.913706 13.7056
1.06599 13.8579
1.21827 14.0102
1.37056 14.1624
1.52284 14.3147
1.67513 14.467
1.82741 14.6193
1.9797 14.7716
2.13198 14.7716
2.28426 14.9239
2.43655 15.0761
2.58883 15.2284
2.8934 15.3807
3.04569 15.3807
3.19797 15.533
3.35025 15.6853
3.50254 15.8376
3.80711 15.8376
3.95939 15.9898
4.11168 16.1421
4.26396 16.1421
4.56853 16.2944
4.72081 16.2944
4.8731 16.4467
5.17766 16.4467
5.32995 16.599
5.63452 16.599
5.7868 16.599
5.93909 16.599
6.24365 16.7513
6.39594 16.7513
6.70051 16.7513
6.85279 16.7513
7.15736 16.7513
7.30964 16.7513
7.46193 16.7513
7.7665 16.599
7.91878 16.599
8.22335 16.599
8.37563 16.599
8.6802 16.4467
8.83249 16.4467
8.98477 16.4467
9.28934 16.2944
9.44162 16.2944
9.59391 16.2944
9.89848 16.1421
10.0508 16.1421
10.203 15.9898
10.5076 15.9898
10.6599 15.9898
10.8122 15.8376
11.1168 15.8376
11.269 15.6853
11.4213 15.6853
11.7259 15.6853
11.8782 15.533
12.0305 15.533
12.335 15.533
12.4873 15.3807
12.6396 15.3807
12.9442 15.3807
13.0964 15.2284
13.2487 15.2284
13.5533 15.0761
13.7056 15.0761
13.8579 14.9239
14.1624 14.9239
14.3147 14.7716
14.467 14.7716
14.7716 14.6193
14.9239 14.467
15.0761 14.467
15.2284 14.3147
15.533 14.1624
15.6853 14.0102
15.8376 13.8579
15.9898 13.7056
16.1421 13.5533
16.2944 13.401
16.4467 13.2487
16.599 13.0964
16.599 12.7919
16.7513 12.6396
16.9036 12.4873
16.9036 12.1827
17.0558 12.0305
17.0558 11.8782
17.2081 11.5736
17.2081 11.4213
17.2081 11.269
17.3604 10.9645
17.3604 10.8122
17.3604 10.5076
17.5127 10.3553
17.5127 10.203
17.5127 9.89848
17.5127 9.74619
17.665 9.44162
17.665 9.28934
17.665 9.13706
17.665 8.83249
17.665 8.6802
17.8173 8.52792
17.8173 8.37563
17.8173 8.07107
17.8173 7.91878
17.9695 7.7665
17.9695 7.61421
17.9695 7.46193
18.1218 7.30964
18.1218 7.00508
18.1218 6.85279
18.2741 6.70051
18.2741 6.54822
18.2741 6.39594
18.4264 6.09137
18.4264 5.93909
18.4264 5.7868
18.4264 5.63452
18.4264 5.32995
18.5787 5.17766
18.5787 5.02538
18.5787 4.8731
18.5787 4.72081
18.5787 4.41624
