18.5787 4.26396
18.5787 4.11168
18.5787 3.80711
18.5787 3.65482
18.5787 3.50254
18.4264 3.35025
18.4264 3.04569
18.4264 2.8934
18.4264 2.74112
18.4264 2.58883
18.2741 2.43655
18.2741 2.13198
18.2741 1.9797
18.2741 1.82741
18.1218 1.67513
18.1218 1.52284
17.9695 1.21827
17.9695 1.06599
17.9695 0.913706
17.8173 0.761421
17.8173 0.609137
17.8173 0.456853
17.665 0.152284
17.665 0
17.665 -0.152284
17.5127 -0.304569
17.5127 -0.456853
17.5127 -0.761421
17.3604 -0.913706
17.3604 -1.06599
17.3604 -1.21827
17.2081 -1.52284
17.2081 -1.67513
17.2081 -1.82741
17.0558 -1.9797
17.0558 -2.28426
17.0558 -2.43655
16.9036 -2.58883
16.9036 -2.8934
16.7513 -3.04569
16.7513 -3.19797
16.599 -3.50254
16.4467 -3.65482
16.4467 -3.80711
16.2944 -3.95939
16.1421 -4.26396
16.1421 -4.41624
15.9898 -4.56853
15.8376 -4.72081
15.6853 -4.8731
15.533 -5.02538
15.533 -5.17766
15.3807 -5.32995
15.2284 -5.48223
15.0761 -5.63452
14.7716 -5.7868
14.6193 -5.93909
14.467 -6.09137
14.3147 -6.24365
14.1624 -6.39594
14.0102 -6.54822
13.8579 -6.54822
13.5533 -6.70051
13.401 -6.85279
13.2487 -7.00508
13.0964 -7.00508
12.9442 -7.15736
12.6396 -7.30964
12.4873 -7.30964
12.335 -7.46193
12.0305 -7.61421
11.8782 -7.61421
11.7259 -7.7665
11.4213 -7.7665
11.269 -7.91878
11.1168 -7.91878
10.8122 -8.07107
10.6599 -8.07107
10.5076 -8.22335
10.203 -8.22335
10.0508 -8.37563
9.74619 -8.37563
9.59391 -8.52792
9.28934 -8.52792
9.13706 -8.52792
8.98477 -8.52792
8.6802 -8.6802
8.52792 -8.6802
8.22335 -8.6802
8.07107 -8.6802
7.7665 -8.6802
7.61421 -8.6802
7.30964 -8.6802
7.15736 -8.6802
6.85279 -8.6802
6.70051 -8.6802
6.39594 -8.6802
6.24365 -8.52792
5.93909 -8.52792
5.7868 -8.52792
5.63452 -8.37563
5.32995 -8.37563
5.17766 -8.22335
4.8731 -8.22335
4.72081 -8.07107
4.56853 -7.91878
4.26396 -7.91878
4.11168 -7.7665
3.95939 -7.61421
3.80711 -7.61421
3.50254 -7.46193
3.35025 -7.30964
3.19797 -7.15736
3.04569 -7.00508
2.8934 -7.00508
2.58883 -6.85279
2.43655 -6.70051
2.28426 -6.54822
2.13198 -6.39594
1.9797 -6.24365
1.82741 -6.24365
1.67513 -6.09137
1.37056 -5.93909
1.21827 -5.7868
1.06599 -5.63452
0.913706 -5.63452
0.761421 -5.48223
0.609137 -5.32995
0.456853 -5.17766
0.304569 -5.02538
0.152284 -4.8731
0 -4.8731
-0.152284 -4.72081
-0.304569 -4.56853
-0.609137 -4.41624
-0.761421 -4.26396
-0.761421 -4.11168
-0.913706 -3.95939
-1.06599 -3.80711
-1.21827 -3.65482
-1.37056 -3.50254
-1.52284 -3.35025
-1.67513 -3.19797
-1.82741 -3.04569
-1.82741 -2.74112
-1.9797 -2.58883
-2.13198 -2.43655
-2.13198 -2.28426
-2.28426 -2.13198
-2.43655 -1.82741
-2.43655 -1.67513
-2.58883 -1.52284
-2.58883 -1.37056
-2.58883 -1.06599
-2.74112 -0.913706
-2.74112 -0.761421
-2.74112 -0.456853
-2.8934 -0.304569
-2.8934 -0.152284
-2.8934 0.152284
-2.8934 0.304569
-3.04569 0.456853
-3.04569 0.761421
-3.04569 0.913706
-3.04569 1.06599
-3.04569 1.37056
-3.04569 1.52284
-3.04569 1.67513
-3.04569 1.9797
-3.04569 2.13198
-3.04569 2.28426
-3.04569 2.58883
-2.8934 2.74112
-2.8934 2.8934
-2.8934 3.04569
-2.8934 3.35025
-2.8934 3.50254
-2.8934 3.65482
-2.8934 3.80711
-2.74112 4.11168
-2.74112 4.26396
-2.74112 4.41624
-2.74112 4.56853
-2.74112 4.72081
-2.74112 5.02538
-2.58883 5.17766
-2.58883 5.32995
-2.58883 5.48223
-2.58883 5.63452
-2.58883 5.93909
-2.58883 6.09137
-2.43655 6.24365
-2.43655 6.39594
-2.43655 6.54822
-2.43655 6.85279
-2.43655 7.00508
-2.43655 7.15736
-2.43655 7.30964
-2.28426 7.46193
-2.28426 7.7665
-2.28426 7.91878
-2.28426 8.07107
-2.28426 8.22335
-2.28426 8.52792
-2.28426 8.6802
-2.13198 8.83249
-2.13198 9.13706
-2.13198 9.28934
-2.13198 9.44162
-1.9797 9.59391
-1.9797 9.89848
-1.9797 10.0508
-1.82741 10.203
-1.82741 10.5076
-1.67513 10.6599
-1.67513 10.8122
-1.52284 10.9645
-1.52284 11.269
-1.37056 11.4213
-1.21827 11.5736
-1.21827 11.7259
-1.06599 11.8782
-0.913706 12.0305
-0.761421 12.335
-0.761421 12.4873
-0.609137 12.6396
-0.456853 12.7919
-0.304569 12.9442
-0.152284 13.0964
0 13.2487
0.152284 13.401
0.304569 13.5533
0.456853 13.7056
0.609137 13.8579
0.761421 13.8579
0.913706 14.0102
1.06599 14.1624
1.21827 14.3147
1.37056 14.467
1.52284 14.6193
1.82741 14.6193
1.9797 14.7716
2.13198 14.9239
2.28426 15.0761
2.43655 15.0761
2.58883 15.2284
2.8934 15.3807
3.04569 15.3807
3.19797 15.533
3.35025 15.6853
3.65482 15.6853
3.80711 15.8376
3.95939 15.8376
4.26396 15.9898
4.41624 15.9898
4.56853 16.1421
4.8731 16.1421
5.02538 16.1421
5.17766 16.2944
5.48223 16.2944
5.63452 16.2944
5.93909 16.2944
6.09137 16.4467
6.24365 16.4467
6.54822 16.4467
6.70051 16.4467
7.00508 16.4467
7.15736 16.4467
7.30964 16.4467
7.61421 16.4467
7.7665 16.4467
8.07107 16.4467
8.22335 16.4467
8.37563 16.4467
8.6802 16.4467
8.83249 16.4467
9.13706 16.2944
9.28934 16.2944
9.44162 16.2944
9.74619 16.2944
9.89848 16.1421
10.0508 16.1421
10.3553 16.1421
10.5076 16.1421
10.8122 15.9898
10.9645 15.9898
11.1168 15.9898
11.4213 15.8376
11.5736 15.8376
11.7259 15.8376
12.0305 15.6853
12.1827 15.6853
12.335 15.6853
12.6396 15.533
12.7919 15.533
13.0964 15.3807
13.2487 15.3807
13.401 15.3807
13.7056 15.2284
13.8579 15.2284
14.0102 15.0761
14.3147 14.9239
14.467 14.9239
14.6193 14.7716
14.7716 14.6193
15.0761 14.6193
15.2284 14.467
15.3807 14.3147
15.533 14.1624
15.6853 14.0102
15.8376 13.8579
15.9898 13.7056
16.1421 13.5533
16.2944 13.401
16.4467 13.0964
16.599 12.9442
16.599 12.7919
16.7513 12.6396
16.9036 12.335
16.9036 12.1827
17.0558 12.0305
17.0558 11.7259
17.2081 11.5736
17.2081 11.269
17.2081 11.1168
17.3604 10.8122
17.3604 10.6599
17.3604 10.5076
17.3604 10.203
17.5127 10.0508
17.5127 9.89848
17.5127 9.59391
17.5127 9.44162
17.5127 9.28934
17.665 8.98477
17.665 8.83249
17.665 8.6802
17.665 8.37563
17.8173 8.22335
17.8173 8.07107
17.8173 7.91878
17.9695 7.7665
17.9695 7.46193
17.9695 7.30964
18.1218 7.15736
18.1218 7.00508
18.1218 6.85279
18.2741 6.70051
18.2741 6.39594
18.2741 6.24365
18.4264 6.09137
18.4264 5.93909
18.4264 5.7868
18.4264 5.48223
18.4264 5.32995
18.5787 5.17766
18.5787 5.02538
18.5787 4.72081
18.5787 4.56853
18.5787 4.41624
