6.70051 1.82741
6.70051 1.52284
6.70051 1.21827
6.54822 0.913706
6.54822 0.609137
6.54822 0.304569
6.54822 0
6.39594 -0.304569
6.39594 -0.609137
6.24365 -0.913706
6.09137 -1.21827
6.09137 -1.52284
5.93909 -1.82741
5.7868 -2.13198
5.63452 -2.43655
5.48223 -2.74112
5.32995 -3.04569
5.17766 -3.35025
5.02538 -3.50254
4.72081 -3.80711
4.56853 -4.11168
4.41624 -4.41624
4.11168 -4.56853
3.95939 -4.8731
3.80711 -5.02538
3.50254 -5.32995
3.19797 -5.48223
3.04569 -5.63452
2.74112 -5.93909
2.58883 -6.09137
2.28426 -6.24365
1.9797 -6.39594
1.67513 -6.54822
1.52284 -6.70051
1.21827 -6.85279
0.913706 -7.00508
0.609137 -7.15736
0.456853 -7.30964
0.152284 -7.46193
-0.152284 -7.61421
-0.304569 -7.7665
-0.609137 -7.91878
-0.913706 -7.91878
-1.21827 -8.07107
-1.37056 -8.22335
-1.67513 -8.22335
-1.9797 -8.37563
-2.13198 -8.52792
-2.43655 -8.6802
-2.58883 -8.6802
-2.8934 -8.83249
-3.04569 -8.98477
-3.35025 -8.98477
-3.50254 -9.13706
-3.80711 -9.28934
-3.95939 -9.28934
-4.26396 -9.44162
-4.41624 -9.59391
-4.72081 -9.59391
-4.8731 -9.74619
-5.02538 -9.89848
-5.32995 -9.89848
-5.48223 -10.0508
-5.7868 -10.0508
-5.93909 -10.203
-6.24365 -10.3553
-6.39594 -10.3553
-6.54822 -10.5076
-6.85279 -10.5076
-7.00508 -10.6599
-7.30964 -10.6599
-7.46193 -10.6599
-7.7665 -10.8122
-7.91878 -10.8122
-8.22335 -10.8122
-8.37563 -10.8122
-8.6802 -10.9645
-8.83249 -10.9645
-9.13706 -10.9645
-9.28934 -10.9645
-9.59391 -10.9645
-9.74619 -10.9645
-10.0508 -10.9645
-10.203 -10.9645
-10.5076 -10.9645
-10.6599 -10.9645
-10.9645 -10.9645
-11.1168 -10.9645
-11.4213 -10.9645
-11.5736 -10.9645
-11.8782 -10.9645
-12.0305 -10.9645
-12.335 -10.9645
-12.4873 -10.9645
-12.7919 -10.8122
-12.9442 -10.8122
-13.2487 -10.8122
-13.401 -10.8122
-13.7056 -10.8122
-13.8579 -10.8122
-14.1624 -10.8122
-14.3147 -10.8122
-14.6193 -10.8122
-14.7716 -10.8122
-15.0761 -10.6599
-15.2284 -10.6599
-15.533 -10.6599
-15.6853 -10.6599
-15.9898 -10.6599
-16.1421 -10.6599
-16.4467 -10.6599
-16.599 -10.5076
-16.9036 -10.5076
-17.0558 -10.5076
-17.3604 -10.5076
-17.665 -10.3553
-17.8173 -10.3553
-18.1218 -10.3553
-18.2741 -10.3553
-18.5787 -10.203
-18.8832 -10.203
-19.0355 -10.0508
-19.3401 -10.0508
-19.4924 -9.89848
-19.797 -9.89848
-20.1015 -9.74619
-20.2538 -9.74619
-20.5584 -9.59391
-20.7107 -9.59391
-21.0152 -9.44162
-21.3198 -9.28934
-21.4721 -9.28934
-21.7766 -9.13706
-21.9289 -8.98477
-22.2335 -8.83249
-22.5381 -8.6802
-22.6904 -8.52792
-22.9949 -8.37563
-23.1472 -8.22335
-23.4518 -8.07107
-23.6041 -7.91878
-23.7563 -7.7665
-24.0609 -7.61421
-24.2132 -7.46193
-24.5178 -7.30964
-24.6701 -7.00508
-24.8223 -6.85279
-25.1269 -6.70051
-25.2792 -6.54822
-25.4315 -6.24365
-25.5838 -6.09137
-25.736 -5.7868
-25.8883 -5.63452
-26.0406 -5.32995
-26.3452 -5.17766
-26.4975 -4.8731
-26.4975 -4.72081
-26.6497 -4.41624
-26.802 -4.11168
-26.9543 -3.95939
-27.1066 -3.65482
-27.2589 -3.35025
-27.2589 -3.19797
-27.4112 -2.8934
-27.5635 -2.58883
-27.5635 -2.28426
-27.7157 -2.13198
-27.7157 -1.82741
-27.868 -1.52284
-27.868 -1.21827
-28.0203 -0.913706
-28.0203 -0.609137
-28.0203 -0.456853
-28.1726 -0.152284
-28.1726 0.152284
-28.1726 0.456853
-28.1726 0.761421
-28.1726 1.06599
-28.1726 1.37056
-28.1726 1.67513
-28.1726 1.82741
-28.1726 2.13198
-28.1726 2.43655
-28.1726 2.74112
-28.1726 3.04569
-28.1726 3.35025
-28.1726 3.65482
-28.0203 3.95939
-28.0203 4.11168
-28.0203 4.41624
-27.868 4.72081
-27.868 5.02538
-27.868 5.32995
-27.7157 5.63452
-27.7157 5.7868
-27.5635 6.09137
-27.5635 6.39594
-27.4112 6.70051
-27.4112 7.00508
-27.2589 7.15736
-27.1066 7.46193
-27.1066 7.7665
-26.9543 8.07107
-26.802 8.22335
-26.802 8.52792
-26.6497 8.83249
-26.4975 8.98477
-26.3452 9.28934
-26.1929 9.59391
-26.0406 9.74619
-25.8883 10.0508
-25.736 10.203
-25.5838 10.5076
-25.4315 10.6599
-25.2792 10.9645
-25.1269 11.1168
-24.9746 11.4213
-24.6701 11.5736
-24.5178 11.8782
-24.3655 12.0305
-24.2132 12.1827
-23.9086 12.335
-23.7563 12.6396
-23.4518 12.7919
-23.2995 12.9442
-23.1472 13.0964
-22.8426 13.2487
-22.6904 13.401
-22.3858 13.5533
-22.0812 13.7056
-21.9289 13.8579
-21.6244 14.0102
-21.4721 14.1624
-21.1675 14.3147
-20.8629 14.3147
-20.7107 14.467
-20.4061 14.6193
-20.1015 14.6193
-19.9492 14.7716
-19.6447 14.7716
-19.3401 14.9239
-19.0355 14.9239
-18.8832 15.0761
-18.5787 15.0761
-18.2741 15.0761
-17.9695 15.0761
-17.8173 15.0761
-17.5127 15.2284
-17.2081 15.2284
-16.9036 15.2284
-16.7513 15.2284
-16.4467 15.2284
-16.1421 15.2284
-15.9898 15.2284
-15.6853 15.2284
-15.3807 15.2284
-15.2284 15.0761
-14.9239 15.0761
-14.6193 15.0761
-14.467 15.0761
-14.1624 15.0761
-13.8579 15.0761
-13.7056 14.9239
-13.401 14.9239
-13.2487 14.9239
-12.9442 14.9239
-12.7919 14.7716
-12.4873 14.7716
-12.335 14.7716
-12.0305 14.7716
-11.8782 14.7716
-11.5736 14.6193
-11.4213 14.6193
-11.1168 14.6193
-10.9645 14.6193
-10.8122 14.467
-10.5076 14.467
-10.3553 14.467
-10.0508 14.467
-9.89848 14.3147
-9.59391 14.3147
-9.44162 14.3147
-9.28934 14.3147
-8.98477 14.1624
-8.83249 14.1624
-8.52792 14.1624
-8.37563 14.0102
-8.22335 14.0102
-7.91878 14.0102
-7.7665 13.8579
-7.46193 13.8579
-7.30964 13.8579
-7.00508 13.7056
-6.85279 13.7056
-6.70051 13.5533
-6.39594 13.5533
-6.24365 13.401
-5.93909 13.401
-5.7868 13.401
-5.48223 13.2487
-5.32995 13.2487
-5.17766 13.0964
-4.8731 13.0964
-4.72081 12.9442
-4.41624 12.7919
-4.26396 12.7919
-3.95939 12.6396
-3.80711 12.6396
-3.50254 12.4873
-3.35025 12.335
-3.19797 12.335
-2.8934 12.1827
-2.74112 12.0305
-2.43655 12.0305
-2.28426 11.8782
-1.9797 11.7259
-1.82741 11.5736
-1.52284 11.5736
-1.37056 11.4213
-1.06599 11.269
-0.913706 11.1168
-0.609137 10.9645
-0.456853 10.8122
-0.152284 10.6599
0 10.5076
0.304569 10.3553
0.456853 10.203
0.761421 10.0508
0.913706 9.89848
1.21827 9.74619
1.37056 9.59391
1.67513 9.44162
1.82741 9.13706
2.13198 8.98477
2.28426 8.83249
2.43655 8.52792
2.74112 8.37563
2.8934 8.22335
3.19797 7.91878
3.35025 7.7665
3.50254 7.46193
3.80711 7.30964
3.95939 7.00508
4.11168 6.85279
4.26396 6.54822
4.41624 6.24365
4.72081 5.93909
4.8731 5.7868
5.02538 5.48223
5.17766 5.17766
5.32995 4.8731
5.48223 4.56853
5.63452 4.41624
5.7868 4.11168
5.93909 3.80711
6.09137 3.50254
6.09137 3.19797
6.24365 2.8934
6.39594 2.58883
6.39594 2.28426
