18.5787 3.95939
18.5787 3.80711
18.5787 3.50254
18.5787 3.35025
18.4264 3.19797
18.4264 3.04569
18.4264 2.8934
18.4264 2.58883
18.4264 2.43655
18.2741 2.28426
18.2741 2.13198
18.2741 1.9797
18.2741 1.82741
18.1218 1.52284
18.1218 1.37056
18.1218 1.21827
18.1218 1.06599
17.9695 0.913706
17.9695 0.761421
17.9695 0.456853
17.8173 0.304569
17.8173 0.152284
17.8173 0
17.665 -0.152284
17.665 -0.456853
17.665 -0.609137
17.5127 -0.761421
17.5127 -0.913706
17.5127 -1.06599
17.3604 -1.37056
17.3604 -1.52284
17.2081 -1.67513
17.2081 -1.82741
17.2081 -1.9797
17.0558 -2.28426
17.0558 -2.43655
16.9036 -2.58883
16.9036 -2.74112
16.7513 -3.04569
16.7513 -3.19797
16.599 -3.35025
16.599 -3.50254
16.4467 -3.80711
16.2944 -3.95939
16.2944 -4.11168
16.1421 -4.26396
15.9898 -4.41624
15.9898 -4.56853
15.8376 -4.72081
15.6853 -5.02538
15.533 -5.17766
15.3807 -5.32995
15.2284 -5.48223
15.0761 -5.63452
14.9239 -5.7868
14.7716 -5.93909
14.6193 -6.09137
14.467 -6.09137
14.3147 -6.24365
14.1624 -6.39594
14.0102 -6.54822
13.8579 -6.70051
13.7056 -6.85279
13.401 -6.85279
13.2487 -7.00508
13.0964 -7.15736
12.9442 -7.15736
12.7919 -7.30964
12.4873 -7.46193
12.335 -7.46193
12.1827 -7.61421
11.8782 -7.7665
11.7259 -7.7665
11.5736 -7.91878
11.4213 -7.91878
11.1168 -8.07107
10.9645 -8.07107
10.8122 -8.22335
10.5076 -8.22335
10.3553 -8.37563
10.0508 -8.37563
9.89848 -8.52792
9.74619 -8.52792
9.44162 -8.6802
9.28934 -8.6802
8.98477 -8.6802
8.83249 -8.6802
8.52792 -8.83249
8.37563 -8.83249
8.22335 -8.83249
7.91878 -8.83249
7.7665 -8.83249
7.46193 -8.83249
7.30964 -8.83249
7.00508 -8.83249
6.85279 -8.83249
6.54822 -8.83249
6.39594 -8.6802
6.09137 -8.6802
5.93909 -8.6802
5.7868 -8.52792
5.48223 -8.52792
5.32995 -8.37563
5.02538 -8.37563
4.8731 -8.22335
4.72081 -8.22335
4.41624 -8.07107
4.26396 -8.07107
4.11168 -7.91878
3.95939 -7.7665
3.65482 -7.7665
3.50254 -7.61421
3.35025 -7.46193
3.19797 -7.30964
2.8934 -7.30964
2.74112 -7.15736
2.58883 -7.00508
2.43655 -6.85279
2.28426 -6.70051
2.13198 -6.70051
1.82741 -6.54822
1.67513 -6.39594
1.52284 -6.24365
1.37056 -6.09137
1.21827 -5.93909
1.06599 -5.93909
0.913706 -5.7868
0.761421 -5.63452
0.609137 -5.48223
0.456853 -5.32995
0.304569 -5.17766
0.152284 -5.02538
0 -4.8731
-0.152284 -4.8731
-0.304569 -4.72081
-0.456853 -4.56853
-0.609137 -4.41624
-0.761421 -4.26396
-0.913706 -4.11168
-1.06599 -3.95939
-1.21827 -3.65482
-1.37056 -3.50254
-1.52284 -3.35025
-1.52284 -3.19797
-1.67513 -3.04569
-1.82741 -2.8934
-1.9797 -2.74112
-1.9797 -2.58883
-2.13198 -2.28426
-2.13198 -2.13198
-2.28426 -1.9797
-2.43655 -1.82741
-2.43655 -1.52284
-2.58883 -1.37056
-2.58883 -1.21827
-2.58883 -0.913706
-2.74112 -0.761421
-2.74112 -0.609137
-2.74112 -0.456853
-2.8934 -0.152284
-2.8934 0
-2.8934 0.152284
-2.8934 0.456853
-2.8934 0.609137
-2.8934 0.761421
-3.04569 1.06599
-3.04569 1.21827
-3.04569 1.37056
-3.04569 1.67513
-3.04569 1.82741
-3.04569 1.9797
-2.8934 2.28426
-2.8934 2.43655
-2.8934 2.58883
-2.8934 2.74112
-2.8934 3.04569
-2.8934 3.19797
-2.8934 3.35025
-2.74112 3.50254
-2.74112 3.80711
-2.74112 3.95939
-2.74112 4.11168
-2.58883 4.26396
-2.58883 4.56853
-2.58883 4.72081
-2.58883 4.8731
-2.58883 5.02538
-2.43655 5.17766
-2.43655 5.32995
-2.43655 5.63452
-2.43655 5.7868
-2.43655 5.93909
-2.28426 6.09137
-2.28426 6.24365
-2.28426 6.54822
-2.28426 6.70051
-2.28426 6.85279
-2.28426 7.00508
-2.28426 7.30964
-2.13198 7.46193
-2.13198 7.61421
-2.13198 7.7665
-2.13198 8.07107
-2.13198 8.22335
-2.13198 8.37563
-1.9797 8.52792
-1.9797 8.83249
-1.9797 8.98477
-1.9797 9.13706
-1.82741 9.44162
-1.82741 9.59391
-1.82741 9.74619
-1.67513 10.0508
-1.67513 10.203
-1.52284 10.3553
-1.52284 10.5076
-1.37056 10.8122
-1.37056 10.9645
-1.21827 11.1168
-1.06599 11.269
-1.06599 11.4213
-0.913706 11.5736
-0.761421 11.7259
-0.609137 11.8782
-0.456853 12.0305
-0.456853 12.335
-0.304569 12.4873
-0.152284 12.4873
0 12.6396
0.152284 12.7919
0.304569 12.9442
0.456853 13.0964
0.609137 13.2487
0.761421 13.401
0.913706 13.5533
1.06599 13.7056
1.21827 13.8579
1.52284 13.8579
1.67513 14.0102
1.82741 14.1624
1.9797 14.3147
2.13198 14.467
2.28426 14.6193
2.43655 14.6193
2.58883 14.7716
2.8934 14.9239
3.04569 15.0761
3.19797 15.0761
3.35025 15.2284
3.50254 15.3807
3.80711 15.533
3.95939 15.533
4.11168 15.6853
4.26396 15.8376
4.56853 15.8376
4.72081 15.9898
4.8731 15.9898
5.17766 16.1421
5.32995 16.1421
5.48223 16.2944
5.7868 16.2944
5.93909 16.2944
6.24365 16.4467
6.39594 16.4467
6.54822 16.4467
6.85279 16.4467
7.00508 16.4467
7.30964 16.4467
7.46193 16.4467
7.7665 16.4467
7.91878 16.4467
8.22335 16.4467
8.37563 16.4467
8.52792 16.4467
8.83249 16.2944
8.98477 16.2944
9.28934 16.2944
9.44162 16.1421
9.59391 16.1421
9.89848 16.1421
10.0508 15.9898
10.203 15.9898
10.5076 15.9898
10.6599 15.8376
10.9645 15.8376
11.1168 15.6853
11.269 15.6853
11.5736 15.533
11.7259 15.533
11.8782 15.533
12.1827 15.3807
12.335 15.3807
12.4873 15.3807
12.7919 15.2284
12.9442 15.2284
13.0964 15.0761
13.401 15.0761
13.5533 14.9239
13.7056 14.9239
14.0102 14.7716
14.1624 14.7716
14.3147 14.6193
14.6193 14.6193
14.7716 14.467
14.9239 14.3147
15.0761 14.1624
15.3807 14.1624
15.533 14.0102
15.6853 13.8579
15.8376 13.7056
15.9898 13.5533
16.1421 13.401
16.2944 13.2487
16.4467 13.0964
16.599 12.9442
16.7513 12.6396
16.7513 12.4873
16.9036 12.335
17.0558 12.0305
17.0558 11.8782
17.2081 11.7259
17.2081 11.4213
17.2081 11.269
17.3604 10.9645
17.3604 10.8122
17.5127 10.6599
17.5127 10.3553
17.5127 10.203
17.5127 9.89848
17.665 9.74619
17.665 9.59391
17.665 9.28934
17.665 9.13706
17.665 8.98477
17.8173 8.6802
17.8173 8.52792
17.8173 8.37563
17.8173 8.22335
17.9695 7.91878
17.9695 7.7665
17.9695 7.61421
18.1218 7.46193
18.1218 7.30964
18.1218 7.00508
18.2741 6.85279
18.2741 6.70051
18.2741 6.54822
18.4264 6.39594
18.4264 6.24365
18.4264 5.93909
18.4264 5.7868
18.5787 5.63452
18.5787 5.48223
18.5787 5.17766
18.5787 5.02538
18.5787 4.8731
18.5787 4.72081
18.5787 4.56853
18.5787 4.26396
18.5787 4.11168
