18.731 3.65482
18.731 3.50254
18.731 3.35025
18.731 3.19797
18.5787 3.04569
18.5787 2.74112
18.5787 2.58883
18.5787 2.43655
18.5787 2.28426
18.4264 2.13198
18.4264 1.82741
18.4264 1.67513
18.4264 1.52284
18.2741 1.37056
18.2741 1.21827
18.2741 0.913706
18.1218 0.761421
18.1218 0.609137
18.1218 0.456853
17.9695 0.304569
17.9695 0.152284
17.9695 -0.152284
17.8173 -0.304569
17.8173 -0.456853
17.8173 -0.609137
17.665 -0.761421
17.665 -0.913706
17.665 -1.21827
17.5127 -1.37056
17.5127 -1.52284
17.3604 -1.67513
17.3604 -1.82741
17.3604 -2.13198
17.2081 -2.28426
17.2081 -2.43655
17.0558 -2.58883
17.0558 -2.74112
16.9036 -3.04569
16.9036 -3.19797
16.7513 -3.35025
16.7513 -3.50254
16.599 -3.65482
16.4467 -3.95939
16.4467 -4.11168
16.2944 -4.26396
16.1421 -4.41624
15.9898 -4.56853
15.9898 -4.72081
15.8376 -4.8731
15.6853 -5.02538
15.533 -5.17766
15.3807 -5.32995
15.2284 -5.48223
15.0761 -5.63452
14.9239 -5.7868
14.7716 -5.93909
14.6193 -6.09137
14.467 -6.24365
14.3147 -6.39594
14.1624 -6.54822
14.0102 -6.70051
13.8579 -6.70051
13.7056 -6.85279
13.401 -7.00508
13.2487 -7.15736
13.0964 -7.15736
12.9442 -7.30964
12.7919 -7.46193
12.4873 -7.46193
12.335 -7.61421
12.1827 -7.61421
12.0305 -7.7665
11.7259 -7.91878
11.5736 -7.91878
11.4213 -8.07107
11.1168 -8.07107
10.9645 -8.22335
10.8122 -8.22335
10.6599 -8.37563
10.3553 -8.37563
10.203 -8.52792
9.89848 -8.52792
9.74619 -8.6802
9.59391 -8.6802
9.28934 -8.6802
9.13706 -8.83249
8.83249 -8.83249
8.6802 -8.83249
8.52792 -8.83249
8.22335 -8.98477
8.07107 -8.98477
7.7665 -8.98477
7.61421 -8.98477
7.30964 -8.98477
7.15736 -8.98477
6.85279 -8.98477
6.70051 -8.83249
6.39594 -8.83249
6.24365 -8.83249
6.09137 -8.83249
5.7868 -8.6802
5.63452 -8.6802
5.32995 -8.6802
5.17766 -8.52792
5.02538 -8.52792
4.72081 -8.37563
4.56853 -8.37563
4.41624 -8.22335
4.11168 -8.07107
3.95939 -8.07107
3.80711 -7.91878
3.50254 -7.7665
3.35025 -7.7665
3.19797 -7.61421
3.04569 -7.46193
2.8934 -7.30964
2.58883 -7.30964
2.43655 -7.15736
2.28426 -7.00508
2.13198 -6.85279
1.9797 -6.70051
1.82741 -6.54822
1.67513 -6.54822
1.52284 -6.39594
1.37056 -6.24365
1.06599 -6.09137
0.913706 -5.93909
0.761421 -5.7868
0.609137 -5.63452
0.456853 -5.48223
0.304569 -5.32995
0.152284 -5.17766
0 -5.17766
-0.152284 -5.02538
-0.304569 -4.8731
-0.304569 -4.72081
-0.456853 -4.56853
-0.609137 -4.41624
-0.761421 -4.26396
-0.913706 -3.95939
-1.06599 -3.80711
-1.21827 -3.65482
-1.21827 -3.50254
-1.37056 -3.35025
-1.52284 -3.19797
-1.67513 -3.04569
-1.82741 -2.8934
-1.82741 -2.74112
-1.9797 -2.43655
-2.13198 -2.28426
-2.13198 -2.13198
-2.28426 -1.9797
-2.28426 -1.82741
-2.43655 -1.52284
-2.58883 -1.37056
-2.58883 -1.21827
-2.58883 -1.06599
-2.74112 -0.761421
-2.74112 -0.609137
-2.8934 -0.456853
-2.8934 -0.304569
-2.8934 0
-3.04569 0.152284
-3.04569 0.304569
-3.04569 0.609137
-3.04569 0.761421
-3.04569 0.913706
-3.04569 1.21827
-3.04569 1.37056
-3.04569 1.52284
-3.04569 1.82741
-3.04569 1.9797
-3.04569 2.13198
-3.04569 2.43655
-2.8934 2.58883
-2.8934 2.74112
-2.8934 2.8934
-2.8934 3.19797
-2.74112 3.35025
-2.74112 3.50254
-2.74112 3.65482
-2.58883 3.95939
-2.58883 4.11168
-2.58883 4.26396
-2.43655 4.41624
-2.43655 4.56853
-2.43655 4.8731
-2.28426 5.02538
-2.28426 5.17766
-2.28426 5.32995
-2.13198 5.48223
-2.13198 5.63452
-2.13198 5.93909
-2.13198 6.09137
-2.13198 6.24365
-2.13198 6.39594
-2.13198 6.54822
-2.13198 6.85279
-1.9797 7.00508
-1.9797 7.15736
-1.9797 7.30964
-1.9797 7.61421
-1.9797 7.7665
-1.9797 7.91878
-1.9797 8.22335
-1.9797 8.37563
-1.9797 8.52792
-1.9797 8.83249
-1.82741 8.98477
-1.82741 9.13706
-1.82741 9.44162
-1.82741 9.59391
-1.67513 9.74619
-1.67513 10.0508
-1.52284 10.203
-1.52284 10.3553
-1.37056 10.5076
-1.37056 10.8122
-1.21827 10.9645
-1.06599 11.1168
-1.06599 11.269
-0.913706 11.4213
-0.761421 11.5736
-0.609137 11.7259
-0.456853 11.8782
-0.304569 12.0305
-0.152284 12.1827
0 12.335
0.152284 12.4873
0.304569 12.6396
0.456853 12.7919
0.609137 12.9442
0.761421 13.0964
0.913706 13.0964
1.06599 13.2487
1.21827 13.401
1.37056 13.5533
1.52284 13.7056
1.67513 13.7056
1.9797 13.8579
2.13198 14.0102
2.28426 14.1624
2.43655 14.3147
2.58883 14.3147
2.74112 14.467
2.8934 14.6193
3.04569 14.7716
3.35025 14.9239
3.50254 15.0761
3.65482 15.0761
3.80711 15.2284
3.95939 15.3807
4.26396 15.533
4.41624 15.533
4.56853 15.6853
4.72081 15.8376
5.02538 15.8376
5.17766 15.9898
5.32995 15.9898
5.63452 16.1421
5.7868 16.1421
6.09137 16.2944
6.24365 16.2944
6.39594 16.2944
6.70051 16.4467
6.85279 16.4467
7.15736 16.4467
7.30964 16.4467
7.61421 16.4467
7.7665 16.4467
8.07107 16.4467
8.22335 16.4467
8.52792 16.2944
8.6802 16.2944
8.83249 16.2944
9.13706 16.2944
9.28934 16.1421
9.59391 16.1421
9.74619 16.1421
9.89848 15.9898
10.203 15.9898
10.3553 15.8376
10.6599 15.8376
10.8122 15.6853
10.9645 15.6853
11.269 15.6853
11.4213 15.533
11.5736 15.533
11.8782 15.3807
12.0305 15.3807
12.1827 15.3807
12.4873 15.2284
12.6396 15.2284
12.7919 15.0761
13.0964 15.0761
13.2487 14.9239
13.5533 14.9239
13.7056 14.9239
13.8579 14.7716
14.1624 14.7716
14.3147 14.6193
14.467 14.467
14.7716 14.467
14.9239 14.3147
15.0761 14.3147
15.2284 14.1624
15.533 14.0102
15.6853 13.8579
15.8376 13.7056
15.9898 13.5533
16.1421 13.401
16.2944 13.2487
16.4467 13.0964
16.599 12.9442
16.7513 12.7919
16.9036 12.6396
16.9036 12.335
17.0558 12.1827
17.2081 12.0305
17.2081 11.7259
17.3604 11.5736
17.3604 11.269
17.5127 11.1168
17.5127 10.9645
17.5127 10.6599
17.665 10.5076
17.665 10.203
17.665 10.0508
17.8173 9.74619
17.8173 9.59391
17.8173 9.44162
17.8173 9.13706
17.8173 8.98477
17.9695 8.83249
17.9695 8.52792
17.9695 8.37563
17.9695 8.22335
17.9695 7.91878
18.1218 7.7665
18.1218 7.61421
18.1218 7.46193
18.1218 7.30964
18.2741 7.00508
18.2741 6.85279
18.2741 6.70051
18.4264 6.54822
18.4264 6.39594
18.4264 6.09137
18.5787 5.93909
18.5787 5.7868
18.5787 5.63452
18.5787 5.48223
18.731 5.17766
18.731 5.02538
18.731 4.8731
18.731 4.72081
18.731 4.41624
18.731 4.26396
18.731 4.11168
18.731 3.95939
