6.70051 1.9797
6.70051 1.67513
6.70051 1.37056
6.54822 1.06599
6.54822 0.609137
6.54822 0.304569
6.54822 0
6.39594 -0.304569
6.39594 -0.609137
6.24365 -0.913706
6.09137 -1.21827
6.09137 -1.52284
5.93909 -1.82741
5.7868 -2.13198
5.63452 -2.43655
5.48223 -2.74112
5.32995 -3.04569
5.17766 -3.35025
5.02538 -3.50254
4.8731 -3.80711
4.56853 -4.11168
4.41624 -4.26396
4.26396 -4.56853
3.95939 -4.8731
3.80711 -5.02538
3.50254 -5.32995
3.19797 -5.48223
3.04569 -5.63452
2.74112 -5.93909
2.43655 -6.09137
2.28426 -6.24365
1.9797 -6.39594
1.67513 -6.54822
1.52284 -6.70051
1.21827 -6.85279
0.913706 -7.00508
0.609137 -7.15736
0.304569 -7.30964
0.152284 -7.46193
-0.152284 -7.61421
-0.456853 -7.7665
-0.761421 -7.91878
-0.913706 -7.91878
-1.21827 -8.07107
-1.52284 -8.22335
-1.82741 -8.22335
-1.9797 -8.37563
-2.28426 -8.52792
-2.43655 -8.52792
-2.74112 -8.6802
-3.04569 -8.83249
-3.19797 -8.83249
-3.50254 -8.98477
-3.65482 -9.13706
-3.95939 -9.13706
-4.11168 -9.28934
-4.41624 -9.44162
-4.56853 -9.44162
-4.72081 -9.59391
-5.02538 -9.74619
-5.17766 -9.74619
-5.48223 -9.89848
-5.63452 -10.0508
-5.93909 -10.0508
-6.09137 -10.203
-6.24365 -10.203
-6.54822 -10.3553
-6.70051 -10.3553
-7.00508 -10.5076
-7.15736 -10.5076
-7.46193 -10.6599
-7.61421 -10.6599
-7.91878 -10.6599
-8.07107 -10.8122
-8.37563 -10.8122
-8.52792 -10.8122
-8.83249 -10.9645
-8.98477 -10.9645
-9.28934 -10.9645
-9.44162 -10.9645
-9.74619 -10.9645
-9.89848 -10.9645
-10.203 -10.9645
-10.3553 -10.9645
-10.6599 -10.9645
-10.8122 -10.9645
-11.1168 -10.9645
-11.269 -10.9645
-11.5736 -10.9645
-11.7259 -10.9645
-12.0305 -10.9645
-12.1827 -10.9645
-12.4873 -10.9645
-12.6396 -10.8122
-12.9442 -10.8122
-13.0964 -10.8122
-13.401 -10.8122
-13.5533 -10.8122
-13.8579 -10.8122
-14.0102 -10.8122
-14.3147 -10.8122
-14.467 -10.6599
-14.7716 -10.6599
-14.9239 -10.6599
-15.2284 -10.6599
-15.3807 -10.6599
-15.6853 -10.6599
-15.8376 -10.5076
-16.1421 -10.5076
-16.2944 -10.5076
-16.599 -10.5076
-16.7513 -10.5076
-17.0558 -10.3553
-17.2081 -10.3553
-17.5127 -10.3553
-17.665 -10.3553
-17.9695 -10.203
-18.2741 -10.203
-18.4264 -10.203
-18.731 -10.0508
-18.8832 -10.0508
-19.1878 -9.89848
-19.4924 -9.89848
-19.6447 -9.89848
-19.9492 -9.74619
-20.1015 -9.59391
-20.4061 -9.59391
-20.7107 -9.44162
-20.8629 -9.44162
-21.1675 -9.28934
-21.3198 -9.13706
-21.6244 -9.13706
-21.9289 -8.98477
-22.0812 -8.83249
-22.3858 -8.6802
-22.5381 -8.52792
-22.8426 -8.52792
-22.9949 -8.37563
-23.2995 -8.22335
-23.4518 -8.07107
-23.7563 -7.91878
-23.9086 -7.61421
-24.2132 -7.46193
-24.3655 -7.30964
-24.5178 -7.15736
-24.8223 -7.00508
-24.9746 -6.70051
-25.1269 -6.54822
-25.4315 -6.39594
-25.5838 -6.09137
-25.736 -5.93909
-25.8883 -5.7868
-26.0406 -5.48223
-26.1929 -5.32995
-26.3452 -5.02538
-26.4975 -4.72081
-26.6497 -4.56853
-26.802 -4.26396
-26.9543 -4.11168
-27.1066 -3.80711
-27.2589 -3.50254
-27.2589 -3.35025
-27.4112 -3.04569
-27.5635 -2.74112
-27.5635 -2.43655
-27.7157 -2.28426
-27.868 -1.9797
-27.868 -1.67513
-28.0203 -1.37056
-28.0203 -1.06599
-28.0203 -0.913706
-28.1726 -0.609137
-28.1726 -0.304569
-28.1726 0
-28.1726 0.304569
-28.3249 0.609137
-28.3249 0.913706
-28.3249 1.06599
-28.3249 1.37056
-28.3249 1.67513
-28.3249 1.9797
-28.3249 2.28426
-28.3249 2.58883
-28.3249 2.8934
-28.1726 3.04569
-28.1726 3.35025
-28.1726 3.65482
-28.1726 3.95939
-28.0203 4.26396
-28.0203 4.56853
-28.0203 4.72081
-27.868 5.02538
-27.868 5.32995
-27.7157 5.63452
-27.7157 5.93909
-27.5635 6.09137
-27.5635 6.39594
-27.4112 6.70051
-27.4112 7.00508
-27.2589 7.15736
-27.1066 7.46193
-27.1066 7.7665
-26.9543 8.07107
-26.802 8.22335
-26.802 8.52792
-26.6497 8.83249
-26.4975 8.98477
-26.3452 9.28934
-26.1929 9.59391
-26.0406 9.74619
-25.8883 10.0508
-25.736 10.203
-25.5838 10.5076
-25.4315 10.6599
-25.2792 10.9645
-25.1269 11.1168
-24.9746 11.4213
-24.8223 11.5736
-24.5178 11.7259
-24.3655 12.0305
-24.2132 12.1827
-23.9086 12.335
-23.7563 12.4873
-23.6041 12.7919
-23.2995 12.9442
-23.1472 13.0964
-22.8426 13.2487
-22.6904 13.401
-22.3858 13.5533
-22.2335 13.7056
-21.9289 13.8579
-21.7766 14.0102
-21.4721 14.1624
-21.1675 14.1624
-21.0152 14.3147
-20.7107 14.467
-20.5584 14.467
-20.2538 14.6193
-19.9492 14.7716
-19.6447 14.7716
-19.4924 14.9239
-19.1878 14.9239
-18.8832 14.9239
-18.731 15.0761
-18.4264 15.0761
-18.1218 15.0761
-17.8173 15.0761
-17.665 15.2284
-17.3604 15.2284
-17.0558 15.2284
-16.9036 15.2284
-16.599 15.2284
-16.2944 15.2284
-15.9898 15.2284
-15.8376 15.2284
-15.533 15.2284
-15.2284 15.0761
-15.0761 15.0761
-14.7716 15.0761
-14.6193 15.0761
-14.3147 15.0761
-14.0102 15.0761
-13.8579 14.9239
-13.5533 14.9239
-13.401 14.9239
-13.0964 14.9239
-12.9442 14.9239
-12.6396 14.7716
-12.4873 14.7716
-12.1827 14.7716
-12.0305 14.7716
-11.7259 14.7716
-11.5736 14.6193
-11.4213 14.6193
-11.1168 14.6193
-10.9645 14.6193
-10.6599 14.467
-10.5076 14.467
-10.203 14.467
-10.0508 14.467
-9.89848 14.3147
-9.59391 14.3147
-9.44162 14.3147
-9.13706 14.3147
-8.98477 14.1624
-8.6802 14.1624
-8.52792 14.1624
-8.37563 14.0102
-8.07107 14.0102
-7.91878 14.0102
-7.61421 13.8579
-7.46193 13.8579
-7.30964 13.8579
-7.00508 13.7056
-6.85279 13.7056
-6.54822 13.5533
-6.39594 13.5533
-6.24365 13.401
-5.93909 13.401
-5.7868 13.2487
-5.48223 13.2487
-5.32995 13.0964
-5.02538 13.0964
-4.8731 12.9442
-4.56853 12.9442
-4.41624 12.7919
-4.26396 12.7919
-3.95939 12.6396
-3.80711 12.4873
-3.50254 12.4873
-3.35025 12.335
-3.04569 12.1827
-2.8934 12.1827
-2.58883 12.0305
-2.43655 11.8782
-2.13198 11.7259
-1.9797 11.7259
-1.67513 11.5736
-1.52284 11.4213
-1.37056 11.269
-1.06599 11.1168
-0.913706 10.9645
-0.609137 10.8122
-0.456853 10.8122
-0.152284 10.6599
0 10.5076
0.304569 10.3553
0.456853 10.0508
0.761421 9.89848
0.913706 9.74619
1.21827 9.59391
1.37056 9.44162
1.67513 9.28934
1.82741 8.98477
2.13198 8.83249
2.28426 8.6802
2.58883 8.52792
2.74112 8.22335
2.8934 8.07107
3.19797 7.7665
3.35025 7.61421
3.65482 7.30964
3.80711 7.15736
3.95939 6.85279
4.26396 6.70051
4.41624 6.39594
4.56853 6.09137
4.72081 5.7868
5.02538 5.63452
5.17766 5.32995
5.32995 5.02538
5.48223 4.72081
5.63452 4.41624
5.7868 4.11168
5.93909 3.80711
6.09137 3.50254
6.09137 3.19797
6.24365 2.8934
6.39594 2.58883
6.39594 2.28426
