18.8832 3.65482
18.8832 3.50254
18.8832 3.35025
18.8832 3.19797
18.8832 2.8934
18.731 2.74112
18.731 2.58883
18.731 2.43655
18.731 2.28426
18.5787 1.9797
18.5787 1.82741
18.5787 1.67513
18.5787 1.52284
18.4264 1.37056
18.4264 1.06599
18.4264 0.913706
18.2741 0.761421
18.2741 0.609137
18.2741 0.456853
18.1218 0.152284
18.1218 0
18.1218 -0.152284
17.9695 -0.304569
17.9695 -0.456853
17.8173 -0.609137
17.8173 -0.913706
17.8173 -1.06599
17.665 -1.21827
17.665 -1.37056
17.5127 -1.52284
17.5127 -1.82741
17.5127 -1.9797
17.3604 -2.13198
17.3604 -2.28426
17.2081 -2.43655
17.2081 -2.74112
17.0558 -2.8934
17.0558 -3.04569
16.9036 -3.19797
16.9036 -3.35025
16.7513 -3.65482
16.599 -3.80711
16.599 -3.95939
16.4467 -4.11168
16.2944 -4.26396
16.2944 -4.56853
16.1421 -4.72081
15.9898 -4.8731
15.8376 -5.02538
15.6853 -5.17766
15.6853 -5.32995
15.533 -5.48223
15.3807 -5.63452
15.2284 -5.7868
15.0761 -5.93909
14.9239 -6.09137
14.7716 -6.24365
14.6193 -6.39594
14.467 -6.39594
14.1624 -6.54822
14.0102 -6.70051
13.8579 -6.85279
13.7056 -7.00508
13.5533 -7.15736
13.401 -7.15736
13.2487 -7.30964
12.9442 -7.46193
12.7919 -7.46193
12.6396 -7.61421
12.4873 -7.7665
12.1827 -7.7665
12.0305 -7.91878
11.8782 -8.07107
11.5736 -8.07107
11.4213 -8.22335
11.269 -8.22335
11.1168 -8.37563
10.8122 -8.37563
10.6599 -8.52792
10.3553 -8.52792
10.203 -8.6802
10.0508 -8.6802
9.74619 -8.83249
9.59391 -8.83249
9.28934 -8.83249
9.13706 -8.98477
8.98477 -8.98477
8.6802 -8.98477
8.52792 -8.98477
8.22335 -8.98477
8.07107 -9.13706
7.7665 -9.13706
7.61421 -9.13706
7.30964 -9.13706
7.15736 -9.13706
6.85279 -8.98477
6.70051 -8.98477
6.54822 -8.98477
6.24365 -8.98477
6.09137 -8.98477
5.7868 -8.83249
5.63452 -8.83249
5.32995 -8.6802
5.17766 -8.6802
5.02538 -8.52792
4.72081 -8.52792
4.56853 -8.37563
4.41624 -8.37563
4.11168 -8.22335
3.95939 -8.07107
3.80711 -8.07107
3.65482 -7.91878
3.35025 -7.7665
3.19797 -7.61421
3.04569 -7.61421
2.8934 -7.46193
2.58883 -7.30964
2.43655 -7.15736
2.28426 -7.00508
2.13198 -7.00508
1.9797 -6.85279
1.82741 -6.70051
1.67513 -6.54822
1.52284 -6.39594
1.37056 -6.24365
1.21827 -6.09137
1.06599 -5.93909
0.913706 -5.7868
0.761421 -5.63452
0.609137 -5.48223
0.456853 -5.48223
0.304569 -5.32995
0.152284 -5.17766
0 -5.02538
-0.152284 -4.8731
-0.304569 -4.72081
-0.456853 -4.56853
-0.609137 -4.26396
-0.761421 -4.11168
-0.913706 -3.95939
-0.913706 -3.80711
-1.06599 -3.65482
-1.21827 -3.50254
-1.37056 -3.35025
-1.52284 -3.19797
-1.52284 -3.04569
-1.67513 -2.8934
-1.82741 -2.74112
-1.82741 -2.43655
-1.9797 -2.28426
-2.13198 -2.13198
-2.13198 -1.9797
-2.28426 -1.82741
-2.43655 -1.52284
-2.43655 -1.37056
-2.58883 -1.21827
-2.58883 -1.06599
-2.74112 -0.913706
-2.74112 -0.609137
-2.74112 -0.456853
-2.8934 -0.304569
-2.8934 0
-2.8934 0.152284
-3.04569 0.304569
-3.04569 0.609137
-3.04569 0.761421
-3.04569 0.913706
-3.04569 1.21827
-3.04569 1.37056
-3.04569 1.52284
-3.04569 1.82741
-3.04569 1.9797
-3.04569 2.13198
-2.8934 2.43655
-2.8934 2.58883
-2.8934 2.74112
-2.8934 2.8934
-2.74112 3.19797
-2.74112 3.35025
-2.74112 3.50254
-2.58883 3.65482
-2.58883 3.95939
-2.58883 4.11168
-2.43655 4.26396
-2.43655 4.41624
-2.43655 4.56853
-2.28426 4.8731
-2.28426 5.02538
-2.28426 5.17766
-2.13198 5.32995
-2.13198 5.48223
-2.13198 5.63452
-2.13198 5.93909
-2.13198 6.09137
-1.9797 6.24365
-1.9797 6.39594
-1.9797 6.54822
-1.9797 6.70051
-1.9797 7.00508
-1.9797 7.15736
-1.9797 7.30964
-1.9797 7.61421
-1.9797 7.7665
-1.82741 7.91878
-1.82741 8.07107
-1.82741 8.37563
-1.82741 8.52792
-1.82741 8.6802
-1.82741 8.98477
-1.67513 9.13706
-1.67513 9.28934
-1.67513 9.59391
-1.52284 9.74619
-1.52284 9.89848
-1.37056 10.0508
-1.37056 10.203
-1.21827 10.5076
-1.06599 10.6599
-1.06599 10.8122
-0.913706 10.9645
-0.761421 11.1168
-0.609137 11.269
-0.456853 11.4213
-0.304569 11.5736
-0.304569 11.7259
-0.152284 11.8782
0 12.0305
0.152284 12.0305
0.304569 12.1827
0.609137 12.335
0.761421 12.4873
0.913706 12.6396
1.06599 12.6396
1.21827 12.7919
1.37056 12.9442
1.52284 13.0964
1.67513 13.0964
1.82741 13.2487
1.9797 13.401
2.13198 13.5533
2.28426 13.5533
2.43655 13.7056
2.58883 13.8579
2.74112 14.0102
2.8934 14.1624
3.19797 14.3147
3.35025 14.3147
3.50254 14.467
3.65482 14.6193
3.80711 14.7716
3.95939 14.9239
4.11168 15.0761
4.26396 15.2284
4.56853 15.2284
4.72081 15.3807
4.8731 15.533
5.02538 15.6853
5.32995 15.6853
5.48223 15.8376
5.63452 15.9898
5.93909 15.9898
6.09137 16.1421
6.24365 16.1421
6.54822 16.1421
6.70051 16.2944
7.00508 16.2944
7.15736 16.2944
7.30964 16.2944
7.61421 16.2944
7.7665 16.2944
8.07107 16.2944
8.22335 16.2944
8.52792 16.2944
8.6802 16.2944
8.98477 16.1421
9.13706 16.1421
9.28934 16.1421
9.59391 15.9898
9.74619 15.9898
9.89848 15.9898
10.203 15.8376
10.3553 15.8376
10.6599 15.6853
10.8122 15.6853
10.9645 15.533
11.269 15.533
11.4213 15.3807
11.5736 15.3807
11.8782 15.3807
12.0305 15.2284
12.1827 15.2284
12.4873 15.0761
12.6396 15.0761
12.7919 14.9239
13.0964 14.9239
13.2487 14.9239
13.401 14.7716
13.7056 14.7716
13.8579 14.6193
14.0102 14.6193
14.3147 14.467
14.467 14.467
14.6193 14.3147
14.9239 14.1624
15.0761 14.1624
15.2284 14.0102
15.3807 13.8579
15.6853 13.8579
15.8376 13.7056
15.9898 13.5533
16.1421 13.401
16.2944 13.2487
16.4467 13.0964
16.599 12.9442
16.7513 12.6396
16.9036 12.4873
16.9036 12.335
17.0558 12.1827
17.2081 11.8782
17.2081 11.7259
17.3604 11.5736
17.3604 11.269
17.5127 11.1168
17.5127 10.8122
17.665 10.6599
17.665 10.5076
17.665 10.203
17.665 10.0508
17.8173 9.74619
17.8173 9.59391
17.8173 9.44162
17.8173 9.13706
17.9695 8.98477
17.9695 8.6802
17.9695 8.52792
17.9695 8.37563
17.9695 8.22335
18.1218 7.91878
18.1218 7.7665
18.1218 7.61421
18.1218 7.46193
18.2741 7.15736
18.2741 7.00508
18.2741 6.85279
18.2741 6.70051
18.4264 6.54822
18.4264 6.24365
18.4264 6.09137
18.5787 5.93909
18.5787 5.7868
18.5787 5.63452
18.5787 5.32995
18.731 5.17766
18.731 5.02538
18.731 4.8731
18.731 4.72081
18.731 4.41624
18.8832 4.26396
18.8832 4.11168
18.8832 3.95939
