18.8832 3.50254
18.8832 3.19797
18.8832 3.04569
18.8832 2.8934
18.8832 2.74112
18.8832 2.43655
18.8832 2.28426
18.8832 2.13198
18.8832 1.9797
18.731 1.82741
18.731 1.52284
18.731 1.37056
18.731 1.21827
18.5787 1.06599
18.5787 0.761421
18.5787 0.609137
18.5787 0.456853
18.4264 0.304569
18.4264 0.152284
18.2741 0
18.2741 -0.304569
18.2741 -0.456853
18.1218 -0.609137
18.1218 -0.761421
17.9695 -0.913706
17.9695 -1.06599
17.8173 -1.37056
17.8173 -1.52284
17.8173 -1.67513
17.665 -1.82741
17.665 -1.9797
17.5127 -2.28426
17.5127 -2.43655
17.3604 -2.58883
17.3604 -2.74112
17.2081 -2.8934
17.2081 -3.04569
17.0558 -3.35025
16.9036 -3.50254
16.9036 -3.65482
16.7513 -3.80711
16.599 -3.95939
16.599 -4.11168
16.4467 -4.26396
16.2944 -4.56853
16.2944 -4.72081
16.1421 -4.8731
15.9898 -5.02538
15.8376 -5.17766
15.6853 -5.32995
15.533 -5.48223
15.3807 -5.63452
15.3807 -5.7868
15.2284 -5.93909
15.0761 -6.09137
14.9239 -6.24365
14.7716 -6.24365
14.6193 -6.39594
14.3147 -6.54822
14.1624 -6.70051
14.0102 -6.85279
13.8579 -7.00508
13.7056 -7.00508
13.5533 -7.15736
13.401 -7.30964
13.2487 -7.46193
12.9442 -7.46193
12.7919 -7.61421
12.6396 -7.7665
12.4873 -7.7665
12.1827 -7.91878
12.0305 -7.91878
11.8782 -8.07107
11.7259 -8.22335
11.4213 -8.22335
11.269 -8.37563
11.1168 -8.37563
10.8122 -8.52792
10.6599 -8.52792
10.5076 -8.6802
10.203 -8.6802
10.0508 -8.6802
9.89848 -8.83249
9.59391 -8.83249
9.44162 -8.83249
9.13706 -8.98477
8.98477 -8.98477
8.83249 -8.98477
8.52792 -8.98477
8.37563 -8.98477
8.07107 -8.98477
7.91878 -9.13706
7.61421 -9.13706
7.46193 -9.13706
7.30964 -9.13706
7.00508 -8.98477
6.85279 -8.98477
6.54822 -8.98477
6.39594 -8.98477
6.09137 -8.98477
5.93909 -8.83249
5.7868 -8.83249
5.48223 -8.83249
5.32995 -8.6802
5.02538 -8.6802
4.8731 -8.52792
4.72081 -8.52792
4.41624 -8.37563
4.26396 -8.37563
4.11168 -8.22335
3.95939 -8.22335
3.65482 -8.07107
3.50254 -7.91878
3.35025 -7.91878
3.19797 -7.7665
2.8934 -7.61421
2.74112 -7.46193
2.58883 -7.46193
2.43655 -7.30964
2.28426 -7.15736
2.13198 -7.00508
1.82741 -6.85279
1.67513 -6.70051
1.52284 -6.70051
1.37056 -6.54822
1.21827 -6.39594
1.06599 -6.24365
0.913706 -6.09137
0.761421 -5.93909
0.609137 -5.7868
0.456853 -5.63452
0.304569 -5.48223
0.152284 -5.32995
0.152284 -5.17766
0 -5.02538
-0.152284 -4.8731
-0.304569 -4.72081
-0.456853 -4.56853
-0.609137 -4.41624
-0.761421 -4.26396
-0.761421 -4.11168
-0.913706 -3.80711
-1.06599 -3.65482
-1.21827 -3.50254
-1.21827 -3.35025
-1.37056 -3.19797
-1.52284 -3.04569
-1.67513 -2.8934
-1.67513 -2.74112
-1.82741 -2.58883
-1.9797 -2.43655
-2.13198 -2.13198
-2.13198 -1.9797
-2.28426 -1.82741
-2.28426 -1.67513
-2.43655 -1.52284
-2.58883 -1.21827
-2.58883 -1.06599
-2.74112 -0.913706
-2.74112 -0.761421
-2.8934 -0.609137
-2.8934 -0.304569
-2.8934 -0.152284
-3.04569 0
-3.04569 0.304569
-3.04569 0.456853
-3.04569 0.609137
-3.04569 0.913706
-3.04569 1.06599
-3.04569 1.21827
-3.04569 1.52284
-3.04569 1.67513
-3.04569 1.82741
-3.04569 2.13198
-3.04569 2.28426
-2.8934 2.43655
-2.8934 2.74112
-2.8934 2.8934
-2.8934 3.04569
-2.74112 3.19797
-2.74112 3.50254
-2.58883 3.65482
-2.58883 3.80711
-2.58883 3.95939
-2.43655 4.11168
-2.43655 4.41624
-2.28426 4.56853
-2.28426 4.72081
-2.13198 4.8731
-2.13198 5.02538
-2.13198 5.17766
-1.9797 5.48223
-1.9797 5.63452
-1.9797 5.7868
-1.82741 5.93909
-1.82741 6.09137
-1.82741 6.24365
-1.82741 6.54822
-1.82741 6.70051
-1.67513 6.85279
-1.67513 7.00508
-1.67513 7.15736
-1.67513 7.30964
-1.52284 7.61421
-1.52284 7.7665
-1.52284 7.91878
-1.52284 8.07107
-1.37056 8.37563
-1.37056 8.52792
-1.37056 8.6802
-1.21827 8.83249
-1.21827 9.13706
-1.21827 9.28934
-1.06599 9.44162
-1.06599 9.59391
-0.913706 9.74619
-0.913706 9.89848
-0.761421 10.203
-0.609137 10.3553
-0.609137 10.5076
-0.456853 10.6599
-0.304569 10.8122
-0.304569 10.9645
-0.152284 11.1168
0 11.269
0.152284 11.4213
0.304569 11.5736
0.456853 11.7259
0.609137 11.8782
0.609137 12.0305
0.761421 12.1827
0.913706 12.335
1.06599 12.4873
1.21827 12.4873
1.37056 12.6396
1.52284 12.7919
1.67513 12.9442
1.82741 13.0964
1.9797 13.2487
2.13198 13.401
2.28426 13.401
2.43655 13.5533
2.58883 13.7056
2.74112 13.8579
3.04569 14.0102
3.19797 14.1624
3.35025 14.3147
3.50254 14.3147
3.65482 14.467
3.80711 14.6193
3.95939 14.7716
4.11168 14.9239
4.41624 14.9239
4.56853 15.0761
4.72081 15.2284
4.8731 15.3807
5.17766 15.3807
5.32995 15.533
5.48223 15.6853
5.7868 15.6853
5.93909 15.8376
6.09137 15.8376
6.39594 15.8376
6.54822 15.9898
6.85279 15.9898
7.00508 15.9898
7.30964 15.9898
7.46193 16.1421
7.61421 16.1421
7.91878 16.1421
8.07107 16.1421
8.37563 16.1421
8.52792 15.9898
8.83249 15.9898
8.98477 15.9898
9.13706 15.9898
9.44162 15.9898
9.59391 15.8376
9.89848 15.8376
10.0508 15.8376
10.3553 15.6853
10.5076 15.6853
10.6599 15.6853
10.9645 15.533
11.1168 15.533
11.269 15.533
11.5736 15.3807
11.7259 15.3807
12.0305 15.2284
12.1827 15.2284
12.335 15.0761
12.6396 15.0761
12.7919 15.0761
12.9442 14.9239
13.2487 14.9239
13.401 14.7716
13.5533 14.7716
13.8579 14.6193
14.0102 14.6193
14.1624 14.467
14.467 14.3147
14.6193 14.3147
14.7716 14.1624
15.0761 14.0102
15.2284 14.0102
15.3807 13.8579
15.533 13.7056
15.6853 13.5533
15.8376 13.401
16.1421 13.2487
16.2944 13.0964
16.4467 12.9442
16.4467 12.7919
16.599 12.6396
16.7513 12.4873
16.9036 12.1827
17.0558 12.0305
17.0558 11.8782
17.2081 11.5736
17.2081 11.4213
17.3604 11.1168
17.3604 10.9645
17.5127 10.8122
17.5127 10.5076
17.665 10.3553
17.665 10.0508
17.665 9.89848
17.665 9.74619
17.8173 9.44162
17.8173 9.28934
17.8173 8.98477
17.8173 8.83249
17.9695 8.6802
17.9695 8.37563
17.9695 8.22335
17.9695 8.07107
17.9695 7.91878
18.1218 7.61421
18.1218 7.46193
18.1218 7.30964
18.2741 7.15736
18.2741 7.00508
18.2741 6.70051
18.4264 6.54822
18.4264 6.39594
18.4264 6.24365
18.5787 6.09137
18.5787 5.93909
18.5787 5.63452
18.731 5.48223
18.731 5.32995
18.731 5.17766
18.8832 5.02538
18.8832 4.72081
18.8832 4.56853
18.8832 4.41624
18.8832 4.26396
18.8832 3.95939
18.8832 3.80711
18.8832 3.65482
