6.54822 1.9797
6.70051 1.67513
6.70051 1.21827
6.70051 0.913706
6.54822 0.609137
6.54822 0.304569
6.54822 0
6.39594 -0.304569
6.39594 -0.609137
6.24365 -0.913706
6.09137 -1.37056
6.09137 -1.67513
5.93909 -1.9797
5.7868 -2.13198
5.63452 -2.43655
5.48223 -2.74112
5.32995 -3.04569
5.02538 -3.35025
4.8731 -3.65482
4.72081 -3.80711
4.41624 -4.11168
4.26396 -4.41624
3.95939 -4.56853
3.80711 -4.8731
3.50254 -5.02538
3.35025 -5.32995
3.04569 -5.48223
2.8934 -5.63452
2.58883 -5.93909
2.28426 -6.09137
1.9797 -6.24365
1.82741 -6.39594
1.52284 -6.54822
1.21827 -6.85279
0.913706 -7.00508
0.761421 -7.15736
0.456853 -7.15736
0.152284 -7.30964
-0.152284 -7.46193
-0.304569 -7.61421
-0.609137 -7.7665
-0.913706 -7.91878
-1.06599 -8.07107
-1.37056 -8.07107
-1.67513 -8.22335
-1.82741 -8.37563
-2.13198 -8.37563
-2.43655 -8.52792
-2.58883 -8.6802
-2.8934 -8.6802
-3.04569 -8.83249
-3.35025 -8.98477
-3.50254 -8.98477
-3.80711 -9.13706
-3.95939 -9.28934
-4.26396 -9.28934
-4.41624 -9.44162
-4.72081 -9.59391
-4.8731 -9.59391
-5.17766 -9.74619
-5.32995 -9.89848
-5.63452 -9.89848
-5.7868 -10.0508
-6.09137 -10.0508
-6.24365 -10.203
-6.54822 -10.203
-6.70051 -10.3553
-7.00508 -10.3553
-7.15736 -10.5076
-7.30964 -10.5076
-7.61421 -10.6599
-7.7665 -10.6599
-8.07107 -10.6599
-8.22335 -10.8122
-8.52792 -10.8122
-8.6802 -10.8122
-8.98477 -10.8122
-9.13706 -10.8122
-9.44162 -10.9645
-9.59391 -10.9645
-9.89848 -10.9645
-10.0508 -10.9645
-10.3553 -10.9645
-10.5076 -10.9645
-10.8122 -10.9645
-10.9645 -10.9645
-11.269 -10.9645
-11.4213 -10.9645
-11.7259 -10.9645
-11.8782 -10.9645
-12.1827 -10.9645
-12.335 -10.8122
-12.6396 -10.8122
-12.7919 -10.8122
-13.0964 -10.8122
-13.2487 -10.8122
-13.5533 -10.8122
-13.7056 -10.8122
-14.0102 -10.8122
-14.1624 -10.6599
-14.467 -10.6599
-14.6193 -10.6599
-14.7716 -10.6599
-15.0761 -10.6599
-15.2284 -10.6599
-15.533 -10.6599
-15.6853 -10.5076
-15.9898 -10.5076
-16.1421 -10.5076
-16.4467 -10.5076
-16.599 -10.5076
-16.9036 -10.3553
-17.2081 -10.3553
-17.3604 -10.3553
-17.665 -10.3553
-17.8173 -10.203
-18.1218 -10.203
-18.2741 -10.203
-18.5787 -10.0508
-18.731 -10.0508
-19.0355 -10.0508
-19.3401 -9.89848
-19.4924 -9.89848
-19.797 -9.74619
-19.9492 -9.74619
-20.2538 -9.59391
-20.5584 -9.59391
-20.7107 -9.44162
-21.0152 -9.28934
-21.1675 -9.28934
-21.4721 -9.13706
-21.6244 -8.98477
-21.9289 -8.98477
-22.2335 -8.83249
-22.3858 -8.6802
-22.6904 -8.52792
-22.8426 -8.37563
-23.1472 -8.22335
-23.2995 -8.07107
-23.6041 -7.91878
-23.7563 -7.7665
-23.9086 -7.61421
-24.2132 -7.46193
-24.3655 -7.30964
-24.6701 -7.15736
-24.8223 -6.85279
-24.9746 -6.70051
-25.1269 -6.54822
-25.2792 -6.24365
-25.5838 -6.09137
-25.736 -5.93909
-25.8883 -5.63452
-26.0406 -5.48223
-26.1929 -5.17766
-26.3452 -5.02538
-26.4975 -4.72081
-26.6497 -4.56853
-26.802 -4.26396
-26.802 -3.95939
-26.9543 -3.80711
-27.1066 -3.50254
-27.2589 -3.19797
-27.2589 -3.04569
-27.4112 -2.74112
-27.5635 -2.43655
-27.5635 -2.13198
-27.7157 -1.9797
-27.7157 -1.67513
-27.868 -1.37056
-27.868 -1.06599
-28.0203 -0.913706
-28.0203 -0.609137
-28.0203 -0.304569
-28.1726 0
-28.1726 0.304569
-28.1726 0.609137
-28.1726 0.761421
-28.1726 1.06599
-28.3249 1.37056
-28.3249 1.67513
-28.3249 1.9797
-28.3249 2.28426
-28.3249 2.43655
-28.1726 2.74112
-28.1726 3.04569
-28.1726 3.35025
-28.1726 3.65482
-28.1726 3.95939
-28.1726 4.11168
-28.0203 4.41624
-28.0203 4.72081
-27.868 5.02538
-27.868 5.32995
-27.868 5.48223
-27.7157 5.7868
-27.7157 6.09137
-27.5635 6.39594
-27.4112 6.54822
-27.4112 6.85279
-27.2589 7.15736
-27.1066 7.46193
-27.1066 7.61421
-26.9543 7.91878
-26.802 8.22335
-26.6497 8.37563
-26.4975 8.6802
-26.4975 8.83249
-26.3452 9.13706
-26.1929 9.44162
-26.0406 9.59391
-25.8883 9.89848
-25.736 10.0508
-25.5838 10.3553
-25.4315 10.5076
-25.2792 10.8122
-25.1269 10.9645
-24.9746 11.1168
-24.6701 11.4213
-24.5178 11.5736
-24.3655 11.8782
-24.2132 12.0305
-24.0609 12.1827
-23.9086 12.4873
-23.6041 12.6396
-23.4518 12.7919
-23.2995 12.9442
-22.9949 13.2487
-22.8426 13.401
-22.6904 13.5533
-22.3858 13.7056
-22.2335 13.8579
-21.9289 14.0102
-21.7766 14.1624
-21.4721 14.3147
-21.3198 14.467
-21.0152 14.6193
-20.8629 14.7716
-20.5584 14.7716
-20.2538 14.9239
-20.1015 15.0761
-19.797 15.0761
-19.4924 15.2284
-19.1878 15.2284
-19.0355 15.2284
-18.731 15.3807
-18.4264 15.3807
-18.1218 15.3807
-17.8173 15.3807
-17.665 15.3807
-17.3604 15.3807
-17.0558 15.3807
-16.7513 15.3807
-16.599 15.3807
-16.2944 15.3807
-15.9898 15.3807
-15.6853 15.3807
-15.533 15.2284
-15.2284 15.2284
-14.9239 15.2284
-14.7716 15.2284
-14.467 15.0761
-14.3147 15.0761
-14.0102 15.0761
-13.7056 14.9239
-13.5533 14.9239
-13.2487 14.9239
-13.0964 14.9239
-12.7919 14.7716
-12.6396 14.7716
-12.335 14.7716
-12.1827 14.7716
-11.8782 14.6193
-11.7259 14.6193
-11.5736 14.6193
-11.269 14.6193
-11.1168 14.6193
-10.8122 14.467
-10.6599 14.467
-10.3553 14.467
-10.203 14.467
-9.89848 14.3147
-9.74619 14.3147
-9.59391 14.3147
-9.28934 14.3147
-9.13706 14.1624
-8.83249 14.1624
-8.6802 14.1624
-8.37563 14.0102
-8.22335 14.0102
-8.07107 14.0102
-7.7665 13.8579
-7.61421 13.8579
-7.30964 13.8579
-7.15736 13.7056
-7.00508 13.7056
-6.70051 13.5533
-6.54822 13.5533
-6.24365 13.401
-6.09137 13.401
-5.7868 13.2487
-5.63452 13.2487
-5.48223 13.0964
-5.17766 13.0964
-5.02538 12.9442
-4.72081 12.9442
-4.56853 12.7919
-4.26396 12.7919
-4.11168 12.6396
-3.95939 12.4873
-3.65482 12.4873
-3.50254 12.335
-3.19797 12.1827
-3.04569 12.1827
-2.74112 12.0305
-2.58883 11.8782
-2.28426 11.7259
-2.13198 11.7259
-1.82741 11.5736
-1.67513 11.4213
-1.37056 11.269
-1.21827 11.1168
-0.913706 10.9645
-0.761421 10.9645
-0.456853 10.8122
-0.304569 10.6599
0 10.5076
0.304569 10.3553
0.456853 10.203
0.761421 10.0508
0.913706 9.74619
1.21827 9.59391
1.37056 9.44162
1.67513 9.28934
1.82741 9.13706
2.13198 8.83249
2.28426 8.6802
2.58883 8.52792
2.74112 8.22335
3.04569 8.07107
3.19797 7.7665
3.50254 7.61421
3.65482 7.30964
3.80711 7.15736
4.11168 6.85279
4.26396 6.70051
4.41624 6.39594
4.72081 6.09137
4.8731 5.7868
5.02538 5.63452
5.17766 5.32995
5.32995 5.02538
5.48223 4.72081
5.63452 4.41624
5.7868 4.11168
5.93909 3.80711
6.09137 3.50254
6.24365 3.19797
6.24365 2.8934
6.39594 2.58883
6.39594 2.28426
