19.0355 2.8934
19.0355 2.58883
19.0355 2.43655
19.0355 2.28426
19.0355 2.13198
19.1878 1.82741
19.1878 1.67513
19.0355 1.52284
19.0355 1.37056
19.0355 1.06599
19.0355 0.913706
19.0355 0.761421
18.8832 0.609137
18.8832 0.456853
18.8832 0.152284
18.731 0
18.731 -0.152284
18.731 -0.304569
18.5787 -0.456853
18.5787 -0.609137
18.4264 -0.913706
18.4264 -1.06599
18.2741 -1.21827
18.2741 -1.37056
18.1218 -1.52284
18.1218 -1.67513
17.9695 -1.82741
17.9695 -2.13198
17.8173 -2.28426
17.8173 -2.43655
17.665 -2.58883
17.665 -2.74112
17.5127 -2.8934
17.5127 -3.04569
17.3604 -3.19797
17.2081 -3.35025
17.2081 -3.65482
17.0558 -3.80711
16.9036 -3.95939
16.9036 -4.11168
16.7513 -4.26396
16.599 -4.41624
16.599 -4.56853
16.4467 -4.72081
16.2944 -4.8731
16.1421 -5.02538
16.1421 -5.17766
15.9898 -5.32995
15.8376 -5.48223
15.6853 -5.63452
15.533 -5.7868
15.3807 -5.93909
15.2284 -6.09137
15.0761 -6.24365
14.9239 -6.39594
14.7716 -6.54822
14.6193 -6.54822
14.467 -6.70051
14.3147 -6.85279
14.1624 -7.00508
14.0102 -7.15736
13.8579 -7.15736
13.7056 -7.30964
13.5533 -7.46193
13.401 -7.46193
13.2487 -7.61421
13.0964 -7.7665
12.7919 -7.91878
12.6396 -7.91878
12.4873 -8.07107
12.335 -8.07107
12.1827 -8.22335
11.8782 -8.22335
11.7259 -8.37563
11.5736 -8.52792
11.4213 -8.52792
11.1168 -8.6802
10.9645 -8.6802
10.8122 -8.6802
10.6599 -8.83249
10.3553 -8.83249
10.203 -8.98477
10.0508 -8.98477
9.74619 -8.98477
9.59391 -9.13706
9.44162 -9.13706
9.13706 -9.13706
8.98477 -9.28934
8.6802 -9.28934
8.52792 -9.28934
8.37563 -9.28934
8.07107 -9.28934
7.91878 -9.28934
7.61421 -9.28934
7.46193 -9.44162
7.30964 -9.44162
7.00508 -9.44162
6.85279 -9.44162
6.54822 -9.28934
6.39594 -9.28934
6.24365 -9.28934
5.93909 -9.28934
5.7868 -9.28934
5.48223 -9.28934
5.32995 -9.28934
5.17766 -9.13706
4.8731 -9.13706
4.72081 -9.13706
4.41624 -8.98477
4.26396 -8.98477
4.11168 -8.83249
3.80711 -8.83249
3.65482 -8.6802
3.50254 -8.6802
3.19797 -8.52792
3.04569 -8.37563
2.8934 -8.37563
2.74112 -8.22335
2.43655 -8.07107
2.28426 -8.07107
2.13198 -7.91878
1.9797 -7.7665
1.82741 -7.61421
1.67513 -7.46193
1.52284 -7.30964
1.37056 -7.15736
1.21827 -7.00508
1.06599 -6.85279
0.913706 -6.70051
0.761421 -6.54822
0.609137 -6.39594
0.456853 -6.24365
0.304569 -6.09137
0.152284 -5.93909
0 -5.7868
0 -5.48223
-0.152284 -5.32995
-0.304569 -5.17766
-0.456853 -5.02538
-0.456853 -4.8731
-0.609137 -4.72081
-0.761421 -4.56853
-0.913706 -4.41624
-0.913706 -4.11168
-1.06599 -3.95939
-1.21827 -3.80711
-1.37056 -3.65482
-1.37056 -3.50254
-1.52284 -3.35025
-1.67513 -3.19797
-1.82741 -3.04569
-1.82741 -2.74112
-1.9797 -2.58883
-2.13198 -2.43655
-2.13198 -2.28426
-2.28426 -2.13198
-2.43655 -1.9797
-2.43655 -1.67513
-2.58883 -1.52284
-2.58883 -1.37056
-2.74112 -1.21827
-2.74112 -0.913706
-2.8934 -0.761421
-2.8934 -0.609137
-3.04569 -0.456853
-3.04569 -0.152284
-3.04569 0
-3.04569 0.152284
-3.04569 0.456853
-3.04569 0.609137
-3.04569 0.761421
-3.04569 1.06599
-3.04569 1.21827
-3.04569 1.37056
-3.04569 1.67513
-3.04569 1.82741
-2.8934 1.9797
-2.8934 2.28426
-2.8934 2.43655
-2.74112 2.58883
-2.74112 2.8934
-2.58883 3.04569
-2.58883 3.19797
-2.43655 3.35025
-2.43655 3.65482
-2.43655 3.80711
-2.28426 3.95939
-2.28426 4.11168
-2.13198 4.26396
-2.13198 4.41624
-1.9797 4.72081
-1.9797 4.8731
-1.82741 5.02538
-1.82741 5.17766
-1.82741 5.32995
-1.67513 5.48223
-1.67513 5.63452
-1.52284 5.93909
-1.52284 6.09137
-1.52284 6.24365
-1.37056 6.39594
-1.37056 6.54822
-1.37056 6.70051
-1.21827 6.85279
-1.21827 7.15736
-1.21827 7.30964
-1.06599 7.46193
-1.06599 7.61421
-1.06599 7.7665
-0.913706 7.91878
-0.913706 8.07107
-0.761421 8.37563
-0.761421 8.52792
-0.609137 8.6802
-0.609137 8.83249
-0.456853 8.98477
-0.304569 9.13706
-0.304569 9.28934
-0.152284 9.44162
0 9.59391
0 9.74619
0.152284 9.89848
0.304569 10.0508
0.456853 10.203
0.456853 10.3553
0.609137 10.5076
0.761421 10.6599
0.913706 10.8122
1.06599 10.9645
1.21827 11.1168
1.37056 11.1168
1.52284 11.269
1.52284 11.4213
1.67513 11.5736
1.82741 11.7259
1.9797 11.8782
2.13198 12.0305
2.28426 12.1827
2.43655 12.335
2.58883 12.335
2.74112 12.4873
2.8934 12.6396
3.04569 12.7919
3.19797 12.9442
3.35025 13.0964
3.50254 13.2487
3.65482 13.401
3.80711 13.5533
3.95939 13.7056
4.11168 13.8579
4.26396 14.0102
4.41624 14.1624
4.56853 14.3147
4.72081 14.467
5.02538 14.6193
5.17766 14.7716
5.32995 14.7716
5.48223 14.9239
5.7868 15.0761
5.93909 15.2284
6.09137 15.2284
6.39594 15.3807
6.54822 15.3807
6.70051 15.533
7.00508 15.533
7.15736 15.533
7.46193 15.533
7.61421 15.6853
7.91878 15.6853
8.07107 15.6853
8.37563 15.6853
8.52792 15.533
8.83249 15.533
8.98477 15.533
9.13706 15.533
9.44162 15.3807
9.59391 15.3807
9.89848 15.3807
10.0508 15.2284
10.3553 15.2284
10.5076 15.0761
10.6599 15.0761
10.9645 15.0761
11.1168 14.9239
11.269 14.9239
11.5736 14.7716
11.7259 14.7716
11.8782 14.6193
12.1827 14.6193
12.335 14.467
12.4873 14.467
12.7919 14.3147
12.9442 14.3147
13.0964 14.3147
13.401 14.1624
13.5533 14.1624
13.8579 14.0102
14.0102 14.0102
14.1624 13.8579
14.467 13.8579
14.6193 13.7056
14.7716 13.5533
14.9239 13.5533
15.2284 13.401
15.3807 13.2487
15.533 13.2487
15.6853 13.0964
15.9898 12.9442
16.1421 12.7919
16.2944 12.6396
16.4467 12.4873
16.599 12.335
16.7513 12.1827
16.9036 12.0305
16.9036 11.7259
17.0558 11.5736
17.2081 11.4213
17.2081 11.1168
17.3604 10.9645
17.5127 10.8122
17.5127 10.5076
17.5127 10.3553
17.665 10.0508
17.665 9.89848
17.8173 9.74619
17.8173 9.44162
17.8173 9.28934
17.8173 8.98477
17.9695 8.83249
17.9695 8.6802
17.9695 8.37563
17.9695 8.22335
17.9695 8.07107
18.1218 7.7665
18.1218 7.61421
18.1218 7.46193
18.1218 7.15736
18.2741 7.00508
18.2741 6.85279
18.2741 6.70051
18.4264 6.54822
18.4264 6.39594
18.5787 6.09137
18.5787 5.93909
18.731 5.7868
18.731 5.63452
18.731 5.48223
18.8832 5.32995
18.8832 5.02538
18.8832 4.8731
19.0355 4.72081
19.0355 4.56853
19.0355 4.41624
19.0355 4.11168
19.1878 3.95939
19.1878 3.80711
19.1878 3.65482
19.0355 3.35025
19.0355 3.19797
19.0355 3.04569
