19.1878 2.8934
19.1878 2.74112
19.1878 2.58883
19.1878 2.43655
19.1878 2.13198
19.1878 1.9797
19.1878 1.82741
19.1878 1.67513
19.1878 1.37056
19.1878 1.21827
19.0355 1.06599
19.0355 0.913706
19.0355 0.609137
19.0355 0.456853
18.8832 0.304569
18.8832 0.152284
18.731 0
18.731 -0.304569
18.731 -0.456853
18.5787 -0.609137
18.5787 -0.761421
18.4264 -0.913706
18.4264 -1.06599
18.2741 -1.21827
18.2741 -1.52284
18.1218 -1.67513
18.1218 -1.82741
17.9695 -1.9797
17.8173 -2.13198
17.8173 -2.28426
17.665 -2.43655
17.665 -2.58883
17.5127 -2.74112
17.5127 -3.04569
17.3604 -3.19797
17.2081 -3.35025
17.2081 -3.50254
17.0558 -3.65482
16.9036 -3.80711
16.9036 -3.95939
16.7513 -4.11168
16.599 -4.26396
16.4467 -4.41624
16.4467 -4.56853
16.2944 -4.72081
16.1421 -4.8731
15.9898 -5.02538
15.8376 -5.17766
15.8376 -5.32995
15.6853 -5.48223
15.533 -5.63452
15.3807 -5.7868
15.2284 -5.93909
15.0761 -6.09137
14.9239 -6.24365
14.7716 -6.39594
14.6193 -6.39594
14.467 -6.54822
14.3147 -6.70051
14.1624 -6.85279
14.0102 -7.00508
13.8579 -7.15736
13.7056 -7.15736
13.5533 -7.30964
13.401 -7.46193
13.2487 -7.61421
13.0964 -7.61421
12.9442 -7.7665
12.6396 -7.91878
12.4873 -7.91878
12.335 -8.07107
12.1827 -8.22335
12.0305 -8.22335
11.7259 -8.37563
11.5736 -8.37563
11.4213 -8.52792
11.269 -8.52792
10.9645 -8.6802
10.8122 -8.6802
10.6599 -8.83249
10.3553 -8.83249
10.203 -8.98477
10.0508 -8.98477
9.74619 -8.98477
9.59391 -9.13706
9.44162 -9.13706
9.13706 -9.13706
8.98477 -9.28934
8.6802 -9.28934
8.52792 -9.28934
8.37563 -9.28934
8.07107 -9.28934
7.91878 -9.44162
7.61421 -9.44162
7.46193 -9.44162
7.30964 -9.44162
7.00508 -9.44162
6.85279 -9.44162
6.54822 -9.44162
6.39594 -9.44162
6.09137 -9.44162
5.93909 -9.44162
5.7868 -9.28934
5.48223 -9.28934
5.32995 -9.28934
5.02538 -9.28934
4.8731 -9.13706
4.56853 -9.13706
4.41624 -9.13706
4.26396 -8.98477
3.95939 -8.98477
3.80711 -8.83249
3.50254 -8.83249
3.35025 -8.6802
3.19797 -8.6802
3.04569 -8.52792
2.74112 -8.37563
2.58883 -8.37563
2.43655 -8.22335
2.28426 -8.07107
1.9797 -7.91878
1.82741 -7.7665
1.67513 -7.7665
1.52284 -7.61421
1.37056 -7.46193
1.21827 -7.30964
1.06599 -7.15736
0.913706 -7.00508
0.761421 -6.85279
0.609137 -6.54822
0.456853 -6.39594
0.304569 -6.24365
0.152284 -6.09137
0 -5.93909
-0.152284 -5.7868
-0.152284 -5.63452
-0.304569 -5.48223
-0.456853 -5.17766
-0.609137 -5.02538
-0.609137 -4.8731
-0.761421 -4.72081
-0.913706 -4.56853
-1.06599 -4.41624
-1.06599 -4.11168
-1.21827 -3.95939
-1.37056 -3.80711
-1.52284 -3.65482
-1.52284 -3.50254
-1.67513 -3.35025
-1.82741 -3.19797
-1.82741 -2.8934
-1.9797 -2.74112
-2.13198 -2.58883
-2.28426 -2.43655
-2.28426 -2.28426
-2.43655 -2.13198
-2.43655 -1.82741
-2.58883 -1.67513
-2.74112 -1.52284
-2.74112 -1.37056
-2.74112 -1.06599
-2.8934 -0.913706
-2.8934 -0.761421
-3.04569 -0.456853
-3.04569 -0.304569
-3.04569 -0.152284
-3.04569 0.152284
-3.04569 0.304569
-3.04569 0.456853
-3.04569 0.761421
-3.04569 0.913706
-3.04569 1.06599
-3.04569 1.37056
-3.04569 1.52284
-3.04569 1.82741
-2.8934 1.9797
-2.8934 2.13198
-2.74112 2.28426
-2.74112 2.58883
-2.74112 2.74112
-2.58883 2.8934
-2.58883 3.19797
-2.43655 3.35025
-2.43655 3.50254
-2.28426 3.65482
-2.28426 3.80711
-2.13198 4.11168
-2.13198 4.26396
-1.9797 4.41624
-1.9797 4.56853
-1.82741 4.72081
-1.82741 4.8731
-1.67513 5.02538
-1.67513 5.17766
-1.67513 5.48223
-1.52284 5.63452
-1.52284 5.7868
-1.52284 5.93909
-1.52284 6.09137
-1.37056 6.24365
-1.37056 6.54822
-1.37056 6.70051
-1.37056 6.85279
-1.21827 7.00508
-1.21827 7.15736
-1.21827 7.30964
-1.21827 7.61421
-1.06599 7.7665
-1.06599 7.91878
-1.06599 8.07107
-0.913706 8.22335
-0.913706 8.52792
-0.761421 8.6802
-0.761421 8.83249
-0.609137 8.98477
-0.456853 9.13706
-0.456853 9.28934
-0.304569 9.44162
-0.152284 9.59391
-0.152284 9.74619
0 9.89848
0.152284 10.0508
0.304569 10.203
0.456853 10.3553
0.609137 10.3553
0.761421 10.5076
0.913706 10.6599
1.06599 10.8122
1.21827 10.8122
1.37056 10.9645
1.52284 11.1168
1.67513 11.1168
1.82741 11.269
1.9797 11.4213
2.13198 11.5736
2.28426 11.5736
2.43655 11.7259
2.58883 11.8782
2.74112 12.0305
2.8934 12.0305
3.04569 12.1827
3.04569 12.335
3.19797 12.4873
3.35025 12.6396
3.50254 12.7919
3.65482 12.9442
3.80711 13.0964
3.95939 13.2487
4.11168 13.401
4.26396 13.5533
4.41624 13.7056
4.56853 13.8579
4.72081 14.0102
4.8731 14.1624
5.02538 14.3147
5.17766 14.467
5.48223 14.6193
5.63452 14.7716
5.7868 14.9239
5.93909 14.9239
6.24365 15.0761
6.39594 15.2284
6.54822 15.2284
6.85279 15.3807
7.00508 15.3807
7.30964 15.3807
7.46193 15.533
7.61421 15.533
7.91878 15.533
8.07107 15.533
8.37563 15.533
8.52792 15.3807
8.83249 15.3807
8.98477 15.3807
9.13706 15.3807
9.44162 15.2284
9.59391 15.2284
9.74619 15.0761
10.0508 15.0761
10.203 14.9239
10.5076 14.9239
10.6599 14.7716
10.8122 14.7716
10.9645 14.6193
11.269 14.467
11.4213 14.467
11.5736 14.3147
11.7259 14.3147
12.0305 14.1624
12.1827 14.1624
12.335 14.0102
12.6396 14.0102
12.7919 13.8579
12.9442 13.8579
13.0964 13.8579
13.401 13.7056
13.5533 13.7056
13.7056 13.5533
14.0102 13.5533
14.1624 13.401
14.3147 13.401
14.467 13.2487
14.7716 13.2487
14.9239 13.0964
15.0761 12.9442
15.3807 12.9442
15.533 12.7919
15.6853 12.6396
15.8376 12.6396
15.9898 12.4873
16.1421 12.335
16.2944 12.1827
16.4467 12.0305
16.599 11.8782
16.7513 11.7259
16.9036 11.5736
17.0558 11.269
17.2081 11.1168
17.2081 10.9645
17.3604 10.8122
17.3604 10.5076
17.5127 10.3553
17.665 10.203
17.665 10.0508
17.665 9.74619
17.8173 9.59391
17.8173 9.44162
17.9695 9.13706
17.9695 8.98477
17.9695 8.83249
18.1218 8.52792
18.1218 8.37563
18.1218 8.22335
18.1218 7.91878
18.2741 7.7665
18.2741 7.61421
18.2741 7.30964
18.2741 7.15736
18.4264 7.00508
18.4264 6.85279
18.4264 6.70051
18.5787 6.39594
18.5787 6.24365
18.5787 6.09137
18.731 5.93909
18.731 5.7868
18.731 5.48223
18.731 5.32995
18.8832 5.17766
18.8832 5.02538
18.8832 4.8731
18.8832 4.56853
19.0355 4.41624
19.0355 4.26396
19.0355 4.11168
19.0355 3.80711
19.0355 3.65482
19.1878 3.50254
19.1878 3.35025
19.1878 3.19797
