19.1878 2.43655
19.1878 2.28426
19.1878 2.13198
19.1878 1.9797
19.3401 1.67513
19.1878 1.52284
19.1878 1.37056
19.1878 1.06599
19.1878 0.913706
19.1878 0.761421
19.0355 0.609137
19.0355 0.304569
19.0355 0.152284
18.8832 0
18.8832 -0.152284
18.731 -0.304569
18.5787 -0.456853
18.5787 -0.761421
18.4264 -0.913706
18.4264 -1.06599
18.2741 -1.21827
18.1218 -1.37056
18.1218 -1.52284
17.9695 -1.67513
17.9695 -1.82741
17.8173 -1.9797
17.665 -2.13198
17.665 -2.28426
17.5127 -2.58883
17.5127 -2.74112
17.3604 -2.8934
17.2081 -3.04569
17.2081 -3.19797
17.0558 -3.35025
17.0558 -3.50254
16.9036 -3.65482
16.9036 -3.80711
16.7513 -3.95939
16.599 -4.26396
16.599 -4.41624
16.4467 -4.56853
16.2944 -4.72081
16.2944 -4.8731
16.1421 -5.02538
15.9898 -5.17766
15.8376 -5.32995
15.8376 -5.48223
15.6853 -5.63452
15.533 -5.7868
15.3807 -5.93909
15.2284 -6.09137
15.0761 -6.24365
14.9239 -6.39594
14.7716 -6.39594
14.6193 -6.54822
14.467 -6.70051
14.3147 -6.85279
14.1624 -7.00508
14.0102 -7.00508
13.8579 -7.15736
13.7056 -7.30964
13.5533 -7.46193
13.401 -7.46193
13.2487 -7.61421
13.0964 -7.7665
12.9442 -7.7665
12.6396 -7.91878
12.4873 -7.91878
12.335 -8.07107
12.1827 -8.22335
12.0305 -8.22335
11.7259 -8.37563
11.5736 -8.37563
11.4213 -8.52792
11.269 -8.52792
11.1168 -8.6802
10.8122 -8.6802
10.6599 -8.83249
10.5076 -8.83249
10.3553 -8.83249
10.0508 -8.98477
9.89848 -8.98477
9.74619 -9.13706
9.44162 -9.13706
9.28934 -9.13706
9.13706 -9.28934
8.83249 -9.28934
8.6802 -9.28934
8.52792 -9.44162
8.22335 -9.44162
8.07107 -9.44162
7.91878 -9.44162
7.61421 -9.44162
7.46193 -9.44162
7.30964 -9.44162
7.00508 -9.59391
6.85279 -9.59391
6.54822 -9.59391
6.39594 -9.59391
6.24365 -9.44162
5.93909 -9.44162
5.7868 -9.44162
5.48223 -9.44162
5.32995 -9.44162
5.17766 -9.44162
4.8731 -9.28934
4.72081 -9.28934
4.41624 -9.28934
4.26396 -9.13706
4.11168 -9.13706
3.80711 -8.98477
3.65482 -8.98477
3.50254 -8.83249
3.35025 -8.83249
3.04569 -8.6802
2.8934 -8.52792
2.74112 -8.52792
2.58883 -8.37563
2.28426 -8.22335
2.13198 -8.07107
1.9797 -8.07107
1.82741 -7.91878
1.67513 -7.7665
1.52284 -7.61421
1.37056 -7.46193
1.21827 -7.30964
1.06599 -7.15736
0.913706 -7.00508
0.761421 -6.85279
0.609137 -6.70051
0.456853 -6.54822
0.304569 -6.39594
0.304569 -6.24365
0.152284 -5.93909
0 -5.7868
-0.152284 -5.63452
-0.152284 -5.48223
-0.304569 -5.32995
-0.456853 -5.17766
-0.609137 -5.02538
-0.609137 -4.8731
-0.761421 -4.72081
-0.913706 -4.56853
-1.06599 -4.26396
-1.06599 -4.11168
-1.21827 -3.95939
-1.37056 -3.80711
-1.52284 -3.65482
-1.52284 -3.50254
-1.67513 -3.35025
-1.82741 -3.19797
-1.9797 -3.04569
-1.9797 -2.8934
-2.13198 -2.74112
-2.28426 -2.58883
-2.28426 -2.28426
-2.43655 -2.13198
-2.58883 -1.9797
-2.58883 -1.82741
-2.74112 -1.67513
-2.74112 -1.52284
-2.8934 -1.21827
-2.8934 -1.06599
-3.04569 -0.913706
-3.04569 -0.609137
-3.04569 -0.456853
-3.04569 -0.304569
-3.19797 -0.152284
-3.19797 0.152284
-3.19797 0.304569
-3.19797 0.456853
-3.04569 0.761421
-3.04569 0.913706
-3.04569 1.06599
-3.04569 1.37056
-2.8934 1.52284
-2.8934 1.67513
-2.8934 1.9797
-2.74112 2.13198
-2.74112 2.28426
-2.58883 2.43655
-2.58883 2.74112
-2.43655 2.8934
-2.43655 3.04569
-2.28426 3.19797
-2.28426 3.35025
-2.13198 3.65482
-2.13198 3.80711
-1.9797 3.95939
-1.9797 4.11168
-1.82741 4.26396
-1.82741 4.41624
-1.82741 4.56853
-1.67513 4.72081
-1.67513 4.8731
-1.67513 5.17766
-1.52284 5.32995
-1.52284 5.48223
-1.52284 5.63452
-1.52284 5.7868
-1.52284 5.93909
-1.52284 6.09137
-1.37056 6.39594
-1.37056 6.54822
-1.37056 6.70051
-1.37056 6.85279
-1.37056 7.15736
-1.21827 7.30964
-1.21827 7.46193
-1.21827 7.61421
-1.21827 7.7665
-1.06599 8.07107
-1.06599 8.22335
-0.913706 8.37563
-0.913706 8.52792
-0.761421 8.6802
-0.761421 8.98477
-0.609137 9.13706
-0.609137 9.28934
-0.456853 9.44162
-0.304569 9.59391
-0.152284 9.74619
0 9.89848
0 10.0508
0.152284 10.0508
0.304569 10.203
0.456853 10.3553
0.609137 10.5076
0.761421 10.6599
0.913706 10.8122
1.06599 10.8122
1.21827 10.9645
1.37056 11.1168
1.52284 11.269
1.67513 11.4213
1.82741 11.4213
1.9797 11.5736
2.13198 11.7259
2.28426 11.8782
2.43655 12.0305
2.58883 12.1827
2.74112 12.335
2.74112 12.335
2.8934 12.4873
3.04569 12.6396
3.19797 12.7919
3.35025 12.9442
3.50254 13.0964
3.65482 13.2487
3.80711 13.401
3.95939 13.7056
4.26396 13.8579
4.41624 14.0102
4.56853 14.0102
4.72081 14.1624
4.8731 14.3147
5.02538 14.467
5.32995 14.6193
5.48223 14.7716
5.63452 14.9239
5.93909 14.9239
6.09137 15.0761
6.24365 15.0761
6.54822 15.2284
6.70051 15.2284
7.00508 15.2284
7.15736 15.3807
7.46193 15.3807
7.61421 15.3807
7.91878 15.3807
8.07107 15.3807
8.22335 15.3807
8.52792 15.2284
8.6802 15.2284
8.98477 15.2284
9.13706 15.2284
9.44162 15.0761
9.59391 15.0761
9.89848 14.9239
10.0508 14.9239
10.203 14.7716
10.5076 14.7716
10.6599 14.6193
10.8122 14.6193
11.1168 14.467
11.269 14.3147
11.4213 14.3147
11.7259 14.1624
11.8782 14.1624
12.0305 14.0102
12.1827 14.0102
12.4873 13.8579
12.6396 13.8579
12.7919 13.7056
13.0964 13.5533
13.2487 13.5533
13.401 13.401
13.5533 13.401
13.8579 13.2487
14.0102 13.2487
14.1624 13.0964
14.3147 12.9442
14.6193 12.9442
14.7716 12.7919
14.9239 12.6396
15.0761 12.4873
15.2284 12.4873
15.533 12.335
15.6853 12.1827
15.8376 12.0305
15.9898 11.8782
16.1421 11.7259
16.2944 11.5736
16.4467 11.4213
16.599 11.269
16.599 11.1168
16.7513 10.9645
16.9036 10.8122
17.0558 10.5076
17.0558 10.3553
17.2081 10.203
17.3604 10.0508
17.3604 9.74619
17.5127 9.59391
17.5127 9.44162
17.665 9.13706
17.665 8.98477
17.8173 8.83249
17.8173 8.6802
17.9695 8.37563
17.9695 8.22335
17.9695 8.07107
18.1218 7.7665
18.1218 7.61421
18.1218 7.46193
18.2741 7.30964
18.2741 7.00508
18.2741 6.85279
18.4264 6.70051
18.4264 6.54822
18.4264 6.24365
18.5787 6.09137
18.5787 5.93909
18.5787 5.7868
18.5787 5.48223
18.731 5.32995
18.731 5.17766
18.731 5.02538
18.8832 4.72081
18.8832 4.56853
18.8832 4.41624
18.8832 4.26396
19.0355 4.11168
19.0355 3.80711
19.0355 3.65482
19.0355 3.50254
19.0355 3.35025
19.1878 3.04569
19.1878 2.8934
19.1878 2.74112
