6.54822 2.28426
6.70051 1.9797
6.70051 1.52284
6.70051 1.21827
6.70051 0.913706
6.70051 0.609137
6.70051 0.304569
6.54822 0
6.54822 -0.456853
6.39594 -0.761421
6.39594 -1.06599
6.24365 -1.37056
6.09137 -1.67513
5.93909 -1.9797
5.93909 -2.28426
5.7868 -2.58883
5.48223 -2.8934
5.32995 -3.19797
5.17766 -3.35025
5.02538 -3.65482
4.8731 -3.95939
4.56853 -4.26396
4.41624 -4.41624
4.11168 -4.72081
3.95939 -4.8731
3.65482 -5.17766
3.35025 -5.32995
3.19797 -5.63452
2.8934 -5.7868
2.58883 -5.93909
2.43655 -6.24365
2.13198 -6.39594
1.82741 -6.54822
1.52284 -6.70051
1.21827 -6.85279
1.06599 -7.00508
0.761421 -7.15736
0.456853 -7.30964
0.152284 -7.46193
-0.152284 -7.61421
-0.304569 -7.7665
-0.609137 -7.7665
-0.913706 -7.91878
-1.21827 -8.07107
-1.52284 -8.22335
-1.67513 -8.22335
-1.9797 -8.37563
-2.28426 -8.52792
-2.43655 -8.52792
-2.74112 -8.6802
-2.8934 -8.83249
-3.19797 -8.83249
-3.50254 -8.98477
-3.65482 -9.13706
-3.95939 -9.13706
-4.11168 -9.28934
-4.41624 -9.44162
-4.56853 -9.44162
-4.8731 -9.59391
-5.02538 -9.74619
-5.32995 -9.74619
-5.48223 -9.89848
-5.7868 -10.0508
-5.93909 -10.0508
-6.09137 -10.203
-6.39594 -10.203
-6.54822 -10.3553
-6.85279 -10.3553
-7.00508 -10.5076
-7.30964 -10.5076
-7.46193 -10.6599
-7.7665 -10.6599
-8.07107 -10.6599
-8.22335 -10.8122
-8.52792 -10.8122
-8.6802 -10.8122
-8.98477 -10.9645
-9.13706 -10.9645
-9.44162 -10.9645
-9.59391 -10.9645
-9.89848 -10.9645
-10.0508 -10.9645
-10.3553 -10.9645
-10.6599 -10.9645
-10.8122 -10.9645
-11.1168 -10.9645
-11.269 -10.9645
-11.5736 -10.9645
-11.7259 -10.9645
-12.0305 -10.9645
-12.1827 -10.9645
-12.4873 -10.9645
-12.6396 -10.9645
-12.9442 -10.9645
-13.0964 -10.8122
-13.401 -10.8122
-13.5533 -10.8122
-13.8579 -10.8122
-14.0102 -10.8122
-14.3147 -10.8122
-14.467 -10.6599
-14.7716 -10.6599
-14.9239 -10.6599
-15.2284 -10.6599
-15.3807 -10.6599
-15.6853 -10.5076
-15.8376 -10.5076
-16.1421 -10.5076
-16.2944 -10.5076
-16.599 -10.3553
-16.7513 -10.3553
-17.0558 -10.3553
-17.2081 -10.3553
-17.5127 -10.203
-17.8173 -10.203
-17.9695 -10.203
-18.2741 -10.0508
-18.4264 -10.0508
-18.731 -9.89848
-18.8832 -9.89848
-19.1878 -9.89848
-19.4924 -9.74619
-19.6447 -9.74619
-19.9492 -9.59391
-20.1015 -9.59391
-20.4061 -9.44162
-20.7107 -9.44162
-20.8629 -9.28934
-21.1675 -9.13706
-21.3198 -9.13706
-21.6244 -8.98477
-21.7766 -8.83249
-22.0812 -8.6802
-22.3858 -8.6802
-22.5381 -8.52792
-22.8426 -8.37563
-22.9949 -8.22335
-23.2995 -8.07107
-23.4518 -7.91878
-23.7563 -7.7665
-23.9086 -7.61421
-24.2132 -7.46193
-24.3655 -7.30964
-24.5178 -7.00508
-24.8223 -6.85279
-24.9746 -6.70051
-25.1269 -6.54822
-25.2792 -6.24365
-25.5838 -6.09137
-25.736 -5.93909
-25.8883 -5.63452
-26.0406 -5.48223
-26.1929 -5.17766
-26.3452 -5.02538
-26.4975 -4.72081
-26.6497 -4.56853
-26.802 -4.26396
-26.9543 -3.95939
-27.1066 -3.80711
-27.1066 -3.50254
-27.2589 -3.19797
-27.4112 -3.04569
-27.5635 -2.74112
-27.5635 -2.43655
-27.7157 -2.13198
-27.7157 -1.9797
-27.868 -1.67513
-27.868 -1.37056
-28.0203 -1.06599
-28.0203 -0.913706
-28.1726 -0.609137
-28.1726 -0.304569
-28.1726 0
-28.1726 0.304569
-28.3249 0.609137
-28.3249 0.761421
-28.3249 1.06599
-28.3249 1.37056
-28.3249 1.67513
-28.3249 1.9797
-28.3249 2.28426
-28.3249 2.58883
-28.3249 2.74112
-28.3249 3.04569
-28.3249 3.35025
-28.3249 3.65482
-28.1726 3.95939
-28.1726 4.26396
-28.1726 4.41624
-28.0203 4.72081
-28.0203 5.02538
-28.0203 5.32995
-27.868 5.63452
-27.868 5.7868
-27.7157 6.09137
-27.7157 6.39594
-27.5635 6.70051
-27.5635 6.85279
-27.4112 7.15736
-27.2589 7.46193
-27.2589 7.61421
-27.1066 7.91878
-26.9543 8.22335
-26.802 8.37563
-26.6497 8.6802
-26.6497 8.98477
-26.4975 9.13706
-26.3452 9.44162
-26.1929 9.59391
-26.0406 9.89848
-25.8883 10.0508
-25.736 10.3553
-25.5838 10.5076
-25.4315 10.8122
-25.1269 10.9645
-24.9746 11.269
-24.8223 11.4213
-24.6701 11.5736
-24.5178 11.8782
-24.3655 12.0305
-24.0609 12.1827
-23.9086 12.335
-23.7563 12.6396
-23.4518 12.7919
-23.2995 12.9442
-23.1472 13.0964
-22.8426 13.2487
-22.6904 13.401
-22.3858 13.5533
-22.2335 13.7056
-21.9289 13.8579
-21.7766 14.0102
-21.4721 14.1624
-21.3198 14.3147
-21.0152 14.3147
-20.7107 14.467
-20.5584 14.6193
-20.2538 14.6193
-20.1015 14.7716
-19.797 14.7716
-19.4924 14.9239
-19.3401 14.9239
-19.0355 15.0761
-18.731 15.0761
-18.4264 15.0761
-18.2741 15.2284
-17.9695 15.2284
-17.665 15.2284
-17.5127 15.2284
-17.2081 15.2284
-16.9036 15.2284
-16.7513 15.2284
-16.4467 15.2284
-16.1421 15.2284
-15.9898 15.2284
-15.6853 15.2284
-15.3807 15.2284
-15.2284 15.0761
-14.9239 15.0761
-14.7716 15.0761
-14.467 15.0761
-14.3147 15.0761
-14.0102 15.0761
-13.7056 14.9239
-13.5533 14.9239
-13.2487 14.9239
-13.0964 14.9239
-12.9442 14.9239
-12.6396 14.7716
-12.4873 14.7716
-12.1827 14.7716
-12.0305 14.7716
-11.7259 14.7716
-11.5736 14.6193
-11.4213 14.6193
-11.1168 14.6193
-10.9645 14.6193
-10.6599 14.467
-10.5076 14.467
-10.203 14.467
-10.0508 14.467
-9.89848 14.467
-9.59391 14.3147
-9.44162 14.3147
-9.13706 14.3147
-8.98477 14.1624
-8.83249 14.1624
-8.52792 14.1624
-8.37563 14.1624
-8.07107 14.0102
-7.91878 14.0102
-7.7665 14.0102
-7.46193 13.8579
-7.30964 13.8579
-7.00508 13.7056
-6.85279 13.7056
-6.70051 13.7056
-6.39594 13.5533
-6.24365 13.5533
-5.93909 13.401
-5.7868 13.401
-5.63452 13.2487
-5.32995 13.2487
-5.17766 13.0964
-4.8731 13.0964
-4.72081 12.9442
-4.41624 12.7919
-4.26396 12.7919
-4.11168 12.6396
-3.80711 12.6396
-3.65482 12.4873
-3.35025 12.335
-3.19797 12.335
-2.8934 12.1827
-2.74112 12.0305
-2.43655 12.0305
-2.28426 11.8782
-1.9797 11.7259
-1.82741 11.5736
-1.52284 11.4213
-1.37056 11.4213
-1.06599 11.269
-0.913706 11.1168
-0.609137 10.9645
-0.456853 10.8122
-0.152284 10.6599
0 10.5076
0.304569 10.3553
0.456853 10.203
0.761421 10.0508
0.913706 9.89848
1.21827 9.59391
1.37056 9.44162
1.67513 9.28934
1.82741 9.13706
1.9797 8.83249
2.28426 8.6802
2.43655 8.52792
2.74112 8.22335
2.8934 8.07107
3.04569 7.7665
3.35025 7.61421
3.50254 7.30964
3.65482 7.15736
3.95939 6.85279
4.11168 6.54822
4.26396 6.39594
4.41624 6.09137
4.72081 5.7868
4.8731 5.48223
5.02538 5.32995
5.17766 5.02538
5.32995 4.72081
5.48223 4.41624
5.63452 4.11168
5.7868 3.80711
5.93909 3.50254
6.09137 3.19797
6.24365 2.8934
6.39594 2.58883
