17.9695 1.82741
17.9695 1.67513
17.9695 1.52284
17.9695 1.21827
17.9695 1.06599
17.9695 0.913706
17.9695 0.761421
17.9695 0.609137
17.9695 0.456853
17.8173 0.152284
17.8173 0
17.8173 -0.152284
17.8173 -0.304569
17.8173 -0.456853
17.665 -0.609137
17.665 -0.913706
17.665 -1.06599
17.5127 -1.21827
17.5127 -1.37056
17.5127 -1.52284
17.3604 -1.67513
17.3604 -1.82741
17.2081 -1.9797
17.2081 -2.13198
17.0558 -2.28426
17.0558 -2.43655
16.9036 -2.74112
16.9036 -2.8934
16.7513 -3.04569
16.599 -3.19797
16.599 -3.35025
16.4467 -3.35025
16.2944 -3.50254
16.2944 -3.65482
16.1421 -3.80711
15.9898 -3.95939
15.9898 -4.11168
15.8376 -4.26396
15.6853 -4.41624
15.533 -4.56853
15.3807 -4.72081
15.3807 -4.72081
15.2284 -4.8731
15.0761 -5.02538
14.9239 -5.17766
14.7716 -5.32995
14.7716 -5.32995
14.6193 -5.48223
14.467 -5.63452
14.3147 -5.7868
14.1624 -5.93909
14.1624 -6.09137
14.0102 -6.09137
13.8579 -6.24365
13.7056 -6.39594
13.5533 -6.54822
13.401 -6.54822
13.2487 -6.70051
13.0964 -6.85279
13.0964 -7.00508
12.9442 -7.15736
12.7919 -7.15736
12.6396 -7.30964
12.4873 -7.46193
12.335 -7.46193
12.1827 -7.61421
12.0305 -7.7665
11.8782 -7.7665
11.7259 -7.91878
11.5736 -8.07107
11.4213 -8.07107
11.269 -8.22335
10.9645 -8.22335
10.8122 -8.37563
10.6599 -8.37563
10.5076 -8.52792
10.3553 -8.52792
10.203 -8.6802
10.0508 -8.6802
9.74619 -8.83249
9.59391 -8.83249
9.44162 -8.83249
9.28934 -8.98477
9.13706 -8.98477
8.83249 -8.98477
8.6802 -8.98477
8.52792 -9.13706
8.37563 -9.13706
8.07107 -9.13706
7.91878 -9.13706
7.7665 -9.13706
7.61421 -9.28934
7.30964 -9.28934
7.15736 -9.28934
7.00508 -9.28934
6.85279 -9.28934
6.54822 -9.28934
6.39594 -9.28934
6.24365 -9.28934
5.93909 -9.28934
5.7868 -9.28934
5.63452 -9.28934
5.32995 -9.28934
5.17766 -9.28934
5.02538 -9.28934
4.72081 -9.28934
4.56853 -9.28934
4.41624 -9.28934
4.11168 -9.28934
3.95939 -9.28934
3.80711 -9.13706
3.50254 -9.13706
3.35025 -9.13706
3.19797 -8.98477
2.8934 -8.98477
2.74112 -8.98477
2.58883 -8.83249
2.43655 -8.6802
2.13198 -8.6802
1.9797 -8.52792
1.82741 -8.52792
1.67513 -8.37563
1.52284 -8.22335
1.21827 -8.07107
1.06599 -8.07107
0.913706 -7.91878
0.761421 -7.7665
0.609137 -7.61421
0.456853 -7.46193
0.304569 -7.30964
0.304569 -7.15736
0.152284 -7.00508
0 -6.85279
-0.152284 -6.70051
-0.304569 -6.54822
-0.456853 -6.39594
-0.456853 -6.24365
-0.609137 -5.93909
-0.761421 -5.7868
-0.913706 -5.63452
-0.913706 -5.48223
-1.06599 -5.32995
-1.21827 -5.17766
-1.37056 -5.02538
-1.37056 -4.8731
-1.52284 -4.72081
-1.67513 -4.56853
-1.82741 -4.41624
-1.82741 -4.26396
-1.9797 -4.11168
-2.13198 -3.80711
-2.28426 -3.65482
-2.28426 -3.50254
-2.43655 -3.35025
-2.58883 -3.19797
-2.58883 -3.04569
-2.74112 -2.8934
-2.8934 -2.74112
-2.8934 -2.43655
-3.04569 -2.28426
-3.04569 -2.13198
-3.04569 -1.9797
-3.19797 -1.67513
-3.19797 -1.52284
-3.19797 -1.37056
-3.35025 -1.21827
-3.35025 -0.913706
-3.35025 -0.761421
-3.35025 -0.609137
-3.35025 -0.304569
-3.35025 -0.152284
-3.19797 0
-3.19797 0.304569
-3.19797 0.456853
-3.04569 0.609137
-3.04569 0.913706
-2.8934 1.06599
-2.8934 1.21827
-2.74112 1.52284
-2.74112 1.67513
-2.58883 1.82741
-2.43655 1.9797
-2.43655 2.13198
-2.28426 2.28426
-2.13198 2.43655
-2.13198 2.74112
-1.9797 2.8934
-1.9797 3.04569
-1.82741 3.19797
-1.67513 3.35025
-1.67513 3.50254
-1.52284 3.65482
-1.52284 3.80711
-1.52284 3.95939
-1.37056 4.11168
-1.37056 4.26396
-1.37056 4.41624
-1.37056 4.56853
-1.21827 4.72081
-1.21827 4.8731
-1.21827 5.02538
-1.21827 5.17766
-1.21827 5.48223
-1.21827 5.63452
-1.06599 5.7868
-1.06599 5.93909
-1.06599 6.09137
-1.06599 6.24365
-1.06599 6.39594
-0.913706 6.70051
-0.913706 6.85279
-0.913706 7.00508
-0.761421 7.15736
-0.761421 7.30964
-0.761421 7.46193
-0.609137 7.61421
-0.456853 7.7665
-0.456853 7.91878
-0.304569 8.07107
-0.304569 8.22335
-0.152284 8.37563
0 8.52792
0.152284 8.6802
0.304569 8.83249
0.304569 8.98477
0.456853 9.13706
0.609137 9.13706
0.761421 9.28934
0.913706 9.44162
1.06599 9.59391
1.21827 9.59391
1.37056 9.74619
1.52284 9.89848
1.67513 9.89848
1.67513 10.0508
1.82741 10.203
1.9797 10.3553
2.13198 10.5076
2.28426 10.5076
2.43655 10.6599
2.58883 10.8122
2.74112 10.9645
2.74112 11.1168
2.8934 11.269
3.04569 11.4213
3.19797 11.5736
3.35025 11.7259
3.50254 11.8782
3.65482 12.0305
3.80711 12.1827
3.95939 12.335
4.11168 12.4873
4.26396 12.7919
4.41624 12.9442
4.56853 13.0964
4.72081 13.2487
4.8731 13.401
5.02538 13.401
5.17766 13.5533
5.48223 13.7056
5.63452 13.8579
5.7868 13.8579
6.09137 14.0102
6.24365 14.1624
6.39594 14.1624
6.70051 14.1624
6.85279 14.1624
7.15736 14.3147
7.30964 14.3147
7.46193 14.3147
7.7665 14.3147
7.91878 14.1624
8.22335 14.1624
8.37563 14.1624
8.6802 14.1624
8.83249 14.0102
8.98477 14.0102
9.28934 13.8579
9.44162 13.8579
9.59391 13.7056
9.89848 13.7056
10.0508 13.5533
10.203 13.401
10.3553 13.401
10.6599 13.2487
10.8122 13.0964
10.9645 13.0964
11.1168 12.9442
11.269 12.7919
11.5736 12.7919
11.7259 12.6396
11.8782 12.6396
12.0305 12.4873
12.1827 12.335
12.335 12.335
12.6396 12.1827
12.7919 12.0305
12.9442 12.0305
13.0964 11.8782
13.2487 11.8782
13.401 11.7259
13.7056 11.5736
13.8579 11.5736
14.0102 11.4213
14.1624 11.269
14.3147 11.269
14.467 11.1168
14.6193 10.9645
14.7716 10.8122
15.0761 10.8122
15.2284 10.6599
15.3807 10.5076
15.533 10.3553
15.6853 10.3553
15.8376 10.203
15.9898 10.0508
16.1421 9.89848
16.2944 9.74619
16.4467 9.59391
16.599 9.44162
16.7513 9.28934
16.7513 9.13706
16.9036 8.98477
17.0558 8.83249
17.2081 8.6802
17.3604 8.52792
17.3604 8.37563
17.5127 8.22335
17.665 7.91878
17.665 7.7665
17.8173 7.61421
17.8173 7.46193
17.9695 7.15736
17.9695 7.00508
18.1218 6.85279
18.1218 6.70051
18.1218 6.39594
18.1218 6.24365
18.2741 6.09137
18.2741 5.7868
18.2741 5.63452
18.2741 5.48223
18.2741 5.17766
18.2741 5.02538
18.2741 4.8731
18.2741 4.56853
18.2741 4.41624
18.1218 4.26396
18.1218 3.95939
18.1218 3.80711
18.1218 3.65482
18.1218 3.50254
18.1218 3.19797
17.9695 3.04569
17.9695 2.8934
17.9695 2.74112
17.9695 2.58883
17.9695 2.28426
17.9695 2.13198
17.9695 1.9797
