18.2741 1.82741
18.2741 1.67513
18.2741 1.52284
18.2741 1.37056
18.2741 1.21827
18.2741 0.913706
18.2741 0.761421
18.1218 0.609137
18.1218 0.456853
18.1218 0.304569
18.1218 0.152284
17.9695 -0.152284
17.9695 -0.304569
17.9695 -0.456853
17.8173 -0.609137
17.8173 -0.761421
17.8173 -0.913706
17.665 -1.06599
17.665 -1.21827
17.5127 -1.37056
17.5127 -1.52284
17.3604 -1.82741
17.3604 -1.9797
17.2081 -2.13198
17.2081 -2.28426
17.0558 -2.43655
16.9036 -2.58883
16.9036 -2.74112
16.7513 -2.8934
16.7513 -2.8934
16.599 -3.04569
16.4467 -3.19797
16.2944 -3.35025
16.2944 -3.50254
16.1421 -3.65482
15.9898 -3.80711
15.9898 -3.95939
15.8376 -4.11168
15.6853 -4.11168
15.533 -4.26396
15.533 -4.41624
15.3807 -4.56853
15.2284 -4.72081
15.0761 -4.8731
14.9239 -4.8731
14.9239 -5.02538
14.7716 -5.17766
14.6193 -5.32995
14.467 -5.48223
14.467 -5.48223
14.3147 -5.63452
14.1624 -5.7868
14.0102 -5.93909
13.8579 -6.09137
13.7056 -6.09137
13.7056 -6.24365
13.5533 -6.39594
13.401 -6.54822
13.2487 -6.70051
13.0964 -6.70051
12.9442 -6.85279
12.7919 -7.00508
12.6396 -7.15736
12.6396 -7.15736
12.4873 -7.30964
12.335 -7.46193
12.1827 -7.61421
12.0305 -7.61421
11.8782 -7.7665
11.7259 -7.91878
11.5736 -7.91878
11.4213 -8.07107
11.1168 -8.07107
10.9645 -8.22335
10.8122 -8.22335
10.6599 -8.37563
10.5076 -8.37563
10.3553 -8.52792
10.203 -8.52792
10.0508 -8.6802
9.74619 -8.6802
9.59391 -8.6802
9.44162 -8.83249
9.28934 -8.83249
9.13706 -8.98477
8.83249 -8.98477
8.6802 -8.98477
8.52792 -8.98477
8.37563 -9.13706
8.07107 -9.13706
7.91878 -9.13706
7.7665 -9.13706
7.61421 -9.13706
7.30964 -9.28934
7.15736 -9.28934
7.00508 -9.28934
6.70051 -9.28934
6.54822 -9.28934
6.39594 -9.28934
6.09137 -9.28934
5.93909 -9.44162
5.7868 -9.44162
5.48223 -9.44162
5.32995 -9.44162
5.17766 -9.44162
4.8731 -9.44162
4.72081 -9.44162
4.56853 -9.28934
4.26396 -9.28934
4.11168 -9.28934
3.80711 -9.28934
3.65482 -9.28934
3.50254 -9.13706
3.19797 -9.13706
3.04569 -9.13706
2.8934 -8.98477
2.58883 -8.98477
2.43655 -8.83249
2.28426 -8.83249
2.13198 -8.6802
1.82741 -8.6802
1.67513 -8.52792
1.52284 -8.37563
1.37056 -8.22335
1.21827 -8.07107
1.06599 -8.07107
0.913706 -7.91878
0.761421 -7.7665
0.609137 -7.61421
0.456853 -7.46193
0.304569 -7.30964
0.152284 -7.15736
0 -7.00508
-0.152284 -6.85279
-0.304569 -6.70051
-0.456853 -6.39594
-0.456853 -6.24365
-0.609137 -6.09137
-0.761421 -5.93909
-0.913706 -5.7868
-1.06599 -5.63452
-1.06599 -5.48223
-1.21827 -5.32995
-1.37056 -5.17766
-1.52284 -4.8731
-1.52284 -4.72081
-1.67513 -4.56853
-1.82741 -4.41624
-1.9797 -4.26396
-1.9797 -4.11168
-2.13198 -3.95939
-2.28426 -3.80711
-2.28426 -3.65482
-2.43655 -3.35025
-2.58883 -3.19797
-2.58883 -3.04569
-2.74112 -2.8934
-2.8934 -2.74112
-2.8934 -2.43655
-3.04569 -2.28426
-3.04569 -2.13198
-3.19797 -1.9797
-3.19797 -1.67513
-3.19797 -1.52284
-3.19797 -1.37056
-3.35025 -1.06599
-3.35025 -0.913706
-3.35025 -0.761421
-3.35025 -0.456853
-3.35025 -0.304569
-3.35025 -0.152284
-3.19797 0.152284
-3.19797 0.304569
-3.19797 0.456853
-3.04569 0.761421
-3.04569 0.913706
-2.8934 1.06599
-2.8934 1.37056
-2.74112 1.52284
-2.74112 1.67513
-2.58883 1.82741
-2.43655 2.13198
-2.43655 2.28426
-2.28426 2.43655
-2.13198 2.58883
-2.13198 2.74112
-1.9797 2.8934
-1.9797 3.04569
-1.82741 3.19797
-1.67513 3.35025
-1.67513 3.50254
-1.52284 3.80711
-1.52284 3.95939
-1.52284 4.11168
-1.37056 4.26396
-1.37056 4.41624
-1.37056 4.56853
-1.21827 4.72081
-1.21827 4.8731
-1.21827 5.02538
-1.21827 5.17766
-1.06599 5.32995
-1.06599 5.48223
-1.06599 5.63452
-1.06599 5.93909
-0.913706 6.09137
-0.913706 6.24365
-0.913706 6.39594
-0.913706 6.54822
-0.761421 6.70051
-0.761421 6.85279
-0.761421 7.00508
-0.609137 7.30964
-0.609137 7.46193
-0.456853 7.61421
-0.456853 7.7665
-0.304569 7.91878
-0.304569 8.07107
-0.152284 8.22335
0 8.37563
0.152284 8.52792
0.152284 8.52792
0.304569 8.6802
0.456853 8.83249
0.609137 8.98477
0.761421 9.13706
0.913706 9.28934
0.913706 9.28934
1.06599 9.44162
1.21827 9.59391
1.37056 9.59391
1.52284 9.74619
1.67513 9.89848
1.82741 10.0508
1.9797 10.0508
2.13198 10.203
2.28426 10.3553
2.43655 10.5076
2.43655 10.5076
2.58883 10.6599
2.74112 10.8122
2.8934 10.9645
3.04569 11.1168
3.19797 11.269
3.35025 11.4213
3.35025 11.5736
3.50254 11.7259
3.65482 11.8782
3.80711 12.0305
3.95939 12.1827
4.11168 12.335
4.26396 12.4873
4.41624 12.6396
4.56853 12.7919
4.72081 12.9442
4.8731 13.0964
5.02538 13.2487
5.32995 13.401
5.48223 13.5533
5.63452 13.7056
5.7868 13.7056
6.09137 13.8579
6.24365 13.8579
6.39594 14.0102
6.70051 14.0102
6.85279 14.1624
7.00508 14.1624
7.30964 14.1624
7.46193 14.1624
7.7665 14.1624
7.91878 14.1624
8.07107 14.1624
8.37563 14.0102
8.52792 14.0102
8.83249 14.0102
8.98477 13.8579
9.13706 13.8579
9.44162 13.7056
9.59391 13.7056
9.74619 13.5533
10.0508 13.5533
10.203 13.401
10.3553 13.2487
10.5076 13.2487
10.6599 13.0964
10.9645 12.9442
11.1168 12.9442
11.269 12.7919
11.4213 12.6396
11.5736 12.6396
11.7259 12.4873
12.0305 12.4873
12.1827 12.335
12.335 12.1827
12.4873 12.1827
12.6396 12.0305
12.7919 12.0305
13.0964 11.8782
13.2487 11.7259
13.401 11.7259
13.5533 11.5736
13.7056 11.5736
13.8579 11.4213
14.0102 11.269
14.3147 11.269
14.467 11.1168
14.6193 10.9645
14.7716 10.9645
14.9239 10.8122
15.0761 10.6599
15.2284 10.6599
15.3807 10.5076
15.533 10.3553
15.6853 10.203
15.8376 10.0508
15.9898 9.89848
16.1421 9.74619
16.2944 9.59391
16.4467 9.59391
16.599 9.44162
16.599 9.28934
16.7513 8.98477
16.9036 8.83249
17.0558 8.6802
17.2081 8.52792
17.2081 8.37563
17.3604 8.22335
17.5127 8.07107
17.5127 7.91878
17.665 7.7665
17.665 7.46193
17.8173 7.30964
17.8173 7.15736
17.9695 7.00508
17.9695 6.85279
17.9695 6.54822
18.1218 6.39594
18.1218 6.24365
18.1218 5.93909
18.1218 5.7868
18.2741 5.63452
18.2741 5.48223
18.2741 5.17766
18.2741 5.02538
18.2741 4.8731
18.2741 4.72081
18.2741 4.41624
18.2741 4.26396
18.2741 4.11168
18.2741 3.95939
18.2741 3.65482
18.2741 3.50254
18.2741 3.35025
18.2741 3.19797
18.2741 2.8934
18.2741 2.74112
18.2741 2.58883
18.2741 2.43655
18.2741 2.28426
18.2741 2.13198
