18.1218 1.82741
18.2741 1.52284
18.2741 1.37056
18.2741 1.21827
18.2741 1.06599
18.2741 0.761421
18.2741 0.609137
18.2741 0.456853
18.2741 0.304569
18.1218 0
18.1218 -0.152284
18.1218 -0.304569
17.9695 -0.456853
17.8173 -0.609137
17.8173 -0.761421
17.665 -0.913706
17.5127 -1.06599
17.5127 -1.21827
17.3604 -1.37056
17.2081 -1.52284
17.0558 -1.67513
17.0558 -1.82741
16.9036 -1.9797
16.7513 -2.13198
16.599 -2.28426
16.599 -2.43655
16.4467 -2.58883
16.2944 -2.74112
16.2944 -2.8934
16.1421 -3.04569
15.9898 -3.19797
15.9898 -3.35025
15.8376 -3.50254
15.6853 -3.50254
15.6853 -3.65482
15.533 -3.80711
15.3807 -3.95939
15.3807 -4.11168
15.2284 -4.26396
15.0761 -4.41624
15.0761 -4.56853
14.9239 -4.72081
14.7716 -4.8731
14.7716 -5.02538
14.6193 -5.02538
14.467 -5.17766
14.467 -5.32995
14.3147 -5.48223
14.1624 -5.63452
14.0102 -5.7868
14.0102 -5.93909
13.8579 -6.09137
13.7056 -6.09137
13.5533 -6.24365
13.401 -6.39594
13.2487 -6.54822
13.2487 -6.70051
13.0964 -6.70051
12.9442 -6.85279
12.7919 -7.00508
12.6396 -7.15736
12.4873 -7.15736
12.335 -7.30964
12.1827 -7.46193
12.0305 -7.61421
11.8782 -7.61421
11.7259 -7.7665
11.5736 -7.91878
11.4213 -7.91878
11.269 -8.07107
11.1168 -8.07107
10.9645 -8.22335
10.8122 -8.37563
10.6599 -8.37563
10.5076 -8.52792
10.203 -8.52792
10.0508 -8.6802
9.89848 -8.6802
9.74619 -8.6802
9.59391 -8.83249
9.44162 -8.83249
9.13706 -8.83249
8.98477 -8.98477
8.83249 -8.98477
8.6802 -8.98477
8.52792 -9.13706
8.22335 -9.13706
8.07107 -9.13706
7.91878 -9.13706
7.7665 -9.28934
7.46193 -9.28934
7.30964 -9.28934
7.15736 -9.28934
7.00508 -9.28934
6.70051 -9.28934
6.54822 -9.44162
6.39594 -9.44162
6.09137 -9.44162
5.93909 -9.44162
5.7868 -9.44162
5.48223 -9.44162
5.32995 -9.44162
5.17766 -9.44162
4.8731 -9.44162
4.72081 -9.44162
4.56853 -9.44162
4.26396 -9.44162
4.11168 -9.28934
3.95939 -9.28934
3.65482 -9.28934
3.50254 -9.28934
3.35025 -9.13706
3.04569 -9.13706
2.8934 -9.13706
2.74112 -8.98477
2.58883 -8.98477
2.28426 -8.83249
2.13198 -8.83249
1.9797 -8.6802
1.82741 -8.6802
1.52284 -8.52792
1.37056 -8.37563
1.21827 -8.37563
1.06599 -8.22335
0.913706 -8.07107
0.761421 -7.91878
0.609137 -7.7665
0.456853 -7.61421
0.304569 -7.46193
0.152284 -7.30964
0 -7.15736
-0.152284 -7.00508
-0.304569 -6.85279
-0.456853 -6.70051
-0.456853 -6.54822
-0.609137 -6.39594
-0.761421 -6.24365
-0.913706 -6.09137
-1.06599 -5.93909
-1.06599 -5.7868
-1.21827 -5.63452
-1.37056 -5.48223
-1.37056 -5.17766
-1.52284 -5.02538
-1.67513 -4.8731
-1.82741 -4.72081
-1.82741 -4.56853
-1.9797 -4.41624
-2.13198 -4.26396
-2.13198 -4.11168
-2.28426 -3.95939
-2.43655 -3.65482
-2.43655 -3.50254
-2.58883 -3.35025
-2.58883 -3.19797
-2.74112 -3.04569
-2.74112 -2.8934
-2.8934 -2.58883
-2.8934 -2.43655
-3.04569 -2.28426
-3.04569 -2.13198
-3.19797 -1.9797
-3.19797 -1.67513
-3.19797 -1.52284
-3.19797 -1.37056
-3.35025 -1.06599
-3.35025 -0.913706
-3.35025 -0.761421
-3.35025 -0.609137
-3.35025 -0.304569
-3.19797 -0.152284
-3.19797 0
-3.19797 0.304569
-3.19797 0.456853
-3.04569 0.609137
-3.04569 0.761421
-3.04569 1.06599
-2.8934 1.21827
-2.8934 1.37056
-2.74112 1.52284
-2.74112 1.82741
-2.58883 1.9797
-2.58883 2.13198
-2.43655 2.28426
-2.43655 2.43655
-2.28426 2.58883
-2.13198 2.74112
-2.13198 2.8934
-1.9797 3.04569
-1.9797 3.19797
-1.82741 3.35025
-1.82741 3.50254
-1.82741 3.80711
-1.67513 3.95939
-1.67513 4.11168
-1.67513 4.26396
-1.52284 4.41624
-1.52284 4.56853
-1.52284 4.72081
-1.37056 4.8731
-1.37056 5.02538
-1.37056 5.17766
-1.37056 5.32995
-1.21827 5.48223
-1.21827 5.63452
-1.21827 5.7868
-1.21827 5.93909
-1.06599 6.09137
-1.06599 6.39594
-1.06599 6.54822
-0.913706 6.70051
-0.913706 6.85279
-0.913706 7.00508
-0.761421 7.15736
-0.761421 7.30964
-0.609137 7.46193
-0.609137 7.61421
-0.456853 7.7665
-0.304569 7.91878
-0.304569 8.07107
-0.152284 8.22335
0 8.37563
0 8.52792
0.152284 8.52792
0.304569 8.6802
0.456853 8.83249
0.609137 8.98477
0.609137 9.13706
0.761421 9.13706
0.913706 9.28934
1.06599 9.44162
1.21827 9.59391
1.37056 9.74619
1.52284 9.74619
1.52284 9.89848
1.67513 10.0508
1.82741 10.203
1.9797 10.3553
2.13198 10.5076
2.28426 10.5076
2.28426 10.6599
2.43655 10.8122
2.58883 10.9645
2.74112 11.1168
2.8934 11.269
3.04569 11.5736
3.04569 11.7259
3.19797 11.8782
3.35025 12.0305
3.50254 12.1827
3.65482 12.335
3.80711 12.4873
3.95939 12.6396
4.11168 12.7919
4.26396 12.9442
4.41624 13.0964
4.72081 13.2487
4.8731 13.401
5.02538 13.5533
5.17766 13.5533
5.48223 13.7056
5.63452 13.8579
5.7868 13.8579
6.09137 13.8579
6.24365 14.0102
6.39594 14.0102
6.70051 14.0102
6.85279 14.0102
7.15736 14.0102
7.30964 14.0102
7.46193 14.0102
7.7665 14.0102
7.91878 13.8579
8.22335 13.8579
8.37563 13.8579
8.52792 13.7056
8.83249 13.7056
8.98477 13.5533
9.13706 13.5533
9.28934 13.401
9.59391 13.2487
9.74619 13.2487
9.89848 13.0964
10.0508 12.9442
10.3553 12.9442
10.5076 12.7919
10.6599 12.6396
10.8122 12.6396
10.9645 12.4873
11.269 12.4873
11.4213 12.335
11.5736 12.335
11.7259 12.1827
11.8782 12.0305
12.0305 12.0305
12.335 11.8782
12.4873 11.8782
12.6396 11.7259
12.7919 11.7259
12.9442 11.5736
13.2487 11.5736
13.401 11.4213
13.5533 11.4213
13.7056 11.269
13.8579 11.269
14.0102 11.1168
14.3147 10.9645
14.467 10.9645
14.6193 10.8122
14.7716 10.6599
14.9239 10.5076
15.0761 10.5076
15.2284 10.3553
15.3807 10.203
15.533 10.0508
15.6853 9.89848
15.8376 9.74619
15.9898 9.59391
15.9898 9.44162
16.1421 9.28934
16.2944 9.13706
16.4467 8.98477
16.4467 8.83249
16.599 8.6802
16.7513 8.37563
16.9036 8.22335
16.9036 8.07107
17.0558 7.91878
17.0558 7.7665
17.2081 7.61421
17.2081 7.46193
17.3604 7.15736
17.3604 7.00508
17.5127 6.85279
17.5127 6.70051
17.665 6.54822
17.665 6.24365
17.8173 6.09137
17.8173 5.93909
17.9695 5.7868
17.9695 5.63452
17.9695 5.32995
18.1218 5.17766
18.1218 5.02538
18.2741 4.8731
18.2741 4.56853
18.2741 4.41624
18.2741 4.26396
18.4264 4.11168
18.4264 3.80711
18.4264 3.65482
18.4264 3.50254
18.4264 3.35025
18.4264 3.04569
18.4264 2.8934
18.4264 2.74112
18.4264 2.58883
18.4264 2.28426
18.4264 2.13198
18.2741 1.9797
