18.2741 1.82741
18.2741 1.52284
18.2741 1.37056
18.2741 1.21827
18.2741 1.06599
18.2741 0.761421
18.1218 0.609137
18.1218 0.456853
18.1218 0.304569
17.9695 0.152284
17.9695 -0.152284
17.8173 -0.304569
17.8173 -0.456853
17.665 -0.609137
17.665 -0.761421
17.5127 -0.913706
17.3604 -1.06599
17.3604 -1.21827
17.2081 -1.37056
17.0558 -1.52284
17.0558 -1.67513
16.9036 -1.82741
16.7513 -1.9797
16.599 -2.13198
16.599 -2.28426
16.4467 -2.43655
16.2944 -2.58883
16.2944 -2.74112
16.1421 -2.8934
15.9898 -3.04569
15.9898 -3.19797
15.8376 -3.35025
15.6853 -3.35025
15.6853 -3.50254
15.533 -3.65482
15.3807 -3.80711
15.3807 -3.95939
15.2284 -4.11168
15.0761 -4.26396
15.0761 -4.41624
14.9239 -4.56853
14.7716 -4.72081
14.7716 -4.72081
14.6193 -4.8731
14.467 -5.02538
14.3147 -5.17766
14.3147 -5.32995
14.1624 -5.48223
14.0102 -5.63452
13.8579 -5.7868
13.8579 -5.7868
13.7056 -5.93909
13.5533 -6.09137
13.401 -6.24365
13.401 -6.39594
13.2487 -6.54822
13.0964 -6.70051
12.9442 -6.70051
12.7919 -6.85279
12.6396 -7.00508
12.4873 -7.15736
12.335 -7.30964
12.335 -7.30964
12.1827 -7.46193
12.0305 -7.61421
11.8782 -7.61421
11.7259 -7.7665
11.5736 -7.91878
11.4213 -7.91878
11.269 -8.07107
10.9645 -8.22335
10.8122 -8.22335
10.6599 -8.37563
10.5076 -8.37563
10.3553 -8.52792
10.203 -8.52792
10.0508 -8.6802
9.89848 -8.6802
9.59391 -8.83249
9.44162 -8.83249
9.28934 -8.83249
9.13706 -8.98477
8.98477 -8.98477
8.6802 -8.98477
8.52792 -9.13706
8.37563 -9.13706
8.22335 -9.13706
7.91878 -9.13706
7.7665 -9.13706
7.61421 -9.28934
7.46193 -9.28934
7.15736 -9.28934
7.00508 -9.28934
6.85279 -9.28934
6.70051 -9.28934
6.39594 -9.28934
6.24365 -9.44162
6.09137 -9.44162
5.7868 -9.44162
5.63452 -9.44162
5.48223 -9.44162
5.17766 -9.44162
5.02538 -9.44162
4.8731 -9.44162
4.56853 -9.44162
4.41624 -9.44162
4.26396 -9.44162
3.95939 -9.44162
3.80711 -9.28934
3.65482 -9.28934
3.35025 -9.28934
3.19797 -9.28934
2.8934 -9.28934
2.74112 -9.13706
2.58883 -9.13706
2.43655 -8.98477
2.13198 -8.98477
1.9797 -8.83249
1.82741 -8.83249
1.52284 -8.6802
1.37056 -8.6802
1.21827 -8.52792
1.06599 -8.37563
0.913706 -8.22335
0.761421 -8.07107
0.609137 -8.07107
0.456853 -7.91878
0.304569 -7.7665
0.152284 -7.61421
0 -7.46193
-0.152284 -7.30964
-0.304569 -7.15736
-0.456853 -7.00508
-0.609137 -6.70051
-0.609137 -6.54822
-0.761421 -6.39594
-0.913706 -6.24365
-1.06599 -6.09137
-1.06599 -5.93909
-1.21827 -5.7868
-1.37056 -5.63452
-1.52284 -5.32995
-1.52284 -5.17766
-1.67513 -5.02538
-1.82741 -4.8731
-1.82741 -4.72081
-1.9797 -4.56853
-2.13198 -4.41624
-2.13198 -4.26396
-2.28426 -3.95939
-2.28426 -3.80711
-2.43655 -3.65482
-2.58883 -3.50254
-2.58883 -3.35025
-2.74112 -3.19797
-2.74112 -3.04569
-2.8934 -2.74112
-2.8934 -2.58883
-3.04569 -2.43655
-3.04569 -2.28426
-3.19797 -2.13198
-3.19797 -1.82741
-3.19797 -1.67513
-3.35025 -1.52284
-3.35025 -1.37056
-3.35025 -1.06599
-3.35025 -0.913706
-3.35025 -0.761421
-3.35025 -0.456853
-3.35025 -0.304569
-3.35025 -0.152284
-3.35025 0.152284
-3.19797 0.304569
-3.19797 0.456853
-3.19797 0.609137
-3.04569 0.913706
-3.04569 1.06599
-2.8934 1.21827
-2.8934 1.37056
-2.74112 1.52284
-2.74112 1.82741
-2.58883 1.9797
-2.58883 2.13198
-2.43655 2.28426
-2.43655 2.43655
-2.28426 2.58883
-2.28426 2.74112
-2.13198 2.8934
-2.13198 3.04569
-1.9797 3.19797
-1.9797 3.35025
-1.82741 3.50254
-1.82741 3.65482
-1.67513 3.80711
-1.67513 4.11168
-1.67513 4.26396
-1.52284 4.41624
-1.52284 4.56853
-1.52284 4.72081
-1.37056 4.8731
-1.37056 5.02538
-1.37056 5.17766
-1.37056 5.32995
-1.21827 5.48223
-1.21827 5.63452
-1.21827 5.7868
-1.21827 5.93909
-1.06599 6.09137
-1.06599 6.24365
-1.06599 6.39594
-1.06599 6.70051
-0.913706 6.85279
-0.913706 7.00508
-0.761421 7.15736
-0.761421 7.30964
-0.761421 7.46193
-0.609137 7.61421
-0.609137 7.7665
-0.456853 7.91878
-0.304569 8.07107
-0.304569 8.22335
-0.152284 8.37563
0 8.52792
0 8.6802
0.152284 8.83249
0.304569 8.98477
0.304569 9.13706
0.456853 9.13706
0.609137 9.28934
0.761421 9.44162
0.913706 9.59391
0.913706 9.74619
1.06599 9.89848
1.21827 10.0508
1.37056 10.0508
1.52284 10.203
1.67513 10.3553
1.67513 10.5076
1.82741 10.6599
1.9797 10.8122
2.13198 10.9645
2.28426 11.1168
2.43655 11.269
2.58883 11.4213
2.58883 11.5736
2.74112 11.7259
2.8934 11.8782
3.04569 11.8782
3.19797 12.0305
3.35025 12.1827
3.50254 12.335
3.65482 12.4873
3.80711 12.6396
4.11168 12.7919
4.26396 12.9442
4.41624 13.0964
4.56853 13.0964
4.72081 13.2487
4.8731 13.401
5.17766 13.5533
5.32995 13.5533
5.48223 13.7056
5.7868 13.7056
5.93909 13.7056
6.09137 13.8579
6.39594 13.8579
6.54822 13.8579
6.70051 13.8579
7.00508 13.8579
7.15736 13.8579
7.46193 13.8579
7.61421 13.8579
7.7665 13.8579
8.07107 13.7056
8.22335 13.7056
8.37563 13.5533
8.6802 13.5533
8.83249 13.5533
8.98477 13.401
9.28934 13.401
9.44162 13.2487
9.59391 13.2487
9.74619 13.0964
10.0508 12.9442
10.203 12.9442
10.3553 12.7919
10.5076 12.7919
10.6599 12.6396
10.9645 12.4873
11.1168 12.4873
11.269 12.335
11.4213 12.335
11.5736 12.1827
11.7259 12.0305
12.0305 12.0305
12.1827 11.8782
12.335 11.8782
12.4873 11.7259
12.6396 11.5736
12.7919 11.5736
12.9442 11.4213
13.0964 11.4213
13.401 11.269
13.5533 11.1168
13.7056 11.1168
13.8579 10.9645
14.0102 10.8122
14.1624 10.8122
14.3147 10.6599
14.467 10.5076
14.6193 10.3553
14.7716 10.3553
14.9239 10.203
15.0761 10.0508
15.2284 9.89848
15.3807 9.74619
15.533 9.59391
15.6853 9.44162
15.8376 9.44162
15.9898 9.28934
16.1421 9.13706
16.2944 8.98477
16.2944 8.83249
16.4467 8.6802
16.599 8.37563
16.7513 8.22335
16.7513 8.07107
16.9036 7.91878
17.0558 7.7665
17.0558 7.61421
17.2081 7.46193
17.3604 7.30964
17.3604 7.00508
17.5127 6.85279
17.5127 6.70051
17.665 6.54822
17.665 6.39594
17.665 6.09137
17.8173 5.93909
17.8173 5.7868
17.8173 5.63452
17.9695 5.32995
17.9695 5.17766
17.9695 5.02538
17.9695 4.8731
17.9695 4.56853
18.1218 4.41624
18.1218 4.26396
18.1218 4.11168
18.1218 3.80711
18.1218 3.65482
18.1218 3.50254
18.1218 3.35025
18.1218 3.04569
18.2741 2.8934
18.2741 2.74112
18.2741 2.58883
18.2741 2.28426
18.2741 2.13198
18.2741 1.9797
