17.9695 1.67513
17.9695 1.37056
17.9695 1.21827
17.9695 1.06599
17.9695 0.913706
17.9695 0.609137
17.9695 0.456853
17.9695 0.304569
17.8173 0.152284
17.8173 0
17.8173 -0.304569
17.665 -0.456853
17.665 -0.609137
17.5127 -0.761421
17.5127 -0.913706
17.3604 -1.06599
17.3604 -1.21827
17.2081 -1.37056
17.2081 -1.52284
17.0558 -1.67513
16.9036 -1.82741
16.9036 -1.9797
16.7513 -2.13198
16.599 -2.28426
16.4467 -2.43655
16.4467 -2.58883
16.2944 -2.74112
16.1421 -2.8934
16.1421 -3.04569
15.9898 -3.19797
15.8376 -3.35025
15.8376 -3.35025
15.6853 -3.50254
15.533 -3.65482
15.3807 -3.80711
15.3807 -3.95939
15.2284 -4.11168
15.0761 -4.26396
15.0761 -4.26396
14.9239 -4.41624
14.7716 -4.56853
14.6193 -4.72081
14.6193 -4.8731
14.467 -5.02538
14.3147 -5.02538
14.1624 -5.17766
14.1624 -5.32995
14.0102 -5.48223
13.8579 -5.63452
13.8579 -5.7868
13.7056 -5.7868
13.5533 -5.93909
13.401 -6.09137
13.2487 -6.24365
13.2487 -6.39594
13.0964 -6.54822
12.9442 -6.54822
12.7919 -6.70051
12.6396 -6.85279
12.4873 -7.00508
12.4873 -7.15736
12.335 -7.15736
12.1827 -7.30964
12.0305 -7.46193
11.8782 -7.61421
11.7259 -7.61421
11.5736 -7.7665
11.4213 -7.91878
11.269 -7.91878
11.1168 -8.07107
10.9645 -8.22335
10.8122 -8.22335
10.6599 -8.37563
10.5076 -8.52792
10.3553 -8.52792
10.203 -8.6802
10.0508 -8.6802
9.74619 -8.83249
9.59391 -8.83249
9.44162 -8.98477
9.28934 -8.98477
9.13706 -8.98477
8.98477 -9.13706
8.6802 -9.13706
8.52792 -9.13706
8.37563 -9.28934
8.22335 -9.28934
7.91878 -9.28934
7.7665 -9.44162
7.61421 -9.44162
7.46193 -9.44162
7.15736 -9.44162
7.00508 -9.44162
6.85279 -9.59391
6.70051 -9.59391
6.39594 -9.59391
6.24365 -9.59391
6.09137 -9.59391
5.7868 -9.59391
5.63452 -9.59391
5.48223 -9.59391
5.17766 -9.59391
5.02538 -9.59391
4.8731 -9.59391
4.56853 -9.59391
4.41624 -9.59391
4.26396 -9.59391
3.95939 -9.59391
3.80711 -9.59391
3.65482 -9.44162
3.35025 -9.44162
3.19797 -9.44162
3.04569 -9.44162
2.74112 -9.28934
2.58883 -9.28934
2.43655 -9.13706
2.13198 -9.13706
1.9797 -8.98477
1.82741 -8.98477
1.67513 -8.83249
1.37056 -8.83249
1.21827 -8.6802
1.06599 -8.52792
0.913706 -8.52792
0.761421 -8.37563
0.456853 -8.22335
0.304569 -8.07107
0.152284 -7.91878
0 -7.7665
-0.152284 -7.7665
-0.304569 -7.61421
-0.456853 -7.46193
-0.609137 -7.30964
-0.761421 -7.15736
-0.761421 -7.00508
-0.913706 -6.85279
-1.06599 -6.54822
-1.21827 -6.39594
-1.37056 -6.24365
-1.52284 -6.09137
-1.52284 -5.93909
-1.67513 -5.7868
-1.82741 -5.63452
-1.82741 -5.48223
-1.9797 -5.17766
-2.13198 -5.02538
-2.13198 -4.8731
-2.28426 -4.72081
-2.28426 -4.56853
-2.43655 -4.26396
-2.43655 -4.11168
-2.58883 -3.95939
-2.58883 -3.80711
-2.74112 -3.50254
-2.74112 -3.35025
-2.8934 -3.19797
-2.8934 -3.04569
-2.8934 -2.74112
-3.04569 -2.58883
-3.04569 -2.43655
-3.04569 -2.28426
-3.19797 -1.9797
-3.19797 -1.82741
-3.19797 -1.67513
-3.19797 -1.37056
-3.19797 -1.21827
-3.19797 -1.06599
-3.19797 -0.913706
-3.19797 -0.609137
-3.19797 -0.456853
-3.19797 -0.304569
-3.19797 -0.152284
-3.19797 0.152284
-3.19797 0.304569
-3.19797 0.456853
-3.19797 0.609137
-3.19797 0.913706
-3.19797 1.06599
-3.04569 1.21827
-3.04569 1.37056
-3.04569 1.67513
-3.04569 1.82741
-2.8934 1.9797
-2.8934 2.13198
-2.8934 2.28426
-2.74112 2.43655
-2.74112 2.74112
-2.58883 2.8934
-2.58883 3.04569
-2.58883 3.19797
-2.43655 3.35025
-2.43655 3.50254
-2.28426 3.65482
-2.28426 3.80711
-2.13198 3.95939
-2.13198 4.11168
-1.9797 4.26396
-1.9797 4.41624
-1.82741 4.56853
-1.82741 4.72081
-1.67513 4.8731
-1.67513 5.02538
-1.52284 5.17766
-1.52284 5.32995
-1.37056 5.48223
-1.37056 5.63452
-1.21827 5.7868
-1.06599 5.93909
-1.06599 6.09137
-0.913706 6.24365
-0.913706 6.39594
-0.761421 6.54822
-0.761421 6.70051
-0.609137 6.85279
-0.609137 7.00508
-0.456853 7.15736
-0.304569 7.30964
-0.304569 7.46193
-0.152284 7.61421
-0.152284 7.7665
0 7.7665
0 7.91878
0.152284 8.07107
0.304569 8.22335
0.304569 8.37563
0.456853 8.52792
0.456853 8.6802
0.609137 8.83249
0.761421 8.98477
0.761421 9.13706
0.913706 9.28934
1.06599 9.44162
1.06599 9.59391
1.21827 9.74619
1.37056 9.89848
1.37056 10.203
1.52284 10.3553
1.67513 10.5076
1.82741 10.6599
1.9797 10.8122
1.9797 10.9645
2.13198 11.1168
2.28426 11.269
2.43655 11.4213
2.58883 11.5736
2.74112 11.7259
2.8934 11.7259
3.04569 11.8782
3.19797 12.0305
3.35025 12.1827
3.50254 12.335
3.65482 12.4873
3.80711 12.6396
3.95939 12.7919
4.26396 12.7919
4.41624 12.9442
4.56853 13.0964
4.72081 13.0964
4.8731 13.2487
5.17766 13.2487
5.32995 13.401
5.48223 13.401
5.7868 13.5533
5.93909 13.5533
6.09137 13.5533
6.39594 13.5533
6.54822 13.5533
6.85279 13.7056
7.00508 13.7056
7.15736 13.5533
7.46193 13.5533
7.61421 13.5533
7.7665 13.5533
8.07107 13.5533
8.22335 13.401
8.37563 13.401
8.6802 13.401
8.83249 13.2487
8.98477 13.2487
9.28934 13.0964
9.44162 13.0964
9.59391 12.9442
9.89848 12.9442
10.0508 12.7919
10.203 12.7919
10.3553 12.6396
10.5076 12.6396
10.8122 12.4873
10.9645 12.335
11.1168 12.335
11.269 12.1827
11.4213 12.0305
11.5736 12.0305
11.7259 11.8782
12.0305 11.7259
12.1827 11.7259
12.335 11.5736
12.4873 11.4213
12.6396 11.4213
12.7919 11.269
12.9442 11.1168
13.0964 11.1168
13.2487 10.9645
13.401 10.8122
13.5533 10.6599
13.7056 10.6599
13.8579 10.5076
14.0102 10.3553
14.1624 10.203
14.3147 10.203
14.467 10.0508
14.6193 9.89848
14.7716 9.74619
14.9239 9.59391
15.0761 9.44162
15.2284 9.28934
15.2284 9.13706
15.3807 9.13706
15.533 8.98477
15.6853 8.83249
15.8376 8.6802
15.9898 8.52792
15.9898 8.37563
16.1421 8.22335
16.2944 8.07107
16.4467 7.91878
16.4467 7.7665
16.599 7.61421
16.7513 7.46193
16.7513 7.30964
16.9036 7.00508
17.0558 6.85279
17.0558 6.70051
17.2081 6.54822
17.2081 6.39594
17.3604 6.24365
17.3604 6.09137
17.5127 5.93909
17.5127 5.63452
17.665 5.48223
17.665 5.32995
17.665 5.17766
17.8173 5.02538
17.8173 4.72081
17.8173 4.56853
17.8173 4.41624
17.9695 4.26396
17.9695 3.95939
17.9695 3.80711
17.9695 3.65482
17.9695 3.50254
17.9695 3.35025
18.1218 3.04569
18.1218 2.8934
18.1218 2.74112
18.1218 2.58883
18.1218 2.28426
17.9695 2.13198
17.9695 1.9797
17.9695 1.82741
