17.9695 1.37056
17.9695 1.21827
17.9695 1.06599
17.9695 0.761421
17.9695 0.609137
17.9695 0.456853
17.8173 0.304569
17.8173 0
17.8173 -0.152284
17.665 -0.304569
17.665 -0.456853
17.5127 -0.609137
17.5127 -0.761421
17.3604 -0.913706
17.2081 -1.21827
17.2081 -1.37056
17.0558 -1.52284
16.9036 -1.67513
16.9036 -1.82741
16.7513 -1.9797
16.599 -2.13198
16.4467 -2.28426
16.4467 -2.43655
16.2944 -2.58883
16.1421 -2.58883
16.1421 -2.74112
15.9898 -2.8934
15.8376 -3.04569
15.8376 -3.19797
15.6853 -3.35025
15.533 -3.50254
15.533 -3.65482
15.3807 -3.80711
15.2284 -3.95939
15.2284 -4.11168
15.0761 -4.11168
14.9239 -4.26396
14.9239 -4.41624
14.7716 -4.56853
14.6193 -4.72081
14.6193 -4.8731
14.467 -5.02538
14.3147 -5.17766
14.3147 -5.32995
14.1624 -5.32995
14.0102 -5.48223
13.8579 -5.63452
13.8579 -5.7868
13.7056 -5.93909
13.5533 -6.09137
13.401 -6.24365
13.401 -6.24365
13.2487 -6.39594
13.0964 -6.54822
12.9442 -6.70051
12.7919 -6.85279
12.7919 -7.00508
12.6396 -7.00508
12.4873 -7.15736
12.335 -7.30964
12.1827 -7.46193
12.0305 -7.46193
11.8782 -7.61421
11.7259 -7.7665
11.5736 -7.7665
11.4213 -7.91878
11.269 -8.07107
11.1168 -8.07107
10.9645 -8.22335
10.8122 -8.37563
10.6599 -8.37563
10.5076 -8.52792
10.3553 -8.52792
10.203 -8.6802
10.0508 -8.83249
9.89848 -8.83249
9.74619 -8.98477
9.44162 -8.98477
9.28934 -8.98477
9.13706 -9.13706
8.98477 -9.13706
8.83249 -9.28934
8.6802 -9.28934
8.37563 -9.28934
8.22335 -9.44162
8.07107 -9.44162
7.91878 -9.44162
7.7665 -9.59391
7.46193 -9.59391
7.30964 -9.59391
7.15736 -9.59391
7.00508 -9.59391
6.70051 -9.59391
6.54822 -9.74619
6.39594 -9.74619
6.09137 -9.74619
5.93909 -9.74619
5.7868 -9.74619
5.63452 -9.74619
5.32995 -9.74619
5.17766 -9.74619
5.02538 -9.74619
4.72081 -9.74619
4.56853 -9.74619
4.41624 -9.74619
4.11168 -9.59391
3.95939 -9.59391
3.80711 -9.59391
3.50254 -9.59391
3.35025 -9.59391
3.19797 -9.44162
3.04569 -9.44162
2.74112 -9.44162
2.58883 -9.28934
2.43655 -9.28934
2.13198 -9.13706
1.9797 -9.13706
1.82741 -8.98477
1.67513 -8.98477
1.37056 -8.83249
1.21827 -8.83249
1.06599 -8.6802
0.913706 -8.52792
0.761421 -8.52792
0.609137 -8.37563
0.456853 -8.22335
0.152284 -8.07107
0 -7.91878
-0.152284 -7.91878
-0.304569 -7.7665
-0.456853 -7.61421
-0.609137 -7.46193
-0.761421 -7.30964
-0.761421 -7.15736
-0.913706 -7.00508
-1.06599 -6.85279
-1.21827 -6.70051
-1.37056 -6.54822
-1.52284 -6.39594
-1.52284 -6.24365
-1.67513 -6.09137
-1.82741 -5.93909
-1.9797 -5.63452
-1.9797 -5.48223
-2.13198 -5.32995
-2.28426 -5.17766
-2.28426 -5.02538
-2.43655 -4.8731
-2.43655 -4.56853
-2.58883 -4.41624
-2.58883 -4.26396
-2.74112 -4.11168
-2.74112 -3.95939
-2.8934 -3.65482
-2.8934 -3.50254
-2.8934 -3.35025
-3.04569 -3.19797
-3.04569 -2.8934
-3.04569 -2.74112
-3.19797 -2.58883
-3.19797 -2.43655
-3.19797 -2.13198
-3.19797 -1.9797
-3.19797 -1.82741
-3.19797 -1.67513
-3.35025 -1.37056
-3.35025 -1.21827
-3.35025 -1.06599
-3.35025 -0.913706
-3.35025 -0.609137
-3.35025 -0.456853
-3.35025 -0.304569
-3.35025 -0.152284
-3.35025 0.152284
-3.35025 0.304569
-3.19797 0.456853
-3.19797 0.609137
-3.19797 0.761421
-3.19797 1.06599
-3.19797 1.21827
-3.19797 1.37056
-3.04569 1.52284
-3.04569 1.67513
-3.04569 1.9797
-2.8934 2.13198
-2.8934 2.28426
-2.8934 2.43655
-2.74112 2.58883
-2.74112 2.74112
-2.74112 2.8934
-2.58883 3.04569
-2.58883 3.19797
-2.43655 3.35025
-2.43655 3.65482
-2.28426 3.80711
-2.28426 3.95939
-2.13198 4.11168
-2.13198 4.26396
-1.9797 4.41624
-1.9797 4.56853
-1.82741 4.56853
-1.82741 4.72081
-1.67513 4.8731
-1.52284 5.02538
-1.52284 5.17766
-1.37056 5.32995
-1.37056 5.48223
-1.21827 5.63452
-1.06599 5.7868
-1.06599 5.93909
-0.913706 6.09137
-0.913706 6.24365
-0.761421 6.24365
-0.761421 6.39594
-0.609137 6.54822
-0.456853 6.70051
-0.456853 6.85279
-0.304569 7.00508
-0.304569 7.15736
-0.152284 7.30964
-0.152284 7.46193
0 7.61421
0.152284 7.7665
0.152284 7.91878
0.304569 8.07107
0.304569 8.22335
0.456853 8.37563
0.456853 8.52792
0.609137 8.6802
0.761421 8.83249
0.761421 8.98477
0.913706 9.13706
0.913706 9.28934
1.06599 9.44162
1.21827 9.59391
1.21827 9.74619
1.37056 9.89848
1.52284 10.0508
1.67513 10.203
1.67513 10.3553
1.82741 10.5076
1.9797 10.6599
2.13198 10.8122
2.28426 10.9645
2.28426 11.1168
2.43655 11.269
2.58883 11.4213
2.74112 11.5736
2.8934 11.7259
3.04569 11.8782
3.19797 12.0305
3.35025 12.1827
3.50254 12.335
3.65482 12.4873
3.95939 12.6396
4.11168 12.7919
4.26396 12.7919
4.41624 12.9442
4.56853 13.0964
4.8731 13.0964
5.02538 13.2487
5.17766 13.2487
5.48223 13.401
5.63452 13.401
5.7868 13.401
6.09137 13.5533
6.24365 13.5533
6.54822 13.5533
6.70051 13.5533
6.85279 13.5533
7.15736 13.5533
7.30964 13.5533
7.61421 13.5533
7.7665 13.401
7.91878 13.401
8.22335 13.401
8.37563 13.2487
8.52792 13.2487
8.83249 13.0964
8.98477 13.0964
9.13706 12.9442
9.44162 12.9442
9.59391 12.7919
9.74619 12.7919
9.89848 12.6396
10.0508 12.4873
10.3553 12.4873
10.5076 12.335
10.6599 12.1827
10.8122 12.1827
10.9645 12.0305
11.1168 11.8782
11.269 11.7259
11.4213 11.7259
11.7259 11.5736
11.8782 11.4213
12.0305 11.269
12.1827 11.269
12.335 11.1168
12.4873 10.9645
12.6396 10.8122
12.7919 10.8122
12.9442 10.6599
13.0964 10.5076
13.2487 10.3553
13.401 10.203
13.5533 10.203
13.7056 10.0508
13.8579 9.89848
13.8579 9.74619
14.0102 9.59391
14.1624 9.59391
14.3147 9.44162
14.467 9.28934
14.6193 9.13706
14.7716 8.98477
14.9239 8.98477
15.0761 8.83249
15.2284 8.6802
15.3807 8.52792
15.533 8.37563
15.6853 8.22335
15.6853 8.07107
15.8376 7.91878
15.9898 7.7665
16.1421 7.7665
16.2944 7.61421
16.4467 7.46193
16.4467 7.30964
16.599 7.00508
16.7513 6.85279
16.7513 6.70051
16.9036 6.54822
17.0558 6.39594
17.0558 6.24365
17.2081 6.09137
17.2081 5.93909
17.3604 5.7868
17.3604 5.48223
17.5127 5.32995
17.5127 5.17766
17.5127 5.02538
17.665 4.72081
17.665 4.56853
17.665 4.41624
17.665 4.26396
17.665 3.95939
17.8173 3.80711
17.8173 3.65482
17.8173 3.50254
17.8173 3.19797
17.8173 3.04569
17.8173 2.8934
17.8173 2.74112
17.8173 2.43655
17.8173 2.28426
17.8173 2.13198
17.9695 1.9797
17.9695 1.82741
17.9695 1.52284
