17.8173 1.21827
17.8173 1.06599
17.8173 0.913706
17.8173 0.609137
17.8173 0.456853
17.665 0.304569
17.665 0.152284
17.665 -0.152284
17.665 -0.304569
17.5127 -0.456853
17.5127 -0.609137
17.3604 -0.761421
17.3604 -0.913706
17.2081 -1.06599
17.2081 -1.37056
17.0558 -1.52284
16.9036 -1.67513
16.9036 -1.82741
16.7513 -1.9797
16.7513 -2.13198
16.599 -2.28426
16.4467 -2.43655
16.2944 -2.58883
16.2944 -2.74112
16.1421 -2.8934
15.9898 -2.8934
15.9898 -3.04569
15.8376 -3.19797
15.6853 -3.35025
15.6853 -3.50254
15.533 -3.65482
15.3807 -3.80711
15.3807 -3.95939
15.2284 -4.11168
15.0761 -4.11168
14.9239 -4.26396
14.9239 -4.41624
14.7716 -4.56853
14.6193 -4.72081
14.6193 -4.8731
14.467 -5.02538
14.3147 -5.02538
14.3147 -5.17766
14.1624 -5.32995
14.0102 -5.48223
13.8579 -5.63452
13.8579 -5.7868
13.7056 -5.7868
13.5533 -5.93909
13.401 -6.09137
13.401 -6.24365
13.2487 -6.39594
13.0964 -6.54822
12.9442 -6.70051
12.9442 -6.70051
12.7919 -6.85279
12.6396 -7.00508
12.4873 -7.15736
12.335 -7.30964
12.1827 -7.30964
12.1827 -7.46193
12.0305 -7.61421
11.8782 -7.7665
11.7259 -7.7665
11.5736 -7.91878
11.4213 -8.07107
11.269 -8.22335
11.1168 -8.22335
10.9645 -8.37563
10.8122 -8.52792
10.6599 -8.52792
10.5076 -8.6802
10.3553 -8.6802
10.203 -8.83249
10.0508 -8.83249
9.74619 -8.98477
9.59391 -8.98477
9.44162 -9.13706
9.28934 -9.13706
9.13706 -9.28934
8.98477 -9.28934
8.83249 -9.28934
8.52792 -9.44162
8.37563 -9.44162
8.22335 -9.44162
8.07107 -9.44162
7.91878 -9.59391
7.61421 -9.59391
7.46193 -9.59391
7.30964 -9.59391
7.15736 -9.59391
6.85279 -9.59391
6.70051 -9.59391
6.54822 -9.74619
6.39594 -9.74619
6.09137 -9.74619
5.93909 -9.74619
5.7868 -9.74619
5.48223 -9.74619
5.32995 -9.74619
5.17766 -9.74619
5.02538 -9.74619
4.72081 -9.74619
4.56853 -9.74619
4.41624 -9.74619
4.11168 -9.74619
3.95939 -9.59391
3.80711 -9.59391
3.50254 -9.59391
3.35025 -9.59391
3.19797 -9.59391
3.04569 -9.44162
2.74112 -9.44162
2.58883 -9.44162
2.43655 -9.28934
2.13198 -9.28934
1.9797 -9.28934
1.82741 -9.13706
1.67513 -9.13706
1.37056 -8.98477
1.21827 -8.83249
1.06599 -8.83249
0.913706 -8.6802
0.761421 -8.52792
0.609137 -8.52792
0.456853 -8.37563
0.152284 -8.22335
0 -8.07107
-0.152284 -7.91878
-0.304569 -7.7665
-0.456853 -7.7665
-0.456853 -7.61421
-0.609137 -7.46193
-0.761421 -7.30964
-0.913706 -7.15736
-1.06599 -7.00508
-1.21827 -6.85279
-1.37056 -6.54822
-1.37056 -6.39594
-1.52284 -6.24365
-1.67513 -6.09137
-1.82741 -5.93909
-1.82741 -5.7868
-1.9797 -5.63452
-2.13198 -5.48223
-2.13198 -5.32995
-2.28426 -5.02538
-2.28426 -4.8731
-2.43655 -4.72081
-2.43655 -4.56853
-2.58883 -4.41624
-2.58883 -4.11168
-2.74112 -3.95939
-2.74112 -3.80711
-2.8934 -3.65482
-2.8934 -3.50254
-2.8934 -3.19797
-3.04569 -3.04569
-3.04569 -2.8934
-3.04569 -2.74112
-3.19797 -2.58883
-3.19797 -2.28426
-3.19797 -2.13198
-3.19797 -1.9797
-3.35025 -1.82741
-3.35025 -1.52284
-3.35025 -1.37056
-3.35025 -1.21827
-3.35025 -1.06599
-3.35025 -0.761421
-3.35025 -0.609137
-3.35025 -0.456853
-3.35025 -0.304569
-3.35025 0
-3.35025 0.152284
-3.19797 0.304569
-3.19797 0.456853
-3.19797 0.609137
-3.19797 0.913706
-3.19797 1.06599
-3.04569 1.21827
-3.04569 1.37056
-3.04569 1.52284
-3.04569 1.67513
-2.8934 1.9797
-2.8934 2.13198
-2.8934 2.28426
-2.74112 2.43655
-2.74112 2.58883
-2.74112 2.74112
-2.58883 2.8934
-2.58883 3.04569
-2.43655 3.19797
-2.43655 3.35025
-2.43655 3.50254
-2.28426 3.80711
-2.28426 3.95939
-2.13198 4.11168
-2.13198 4.26396
-1.9797 4.41624
-1.9797 4.56853
-1.9797 4.72081
-1.82741 4.8731
-1.82741 5.02538
-1.67513 5.17766
-1.67513 5.32995
-1.52284 5.48223
-1.52284 5.63452
-1.37056 5.7868
-1.37056 5.93909
-1.21827 5.93909
-1.06599 6.09137
-1.06599 6.24365
-0.913706 6.39594
-0.913706 6.54822
-0.761421 6.70051
-0.609137 6.85279
-0.609137 7.00508
-0.456853 7.15736
-0.304569 7.30964
-0.304569 7.30964
-0.152284 7.46193
0 7.61421
0.152284 7.7665
0.152284 7.91878
0.304569 7.91878
0.456853 8.07107
0.609137 8.22335
0.609137 8.37563
0.761421 8.52792
0.913706 8.52792
1.06599 8.6802
1.06599 8.83249
1.21827 8.98477
1.37056 9.13706
1.52284 9.28934
1.52284 9.44162
1.67513 9.59391
1.82741 9.59391
1.9797 9.74619
1.9797 9.89848
2.13198 10.0508
2.28426 10.3553
2.43655 10.5076
2.43655 10.6599
2.58883 10.8122
2.74112 10.9645
2.8934 11.1168
3.04569 11.269
3.19797 11.4213
3.35025 11.5736
3.50254 11.8782
3.65482 12.0305
3.80711 12.1827
3.95939 12.335
4.11168 12.4873
4.26396 12.6396
4.41624 12.7919
4.56853 12.7919
4.8731 12.9442
5.02538 13.0964
5.17766 13.0964
5.32995 13.2487
5.63452 13.401
5.7868 13.401
6.09137 13.401
6.24365 13.401
6.39594 13.5533
6.70051 13.5533
6.85279 13.5533
7.15736 13.5533
7.30964 13.401
7.46193 13.401
7.7665 13.401
7.91878 13.401
8.07107 13.2487
8.37563 13.2487
8.52792 13.0964
8.6802 13.0964
8.98477 12.9442
9.13706 12.7919
9.28934 12.7919
9.59391 12.6396
9.74619 12.4873
9.89848 12.4873
10.0508 12.335
10.203 12.1827
10.3553 12.0305
10.6599 12.0305
10.8122 11.8782
10.9645 11.7259
11.1168 11.7259
11.269 11.5736
11.4213 11.4213
11.5736 11.269
11.7259 11.269
11.8782 11.1168
12.0305 10.9645
12.1827 10.8122
12.335 10.8122
12.4873 10.6599
12.6396 10.5076
12.7919 10.3553
12.9442 10.3553
13.0964 10.203
13.2487 10.0508
13.401 9.89848
13.5533 9.89848
13.7056 9.74619
13.8579 9.59391
14.0102 9.44162
14.1624 9.28934
14.3147 9.28934
14.467 9.13706
14.6193 8.98477
14.7716 8.83249
14.7716 8.6802
14.9239 8.52792
15.0761 8.37563
15.2284 8.22335
15.3807 8.22335
15.533 8.07107
15.6853 7.91878
15.6853 7.7665
15.8376 7.61421
15.9898 7.46193
16.1421 7.30964
16.1421 7.15736
16.2944 7.00508
16.4467 6.85279
16.4467 6.70051
16.599 6.54822
16.7513 6.39594
16.7513 6.09137
16.9036 5.93909
16.9036 5.7868
17.0558 5.63452
17.2081 5.48223
17.2081 5.32995
17.3604 5.17766
17.3604 5.02538
17.3604 4.72081
17.5127 4.56853
17.5127 4.41624
17.665 4.26396
17.665 4.11168
17.665 3.80711
17.665 3.65482
17.8173 3.50254
17.8173 3.35025
17.8173 3.04569
17.8173 2.8934
17.8173 2.74112
17.8173 2.58883
17.8173 2.28426
17.8173 2.13198
17.8173 1.9797
17.8173 1.82741
17.8173 1.52284
17.8173 1.37056
