17.8173 1.21827
17.8173 0.913706
17.8173 0.761421
17.8173 0.609137
17.665 0.456853
17.665 0.304569
17.665 0
17.5127 -0.152284
17.5127 -0.304569
17.5127 -0.456853
17.3604 -0.609137
17.3604 -0.761421
17.2081 -0.913706
17.2081 -1.06599
17.0558 -1.21827
16.9036 -1.52284
16.9036 -1.67513
16.7513 -1.82741
16.7513 -1.9797
16.599 -2.13198
16.4467 -2.13198
16.4467 -2.28426
16.2944 -2.43655
16.1421 -2.58883
16.1421 -2.74112
15.9898 -2.8934
15.8376 -3.04569
15.8376 -3.19797
15.6853 -3.35025
15.533 -3.50254
15.533 -3.65482
15.3807 -3.80711
15.2284 -3.80711
15.2284 -3.95939
15.0761 -4.11168
14.9239 -4.26396
14.9239 -4.41624
14.7716 -4.56853
14.6193 -4.72081
14.6193 -4.72081
14.467 -4.8731
14.3147 -5.02538
14.3147 -5.17766
14.1624 -5.32995
14.0102 -5.48223
14.0102 -5.63452
13.8579 -5.63452
13.7056 -5.7868
13.7056 -5.93909
13.5533 -6.09137
13.401 -6.24365
13.2487 -6.39594
13.2487 -6.54822
13.0964 -6.54822
12.9442 -6.70051
12.7919 -6.85279
12.7919 -7.00508
12.6396 -7.15736
12.4873 -7.30964
12.335 -7.30964
12.1827 -7.46193
12.0305 -7.61421
12.0305 -7.7665
11.8782 -7.7665
11.7259 -7.91878
11.5736 -8.07107
11.4213 -8.22335
11.269 -8.22335
11.1168 -8.37563
10.9645 -8.52792
10.8122 -8.52792
10.6599 -8.6802
10.5076 -8.83249
10.3553 -8.83249
10.203 -8.98477
9.89848 -8.98477
9.74619 -9.13706
9.59391 -9.13706
9.44162 -9.28934
9.28934 -9.28934
9.13706 -9.28934
8.83249 -9.44162
8.6802 -9.44162
8.52792 -9.44162
8.37563 -9.59391
8.22335 -9.59391
7.91878 -9.59391
7.7665 -9.74619
7.61421 -9.74619
7.46193 -9.74619
7.15736 -9.74619
7.00508 -9.74619
6.85279 -9.74619
6.70051 -9.89848
6.39594 -9.89848
6.24365 -9.89848
6.09137 -9.89848
5.93909 -9.89848
5.63452 -9.89848
5.48223 -9.89848
5.32995 -9.89848
5.02538 -9.89848
4.8731 -9.89848
4.72081 -9.89848
4.41624 -9.89848
4.26396 -9.89848
4.11168 -9.74619
3.95939 -9.74619
3.65482 -9.74619
3.50254 -9.74619
3.35025 -9.74619
3.04569 -9.59391
2.8934 -9.59391
2.74112 -9.59391
2.43655 -9.44162
2.28426 -9.44162
2.13198 -9.28934
1.9797 -9.28934
1.67513 -9.13706
1.52284 -9.13706
1.37056 -8.98477
1.21827 -8.83249
1.06599 -8.83249
0.761421 -8.6802
0.609137 -8.52792
0.456853 -8.52792
0.304569 -8.37563
0.152284 -8.22335
0 -8.07107
-0.152284 -7.91878
-0.304569 -7.7665
-0.456853 -7.61421
-0.609137 -7.46193
-0.761421 -7.30964
-0.913706 -7.15736
-1.06599 -7.00508
-1.06599 -6.85279
-1.21827 -6.70051
-1.37056 -6.54822
-1.52284 -6.39594
-1.67513 -6.24365
-1.67513 -6.09137
-1.82741 -5.93909
-1.9797 -5.7868
-1.9797 -5.63452
-2.13198 -5.32995
-2.28426 -5.17766
-2.28426 -5.02538
-2.43655 -4.8731
-2.43655 -4.72081
-2.58883 -4.56853
-2.58883 -4.26396
-2.74112 -4.11168
-2.74112 -3.95939
-2.8934 -3.80711
-2.8934 -3.50254
-3.04569 -3.35025
-3.04569 -3.19797
-3.04569 -3.04569
-3.19797 -2.74112
-3.19797 -2.58883
-3.19797 -2.43655
-3.19797 -2.28426
-3.35025 -1.9797
-3.35025 -1.82741
-3.35025 -1.67513
-3.35025 -1.52284
-3.35025 -1.21827
-3.35025 -1.06599
-3.35025 -0.913706
-3.35025 -0.761421
-3.35025 -0.456853
-3.35025 -0.304569
-3.35025 -0.152284
-3.35025 0
-3.35025 0.304569
-3.19797 0.456853
-3.19797 0.609137
-3.19797 0.761421
-3.19797 0.913706
-3.19797 1.21827
-3.04569 1.37056
-3.04569 1.52284
-3.04569 1.67513
-2.8934 1.82741
-2.8934 1.9797
-2.8934 2.28426
-2.74112 2.43655
-2.74112 2.58883
-2.74112 2.74112
-2.58883 2.8934
-2.58883 3.04569
-2.43655 3.19797
-2.43655 3.35025
-2.28426 3.50254
-2.28426 3.65482
-2.28426 3.80711
-2.13198 3.95939
-2.13198 4.26396
-1.9797 4.41624
-1.9797 4.56853
-1.82741 4.72081
-1.82741 4.8731
-1.67513 4.8731
-1.67513 5.02538
-1.52284 5.17766
-1.37056 5.32995
-1.37056 5.48223
-1.21827 5.63452
-1.21827 5.7868
-1.06599 5.93909
-0.913706 6.09137
-0.913706 6.24365
-0.761421 6.39594
-0.609137 6.54822
-0.609137 6.54822
-0.456853 6.70051
-0.304569 6.85279
-0.152284 7.00508
-0.152284 7.15736
0 7.15736
0.152284 7.30964
0.304569 7.46193
0.304569 7.61421
0.456853 7.7665
0.609137 7.7665
0.761421 7.91878
0.761421 8.07107
0.913706 8.22335
1.06599 8.22335
1.21827 8.37563
1.21827 8.52792
1.37056 8.6802
1.52284 8.83249
1.67513 8.83249
1.67513 8.98477
1.82741 9.13706
1.9797 9.28934
2.13198 9.44162
2.13198 9.59391
2.28426 9.74619
2.43655 9.89848
2.43655 10.0508
2.58883 10.203
2.74112 10.3553
2.8934 10.6599
2.8934 10.8122
3.04569 10.9645
3.19797 11.1168
3.35025 11.269
3.50254 11.5736
3.65482 11.7259
3.80711 11.8782
3.95939 12.0305
4.11168 12.1827
4.26396 12.335
4.41624 12.4873
4.56853 12.6396
4.72081 12.7919
4.8731 12.9442
5.17766 13.0964
5.32995 13.0964
5.48223 13.2487
5.7868 13.401
5.93909 13.401
6.09137 13.401
6.39594 13.401
6.54822 13.5533
6.85279 13.5533
7.00508 13.401
7.15736 13.401
7.46193 13.401
7.61421 13.401
7.91878 13.2487
8.07107 13.2487
8.22335 13.0964
8.52792 13.0964
8.6802 12.9442
8.83249 12.9442
9.13706 12.7919
9.28934 12.6396
9.44162 12.6396
9.59391 12.4873
9.74619 12.335
10.0508 12.1827
10.203 12.1827
10.3553 12.0305
10.5076 11.8782
10.6599 11.7259
10.8122 11.7259
10.9645 11.5736
11.1168 11.4213
11.4213 11.4213
11.5736 11.269
11.7259 11.1168
11.8782 11.1168
12.0305 10.9645
12.1827 10.8122
12.335 10.8122
12.4873 10.6599
12.6396 10.5076
12.7919 10.5076
12.9442 10.3553
13.0964 10.203
13.2487 10.203
13.401 10.0508
13.5533 9.89848
13.7056 9.74619
13.8579 9.74619
14.0102 9.59391
14.1624 9.44162
14.3147 9.28934
14.467 9.13706
14.6193 9.13706
14.7716 8.98477
14.9239 8.83249
15.0761 8.6802
15.0761 8.52792
15.2284 8.37563
15.3807 8.22335
15.533 8.07107
15.533 7.91878
15.6853 7.7665
15.8376 7.61421
15.9898 7.46193
15.9898 7.30964
16.1421 7.15736
16.1421 7.00508
16.2944 6.85279
16.4467 6.70051
16.4467 6.54822
16.599 6.39594
16.7513 6.24365
16.7513 6.09137
16.9036 5.7868
16.9036 5.63452
17.0558 5.48223
17.0558 5.32995
17.2081 5.17766
17.3604 5.02538
17.3604 4.8731
17.5127 4.72081
17.5127 4.56853
17.665 4.26396
17.665 4.11168
17.665 3.95939
17.8173 3.80711
17.8173 3.65482
17.8173 3.50254
17.9695 3.19797
17.9695 3.04569
17.9695 2.8934
17.9695 2.74112
17.9695 2.43655
17.9695 2.28426
17.9695 2.13198
17.9695 1.9797
17.9695 1.67513
17.8173 1.52284
17.8173 1.37056
