17.5127 1.06599
17.5127 0.913706
17.5127 0.609137
17.5127 0.456853
17.3604 0.304569
17.3604 0.152284
17.3604 0
17.2081 -0.304569
17.2081 -0.456853
17.2081 -0.609137
17.0558 -0.761421
17.0558 -0.913706
16.9036 -1.06599
16.9036 -1.21827
16.7513 -1.37056
16.7513 -1.52284
16.599 -1.67513
16.4467 -1.82741
16.4467 -1.9797
16.2944 -2.13198
16.2944 -2.28426
16.1421 -2.43655
16.1421 -2.58883
15.9898 -2.74112
15.8376 -2.8934
15.8376 -3.04569
15.6853 -3.19797
15.6853 -3.35025
15.533 -3.50254
15.3807 -3.65482
15.3807 -3.80711
15.2284 -3.95939
15.2284 -4.11168
15.0761 -4.26396
14.9239 -4.41624
14.9239 -4.41624
14.7716 -4.56853
14.7716 -4.72081
14.6193 -4.8731
14.467 -5.02538
14.467 -5.17766
14.3147 -5.32995
14.1624 -5.48223
14.1624 -5.63452
14.0102 -5.7868
13.8579 -5.7868
13.8579 -5.93909
13.7056 -6.09137
13.5533 -6.24365
13.401 -6.39594
13.401 -6.54822
13.2487 -6.70051
13.0964 -6.70051
12.9442 -6.85279
12.7919 -7.00508
12.7919 -7.15736
12.6396 -7.30964
12.4873 -7.30964
12.335 -7.46193
12.1827 -7.61421
12.0305 -7.7665
11.8782 -7.7665
11.7259 -7.91878
11.5736 -8.07107
11.4213 -8.22335
11.4213 -8.22335
11.269 -8.37563
11.1168 -8.52792
10.9645 -8.52792
10.6599 -8.6802
10.5076 -8.6802
10.3553 -8.83249
10.203 -8.98477
10.0508 -8.98477
9.89848 -9.13706
9.74619 -9.13706
9.59391 -9.28934
9.44162 -9.28934
9.28934 -9.44162
8.98477 -9.44162
8.83249 -9.59391
8.6802 -9.59391
8.52792 -9.59391
8.37563 -9.74619
8.22335 -9.74619
7.91878 -9.74619
7.7665 -9.89848
7.61421 -9.89848
7.46193 -9.89848
7.15736 -9.89848
7.00508 -10.0508
6.85279 -10.0508
6.70051 -10.0508
6.39594 -10.0508
6.24365 -10.0508
6.09137 -10.0508
5.7868 -10.0508
5.63452 -10.0508
5.48223 -10.0508
5.32995 -10.0508
5.02538 -10.0508
4.8731 -10.0508
4.72081 -10.0508
4.41624 -10.0508
4.26396 -10.0508
4.11168 -10.0508
3.80711 -9.89848
3.65482 -9.89848
3.50254 -9.89848
3.35025 -9.74619
3.04569 -9.74619
2.8934 -9.74619
2.74112 -9.59391
2.43655 -9.59391
2.28426 -9.59391
2.13198 -9.44162
1.9797 -9.44162
1.82741 -9.28934
1.52284 -9.13706
1.37056 -9.13706
1.21827 -8.98477
1.06599 -8.98477
0.913706 -8.83249
0.761421 -8.6802
0.456853 -8.52792
0.304569 -8.52792
0.152284 -8.37563
0 -8.22335
-0.152284 -8.07107
-0.304569 -7.91878
-0.456853 -7.91878
-0.609137 -7.7665
-0.761421 -7.61421
-0.913706 -7.46193
-1.06599 -7.30964
-1.06599 -7.15736
-1.21827 -7.00508
-1.37056 -6.85279
-1.52284 -6.70051
-1.67513 -6.54822
-1.67513 -6.39594
-1.82741 -6.09137
-1.9797 -5.93909
-2.13198 -5.7868
-2.13198 -5.63452
-2.28426 -5.48223
-2.43655 -5.32995
-2.43655 -5.17766
-2.58883 -5.02538
-2.58883 -4.72081
-2.74112 -4.56853
-2.74112 -4.41624
-2.8934 -4.26396
-2.8934 -4.11168
-3.04569 -3.80711
-3.04569 -3.65482
-3.04569 -3.50254
-3.19797 -3.35025
-3.19797 -3.04569
-3.19797 -2.8934
-3.35025 -2.74112
-3.35025 -2.58883
-3.35025 -2.28426
-3.35025 -2.13198
-3.35025 -1.9797
-3.35025 -1.82741
-3.35025 -1.52284
-3.35025 -1.37056
-3.35025 -1.21827
-3.35025 -1.06599
-3.35025 -0.761421
-3.35025 -0.609137
-3.35025 -0.456853
-3.35025 -0.304569
-3.35025 0
-3.35025 0.152284
-3.35025 0.304569
-3.19797 0.456853
-3.19797 0.609137
-3.19797 0.913706
-3.19797 1.06599
-3.04569 1.21827
-3.04569 1.37056
-3.04569 1.52284
-2.8934 1.67513
-2.8934 1.82741
-2.8934 2.13198
-2.74112 2.28426
-2.74112 2.43655
-2.74112 2.58883
-2.58883 2.74112
-2.58883 2.8934
-2.43655 3.04569
-2.43655 3.19797
-2.43655 3.35025
-2.28426 3.50254
-2.28426 3.65482
-2.13198 3.80711
-2.13198 3.95939
-1.9797 4.11168
-1.9797 4.26396
-1.9797 4.41624
-1.82741 4.56853
-1.82741 4.72081
-1.67513 4.8731
-1.67513 5.02538
-1.52284 5.17766
-1.37056 5.32995
-1.37056 5.48223
-1.21827 5.63452
-1.21827 5.7868
-1.06599 5.93909
-1.06599 6.09137
-0.913706 6.09137
-0.761421 6.24365
-0.761421 6.39594
-0.609137 6.54822
-0.456853 6.70051
-0.304569 6.85279
-0.304569 6.85279
-0.152284 7.00508
0 7.15736
0.152284 7.30964
0.152284 7.46193
0.304569 7.46193
0.456853 7.61421
0.609137 7.7665
0.609137 7.7665
0.761421 7.91878
0.913706 8.07107
1.06599 8.22335
1.06599 8.37563
1.21827 8.37563
1.37056 8.52792
1.52284 8.6802
1.52284 8.83249
1.67513 8.98477
1.82741 9.13706
1.82741 9.28934
1.9797 9.44162
2.13198 9.59391
2.28426 9.74619
2.28426 9.89848
2.43655 10.0508
2.58883 10.203
2.58883 10.3553
2.74112 10.5076
2.8934 10.8122
3.04569 10.9645
3.19797 11.1168
3.19797 11.269
3.35025 11.4213
3.50254 11.7259
3.65482 11.8782
3.80711 12.0305
3.95939 12.1827
4.26396 12.335
4.41624 12.4873
4.56853 12.6396
4.72081 12.7919
4.8731 12.9442
5.17766 13.0964
5.32995 13.0964
5.48223 13.2487
5.7868 13.2487
5.93909 13.401
6.09137 13.401
6.39594 13.401
6.54822 13.401
6.85279 13.401
7.00508 13.401
7.15736 13.401
7.46193 13.401
7.61421 13.2487
7.91878 13.2487
8.07107 13.0964
8.22335 13.0964
8.52792 12.9442
8.6802 12.9442
8.83249 12.7919
9.13706 12.7919
9.28934 12.6396
9.44162 12.4873
9.59391 12.335
9.89848 12.335
10.0508 12.1827
10.203 12.0305
10.3553 11.8782
10.5076 11.8782
10.6599 11.7259
10.8122 11.5736
10.9645 11.4213
11.269 11.4213
11.4213 11.269
11.5736 11.1168
11.7259 11.1168
11.8782 10.9645
12.0305 10.8122
12.1827 10.6599
12.335 10.6599
12.4873 10.5076
12.6396 10.3553
12.7919 10.3553
12.9442 10.203
13.0964 10.0508
13.2487 9.89848
13.401 9.89848
13.5533 9.74619
13.7056 9.59391
13.8579 9.44162
14.0102 9.44162
14.1624 9.28934
14.3147 9.13706
14.467 8.98477
14.6193 8.83249
14.7716 8.6802
14.9239 8.52792
14.9239 8.52792
15.0761 8.37563
15.2284 8.22335
15.3807 8.07107
15.533 7.91878
15.6853 7.7665
15.6853 7.61421
15.8376 7.46193
15.9898 7.30964
16.1421 7.15736
16.1421 7.00508
16.2944 6.85279
16.4467 6.70051
16.4467 6.54822
16.599 6.39594
16.7513 6.24365
16.7513 5.93909
16.9036 5.7868
16.9036 5.63452
17.0558 5.48223
17.2081 5.32995
17.2081 5.17766
17.2081 5.02538
17.3604 4.72081
17.3604 4.56853
17.5127 4.41624
17.5127 4.26396
17.5127 4.11168
17.665 3.80711
17.665 3.65482
17.665 3.50254
17.665 3.35025
17.8173 3.04569
17.8173 2.8934
17.8173 2.74112
17.8173 2.58883
17.8173 2.28426
17.8173 2.13198
17.8173 1.9797
17.665 1.82741
17.665 1.52284
17.665 1.37056
17.665 1.21827
