17.5127 0.761421
17.5127 0.609137
17.3604 0.456853
17.3604 0.304569
17.3604 0.152284
17.2081 0
17.2081 -0.304569
17.0558 -0.456853
17.0558 -0.609137
16.9036 -0.761421
16.9036 -0.913706
16.7513 -1.06599
16.7513 -1.21827
16.599 -1.37056
16.599 -1.52284
16.4467 -1.67513
16.4467 -1.82741
16.2944 -1.9797
16.2944 -2.13198
16.1421 -2.28426
15.9898 -2.43655
15.9898 -2.58883
15.8376 -2.74112
15.8376 -2.8934
15.6853 -3.04569
15.6853 -3.19797
15.533 -3.35025
15.533 -3.50254
15.3807 -3.65482
15.2284 -3.80711
15.2284 -3.95939
15.0761 -4.11168
15.0761 -4.26396
14.9239 -4.41624
14.7716 -4.41624
14.7716 -4.56853
14.6193 -4.72081
14.6193 -4.8731
14.467 -5.02538
14.3147 -5.17766
14.3147 -5.32995
14.1624 -5.48223
14.0102 -5.63452
14.0102 -5.63452
13.8579 -5.7868
13.7056 -5.93909
13.7056 -6.09137
13.5533 -6.24365
13.401 -6.39594
13.2487 -6.54822
13.2487 -6.54822
13.0964 -6.70051
12.9442 -6.85279
12.7919 -7.00508
12.7919 -7.15736
12.6396 -7.30964
12.4873 -7.30964
12.335 -7.46193
12.1827 -7.61421
12.1827 -7.7665
12.0305 -7.91878
11.8782 -7.91878
11.7259 -8.07107
11.5736 -8.22335
11.4213 -8.37563
11.269 -8.37563
11.1168 -8.52792
10.9645 -8.6802
10.8122 -8.6802
10.6599 -8.83249
10.5076 -8.98477
10.3553 -8.98477
10.203 -9.13706
10.0508 -9.13706
9.89848 -9.28934
9.74619 -9.28934
9.44162 -9.44162
9.28934 -9.44162
9.13706 -9.59391
8.98477 -9.59391
8.83249 -9.59391
8.6802 -9.74619
8.37563 -9.74619
8.22335 -9.74619
8.07107 -9.89848
7.91878 -9.89848
7.7665 -9.89848
7.46193 -9.89848
7.30964 -9.89848
7.15736 -10.0508
7.00508 -10.0508
6.70051 -10.0508
6.54822 -10.0508
6.39594 -10.0508
6.24365 -10.0508
5.93909 -10.0508
5.7868 -10.0508
5.63452 -10.0508
5.48223 -10.0508
5.17766 -10.0508
5.02538 -10.0508
4.8731 -10.0508
4.72081 -10.0508
4.41624 -10.0508
4.26396 -10.0508
4.11168 -9.89848
3.80711 -9.89848
3.65482 -9.89848
3.50254 -9.89848
3.35025 -9.74619
3.04569 -9.74619
2.8934 -9.74619
2.74112 -9.59391
2.58883 -9.59391
2.28426 -9.44162
2.13198 -9.44162
1.9797 -9.44162
1.82741 -9.28934
1.67513 -9.13706
1.37056 -9.13706
1.21827 -8.98477
1.06599 -8.98477
0.913706 -8.83249
0.761421 -8.6802
0.609137 -8.6802
0.456853 -8.52792
0.304569 -8.37563
0.152284 -8.22335
0 -8.22335
-0.152284 -8.07107
-0.304569 -7.91878
-0.456853 -7.7665
-0.609137 -7.61421
-0.761421 -7.46193
-0.913706 -7.30964
-1.06599 -7.15736
-1.21827 -7.00508
-1.37056 -6.85279
-1.52284 -6.70051
-1.52284 -6.54822
-1.67513 -6.39594
-1.82741 -6.24365
-1.9797 -6.09137
-1.9797 -5.93909
-2.13198 -5.7868
-2.28426 -5.63452
-2.28426 -5.48223
-2.43655 -5.32995
-2.43655 -5.02538
-2.58883 -4.8731
-2.74112 -4.72081
-2.74112 -4.56853
-2.8934 -4.41624
-2.8934 -4.26396
-2.8934 -3.95939
-3.04569 -3.80711
-3.04569 -3.65482
-3.19797 -3.50254
-3.19797 -3.19797
-3.19797 -3.04569
-3.35025 -2.8934
-3.35025 -2.74112
-3.35025 -2.58883
-3.35025 -2.28426
-3.35025 -2.13198
-3.50254 -1.9797
-3.50254 -1.82741
-3.50254 -1.52284
-3.50254 -1.37056
-3.50254 -1.21827
-3.50254 -1.06599
-3.50254 -0.761421
-3.50254 -0.609137
-3.50254 -0.456853
-3.50254 -0.304569
-3.50254 -0.152284
-3.35025 0.152284
-3.35025 0.304569
-3.35025 0.456853
-3.35025 0.609137
-3.35025 0.761421
-3.19797 1.06599
-3.19797 1.21827
-3.19797 1.37056
-3.04569 1.52284
-3.04569 1.67513
-3.04569 1.82741
-2.8934 1.9797
-2.8934 2.28426
-2.8934 2.43655
-2.74112 2.58883
-2.74112 2.74112
-2.58883 2.8934
-2.58883 3.04569
-2.43655 3.19797
-2.43655 3.35025
-2.43655 3.50254
-2.28426 3.65482
-2.28426 3.80711
-2.13198 3.95939
-2.13198 4.11168
-1.9797 4.26396
-1.82741 4.41624
-1.82741 4.56853
-1.67513 4.72081
-1.67513 4.8731
-1.52284 5.02538
-1.52284 5.17766
-1.37056 5.32995
-1.37056 5.32995
-1.21827 5.48223
-1.06599 5.63452
-1.06599 5.7868
-0.913706 5.93909
-0.761421 6.09137
-0.761421 6.24365
-0.609137 6.39594
-0.456853 6.39594
-0.456853 6.54822
-0.304569 6.70051
-0.152284 6.85279
-0.152284 7.00508
0 7.15736
0.152284 7.30964
0.152284 7.30964
0.304569 7.46193
0.456853 7.61421
0.456853 7.7665
0.609137 7.91878
0.761421 8.07107
0.761421 8.07107
0.913706 8.22335
1.06599 8.37563
1.21827 8.52792
1.21827 8.6802
1.37056 8.83249
1.52284 8.98477
1.52284 9.13706
1.67513 9.28934
1.82741 9.44162
1.9797 9.59391
1.9797 9.74619
2.13198 9.89848
2.28426 10.0508
2.43655 10.203
2.58883 10.3553
2.58883 10.5076
2.74112 10.6599
2.8934 10.8122
3.04569 10.9645
3.19797 11.1168
3.35025 11.269
3.50254 11.4213
3.65482 11.5736
3.80711 11.7259
3.95939 11.8782
4.11168 12.0305
4.26396 12.1827
4.56853 12.335
4.72081 12.4873
4.8731 12.6396
5.02538 12.6396
5.32995 12.7919
5.48223 12.7919
5.63452 12.9442
5.93909 12.9442
6.09137 13.0964
6.24365 13.0964
6.54822 13.0964
6.70051 13.0964
7.00508 13.0964
7.15736 13.0964
7.46193 13.0964
7.61421 13.0964
7.7665 13.0964
8.07107 13.0964
8.22335 12.9442
8.37563 12.9442
8.6802 12.9442
8.83249 12.7919
9.13706 12.7919
9.28934 12.6396
9.44162 12.6396
9.59391 12.4873
9.89848 12.4873
10.0508 12.335
10.203 12.1827
10.3553 12.1827
10.6599 12.0305
10.8122 11.8782
10.9645 11.8782
11.1168 11.7259
11.269 11.5736
11.4213 11.4213
11.5736 11.269
11.7259 11.269
12.0305 11.1168
12.1827 10.9645
12.335 10.8122
12.4873 10.6599
12.6396 10.5076
12.7919 10.5076
12.9442 10.3553
13.0964 10.203
13.0964 10.0508
13.2487 9.89848
13.401 9.74619
13.5533 9.59391
13.7056 9.44162
13.8579 9.28934
14.0102 9.28934
14.1624 9.13706
14.3147 8.98477
14.467 8.83249
14.467 8.6802
14.6193 8.52792
14.7716 8.37563
14.9239 8.22335
15.0761 8.07107
15.2284 7.91878
15.3807 7.7665
15.3807 7.7665
15.533 7.61421
15.6853 7.46193
15.8376 7.30964
15.9898 7.15736
15.9898 7.00508
16.1421 6.85279
16.2944 6.70051
16.2944 6.54822
16.4467 6.39594
16.599 6.09137
16.7513 5.93909
16.7513 5.7868
16.9036 5.63452
16.9036 5.48223
17.0558 5.32995
17.0558 5.17766
17.2081 5.02538
17.2081 4.72081
17.3604 4.56853
17.3604 4.41624
17.3604 4.26396
17.5127 4.11168
17.5127 3.80711
17.5127 3.65482
17.5127 3.50254
17.665 3.35025
17.665 3.04569
17.665 2.8934
17.665 2.74112
17.665 2.58883
17.665 2.28426
17.665 2.13198
17.665 1.9797
17.665 1.82741
17.665 1.52284
17.5127 1.37056
17.5127 1.21827
17.5127 1.06599
