17.0558 0.761421
17.0558 0.609137
17.0558 0.456853
17.0558 0.304569
17.0558 0.152284
17.0558 0
17.0558 -0.304569
17.0558 -0.456853
17.0558 -0.609137
16.9036 -0.761421
16.9036 -0.913706
16.9036 -1.06599
16.7513 -1.21827
16.7513 -1.37056
16.599 -1.52284
16.599 -1.67513
16.4467 -1.82741
16.2944 -1.9797
16.2944 -2.13198
16.1421 -2.28426
16.1421 -2.43655
15.9898 -2.58883
15.8376 -2.74112
15.8376 -2.8934
15.6853 -3.04569
15.533 -3.19797
15.533 -3.35025
15.3807 -3.50254
15.3807 -3.65482
15.2284 -3.80711
15.0761 -3.95939
15.0761 -4.11168
14.9239 -4.11168
14.9239 -4.26396
14.7716 -4.41624
14.7716 -4.56853
14.6193 -4.72081
14.467 -4.8731
14.467 -5.02538
14.3147 -5.17766
14.3147 -5.32995
14.1624 -5.48223
14.0102 -5.63452
14.0102 -5.7868
13.8579 -5.7868
13.7056 -5.93909
13.7056 -6.09137
13.5533 -6.24365
13.401 -6.39594
13.401 -6.54822
13.2487 -6.70051
13.0964 -6.85279
12.9442 -6.85279
12.9442 -7.00508
12.7919 -7.15736
12.6396 -7.30964
12.4873 -7.46193
12.335 -7.61421
12.1827 -7.61421
12.1827 -7.7665
12.0305 -7.91878
11.8782 -8.07107
11.7259 -8.07107
11.5736 -8.22335
11.4213 -8.37563
11.269 -8.37563
11.1168 -8.52792
10.9645 -8.6802
10.8122 -8.6802
10.6599 -8.83249
10.5076 -8.98477
10.3553 -8.98477
10.203 -9.13706
10.0508 -9.13706
9.89848 -9.28934
9.59391 -9.28934
9.44162 -9.44162
9.28934 -9.44162
9.13706 -9.59391
8.98477 -9.59391
8.83249 -9.59391
8.6802 -9.74619
8.37563 -9.74619
8.22335 -9.74619
8.07107 -9.89848
7.91878 -9.89848
7.7665 -9.89848
7.46193 -9.89848
7.30964 -10.0508
7.15736 -10.0508
7.00508 -10.0508
6.70051 -10.0508
6.54822 -10.0508
6.39594 -10.0508
6.24365 -10.0508
5.93909 -10.0508
5.7868 -10.0508
5.63452 -10.0508
5.48223 -10.0508
5.17766 -10.0508
5.02538 -10.0508
4.8731 -10.0508
4.56853 -10.0508
4.41624 -10.0508
4.26396 -10.0508
4.11168 -10.0508
3.80711 -10.0508
3.65482 -9.89848
3.50254 -9.89848
3.19797 -9.89848
3.04569 -9.89848
2.8934 -9.74619
2.74112 -9.74619
2.43655 -9.59391
2.28426 -9.59391
2.13198 -9.59391
1.9797 -9.44162
1.67513 -9.44162
1.52284 -9.28934
1.37056 -9.28934
1.21827 -9.13706
1.06599 -8.98477
0.913706 -8.98477
0.609137 -8.83249
0.456853 -8.6802
0.304569 -8.6802
0.152284 -8.52792
0 -8.37563
-0.152284 -8.22335
-0.304569 -8.07107
-0.456853 -7.91878
-0.609137 -7.91878
-0.761421 -7.7665
-0.913706 -7.61421
-1.06599 -7.46193
-1.21827 -7.30964
-1.37056 -7.15736
-1.37056 -7.00508
-1.52284 -6.85279
-1.67513 -6.70051
-1.82741 -6.54822
-1.9797 -6.39594
-1.9797 -6.24365
-2.13198 -6.09137
-2.28426 -5.7868
-2.28426 -5.63452
-2.43655 -5.48223
-2.58883 -5.32995
-2.58883 -5.17766
-2.74112 -5.02538
-2.74112 -4.8731
-2.8934 -4.56853
-3.04569 -4.41624
-3.04569 -4.26396
-3.04569 -4.11168
-3.19797 -3.95939
-3.19797 -3.65482
-3.35025 -3.50254
-3.35025 -3.35025
-3.35025 -3.19797
-3.50254 -2.8934
-3.50254 -2.74112
-3.50254 -2.58883
-3.50254 -2.43655
-3.50254 -2.13198
-3.65482 -1.9797
-3.65482 -1.82741
-3.65482 -1.67513
-3.65482 -1.37056
-3.65482 -1.21827
-3.65482 -1.06599
-3.65482 -0.913706
-3.50254 -0.609137
-3.50254 -0.456853
-3.50254 -0.304569
-3.50254 -0.152284
-3.50254 0.152284
-3.50254 0.304569
-3.35025 0.456853
-3.35025 0.609137
-3.35025 0.761421
-3.19797 1.06599
-3.19797 1.21827
-3.19797 1.37056
-3.04569 1.52284
-3.04569 1.67513
-2.8934 1.82741
-2.8934 1.9797
-2.8934 2.13198
-2.74112 2.43655
-2.74112 2.58883
-2.58883 2.74112
-2.58883 2.8934
-2.43655 3.04569
-2.43655 3.19797
-2.28426 3.35025
-2.28426 3.50254
-2.13198 3.65482
-2.13198 3.80711
-1.9797 3.95939
-1.9797 4.11168
-1.82741 4.26396
-1.82741 4.41624
-1.67513 4.56853
-1.67513 4.56853
-1.52284 4.72081
-1.52284 4.8731
-1.37056 5.02538
-1.21827 5.17766
-1.21827 5.32995
-1.06599 5.48223
-1.06599 5.63452
-0.913706 5.7868
-0.761421 5.93909
-0.761421 5.93909
-0.609137 6.09137
-0.609137 6.24365
-0.456853 6.39594
-0.304569 6.54822
-0.304569 6.70051
-0.152284 6.70051
0 6.85279
0 7.00508
0.152284 7.15736
0.304569 7.30964
0.304569 7.46193
0.456853 7.46193
0.609137 7.61421
0.761421 7.7665
0.761421 7.91878
0.913706 8.07107
1.06599 8.22335
1.06599 8.22335
1.21827 8.37563
1.37056 8.52792
1.52284 8.6802
1.52284 8.83249
1.67513 8.98477
1.82741 9.13706
1.9797 9.13706
1.9797 9.28934
2.13198 9.44162
2.28426 9.59391
2.43655 9.74619
2.43655 9.89848
2.58883 10.0508
2.74112 10.203
2.8934 10.3553
3.04569 10.5076
3.19797 10.6599
3.35025 10.8122
3.50254 10.9645
3.65482 11.1168
3.80711 11.269
3.95939 11.4213
4.11168 11.5736
4.26396 11.7259
4.41624 11.7259
4.56853 11.8782
4.72081 12.0305
5.02538 12.1827
5.17766 12.1827
5.32995 12.335
5.48223 12.4873
5.7868 12.4873
5.93909 12.6396
6.09137 12.6396
6.39594 12.6396
6.54822 12.7919
6.70051 12.7919
7.00508 12.7919
7.15736 12.7919
7.30964 12.7919
7.61421 12.7919
7.7665 12.7919
8.07107 12.7919
8.22335 12.7919
8.37563 12.7919
8.6802 12.6396
8.83249 12.6396
8.98477 12.6396
9.28934 12.4873
9.44162 12.4873
9.59391 12.4873
9.74619 12.335
10.0508 12.1827
10.203 12.1827
10.3553 12.0305
10.5076 12.0305
10.8122 11.8782
10.9645 11.7259
11.1168 11.5736
11.269 11.4213
11.4213 11.4213
11.5736 11.269
11.7259 11.1168
11.8782 10.9645
12.0305 10.8122
12.1827 10.6599
12.335 10.5076
12.4873 10.3553
12.6396 10.3553
12.7919 10.203
12.9442 10.0508
13.0964 9.89848
13.2487 9.74619
13.2487 9.59391
13.401 9.44162
13.5533 9.28934
13.7056 9.13706
13.8579 8.98477
14.0102 8.83249
14.1624 8.83249
14.1624 8.6802
14.3147 8.52792
14.467 8.37563
14.6193 8.22335
14.7716 8.07107
14.9239 7.91878
15.0761 7.91878
15.2284 7.7665
15.2284 7.61421
15.3807 7.46193
15.533 7.30964
15.6853 7.15736
15.8376 7.00508
15.9898 6.85279
15.9898 6.70051
16.1421 6.54822
16.2944 6.39594
16.4467 6.24365
16.4467 6.09137
16.599 5.93909
16.7513 5.7868
16.7513 5.63452
16.9036 5.48223
16.9036 5.32995
17.0558 5.02538
17.0558 4.8731
17.0558 4.72081
17.0558 4.56853
17.2081 4.41624
17.2081 4.11168
17.2081 3.95939
17.2081 3.80711
17.2081 3.50254
17.2081 3.35025
17.2081 3.19797
17.2081 3.04569
17.2081 2.8934
17.2081 2.58883
17.2081 2.43655
17.2081 2.28426
17.2081 2.13198
17.0558 1.82741
17.0558 1.67513
17.0558 1.52284
17.0558 1.37056
17.0558 1.21827
17.0558 1.06599
