17.0558 0.913706
17.0558 0.761421
17.0558 0.609137
17.0558 0.304569
17.0558 0.152284
17.0558 0
17.0558 -0.152284
17.0558 -0.304569
16.9036 -0.456853
16.9036 -0.609137
16.9036 -0.913706
16.9036 -1.06599
16.7513 -1.21827
16.7513 -1.37056
16.599 -1.52284
16.599 -1.67513
16.4467 -1.82741
16.4467 -1.9797
16.2944 -2.13198
16.2944 -2.28426
16.1421 -2.43655
16.1421 -2.58883
15.9898 -2.74112
15.9898 -2.8934
15.8376 -3.04569
15.6853 -3.19797
15.6853 -3.35025
15.533 -3.50254
15.533 -3.65482
15.3807 -3.80711
15.2284 -3.95939
15.2284 -3.95939
15.0761 -4.11168
14.9239 -4.26396
14.9239 -4.41624
14.7716 -4.56853
14.6193 -4.72081
14.6193 -4.8731
14.467 -4.8731
14.3147 -5.02538
14.3147 -5.17766
14.1624 -5.32995
14.0102 -5.48223
14.0102 -5.63452
13.8579 -5.7868
13.7056 -5.7868
13.7056 -5.93909
13.5533 -6.09137
13.401 -6.24365
13.2487 -6.39594
13.2487 -6.54822
13.0964 -6.54822
12.9442 -6.70051
12.7919 -6.85279
12.7919 -7.00508
12.6396 -7.15736
12.4873 -7.30964
12.335 -7.46193
12.335 -7.46193
12.1827 -7.61421
12.0305 -7.7665
11.8782 -7.91878
11.7259 -8.07107
11.5736 -8.07107
11.4213 -8.22335
11.269 -8.37563
11.1168 -8.52792
10.9645 -8.6802
10.8122 -8.6802
10.6599 -8.83249
10.5076 -8.98477
10.3553 -8.98477
10.203 -9.13706
10.0508 -9.13706
9.89848 -9.28934
9.74619 -9.28934
9.59391 -9.44162
9.44162 -9.44162
9.28934 -9.59391
8.98477 -9.59391
8.83249 -9.74619
8.6802 -9.74619
8.52792 -9.74619
8.37563 -9.89848
8.07107 -9.89848
7.91878 -9.89848
7.7665 -9.89848
7.61421 -10.0508
7.30964 -10.0508
7.15736 -10.0508
7.00508 -10.0508
6.85279 -10.0508
6.54822 -10.0508
6.39594 -10.0508
6.24365 -10.0508
6.09137 -10.0508
5.7868 -10.0508
5.63452 -10.203
5.48223 -10.203
5.32995 -10.0508
5.02538 -10.0508
4.8731 -10.0508
4.72081 -10.0508
4.41624 -10.0508
4.26396 -10.0508
4.11168 -10.0508
3.80711 -10.0508
3.65482 -10.0508
3.50254 -9.89848
3.35025 -9.89848
3.04569 -9.89848
2.8934 -9.74619
2.74112 -9.74619
2.43655 -9.74619
2.28426 -9.59391
2.13198 -9.59391
1.9797 -9.44162
1.67513 -9.44162
1.52284 -9.28934
1.37056 -9.28934
1.21827 -9.13706
1.06599 -9.13706
0.761421 -8.98477
0.609137 -8.83249
0.456853 -8.83249
0.304569 -8.6802
0.152284 -8.52792
0 -8.37563
-0.152284 -8.22335
-0.304569 -8.22335
-0.456853 -8.07107
-0.609137 -7.91878
-0.761421 -7.7665
-0.913706 -7.61421
-1.06599 -7.46193
-1.21827 -7.30964
-1.37056 -7.15736
-1.52284 -7.00508
-1.52284 -6.85279
-1.67513 -6.70051
-1.82741 -6.54822
-1.9797 -6.39594
-1.9797 -6.24365
-2.13198 -5.93909
-2.28426 -5.7868
-2.43655 -5.63452
-2.43655 -5.48223
-2.58883 -5.32995
-2.58883 -5.17766
-2.74112 -5.02538
-2.8934 -4.72081
-2.8934 -4.56853
-3.04569 -4.41624
-3.04569 -4.26396
-3.19797 -4.11168
-3.19797 -3.80711
-3.19797 -3.65482
-3.35025 -3.50254
-3.35025 -3.35025
-3.35025 -3.04569
-3.50254 -2.8934
-3.50254 -2.74112
-3.50254 -2.58883
-3.50254 -2.28426
-3.65482 -2.13198
-3.65482 -1.9797
-3.65482 -1.82741
-3.65482 -1.52284
-3.65482 -1.37056
-3.65482 -1.21827
-3.65482 -0.913706
-3.65482 -0.761421
-3.65482 -0.609137
-3.50254 -0.456853
-3.50254 -0.152284
-3.50254 0
-3.50254 0.152284
-3.35025 0.304569
-3.35025 0.609137
-3.35025 0.761421
-3.35025 0.913706
-3.19797 1.06599
-3.19797 1.21827
-3.04569 1.37056
-3.04569 1.67513
-3.04569 1.82741
-2.8934 1.9797
-2.8934 2.13198
-2.74112 2.28426
-2.74112 2.43655
-2.74112 2.58883
-2.58883 2.74112
-2.58883 2.8934
-2.43655 3.04569
-2.43655 3.19797
-2.28426 3.35025
-2.28426 3.50254
-2.13198 3.65482
-2.13198 3.80711
-1.9797 3.95939
-1.9797 4.11168
-1.82741 4.26396
-1.82741 4.41624
-1.67513 4.56853
-1.67513 4.72081
-1.52284 4.8731
-1.52284 5.02538
-1.37056 5.17766
-1.37056 5.32995
-1.21827 5.48223
-1.21827 5.63452
-1.06599 5.7868
-0.913706 5.93909
-0.913706 5.93909
-0.761421 6.09137
-0.609137 6.24365
-0.609137 6.39594
-0.456853 6.54822
-0.304569 6.70051
-0.152284 6.70051
-0.152284 6.85279
0 7.00508
0.152284 7.00508
0.304569 7.15736
0.456853 7.30964
0.456853 7.46193
0.609137 7.46193
0.761421 7.61421
0.913706 7.7665
1.06599 7.7665
1.06599 7.91878
1.21827 8.07107
1.37056 8.07107
1.52284 8.22335
1.52284 8.37563
1.67513 8.52792
1.82741 8.52792
1.9797 8.6802
1.9797 8.83249
2.13198 8.98477
2.28426 9.13706
2.43655 9.28934
2.43655 9.28934
2.58883 9.44162
2.74112 9.59391
2.8934 9.74619
2.8934 9.89848
3.04569 10.203
3.19797 10.3553
3.35025 10.5076
3.50254 10.6599
3.65482 10.8122
3.80711 10.9645
3.95939 11.1168
3.95939 11.269
4.26396 11.4213
4.41624 11.5736
4.56853 11.7259
4.72081 11.8782
4.8731 12.0305
5.02538 12.0305
5.17766 12.1827
5.32995 12.335
5.63452 12.335
5.7868 12.4873
5.93909 12.6396
6.24365 12.6396
6.39594 12.6396
6.54822 12.7919
6.85279 12.7919
7.00508 12.7919
7.15736 12.7919
7.46193 12.7919
7.61421 12.7919
7.7665 12.7919
8.07107 12.7919
8.22335 12.7919
8.52792 12.6396
8.6802 12.6396
8.83249 12.6396
8.98477 12.4873
9.28934 12.4873
9.44162 12.4873
9.59391 12.335
9.89848 12.1827
10.0508 12.1827
10.203 12.0305
10.3553 12.0305
10.5076 11.8782
10.8122 11.7259
10.9645 11.5736
11.1168 11.5736
11.269 11.4213
11.4213 11.269
11.5736 11.1168
11.7259 10.9645
11.8782 10.8122
12.0305 10.8122
12.1827 10.6599
12.335 10.5076
12.4873 10.3553
12.6396 10.203
12.7919 10.0508
12.9442 9.89848
12.9442 9.74619
13.0964 9.74619
13.2487 9.59391
13.401 9.44162
13.5533 9.28934
13.7056 9.13706
13.8579 8.98477
14.0102 8.83249
14.0102 8.83249
14.1624 8.6802
14.3147 8.52792
14.467 8.37563
14.6193 8.22335
14.7716 8.07107
14.9239 8.07107
15.0761 7.91878
15.2284 7.7665
15.3807 7.61421
15.533 7.46193
15.533 7.30964
15.6853 7.15736
15.8376 7.15736
15.9898 7.00508
16.1421 6.85279
16.2944 6.70051
16.2944 6.54822
16.4467 6.39594
16.599 6.24365
16.599 6.09137
16.7513 5.7868
16.7513 5.63452
16.9036 5.48223
16.9036 5.32995
17.0558 5.17766
17.0558 5.02538
17.0558 4.72081
17.2081 4.56853
17.2081 4.41624
17.2081 4.26396
17.2081 3.95939
17.2081 3.80711
17.2081 3.65482
17.2081 3.50254
17.2081 3.19797
17.2081 3.04569
17.2081 2.8934
17.2081 2.74112
17.2081 2.43655
17.0558 2.28426
17.0558 2.13198
17.0558 1.9797
17.0558 1.82741
17.0558 1.67513
17.0558 1.37056
17.0558 1.21827
17.0558 1.06599
