17.2081 0.456853
17.2081 0.304569
17.2081 0.152284
17.0558 0
17.0558 -0.152284
17.0558 -0.304569
16.9036 -0.609137
16.9036 -0.761421
16.7513 -0.913706
16.7513 -1.06599
16.599 -1.21827
16.599 -1.37056
16.4467 -1.52284
16.4467 -1.67513
16.2944 -1.82741
16.2944 -1.9797
16.1421 -2.13198
16.1421 -2.28426
15.9898 -2.43655
15.9898 -2.58883
15.8376 -2.74112
15.6853 -2.8934
15.6853 -3.04569
15.533 -3.19797
15.533 -3.35025
15.3807 -3.50254
15.3807 -3.65482
15.2284 -3.80711
15.0761 -3.95939
15.0761 -4.11168
14.9239 -4.26396
14.9239 -4.41624
14.7716 -4.41624
14.6193 -4.56853
14.6193 -4.72081
14.467 -4.8731
14.467 -5.02538
14.3147 -5.17766
14.1624 -5.32995
14.1624 -5.48223
14.0102 -5.63452
13.8579 -5.63452
13.8579 -5.7868
13.7056 -5.93909
13.7056 -6.09137
13.5533 -6.24365
13.401 -6.39594
13.2487 -6.54822
13.2487 -6.54822
13.0964 -6.70051
12.9442 -6.85279
12.9442 -7.00508
12.7919 -7.15736
12.6396 -7.30964
12.4873 -7.30964
12.335 -7.46193
12.335 -7.61421
12.1827 -7.7665
12.0305 -7.91878
11.8782 -7.91878
11.7259 -8.07107
11.5736 -8.22335
11.4213 -8.37563
11.269 -8.37563
11.269 -8.52792
11.1168 -8.6802
10.9645 -8.6802
10.8122 -8.83249
10.6599 -8.98477
10.5076 -8.98477
10.3553 -9.13706
10.203 -9.13706
9.89848 -9.28934
9.74619 -9.44162
9.59391 -9.44162
9.44162 -9.59391
9.28934 -9.59391
9.13706 -9.59391
8.98477 -9.74619
8.83249 -9.74619
8.52792 -9.89848
8.37563 -9.89848
8.22335 -9.89848
8.07107 -10.0508
7.91878 -10.0508
7.7665 -10.0508
7.46193 -10.0508
7.30964 -10.203
7.15736 -10.203
7.00508 -10.203
6.85279 -10.203
6.54822 -10.203
6.39594 -10.203
6.24365 -10.203
6.09137 -10.203
5.7868 -10.203
5.63452 -10.203
5.48223 -10.203
5.32995 -10.203
5.02538 -10.203
4.8731 -10.203
4.72081 -10.203
4.56853 -10.203
4.26396 -10.203
4.11168 -10.203
3.95939 -10.203
3.65482 -10.203
3.50254 -10.0508
3.35025 -10.0508
3.19797 -10.0508
2.8934 -10.0508
2.74112 -9.89848
2.58883 -9.89848
2.43655 -9.89848
2.13198 -9.74619
1.9797 -9.74619
1.82741 -9.59391
1.67513 -9.59391
1.52284 -9.44162
1.21827 -9.44162
1.06599 -9.28934
0.913706 -9.13706
0.761421 -9.13706
0.609137 -8.98477
0.456853 -8.83249
0.304569 -8.83249
0.152284 -8.6802
0 -8.52792
-0.152284 -8.37563
-0.304569 -8.37563
-0.456853 -8.22335
-0.609137 -8.07107
-0.761421 -7.91878
-0.913706 -7.7665
-1.06599 -7.61421
-1.21827 -7.46193
-1.37056 -7.30964
-1.52284 -7.15736
-1.67513 -7.00508
-1.67513 -6.85279
-1.82741 -6.70051
-1.9797 -6.54822
-2.13198 -6.39594
-2.13198 -6.24365
-2.28426 -6.09137
-2.43655 -5.93909
-2.43655 -5.7868
-2.58883 -5.63452
-2.74112 -5.48223
-2.74112 -5.17766
-2.8934 -5.02538
-2.8934 -4.8731
-3.04569 -4.72081
-3.04569 -4.56853
-3.19797 -4.41624
-3.19797 -4.11168
-3.35025 -3.95939
-3.35025 -3.80711
-3.35025 -3.65482
-3.50254 -3.35025
-3.50254 -3.19797
-3.50254 -3.04569
-3.65482 -2.8934
-3.65482 -2.58883
-3.65482 -2.43655
-3.65482 -2.28426
-3.65482 -2.13198
-3.65482 -1.82741
-3.65482 -1.67513
-3.65482 -1.52284
-3.65482 -1.37056
-3.65482 -1.06599
-3.65482 -0.913706
-3.65482 -0.761421
-3.65482 -0.609137
-3.50254 -0.456853
-3.50254 -0.152284
-3.50254 0
-3.50254 0.152284
-3.35025 0.304569
-3.35025 0.456853
-3.35025 0.761421
-3.35025 0.913706
-3.19797 1.06599
-3.19797 1.21827
-3.19797 1.37056
-3.04569 1.52284
-3.04569 1.67513
-2.8934 1.82741
-2.8934 1.9797
-2.8934 2.28426
-2.74112 2.43655
-2.74112 2.58883
-2.58883 2.74112
-2.58883 2.8934
-2.58883 3.04569
-2.43655 3.19797
-2.43655 3.35025
-2.28426 3.50254
-2.28426 3.65482
-2.28426 3.80711
-2.13198 3.95939
-2.13198 4.11168
-1.9797 4.26396
-1.9797 4.41624
-1.82741 4.56853
-1.82741 4.72081
-1.67513 4.8731
-1.67513 5.02538
-1.52284 5.17766
-1.37056 5.32995
-1.37056 5.32995
-1.21827 5.48223
-1.21827 5.63452
-1.06599 5.7868
-0.913706 5.93909
-0.761421 6.09137
-0.761421 6.09137
-0.609137 6.24365
-0.456853 6.39594
-0.304569 6.54822
-0.304569 6.54822
-0.152284 6.70051
0 6.85279
0.152284 6.85279
0.304569 7.00508
0.456853 7.15736
0.609137 7.15736
0.609137 7.30964
0.761421 7.46193
0.913706 7.46193
1.06599 7.61421
1.21827 7.7665
1.21827 7.7665
1.37056 7.91878
1.52284 8.07107
1.67513 8.07107
1.82741 8.22335
1.82741 8.37563
1.9797 8.52792
2.13198 8.52792
2.28426 8.6802
2.28426 8.83249
2.43655 8.98477
2.58883 9.13706
2.74112 9.28934
2.74112 9.44162
2.8934 9.59391
3.04569 9.74619
3.19797 9.89848
3.35025 10.0508
3.35025 10.3553
3.50254 10.5076
3.65482 10.6599
3.80711 10.8122
3.95939 10.9645
4.11168 11.1168
4.26396 11.269
4.41624 11.4213
4.56853 11.5736
4.8731 11.7259
5.02538 11.7259
5.17766 11.8782
5.32995 12.0305
5.48223 12.1827
5.7868 12.1827
5.93909 12.335
6.09137 12.335
6.39594 12.4873
6.54822 12.4873
6.85279 12.4873
7.00508 12.6396
7.15736 12.6396
7.46193 12.6396
7.61421 12.6396
7.7665 12.6396
8.07107 12.6396
8.22335 12.6396
8.52792 12.4873
8.6802 12.4873
8.83249 12.4873
9.13706 12.335
9.28934 12.335
9.44162 12.1827
9.74619 12.1827
9.89848 12.0305
10.0508 12.0305
10.203 11.8782
10.5076 11.7259
10.6599 11.7259
10.8122 11.5736
10.9645 11.4213
11.1168 11.269
11.269 11.269
11.4213 11.1168
11.5736 10.9645
11.7259 10.8122
11.8782 10.6599
12.0305 10.5076
12.1827 10.3553
12.335 10.203
12.4873 10.0508
12.6396 9.89848
12.7919 9.74619
12.9442 9.59391
13.0964 9.44162
13.2487 9.28934
13.2487 9.13706
13.401 8.98477
13.5533 8.98477
13.7056 8.83249
13.8579 8.6802
14.0102 8.52792
14.1624 8.37563
14.1624 8.22335
14.3147 8.07107
14.467 7.91878
14.6193 7.91878
14.7716 7.7665
14.9239 7.61421
15.0761 7.46193
15.2284 7.30964
15.3807 7.15736
15.3807 7.00508
15.533 6.85279
15.6853 6.70051
15.8376 6.70051
15.9898 6.54822
16.1421 6.39594
16.1421 6.24365
16.2944 6.09137
16.4467 5.7868
16.4467 5.63452
16.599 5.48223
16.7513 5.32995
16.7513 5.17766
16.9036 5.02538
16.9036 4.8731
16.9036 4.56853
17.0558 4.41624
17.0558 4.26396
17.0558 4.11168
17.0558 3.80711
17.2081 3.65482
17.2081 3.50254
17.2081 3.35025
17.2081 3.04569
17.2081 2.8934
17.2081 2.74112
17.2081 2.58883
17.2081 2.28426
17.2081 2.13198
17.2081 1.9797
17.2081 1.82741
17.2081 1.67513
17.2081 1.37056
17.2081 1.21827
17.2081 1.06599
17.2081 0.913706
17.2081 0.761421
