17.2081 0.456853
17.2081 0.304569
17.0558 0.152284
17.0558 -0.152284
17.0558 -0.304569
17.0558 -0.456853
16.9036 -0.609137
16.9036 -0.761421
16.7513 -0.913706
16.7513 -1.06599
16.599 -1.21827
16.599 -1.52284
16.599 -1.67513
16.4467 -1.82741
16.4467 -1.9797
16.2944 -2.13198
16.1421 -2.28426
16.1421 -2.43655
15.9898 -2.58883
15.9898 -2.74112
15.8376 -2.8934
15.8376 -3.04569
15.6853 -3.19797
15.533 -3.35025
15.533 -3.35025
15.3807 -3.50254
15.3807 -3.65482
15.2284 -3.80711
15.2284 -3.95939
15.0761 -4.11168
14.9239 -4.26396
14.9239 -4.41624
14.7716 -4.56853
14.6193 -4.72081
14.6193 -4.72081
14.467 -4.8731
14.467 -5.02538
14.3147 -5.17766
14.1624 -5.32995
14.1624 -5.48223
14.0102 -5.63452
13.8579 -5.7868
13.8579 -5.7868
13.7056 -5.93909
13.5533 -6.09137
13.5533 -6.24365
13.401 -6.39594
13.2487 -6.54822
13.2487 -6.54822
13.0964 -6.70051
12.9442 -6.85279
12.7919 -7.00508
12.7919 -7.15736
12.6396 -7.15736
12.4873 -7.30964
12.335 -7.46193
12.335 -7.61421
12.1827 -7.7665
12.0305 -7.7665
11.8782 -7.91878
11.7259 -8.07107
11.5736 -8.22335
11.4213 -8.22335
11.269 -8.37563
11.269 -8.52792
11.1168 -8.6802
10.9645 -8.6802
10.8122 -8.83249
10.6599 -8.98477
10.5076 -8.98477
10.3553 -9.13706
10.203 -9.13706
10.0508 -9.28934
9.89848 -9.28934
9.74619 -9.44162
9.44162 -9.59391
9.28934 -9.59391
9.13706 -9.74619
8.98477 -9.74619
8.83249 -9.74619
8.6802 -9.89848
8.52792 -9.89848
8.37563 -10.0508
8.07107 -10.0508
7.91878 -10.0508
7.7665 -10.0508
7.61421 -10.203
7.46193 -10.203
7.15736 -10.203
7.00508 -10.203
6.85279 -10.3553
6.70051 -10.3553
6.39594 -10.3553
6.24365 -10.3553
6.09137 -10.3553
5.93909 -10.3553
5.63452 -10.3553
5.48223 -10.3553
5.32995 -10.3553
5.17766 -10.3553
4.8731 -10.3553
4.72081 -10.3553
4.56853 -10.3553
4.41624 -10.3553
4.11168 -10.203
3.95939 -10.203
3.80711 -10.203
3.65482 -10.203
3.35025 -10.0508
3.19797 -10.0508
3.04569 -10.0508
2.8934 -10.0508
2.58883 -9.89848
2.43655 -9.89848
2.28426 -9.74619
2.13198 -9.74619
1.9797 -9.59391
1.67513 -9.59391
1.52284 -9.44162
1.37056 -9.44162
1.21827 -9.28934
1.06599 -9.28934
0.913706 -9.13706
0.761421 -8.98477
0.456853 -8.98477
0.304569 -8.83249
0.152284 -8.6802
0 -8.6802
-0.152284 -8.52792
-0.304569 -8.37563
-0.456853 -8.22335
-0.609137 -8.07107
-0.761421 -7.91878
-0.913706 -7.91878
-1.06599 -7.7665
-1.21827 -7.61421
-1.37056 -7.46193
-1.52284 -7.30964
-1.52284 -7.15736
-1.67513 -7.00508
-1.82741 -6.85279
-1.9797 -6.70051
-2.13198 -6.54822
-2.13198 -6.39594
-2.28426 -6.24365
-2.43655 -6.09137
-2.58883 -5.93909
-2.58883 -5.63452
-2.74112 -5.48223
-2.74112 -5.32995
-2.8934 -5.17766
-3.04569 -5.02538
-3.04569 -4.8731
-3.19797 -4.56853
-3.19797 -4.41624
-3.19797 -4.26396
-3.35025 -4.11168
-3.35025 -3.95939
-3.50254 -3.65482
-3.50254 -3.50254
-3.50254 -3.35025
-3.50254 -3.19797
-3.65482 -2.8934
-3.65482 -2.74112
-3.65482 -2.58883
-3.65482 -2.43655
-3.65482 -2.13198
-3.65482 -1.9797
-3.65482 -1.82741
-3.65482 -1.67513
-3.65482 -1.37056
-3.65482 -1.21827
-3.65482 -1.06599
-3.65482 -0.913706
-3.65482 -0.609137
-3.50254 -0.456853
-3.50254 -0.304569
-3.50254 -0.152284
-3.50254 0.152284
-3.35025 0.304569
-3.35025 0.456853
-3.35025 0.609137
-3.19797 0.761421
-3.19797 0.913706
-3.19797 1.06599
-3.04569 1.37056
-3.04569 1.52284
-3.04569 1.67513
-2.8934 1.82741
-2.8934 1.9797
-2.74112 2.13198
-2.74112 2.28426
-2.74112 2.43655
-2.58883 2.58883
-2.58883 2.74112
-2.58883 2.8934
-2.43655 3.04569
-2.43655 3.19797
-2.28426 3.35025
-2.28426 3.65482
-2.28426 3.80711
-2.13198 3.95939
-2.13198 4.11168
-1.9797 4.26396
-1.9797 4.41624
-1.82741 4.56853
-1.82741 4.72081
-1.82741 4.8731
-1.67513 5.02538
-1.52284 5.17766
-1.52284 5.32995
-1.37056 5.32995
-1.37056 5.48223
-1.21827 5.63452
-1.06599 5.7868
-1.06599 5.93909
-0.913706 6.09137
-0.761421 6.24365
-0.609137 6.24365
-0.609137 6.39594
-0.456853 6.54822
-0.304569 6.70051
-0.152284 6.70051
0 6.85279
0.152284 7.00508
0.304569 7.00508
0.456853 7.15736
0.456853 7.15736
0.609137 7.30964
0.761421 7.46193
0.913706 7.46193
1.06599 7.61421
1.21827 7.61421
1.37056 7.7665
1.37056 7.91878
1.52284 7.91878
1.67513 8.07107
1.82741 8.22335
1.9797 8.22335
2.13198 8.37563
2.13198 8.52792
2.28426 8.6802
2.43655 8.83249
2.58883 8.98477
2.58883 9.13706
2.74112 9.28934
2.8934 9.44162
3.04569 9.59391
3.04569 9.74619
3.19797 9.89848
3.35025 10.0508
3.50254 10.203
3.65482 10.3553
3.80711 10.5076
3.95939 10.6599
4.11168 10.8122
4.26396 10.9645
4.41624 11.1168
4.56853 11.269
4.72081 11.4213
4.8731 11.5736
5.02538 11.7259
5.17766 11.7259
5.48223 11.8782
5.63452 12.0305
5.7868 12.0305
6.09137 12.1827
6.24365 12.1827
6.39594 12.335
6.70051 12.335
6.85279 12.335
7.00508 12.4873
7.30964 12.4873
7.46193 12.4873
7.61421 12.4873
7.91878 12.4873
8.07107 12.4873
8.37563 12.4873
8.52792 12.4873
8.6802 12.335
8.98477 12.335
9.13706 12.335
9.28934 12.1827
9.59391 12.1827
9.74619 12.0305
9.89848 12.0305
10.203 11.8782
10.3553 11.8782
10.5076 11.7259
10.6599 11.5736
10.8122 11.5736
11.1168 11.4213
11.269 11.269
11.4213 11.1168
11.5736 10.9645
11.7259 10.8122
11.8782 10.6599
12.0305 10.6599
12.1827 10.5076
12.335 10.3553
12.4873 10.203
12.6396 10.0508
12.7919 9.89848
12.9442 9.74619
12.9442 9.59391
13.0964 9.44162
13.2487 9.28934
13.401 9.13706
13.5533 8.98477
13.7056 8.83249
13.7056 8.6802
13.8579 8.52792
14.0102 8.37563
14.1624 8.22335
14.3147 8.07107
14.467 8.07107
14.467 7.91878
14.6193 7.7665
14.7716 7.61421
14.9239 7.46193
15.0761 7.30964
15.2284 7.15736
15.3807 7.00508
15.3807 6.85279
15.533 6.70051
15.6853 6.70051
15.8376 6.54822
15.9898 6.39594
15.9898 6.24365
16.1421 6.09137
16.2944 5.93909
16.2944 5.7868
16.4467 5.63452
16.599 5.32995
16.599 5.17766
16.7513 5.02538
16.9036 4.8731
16.9036 4.72081
16.9036 4.56853
17.0558 4.41624
17.0558 4.11168
17.2081 3.95939
17.2081 3.80711
17.2081 3.65482
17.2081 3.50254
17.3604 3.19797
17.3604 3.04569
17.3604 2.8934
17.3604 2.74112
17.3604 2.43655
17.3604 2.28426
17.3604 2.13198
17.3604 1.9797
17.3604 1.67513
17.3604 1.52284
17.3604 1.37056
17.3604 1.21827
17.3604 1.06599
17.3604 0.761421
17.3604 0.609137
