17.0558 0.304569
17.0558 0.152284
17.0558 0
17.0558 -0.152284
16.9036 -0.304569
16.9036 -0.456853
16.9036 -0.761421
16.7513 -0.913706
16.7513 -1.06599
16.7513 -1.21827
16.599 -1.37056
16.599 -1.52284
16.4467 -1.67513
16.4467 -1.82741
16.2944 -1.9797
16.2944 -2.13198
16.1421 -2.28426
16.1421 -2.43655
15.9898 -2.58883
15.8376 -2.74112
15.8376 -2.8934
15.6853 -3.04569
15.533 -3.19797
15.533 -3.35025
15.3807 -3.50254
15.3807 -3.65482
15.2284 -3.80711
15.0761 -3.95939
15.0761 -4.11168
14.9239 -4.26396
14.9239 -4.41624
14.7716 -4.41624
14.6193 -4.56853
14.6193 -4.72081
14.467 -4.8731
14.3147 -5.02538
14.3147 -5.17766
14.1624 -5.32995
14.1624 -5.48223
14.0102 -5.63452
13.8579 -5.63452
13.8579 -5.7868
13.7056 -5.93909
13.5533 -6.09137
13.5533 -6.24365
13.401 -6.39594
13.2487 -6.54822
13.2487 -6.54822
13.0964 -6.70051
12.9442 -6.85279
12.7919 -7.00508
12.7919 -7.15736
12.6396 -7.30964
12.4873 -7.30964
12.335 -7.46193
12.335 -7.61421
12.1827 -7.7665
12.0305 -7.91878
11.8782 -7.91878
11.7259 -8.07107
11.5736 -8.22335
11.4213 -8.37563
11.4213 -8.52792
11.269 -8.52792
11.1168 -8.6802
10.9645 -8.83249
10.8122 -8.83249
10.6599 -8.98477
10.5076 -9.13706
10.3553 -9.13706
10.203 -9.28934
10.0508 -9.44162
9.89848 -9.44162
9.74619 -9.59391
9.59391 -9.59391
9.28934 -9.74619
9.13706 -9.74619
8.98477 -9.89848
8.83249 -9.89848
8.6802 -9.89848
8.52792 -10.0508
8.37563 -10.0508
8.07107 -10.203
7.91878 -10.203
7.7665 -10.203
7.61421 -10.203
7.46193 -10.3553
7.15736 -10.3553
7.00508 -10.3553
6.85279 -10.3553
6.70051 -10.3553
6.39594 -10.5076
6.24365 -10.5076
6.09137 -10.5076
5.93909 -10.5076
5.7868 -10.5076
5.48223 -10.5076
5.32995 -10.5076
5.17766 -10.5076
4.8731 -10.5076
4.72081 -10.3553
4.56853 -10.3553
4.41624 -10.3553
4.11168 -10.3553
3.95939 -10.3553
3.80711 -10.3553
3.65482 -10.203
3.35025 -10.203
3.19797 -10.203
3.04569 -10.0508
2.8934 -10.0508
2.74112 -10.0508
2.43655 -9.89848
2.28426 -9.89848
2.13198 -9.74619
1.9797 -9.74619
1.82741 -9.59391
1.52284 -9.59391
1.37056 -9.44162
1.21827 -9.44162
1.06599 -9.28934
0.913706 -9.28934
0.761421 -9.13706
0.609137 -8.98477
0.304569 -8.98477
0.152284 -8.83249
0 -8.6802
-0.152284 -8.6802
-0.304569 -8.52792
-0.456853 -8.37563
-0.609137 -8.22335
-0.761421 -8.07107
-0.913706 -8.07107
-1.06599 -7.91878
-1.21827 -7.7665
-1.37056 -7.61421
-1.52284 -7.46193
-1.52284 -7.30964
-1.67513 -7.15736
-1.82741 -7.00508
-1.9797 -6.85279
-2.13198 -6.70051
-2.13198 -6.54822
-2.28426 -6.39594
-2.43655 -6.24365
-2.58883 -6.09137
-2.58883 -5.93909
-2.74112 -5.7868
-2.74112 -5.48223
-2.8934 -5.32995
-3.04569 -5.17766
-3.04569 -5.02538
-3.04569 -4.8731
-3.19797 -4.56853
-3.19797 -4.41624
-3.35025 -4.26396
-3.35025 -4.11168
-3.35025 -3.95939
-3.50254 -3.65482
-3.50254 -3.50254
-3.50254 -3.35025
-3.50254 -3.19797
-3.50254 -2.8934
-3.65482 -2.74112
-3.65482 -2.58883
-3.65482 -2.43655
-3.65482 -2.13198
-3.65482 -1.9797
-3.65482 -1.82741
-3.65482 -1.67513
-3.65482 -1.37056
-3.65482 -1.21827
-3.65482 -1.06599
-3.65482 -0.913706
-3.50254 -0.761421
-3.50254 -0.456853
-3.50254 -0.304569
-3.50254 -0.152284
-3.50254 0
-3.35025 0.152284
-3.35025 0.304569
-3.35025 0.609137
-3.35025 0.761421
-3.19797 0.913706
-3.19797 1.06599
-3.19797 1.21827
-3.04569 1.37056
-3.04569 1.52284
-3.04569 1.67513
-2.8934 1.82741
-2.8934 2.13198
-2.74112 2.28426
-2.74112 2.43655
-2.74112 2.58883
-2.58883 2.74112
-2.58883 2.8934
-2.43655 3.04569
-2.43655 3.19797
-2.43655 3.35025
-2.28426 3.50254
-2.28426 3.65482
-2.13198 3.80711
-2.13198 3.95939
-1.9797 4.11168
-1.9797 4.26396
-1.82741 4.41624
-1.82741 4.56853
-1.67513 4.72081
-1.67513 4.72081
-1.52284 4.8731
-1.52284 5.02538
-1.37056 5.17766
-1.21827 5.32995
-1.21827 5.48223
-1.06599 5.63452
-0.913706 5.7868
-0.913706 5.7868
-0.761421 5.93909
-0.609137 6.09137
-0.456853 6.24365
-0.456853 6.24365
-0.304569 6.39594
-0.152284 6.54822
0 6.70051
0.152284 6.70051
0.152284 6.85279
0.304569 7.00508
0.456853 7.00508
0.609137 7.15736
0.761421 7.30964
0.761421 7.30964
0.913706 7.46193
1.06599 7.61421
1.21827 7.61421
1.37056 7.7665
1.37056 7.91878
1.52284 7.91878
1.67513 8.07107
1.82741 8.22335
1.82741 8.37563
1.9797 8.52792
2.13198 8.52792
2.28426 8.6802
2.28426 8.83249
2.43655 8.98477
2.58883 9.13706
2.74112 9.28934
2.74112 9.44162
2.8934 9.59391
3.04569 9.74619
3.19797 10.0508
3.35025 10.203
3.50254 10.3553
3.50254 10.5076
3.65482 10.6599
3.80711 10.8122
3.95939 10.9645
4.26396 11.1168
4.41624 11.269
4.56853 11.4213
4.72081 11.4213
4.8731 11.5736
5.02538 11.7259
5.17766 11.8782
5.48223 11.8782
5.63452 12.0305
5.7868 12.1827
6.09137 12.1827
6.24365 12.335
6.39594 12.335
6.70051 12.335
6.85279 12.335
7.15736 12.4873
7.30964 12.4873
7.46193 12.4873
7.7665 12.4873
7.91878 12.4873
8.07107 12.4873
8.37563 12.335
8.52792 12.335
8.83249 12.335
8.98477 12.1827
9.13706 12.1827
9.44162 12.1827
9.59391 12.0305
9.74619 12.0305
9.89848 11.8782
10.203 11.7259
10.3553 11.7259
10.5076 11.5736
10.6599 11.4213
10.8122 11.269
10.9645 11.269
11.269 11.1168
11.4213 10.9645
11.5736 10.8122
11.7259 10.6599
11.8782 10.5076
12.0305 10.3553
12.1827 10.203
12.335 10.0508
12.335 9.89848
12.4873 9.74619
12.6396 9.59391
12.7919 9.44162
12.9442 9.28934
13.0964 9.13706
13.2487 8.98477
13.2487 8.83249
13.401 8.83249
13.5533 8.6802
13.7056 8.52792
13.8579 8.37563
14.0102 8.22335
14.1624 8.07107
14.3147 7.91878
14.3147 7.7665
14.467 7.7665
14.6193 7.61421
14.7716 7.46193
14.9239 7.30964
15.0761 7.15736
15.2284 7.00508
15.3807 7.00508
15.533 6.85279
15.6853 6.70051
15.8376 6.54822
15.8376 6.39594
15.9898 6.24365
16.1421 6.09137
16.2944 5.93909
16.4467 5.7868
16.599 5.63452
16.599 5.48223
16.7513 5.32995
16.9036 5.17766
16.9036 5.02538
17.0558 4.72081
17.0558 4.56853
17.2081 4.41624
17.2081 4.26396
17.3604 4.11168
17.3604 3.80711
17.3604 3.65482
17.5127 3.50254
17.5127 3.35025
17.5127 3.04569
17.5127 2.8934
17.5127 2.74112
17.5127 2.43655
17.5127 2.28426
17.5127 2.13198
17.5127 1.82741
17.5127 1.67513
17.3604 1.52284
17.3604 1.37056
17.3604 1.06599
17.3604 0.913706
17.2081 0.761421
17.2081 0.609137
