17.0558 0.304569
17.0558 0.152284
16.9036 0
16.9036 -0.152284
16.7513 -0.304569
16.7513 -0.609137
16.599 -0.761421
16.599 -0.913706
16.599 -1.06599
16.4467 -1.21827
16.4467 -1.37056
16.2944 -1.52284
16.2944 -1.67513
16.2944 -1.82741
16.1421 -1.9797
16.1421 -2.13198
15.9898 -2.28426
15.9898 -2.43655
15.8376 -2.58883
15.8376 -2.74112
15.6853 -2.8934
15.6853 -3.04569
15.533 -3.19797
15.533 -3.35025
15.3807 -3.50254
15.3807 -3.65482
15.2284 -3.80711
15.2284 -3.95939
15.0761 -4.11168
14.9239 -4.26396
14.9239 -4.41624
14.7716 -4.56853
14.7716 -4.72081
14.6193 -4.72081
14.467 -4.8731
14.467 -5.02538
14.3147 -5.17766
14.1624 -5.32995
14.1624 -5.48223
14.0102 -5.48223
13.8579 -5.63452
13.8579 -5.7868
13.7056 -5.93909
13.5533 -6.09137
13.5533 -6.24365
13.401 -6.24365
13.2487 -6.39594
13.0964 -6.54822
13.0964 -6.70051
12.9442 -6.85279
12.7919 -7.00508
12.7919 -7.00508
12.6396 -7.15736
12.4873 -7.30964
12.335 -7.46193
12.335 -7.61421
12.1827 -7.61421
12.0305 -7.7665
11.8782 -7.91878
11.7259 -8.07107
11.7259 -8.22335
11.5736 -8.22335
11.4213 -8.37563
11.269 -8.52792
11.1168 -8.6802
10.9645 -8.83249
10.8122 -8.83249
10.6599 -8.98477
10.5076 -9.13706
10.3553 -9.13706
10.203 -9.28934
10.0508 -9.44162
9.89848 -9.44162
9.74619 -9.59391
9.59391 -9.59391
9.44162 -9.74619
9.28934 -9.74619
9.13706 -9.89848
8.98477 -9.89848
8.6802 -10.0508
8.52792 -10.0508
8.37563 -10.203
8.22335 -10.203
8.07107 -10.203
7.91878 -10.3553
7.61421 -10.3553
7.46193 -10.3553
7.30964 -10.3553
7.15736 -10.5076
7.00508 -10.5076
6.70051 -10.5076
6.54822 -10.5076
6.39594 -10.5076
6.24365 -10.5076
5.93909 -10.5076
5.7868 -10.5076
5.63452 -10.5076
5.32995 -10.5076
5.17766 -10.5076
5.02538 -10.5076
4.8731 -10.5076
4.56853 -10.5076
4.41624 -10.5076
4.26396 -10.5076
4.11168 -10.5076
3.80711 -10.3553
3.65482 -10.3553
3.50254 -10.3553
3.35025 -10.3553
3.04569 -10.203
2.8934 -10.203
2.74112 -10.203
2.58883 -10.0508
2.28426 -10.0508
2.13198 -10.0508
1.9797 -9.89848
1.82741 -9.89848
1.52284 -9.74619
1.37056 -9.74619
1.21827 -9.59391
1.06599 -9.44162
0.913706 -9.44162
0.761421 -9.28934
0.609137 -9.28934
0.304569 -9.13706
0.152284 -8.98477
0 -8.83249
-0.152284 -8.83249
-0.304569 -8.6802
-0.456853 -8.52792
-0.609137 -8.37563
-0.761421 -8.22335
-0.913706 -8.22335
-1.06599 -8.07107
-1.21827 -7.91878
-1.37056 -7.7665
-1.52284 -7.61421
-1.67513 -7.46193
-1.67513 -7.30964
-1.82741 -7.15736
-1.9797 -7.00508
-2.13198 -6.85279
-2.28426 -6.70051
-2.28426 -6.54822
-2.43655 -6.39594
-2.58883 -6.09137
-2.58883 -5.93909
-2.74112 -5.7868
-2.8934 -5.63452
-2.8934 -5.48223
-3.04569 -5.32995
-3.04569 -5.17766
-3.19797 -4.8731
-3.19797 -4.72081
-3.19797 -4.56853
-3.35025 -4.41624
-3.35025 -4.11168
-3.50254 -3.95939
-3.50254 -3.80711
-3.50254 -3.65482
-3.50254 -3.35025
-3.65482 -3.19797
-3.65482 -3.04569
-3.65482 -2.8934
-3.65482 -2.58883
-3.65482 -2.43655
-3.65482 -2.28426
-3.65482 -2.13198
-3.65482 -1.82741
-3.65482 -1.67513
-3.65482 -1.52284
-3.65482 -1.37056
-3.65482 -1.06599
-3.65482 -0.913706
-3.65482 -0.761421
-3.65482 -0.609137
-3.50254 -0.456853
-3.50254 -0.152284
-3.50254 0
-3.50254 0.152284
-3.35025 0.304569
-3.35025 0.456853
-3.35025 0.609137
-3.35025 0.913706
-3.19797 1.06599
-3.19797 1.21827
-3.04569 1.37056
-3.04569 1.52284
-3.04569 1.67513
-2.8934 1.82741
-2.8934 1.9797
-2.8934 2.13198
-2.74112 2.28426
-2.74112 2.58883
-2.58883 2.74112
-2.58883 2.8934
-2.58883 3.04569
-2.43655 3.19797
-2.43655 3.35025
-2.28426 3.50254
-2.28426 3.65482
-2.13198 3.80711
-2.13198 3.95939
-1.9797 4.11168
-1.9797 4.26396
-1.82741 4.41624
-1.82741 4.56853
-1.67513 4.56853
-1.67513 4.72081
-1.52284 4.8731
-1.37056 5.02538
-1.37056 5.17766
-1.21827 5.32995
-1.21827 5.48223
-1.06599 5.63452
-0.913706 5.63452
-0.761421 5.7868
-0.761421 5.93909
-0.609137 6.09137
-0.456853 6.24365
-0.304569 6.24365
-0.304569 6.39594
-0.152284 6.54822
0 6.54822
0.152284 6.70051
0.304569 6.85279
0.304569 7.00508
0.456853 7.00508
0.609137 7.15736
0.761421 7.30964
0.913706 7.30964
0.913706 7.46193
1.06599 7.61421
1.21827 7.61421
1.37056 7.7665
1.52284 7.91878
1.52284 7.91878
1.67513 8.07107
1.82741 8.22335
1.9797 8.37563
1.9797 8.52792
2.13198 8.52792
2.28426 8.6802
2.43655 8.83249
2.43655 8.98477
2.58883 9.13706
2.74112 9.28934
2.8934 9.44162
3.04569 9.59391
3.04569 9.74619
3.19797 9.89848
3.35025 10.0508
3.50254 10.203
3.65482 10.3553
3.80711 10.5076
3.95939 10.6599
4.11168 10.8122
4.26396 10.9645
4.41624 11.1168
4.56853 11.269
4.8731 11.269
5.02538 11.4213
5.17766 11.5736
5.32995 11.7259
5.48223 11.7259
5.7868 11.8782
5.93909 11.8782
6.09137 12.0305
6.39594 12.0305
6.54822 12.0305
6.70051 12.0305
7.00508 12.1827
7.15736 12.1827
7.30964 12.1827
7.61421 12.1827
7.7665 12.1827
7.91878 12.1827
8.22335 12.0305
8.37563 12.0305
8.52792 12.0305
8.83249 12.0305
8.98477 11.8782
9.13706 11.8782
9.44162 11.8782
9.59391 11.7259
9.74619 11.7259
9.89848 11.5736
10.203 11.4213
10.3553 11.4213
10.5076 11.269
10.6599 11.269
10.8122 11.1168
11.1168 10.9645
11.269 10.8122
11.4213 10.8122
11.5736 10.6599
11.7259 10.5076
11.8782 10.3553
12.0305 10.203
12.1827 10.203
12.335 10.0508
12.4873 9.89848
12.6396 9.74619
12.7919 9.59391
12.9442 9.44162
13.0964 9.28934
13.2487 9.28934
13.401 9.13706
13.401 8.98477
13.5533 8.83249
13.7056 8.6802
13.8579 8.52792
14.0102 8.37563
14.1624 8.22335
14.3147 8.07107
14.467 8.07107
14.6193 7.91878
14.6193 7.7665
14.7716 7.61421
14.9239 7.46193
15.0761 7.30964
15.2284 7.15736
15.3807 7.00508
15.3807 6.85279
15.533 6.70051
15.6853 6.54822
15.8376 6.39594
15.9898 6.24365
15.9898 6.09137
16.1421 5.93909
16.2944 5.7868
16.4467 5.63452
16.4467 5.48223
16.599 5.32995
16.599 5.17766
16.7513 5.02538
16.9036 4.8731
16.9036 4.72081
17.0558 4.41624
17.0558 4.26396
17.0558 4.11168
17.2081 3.95939
17.2081 3.80711
17.2081 3.50254
17.3604 3.35025
17.3604 3.19797
17.3604 3.04569
17.3604 2.74112
17.3604 2.58883
17.3604 2.43655
17.3604 2.28426
17.3604 1.9797
17.3604 1.82741
17.3604 1.67513
17.3604 1.52284
17.3604 1.21827
17.3604 1.06599
17.2081 0.913706
17.2081 0.761421
17.2081 0.456853
