16.7513 -0.456853
16.7513 -0.609137
16.599 -0.761421
16.599 -0.913706
16.4467 -1.06599
16.2944 -1.21827
16.2944 -1.37056
16.1421 -1.52284
16.1421 -1.82741
15.9898 -1.9797
15.9898 -2.13198
15.8376 -2.28426
15.6853 -2.43655
15.6853 -2.58883
15.533 -2.74112
15.3807 -2.8934
15.3807 -3.04569
15.2284 -3.04569
15.2284 -3.19797
15.0761 -3.35025
14.9239 -3.50254
14.9239 -3.65482
14.7716 -3.80711
14.7716 -3.95939
14.6193 -4.11168
14.467 -4.26396
14.467 -4.26396
14.3147 -4.41624
14.1624 -4.56853
14.1624 -4.72081
14.0102 -4.8731
13.8579 -5.02538
13.8579 -5.02538
13.7056 -5.17766
13.7056 -5.32995
13.5533 -5.48223
13.401 -5.63452
13.401 -5.63452
13.2487 -5.7868
13.2487 -5.93909
13.0964 -6.09137
12.9442 -6.24365
12.9442 -6.24365
12.7919 -6.39594
12.6396 -6.54822
12.6396 -6.70051
12.4873 -6.85279
12.4873 -7.00508
12.335 -7.00508
12.1827 -7.15736
12.1827 -7.30964
12.0305 -7.46193
11.8782 -7.61421
11.8782 -7.7665
11.7259 -7.91878
11.7259 -8.07107
11.5736 -8.07107
11.4213 -8.22335
11.269 -8.37563
11.269 -8.52792
11.1168 -8.6802
10.9645 -8.83249
10.8122 -8.98477
10.8122 -9.13706
10.6599 -9.28934
10.5076 -9.28934
10.3553 -9.44162
10.203 -9.59391
10.0508 -9.74619
9.89848 -9.89848
9.74619 -9.89848
9.59391 -10.0508
9.44162 -10.203
9.28934 -10.203
9.13706 -10.3553
8.98477 -10.5076
8.83249 -10.5076
8.6802 -10.6599
8.52792 -10.6599
8.37563 -10.8122
8.22335 -10.8122
7.91878 -10.9645
7.7665 -10.9645
7.61421 -10.9645
7.46193 -11.1168
7.30964 -11.1168
7.00508 -11.1168
6.85279 -11.269
6.70051 -11.269
6.54822 -11.269
6.24365 -11.269
6.09137 -11.4213
5.93909 -11.4213
5.7868 -11.4213
5.48223 -11.4213
5.32995 -11.4213
5.17766 -11.4213
5.02538 -11.4213
4.72081 -11.4213
4.56853 -11.4213
4.41624 -11.4213
4.11168 -11.4213
3.95939 -11.4213
3.80711 -11.4213
3.50254 -11.4213
3.35025 -11.4213
3.19797 -11.4213
2.8934 -11.269
2.74112 -11.269
2.58883 -11.269
2.43655 -11.269
2.13198 -11.1168
1.9797 -11.1168
1.82741 -11.1168
1.52284 -10.9645
1.37056 -10.9645
1.21827 -10.8122
1.06599 -10.8122
0.761421 -10.6599
0.609137 -10.6599
0.456853 -10.5076
0.304569 -10.3553
0.152284 -10.3553
0 -10.203
-0.304569 -10.0508
-0.456853 -9.89848
-0.609137 -9.89848
-0.761421 -9.74619
-0.913706 -9.59391
-1.06599 -9.44162
-1.21827 -9.28934
-1.37056 -9.13706
-1.52284 -8.98477
-1.52284 -8.83249
-1.67513 -8.6802
-1.82741 -8.52792
-1.9797 -8.37563
-2.13198 -8.22335
-2.28426 -8.07107
-2.28426 -7.91878
-2.43655 -7.7665
-2.58883 -7.61421
-2.58883 -7.46193
-2.74112 -7.15736
-2.8934 -7.00508
-2.8934 -6.85279
-3.04569 -6.70051
-3.19797 -6.54822
-3.19797 -6.39594
-3.35025 -6.09137
-3.35025 -5.93909
-3.50254 -5.7868
-3.50254 -5.63452
-3.65482 -5.48223
-3.65482 -5.17766
-3.65482 -5.02538
-3.80711 -4.8731
-3.80711 -4.72081
-3.80711 -4.56853
-3.95939 -4.26396
-3.95939 -4.11168
-3.95939 -3.95939
-3.95939 -3.80711
-4.11168 -3.50254
-4.11168 -3.35025
-4.11168 -3.19797
-4.11168 -3.04569
-4.11168 -2.74112
-4.11168 -2.58883
-4.11168 -2.43655
-4.11168 -2.28426
-4.11168 -1.9797
-4.11168 -1.82741
-4.11168 -1.67513
-4.11168 -1.52284
-4.11168 -1.21827
-3.95939 -1.06599
-3.95939 -0.913706
-3.95939 -0.761421
-3.95939 -0.609137
-3.95939 -0.456853
-3.80711 -0.152284
-3.80711 0
-3.80711 0.152284
-3.65482 0.304569
-3.65482 0.456853
-3.65482 0.609137
-3.50254 0.761421
-3.50254 1.06599
-3.35025 1.21827
-3.35025 1.37056
-3.19797 1.52284
-3.19797 1.67513
-3.04569 1.82741
-3.04569 1.9797
-2.8934 2.13198
-2.8934 2.28426
-2.74112 2.43655
-2.74112 2.58883
-2.58883 2.74112
-2.58883 2.8934
-2.43655 3.04569
-2.43655 3.19797
-2.28426 3.35025
-2.28426 3.35025
-2.13198 3.50254
-1.9797 3.65482
-1.9797 3.80711
-1.82741 3.95939
-1.82741 4.11168
-1.67513 4.26396
-1.52284 4.41624
-1.52284 4.56853
-1.37056 4.56853
-1.37056 4.72081
-1.21827 4.8731
-1.06599 5.02538
-1.06599 5.17766
-0.913706 5.32995
-0.761421 5.32995
-0.761421 5.48223
-0.609137 5.63452
-0.456853 5.7868
-0.456853 5.93909
-0.304569 5.93909
-0.152284 6.09137
0 6.24365
0 6.39594
0.152284 6.39594
0.304569 6.54822
0.456853 6.70051
0.456853 6.85279
0.609137 6.85279
0.761421 7.00508
0.913706 7.15736
1.06599 7.15736
1.06599 7.30964
1.21827 7.46193
1.37056 7.46193
1.52284 7.61421
1.67513 7.61421
1.82741 7.7665
1.9797 7.91878
2.13198 7.91878
2.28426 8.07107
2.28426 8.07107
2.43655 8.22335
2.58883 8.22335
2.74112 8.37563
2.8934 8.37563
3.04569 8.52792
3.19797 8.52792
3.35025 8.6802
3.50254 8.6802
3.65482 8.83249
3.80711 8.83249
3.95939 8.98477
4.11168 8.98477
4.26396 9.13706
4.41624 9.13706
4.56853 9.28934
4.72081 9.28934
4.8731 9.44162
5.02538 9.59391
5.32995 9.59391
5.48223 9.74619
5.63452 9.74619
5.7868 9.89848
5.93909 10.0508
6.09137 10.0508
6.24365 10.203
6.54822 10.3553
6.70051 10.3553
6.85279 10.5076
7.15736 10.5076
7.30964 10.6599
7.46193 10.8122
7.7665 10.8122
7.91878 10.8122
8.07107 10.9645
8.37563 10.9645
8.52792 10.9645
8.6802 10.9645
8.98477 11.1168
9.13706 11.1168
9.44162 11.1168
9.59391 10.9645
9.74619 10.9645
10.0508 10.9645
10.203 10.9645
10.3553 10.8122
10.6599 10.6599
10.8122 10.6599
10.9645 10.5076
11.1168 10.3553
11.269 10.3553
11.4213 10.203
11.5736 10.0508
11.7259 9.89848
11.8782 9.74619
12.0305 9.59391
12.1827 9.44162
12.335 9.28934
12.4873 9.13706
12.6396 8.98477
12.7919 8.83249
12.7919 8.6802
12.9442 8.52792
13.0964 8.37563
13.2487 8.22335
13.401 8.07107
13.5533 7.91878
13.5533 7.7665
13.7056 7.61421
13.8579 7.46193
14.0102 7.30964
14.1624 7.15736
14.3147 7.15736
14.467 7.00508
14.6193 6.85279
14.7716 6.70051
14.9239 6.54822
15.0761 6.39594
15.2284 6.39594
15.3807 6.24365
15.533 6.09137
15.6853 5.93909
15.8376 5.7868
15.9898 5.63452
16.1421 5.48223
16.2944 5.32995
16.4467 5.17766
16.599 5.02538
16.7513 4.8731
16.7513 4.72081
16.9036 4.56853
17.0558 4.41624
17.0558 4.26396
17.2081 3.95939
17.3604 3.80711
17.3604 3.65482
17.3604 3.50254
17.5127 3.19797
17.5127 3.04569
17.5127 2.8934
17.5127 2.58883
17.5127 2.43655
17.5127 2.28426
17.5127 1.9797
17.5127 1.82741
17.5127 1.52284
17.5127 1.37056
17.3604 1.21827
17.3604 0.913706
17.3604 0.761421
17.2081 0.609137
17.2081 0.304569
17.0558 0.152284
16.9036 0
16.9036 -0.152284
