16.7513 -0.609137
16.599 -0.761421
16.4467 -1.06599
16.2944 -1.21827
16.1421 -1.37056
15.9898 -1.52284
15.8376 -1.67513
15.6853 -1.82741
15.533 -1.9797
15.533 -2.13198
15.3807 -2.28426
15.3807 -2.43655
15.2284 -2.58883
15.2284 -2.74112
15.0761 -2.8934
15.0761 -3.04569
14.9239 -3.19797
14.9239 -3.35025
14.7716 -3.50254
14.7716 -3.65482
14.7716 -3.80711
14.6193 -3.95939
14.6193 -4.11168
14.467 -4.26396
14.467 -4.26396
14.3147 -4.41624
14.3147 -4.56853
14.1624 -4.72081
14.1624 -4.8731
14.0102 -5.02538
14.0102 -5.17766
13.8579 -5.32995
13.7056 -5.32995
13.7056 -5.48223
13.5533 -5.63452
13.401 -5.7868
13.401 -5.93909
13.2487 -5.93909
13.0964 -6.09137
13.0964 -6.24365
12.9442 -6.39594
12.7919 -6.39594
12.7919 -6.54822
12.6396 -6.70051
12.4873 -6.85279
12.4873 -6.85279
12.335 -7.00508
12.1827 -7.15736
12.1827 -7.30964
12.0305 -7.46193
11.8782 -7.46193
11.8782 -7.61421
11.7259 -7.7665
11.7259 -7.91878
11.5736 -8.07107
11.4213 -8.22335
11.269 -8.37563
11.269 -8.37563
11.1168 -8.52792
10.9645 -8.6802
10.9645 -8.83249
10.8122 -8.98477
10.6599 -9.13706
10.5076 -9.28934
10.3553 -9.28934
10.3553 -9.44162
10.203 -9.59391
10.0508 -9.74619
9.89848 -9.89848
9.74619 -9.89848
9.59391 -10.0508
9.44162 -10.203
9.28934 -10.3553
9.13706 -10.3553
8.98477 -10.5076
8.83249 -10.5076
8.6802 -10.6599
8.52792 -10.8122
8.37563 -10.8122
8.22335 -10.9645
7.91878 -10.9645
7.7665 -10.9645
7.61421 -11.1168
7.46193 -11.1168
7.30964 -11.269
7.15736 -11.269
6.85279 -11.269
6.70051 -11.269
6.54822 -11.4213
6.39594 -11.4213
6.24365 -11.4213
5.93909 -11.4213
5.7868 -11.4213
5.63452 -11.5736
5.48223 -11.5736
5.17766 -11.5736
5.02538 -11.5736
4.8731 -11.5736
4.56853 -11.5736
4.41624 -11.5736
4.26396 -11.5736
4.11168 -11.5736
3.80711 -11.5736
3.65482 -11.5736
3.50254 -11.5736
3.19797 -11.5736
3.04569 -11.4213
2.8934 -11.4213
2.74112 -11.4213
2.43655 -11.4213
2.28426 -11.269
2.13198 -11.269
1.82741 -11.269
1.67513 -11.1168
1.52284 -11.1168
1.37056 -11.1168
1.06599 -10.9645
0.913706 -10.9645
0.761421 -10.8122
0.609137 -10.8122
0.456853 -10.6599
0.152284 -10.5076
0 -10.5076
-0.152284 -10.3553
-0.304569 -10.203
-0.456853 -10.0508
-0.609137 -10.0508
-0.761421 -9.89848
-0.913706 -9.74619
-1.06599 -9.59391
-1.21827 -9.44162
-1.37056 -9.28934
-1.52284 -9.13706
-1.67513 -8.98477
-1.82741 -8.83249
-1.82741 -8.6802
-1.9797 -8.52792
-2.13198 -8.37563
-2.28426 -8.22335
-2.43655 -8.07107
-2.43655 -7.91878
-2.58883 -7.7665
-2.74112 -7.61421
-2.74112 -7.46193
-2.8934 -7.30964
-3.04569 -7.00508
-3.04569 -6.85279
-3.19797 -6.70051
-3.19797 -6.54822
-3.35025 -6.39594
-3.35025 -6.24365
-3.50254 -5.93909
-3.50254 -5.7868
-3.65482 -5.63452
-3.65482 -5.48223
-3.80711 -5.32995
-3.80711 -5.02538
-3.80711 -4.8731
-3.95939 -4.72081
-3.95939 -4.56853
-3.95939 -4.41624
-4.11168 -4.11168
-4.11168 -3.95939
-4.11168 -3.80711
-4.11168 -3.65482
-4.11168 -3.35025
-4.11168 -3.19797
-4.11168 -3.04569
-4.11168 -2.8934
-4.11168 -2.58883
-4.11168 -2.43655
-4.11168 -2.28426
-4.11168 -2.13198
-4.11168 -1.9797
-4.11168 -1.67513
-4.11168 -1.52284
-4.11168 -1.37056
-4.11168 -1.21827
-3.95939 -1.06599
-3.95939 -0.761421
-3.95939 -0.609137
-3.95939 -0.456853
-3.80711 -0.304569
-3.80711 -0.152284
-3.80711 0
-3.65482 0.152284
-3.65482 0.456853
-3.65482 0.609137
-3.50254 0.761421
-3.50254 0.913706
-3.50254 1.06599
-3.35025 1.21827
-3.35025 1.37056
-3.19797 1.52284
-3.19797 1.67513
-3.04569 1.82741
-3.04569 1.9797
-2.8934 2.13198
-2.8934 2.28426
-2.74112 2.43655
-2.74112 2.58883
-2.58883 2.74112
-2.58883 2.8934
-2.43655 3.04569
-2.43655 3.19797
-2.28426 3.35025
-2.28426 3.50254
-2.13198 3.65482
-2.13198 3.80711
-1.9797 3.80711
-1.82741 3.95939
-1.82741 4.11168
-1.67513 4.26396
-1.67513 4.41624
-1.52284 4.56853
-1.37056 4.72081
-1.37056 4.72081
-1.21827 4.8731
-1.06599 5.02538
-1.06599 5.17766
-0.913706 5.32995
-0.761421 5.48223
-0.609137 5.48223
-0.609137 5.63452
-0.456853 5.7868
-0.304569 5.93909
-0.304569 5.93909
-0.152284 6.09137
0 6.24365
0.152284 6.39594
0.304569 6.39594
0.304569 6.54822
0.456853 6.70051
0.609137 6.70051
0.761421 6.85279
0.913706 7.00508
0.913706 7.00508
1.06599 7.15736
1.21827 7.30964
1.37056 7.30964
1.52284 7.46193
1.67513 7.61421
1.82741 7.61421
1.82741 7.7665
1.9797 7.7665
2.13198 7.91878
2.28426 8.07107
2.43655 8.07107
2.58883 8.22335
2.74112 8.22335
2.8934 8.37563
3.04569 8.52792
3.19797 8.52792
3.35025 8.6802
3.50254 8.6802
3.65482 8.83249
3.80711 8.98477
3.95939 8.98477
4.11168 9.13706
4.26396 9.13706
4.41624 9.28934
4.56853 9.44162
4.72081 9.44162
4.8731 9.59391
5.02538 9.74619
5.32995 9.74619
5.48223 9.89848
5.63452 10.0508
5.7868 10.0508
5.93909 10.203
6.24365 10.3553
6.39594 10.3553
6.54822 10.5076
6.70051 10.5076
7.00508 10.6599
7.15736 10.6599
7.30964 10.8122
7.61421 10.8122
7.7665 10.9645
8.07107 10.9645
8.22335 10.9645
8.37563 10.9645
8.6802 11.1168
8.83249 11.1168
9.13706 11.1168
9.28934 11.1168
9.59391 10.9645
9.74619 10.9645
9.89848 10.9645
10.203 10.8122
10.3553 10.8122
10.5076 10.6599
10.6599 10.6599
10.9645 10.5076
11.1168 10.3553
11.269 10.203
11.4213 10.203
11.5736 10.0508
11.7259 9.89848
11.8782 9.74619
12.0305 9.59391
12.1827 9.44162
12.335 9.28934
12.4873 9.13706
12.6396 8.98477
12.7919 8.83249
12.9442 8.6802
13.0964 8.37563
13.0964 8.22335
13.2487 8.07107
13.401 7.91878
13.5533 7.7665
13.7056 7.61421
13.8579 7.61421
14.0102 7.46193
14.0102 7.30964
14.1624 7.15736
14.3147 7.00508
14.467 6.85279
14.6193 6.70051
14.7716 6.54822
14.9239 6.39594
15.0761 6.24365
15.2284 6.09137
15.3807 6.09137
15.533 5.93909
15.6853 5.7868
15.8376 5.63452
15.8376 5.48223
15.9898 5.32995
16.1421 5.17766
16.2944 4.8731
16.4467 4.72081
16.4467 4.56853
16.599 4.41624
16.7513 4.26396
16.7513 4.11168
16.9036 3.80711
16.9036 3.65482
16.9036 3.50254
17.0558 3.35025
17.0558 3.04569
17.0558 2.8934
17.0558 2.74112
17.0558 2.43655
17.0558 2.28426
17.2081 2.13198
17.2081 1.82741
17.0558 1.67513
17.0558 1.52284
17.0558 1.21827
17.0558 1.06599
17.0558 0.913706
17.0558 0.761421
17.0558 0.456853
17.0558 0.304569
16.9036 0.152284
16.9036 -0.152284
16.9036 -0.304569
16.9036 -0.456853
