16.599 -0.761421
16.2944 -1.06599
16.1421 -1.21827
15.9898 -1.37056
15.8376 -1.52284
15.6853 -1.67513
15.533 -1.82741
15.3807 -1.9797
15.3807 -2.13198
15.2284 -2.28426
15.0761 -2.43655
15.0761 -2.58883
14.9239 -2.74112
14.9239 -2.8934
14.9239 -3.04569
14.7716 -3.19797
14.7716 -3.35025
14.7716 -3.50254
14.7716 -3.65482
14.6193 -3.80711
14.6193 -3.95939
14.6193 -4.11168
14.467 -4.26396
14.467 -4.41624
14.467 -4.56853
14.3147 -4.72081
14.3147 -4.8731
14.1624 -4.8731
14.1624 -5.02538
14.0102 -5.17766
14.0102 -5.32995
13.8579 -5.48223
13.8579 -5.63452
13.7056 -5.7868
13.5533 -5.7868
13.5533 -5.93909
13.401 -6.09137
13.2487 -6.24365
13.2487 -6.39594
13.0964 -6.39594
12.9442 -6.54822
12.9442 -6.70051
12.7919 -6.85279
12.6396 -6.85279
12.6396 -7.00508
12.4873 -7.15736
12.335 -7.30964
12.1827 -7.30964
12.1827 -7.46193
12.0305 -7.61421
11.8782 -7.7665
11.8782 -7.7665
11.7259 -7.91878
11.5736 -8.07107
11.5736 -8.22335
11.4213 -8.37563
11.269 -8.37563
11.1168 -8.52792
11.1168 -8.6802
10.9645 -8.83249
10.8122 -8.98477
10.6599 -9.13706
10.6599 -9.13706
10.5076 -9.28934
10.3553 -9.44162
10.203 -9.59391
10.0508 -9.74619
9.89848 -9.74619
9.89848 -9.89848
9.74619 -10.0508
9.59391 -10.203
9.44162 -10.203
9.28934 -10.3553
9.13706 -10.5076
8.98477 -10.5076
8.83249 -10.6599
8.6802 -10.8122
8.52792 -10.8122
8.37563 -10.9645
8.07107 -10.9645
7.91878 -11.1168
7.7665 -11.1168
7.61421 -11.269
7.46193 -11.269
7.30964 -11.269
7.15736 -11.4213
6.85279 -11.4213
6.70051 -11.4213
6.54822 -11.5736
6.39594 -11.5736
6.09137 -11.5736
5.93909 -11.5736
5.7868 -11.7259
5.63452 -11.7259
5.32995 -11.7259
5.17766 -11.7259
5.02538 -11.7259
4.8731 -11.7259
4.56853 -11.7259
4.41624 -11.7259
4.26396 -11.7259
3.95939 -11.7259
3.80711 -11.7259
3.65482 -11.7259
3.50254 -11.7259
3.19797 -11.7259
3.04569 -11.7259
2.8934 -11.7259
2.58883 -11.5736
2.43655 -11.5736
2.28426 -11.5736
2.13198 -11.5736
1.82741 -11.4213
1.67513 -11.4213
1.52284 -11.269
1.37056 -11.269
1.06599 -11.1168
0.913706 -11.1168
0.761421 -10.9645
0.609137 -10.9645
0.304569 -10.8122
0.152284 -10.8122
0 -10.6599
-0.152284 -10.5076
-0.304569 -10.3553
-0.456853 -10.3553
-0.609137 -10.203
-0.761421 -10.0508
-0.913706 -9.89848
-1.06599 -9.74619
-1.21827 -9.59391
-1.37056 -9.44162
-1.52284 -9.44162
-1.67513 -9.28934
-1.82741 -9.13706
-1.9797 -8.98477
-1.9797 -8.83249
-2.13198 -8.52792
-2.28426 -8.37563
-2.43655 -8.22335
-2.58883 -8.07107
-2.58883 -7.91878
-2.74112 -7.7665
-2.8934 -7.61421
-2.8934 -7.46193
-3.04569 -7.30964
-3.04569 -7.00508
-3.19797 -6.85279
-3.19797 -6.70051
-3.35025 -6.54822
-3.35025 -6.39594
-3.50254 -6.09137
-3.50254 -5.93909
-3.65482 -5.7868
-3.65482 -5.63452
-3.65482 -5.48223
-3.80711 -5.17766
-3.80711 -5.02538
-3.80711 -4.8731
-3.95939 -4.72081
-3.95939 -4.56853
-3.95939 -4.26396
-3.95939 -4.11168
-3.95939 -3.95939
-4.11168 -3.80711
-4.11168 -3.50254
-4.11168 -3.35025
-4.11168 -3.19797
-4.11168 -3.04569
-4.11168 -2.8934
-4.11168 -2.58883
-4.11168 -2.43655
-4.11168 -2.28426
-4.11168 -2.13198
-4.11168 -1.9797
-4.11168 -1.67513
-4.11168 -1.52284
-4.11168 -1.37056
-4.11168 -1.21827
-4.11168 -1.06599
-4.11168 -0.761421
-3.95939 -0.609137
-3.95939 -0.456853
-3.95939 -0.304569
-3.95939 -0.152284
-3.95939 0
-3.80711 0.152284
-3.80711 0.456853
-3.80711 0.609137
-3.65482 0.761421
-3.65482 0.913706
-3.65482 1.06599
-3.50254 1.21827
-3.50254 1.37056
-3.35025 1.52284
-3.35025 1.67513
-3.19797 1.82741
-3.19797 1.9797
-3.04569 2.13198
-3.04569 2.28426
-2.8934 2.43655
-2.74112 2.58883
-2.74112 2.74112
-2.58883 2.8934
-2.58883 3.04569
-2.43655 3.19797
-2.28426 3.35025
-2.28426 3.50254
-2.13198 3.50254
-1.9797 3.65482
-1.9797 3.80711
-1.82741 3.95939
-1.67513 4.11168
-1.52284 4.26396
-1.52284 4.26396
-1.37056 4.41624
-1.21827 4.56853
-1.21827 4.72081
-1.06599 4.8731
-0.913706 4.8731
-0.913706 5.02538
-0.761421 5.17766
-0.609137 5.32995
-0.456853 5.48223
-0.456853 5.48223
-0.304569 5.63452
-0.152284 5.7868
-0.152284 5.93909
0 5.93909
0.152284 6.09137
0.304569 6.24365
0.304569 6.39594
0.456853 6.39594
0.609137 6.54822
0.761421 6.70051
0.913706 6.70051
0.913706 6.85279
1.06599 7.00508
1.21827 7.00508
1.37056 7.15736
1.52284 7.30964
1.67513 7.30964
1.67513 7.46193
1.82741 7.61421
1.9797 7.61421
2.13198 7.7665
2.28426 7.91878
2.43655 7.91878
2.58883 8.07107
2.74112 8.07107
2.8934 8.22335
3.04569 8.22335
3.19797 8.37563
3.35025 8.52792
3.50254 8.52792
3.65482 8.6802
3.80711 8.6802
3.95939 8.83249
4.11168 8.98477
4.26396 8.98477
4.41624 9.13706
4.56853 9.28934
4.72081 9.28934
4.8731 9.44162
5.02538 9.44162
5.17766 9.59391
5.48223 9.74619
5.63452 9.74619
5.7868 9.89848
5.93909 10.0508
6.09137 10.0508
6.39594 10.203
6.54822 10.3553
6.70051 10.3553
7.00508 10.5076
7.15736 10.5076
7.30964 10.6599
7.61421 10.6599
7.7665 10.8122
8.07107 10.8122
8.22335 10.8122
8.37563 10.9645
8.6802 10.9645
8.83249 10.9645
9.13706 10.9645
9.28934 10.9645
9.59391 10.9645
9.74619 10.8122
9.89848 10.8122
10.203 10.8122
10.3553 10.6599
10.5076 10.5076
10.6599 10.5076
10.9645 10.3553
11.1168 10.203
11.269 10.0508
11.4213 9.89848
11.5736 9.89848
11.7259 9.74619
11.8782 9.59391
12.0305 9.44162
12.1827 9.13706
12.335 8.98477
12.4873 8.83249
12.6396 8.6802
12.7919 8.52792
12.7919 8.37563
12.9442 8.22335
13.0964 8.07107
13.2487 7.91878
13.401 7.7665
13.5533 7.61421
13.5533 7.46193
13.7056 7.30964
13.8579 7.15736
14.0102 7.00508
14.1624 6.85279
14.3147 6.70051
14.467 6.54822
14.6193 6.54822
14.7716 6.39594
14.9239 6.24365
15.0761 6.09137
15.2284 5.93909
15.3807 5.7868
15.3807 5.63452
15.533 5.48223
15.6853 5.32995
15.8376 5.17766
15.9898 5.02538
16.1421 4.8731
16.2944 4.72081
16.4467 4.56853
16.599 4.41624
16.599 4.26396
16.7513 4.11168
16.9036 3.95939
17.0558 3.80711
17.0558 3.65482
17.2081 3.35025
17.2081 3.19797
17.3604 3.04569
17.3604 2.74112
17.3604 2.58883
17.5127 2.43655
17.5127 2.13198
17.5127 1.9797
17.5127 1.82741
17.5127 1.52284
17.5127 1.37056
17.5127 1.21827
17.5127 0.913706
17.3604 0.761421
17.3604 0.609137
17.2081 0.304569
17.2081 0.152284
17.0558 0
17.0558 -0.304569
16.9036 -0.456853
16.7513 -0.609137
