15.8376 -0.913706
15.8376 -1.21827
15.8376 -1.37056
15.8376 -1.52284
15.6853 -1.67513
15.6853 -1.82741
15.6853 -1.9797
15.533 -2.13198
15.533 -2.28426
15.533 -2.43655
15.3807 -2.58883
15.3807 -2.74112
15.3807 -2.8934
15.2284 -3.04569
15.2284 -3.19797
15.0761 -3.35025
15.0761 -3.50254
14.9239 -3.65482
14.9239 -3.80711
14.7716 -3.95939
14.7716 -4.11168
14.6193 -4.26396
14.6193 -4.41624
14.467 -4.56853
14.467 -4.72081
14.3147 -4.72081
14.3147 -4.8731
14.1624 -5.02538
14.0102 -5.17766
14.0102 -5.32995
13.8579 -5.48223
13.8579 -5.63452
13.7056 -5.63452
13.7056 -5.7868
13.5533 -5.93909
13.401 -6.09137
13.401 -6.24365
13.2487 -6.39594
13.2487 -6.39594
13.0964 -6.54822
12.9442 -6.70051
12.9442 -6.85279
12.7919 -7.00508
12.6396 -7.00508
12.6396 -7.15736
12.4873 -7.30964
12.335 -7.46193
12.335 -7.61421
12.1827 -7.61421
12.0305 -7.7665
12.0305 -7.91878
11.8782 -8.07107
11.7259 -8.22335
11.7259 -8.22335
11.5736 -8.37563
11.4213 -8.52792
11.269 -8.6802
11.269 -8.83249
11.1168 -8.83249
10.9645 -8.98477
10.8122 -9.13706
10.6599 -9.28934
10.6599 -9.28934
10.5076 -9.44162
10.3553 -9.59391
10.203 -9.74619
10.0508 -9.74619
9.89848 -9.89848
9.74619 -10.0508
9.59391 -10.0508
9.44162 -10.203
9.44162 -10.3553
9.28934 -10.3553
9.13706 -10.5076
8.98477 -10.6599
8.83249 -10.6599
8.52792 -10.8122
8.37563 -10.8122
8.22335 -10.9645
8.07107 -10.9645
7.91878 -11.1168
7.7665 -11.1168
7.61421 -11.269
7.46193 -11.269
7.30964 -11.4213
7.00508 -11.4213
6.85279 -11.5736
6.70051 -11.5736
6.54822 -11.5736
6.39594 -11.7259
6.09137 -11.7259
5.93909 -11.7259
5.7868 -11.8782
5.63452 -11.8782
5.32995 -11.8782
5.17766 -12.0305
5.02538 -12.0305
4.8731 -12.0305
4.56853 -12.0305
4.41624 -12.0305
4.26396 -12.0305
3.95939 -12.0305
3.80711 -12.0305
3.65482 -12.0305
3.35025 -12.0305
3.19797 -12.0305
3.04569 -12.0305
2.74112 -12.0305
2.58883 -12.0305
2.28426 -12.0305
2.13198 -12.0305
1.9797 -11.8782
1.67513 -11.8782
1.52284 -11.8782
1.37056 -11.7259
1.21827 -11.7259
0.913706 -11.7259
0.761421 -11.5736
0.609137 -11.4213
0.304569 -11.4213
0.152284 -11.269
0 -11.269
-0.152284 -11.1168
-0.304569 -10.9645
-0.456853 -10.8122
-0.609137 -10.6599
-0.761421 -10.6599
-1.06599 -10.5076
-1.21827 -10.3553
-1.21827 -10.203
-1.37056 -10.0508
-1.52284 -9.89848
-1.67513 -9.74619
-1.82741 -9.59391
-1.9797 -9.44162
-2.13198 -9.28934
-2.28426 -9.13706
-2.28426 -8.83249
-2.43655 -8.6802
-2.58883 -8.52792
-2.58883 -8.37563
-2.74112 -8.22335
-2.8934 -8.07107
-2.8934 -7.7665
-3.04569 -7.61421
-3.19797 -7.46193
-3.19797 -7.30964
-3.35025 -7.15736
-3.35025 -6.85279
-3.50254 -6.70051
-3.50254 -6.54822
-3.50254 -6.39594
-3.65482 -6.24365
-3.65482 -5.93909
-3.80711 -5.7868
-3.80711 -5.63452
-3.80711 -5.48223
-3.95939 -5.32995
-3.95939 -5.02538
-3.95939 -4.8731
-4.11168 -4.72081
-4.11168 -4.56853
-4.11168 -4.26396
-4.11168 -4.11168
-4.11168 -3.95939
-4.26396 -3.80711
-4.26396 -3.50254
-4.26396 -3.35025
-4.26396 -3.19797
-4.26396 -3.04569
-4.26396 -2.74112
-4.26396 -2.58883
-4.26396 -2.43655
-4.26396 -2.28426
-4.26396 -2.13198
-4.26396 -1.82741
-4.26396 -1.67513
-4.26396 -1.52284
-4.26396 -1.37056
-4.26396 -1.21827
-4.11168 -0.913706
-4.11168 -0.761421
-4.11168 -0.609137
-4.11168 -0.456853
-3.95939 -0.304569
-3.95939 -0.152284
-3.95939 0.152284
-3.80711 0.304569
-3.80711 0.456853
-3.80711 0.609137
-3.65482 0.761421
-3.65482 0.913706
-3.50254 1.06599
-3.50254 1.21827
-3.35025 1.37056
-3.35025 1.52284
-3.19797 1.67513
-3.19797 1.82741
-3.04569 1.9797
-3.04569 2.13198
-2.8934 2.28426
-2.74112 2.43655
-2.74112 2.58883
-2.58883 2.74112
-2.43655 2.8934
-2.43655 3.04569
-2.28426 3.19797
-2.13198 3.35025
-2.13198 3.35025
-1.9797 3.50254
-1.82741 3.65482
-1.82741 3.80711
-1.67513 3.95939
-1.52284 4.11168
-1.52284 4.11168
-1.37056 4.26396
-1.21827 4.41624
-1.21827 4.56853
-1.06599 4.72081
-0.913706 4.72081
-0.913706 4.8731
-0.761421 5.02538
-0.609137 5.17766
-0.609137 5.32995
-0.456853 5.32995
-0.304569 5.48223
-0.152284 5.63452
-0.152284 5.7868
0 5.93909
0.152284 5.93909
0.152284 6.09137
0.304569 6.24365
0.456853 6.39594
0.609137 6.39594
0.761421 6.54822
0.761421 6.70051
0.913706 6.70051
1.06599 6.85279
1.21827 7.00508
1.37056 7.00508
1.52284 7.15736
1.67513 7.15736
1.82741 7.30964
1.9797 7.30964
2.13198 7.46193
2.13198 7.46193
2.28426 7.61421
2.43655 7.61421
2.58883 7.7665
2.74112 7.7665
2.8934 7.7665
3.04569 7.91878
3.19797 7.91878
3.35025 8.07107
3.50254 8.07107
3.65482 8.07107
3.80711 8.22335
3.95939 8.22335
4.11168 8.37563
4.26396 8.37563
4.41624 8.52792
4.56853 8.52792
4.8731 8.6802
5.02538 8.83249
5.17766 8.83249
5.32995 8.98477
5.48223 9.13706
5.63452 9.13706
5.7868 9.28934
5.93909 9.44162
6.09137 9.59391
6.39594 9.59391
6.54822 9.74619
6.70051 9.89848
6.85279 10.0508
7.15736 10.0508
7.30964 10.203
7.61421 10.3553
7.7665 10.3553
7.91878 10.5076
8.22335 10.5076
8.37563 10.6599
8.6802 10.6599
8.83249 10.6599
9.13706 10.6599
9.28934 10.6599
9.44162 10.6599
9.74619 10.6599
9.89848 10.6599
10.203 10.6599
10.3553 10.5076
10.5076 10.5076
10.8122 10.3553
10.9645 10.3553
11.1168 10.203
11.269 10.0508
11.4213 9.89848
11.5736 9.74619
11.7259 9.59391
11.8782 9.44162
12.0305 9.28934
12.1827 9.13706
12.335 8.98477
12.4873 8.83249
12.6396 8.6802
12.7919 8.52792
12.9442 8.37563
13.0964 8.22335
13.0964 7.91878
13.2487 7.7665
13.401 7.61421
13.5533 7.46193
13.7056 7.30964
13.8579 7.30964
14.0102 7.15736
14.1624 7.00508
14.3147 6.85279
14.467 6.70051
14.6193 6.54822
14.7716 6.39594
14.9239 6.39594
15.0761 6.24365
15.2284 6.09137
15.3807 5.93909
15.533 5.7868
15.6853 5.63452
15.8376 5.48223
15.9898 5.48223
16.1421 5.32995
16.2944 5.17766
16.4467 5.02538
16.599 4.72081
16.7513 4.56853
16.7513 4.41624
16.9036 4.26396
17.0558 4.11168
17.0558 3.95939
17.2081 3.65482
17.2081 3.50254
17.3604 3.35025
17.3604 3.04569
17.3604 2.8934
17.3604 2.74112
17.3604 2.43655
17.3604 2.28426
17.3604 1.9797
17.3604 1.82741
17.3604 1.52284
17.2081 1.37056
17.2081 1.21827
17.0558 0.913706
17.0558 0.761421
16.9036 0.456853
16.7513 0.304569
16.599 0.152284
16.4467 0
16.2944 -0.304569
16.1421 -0.456853
15.9898 -0.609137
15.8376 -0.761421
