16.1421 -1.06599
16.1421 -1.21827
15.9898 -1.52284
15.9898 -1.67513
15.9898 -1.82741
15.8376 -1.9797
15.8376 -2.13198
15.8376 -2.28426
15.6853 -2.43655
15.6853 -2.58883
15.533 -2.74112
15.533 -2.8934
15.3807 -3.04569
15.3807 -3.19797
15.2284 -3.35025
15.2284 -3.50254
15.0761 -3.65482
14.9239 -3.80711
14.9239 -3.95939
14.7716 -4.11168
14.7716 -4.26396
14.6193 -4.41624
14.6193 -4.41624
14.467 -4.56853
14.3147 -4.72081
14.3147 -4.8731
14.1624 -5.02538
14.1624 -5.17766
14.0102 -5.32995
13.8579 -5.32995
13.8579 -5.48223
13.7056 -5.63452
13.7056 -5.7868
13.5533 -5.93909
13.5533 -5.93909
13.401 -6.09137
13.2487 -6.24365
13.2487 -6.39594
13.0964 -6.54822
13.0964 -6.70051
12.9442 -6.70051
12.7919 -6.85279
12.7919 -7.00508
12.6396 -7.15736
12.4873 -7.15736
12.4873 -7.30964
12.335 -7.46193
12.335 -7.61421
12.1827 -7.7665
12.0305 -7.7665
12.0305 -7.91878
11.8782 -8.07107
11.7259 -8.22335
11.5736 -8.37563
11.5736 -8.37563
11.4213 -8.52792
11.269 -8.6802
11.269 -8.83249
11.1168 -8.98477
10.9645 -8.98477
10.8122 -9.13706
10.6599 -9.28934
10.6599 -9.44162
10.5076 -9.44162
10.3553 -9.59391
10.203 -9.74619
10.0508 -9.74619
9.89848 -9.89848
9.74619 -10.0508
9.74619 -10.203
9.59391 -10.203
9.44162 -10.3553
9.28934 -10.5076
9.13706 -10.5076
8.98477 -10.6599
8.83249 -10.6599
8.6802 -10.8122
8.52792 -10.9645
8.37563 -10.9645
8.22335 -11.1168
7.91878 -11.1168
7.7665 -11.269
7.61421 -11.269
7.46193 -11.4213
7.30964 -11.4213
7.15736 -11.5736
7.00508 -11.5736
6.70051 -11.7259
6.54822 -11.7259
6.39594 -11.7259
6.24365 -11.8782
6.09137 -11.8782
5.7868 -11.8782
5.63452 -12.0305
5.48223 -12.0305
5.17766 -12.0305
5.02538 -12.1827
4.8731 -12.1827
4.72081 -12.1827
4.41624 -12.1827
4.26396 -12.335
4.11168 -12.335
3.80711 -12.335
3.65482 -12.335
3.35025 -12.335
3.19797 -12.335
3.04569 -12.335
2.74112 -12.335
2.58883 -12.335
2.28426 -12.335
2.13198 -12.335
1.9797 -12.335
1.67513 -12.335
1.52284 -12.1827
1.21827 -12.1827
1.06599 -12.1827
0.913706 -12.0305
0.609137 -12.0305
0.456853 -11.8782
0.304569 -11.8782
0 -11.7259
-0.152284 -11.5736
-0.304569 -11.5736
-0.456853 -11.4213
-0.609137 -11.269
-0.761421 -11.1168
-1.06599 -11.1168
-1.21827 -10.9645
-1.37056 -10.8122
-1.52284 -10.6599
-1.67513 -10.5076
-1.82741 -10.3553
-1.9797 -10.203
-1.9797 -9.89848
-2.13198 -9.74619
-2.28426 -9.59391
-2.43655 -9.44162
-2.58883 -9.28934
-2.58883 -9.13706
-2.74112 -8.83249
-2.8934 -8.6802
-2.8934 -8.52792
-3.04569 -8.37563
-3.19797 -8.22335
-3.19797 -7.91878
-3.35025 -7.7665
-3.35025 -7.61421
-3.50254 -7.46193
-3.50254 -7.15736
-3.65482 -7.00508
-3.65482 -6.85279
-3.65482 -6.54822
-3.80711 -6.39594
-3.80711 -6.24365
-3.95939 -6.09137
-3.95939 -5.7868
-3.95939 -5.63452
-3.95939 -5.48223
-4.11168 -5.32995
-4.11168 -5.02538
-4.11168 -4.8731
-4.11168 -4.72081
-4.26396 -4.56853
-4.26396 -4.26396
-4.26396 -4.11168
-4.26396 -3.95939
-4.26396 -3.65482
-4.26396 -3.50254
-4.26396 -3.35025
-4.26396 -3.19797
-4.26396 -3.04569
-4.26396 -2.74112
-4.26396 -2.58883
-4.26396 -2.43655
-4.26396 -2.28426
-4.26396 -1.9797
-4.26396 -1.82741
-4.26396 -1.67513
-4.26396 -1.52284
-4.26396 -1.21827
-4.26396 -1.06599
-4.26396 -0.913706
-4.11168 -0.761421
-4.11168 -0.609137
-4.11168 -0.456853
-4.11168 -0.152284
-3.95939 0
-3.95939 0.152284
-3.95939 0.304569
-3.80711 0.456853
-3.80711 0.609137
-3.65482 0.761421
-3.65482 0.913706
-3.50254 1.21827
-3.50254 1.37056
-3.35025 1.52284
-3.35025 1.67513
-3.19797 1.82741
-3.19797 1.9797
-3.04569 2.13198
-2.8934 2.28426
-2.8934 2.43655
-2.74112 2.43655
-2.58883 2.58883
-2.58883 2.74112
-2.43655 2.8934
-2.28426 3.04569
-2.13198 3.19797
-2.13198 3.35025
-1.9797 3.35025
-1.82741 3.50254
-1.67513 3.65482
-1.67513 3.80711
-1.52284 3.95939
-1.37056 3.95939
-1.37056 4.11168
-1.21827 4.26396
-1.06599 4.41624
-0.913706 4.56853
-0.913706 4.56853
-0.761421 4.72081
-0.609137 4.8731
-0.609137 5.02538
-0.456853 5.02538
-0.304569 5.17766
-0.152284 5.32995
-0.152284 5.48223
0 5.63452
0.152284 5.63452
0.152284 5.7868
0.304569 5.93909
0.456853 5.93909
0.609137 6.09137
0.609137 6.24365
0.761421 6.39594
0.913706 6.39594
1.06599 6.54822
1.21827 6.70051
1.37056 6.70051
1.37056 6.85279
1.52284 7.00508
1.67513 7.00508
1.82741 7.15736
1.9797 7.15736
2.13198 7.30964
2.28426 7.30964
2.43655 7.46193
2.58883 7.46193
2.74112 7.61421
2.8934 7.61421
3.04569 7.7665
3.19797 7.7665
3.35025 7.91878
3.50254 7.91878
3.65482 8.07107
3.80711 8.07107
3.95939 8.22335
4.11168 8.22335
4.26396 8.22335
4.41624 8.37563
4.56853 8.52792
4.72081 8.52792
4.8731 8.6802
5.02538 8.6802
5.17766 8.83249
5.32995 8.83249
5.48223 8.98477
5.63452 9.13706
5.7868 9.13706
6.09137 9.28934
6.24365 9.28934
6.39594 9.44162
6.54822 9.59391
6.70051 9.59391
7.00508 9.74619
7.15736 9.74619
7.30964 9.89848
7.61421 9.89848
7.7665 10.0508
7.91878 10.0508
8.22335 10.0508
8.37563 10.203
8.6802 10.203
8.83249 10.203
8.98477 10.203
9.28934 10.203
9.44162 10.203
9.74619 10.203
9.89848 10.203
10.0508 10.203
10.3553 10.0508
10.5076 10.0508
10.6599 9.89848
10.8122 9.89848
11.1168 9.74619
11.269 9.59391
11.4213 9.59391
11.5736 9.44162
11.7259 9.28934
11.8782 9.13706
12.0305 8.98477
12.1827 8.83249
12.335 8.83249
12.4873 8.6802
12.6396 8.52792
12.7919 8.37563
12.9442 8.22335
13.0964 8.07107
13.2487 7.91878
13.401 7.7665
13.5533 7.61421
13.7056 7.46193
13.8579 7.30964
13.8579 7.15736
14.0102 7.00508
14.1624 6.85279
14.3147 6.70051
14.467 6.54822
14.6193 6.39594
14.7716 6.39594
14.9239 6.24365
15.0761 6.09137
15.2284 5.93909
15.3807 5.7868
15.533 5.63452
15.533 5.48223
15.6853 5.32995
15.8376 5.17766
15.9898 5.02538
16.1421 4.8731
16.2944 4.72081
16.4467 4.56853
16.4467 4.41624
16.599 4.11168
16.7513 3.95939
16.7513 3.80711
16.9036 3.65482
17.0558 3.50254
17.0558 3.19797
17.0558 3.04569
17.2081 2.8934
17.2081 2.74112
17.3604 2.43655
17.3604 2.28426
17.3604 2.13198
17.3604 1.82741
17.3604 1.67513
17.3604 1.52284
17.3604 1.21827
17.3604 1.06599
17.2081 0.761421
17.2081 0.609137
17.0558 0.456853
17.0558 0.152284
16.9036 0
16.7513 -0.152284
16.7513 -0.304569
16.599 -0.609137
16.4467 -0.761421
16.1421 -0.913706
