6.70051 1.9797
6.70051 1.67513
6.70051 1.37056
6.70051 0.913706
6.54822 0.609137
6.54822 0.304569
6.54822 0
6.39594 -0.304569
6.39594 -0.609137
6.24365 -0.913706
6.09137 -1.21827
6.09137 -1.52284
5.93909 -1.82741
5.7868 -2.13198
5.63452 -2.43655
5.48223 -2.74112
5.32995 -3.04569
5.17766 -3.35025
5.02538 -3.65482
4.72081 -3.80711
4.56853 -4.11168
4.41624 -4.41624
4.11168 -4.56853
3.95939 -4.8731
3.65482 -5.02538
3.35025 -5.32995
3.19797 -5.48223
2.8934 -5.63452
2.74112 -5.93909
2.43655 -6.09137
2.13198 -6.24365
1.82741 -6.39594
1.67513 -6.54822
1.37056 -6.70051
1.06599 -6.85279
0.761421 -7.00508
0.609137 -7.15736
0.304569 -7.30964
0 -7.46193
-0.304569 -7.61421
-0.609137 -7.7665
-0.761421 -7.91878
-1.06599 -7.91878
-1.37056 -8.07107
-1.52284 -8.22335
-1.82741 -8.22335
-2.13198 -8.37563
-2.28426 -8.52792
-2.58883 -8.52792
-2.74112 -8.6802
-3.04569 -8.83249
-3.35025 -8.83249
-3.50254 -8.98477
-3.80711 -9.13706
-3.95939 -9.13706
-4.26396 -9.28934
-4.41624 -9.44162
-4.56853 -9.44162
-4.8731 -9.59391
-5.02538 -9.74619
-5.32995 -9.74619
-5.48223 -9.89848
-5.7868 -10.0508
-5.93909 -10.0508
-6.24365 -10.203
-6.39594 -10.203
-6.54822 -10.3553
-6.85279 -10.3553
-7.00508 -10.5076
-7.30964 -10.5076
-7.46193 -10.6599
-7.7665 -10.6599
-7.91878 -10.6599
-8.22335 -10.8122
-8.37563 -10.8122
-8.6802 -10.8122
-8.83249 -10.8122
-9.13706 -10.9645
-9.28934 -10.9645
-9.59391 -10.9645
-9.74619 -10.9645
-10.0508 -10.9645
-10.203 -10.9645
-10.5076 -10.9645
-10.6599 -10.9645
-10.9645 -10.9645
-11.1168 -10.9645
-11.4213 -10.9645
-11.5736 -10.9645
-11.8782 -10.9645
-12.0305 -10.9645
-12.335 -10.9645
-12.4873 -10.9645
-12.7919 -10.9645
-12.9442 -10.9645
-13.2487 -10.8122
-13.401 -10.8122
-13.7056 -10.8122
-13.8579 -10.8122
-14.1624 -10.8122
-14.3147 -10.8122
-14.6193 -10.8122
-14.7716 -10.6599
-15.0761 -10.6599
-15.2284 -10.6599
-15.533 -10.6599
-15.6853 -10.6599
-15.9898 -10.6599
-16.1421 -10.5076
-16.4467 -10.5076
-16.599 -10.5076
-16.9036 -10.5076
-17.0558 -10.5076
-17.3604 -10.3553
-17.5127 -10.3553
-17.8173 -10.3553
-17.9695 -10.203
-18.2741 -10.203
-18.5787 -10.203
-18.731 -10.0508
-19.0355 -10.0508
-19.1878 -10.0508
-19.4924 -9.89848
-19.797 -9.89848
-19.9492 -9.74619
-20.2538 -9.74619
-20.4061 -9.59391
-20.7107 -9.44162
-21.0152 -9.44162
-21.1675 -9.28934
-21.4721 -9.13706
-21.6244 -9.13706
-21.9289 -8.98477
-22.0812 -8.83249
-22.3858 -8.6802
-22.6904 -8.52792
-22.8426 -8.52792
-23.1472 -8.37563
-23.2995 -8.22335
-23.6041 -8.07107
-23.7563 -7.91878
-23.9086 -7.61421
-24.2132 -7.46193
-24.3655 -7.30964
-24.6701 -7.15736
-24.8223 -7.00508
-24.9746 -6.70051
-25.1269 -6.54822
-25.4315 -6.39594
-25.5838 -6.09137
-25.736 -5.93909
-25.8883 -5.7868
-26.0406 -5.48223
-26.1929 -5.32995
-26.3452 -5.02538
-26.4975 -4.72081
-26.6497 -4.56853
-26.802 -4.26396
-26.9543 -4.11168
-27.1066 -3.80711
-27.2589 -3.50254
-27.2589 -3.35025
-27.4112 -3.04569
-27.5635 -2.74112
-27.5635 -2.43655
-27.7157 -2.28426
-27.868 -1.9797
-27.868 -1.67513
-28.0203 -1.37056
-28.0203 -1.21827
-28.0203 -0.913706
-28.1726 -0.609137
-28.1726 -0.304569
-28.1726 0
-28.1726 0.304569
-28.3249 0.609137
-28.3249 0.761421
-28.3249 1.06599
-28.3249 1.37056
-28.3249 1.67513
-28.3249 1.9797
-28.3249 2.28426
-28.3249 2.58883
-28.3249 2.74112
-28.1726 3.04569
-28.1726 3.35025
-28.1726 3.65482
-28.1726 3.95939
-28.0203 4.26396
-28.0203 4.41624
-28.0203 4.72081
-27.868 5.02538
-27.868 5.32995
-27.868 5.63452
-27.7157 5.7868
-27.7157 6.09137
-27.5635 6.39594
-27.5635 6.70051
-27.4112 7.00508
-27.2589 7.15736
-27.2589 7.46193
-27.1066 7.7665
-26.9543 7.91878
-26.9543 8.22335
-26.802 8.52792
-26.6497 8.6802
-26.4975 8.98477
-26.3452 9.28934
-26.1929 9.44162
-26.0406 9.74619
-25.8883 9.89848
-25.736 10.203
-25.5838 10.5076
-25.4315 10.6599
-25.2792 10.8122
-25.1269 11.1168
-24.9746 11.269
-24.8223 11.5736
-24.5178 11.7259
-24.3655 11.8782
-24.2132 12.1827
-23.9086 12.335
-23.7563 12.4873
-23.6041 12.6396
-23.2995 12.7919
-23.1472 12.9442
-22.8426 13.0964
-22.6904 13.2487
-22.3858 13.401
-22.2335 13.5533
-21.9289 13.7056
-21.7766 13.8579
-21.4721 14.0102
-21.1675 14.1624
-21.0152 14.1624
-20.7107 14.3147
-20.5584 14.467
-20.2538 14.467
-19.9492 14.6193
-19.6447 14.6193
-19.4924 14.7716
-19.1878 14.7716
-18.8832 14.9239
-18.731 14.9239
-18.4264 14.9239
-18.1218 15.0761
-17.9695 15.0761
-17.665 15.0761
-17.3604 15.0761
-17.0558 15.0761
-16.9036 15.0761
-16.599 15.0761
-16.2944 15.0761
-16.1421 15.0761
-15.8376 15.0761
-15.533 15.0761
-15.3807 15.0761
-15.0761 15.0761
-14.9239 15.0761
-14.6193 15.0761
-14.3147 15.0761
-14.1624 15.0761
-13.8579 15.0761
-13.7056 14.9239
-13.401 14.9239
-13.2487 14.9239
-12.9442 14.9239
-12.7919 14.9239
-12.4873 14.7716
-12.335 14.7716
-12.0305 14.7716
-11.8782 14.7716
-11.5736 14.7716
-11.4213 14.6193
-11.1168 14.6193
-10.9645 14.6193
-10.8122 14.6193
-10.5076 14.467
-10.3553 14.467
-10.0508 14.467
-9.89848 14.3147
-9.59391 14.3147
-9.44162 14.3147
-9.28934 14.3147
-8.98477 14.1624
-8.83249 14.1624
-8.52792 14.1624
-8.37563 14.0102
-8.22335 14.0102
-7.91878 14.0102
-7.7665 13.8579
-7.46193 13.8579
-7.30964 13.7056
-7.15736 13.7056
-6.85279 13.7056
-6.70051 13.5533
-6.39594 13.5533
-6.24365 13.401
-5.93909 13.401
-5.7868 13.2487
-5.63452 13.2487
-5.32995 13.0964
-5.17766 13.0964
-4.8731 12.9442
-4.72081 12.9442
-4.41624 12.7919
-4.26396 12.7919
-3.95939 12.6396
-3.80711 12.4873
-3.50254 12.4873
-3.35025 12.335
-3.04569 12.335
-2.8934 12.1827
-2.74112 12.0305
-2.43655 11.8782
-2.28426 11.8782
-1.9797 11.7259
-1.82741 11.5736
-1.52284 11.4213
-1.37056 11.269
-1.06599 11.1168
-0.913706 11.1168
-0.609137 10.9645
-0.456853 10.8122
-0.152284 10.6599
0.152284 10.5076
0.304569 10.3553
0.609137 10.203
0.761421 10.0508
1.06599 9.74619
1.21827 9.59391
1.37056 9.44162
1.67513 9.28934
1.82741 9.13706
2.13198 8.83249
2.28426 8.6802
2.58883 8.52792
2.74112 8.22335
3.04569 8.07107
3.19797 7.7665
3.50254 7.61421
3.65482 7.30964
3.80711 7.15736
4.11168 6.85279
4.26396 6.70051
4.41624 6.39594
4.56853 6.09137
4.8731 5.7868
5.02538 5.63452
5.17766 5.32995
5.32995 5.02538
5.48223 4.72081
5.63452 4.41624
5.7868 4.11168
5.93909 3.80711
6.09137 3.50254
6.24365 3.19797
6.24365 2.8934
6.39594 2.58883
6.39594 2.28426
