16.2944 -1.52284
16.1421 -1.67513
16.1421 -1.82741
15.9898 -1.9797
15.8376 -2.13198
15.8376 -2.43655
15.6853 -2.58883
15.6853 -2.74112
15.533 -2.8934
15.533 -3.04569
15.3807 -3.19797
15.3807 -3.35025
15.2284 -3.50254
15.0761 -3.65482
15.0761 -3.80711
14.9239 -3.95939
14.9239 -4.11168
14.7716 -4.26396
14.7716 -4.41624
14.6193 -4.41624
14.6193 -4.56853
14.467 -4.72081
14.3147 -4.8731
14.3147 -5.02538
14.1624 -5.17766
14.1624 -5.32995
14.0102 -5.48223
14.0102 -5.48223
13.8579 -5.63452
13.7056 -5.7868
13.7056 -5.93909
13.5533 -6.09137
13.5533 -6.24365
13.401 -6.24365
13.2487 -6.39594
13.2487 -6.54822
13.0964 -6.70051
13.0964 -6.85279
12.9442 -7.00508
12.7919 -7.00508
12.7919 -7.15736
12.6396 -7.30964
12.6396 -7.46193
12.4873 -7.61421
12.335 -7.61421
12.335 -7.7665
12.1827 -7.91878
12.0305 -8.07107
12.0305 -8.07107
11.8782 -8.22335
11.7259 -8.37563
11.7259 -8.52792
11.5736 -8.6802
11.4213 -8.6802
11.269 -8.83249
11.269 -8.98477
11.1168 -9.13706
10.9645 -9.28934
10.8122 -9.28934
10.8122 -9.44162
10.6599 -9.59391
10.5076 -9.74619
10.3553 -9.74619
10.203 -9.89848
10.203 -10.0508
10.0508 -10.0508
9.89848 -10.203
9.74619 -10.3553
9.59391 -10.5076
9.44162 -10.5076
9.28934 -10.6599
9.13706 -10.6599
8.98477 -10.8122
8.83249 -10.9645
8.6802 -10.9645
8.52792 -11.1168
8.37563 -11.1168
8.22335 -11.269
8.07107 -11.269
7.91878 -11.4213
7.7665 -11.4213
7.61421 -11.5736
7.46193 -11.5736
7.30964 -11.7259
7.00508 -11.7259
6.85279 -11.8782
6.70051 -11.8782
6.54822 -11.8782
6.39594 -12.0305
6.24365 -12.0305
5.93909 -12.0305
5.7868 -12.1827
5.63452 -12.1827
5.48223 -12.1827
5.17766 -12.335
5.02538 -12.335
4.8731 -12.335
4.72081 -12.335
4.41624 -12.4873
4.26396 -12.4873
4.11168 -12.4873
3.80711 -12.4873
3.65482 -12.4873
3.50254 -12.6396
3.19797 -12.6396
3.04569 -12.6396
2.74112 -12.6396
2.58883 -12.6396
2.43655 -12.6396
2.13198 -12.6396
1.9797 -12.4873
1.82741 -12.4873
1.52284 -12.4873
1.37056 -12.4873
1.06599 -12.4873
0.913706 -12.335
0.761421 -12.335
0.456853 -12.1827
0.304569 -12.1827
0.152284 -12.0305
0 -12.0305
-0.304569 -11.8782
-0.456853 -11.7259
-0.609137 -11.7259
-0.761421 -11.5736
-0.913706 -11.4213
-1.06599 -11.269
-1.21827 -11.1168
-1.37056 -10.9645
-1.52284 -10.8122
-1.67513 -10.6599
-1.82741 -10.5076
-1.9797 -10.3553
-2.13198 -10.203
-2.28426 -10.0508
-2.43655 -9.89848
-2.43655 -9.74619
-2.58883 -9.59391
-2.74112 -9.28934
-2.74112 -9.13706
-2.8934 -8.98477
-3.04569 -8.83249
-3.04569 -8.52792
-3.19797 -8.37563
-3.19797 -8.22335
-3.35025 -8.07107
-3.35025 -7.7665
-3.50254 -7.61421
-3.50254 -7.46193
-3.65482 -7.30964
-3.65482 -7.00508
-3.65482 -6.85279
-3.80711 -6.70051
-3.80711 -6.54822
-3.80711 -6.24365
-3.95939 -6.09137
-3.95939 -5.93909
-3.95939 -5.7868
-3.95939 -5.48223
-4.11168 -5.32995
-4.11168 -5.17766
-4.11168 -5.02538
-4.11168 -4.72081
-4.11168 -4.56853
-4.26396 -4.41624
-4.26396 -4.26396
-4.26396 -4.11168
-4.26396 -3.80711
-4.26396 -3.65482
-4.26396 -3.50254
-4.26396 -3.35025
-4.26396 -3.19797
-4.26396 -2.8934
-4.26396 -2.74112
-4.41624 -2.58883
-4.41624 -2.43655
-4.41624 -2.28426
-4.41624 -1.9797
-4.41624 -1.82741
-4.26396 -1.67513
-4.26396 -1.52284
-4.26396 -1.37056
-4.26396 -1.21827
-4.26396 -0.913706
-4.26396 -0.761421
-4.26396 -0.609137
-4.11168 -0.456853
-4.11168 -0.304569
-4.11168 -0.152284
-4.11168 0.152284
-3.95939 0.304569
-3.95939 0.456853
-3.95939 0.609137
-3.80711 0.761421
-3.80711 0.913706
-3.65482 1.06599
-3.65482 1.21827
-3.50254 1.37056
-3.35025 1.52284
-3.35025 1.67513
-3.19797 1.82741
-3.04569 1.9797
-3.04569 2.13198
-2.8934 2.28426
-2.74112 2.43655
-2.74112 2.58883
-2.58883 2.74112
-2.43655 2.74112
-2.43655 2.8934
-2.28426 3.04569
-2.13198 3.19797
-1.9797 3.35025
-1.9797 3.50254
-1.82741 3.50254
-1.67513 3.65482
-1.52284 3.80711
-1.52284 3.95939
-1.37056 4.11168
-1.21827 4.11168
-1.21827 4.26396
-1.06599 4.41624
-0.913706 4.56853
-0.761421 4.56853
-0.761421 4.72081
-0.609137 4.8731
-0.456853 5.02538
-0.456853 5.17766
-0.304569 5.17766
-0.152284 5.32995
0 5.48223
0 5.48223
0.152284 5.63452
0.304569 5.7868
0.456853 5.93909
0.609137 5.93909
0.609137 6.09137
0.761421 6.24365
0.913706 6.24365
1.06599 6.39594
1.21827 6.54822
1.37056 6.54822
1.52284 6.70051
1.67513 6.70051
1.82741 6.85279
1.82741 6.85279
1.9797 7.00508
2.13198 7.00508
2.28426 7.15736
2.43655 7.15736
2.58883 7.30964
2.74112 7.30964
2.8934 7.30964
3.04569 7.46193
3.19797 7.46193
3.35025 7.61421
3.50254 7.61421
3.65482 7.7665
3.80711 7.7665
3.95939 7.91878
4.11168 7.91878
4.26396 8.07107
4.41624 8.07107
4.56853 8.22335
4.72081 8.22335
5.02538 8.37563
5.17766 8.37563
5.32995 8.52792
5.48223 8.6802
5.63452 8.6802
5.7868 8.83249
5.93909 8.98477
6.24365 8.98477
6.39594 9.13706
6.54822 9.28934
6.70051 9.28934
7.00508 9.44162
7.15736 9.44162
7.30964 9.59391
7.61421 9.59391
7.7665 9.74619
7.91878 9.74619
8.22335 9.89848
8.37563 9.89848
8.6802 9.89848
8.83249 9.89848
9.13706 9.89848
9.28934 10.0508
9.44162 9.89848
9.74619 9.89848
9.89848 9.89848
10.203 9.89848
10.3553 9.89848
10.5076 9.74619
10.8122 9.74619
10.9645 9.59391
11.1168 9.44162
11.269 9.44162
11.5736 9.28934
11.7259 9.13706
11.8782 9.13706
12.0305 8.98477
12.1827 8.83249
12.335 8.6802
12.4873 8.52792
12.6396 8.37563
12.7919 8.22335
12.9442 8.07107
13.0964 7.91878
13.2487 7.7665
13.401 7.61421
13.5533 7.46193
13.7056 7.30964
13.8579 7.15736
14.0102 7.00508
14.1624 6.85279
14.3147 6.70051
14.467 6.54822
14.467 6.39594
14.6193 6.24365
14.7716 6.24365
14.9239 6.09137
15.0761 5.93909
15.2284 5.7868
15.3807 5.63452
15.533 5.48223
15.6853 5.17766
15.8376 5.02538
15.8376 4.8731
15.9898 4.72081
16.1421 4.56853
16.2944 4.41624
16.4467 4.26396
16.4467 4.11168
16.599 3.95939
16.7513 3.65482
16.7513 3.50254
16.9036 3.35025
17.0558 3.19797
17.0558 3.04569
17.2081 2.74112
17.2081 2.58883
17.3604 2.43655
17.3604 2.13198
17.3604 1.9797
17.3604 1.82741
17.5127 1.52284
17.5127 1.37056
17.5127 1.21827
17.5127 0.913706
17.5127 0.761421
17.3604 0.456853
17.3604 0.304569
17.3604 0.152284
17.2081 -0.152284
17.0558 -0.304569
17.0558 -0.609137
16.9036 -0.761421
16.7513 -0.913706
16.599 -1.06599
16.4467 -1.37056
