16.2944 -1.52284
16.1421 -1.67513
16.1421 -1.82741
15.9898 -1.9797
15.8376 -2.13198
15.8376 -2.28426
15.6853 -2.43655
15.6853 -2.58883
15.533 -2.74112
15.533 -3.04569
15.3807 -3.19797
15.3807 -3.35025
15.2284 -3.50254
15.2284 -3.65482
15.0761 -3.80711
15.0761 -3.95939
15.0761 -4.11168
14.9239 -4.11168
14.9239 -4.26396
14.7716 -4.41624
14.7716 -4.56853
14.6193 -4.72081
14.6193 -4.8731
14.467 -5.02538
14.467 -5.17766
14.3147 -5.32995
14.3147 -5.48223
14.1624 -5.63452
14.0102 -5.7868
14.0102 -5.7868
13.8579 -5.93909
13.8579 -6.09137
13.7056 -6.24365
13.5533 -6.39594
13.5533 -6.39594
13.401 -6.54822
13.2487 -6.70051
13.2487 -6.85279
13.0964 -7.00508
12.9442 -7.00508
12.9442 -7.15736
12.7919 -7.30964
12.6396 -7.46193
12.4873 -7.46193
12.4873 -7.61421
12.335 -7.7665
12.1827 -7.7665
12.1827 -7.91878
12.0305 -8.07107
11.8782 -8.22335
11.8782 -8.37563
11.7259 -8.37563
11.5736 -8.52792
11.5736 -8.6802
11.4213 -8.83249
11.269 -8.83249
11.1168 -8.98477
11.1168 -9.13706
10.9645 -9.28934
10.8122 -9.44162
10.8122 -9.44162
10.6599 -9.59391
10.5076 -9.74619
10.3553 -9.89848
10.203 -9.89848
10.0508 -10.0508
10.0508 -10.203
9.89848 -10.3553
9.74619 -10.3553
9.59391 -10.5076
9.44162 -10.6599
9.28934 -10.6599
9.13706 -10.8122
8.98477 -10.9645
8.83249 -10.9645
8.6802 -11.1168
8.52792 -11.1168
8.37563 -11.269
8.22335 -11.269
8.07107 -11.4213
7.91878 -11.4213
7.7665 -11.5736
7.46193 -11.5736
7.30964 -11.7259
7.15736 -11.7259
7.00508 -11.7259
6.85279 -11.8782
6.70051 -11.8782
6.54822 -12.0305
6.24365 -12.0305
6.09137 -12.0305
5.93909 -12.1827
5.7868 -12.1827
5.48223 -12.1827
5.32995 -12.1827
5.17766 -12.335
5.02538 -12.335
4.72081 -12.335
4.56853 -12.4873
4.41624 -12.4873
4.11168 -12.4873
3.95939 -12.4873
3.80711 -12.4873
3.50254 -12.6396
3.35025 -12.6396
3.19797 -12.6396
2.8934 -12.6396
2.74112 -12.6396
2.43655 -12.6396
2.28426 -12.6396
1.9797 -12.6396
1.82741 -12.6396
1.67513 -12.6396
1.37056 -12.6396
1.21827 -12.4873
0.913706 -12.4873
0.761421 -12.4873
0.609137 -12.335
0.304569 -12.335
0.152284 -12.1827
0 -12.1827
-0.304569 -12.0305
-0.456853 -11.8782
-0.609137 -11.8782
-0.761421 -11.7259
-0.913706 -11.5736
-1.06599 -11.4213
-1.37056 -11.269
-1.52284 -11.1168
-1.67513 -10.9645
-1.82741 -10.8122
-1.82741 -10.6599
-1.9797 -10.5076
-2.13198 -10.3553
-2.28426 -10.203
-2.43655 -10.0508
-2.58883 -9.89848
-2.58883 -9.59391
-2.74112 -9.44162
-2.8934 -9.28934
-2.8934 -9.13706
-3.04569 -8.83249
-3.19797 -8.6802
-3.19797 -8.52792
-3.35025 -8.37563
-3.35025 -8.07107
-3.50254 -7.91878
-3.50254 -7.7665
-3.65482 -7.61421
-3.65482 -7.30964
-3.65482 -7.15736
-3.80711 -7.00508
-3.80711 -6.70051
-3.80711 -6.54822
-3.95939 -6.39594
-3.95939 -6.24365
-3.95939 -5.93909
-3.95939 -5.7868
-4.11168 -5.63452
-4.11168 -5.32995
-4.11168 -5.17766
-4.11168 -5.02538
-4.11168 -4.8731
-4.26396 -4.56853
-4.26396 -4.41624
-4.26396 -4.26396
-4.26396 -4.11168
-4.26396 -3.95939
-4.26396 -3.65482
-4.26396 -3.50254
-4.26396 -3.35025
-4.41624 -3.19797
-4.41624 -2.8934
-4.41624 -2.74112
-4.41624 -2.58883
-4.41624 -2.43655
-4.41624 -2.28426
-4.41624 -1.9797
-4.41624 -1.82741
-4.41624 -1.67513
-4.41624 -1.52284
-4.26396 -1.37056
-4.26396 -1.06599
-4.26396 -0.913706
-4.26396 -0.761421
-4.26396 -0.609137
-4.26396 -0.456853
-4.11168 -0.152284
-4.11168 0
-4.11168 0.152284
-3.95939 0.304569
-3.95939 0.456853
-3.95939 0.609137
-3.80711 0.761421
-3.80711 0.913706
-3.65482 1.06599
-3.50254 1.21827
-3.50254 1.52284
-3.35025 1.67513
-3.35025 1.82741
-3.19797 1.82741
-3.04569 1.9797
-3.04569 2.13198
-2.8934 2.28426
-2.74112 2.43655
-2.58883 2.58883
-2.58883 2.74112
-2.43655 2.8934
-2.28426 3.04569
-2.13198 3.04569
-2.13198 3.19797
-1.9797 3.35025
-1.82741 3.50254
-1.67513 3.65482
-1.67513 3.65482
-1.52284 3.80711
-1.37056 3.95939
-1.21827 4.11168
-1.21827 4.26396
-1.06599 4.26396
-0.913706 4.41624
-0.913706 4.56853
-0.761421 4.72081
-0.609137 4.8731
-0.456853 4.8731
-0.456853 5.02538
-0.304569 5.17766
-0.152284 5.32995
-0.152284 5.32995
0 5.48223
0.152284 5.63452
0.304569 5.7868
0.456853 5.7868
0.456853 5.93909
0.609137 6.09137
0.761421 6.09137
0.913706 6.24365
1.06599 6.39594
1.21827 6.39594
1.21827 6.54822
1.37056 6.70051
1.52284 6.70051
1.67513 6.85279
1.82741 6.85279
1.9797 7.00508
2.13198 7.00508
2.28426 7.15736
2.43655 7.15736
2.58883 7.30964
2.74112 7.30964
2.8934 7.30964
3.04569 7.46193
3.19797 7.46193
3.35025 7.61421
3.50254 7.61421
3.65482 7.61421
3.80711 7.7665
3.95939 7.7665
4.11168 7.91878
4.26396 7.91878
4.41624 8.07107
4.56853 8.07107
4.72081 8.22335
4.8731 8.22335
5.02538 8.37563
5.17766 8.37563
5.48223 8.52792
5.63452 8.6802
5.7868 8.6802
5.93909 8.83249
6.09137 8.83249
6.24365 8.98477
6.54822 9.13706
6.70051 9.13706
6.85279 9.28934
7.00508 9.28934
7.30964 9.44162
7.46193 9.59391
7.61421 9.59391
7.91878 9.59391
8.07107 9.74619
8.37563 9.74619
8.52792 9.89848
8.6802 9.89848
8.98477 9.89848
9.13706 9.89848
9.44162 9.89848
9.59391 9.89848
9.74619 9.89848
10.0508 9.89848
10.203 9.74619
10.3553 9.74619
10.6599 9.74619
10.8122 9.59391
10.9645 9.44162
11.269 9.44162
11.4213 9.28934
11.5736 9.13706
11.7259 9.13706
11.8782 8.98477
12.0305 8.83249
12.1827 8.6802
12.335 8.52792
12.4873 8.37563
12.7919 8.37563
12.7919 8.22335
12.9442 8.07107
13.0964 7.91878
13.2487 7.7665
13.401 7.61421
13.5533 7.46193
13.7056 7.30964
13.8579 7.15736
14.0102 7.00508
14.1624 6.85279
14.3147 6.70051
14.467 6.54822
14.6193 6.39594
14.7716 6.24365
14.7716 6.09137
14.9239 5.93909
15.0761 5.7868
15.2284 5.63452
15.3807 5.48223
15.533 5.32995
15.6853 5.17766
15.8376 5.02538
15.8376 4.8731
15.9898 4.72081
16.1421 4.56853
16.2944 4.41624
16.4467 4.26396
16.4467 4.11168
16.599 3.80711
16.7513 3.65482
16.9036 3.50254
16.9036 3.35025
17.0558 3.19797
17.0558 2.8934
17.2081 2.74112
17.2081 2.58883
17.3604 2.43655
17.3604 2.13198
17.3604 1.9797
17.5127 1.82741
17.5127 1.52284
17.5127 1.37056
17.5127 1.21827
17.5127 0.913706
17.5127 0.761421
17.5127 0.456853
17.3604 0.304569
17.3604 0.152284
17.2081 -0.152284
17.2081 -0.304569
17.0558 -0.456853
16.9036 -0.761421
16.7513 -0.913706
16.599 -1.06599
16.4467 -1.37056
