16.1421 -1.82741
15.9898 -1.9797
15.9898 -2.13198
15.9898 -2.43655
15.9898 -2.58883
15.8376 -2.74112
15.8376 -2.8934
15.8376 -3.04569
15.6853 -3.19797
15.6853 -3.35025
15.533 -3.50254
15.533 -3.65482
15.3807 -3.80711
15.3807 -3.95939
15.2284 -4.11168
15.2284 -4.26396
15.0761 -4.41624
15.0761 -4.56853
14.9239 -4.72081
14.7716 -4.8731
14.7716 -5.02538
14.6193 -5.17766
14.6193 -5.32995
14.467 -5.48223
14.3147 -5.48223
14.3147 -5.63452
14.1624 -5.7868
14.0102 -5.93909
14.0102 -6.09137
13.8579 -6.24365
13.7056 -6.24365
13.7056 -6.39594
13.5533 -6.54822
13.401 -6.70051
13.401 -6.70051
13.2487 -6.85279
13.0964 -7.00508
13.0964 -7.15736
12.9442 -7.30964
12.7919 -7.30964
12.7919 -7.46193
12.6396 -7.61421
12.4873 -7.61421
12.4873 -7.7665
12.335 -7.91878
12.1827 -8.07107
12.1827 -8.07107
12.0305 -8.22335
11.8782 -8.37563
11.8782 -8.52792
11.7259 -8.6802
11.5736 -8.6802
11.5736 -8.83249
11.4213 -8.98477
11.269 -9.13706
11.269 -9.13706
11.1168 -9.28934
10.9645 -9.44162
10.8122 -9.59391
10.8122 -9.59391
10.6599 -9.74619
10.5076 -9.89848
10.3553 -10.0508
10.3553 -10.203
10.203 -10.203
10.0508 -10.3553
9.89848 -10.5076
9.74619 -10.6599
9.59391 -10.6599
9.44162 -10.8122
9.28934 -10.9645
9.28934 -10.9645
9.13706 -11.1168
8.98477 -11.269
8.83249 -11.269
8.6802 -11.4213
8.52792 -11.4213
8.37563 -11.5736
8.07107 -11.5736
7.91878 -11.7259
7.7665 -11.8782
7.61421 -11.8782
7.46193 -11.8782
7.30964 -12.0305
7.15736 -12.0305
7.00508 -12.1827
6.85279 -12.1827
6.54822 -12.335
6.39594 -12.335
6.24365 -12.335
6.09137 -12.4873
5.93909 -12.4873
5.63452 -12.6396
5.48223 -12.6396
5.32995 -12.6396
5.17766 -12.7919
4.8731 -12.7919
4.72081 -12.7919
4.56853 -12.7919
4.26396 -12.9442
4.11168 -12.9442
3.95939 -12.9442
3.65482 -12.9442
3.50254 -13.0964
3.19797 -13.0964
3.04569 -13.0964
2.8934 -13.0964
2.58883 -13.0964
2.43655 -13.0964
2.13198 -13.0964
1.9797 -13.0964
1.67513 -13.0964
1.52284 -13.0964
1.37056 -13.0964
1.06599 -12.9442
0.913706 -12.9442
0.609137 -12.9442
0.456853 -12.7919
0.304569 -12.7919
0 -12.6396
-0.152284 -12.6396
-0.304569 -12.4873
-0.456853 -12.335
-0.761421 -12.335
-0.913706 -12.1827
-1.06599 -12.0305
-1.21827 -11.8782
-1.37056 -11.7259
-1.52284 -11.5736
-1.67513 -11.4213
-1.82741 -11.269
-1.9797 -11.1168
-2.13198 -10.9645
-2.28426 -10.8122
-2.43655 -10.5076
-2.43655 -10.3553
-2.58883 -10.203
-2.74112 -10.0508
-2.74112 -9.89848
-2.8934 -9.59391
-3.04569 -9.44162
-3.04569 -9.28934
-3.19797 -9.13706
-3.19797 -8.83249
-3.35025 -8.6802
-3.50254 -8.52792
-3.50254 -8.37563
-3.50254 -8.07107
-3.65482 -7.91878
-3.65482 -7.7665
-3.80711 -7.46193
-3.80711 -7.30964
-3.95939 -7.15736
-3.95939 -7.00508
-3.95939 -6.70051
-4.11168 -6.54822
-4.11168 -6.39594
-4.11168 -6.24365
-4.11168 -5.93909
-4.26396 -5.7868
-4.26396 -5.63452
-4.26396 -5.48223
-4.26396 -5.17766
-4.26396 -5.02538
-4.41624 -4.8731
-4.41624 -4.72081
-4.41624 -4.41624
-4.41624 -4.26396
-4.41624 -4.11168
-4.41624 -3.95939
-4.41624 -3.65482
-4.56853 -3.50254
-4.56853 -3.35025
-4.56853 -3.19797
-4.56853 -2.8934
-4.56853 -2.74112
-4.56853 -2.58883
-4.56853 -2.43655
-4.56853 -2.28426
-4.56853 -1.9797
-4.56853 -1.82741
-4.41624 -1.67513
-4.41624 -1.52284
-4.41624 -1.37056
-4.41624 -1.06599
-4.41624 -0.913706
-4.41624 -0.761421
-4.26396 -0.609137
-4.26396 -0.456853
-4.26396 -0.152284
-4.11168 0
-4.11168 0.152284
-4.11168 0.304569
-3.95939 0.456853
-3.95939 0.609137
-3.80711 0.761421
-3.80711 0.913706
-3.65482 1.06599
-3.50254 1.21827
-3.50254 1.37056
-3.35025 1.52284
-3.35025 1.67513
-3.19797 1.82741
-3.04569 1.9797
-2.8934 2.13198
-2.8934 2.28426
-2.74112 2.43655
-2.58883 2.58883
-2.58883 2.74112
-2.43655 2.8934
-2.28426 2.8934
-2.13198 3.04569
-1.9797 3.19797
-1.9797 3.35025
-1.82741 3.50254
-1.67513 3.50254
-1.52284 3.65482
-1.52284 3.80711
-1.37056 3.95939
-1.21827 4.11168
-1.06599 4.11168
-0.913706 4.26396
-0.913706 4.41624
-0.761421 4.41624
-0.609137 4.56853
-0.456853 4.72081
-0.304569 4.8731
-0.304569 4.8731
-0.152284 5.02538
0 5.17766
0.152284 5.17766
0.304569 5.32995
0.304569 5.48223
0.456853 5.48223
0.609137 5.63452
0.761421 5.7868
0.913706 5.7868
1.06599 5.93909
1.21827 5.93909
1.37056 6.09137
1.37056 6.24365
1.52284 6.24365
1.67513 6.39594
1.82741 6.39594
1.9797 6.54822
2.13198 6.54822
2.28426 6.70051
2.43655 6.70051
2.58883 6.85279
2.74112 6.85279
2.8934 7.00508
3.04569 7.00508
3.19797 7.15736
3.35025 7.15736
3.50254 7.30964
3.65482 7.30964
3.80711 7.46193
3.95939 7.46193
4.11168 7.61421
4.26396 7.7665
4.41624 7.7665
4.56853 7.91878
4.72081 7.91878
4.8731 8.07107
5.02538 8.22335
5.17766 8.22335
5.32995 8.37563
5.48223 8.37563
5.63452 8.52792
5.93909 8.6802
6.09137 8.6802
6.24365 8.83249
6.39594 8.98477
6.70051 8.98477
6.85279 9.13706
7.00508 9.13706
7.15736 9.28934
7.46193 9.28934
7.61421 9.44162
7.91878 9.44162
8.07107 9.59391
8.22335 9.59391
8.52792 9.59391
8.6802 9.59391
8.98477 9.59391
9.13706 9.59391
9.28934 9.59391
9.59391 9.59391
9.74619 9.59391
10.0508 9.59391
10.203 9.59391
10.3553 9.44162
10.6599 9.44162
10.8122 9.28934
10.9645 9.28934
11.1168 9.13706
11.4213 8.98477
11.5736 8.83249
11.7259 8.83249
11.8782 8.6802
12.0305 8.52792
12.1827 8.37563
12.335 8.22335
12.4873 8.07107
12.6396 7.91878
12.7919 7.7665
12.9442 7.61421
13.0964 7.46193
13.2487 7.46193
13.401 7.30964
13.5533 7.15736
13.7056 7.00508
13.8579 6.85279
14.0102 6.70051
14.1624 6.54822
14.3147 6.39594
14.467 6.24365
14.6193 6.09137
14.7716 5.93909
14.9239 5.7868
14.9239 5.63452
15.0761 5.48223
15.2284 5.32995
15.3807 5.17766
15.533 5.02538
15.6853 4.8731
15.8376 4.72081
15.9898 4.56853
16.1421 4.41624
16.2944 4.26396
16.2944 4.11168
16.4467 3.95939
16.599 3.80711
16.7513 3.50254
16.9036 3.35025
16.9036 3.19797
17.0558 3.04569
17.0558 2.8934
17.2081 2.58883
17.3604 2.43655
17.3604 2.28426
17.3604 2.13198
17.5127 1.82741
17.5127 1.67513
17.5127 1.37056
17.5127 1.21827
17.665 1.06599
17.665 0.761421
17.5127 0.609137
17.5127 0.304569
17.5127 0.152284
17.3604 0
17.3604 -0.304569
17.2081 -0.456853
17.2081 -0.761421
17.0558 -0.913706
16.9036 -1.06599
16.599 -1.37056
16.4467 -1.52284
16.2944 -1.67513
