16.1421 -1.82741
16.1421 -1.9797
15.9898 -2.13198
15.9898 -2.28426
15.9898 -2.43655
15.9898 -2.58883
15.8376 -2.74112
15.8376 -2.8934
15.8376 -3.04569
15.6853 -3.35025
15.6853 -3.50254
15.533 -3.65482
15.533 -3.80711
15.3807 -3.95939
15.3807 -4.11168
15.2284 -4.26396
15.2284 -4.41624
15.0761 -4.56853
15.0761 -4.72081
14.9239 -4.72081
14.9239 -4.8731
14.7716 -5.02538
14.6193 -5.17766
14.6193 -5.32995
14.467 -5.48223
14.467 -5.63452
14.3147 -5.7868
14.1624 -5.93909
14.1624 -5.93909
14.0102 -6.09137
14.0102 -6.24365
13.8579 -6.39594
13.7056 -6.54822
13.7056 -6.54822
13.5533 -6.70051
13.401 -6.85279
13.401 -7.00508
13.2487 -7.15736
13.0964 -7.15736
13.0964 -7.30964
12.9442 -7.46193
12.7919 -7.61421
12.7919 -7.61421
12.6396 -7.7665
12.4873 -7.91878
12.4873 -8.07107
12.335 -8.07107
12.1827 -8.22335
12.1827 -8.37563
12.0305 -8.52792
11.8782 -8.52792
11.8782 -8.6802
11.7259 -8.83249
11.5736 -8.98477
11.4213 -8.98477
11.4213 -9.13706
11.269 -9.28934
11.1168 -9.44162
10.9645 -9.44162
10.9645 -9.59391
10.8122 -9.74619
10.6599 -9.89848
10.5076 -9.89848
10.3553 -10.0508
10.3553 -10.203
10.203 -10.3553
10.0508 -10.3553
9.89848 -10.5076
9.74619 -10.6599
9.59391 -10.6599
9.44162 -10.8122
9.28934 -10.9645
9.13706 -10.9645
8.98477 -11.1168
8.83249 -11.269
8.6802 -11.269
8.52792 -11.4213
8.37563 -11.4213
8.22335 -11.5736
8.07107 -11.7259
7.91878 -11.7259
7.7665 -11.8782
7.61421 -11.8782
7.46193 -12.0305
7.30964 -12.0305
7.15736 -12.1827
6.85279 -12.1827
6.70051 -12.335
6.54822 -12.335
6.39594 -12.335
6.24365 -12.4873
5.93909 -12.4873
5.7868 -12.6396
5.63452 -12.6396
5.48223 -12.6396
5.17766 -12.7919
5.02538 -12.7919
4.8731 -12.7919
4.56853 -12.9442
4.41624 -12.9442
4.26396 -12.9442
3.95939 -12.9442
3.80711 -13.0964
3.65482 -13.0964
3.35025 -13.0964
3.19797 -13.0964
2.8934 -13.0964
2.74112 -13.0964
2.43655 -13.0964
2.28426 -13.0964
2.13198 -13.0964
1.82741 -13.0964
1.67513 -13.0964
1.37056 -13.0964
1.21827 -12.9442
0.913706 -12.9442
0.761421 -12.9442
0.609137 -12.7919
0.304569 -12.7919
0.152284 -12.6396
0 -12.6396
-0.304569 -12.4873
-0.456853 -12.335
-0.609137 -12.335
-0.761421 -12.1827
-1.06599 -12.0305
-1.21827 -11.8782
-1.37056 -11.7259
-1.52284 -11.5736
-1.67513 -11.4213
-1.82741 -11.269
-1.9797 -11.1168
-2.13198 -10.9645
-2.28426 -10.8122
-2.43655 -10.6599
-2.58883 -10.5076
-2.58883 -10.3553
-2.74112 -10.0508
-2.8934 -9.89848
-3.04569 -9.74619
-3.04569 -9.59391
-3.19797 -9.28934
-3.19797 -9.13706
-3.35025 -8.98477
-3.50254 -8.83249
-3.50254 -8.52792
-3.65482 -8.37563
-3.65482 -8.22335
-3.80711 -7.91878
-3.80711 -7.7665
-3.80711 -7.61421
-3.95939 -7.30964
-3.95939 -7.15736
-3.95939 -7.00508
-4.11168 -6.70051
-4.11168 -6.54822
-4.11168 -6.39594
-4.11168 -6.24365
-4.26396 -5.93909
-4.26396 -5.7868
-4.26396 -5.63452
-4.26396 -5.32995
-4.26396 -5.17766
-4.41624 -5.02538
-4.41624 -4.8731
-4.41624 -4.56853
-4.41624 -4.41624
-4.41624 -4.26396
-4.41624 -3.95939
-4.41624 -3.80711
-4.41624 -3.65482
-4.41624 -3.50254
-4.41624 -3.35025
-4.56853 -3.04569
-4.56853 -2.8934
-4.56853 -2.74112
-4.56853 -2.58883
-4.56853 -2.28426
-4.56853 -2.13198
-4.41624 -1.9797
-4.41624 -1.82741
-4.41624 -1.52284
-4.41624 -1.37056
-4.41624 -1.21827
-4.41624 -1.06599
-4.41624 -0.913706
-4.26396 -0.609137
-4.26396 -0.456853
-4.26396 -0.304569
-4.26396 -0.152284
-4.11168 0
-4.11168 0.152284
-4.11168 0.456853
-3.95939 0.609137
-3.95939 0.761421
-3.80711 0.913706
-3.80711 1.06599
-3.65482 1.21827
-3.50254 1.37056
-3.50254 1.52284
-3.35025 1.67513
-3.19797 1.82741
-3.19797 1.9797
-3.04569 2.13198
-2.8934 2.28426
-2.8934 2.43655
-2.74112 2.58883
-2.58883 2.74112
-2.43655 2.8934
-2.28426 2.8934
-2.28426 3.04569
-2.13198 3.19797
-1.9797 3.35025
-1.82741 3.50254
-1.67513 3.50254
-1.67513 3.65482
-1.52284 3.80711
-1.37056 3.95939
-1.21827 3.95939
-1.06599 4.11168
-0.913706 4.26396
-0.913706 4.41624
-0.761421 4.41624
-0.609137 4.56853
-0.456853 4.72081
-0.304569 4.72081
-0.152284 4.8731
-0.152284 4.8731
0 5.02538
0.152284 5.17766
0.304569 5.17766
0.456853 5.32995
0.609137 5.48223
0.761421 5.48223
0.761421 5.63452
0.913706 5.63452
1.06599 5.7868
1.21827 5.7868
1.37056 5.93909
1.52284 6.09137
1.67513 6.09137
1.82741 6.24365
1.9797 6.24365
1.9797 6.39594
2.13198 6.39594
2.28426 6.54822
2.43655 6.54822
2.58883 6.70051
2.74112 6.70051
2.8934 6.85279
3.04569 6.85279
3.19797 7.00508
3.35025 7.00508
3.50254 7.15736
3.65482 7.15736
3.80711 7.30964
3.95939 7.30964
4.11168 7.46193
4.26396 7.61421
4.41624 7.61421
4.56853 7.7665
4.72081 7.7665
4.8731 7.91878
5.02538 7.91878
5.17766 8.07107
5.32995 8.22335
5.48223 8.22335
5.63452 8.37563
5.7868 8.52792
5.93909 8.52792
6.24365 8.6802
6.39594 8.6802
6.54822 8.83249
6.70051 8.98477
7.00508 8.98477
7.15736 9.13706
7.30964 9.13706
7.61421 9.28934
7.7665 9.28934
7.91878 9.28934
8.22335 9.44162
8.37563 9.44162
8.52792 9.44162
8.83249 9.44162
8.98477 9.59391
9.28934 9.59391
9.44162 9.59391
9.59391 9.59391
9.89848 9.44162
10.0508 9.44162
10.203 9.44162
10.5076 9.28934
10.6599 9.28934
10.8122 9.28934
11.1168 9.13706
11.269 8.98477
11.4213 8.98477
11.5736 8.83249
11.7259 8.6802
11.8782 8.52792
12.0305 8.52792
12.335 8.37563
12.4873 8.22335
12.6396 8.07107
12.7919 7.91878
12.9442 7.7665
13.0964 7.61421
13.2487 7.46193
13.2487 7.30964
13.401 7.15736
13.5533 7.00508
13.7056 6.85279
13.8579 6.70051
14.0102 6.54822
14.1624 6.39594
14.3147 6.24365
14.467 6.09137
14.467 5.93909
14.6193 5.7868
14.7716 5.63452
14.9239 5.48223
15.0761 5.32995
15.2284 5.17766
15.3807 5.02538
15.3807 4.8731
15.533 4.72081
15.6853 4.56853
15.8376 4.41624
15.9898 4.26396
16.1421 4.11168
16.1421 3.95939
16.2944 3.80711
16.4467 3.65482
16.599 3.50254
16.7513 3.35025
16.7513 3.19797
16.9036 3.04569
17.0558 2.8934
17.2081 2.58883
17.2081 2.43655
17.3604 2.28426
17.5127 2.13198
17.5127 1.9797
17.665 1.67513
17.8173 1.52284
17.8173 1.37056
17.8173 1.06599
17.8173 0.913706
17.8173 0.761421
17.8173 0.456853
17.8173 0.304569
17.8173 0
17.665 -0.152284
17.665 -0.304569
17.5127 -0.609137
17.3604 -0.761421
17.2081 -1.06599
17.0558 -1.21827
16.7513 -1.37056
16.4467 -1.52284
