16.9036 -1.67513
16.7513 -1.9797
16.599 -2.13198
16.4467 -2.28426
16.2944 -2.43655
16.1421 -2.58883
15.9898 -2.8934
15.8376 -3.04569
15.8376 -3.19797
15.6853 -3.35025
15.533 -3.50254
15.533 -3.65482
15.3807 -3.80711
15.2284 -3.95939
15.2284 -4.11168
15.0761 -4.26396
15.0761 -4.41624
14.9239 -4.56853
14.9239 -4.72081
14.7716 -4.8731
14.7716 -5.02538
14.6193 -5.17766
14.6193 -5.32995
14.467 -5.48223
14.3147 -5.63452
14.3147 -5.7868
14.1624 -5.93909
14.1624 -5.93909
14.0102 -6.09137
13.8579 -6.24365
13.8579 -6.39594
13.7056 -6.54822
13.5533 -6.70051
13.5533 -6.85279
13.401 -6.85279
13.2487 -7.00508
13.2487 -7.15736
13.0964 -7.30964
12.9442 -7.46193
12.7919 -7.46193
12.7919 -7.61421
12.6396 -7.7665
12.4873 -7.91878
12.4873 -7.91878
12.335 -8.07107
12.1827 -8.22335
12.0305 -8.37563
12.0305 -8.37563
11.8782 -8.52792
11.7259 -8.6802
11.5736 -8.83249
11.5736 -8.83249
11.4213 -8.98477
11.269 -9.13706
11.1168 -9.28934
11.1168 -9.28934
10.9645 -9.44162
10.8122 -9.59391
10.6599 -9.74619
10.5076 -9.74619
10.5076 -9.89848
10.3553 -10.0508
10.203 -10.203
10.0508 -10.203
9.89848 -10.3553
9.74619 -10.5076
9.74619 -10.6599
9.59391 -10.6599
9.44162 -10.8122
9.28934 -10.9645
9.13706 -10.9645
8.98477 -11.1168
8.83249 -11.269
8.6802 -11.269
8.52792 -11.4213
8.37563 -11.4213
8.22335 -11.5736
8.07107 -11.5736
7.91878 -11.7259
7.7665 -11.8782
7.46193 -11.8782
7.30964 -12.0305
7.15736 -12.0305
7.00508 -12.0305
6.85279 -12.1827
6.70051 -12.1827
6.54822 -12.335
6.24365 -12.335
6.09137 -12.4873
5.93909 -12.4873
5.7868 -12.4873
5.48223 -12.6396
5.32995 -12.6396
5.17766 -12.6396
5.02538 -12.7919
4.72081 -12.7919
4.56853 -12.7919
4.41624 -12.7919
4.11168 -12.9442
3.95939 -12.9442
3.80711 -12.9442
3.50254 -12.9442
3.35025 -12.9442
3.19797 -13.0964
2.8934 -13.0964
2.74112 -13.0964
2.43655 -13.0964
2.28426 -13.0964
2.13198 -13.0964
1.82741 -13.0964
1.67513 -13.0964
1.37056 -12.9442
1.21827 -12.9442
0.913706 -12.9442
0.761421 -12.9442
0.609137 -12.7919
0.304569 -12.7919
0.152284 -12.7919
0 -12.6396
-0.304569 -12.6396
-0.456853 -12.4873
-0.609137 -12.335
-0.913706 -12.335
-1.06599 -12.1827
-1.21827 -12.0305
-1.37056 -11.8782
-1.52284 -11.7259
-1.67513 -11.7259
-1.82741 -11.5736
-1.9797 -11.4213
-2.13198 -11.269
-2.28426 -11.1168
-2.43655 -10.9645
-2.58883 -10.6599
-2.74112 -10.5076
-2.8934 -10.3553
-3.04569 -10.203
-3.19797 -10.0508
-3.19797 -9.89848
-3.35025 -9.59391
-3.50254 -9.44162
-3.50254 -9.28934
-3.65482 -9.13706
-3.80711 -8.83249
-3.80711 -8.6802
-3.95939 -8.52792
-3.95939 -8.37563
-4.11168 -8.07107
-4.11168 -7.91878
-4.26396 -7.7665
-4.26396 -7.61421
-4.41624 -7.30964
-4.41624 -7.15736
-4.41624 -7.00508
-4.56853 -6.70051
-4.56853 -6.54822
-4.56853 -6.39594
-4.72081 -6.09137
-4.72081 -5.93909
-4.72081 -5.7868
-4.72081 -5.63452
-4.8731 -5.32995
-4.8731 -5.17766
-4.8731 -5.02538
-4.8731 -4.72081
-4.8731 -4.56853
-4.8731 -4.41624
-4.8731 -4.26396
-4.8731 -3.95939
-5.02538 -3.80711
-5.02538 -3.65482
-5.02538 -3.50254
-5.02538 -3.19797
-5.02538 -3.04569
-5.02538 -2.8934
-4.8731 -2.74112
-4.8731 -2.43655
-4.8731 -2.28426
-4.8731 -2.13198
-4.8731 -1.9797
-4.8731 -1.67513
-4.8731 -1.52284
-4.8731 -1.37056
-4.72081 -1.21827
-4.72081 -1.06599
-4.72081 -0.761421
-4.72081 -0.609137
-4.56853 -0.456853
-4.56853 -0.304569
-4.56853 -0.152284
-4.41624 0
-4.41624 0.304569
-4.41624 0.456853
-4.26396 0.609137
-4.26396 0.761421
-4.11168 0.913706
-4.11168 1.06599
-4.11168 1.21827
-3.95939 1.37056
-3.95939 1.52284
-3.80711 1.67513
-3.65482 1.82741
-3.65482 1.9797
-3.50254 2.13198
-3.50254 2.28426
-3.35025 2.43655
-3.19797 2.58883
-3.19797 2.74112
-3.04569 2.8934
-2.8934 3.04569
-2.8934 3.19797
-2.74112 3.35025
-2.58883 3.50254
-2.58883 3.65482
-2.43655 3.80711
-2.28426 3.95939
-2.13198 3.95939
-2.13198 4.11168
-1.9797 4.26396
-1.82741 4.41624
-1.67513 4.41624
-1.52284 4.56853
-1.37056 4.72081
-1.37056 4.8731
-1.21827 4.8731
-1.06599 5.02538
-0.913706 5.17766
-0.761421 5.17766
-0.609137 5.32995
-0.456853 5.48223
-0.304569 5.48223
-0.152284 5.63452
-0.152284 5.63452
0 5.7868
0.152284 5.93909
0.304569 5.93909
0.456853 6.09137
0.609137 6.09137
0.761421 6.24365
0.913706 6.24365
1.06599 6.39594
1.21827 6.39594
1.37056 6.54822
1.52284 6.54822
1.67513 6.70051
1.82741 6.70051
1.9797 6.85279
2.13198 6.85279
2.28426 7.00508
2.43655 7.00508
2.58883 7.15736
2.58883 7.15736
2.74112 7.30964
2.8934 7.30964
3.04569 7.46193
3.19797 7.46193
3.35025 7.61421
3.50254 7.61421
3.65482 7.7665
3.95939 7.7665
4.11168 7.91878
4.26396 7.91878
4.41624 8.07107
4.56853 8.07107
4.72081 8.22335
4.8731 8.22335
5.02538 8.37563
5.17766 8.37563
5.32995 8.52792
5.63452 8.52792
5.7868 8.6802
5.93909 8.6802
6.09137 8.83249
6.24365 8.83249
6.54822 8.98477
6.70051 8.98477
6.85279 9.13706
7.00508 9.13706
7.30964 9.13706
7.46193 9.28934
7.61421 9.28934
7.91878 9.28934
8.07107 9.28934
8.37563 9.44162
8.52792 9.44162
8.6802 9.44162
8.98477 9.44162
9.13706 9.44162
9.28934 9.44162
9.59391 9.44162
9.74619 9.28934
10.0508 9.28934
10.203 9.28934
10.3553 9.13706
10.5076 9.13706
10.8122 8.98477
10.9645 8.98477
11.1168 8.83249
11.4213 8.83249
11.5736 8.6802
11.7259 8.6802
11.8782 8.52792
12.0305 8.37563
12.1827 8.22335
12.4873 8.22335
12.6396 8.07107
12.7919 7.91878
12.9442 7.7665
13.0964 7.61421
13.2487 7.46193
13.401 7.46193
13.5533 7.30964
13.7056 7.15736
13.8579 7.00508
14.0102 6.85279
14.1624 6.70051
14.3147 6.54822
14.467 6.39594
14.6193 6.24365
14.7716 6.09137
14.9239 5.93909
15.0761 5.7868
15.2284 5.63452
15.2284 5.48223
15.3807 5.32995
15.533 5.17766
15.6853 4.8731
15.8376 4.72081
15.8376 4.56853
15.9898 4.41624
16.1421 4.26396
16.2944 4.11168
16.2944 3.95939
16.4467 3.65482
16.4467 3.50254
16.599 3.35025
16.7513 3.19797
16.7513 2.8934
16.9036 2.74112
16.9036 2.58883
16.9036 2.28426
17.0558 2.13198
17.0558 1.9797
17.2081 1.67513
17.2081 1.52284
17.2081 1.37056
17.2081 1.06599
17.2081 0.913706
17.3604 0.761421
17.3604 0.456853
17.3604 0.304569
17.3604 0.152284
17.3604 -0.152284
17.3604 -0.304569
17.2081 -0.456853
17.2081 -0.761421
17.2081 -0.913706
17.2081 -1.21827
17.2081 -1.37056
17.0558 -1.52284
