16.4467 -1.82741
16.2944 -1.9797
16.2944 -2.13198
16.1421 -2.43655
15.9898 -2.58883
15.9898 -2.74112
15.8376 -2.8934
15.6853 -3.04569
15.6853 -3.19797
15.533 -3.35025
15.3807 -3.50254
15.3807 -3.80711
15.2284 -3.95939
15.2284 -4.11168
15.0761 -4.26396
14.9239 -4.41624
14.9239 -4.56853
14.7716 -4.72081
14.7716 -4.8731
14.6193 -5.02538
14.467 -5.17766
14.467 -5.17766
14.3147 -5.32995
14.3147 -5.48223
14.1624 -5.63452
14.0102 -5.7868
14.0102 -5.93909
13.8579 -6.09137
13.8579 -6.24365
13.7056 -6.39594
13.5533 -6.54822
13.5533 -6.54822
13.401 -6.70051
13.2487 -6.85279
13.2487 -7.00508
13.0964 -7.15736
12.9442 -7.30964
12.9442 -7.30964
12.7919 -7.46193
12.6396 -7.61421
12.6396 -7.7665
12.4873 -7.91878
12.335 -7.91878
12.1827 -8.07107
12.1827 -8.22335
12.0305 -8.37563
11.8782 -8.37563
11.7259 -8.52792
11.7259 -8.6802
11.5736 -8.83249
11.4213 -8.83249
11.4213 -8.98477
11.269 -9.13706
11.1168 -9.28934
10.9645 -9.28934
10.8122 -9.44162
10.8122 -9.59391
10.6599 -9.74619
10.5076 -9.74619
10.3553 -9.89848
10.203 -10.0508
10.203 -10.203
10.0508 -10.203
9.89848 -10.3553
9.74619 -10.5076
9.59391 -10.5076
9.44162 -10.6599
9.28934 -10.8122
9.13706 -10.8122
8.98477 -10.9645
8.83249 -11.1168
8.6802 -11.1168
8.52792 -11.269
8.37563 -11.269
8.22335 -11.4213
8.07107 -11.4213
7.91878 -11.5736
7.7665 -11.5736
7.61421 -11.7259
7.46193 -11.7259
7.30964 -11.8782
7.15736 -11.8782
7.00508 -12.0305
6.85279 -12.0305
6.54822 -12.1827
6.39594 -12.1827
6.24365 -12.1827
6.09137 -12.335
5.93909 -12.335
5.7868 -12.4873
5.48223 -12.4873
5.32995 -12.4873
5.17766 -12.6396
5.02538 -12.6396
4.72081 -12.6396
4.56853 -12.6396
4.41624 -12.7919
4.11168 -12.7919
3.95939 -12.7919
3.80711 -12.7919
3.65482 -12.7919
3.35025 -12.9442
3.19797 -12.9442
2.8934 -12.9442
2.74112 -12.9442
2.58883 -12.9442
2.28426 -12.9442
2.13198 -12.9442
1.9797 -12.9442
1.67513 -12.9442
1.52284 -12.9442
1.21827 -12.9442
1.06599 -12.9442
0.913706 -12.7919
0.609137 -12.7919
0.456853 -12.7919
0.152284 -12.7919
0 -12.6396
-0.152284 -12.6396
-0.456853 -12.4873
-0.609137 -12.4873
-0.761421 -12.335
-1.06599 -12.335
-1.21827 -12.1827
-1.37056 -12.0305
-1.52284 -11.8782
-1.67513 -11.8782
-1.82741 -11.7259
-2.13198 -11.5736
-2.28426 -11.4213
-2.43655 -11.269
-2.58883 -11.1168
-2.74112 -10.9645
-2.8934 -10.8122
-3.04569 -10.6599
-3.19797 -10.5076
-3.19797 -10.3553
-3.35025 -10.203
-3.50254 -9.89848
-3.65482 -9.74619
-3.65482 -9.59391
-3.80711 -9.44162
-3.95939 -9.28934
-3.95939 -8.98477
-4.11168 -8.83249
-4.26396 -8.6802
-4.26396 -8.37563
-4.41624 -8.22335
-4.41624 -8.07107
-4.41624 -7.91878
-4.56853 -7.61421
-4.56853 -7.46193
-4.72081 -7.30964
-4.72081 -7.00508
-4.72081 -6.85279
-4.72081 -6.70051
-4.8731 -6.39594
-4.8731 -6.24365
-4.8731 -6.09137
-4.8731 -5.7868
-4.8731 -5.63452
-5.02538 -5.48223
-5.02538 -5.17766
-5.02538 -5.02538
-5.02538 -4.8731
-5.02538 -4.72081
-5.02538 -4.41624
-5.02538 -4.26396
-5.02538 -4.11168
-5.02538 -3.95939
-5.02538 -3.65482
-5.02538 -3.50254
-5.02538 -3.35025
-5.02538 -3.19797
-5.02538 -2.8934
-5.17766 -2.74112
-5.17766 -2.58883
-5.02538 -2.43655
-5.02538 -2.13198
-5.02538 -1.9797
-5.02538 -1.82741
-5.02538 -1.67513
-5.02538 -1.52284
-5.02538 -1.21827
-5.02538 -1.06599
-5.02538 -0.913706
-5.02538 -0.761421
-4.8731 -0.609137
-4.8731 -0.304569
-4.8731 -0.152284
-4.8731 0
-4.72081 0.152284
-4.72081 0.304569
-4.72081 0.456853
-4.56853 0.761421
-4.56853 0.913706
-4.41624 1.06599
-4.41624 1.21827
-4.26396 1.37056
-4.26396 1.52284
-4.11168 1.67513
-4.11168 1.82741
-3.95939 1.9797
-3.80711 2.13198
-3.80711 2.28426
-3.65482 2.43655
-3.65482 2.58883
-3.50254 2.74112
-3.35025 2.8934
-3.19797 3.04569
-3.19797 3.19797
-3.04569 3.35025
-2.8934 3.50254
-2.74112 3.65482
-2.74112 3.65482
-2.58883 3.80711
-2.43655 3.95939
-2.28426 4.11168
-2.13198 4.26396
-2.13198 4.26396
-1.9797 4.41624
-1.82741 4.56853
-1.67513 4.72081
-1.52284 4.72081
-1.37056 4.8731
-1.37056 5.02538
-1.21827 5.17766
-1.06599 5.17766
-0.913706 5.32995
-0.761421 5.48223
-0.609137 5.48223
-0.456853 5.63452
-0.456853 5.7868
-0.304569 5.7868
-0.152284 5.93909
0 6.09137
0.152284 6.09137
0.304569 6.24365
0.456853 6.24365
0.609137 6.39594
0.761421 6.54822
0.913706 6.54822
1.06599 6.70051
1.21827 6.70051
1.37056 6.85279
1.37056 7.00508
1.52284 7.00508
1.67513 7.15736
1.82741 7.15736
1.9797 7.30964
2.13198 7.30964
2.28426 7.46193
2.43655 7.46193
2.58883 7.61421
2.74112 7.61421
2.8934 7.7665
3.04569 7.7665
3.35025 7.91878
3.50254 7.91878
3.65482 8.07107
3.80711 8.07107
3.95939 8.22335
4.11168 8.22335
4.26396 8.37563
4.41624 8.37563
4.56853 8.52792
4.8731 8.52792
5.02538 8.52792
5.17766 8.6802
5.32995 8.6802
5.48223 8.83249
5.7868 8.83249
5.93909 8.83249
6.09137 8.98477
6.24365 8.98477
6.54822 8.98477
6.70051 8.98477
6.85279 9.13706
7.00508 9.13706
7.30964 9.13706
7.46193 9.13706
7.61421 9.13706
7.91878 9.13706
8.07107 9.28934
8.22335 9.28934
8.52792 9.28934
8.6802 9.28934
8.83249 9.28934
9.13706 9.13706
9.28934 9.13706
9.59391 9.13706
9.74619 9.13706
9.89848 9.13706
10.203 8.98477
10.3553 8.98477
10.5076 8.98477
10.8122 8.83249
10.9645 8.83249
11.1168 8.83249
11.4213 8.6802
11.5736 8.6802
11.7259 8.52792
11.8782 8.37563
12.1827 8.37563
12.335 8.22335
12.4873 8.07107
12.6396 8.07107
12.7919 7.91878
13.0964 7.7665
13.2487 7.61421
13.401 7.46193
13.5533 7.30964
13.7056 7.15736
13.8579 7.00508
14.0102 6.85279
14.1624 6.70051
14.3147 6.54822
14.3147 6.39594
14.467 6.24365
14.6193 6.09137
14.7716 5.93909
14.9239 5.7868
14.9239 5.48223
15.0761 5.32995
15.2284 5.17766
15.2284 5.02538
15.3807 4.8731
15.533 4.56853
15.533 4.41624
15.6853 4.26396
15.6853 4.11168
15.8376 3.95939
15.9898 3.65482
15.9898 3.50254
16.1421 3.35025
16.1421 3.19797
16.2944 2.8934
16.4467 2.74112
16.4467 2.58883
16.599 2.43655
16.599 2.28426
16.7513 1.9797
16.9036 1.82741
16.9036 1.67513
16.9036 1.52284
17.0558 1.21827
17.0558 1.06599
17.2081 0.913706
17.2081 0.609137
17.2081 0.456853
17.2081 0.304569
17.2081 0
17.2081 -0.152284
17.2081 -0.456853
17.2081 -0.609137
17.0558 -0.761421
17.0558 -1.06599
16.9036 -1.21827
16.7513 -1.37056
16.599 -1.67513
