16.1421 -1.67513
15.9898 -1.82741
15.8376 -1.9797
15.8376 -2.28426
15.6853 -2.43655
15.6853 -2.58883
15.533 -2.74112
15.533 -2.8934
15.3807 -3.04569
15.3807 -3.19797
15.2284 -3.35025
15.2284 -3.65482
15.0761 -3.80711
15.0761 -3.95939
14.9239 -4.11168
14.9239 -4.26396
14.7716 -4.41624
14.7716 -4.56853
14.6193 -4.72081
14.6193 -4.8731
14.467 -5.02538
14.467 -5.17766
14.3147 -5.32995
14.1624 -5.48223
14.1624 -5.63452
14.0102 -5.7868
14.0102 -5.93909
13.8579 -5.93909
13.7056 -6.09137
13.7056 -6.24365
13.5533 -6.39594
13.401 -6.54822
13.401 -6.70051
13.2487 -6.85279
13.0964 -7.00508
13.0964 -7.00508
12.9442 -7.15736
12.7919 -7.30964
12.7919 -7.46193
12.6396 -7.61421
12.4873 -7.7665
12.4873 -7.7665
12.335 -7.91878
12.1827 -8.07107
12.0305 -8.22335
12.0305 -8.22335
11.8782 -8.37563
11.7259 -8.52792
11.5736 -8.6802
11.5736 -8.83249
11.4213 -8.83249
11.269 -8.98477
11.1168 -9.13706
11.1168 -9.28934
10.9645 -9.28934
10.8122 -9.44162
10.6599 -9.59391
10.5076 -9.74619
10.5076 -9.74619
10.3553 -9.89848
10.203 -10.0508
10.0508 -10.203
9.89848 -10.203
9.74619 -10.3553
9.59391 -10.5076
9.44162 -10.6599
9.44162 -10.6599
9.28934 -10.8122
9.13706 -10.9645
8.98477 -10.9645
8.83249 -11.1168
8.6802 -11.269
8.52792 -11.269
8.37563 -11.4213
8.22335 -11.4213
8.07107 -11.5736
7.7665 -11.5736
7.61421 -11.7259
7.46193 -11.7259
7.30964 -11.8782
7.15736 -11.8782
7.00508 -12.0305
6.85279 -12.0305
6.70051 -12.1827
6.39594 -12.1827
6.24365 -12.335
6.09137 -12.335
5.93909 -12.335
5.7868 -12.4873
5.48223 -12.4873
5.32995 -12.4873
5.17766 -12.6396
5.02538 -12.6396
4.72081 -12.6396
4.56853 -12.6396
4.41624 -12.7919
4.11168 -12.7919
3.95939 -12.7919
3.80711 -12.7919
3.50254 -12.9442
3.35025 -12.9442
3.19797 -12.9442
2.8934 -12.9442
2.74112 -12.9442
2.58883 -12.9442
2.28426 -12.9442
2.13198 -12.9442
1.82741 -12.9442
1.67513 -12.9442
1.52284 -12.9442
1.21827 -12.9442
1.06599 -12.9442
0.761421 -12.7919
0.609137 -12.7919
0.456853 -12.7919
0.152284 -12.7919
0 -12.6396
-0.152284 -12.6396
-0.456853 -12.4873
-0.609137 -12.4873
-0.761421 -12.335
-1.06599 -12.335
-1.21827 -12.1827
-1.37056 -12.0305
-1.52284 -11.8782
-1.82741 -11.8782
-1.9797 -11.7259
-2.13198 -11.5736
-2.28426 -11.4213
-2.43655 -11.269
-2.58883 -11.1168
-2.74112 -10.9645
-2.8934 -10.8122
-3.04569 -10.6599
-3.19797 -10.5076
-3.35025 -10.3553
-3.35025 -10.203
-3.50254 -9.89848
-3.65482 -9.74619
-3.80711 -9.59391
-3.80711 -9.44162
-3.95939 -9.28934
-4.11168 -8.98477
-4.11168 -8.83249
-4.26396 -8.6802
-4.41624 -8.52792
-4.41624 -8.22335
-4.56853 -8.07107
-4.56853 -7.91878
-4.72081 -7.61421
-4.72081 -7.46193
-4.72081 -7.30964
-4.8731 -7.15736
-4.8731 -6.85279
-4.8731 -6.70051
-5.02538 -6.54822
-5.02538 -6.24365
-5.02538 -6.09137
-5.17766 -5.93909
-5.17766 -5.63452
-5.17766 -5.48223
-5.17766 -5.32995
-5.17766 -5.17766
-5.17766 -4.8731
-5.32995 -4.72081
-5.32995 -4.56853
-5.32995 -4.26396
-5.32995 -4.11168
-5.32995 -3.95939
-5.32995 -3.80711
-5.32995 -3.50254
-5.32995 -3.35025
-5.32995 -3.19797
-5.32995 -3.04569
-5.32995 -2.74112
-5.32995 -2.58883
-5.32995 -2.43655
-5.32995 -2.28426
-5.32995 -1.9797
-5.32995 -1.82741
-5.32995 -1.67513
-5.32995 -1.52284
-5.32995 -1.37056
-5.17766 -1.06599
-5.17766 -0.913706
-5.17766 -0.761421
-5.17766 -0.609137
-5.17766 -0.456853
-5.02538 -0.152284
-5.02538 0
-5.02538 0.152284
-4.8731 0.304569
-4.8731 0.456853
-4.72081 0.609137
-4.72081 0.913706
-4.72081 1.06599
-4.56853 1.21827
-4.56853 1.37056
-4.41624 1.52284
-4.26396 1.67513
-4.26396 1.82741
-4.11168 1.9797
-4.11168 2.13198
-3.95939 2.28426
-3.80711 2.43655
-3.80711 2.58883
-3.65482 2.74112
-3.50254 2.8934
-3.50254 3.04569
-3.35025 3.19797
-3.19797 3.35025
-3.04569 3.35025
-3.04569 3.50254
-2.8934 3.65482
-2.74112 3.80711
-2.58883 3.95939
-2.58883 4.11168
-2.43655 4.11168
-2.28426 4.26396
-2.13198 4.41624
-2.13198 4.56853
-1.9797 4.72081
-1.82741 4.72081
-1.67513 4.8731
-1.52284 5.02538
-1.37056 5.17766
-1.37056 5.17766
-1.21827 5.32995
-1.06599 5.48223
-0.913706 5.63452
-0.761421 5.63452
-0.609137 5.7868
-0.609137 5.93909
-0.456853 5.93909
-0.304569 6.09137
-0.152284 6.24365
0 6.24365
0.152284 6.39594
0.304569 6.39594
0.456853 6.54822
0.609137 6.70051
0.609137 6.70051
0.761421 6.85279
0.913706 7.00508
1.06599 7.00508
1.21827 7.15736
1.37056 7.15736
1.52284 7.30964
1.67513 7.30964
1.82741 7.46193
1.9797 7.46193
2.13198 7.61421
2.28426 7.61421
2.43655 7.7665
2.58883 7.7665
2.74112 7.91878
2.8934 7.91878
3.04569 8.07107
3.19797 8.07107
3.50254 8.22335
3.65482 8.22335
3.80711 8.37563
3.95939 8.37563
4.11168 8.52792
4.26396 8.52792
4.41624 8.52792
4.56853 8.6802
4.8731 8.6802
5.02538 8.83249
5.17766 8.83249
5.32995 8.83249
5.48223 8.98477
5.7868 8.98477
5.93909 8.98477
6.09137 9.13706
6.24365 9.13706
6.54822 9.13706
6.70051 9.13706
6.85279 9.28934
7.15736 9.28934
7.30964 9.28934
7.46193 9.28934
7.61421 9.28934
7.91878 9.28934
8.07107 9.28934
8.37563 9.28934
8.52792 9.28934
8.6802 9.28934
8.98477 9.28934
9.13706 9.28934
9.28934 9.28934
9.59391 9.28934
9.74619 9.28934
9.89848 9.13706
10.203 9.13706
10.3553 9.13706
10.6599 9.13706
10.8122 8.98477
10.9645 8.98477
11.269 8.83249
11.4213 8.83249
11.5736 8.6802
11.7259 8.6802
12.0305 8.52792
12.1827 8.37563
12.335 8.37563
12.4873 8.22335
12.7919 8.07107
12.9442 8.07107
13.0964 7.91878
13.2487 7.7665
13.401 7.61421
13.5533 7.46193
13.7056 7.30964
13.8579 7.15736
14.0102 7.00508
14.1624 6.85279
14.3147 6.70051
14.467 6.54822
14.6193 6.39594
14.7716 6.24365
14.9239 6.09137
14.9239 5.7868
15.0761 5.63452
15.2284 5.48223
15.2284 5.32995
15.3807 5.17766
15.533 4.8731
15.533 4.72081
15.6853 4.56853
15.6853 4.26396
15.8376 4.11168
15.9898 3.95939
15.9898 3.80711
15.9898 3.50254
16.1421 3.35025
16.1421 3.19797
16.2944 2.8934
16.2944 2.74112
16.2944 2.58883
16.4467 2.28426
16.4467 2.13198
16.4467 1.9797
16.599 1.82741
16.599 1.52284
16.599 1.37056
16.599 1.06599
16.599 0.913706
16.599 0.761421
16.599 0.456853
16.599 0.304569
16.599 0.152284
16.599 -0.152284
16.599 -0.304569
16.4467 -0.456853
16.4467 -0.761421
16.4467 -0.913706
16.2944 -1.06599
16.2944 -1.21827
16.1421 -1.52284
