15.8376 -1.52284
15.6853 -1.67513
15.533 -1.9797
15.533 -2.13198
15.3807 -2.28426
15.2284 -2.43655
15.2284 -2.58883
15.0761 -2.74112
14.9239 -2.8934
14.9239 -3.04569
14.7716 -3.35025
14.7716 -3.50254
14.6193 -3.65482
14.6193 -3.80711
14.467 -3.95939
14.467 -4.11168
14.3147 -4.26396
14.3147 -4.41624
14.1624 -4.56853
14.1624 -4.72081
14.1624 -4.8731
14.0102 -5.02538
14.0102 -5.17766
13.8579 -5.32995
13.8579 -5.48223
13.7056 -5.63452
13.7056 -5.7868
13.7056 -5.93909
13.5533 -6.09137
13.5533 -6.24365
13.401 -6.39594
13.401 -6.54822
13.2487 -6.70051
13.2487 -6.85279
13.0964 -7.15736
13.0964 -7.30964
12.9442 -7.46193
12.7919 -7.61421
12.7919 -7.7665
12.6396 -7.91878
12.6396 -7.91878
12.4873 -8.07107
12.335 -8.22335
12.335 -8.37563
12.1827 -8.52792
12.0305 -8.6802
11.8782 -8.83249
11.8782 -8.98477
11.7259 -9.13706
11.5736 -9.28934
11.4213 -9.28934
11.269 -9.44162
11.1168 -9.59391
10.9645 -9.74619
10.9645 -9.74619
10.8122 -9.89848
10.6599 -10.0508
10.5076 -10.0508
10.3553 -10.203
10.203 -10.3553
10.0508 -10.3553
9.89848 -10.5076
9.74619 -10.5076
9.59391 -10.6599
9.28934 -10.6599
9.13706 -10.8122
8.98477 -10.8122
8.83249 -10.9645
8.6802 -10.9645
8.52792 -10.9645
8.37563 -11.1168
8.22335 -11.1168
8.07107 -11.269
7.91878 -11.269
7.7665 -11.269
7.46193 -11.4213
7.30964 -11.4213
7.15736 -11.4213
7.00508 -11.5736
6.85279 -11.5736
6.70051 -11.5736
6.54822 -11.7259
6.39594 -11.7259
6.09137 -11.7259
5.93909 -11.7259
5.7868 -11.8782
5.63452 -11.8782
5.48223 -11.8782
5.32995 -11.8782
5.02538 -12.0305
4.8731 -12.0305
4.72081 -12.0305
4.56853 -12.0305
4.26396 -12.0305
4.11168 -12.0305
3.95939 -12.1827
3.80711 -12.1827
3.65482 -12.1827
3.35025 -12.1827
3.19797 -12.1827
3.04569 -12.1827
2.74112 -12.1827
2.58883 -12.335
2.43655 -12.335
2.28426 -12.335
1.9797 -12.335
1.82741 -12.335
1.67513 -12.335
1.37056 -12.335
1.21827 -12.335
0.913706 -12.1827
0.761421 -12.1827
0.609137 -12.1827
0.304569 -12.1827
0.152284 -12.1827
0 -12.1827
-0.304569 -12.0305
-0.456853 -12.0305
-0.609137 -11.8782
-0.913706 -11.8782
-1.06599 -11.8782
-1.21827 -11.7259
-1.37056 -11.7259
-1.67513 -11.5736
-1.82741 -11.4213
-1.9797 -11.4213
-2.13198 -11.269
-2.43655 -11.1168
-2.58883 -11.1168
-2.74112 -10.9645
-2.8934 -10.8122
-3.04569 -10.6599
-3.19797 -10.5076
-3.35025 -10.3553
-3.50254 -10.203
-3.65482 -10.0508
-3.80711 -9.89848
-3.95939 -9.74619
-4.11168 -9.59391
-4.26396 -9.44162
-4.26396 -9.28934
-4.41624 -9.13706
-4.56853 -8.83249
-4.72081 -8.6802
-4.72081 -8.52792
-4.8731 -8.37563
-4.8731 -8.22335
-5.02538 -7.91878
-5.17766 -7.7665
-5.17766 -7.61421
-5.32995 -7.46193
-5.32995 -7.15736
-5.32995 -7.00508
-5.48223 -6.85279
-5.48223 -6.54822
-5.48223 -6.39594
-5.63452 -6.24365
-5.63452 -5.93909
-5.63452 -5.7868
-5.63452 -5.63452
-5.7868 -5.32995
-5.7868 -5.17766
-5.7868 -5.02538
-5.7868 -4.8731
-5.7868 -4.56853
-5.7868 -4.41624
-5.7868 -4.26396
-5.7868 -3.95939
-5.93909 -3.80711
-5.93909 -3.65482
-5.93909 -3.50254
-5.93909 -3.19797
-5.93909 -3.04569
-5.93909 -2.8934
-5.93909 -2.74112
-5.93909 -2.43655
-5.93909 -2.28426
-5.93909 -2.13198
-5.93909 -1.9797
-5.93909 -1.67513
-5.93909 -1.52284
-5.93909 -1.37056
-5.7868 -1.21827
-5.7868 -0.913706
-5.7868 -0.761421
-5.7868 -0.609137
-5.7868 -0.456853
-5.7868 -0.304569
-5.63452 0
-5.63452 0.152284
-5.63452 0.304569
-5.63452 0.456853
-5.48223 0.609137
-5.48223 0.913706
-5.48223 1.06599
-5.32995 1.21827
-5.32995 1.37056
-5.17766 1.52284
-5.17766 1.67513
-5.17766 1.9797
-5.02538 2.13198
-5.02538 2.28426
-4.8731 2.43655
-4.72081 2.58883
-4.72081 2.74112
-4.56853 2.8934
-4.56853 3.04569
-4.41624 3.19797
-4.26396 3.35025
-4.26396 3.50254
-4.11168 3.65482
-3.95939 3.80711
-3.95939 3.95939
-3.80711 4.11168
-3.65482 4.26396
-3.50254 4.41624
-3.35025 4.56853
-3.35025 4.56853
-3.19797 4.72081
-3.04569 4.8731
-2.8934 5.02538
-2.74112 5.17766
-2.58883 5.17766
-2.43655 5.32995
-2.43655 5.48223
-2.28426 5.63452
-2.13198 5.63452
-1.9797 5.7868
-1.82741 5.93909
-1.67513 6.09137
-1.52284 6.09137
-1.37056 6.24365
-1.21827 6.24365
-1.06599 6.39594
-0.913706 6.54822
-0.761421 6.54822
-0.609137 6.70051
-0.456853 6.85279
-0.304569 6.85279
-0.152284 7.00508
0 7.00508
0.152284 7.15736
0.304569 7.15736
0.456853 7.30964
0.609137 7.30964
0.761421 7.46193
0.913706 7.46193
1.06599 7.61421
1.21827 7.7665
1.37056 7.7665
1.52284 7.91878
1.67513 7.91878
1.82741 7.91878
1.9797 8.07107
2.13198 8.07107
2.28426 8.22335
2.43655 8.22335
2.58883 8.37563
2.74112 8.37563
2.8934 8.52792
3.04569 8.52792
3.35025 8.52792
3.50254 8.6802
3.65482 8.6802
3.80711 8.83249
3.95939 8.83249
4.11168 8.83249
4.41624 8.98477
4.56853 8.98477
4.72081 8.98477
4.8731 9.13706
5.02538 9.13706
5.32995 9.13706
5.48223 9.13706
5.63452 9.28934
5.7868 9.28934
6.09137 9.28934
6.24365 9.28934
6.39594 9.28934
6.54822 9.28934
6.85279 9.44162
7.00508 9.44162
7.15736 9.44162
7.46193 9.44162
7.61421 9.44162
7.7665 9.44162
8.07107 9.44162
8.22335 9.44162
8.37563 9.44162
8.6802 9.44162
8.83249 9.44162
9.13706 9.28934
9.28934 9.28934
9.44162 9.28934
9.74619 9.28934
9.89848 9.28934
10.0508 9.13706
10.3553 9.13706
10.5076 9.13706
10.8122 8.98477
10.9645 8.98477
11.1168 8.83249
11.4213 8.83249
11.5736 8.6802
11.7259 8.6802
11.8782 8.52792
12.1827 8.37563
12.335 8.37563
12.4873 8.22335
12.6396 8.07107
12.9442 7.91878
13.0964 7.91878
13.2487 7.7665
13.401 7.61421
13.5533 7.46193
13.7056 7.30964
13.8579 7.15736
14.0102 7.00508
14.1624 6.85279
14.3147 6.70051
14.467 6.39594
14.6193 6.24365
14.6193 6.09137
14.7716 5.93909
14.9239 5.7868
15.0761 5.48223
15.0761 5.32995
15.2284 5.17766
15.3807 5.02538
15.3807 4.72081
15.533 4.56853
15.533 4.41624
15.6853 4.11168
15.6853 3.95939
15.8376 3.80711
15.8376 3.65482
15.9898 3.35025
15.9898 3.19797
15.9898 3.04569
16.1421 2.74112
16.1421 2.58883
16.1421 2.43655
16.2944 2.13198
16.2944 1.9797
16.2944 1.67513
16.2944 1.52284
16.2944 1.37056
16.4467 1.06599
16.4467 0.913706
16.4467 0.761421
16.4467 0.456853
16.2944 0.304569
16.2944 0
16.2944 -0.152284
16.2944 -0.304569
16.2944 -0.609137
16.1421 -0.761421
16.1421 -0.913706
15.9898 -1.21827
15.9898 -1.37056
