15.8376 -1.52284
15.6853 -1.67513
15.6853 -1.82741
15.533 -1.9797
15.533 -2.28426
15.3807 -2.43655
15.2284 -2.58883
15.2284 -2.74112
15.0761 -2.8934
15.0761 -3.04569
14.9239 -3.19797
14.7716 -3.35025
14.7716 -3.65482
14.6193 -3.80711
14.6193 -3.95939
14.467 -4.11168
14.467 -4.26396
14.3147 -4.41624
14.3147 -4.56853
14.1624 -4.72081
14.1624 -4.8731
14.0102 -5.02538
14.0102 -5.17766
13.8579 -5.32995
13.8579 -5.48223
13.7056 -5.63452
13.7056 -5.7868
13.5533 -5.93909
13.5533 -6.09137
13.5533 -6.24365
13.401 -6.39594
13.401 -6.54822
13.2487 -6.70051
13.0964 -6.85279
13.0964 -7.15736
12.9442 -7.30964
12.9442 -7.46193
12.7919 -7.61421
12.7919 -7.7665
12.6396 -7.91878
12.4873 -8.07107
12.4873 -8.22335
12.335 -8.22335
12.1827 -8.37563
12.1827 -8.52792
12.0305 -8.6802
11.8782 -8.83249
11.7259 -8.98477
11.5736 -9.13706
11.5736 -9.28934
11.4213 -9.28934
11.269 -9.44162
11.1168 -9.59391
10.9645 -9.74619
10.8122 -9.74619
10.6599 -9.89848
10.5076 -10.0508
10.3553 -10.0508
10.203 -10.203
10.0508 -10.203
9.89848 -10.3553
9.74619 -10.3553
9.59391 -10.5076
9.44162 -10.6599
9.28934 -10.6599
9.13706 -10.6599
8.98477 -10.8122
8.6802 -10.8122
8.52792 -10.9645
8.37563 -10.9645
8.22335 -11.1168
8.07107 -11.1168
7.91878 -11.1168
7.7665 -11.269
7.61421 -11.269
7.46193 -11.269
7.15736 -11.4213
7.00508 -11.4213
6.85279 -11.5736
6.70051 -11.5736
6.54822 -11.5736
6.39594 -11.7259
6.24365 -11.7259
6.09137 -11.7259
5.7868 -11.7259
5.63452 -11.8782
5.48223 -11.8782
5.32995 -11.8782
5.17766 -12.0305
4.8731 -12.0305
4.72081 -12.0305
4.56853 -12.0305
4.41624 -12.1827
4.26396 -12.1827
3.95939 -12.1827
3.80711 -12.1827
3.65482 -12.1827
3.50254 -12.335
3.19797 -12.335
3.04569 -12.335
2.8934 -12.335
2.58883 -12.335
2.43655 -12.335
2.28426 -12.335
1.9797 -12.335
1.82741 -12.335
1.67513 -12.335
1.37056 -12.335
1.21827 -12.335
1.06599 -12.335
0.761421 -12.335
0.609137 -12.335
0.456853 -12.1827
0.152284 -12.1827
0 -12.1827
-0.152284 -12.1827
-0.456853 -12.0305
-0.609137 -12.0305
-0.761421 -12.0305
-1.06599 -11.8782
-1.21827 -11.8782
-1.37056 -11.7259
-1.67513 -11.5736
-1.82741 -11.5736
-1.9797 -11.4213
-2.13198 -11.269
-2.28426 -11.269
-2.58883 -11.1168
-2.74112 -10.9645
-2.8934 -10.8122
-3.04569 -10.8122
-3.19797 -10.6599
-3.35025 -10.5076
-3.50254 -10.3553
-3.65482 -10.203
-3.80711 -10.0508
-3.95939 -9.89848
-4.11168 -9.74619
-4.26396 -9.59391
-4.26396 -9.28934
-4.41624 -9.13706
-4.56853 -8.98477
-4.72081 -8.83249
-4.72081 -8.6802
-4.8731 -8.52792
-5.02538 -8.22335
-5.02538 -8.07107
-5.17766 -7.91878
-5.17766 -7.7665
-5.32995 -7.46193
-5.32995 -7.30964
-5.48223 -7.15736
-5.48223 -6.85279
-5.48223 -6.70051
-5.63452 -6.54822
-5.63452 -6.24365
-5.63452 -6.09137
-5.7868 -5.93909
-5.7868 -5.63452
-5.7868 -5.48223
-5.7868 -5.32995
-5.7868 -5.17766
-5.7868 -4.8731
-5.93909 -4.72081
-5.93909 -4.56853
-5.93909 -4.26396
-5.93909 -4.11168
-5.93909 -3.95939
-5.93909 -3.65482
-5.93909 -3.50254
-5.93909 -3.35025
-5.93909 -3.19797
-5.93909 -2.8934
-5.93909 -2.74112
-5.93909 -2.58883
-5.93909 -2.43655
-5.93909 -2.13198
-5.93909 -1.9797
-5.93909 -1.82741
-5.93909 -1.67513
-5.93909 -1.52284
-5.93909 -1.21827
-5.93909 -1.06599
-5.7868 -0.913706
-5.7868 -0.761421
-5.7868 -0.609137
-5.7868 -0.304569
-5.7868 -0.152284
-5.7868 0
-5.63452 0.152284
-5.63452 0.304569
-5.63452 0.609137
-5.48223 0.761421
-5.48223 0.913706
-5.48223 1.06599
-5.48223 1.21827
-5.32995 1.37056
-5.32995 1.67513
-5.17766 1.82741
-5.17766 1.9797
-5.02538 2.13198
-5.02538 2.28426
-4.8731 2.43655
-4.8731 2.58883
-4.72081 2.74112
-4.72081 2.8934
-4.56853 3.04569
-4.56853 3.19797
-4.41624 3.35025
-4.26396 3.50254
-4.26396 3.65482
-4.11168 3.80711
-3.95939 3.95939
-3.95939 4.11168
-3.80711 4.26396
-3.65482 4.41624
-3.50254 4.56853
-3.50254 4.72081
-3.35025 4.8731
-3.19797 5.02538
-3.04569 5.02538
-2.8934 5.17766
-2.74112 5.32995
-2.58883 5.48223
-2.43655 5.48223
-2.43655 5.63452
-2.28426 5.7868
-2.13198 5.93909
-1.9797 5.93909
-1.82741 6.09137
-1.67513 6.24365
-1.52284 6.24365
-1.37056 6.39594
-1.21827 6.39594
-1.06599 6.54822
-0.913706 6.70051
-0.761421 6.70051
-0.609137 6.85279
-0.456853 6.85279
-0.304569 7.00508
-0.152284 7.00508
0 7.15736
0.152284 7.15736
0.304569 7.30964
0.456853 7.30964
0.609137 7.46193
0.761421 7.46193
0.913706 7.61421
1.06599 7.61421
1.21827 7.7665
1.37056 7.7665
1.52284 7.91878
1.67513 7.91878
1.82741 8.07107
1.9797 8.07107
2.13198 8.07107
2.28426 8.22335
2.43655 8.22335
2.74112 8.37563
2.8934 8.37563
3.04569 8.37563
3.19797 8.52792
3.35025 8.52792
3.50254 8.52792
3.65482 8.6802
3.80711 8.6802
4.11168 8.6802
4.26396 8.83249
4.41624 8.83249
4.56853 8.83249
4.72081 8.83249
4.8731 8.83249
5.17766 8.98477
5.32995 8.98477
5.48223 8.98477
5.63452 8.98477
5.7868 8.98477
6.09137 8.98477
6.24365 9.13706
6.39594 9.13706
6.54822 9.13706
6.85279 9.13706
7.00508 9.13706
7.15736 9.13706
7.46193 9.13706
7.61421 9.13706
7.7665 9.13706
8.07107 9.13706
8.22335 9.13706
8.37563 9.13706
8.6802 9.13706
8.83249 9.13706
8.98477 9.13706
9.28934 9.13706
9.44162 9.13706
9.74619 9.13706
9.89848 9.13706
10.0508 9.13706
10.3553 8.98477
10.5076 8.98477
10.8122 8.98477
10.9645 8.98477
11.269 8.83249
11.4213 8.83249
11.5736 8.6802
11.8782 8.6802
12.0305 8.52792
12.1827 8.52792
12.4873 8.37563
12.6396 8.37563
12.7919 8.22335
13.0964 8.07107
13.2487 7.91878
13.401 7.7665
13.5533 7.7665
13.7056 7.61421
14.0102 7.46193
14.1624 7.30964
14.3147 7.15736
14.467 7.00508
14.6193 6.70051
14.7716 6.54822
14.7716 6.39594
14.9239 6.24365
15.0761 6.09137
15.2284 5.7868
15.3807 5.63452
15.3807 5.48223
15.533 5.32995
15.533 5.02538
15.6853 4.8731
15.6853 4.56853
15.8376 4.41624
15.8376 4.26396
15.9898 3.95939
15.9898 3.80711
15.9898 3.50254
16.1421 3.35025
16.1421 3.19797
16.1421 2.8934
16.1421 2.74112
16.1421 2.43655
16.2944 2.28426
16.2944 1.9797
16.2944 1.82741
16.2944 1.67513
16.2944 1.37056
16.2944 1.21827
16.1421 0.913706
16.1421 0.761421
16.1421 0.609137
16.1421 0.304569
16.1421 0.152284
16.1421 0
16.1421 -0.304569
15.9898 -0.456853
15.9898 -0.609137
15.9898 -0.913706
15.8376 -1.06599
15.8376 -1.21827
