15.533 -1.37056
15.3807 -1.52284
15.3807 -1.82741
15.3807 -1.9797
15.2284 -2.13198
15.2284 -2.28426
15.2284 -2.43655
15.0761 -2.58883
15.0761 -2.8934
15.0761 -3.04569
14.9239 -3.19797
14.9239 -3.35025
14.7716 -3.50254
14.7716 -3.65482
14.7716 -3.80711
14.6193 -3.95939
14.6193 -4.26396
14.6193 -4.41624
14.467 -4.56853
14.467 -4.72081
14.3147 -4.8731
14.3147 -5.02538
14.1624 -5.17766
14.1624 -5.32995
14.0102 -5.48223
14.0102 -5.63452
13.8579 -5.7868
13.8579 -5.93909
13.7056 -6.09137
13.7056 -6.24365
13.5533 -6.39594
13.401 -6.54822
13.401 -6.70051
13.2487 -6.85279
13.0964 -7.00508
13.0964 -7.15736
12.9442 -7.30964
12.7919 -7.46193
12.7919 -7.61421
12.6396 -7.7665
12.4873 -7.91878
12.335 -8.07107
12.335 -8.07107
12.1827 -8.22335
12.0305 -8.37563
11.8782 -8.52792
11.7259 -8.6802
11.5736 -8.6802
11.5736 -8.83249
11.4213 -8.98477
11.269 -9.13706
11.1168 -9.13706
10.9645 -9.28934
10.8122 -9.44162
10.6599 -9.44162
10.5076 -9.59391
10.3553 -9.74619
10.203 -9.74619
10.0508 -9.89848
9.89848 -10.0508
9.74619 -10.0508
9.59391 -10.203
9.44162 -10.203
9.28934 -10.3553
9.13706 -10.3553
8.98477 -10.5076
8.83249 -10.5076
8.6802 -10.6599
8.52792 -10.6599
8.37563 -10.8122
8.22335 -10.8122
8.07107 -10.9645
7.91878 -10.9645
7.7665 -11.1168
7.61421 -11.1168
7.46193 -11.1168
7.30964 -11.269
7.00508 -11.269
6.85279 -11.4213
6.70051 -11.4213
6.54822 -11.5736
6.39594 -11.5736
6.24365 -11.5736
6.09137 -11.7259
5.93909 -11.7259
5.63452 -11.7259
5.48223 -11.8782
5.32995 -11.8782
5.17766 -11.8782
5.02538 -12.0305
4.72081 -12.0305
4.56853 -12.0305
4.41624 -12.0305
4.26396 -12.1827
3.95939 -12.1827
3.80711 -12.1827
3.65482 -12.1827
3.50254 -12.335
3.19797 -12.335
3.04569 -12.335
2.8934 -12.335
2.58883 -12.335
2.43655 -12.335
2.28426 -12.335
1.9797 -12.335
1.82741 -12.335
1.67513 -12.335
1.37056 -12.335
1.21827 -12.335
1.06599 -12.335
0.761421 -12.335
0.609137 -12.335
0.304569 -12.335
0.152284 -12.1827
0 -12.1827
-0.304569 -12.1827
-0.456853 -12.0305
-0.609137 -12.0305
-0.913706 -12.0305
-1.06599 -11.8782
-1.21827 -11.8782
-1.52284 -11.7259
-1.67513 -11.7259
-1.82741 -11.5736
-1.9797 -11.4213
-2.13198 -11.4213
-2.43655 -11.269
-2.58883 -11.1168
-2.74112 -10.9645
-2.8934 -10.8122
-3.04569 -10.8122
-3.19797 -10.6599
-3.35025 -10.5076
-3.50254 -10.3553
-3.65482 -10.203
-3.80711 -10.0508
-3.95939 -9.89848
-4.11168 -9.74619
-4.26396 -9.44162
-4.41624 -9.28934
-4.41624 -9.13706
-4.56853 -8.98477
-4.72081 -8.83249
-4.8731 -8.52792
-4.8731 -8.37563
-5.02538 -8.22335
-5.02538 -8.07107
-5.17766 -7.7665
-5.17766 -7.61421
-5.32995 -7.46193
-5.32995 -7.15736
-5.32995 -7.00508
-5.48223 -6.85279
-5.48223 -6.54822
-5.48223 -6.39594
-5.63452 -6.24365
-5.63452 -5.93909
-5.63452 -5.7868
-5.63452 -5.63452
-5.63452 -5.32995
-5.7868 -5.17766
-5.7868 -5.02538
-5.7868 -4.8731
-5.7868 -4.56853
-5.7868 -4.41624
-5.7868 -4.26396
-5.7868 -3.95939
-5.7868 -3.80711
-5.7868 -3.65482
-5.7868 -3.50254
-5.7868 -3.19797
-5.7868 -3.04569
-5.7868 -2.8934
-5.7868 -2.74112
-5.7868 -2.43655
-5.7868 -2.28426
-5.7868 -2.13198
-5.7868 -1.9797
-5.7868 -1.82741
-5.7868 -1.52284
-5.7868 -1.37056
-5.7868 -1.21827
-5.7868 -1.06599
-5.7868 -0.761421
-5.7868 -0.609137
-5.7868 -0.456853
-5.7868 -0.304569
-5.7868 -0.152284
-5.63452 0.152284
-5.63452 0.304569
-5.63452 0.456853
-5.63452 0.609137
-5.48223 0.761421
-5.48223 1.06599
-5.48223 1.21827
-5.48223 1.37056
-5.32995 1.52284
-5.32995 1.67513
-5.17766 1.82741
-5.17766 1.9797
-5.02538 2.28426
-5.02538 2.43655
-5.02538 2.58883
-4.8731 2.74112
-4.72081 2.8934
-4.72081 3.04569
-4.56853 3.19797
-4.56853 3.35025
-4.41624 3.50254
-4.26396 3.65482
-4.26396 3.80711
-4.11168 3.95939
-3.95939 4.11168
-3.95939 4.26396
-3.80711 4.41624
-3.65482 4.56853
-3.50254 4.72081
-3.35025 4.72081
-3.35025 4.8731
-3.19797 5.02538
-3.04569 5.17766
-2.8934 5.32995
-2.74112 5.48223
-2.58883 5.48223
-2.43655 5.63452
-2.43655 5.7868
-2.28426 5.93909
-2.13198 5.93909
-1.9797 6.09137
-1.82741 6.24365
-1.67513 6.24365
-1.52284 6.39594
-1.37056 6.39594
-1.21827 6.54822
-1.06599 6.70051
-0.913706 6.70051
-0.761421 6.85279
-0.609137 6.85279
-0.456853 7.00508
-0.304569 7.00508
-0.152284 7.15736
0 7.15736
0.152284 7.30964
0.304569 7.30964
0.456853 7.46193
0.609137 7.46193
0.761421 7.46193
0.913706 7.61421
1.06599 7.61421
1.21827 7.7665
1.52284 7.7665
1.67513 7.7665
1.82741 7.91878
1.9797 7.91878
2.13198 7.91878
2.28426 8.07107
2.43655 8.07107
2.58883 8.07107
2.74112 8.22335
2.8934 8.22335
3.04569 8.22335
3.19797 8.22335
3.35025 8.37563
3.65482 8.37563
3.80711 8.37563
3.95939 8.52792
4.11168 8.52792
4.26396 8.52792
4.41624 8.52792
4.56853 8.6802
4.72081 8.6802
5.02538 8.6802
5.17766 8.6802
5.32995 8.83249
5.48223 8.83249
5.63452 8.83249
5.7868 8.83249
6.09137 8.83249
6.24365 8.83249
6.39594 8.98477
6.54822 8.98477
6.85279 8.98477
7.00508 8.98477
7.15736 8.98477
7.30964 8.98477
7.61421 8.98477
7.7665 8.98477
7.91878 8.98477
8.22335 8.98477
8.37563 8.98477
8.52792 8.98477
8.83249 8.98477
8.98477 8.98477
9.13706 8.98477
9.44162 8.98477
9.59391 8.98477
9.74619 8.98477
10.0508 8.83249
10.203 8.83249
10.5076 8.83249
10.6599 8.83249
10.8122 8.6802
11.1168 8.6802
11.269 8.6802
11.4213 8.52792
11.7259 8.52792
11.8782 8.37563
12.0305 8.22335
12.335 8.22335
12.4873 8.07107
12.6396 8.07107
12.7919 7.91878
13.0964 7.7665
13.2487 7.61421
13.401 7.46193
13.5533 7.46193
13.7056 7.30964
13.8579 7.15736
14.0102 7.00508
14.1624 6.85279
14.3147 6.70051
14.467 6.54822
14.6193 6.24365
14.7716 6.09137
14.9239 5.93909
14.9239 5.7868
15.0761 5.63452
15.2284 5.32995
15.3807 5.17766
15.3807 5.02538
15.533 4.8731
15.533 4.56853
15.6853 4.41624
15.6853 4.26396
15.8376 3.95939
15.8376 3.80711
15.9898 3.50254
15.9898 3.35025
15.9898 3.19797
15.9898 2.8934
15.9898 2.74112
16.1421 2.43655
16.1421 2.28426
16.1421 2.13198
16.1421 1.82741
16.1421 1.67513
16.1421 1.37056
16.1421 1.21827
16.1421 1.06599
15.9898 0.761421
15.9898 0.609137
15.9898 0.456853
15.9898 0.152284
15.8376 0
15.8376 -0.152284
15.8376 -0.456853
15.8376 -0.609137
15.6853 -0.761421
15.6853 -1.06599
15.533 -1.21827
