15.533 -1.52284
15.533 -1.67513
15.533 -1.9797
15.533 -2.13198
15.533 -2.28426
15.3807 -2.43655
15.3807 -2.58883
15.3807 -2.8934
15.3807 -3.04569
15.2284 -3.19797
15.2284 -3.35025
15.0761 -3.50254
15.0761 -3.65482
15.0761 -3.95939
14.9239 -4.11168
14.9239 -4.26396
14.7716 -4.41624
14.6193 -4.56853
14.6193 -4.72081
14.467 -4.8731
14.467 -5.02538
14.3147 -5.17766
14.3147 -5.32995
14.1624 -5.48223
14.0102 -5.63452
14.0102 -5.7868
13.8579 -5.93909
13.8579 -6.09137
13.7056 -6.24365
13.5533 -6.39594
13.5533 -6.54822
13.401 -6.70051
13.2487 -6.85279
13.2487 -7.00508
13.0964 -7.15736
12.9442 -7.30964
12.9442 -7.46193
12.7919 -7.46193
12.6396 -7.61421
12.6396 -7.7665
12.4873 -7.91878
12.335 -8.07107
12.1827 -8.22335
12.1827 -8.37563
12.0305 -8.37563
11.8782 -8.52792
11.7259 -8.6802
11.5736 -8.83249
11.4213 -8.83249
11.4213 -8.98477
11.269 -9.13706
11.1168 -9.28934
10.9645 -9.28934
10.8122 -9.44162
10.6599 -9.44162
10.5076 -9.59391
10.3553 -9.74619
10.203 -9.74619
10.0508 -9.89848
9.89848 -9.89848
9.74619 -10.0508
9.59391 -10.0508
9.44162 -10.203
9.28934 -10.203
9.13706 -10.3553
8.98477 -10.3553
8.83249 -10.5076
8.6802 -10.5076
8.52792 -10.6599
8.37563 -10.6599
8.22335 -10.6599
8.07107 -10.8122
7.91878 -10.8122
7.7665 -10.9645
7.61421 -10.9645
7.46193 -11.1168
7.30964 -11.1168
7.15736 -11.1168
6.85279 -11.269
6.70051 -11.269
6.54822 -11.4213
6.39594 -11.4213
6.24365 -11.5736
6.09137 -11.5736
5.93909 -11.5736
5.7868 -11.7259
5.63452 -11.7259
5.32995 -11.8782
5.17766 -11.8782
5.02538 -11.8782
4.8731 -12.0305
4.72081 -12.0305
4.56853 -12.0305
4.26396 -12.0305
4.11168 -12.1827
3.95939 -12.1827
3.80711 -12.1827
3.50254 -12.1827
3.35025 -12.335
3.19797 -12.335
2.8934 -12.335
2.74112 -12.335
2.58883 -12.335
2.43655 -12.335
2.13198 -12.335
1.9797 -12.335
1.82741 -12.335
1.52284 -12.335
1.37056 -12.335
1.21827 -12.335
0.913706 -12.335
0.761421 -12.335
0.609137 -12.1827
0.304569 -12.1827
0.152284 -12.1827
0 -12.1827
-0.304569 -12.0305
-0.456853 -12.0305
-0.609137 -12.0305
-0.913706 -11.8782
-1.06599 -11.8782
-1.21827 -11.7259
-1.52284 -11.7259
-1.67513 -11.5736
-1.82741 -11.4213
-1.9797 -11.4213
-2.28426 -11.269
-2.43655 -11.1168
-2.58883 -11.1168
-2.74112 -10.9645
-2.8934 -10.8122
-3.04569 -10.6599
-3.35025 -10.5076
-3.50254 -10.5076
-3.65482 -10.3553
-3.80711 -10.203
-3.95939 -10.0508
-4.11168 -9.89848
-4.26396 -9.74619
-4.26396 -9.59391
-4.41624 -9.44162
-4.56853 -9.13706
-4.72081 -8.98477
-4.8731 -8.83249
-4.8731 -8.6802
-5.02538 -8.52792
-5.17766 -8.22335
-5.17766 -8.07107
-5.32995 -7.91878
-5.32995 -7.7665
-5.48223 -7.46193
-5.48223 -7.30964
-5.63452 -7.15736
-5.63452 -6.85279
-5.63452 -6.70051
-5.7868 -6.54822
-5.7868 -6.24365
-5.7868 -6.09137
-5.7868 -5.93909
-5.7868 -5.63452
-5.93909 -5.48223
-5.93909 -5.32995
-5.93909 -5.02538
-5.93909 -4.8731
-5.93909 -4.72081
-5.93909 -4.41624
-5.93909 -4.26396
-5.93909 -4.11168
-5.93909 -3.80711
-5.93909 -3.65482
-5.93909 -3.50254
-5.93909 -3.19797
-5.93909 -3.04569
-5.93909 -2.8934
-5.93909 -2.74112
-5.93909 -2.43655
-5.93909 -2.28426
-5.93909 -2.13198
-5.93909 -1.9797
-5.93909 -1.67513
-5.7868 -1.52284
-5.7868 -1.37056
-5.7868 -1.21827
-5.7868 -1.06599
-5.7868 -0.761421
-5.7868 -0.609137
-5.63452 -0.456853
-5.63452 -0.304569
-5.63452 0
-5.63452 0.152284
-5.48223 0.304569
-5.48223 0.456853
-5.48223 0.609137
-5.48223 0.761421
-5.32995 1.06599
-5.32995 1.21827
-5.32995 1.37056
-5.17766 1.52284
-5.17766 1.67513
-5.02538 1.82741
-5.02538 1.9797
-4.8731 2.28426
-4.8731 2.43655
-4.8731 2.58883
-4.72081 2.74112
-4.56853 2.8934
-4.56853 3.04569
-4.41624 3.19797
-4.41624 3.35025
-4.26396 3.50254
-4.26396 3.65482
-4.11168 3.80711
-3.95939 3.95939
-3.95939 4.11168
-3.80711 4.26396
-3.65482 4.41624
-3.50254 4.56853
-3.50254 4.72081
-3.35025 4.8731
-3.19797 5.02538
-3.04569 5.17766
-2.8934 5.17766
-2.8934 5.32995
-2.74112 5.48223
-2.58883 5.63452
-2.43655 5.7868
-2.28426 5.7868
-2.13198 5.93909
-1.9797 6.09137
-1.82741 6.24365
-1.67513 6.24365
-1.52284 6.39594
-1.37056 6.54822
-1.21827 6.54822
-1.06599 6.70051
-0.913706 6.70051
-0.761421 6.85279
-0.609137 7.00508
-0.456853 7.00508
-0.304569 7.15736
-0.152284 7.15736
0 7.30964
0.152284 7.30964
0.304569 7.30964
0.456853 7.46193
0.609137 7.46193
0.761421 7.61421
0.913706 7.61421
1.06599 7.61421
1.37056 7.7665
1.52284 7.7665
1.67513 7.7665
1.82741 7.91878
1.9797 7.91878
2.13198 7.91878
2.28426 7.91878
2.43655 8.07107
2.58883 8.07107
2.74112 8.07107
3.04569 8.07107
3.19797 8.22335
3.35025 8.22335
3.50254 8.22335
3.65482 8.22335
3.80711 8.37563
3.95939 8.37563
4.11168 8.37563
4.26396 8.37563
4.56853 8.52792
4.72081 8.52792
4.8731 8.52792
5.02538 8.52792
5.17766 8.52792
5.32995 8.6802
5.63452 8.6802
5.7868 8.6802
5.93909 8.6802
6.09137 8.6802
6.24365 8.83249
6.54822 8.83249
6.70051 8.83249
6.85279 8.83249
7.00508 8.83249
7.30964 8.83249
7.46193 8.83249
7.61421 8.83249
7.91878 8.83249
8.07107 8.83249
8.22335 8.83249
8.37563 8.83249
8.6802 8.83249
8.83249 8.83249
8.98477 8.83249
9.28934 8.83249
9.44162 8.6802
9.59391 8.6802
9.89848 8.6802
10.0508 8.6802
10.203 8.6802
10.5076 8.52792
10.6599 8.52792
10.8122 8.37563
11.1168 8.37563
11.269 8.37563
11.4213 8.22335
11.7259 8.22335
11.8782 8.07107
12.0305 8.07107
12.335 7.91878
12.4873 7.7665
12.6396 7.7665
12.7919 7.61421
13.0964 7.46193
13.2487 7.46193
13.401 7.30964
13.5533 7.15736
13.7056 7.00508
14.0102 6.85279
14.1624 6.85279
14.3147 6.70051
14.467 6.54822
14.6193 6.39594
14.7716 6.24365
14.9239 6.09137
15.0761 5.7868
15.2284 5.63452
15.2284 5.48223
15.3807 5.32995
15.533 5.17766
15.6853 4.8731
15.6853 4.72081
15.8376 4.56853
15.8376 4.26396
15.9898 4.11168
15.9898 3.95939
15.9898 3.65482
16.1421 3.50254
16.1421 3.19797
16.1421 3.04569
16.1421 2.74112
16.1421 2.58883
15.9898 2.28426
15.9898 2.13198
15.9898 1.82741
15.9898 1.67513
15.9898 1.37056
15.8376 1.21827
15.8376 0.913706
15.8376 0.761421
15.6853 0.609137
15.6853 0.304569
15.6853 0.152284
15.533 0
15.533 -0.304569
15.533 -0.456853
15.533 -0.609137
15.533 -0.761421
15.533 -1.06599
15.533 -1.21827
15.533 -1.37056
