6.54822 1.9797
6.70051 1.67513
6.70051 1.37056
6.70051 1.06599
6.70051 0.761421
6.54822 0.304569
6.54822 0
6.54822 -0.304569
6.39594 -0.609137
6.39594 -0.913706
6.24365 -1.21827
6.09137 -1.52284
6.09137 -1.82741
5.93909 -2.13198
5.7868 -2.43655
5.63452 -2.74112
5.48223 -3.04569
5.32995 -3.19797
5.02538 -3.50254
4.8731 -3.80711
4.72081 -4.11168
4.41624 -4.26396
4.26396 -4.56853
4.11168 -4.72081
3.80711 -5.02538
3.50254 -5.17766
3.35025 -5.48223
3.04569 -5.63452
2.8934 -5.7868
2.58883 -6.09137
2.28426 -6.24365
1.9797 -6.39594
1.82741 -6.54822
1.52284 -6.70051
1.21827 -6.85279
0.913706 -7.00508
0.761421 -7.15736
0.456853 -7.30964
0.152284 -7.46193
-0.152284 -7.61421
-0.304569 -7.7665
-0.609137 -7.7665
-0.913706 -7.91878
-1.21827 -8.07107
-1.37056 -8.22335
-1.67513 -8.22335
-1.9797 -8.37563
-2.13198 -8.52792
-2.43655 -8.52792
-2.58883 -8.6802
-2.8934 -8.83249
-3.19797 -8.83249
-3.35025 -8.98477
-3.65482 -9.13706
-3.80711 -9.13706
-3.95939 -9.28934
-4.26396 -9.44162
-4.41624 -9.44162
-4.72081 -9.59391
-4.8731 -9.74619
-5.17766 -9.74619
-5.32995 -9.89848
-5.63452 -10.0508
-5.7868 -10.0508
-6.09137 -10.203
-6.24365 -10.203
-6.39594 -10.3553
-6.70051 -10.3553
-6.85279 -10.5076
-7.15736 -10.5076
-7.30964 -10.6599
-7.61421 -10.6599
-7.7665 -10.8122
-8.07107 -10.8122
-8.22335 -10.8122
-8.52792 -10.8122
-8.6802 -10.9645
-8.98477 -10.9645
-9.13706 -10.9645
-9.44162 -10.9645
-9.59391 -10.9645
-9.89848 -10.9645
-10.0508 -10.9645
-10.3553 -10.9645
-10.6599 -10.9645
-10.8122 -10.9645
-11.1168 -10.9645
-11.269 -10.9645
-11.5736 -10.9645
-11.7259 -10.9645
-11.8782 -10.9645
-12.1827 -10.9645
-12.335 -10.9645
-12.6396 -10.9645
-12.7919 -10.9645
-13.0964 -10.8122
-13.2487 -10.8122
-13.5533 -10.8122
-13.7056 -10.8122
-14.0102 -10.8122
-14.1624 -10.8122
-14.467 -10.8122
-14.6193 -10.6599
-14.9239 -10.6599
-15.0761 -10.6599
-15.3807 -10.6599
-15.533 -10.6599
-15.8376 -10.6599
-15.9898 -10.5076
-16.2944 -10.5076
-16.4467 -10.5076
-16.7513 -10.5076
-16.9036 -10.3553
-17.2081 -10.3553
-17.5127 -10.3553
-17.665 -10.203
-17.9695 -10.203
-18.1218 -10.203
-18.4264 -10.0508
-18.5787 -10.0508
-18.8832 -10.0508
-19.1878 -9.89848
-19.3401 -9.89848
-19.6447 -9.74619
-19.797 -9.74619
-20.1015 -9.59391
-20.4061 -9.59391
-20.5584 -9.44162
-20.8629 -9.44162
-21.0152 -9.28934
-21.3198 -9.13706
-21.6244 -9.13706
-21.7766 -8.98477
-22.0812 -8.83249
-22.2335 -8.6802
-22.5381 -8.52792
-22.8426 -8.37563
-22.9949 -8.37563
-23.2995 -8.22335
-23.4518 -8.07107
-23.7563 -7.91878
-23.9086 -7.61421
-24.0609 -7.46193
-24.3655 -7.30964
-24.5178 -7.15736
-24.8223 -7.00508
-24.9746 -6.85279
-25.1269 -6.54822
-25.4315 -6.39594
-25.5838 -6.09137
-25.736 -5.93909
-25.8883 -5.7868
-26.0406 -5.48223
-26.1929 -5.32995
-26.3452 -5.02538
-26.4975 -4.8731
-26.6497 -4.56853
-26.802 -4.26396
-26.9543 -4.11168
-27.1066 -3.80711
-27.2589 -3.50254
-27.4112 -3.35025
-27.4112 -3.04569
-27.5635 -2.74112
-27.7157 -2.43655
-27.7157 -2.28426
-27.868 -1.9797
-28.0203 -1.67513
-28.0203 -1.37056
-28.1726 -1.06599
-28.1726 -0.913706
-28.1726 -0.609137
-28.3249 -0.304569
-28.3249 0
-28.3249 0.304569
-28.3249 0.609137
-28.4772 0.913706
-28.4772 1.06599
-28.4772 1.37056
-28.4772 1.67513
-28.4772 1.9797
-28.4772 2.28426
-28.4772 2.58883
-28.4772 2.8934
-28.3249 3.19797
-28.3249 3.50254
-28.3249 3.65482
-28.3249 3.95939
-28.1726 4.26396
-28.1726 4.56853
-28.1726 4.8731
-28.0203 5.17766
-28.0203 5.32995
-27.868 5.63452
-27.868 5.93909
-27.7157 6.24365
-27.5635 6.54822
-27.5635 6.70051
-27.4112 7.00508
-27.2589 7.30964
-27.2589 7.61421
-27.1066 7.7665
-26.9543 8.07107
-26.802 8.37563
-26.6497 8.52792
-26.4975 8.83249
-26.4975 8.98477
-26.3452 9.28934
-26.1929 9.59391
-26.0406 9.74619
-25.8883 10.0508
-25.736 10.203
-25.4315 10.5076
-25.2792 10.6599
-25.1269 10.9645
-24.9746 11.1168
-24.8223 11.269
-24.6701 11.5736
-24.5178 11.7259
-24.2132 12.0305
-24.0609 12.1827
-23.9086 12.335
-23.7563 12.6396
-23.4518 12.7919
-23.2995 12.9442
-23.1472 13.0964
-22.8426 13.2487
-22.6904 13.401
-22.3858 13.7056
-22.2335 13.8579
-21.9289 14.0102
-21.7766 14.1624
-21.4721 14.1624
-21.3198 14.3147
-21.0152 14.467
-20.7107 14.6193
-20.5584 14.7716
-20.2538 14.7716
-19.9492 14.9239
-19.797 15.0761
-19.4924 15.0761
-19.1878 15.0761
-19.0355 15.2284
-18.731 15.2284
-18.4264 15.2284
-18.1218 15.3807
-17.9695 15.3807
-17.665 15.3807
-17.3604 15.3807
-17.0558 15.3807
-16.7513 15.3807
-16.599 15.3807
-16.2944 15.3807
-15.9898 15.3807
-15.8376 15.3807
-15.533 15.2284
-15.2284 15.2284
-15.0761 15.2284
-14.7716 15.2284
-14.467 15.2284
-14.3147 15.0761
-14.0102 15.0761
-13.8579 15.0761
-13.5533 14.9239
-13.2487 14.9239
-13.0964 14.9239
-12.7919 14.9239
-12.6396 14.7716
-12.335 14.7716
-12.1827 14.7716
-11.8782 14.7716
-11.7259 14.7716
-11.5736 14.6193
-11.269 14.6193
-11.1168 14.6193
-10.8122 14.6193
-10.6599 14.467
-10.3553 14.467
-10.203 14.467
-10.0508 14.467
-9.74619 14.3147
-9.59391 14.3147
-9.28934 14.3147
-9.13706 14.3147
-8.83249 14.1624
-8.6802 14.1624
-8.52792 14.1624
-8.22335 14.1624
-8.07107 14.0102
-7.7665 14.0102
-7.61421 13.8579
-7.46193 13.8579
-7.15736 13.8579
-7.00508 13.7056
-6.70051 13.7056
-6.54822 13.5533
-6.39594 13.5533
-6.09137 13.401
-5.93909 13.401
-5.63452 13.2487
-5.48223 13.2487
-5.17766 13.0964
-5.02538 13.0964
-4.8731 12.9442
-4.56853 12.9442
-4.41624 12.7919
-4.11168 12.7919
-3.95939 12.6396
-3.65482 12.4873
-3.50254 12.4873
-3.35025 12.335
-3.04569 12.1827
-2.8934 12.1827
-2.58883 12.0305
-2.43655 11.8782
-2.13198 11.7259
-1.9797 11.7259
-1.67513 11.5736
-1.52284 11.4213
-1.21827 11.269
-1.06599 11.1168
-0.761421 10.9645
-0.609137 10.9645
-0.304569 10.8122
-0.152284 10.6599
0.152284 10.5076
0.304569 10.3553
0.609137 10.203
0.761421 9.89848
1.06599 9.74619
1.21827 9.59391
1.52284 9.44162
1.67513 9.28934
1.82741 8.98477
2.13198 8.83249
2.28426 8.6802
2.58883 8.52792
2.74112 8.22335
2.8934 8.07107
3.19797 7.7665
3.35025 7.61421
3.50254 7.30964
3.80711 7.15736
3.95939 6.85279
4.11168 6.54822
4.26396 6.39594
4.41624 6.09137
4.72081 5.7868
4.8731 5.63452
5.02538 5.32995
5.17766 5.02538
5.32995 4.72081
5.48223 4.41624
5.63452 4.11168
5.7868 3.80711
5.93909 3.50254
6.09137 3.19797
6.24365 2.8934
6.24365 2.58883
6.39594 2.28426
