15.3807 -1.67513
15.3807 -1.82741
15.3807 -2.13198
15.3807 -2.28426
15.3807 -2.43655
15.2284 -2.58883
15.2284 -2.8934
15.2284 -3.04569
15.2284 -3.19797
15.0761 -3.35025
15.0761 -3.50254
15.0761 -3.65482
14.9239 -3.95939
14.9239 -4.11168
14.7716 -4.26396
14.7716 -4.41624
14.7716 -4.56853
14.6193 -4.72081
14.6193 -4.8731
14.467 -5.02538
14.3147 -5.17766
14.3147 -5.48223
14.1624 -5.63452
14.1624 -5.7868
14.0102 -5.93909
13.8579 -6.09137
13.8579 -6.24365
13.7056 -6.39594
13.7056 -6.54822
13.5533 -6.70051
13.401 -6.85279
13.2487 -6.85279
13.2487 -7.00508
13.0964 -7.15736
12.9442 -7.30964
12.9442 -7.46193
12.7919 -7.61421
12.6396 -7.7665
12.4873 -7.91878
12.335 -7.91878
12.335 -8.07107
12.1827 -8.22335
12.0305 -8.37563
11.8782 -8.52792
11.7259 -8.52792
11.5736 -8.6802
11.4213 -8.83249
11.269 -8.83249
11.269 -8.98477
11.1168 -9.13706
10.9645 -9.13706
10.8122 -9.28934
10.6599 -9.44162
10.5076 -9.44162
10.3553 -9.59391
10.203 -9.59391
10.0508 -9.74619
9.89848 -9.74619
9.74619 -9.89848
9.59391 -9.89848
9.44162 -10.0508
9.28934 -10.0508
9.13706 -10.203
8.98477 -10.203
8.83249 -10.3553
8.6802 -10.3553
8.52792 -10.5076
8.37563 -10.5076
8.22335 -10.5076
8.07107 -10.6599
7.91878 -10.6599
7.7665 -10.8122
7.61421 -10.8122
7.46193 -10.9645
7.30964 -10.9645
7.15736 -10.9645
7.00508 -11.1168
6.85279 -11.1168
6.70051 -11.269
6.54822 -11.269
6.39594 -11.4213
6.24365 -11.4213
5.93909 -11.4213
5.7868 -11.5736
5.63452 -11.5736
5.48223 -11.7259
5.32995 -11.7259
5.17766 -11.7259
5.02538 -11.8782
4.8731 -11.8782
4.56853 -12.0305
4.41624 -12.0305
4.26396 -12.0305
4.11168 -12.0305
3.95939 -12.1827
3.65482 -12.1827
3.50254 -12.1827
3.35025 -12.1827
3.19797 -12.1827
2.8934 -12.335
2.74112 -12.335
2.58883 -12.335
2.43655 -12.335
2.13198 -12.335
1.9797 -12.335
1.82741 -12.335
1.52284 -12.335
1.37056 -12.335
1.21827 -12.335
1.06599 -12.335
0.761421 -12.1827
0.609137 -12.1827
0.456853 -12.1827
0.152284 -12.1827
0 -12.0305
-0.152284 -12.0305
-0.456853 -12.0305
-0.609137 -11.8782
-0.761421 -11.8782
-0.913706 -11.8782
-1.21827 -11.7259
-1.37056 -11.7259
-1.52284 -11.5736
-1.67513 -11.5736
-1.9797 -11.4213
-2.13198 -11.4213
-2.28426 -11.269
-2.43655 -11.1168
-2.74112 -11.1168
-2.8934 -10.9645
-3.04569 -10.8122
-3.19797 -10.6599
-3.35025 -10.5076
-3.50254 -10.5076
-3.65482 -10.3553
-3.80711 -10.203
-3.95939 -10.0508
-4.11168 -9.89848
-4.26396 -9.74619
-4.41624 -9.59391
-4.56853 -9.44162
-4.72081 -9.28934
-4.8731 -9.13706
-4.8731 -8.83249
-5.02538 -8.6802
-5.17766 -8.52792
-5.17766 -8.37563
-5.32995 -8.22335
-5.32995 -7.91878
-5.48223 -7.7665
-5.48223 -7.61421
-5.63452 -7.30964
-5.63452 -7.15736
-5.7868 -7.00508
-5.7868 -6.70051
-5.7868 -6.54822
-5.93909 -6.39594
-5.93909 -6.24365
-5.93909 -5.93909
-5.93909 -5.7868
-5.93909 -5.63452
-5.93909 -5.32995
-5.93909 -5.17766
-6.09137 -5.02538
-6.09137 -4.72081
-6.09137 -4.56853
-6.09137 -4.41624
-6.09137 -4.11168
-6.09137 -3.95939
-6.09137 -3.80711
-6.09137 -3.50254
-6.09137 -3.35025
-5.93909 -3.19797
-5.93909 -3.04569
-5.93909 -2.74112
-5.93909 -2.58883
-5.93909 -2.43655
-5.93909 -2.28426
-5.93909 -2.13198
-5.93909 -1.82741
-5.93909 -1.67513
-5.7868 -1.52284
-5.7868 -1.37056
-5.7868 -1.21827
-5.7868 -0.913706
-5.7868 -0.761421
-5.63452 -0.609137
-5.63452 -0.456853
-5.63452 -0.304569
-5.63452 -0.152284
-5.48223 0.152284
-5.48223 0.304569
-5.48223 0.456853
-5.48223 0.609137
-5.32995 0.761421
-5.32995 0.913706
-5.32995 1.06599
-5.17766 1.37056
-5.17766 1.52284
-5.17766 1.67513
-5.02538 1.82741
-5.02538 1.9797
-4.8731 2.13198
-4.8731 2.28426
-4.72081 2.43655
-4.72081 2.58883
-4.56853 2.8934
-4.56853 3.04569
-4.41624 3.19797
-4.41624 3.35025
-4.26396 3.50254
-4.26396 3.65482
-4.11168 3.80711
-4.11168 3.95939
-3.95939 4.11168
-3.80711 4.26396
-3.80711 4.41624
-3.65482 4.56853
-3.50254 4.72081
-3.50254 4.8731
-3.35025 5.02538
-3.19797 5.17766
-3.04569 5.32995
-3.04569 5.32995
-2.8934 5.48223
-2.74112 5.63452
-2.58883 5.7868
-2.43655 5.93909
-2.28426 6.09137
-2.13198 6.09137
-2.13198 6.24365
-1.9797 6.39594
-1.82741 6.54822
-1.67513 6.54822
-1.52284 6.70051
-1.37056 6.85279
-1.21827 6.85279
-1.06599 7.00508
-0.913706 7.00508
-0.761421 7.15736
-0.456853 7.30964
-0.304569 7.30964
-0.152284 7.30964
0 7.46193
0.152284 7.46193
0.304569 7.61421
0.456853 7.61421
0.609137 7.61421
0.761421 7.7665
1.06599 7.7665
1.21827 7.7665
1.37056 7.7665
1.52284 7.7665
1.67513 7.91878
1.82741 7.91878
1.9797 7.91878
2.28426 7.91878
2.43655 7.91878
2.58883 7.91878
2.74112 8.07107
2.8934 8.07107
3.04569 8.07107
3.19797 8.07107
3.50254 8.07107
3.65482 8.07107
3.80711 8.07107
3.95939 8.22335
4.11168 8.22335
4.26396 8.22335
4.41624 8.22335
4.56853 8.22335
4.8731 8.22335
5.02538 8.22335
5.17766 8.37563
5.32995 8.37563
5.48223 8.37563
5.63452 8.37563
5.93909 8.37563
6.09137 8.37563
6.24365 8.37563
6.39594 8.52792
6.54822 8.52792
6.85279 8.52792
7.00508 8.52792
7.15736 8.52792
7.30964 8.52792
7.61421 8.52792
7.7665 8.52792
7.91878 8.52792
8.07107 8.52792
8.37563 8.52792
8.52792 8.52792
8.6802 8.52792
8.98477 8.37563
9.13706 8.37563
9.28934 8.37563
9.59391 8.37563
9.74619 8.37563
9.89848 8.22335
10.203 8.22335
10.3553 8.22335
10.5076 8.07107
10.8122 8.07107
10.9645 8.07107
11.1168 7.91878
11.4213 7.91878
11.5736 7.7665
11.7259 7.7665
11.8782 7.61421
12.1827 7.61421
12.335 7.46193
12.4873 7.46193
12.7919 7.30964
12.9442 7.15736
13.0964 7.00508
13.2487 7.00508
13.401 6.85279
13.7056 6.70051
13.8579 6.54822
14.0102 6.39594
14.1624 6.24365
14.3147 6.09137
14.467 5.93909
14.6193 5.7868
14.7716 5.63452
14.9239 5.48223
15.0761 5.32995
15.2284 5.17766
15.2284 5.02538
15.3807 4.72081
15.533 4.56853
15.533 4.41624
15.6853 4.11168
15.6853 3.95939
15.8376 3.80711
15.8376 3.50254
15.8376 3.35025
15.8376 3.04569
15.8376 2.8934
15.8376 2.58883
15.8376 2.43655
15.8376 2.13198
15.8376 1.9797
15.6853 1.67513
15.6853 1.52284
15.6853 1.21827
15.6853 1.06599
15.533 0.761421
15.533 0.609137
15.533 0.456853
15.3807 0.152284
15.3807 0
15.3807 -0.152284
15.2284 -0.456853
15.2284 -0.609137
15.2284 -0.761421
15.2284 -0.913706
15.2284 -1.21827
15.2284 -1.37056
15.3807 -1.52284
