6.54822 2.13198
6.70051 1.82741
6.70051 1.52284
6.70051 1.21827
6.70051 0.761421
6.54822 0.456853
6.54822 0.152284
6.54822 -0.152284
6.39594 -0.456853
6.39594 -0.761421
6.24365 -1.06599
6.24365 -1.37056
6.09137 -1.67513
5.93909 -1.9797
5.7868 -2.28426
5.63452 -2.58883
5.48223 -2.8934
5.32995 -3.19797
5.17766 -3.35025
5.02538 -3.65482
4.8731 -3.95939
4.56853 -4.11168
4.41624 -4.41624
4.26396 -4.72081
3.95939 -4.8731
3.80711 -5.17766
3.50254 -5.32995
3.19797 -5.48223
3.04569 -5.7868
2.74112 -5.93909
2.43655 -6.09137
2.28426 -6.39594
1.9797 -6.54822
1.67513 -6.70051
1.52284 -6.85279
1.21827 -7.00508
0.913706 -7.15736
0.609137 -7.30964
0.456853 -7.46193
0.152284 -7.61421
-0.152284 -7.61421
-0.456853 -7.7665
-0.609137 -7.91878
-0.913706 -8.07107
-1.21827 -8.07107
-1.37056 -8.22335
-1.67513 -8.37563
-1.9797 -8.52792
-2.13198 -8.52792
-2.43655 -8.6802
-2.58883 -8.83249
-2.8934 -8.83249
-3.04569 -8.98477
-3.35025 -9.13706
-3.50254 -9.13706
-3.80711 -9.28934
-3.95939 -9.44162
-4.26396 -9.44162
-4.41624 -9.59391
-4.72081 -9.74619
-4.8731 -9.74619
-5.17766 -9.89848
-5.32995 -10.0508
-5.63452 -10.0508
-5.7868 -10.203
-6.09137 -10.203
-6.24365 -10.3553
-6.54822 -10.3553
-6.70051 -10.5076
-6.85279 -10.5076
-7.15736 -10.6599
-7.46193 -10.6599
-7.61421 -10.8122
-7.91878 -10.8122
-8.07107 -10.8122
-8.37563 -10.8122
-8.52792 -10.9645
-8.83249 -10.9645
-8.98477 -10.9645
-9.28934 -10.9645
-9.44162 -10.9645
-9.74619 -10.9645
-9.89848 -10.9645
-10.203 -10.9645
-10.3553 -10.9645
-10.6599 -10.9645
-10.8122 -10.9645
-11.1168 -10.9645
-11.269 -10.9645
-11.5736 -10.9645
-11.7259 -10.9645
-12.0305 -10.9645
-12.1827 -10.9645
-12.4873 -10.9645
-12.6396 -10.9645
-12.9442 -10.9645
-13.0964 -10.9645
-13.401 -10.8122
-13.5533 -10.8122
-13.8579 -10.8122
-14.0102 -10.8122
-14.3147 -10.8122
-14.467 -10.8122
-14.7716 -10.8122
-15.0761 -10.6599
-15.2284 -10.6599
-15.533 -10.6599
-15.6853 -10.6599
-15.9898 -10.6599
-16.1421 -10.6599
-16.4467 -10.5076
-16.599 -10.5076
-16.9036 -10.5076
-17.2081 -10.5076
-17.3604 -10.3553
-17.665 -10.3553
-17.8173 -10.3553
-18.1218 -10.203
-18.4264 -10.203
-18.5787 -10.203
-18.8832 -10.0508
-19.0355 -10.0508
-19.3401 -9.89848
-19.6447 -9.89848
-19.797 -9.74619
-20.1015 -9.74619
-20.4061 -9.59391
-20.5584 -9.59391
-20.8629 -9.44162
-21.0152 -9.28934
-21.3198 -9.28934
-21.6244 -9.13706
-21.7766 -8.98477
-22.0812 -8.83249
-22.2335 -8.6802
-22.5381 -8.6802
-22.8426 -8.52792
-22.9949 -8.37563
-23.2995 -8.22335
-23.4518 -8.07107
-23.7563 -7.91878
-23.9086 -7.7665
-24.2132 -7.46193
-24.3655 -7.30964
-24.5178 -7.15736
-24.8223 -7.00508
-24.9746 -6.70051
-25.1269 -6.54822
-25.4315 -6.39594
-25.5838 -6.09137
-25.736 -5.93909
-25.8883 -5.7868
-26.0406 -5.48223
-26.3452 -5.32995
-26.4975 -5.02538
-26.6497 -4.72081
-26.802 -4.56853
-26.9543 -4.26396
-27.1066 -3.95939
-27.1066 -3.80711
-27.2589 -3.50254
-27.4112 -3.19797
-27.5635 -3.04569
-27.5635 -2.74112
-27.7157 -2.43655
-27.868 -2.13198
-27.868 -1.82741
-28.0203 -1.67513
-28.0203 -1.37056
-28.1726 -1.06599
-28.1726 -0.761421
-28.1726 -0.456853
-28.3249 -0.152284
-28.3249 0.152284
-28.3249 0.456853
-28.3249 0.609137
-28.3249 0.913706
-28.3249 1.21827
-28.3249 1.52284
-28.3249 1.82741
-28.3249 2.13198
-28.3249 2.43655
-28.3249 2.74112
-28.3249 3.04569
-28.3249 3.19797
-28.1726 3.50254
-28.1726 3.80711
-28.1726 4.11168
-28.0203 4.41624
-28.0203 4.72081
-28.0203 5.02538
-27.868 5.17766
-27.868 5.48223
-27.7157 5.7868
-27.7157 6.09137
-27.5635 6.39594
-27.5635 6.54822
-27.4112 6.85279
-27.2589 7.15736
-27.2589 7.46193
-27.1066 7.61421
-26.9543 7.91878
-26.802 8.22335
-26.802 8.52792
-26.6497 8.6802
-26.4975 8.98477
-26.3452 9.28934
-26.1929 9.44162
-26.0406 9.74619
-25.8883 9.89848
-25.736 10.203
-25.5838 10.3553
-25.4315 10.6599
-25.2792 10.8122
-25.1269 11.1168
-24.9746 11.269
-24.6701 11.5736
-24.5178 11.7259
-24.3655 11.8782
-24.2132 12.1827
-23.9086 12.335
-23.7563 12.4873
-23.6041 12.6396
-23.2995 12.9442
-23.1472 13.0964
-22.8426 13.2487
-22.6904 13.401
-22.5381 13.5533
-22.2335 13.7056
-21.9289 13.8579
-21.7766 14.0102
-21.4721 14.1624
-21.3198 14.3147
-21.0152 14.3147
-20.7107 14.467
-20.5584 14.6193
-20.2538 14.6193
-19.9492 14.7716
-19.797 14.7716
-19.4924 14.9239
-19.1878 14.9239
-18.8832 15.0761
-18.731 15.0761
-18.4264 15.0761
-18.1218 15.2284
-17.8173 15.2284
-17.665 15.2284
-17.3604 15.2284
-17.0558 15.2284
-16.7513 15.2284
-16.599 15.2284
-16.2944 15.2284
-15.9898 15.2284
-15.8376 15.2284
-15.533 15.0761
-15.2284 15.0761
-15.0761 15.0761
-14.7716 15.0761
-14.6193 15.0761
-14.3147 14.9239
-14.0102 14.9239
-13.8579 14.9239
-13.5533 14.9239
-13.401 14.9239
-13.0964 14.7716
-12.9442 14.7716
-12.6396 14.7716
-12.4873 14.7716
-12.1827 14.7716
-12.0305 14.6193
-11.7259 14.6193
-11.5736 14.6193
-11.4213 14.6193
-11.1168 14.6193
-10.9645 14.467
-10.6599 14.467
-10.5076 14.467
-10.3553 14.467
-10.0508 14.467
-9.89848 14.3147
-9.59391 14.3147
-9.44162 14.3147
-9.13706 14.3147
-8.98477 14.3147
-8.83249 14.1624
-8.52792 14.1624
-8.37563 14.1624
-8.07107 14.0102
-7.91878 14.0102
-7.7665 14.0102
-7.46193 13.8579
-7.30964 13.8579
-7.00508 13.8579
-6.85279 13.7056
-6.70051 13.7056
-6.39594 13.5533
-6.24365 13.5533
-5.93909 13.401
-5.7868 13.401
-5.63452 13.2487
-5.32995 13.2487
-5.17766 13.0964
-5.02538 13.0964
-4.72081 12.9442
-4.56853 12.9442
-4.26396 12.7919
-4.11168 12.7919
-3.95939 12.6396
-3.65482 12.4873
-3.50254 12.4873
-3.19797 12.335
-3.04569 12.1827
-2.74112 12.1827
-2.58883 12.0305
-2.28426 11.8782
-2.13198 11.7259
-1.9797 11.7259
-1.67513 11.5736
-1.52284 11.4213
-1.21827 11.269
-1.06599 11.1168
-0.761421 10.9645
-0.609137 10.9645
-0.304569 10.8122
-0.152284 10.6599
0.152284 10.5076
0.304569 10.3553
0.609137 10.203
0.761421 10.0508
1.06599 9.74619
1.21827 9.59391
1.52284 9.44162
1.67513 9.28934
1.82741 9.13706
2.13198 8.83249
2.28426 8.6802
2.58883 8.52792
2.74112 8.22335
2.8934 8.07107
3.19797 7.91878
3.35025 7.61421
3.50254 7.46193
3.65482 7.15736
3.95939 6.85279
4.11168 6.70051
4.26396 6.39594
4.41624 6.24365
4.56853 5.93909
4.72081 5.63452
5.02538 5.32995
5.17766 5.17766
5.32995 4.8731
5.48223 4.56853
5.63452 4.26396
5.7868 3.95939
5.93909 3.65482
6.09137 3.35025
6.09137 3.04569
6.24365 2.74112
6.39594 2.43655
