15.533 -1.67513
15.533 -1.9797
15.533 -2.13198
15.533 -2.28426
15.533 -2.43655
15.533 -2.74112
15.533 -2.8934
15.533 -3.04569
15.3807 -3.19797
15.3807 -3.50254
15.3807 -3.65482
15.2284 -3.80711
15.2284 -3.95939
15.2284 -4.11168
15.0761 -4.41624
15.0761 -4.56853
14.9239 -4.72081
14.9239 -4.8731
14.7716 -5.02538
14.7716 -5.17766
14.6193 -5.32995
14.6193 -5.63452
14.467 -5.7868
14.3147 -5.93909
14.3147 -6.09137
14.1624 -6.24365
14.0102 -6.39594
13.8579 -6.54822
13.8579 -6.70051
13.7056 -6.85279
13.5533 -7.00508
13.401 -7.00508
13.2487 -7.15736
13.2487 -7.30964
13.0964 -7.46193
12.9442 -7.61421
12.7919 -7.7665
12.6396 -7.7665
12.4873 -7.91878
12.335 -8.07107
12.1827 -8.22335
12.0305 -8.22335
12.0305 -8.37563
11.8782 -8.52792
11.7259 -8.52792
11.5736 -8.6802
11.4213 -8.83249
11.269 -8.83249
11.1168 -8.98477
10.9645 -9.13706
10.8122 -9.13706
10.6599 -9.28934
10.5076 -9.28934
10.3553 -9.44162
10.203 -9.59391
10.0508 -9.59391
9.89848 -9.74619
9.74619 -9.74619
9.59391 -9.89848
9.44162 -9.89848
9.28934 -10.0508
9.13706 -10.0508
8.98477 -10.203
8.83249 -10.203
8.6802 -10.3553
8.52792 -10.3553
8.37563 -10.5076
8.22335 -10.5076
8.07107 -10.6599
7.91878 -10.6599
7.7665 -10.8122
7.61421 -10.8122
7.46193 -10.8122
7.30964 -10.9645
7.15736 -10.9645
7.00508 -11.1168
6.85279 -11.1168
6.70051 -11.269
6.54822 -11.269
6.39594 -11.269
6.24365 -11.4213
6.09137 -11.4213
5.93909 -11.5736
5.7868 -11.5736
5.63452 -11.5736
5.48223 -11.7259
5.17766 -11.7259
5.02538 -11.7259
4.8731 -11.8782
4.72081 -11.8782
4.56853 -11.8782
4.41624 -11.8782
4.26396 -12.0305
3.95939 -12.0305
3.80711 -12.0305
3.65482 -12.0305
3.50254 -12.0305
3.35025 -12.0305
3.04569 -12.0305
2.8934 -12.1827
2.74112 -12.1827
2.58883 -12.1827
2.28426 -12.1827
2.13198 -12.1827
1.9797 -12.1827
1.82741 -12.1827
1.52284 -12.0305
1.37056 -12.0305
1.21827 -12.0305
1.06599 -12.0305
0.761421 -12.0305
0.609137 -12.0305
0.456853 -11.8782
0.304569 -11.8782
0 -11.8782
-0.152284 -11.8782
-0.304569 -11.7259
-0.609137 -11.7259
-0.761421 -11.7259
-0.913706 -11.5736
-1.06599 -11.5736
-1.37056 -11.4213
-1.52284 -11.4213
-1.67513 -11.269
-1.82741 -11.269
-1.9797 -11.1168
-2.28426 -11.1168
-2.43655 -10.9645
-2.58883 -10.8122
-2.74112 -10.8122
-2.8934 -10.6599
-3.19797 -10.5076
-3.35025 -10.5076
-3.50254 -10.3553
-3.65482 -10.203
-3.80711 -10.0508
-3.95939 -9.89848
-4.11168 -9.89848
-4.26396 -9.74619
-4.41624 -9.59391
-4.56853 -9.44162
-4.72081 -9.28934
-4.8731 -9.13706
-5.02538 -8.98477
-5.17766 -8.6802
-5.17766 -8.52792
-5.32995 -8.37563
-5.48223 -8.22335
-5.63452 -8.07107
-5.63452 -7.91878
-5.7868 -7.61421
-5.7868 -7.46193
-5.93909 -7.30964
-5.93909 -7.15736
-6.09137 -6.85279
-6.09137 -6.70051
-6.24365 -6.54822
-6.24365 -6.24365
-6.24365 -6.09137
-6.24365 -5.93909
-6.39594 -5.63452
-6.39594 -5.48223
-6.39594 -5.32995
-6.39594 -5.02538
-6.39594 -4.8731
-6.39594 -4.72081
-6.39594 -4.41624
-6.39594 -4.26396
-6.39594 -4.11168
-6.39594 -3.80711
-6.39594 -3.65482
-6.39594 -3.50254
-6.39594 -3.19797
-6.39594 -3.04569
-6.39594 -2.8934
-6.24365 -2.74112
-6.24365 -2.43655
-6.24365 -2.28426
-6.24365 -2.13198
-6.09137 -1.9797
-6.09137 -1.67513
-6.09137 -1.52284
-5.93909 -1.37056
-5.93909 -1.21827
-5.93909 -1.06599
-5.7868 -0.761421
-5.7868 -0.609137
-5.7868 -0.456853
-5.63452 -0.304569
-5.63452 -0.152284
-5.48223 0
-5.48223 0.152284
-5.48223 0.456853
-5.32995 0.609137
-5.32995 0.761421
-5.17766 0.913706
-5.17766 1.06599
-5.17766 1.21827
-5.02538 1.37056
-5.02538 1.52284
-5.02538 1.67513
-4.8731 1.82741
-4.8731 2.13198
-4.72081 2.28426
-4.72081 2.43655
-4.56853 2.58883
-4.56853 2.74112
-4.41624 2.8934
-4.41624 3.04569
-4.26396 3.19797
-4.26396 3.35025
-4.11168 3.50254
-4.11168 3.65482
-3.95939 3.80711
-3.95939 3.95939
-3.80711 4.11168
-3.65482 4.26396
-3.65482 4.41624
-3.50254 4.56853
-3.35025 4.72081
-3.35025 4.8731
-3.19797 5.02538
-3.04569 5.17766
-3.04569 5.32995
-2.8934 5.48223
-2.74112 5.63452
-2.58883 5.63452
-2.43655 5.7868
-2.28426 5.93909
-2.28426 6.09137
-2.13198 6.24365
-1.9797 6.24365
-1.82741 6.39594
-1.67513 6.54822
-1.52284 6.70051
-1.37056 6.70051
-1.21827 6.85279
-1.06599 7.00508
-0.913706 7.00508
-0.761421 7.15736
-0.609137 7.15736
-0.456853 7.30964
-0.304569 7.46193
-0.152284 7.46193
0 7.61421
0.152284 7.61421
0.304569 7.61421
0.609137 7.7665
0.761421 7.7665
0.913706 7.91878
1.06599 7.91878
1.21827 7.91878
1.37056 8.07107
1.52284 8.07107
1.67513 8.07107
1.9797 8.22335
2.13198 8.22335
2.28426 8.22335
2.43655 8.22335
2.58883 8.22335
2.74112 8.37563
2.8934 8.37563
3.19797 8.37563
3.35025 8.37563
3.50254 8.37563
3.65482 8.37563
3.80711 8.37563
3.95939 8.37563
4.26396 8.37563
4.41624 8.37563
4.56853 8.37563
4.72081 8.37563
4.8731 8.37563
5.02538 8.37563
5.32995 8.37563
5.48223 8.37563
5.63452 8.37563
5.7868 8.37563
5.93909 8.37563
6.09137 8.37563
6.39594 8.37563
6.54822 8.37563
6.70051 8.37563
6.85279 8.37563
7.00508 8.37563
7.30964 8.37563
7.46193 8.37563
7.61421 8.37563
7.7665 8.37563
8.07107 8.37563
8.22335 8.37563
8.37563 8.37563
8.6802 8.37563
8.83249 8.37563
8.98477 8.22335
9.28934 8.22335
9.44162 8.22335
9.59391 8.22335
9.89848 8.22335
10.0508 8.22335
10.203 8.22335
10.5076 8.07107
10.6599 8.07107
10.8122 8.07107
11.1168 7.91878
11.269 7.91878
11.5736 7.91878
11.7259 7.7665
11.8782 7.7665
12.1827 7.61421
12.335 7.46193
12.4873 7.46193
12.6396 7.30964
12.7919 7.15736
13.0964 7.00508
13.2487 6.85279
13.401 6.70051
13.5533 6.54822
13.7056 6.39594
13.8579 6.24365
13.8579 6.09137
14.0102 5.93909
14.1624 5.7868
14.3147 5.63452
14.467 5.48223
14.467 5.17766
14.6193 5.02538
14.7716 4.8731
14.7716 4.72081
14.9239 4.41624
14.9239 4.26396
15.0761 4.11168
15.0761 3.80711
15.2284 3.65482
15.2284 3.50254
15.2284 3.19797
15.3807 3.04569
15.3807 2.8934
15.3807 2.58883
15.3807 2.43655
15.3807 2.28426
15.533 1.9797
15.533 1.82741
15.533 1.67513
15.533 1.37056
15.533 1.21827
15.533 1.06599
15.533 0.761421
15.533 0.609137
15.533 0.456853
15.533 0.152284
15.533 0
15.533 -0.152284
15.533 -0.304569
15.533 -0.609137
15.533 -0.761421
15.533 -0.913706
15.533 -1.21827
15.533 -1.37056
15.533 -1.52284
