15.8376 -1.52284
15.8376 -1.82741
15.8376 -1.9797
15.8376 -2.13198
15.8376 -2.28426
15.6853 -2.58883
15.6853 -2.74112
15.6853 -2.8934
15.6853 -3.04569
15.6853 -3.35025
15.533 -3.50254
15.533 -3.65482
15.533 -3.80711
15.3807 -4.11168
15.3807 -4.26396
15.3807 -4.41624
15.2284 -4.56853
15.2284 -4.72081
15.0761 -5.02538
15.0761 -5.17766
14.9239 -5.32995
14.9239 -5.48223
14.7716 -5.63452
14.7716 -5.7868
14.6193 -5.93909
14.467 -6.09137
14.467 -6.24365
14.3147 -6.39594
14.1624 -6.54822
14.0102 -6.70051
13.8579 -6.85279
13.8579 -7.00508
13.7056 -7.15736
13.5533 -7.30964
13.401 -7.46193
13.2487 -7.61421
13.0964 -7.7665
12.9442 -7.7665
12.7919 -7.91878
12.6396 -8.07107
12.4873 -8.22335
12.335 -8.22335
12.1827 -8.37563
12.0305 -8.52792
11.8782 -8.52792
11.7259 -8.6802
11.5736 -8.83249
11.4213 -8.83249
11.269 -8.98477
11.1168 -8.98477
10.9645 -9.13706
10.8122 -9.28934
10.6599 -9.28934
10.5076 -9.44162
10.3553 -9.44162
10.203 -9.59391
10.0508 -9.59391
9.89848 -9.74619
9.74619 -9.74619
9.59391 -9.89848
9.44162 -9.89848
9.44162 -10.0508
9.28934 -10.0508
9.13706 -10.203
8.98477 -10.203
8.83249 -10.3553
8.6802 -10.3553
8.52792 -10.5076
8.22335 -10.5076
8.07107 -10.6599
7.91878 -10.6599
7.7665 -10.8122
7.61421 -10.8122
7.46193 -10.9645
7.30964 -10.9645
7.15736 -10.9645
7.00508 -11.1168
6.85279 -11.1168
6.70051 -11.269
6.54822 -11.269
6.39594 -11.269
6.24365 -11.4213
6.09137 -11.4213
5.93909 -11.4213
5.7868 -11.5736
5.48223 -11.5736
5.32995 -11.5736
5.17766 -11.7259
5.02538 -11.7259
4.8731 -11.7259
4.72081 -11.7259
4.41624 -11.8782
4.26396 -11.8782
4.11168 -11.8782
3.95939 -11.8782
3.80711 -11.8782
3.50254 -11.8782
3.35025 -12.0305
3.19797 -12.0305
3.04569 -12.0305
2.8934 -12.0305
2.58883 -12.0305
2.43655 -12.0305
2.28426 -12.0305
2.13198 -12.0305
1.82741 -12.0305
1.67513 -12.0305
1.52284 -12.0305
1.21827 -11.8782
1.06599 -11.8782
0.913706 -11.8782
0.761421 -11.8782
0.456853 -11.8782
0.304569 -11.8782
0.152284 -11.7259
0 -11.7259
-0.304569 -11.7259
-0.456853 -11.5736
-0.609137 -11.5736
-0.913706 -11.5736
-1.06599 -11.4213
-1.21827 -11.4213
-1.37056 -11.269
-1.67513 -11.269
-1.82741 -11.1168
-1.9797 -11.1168
-2.13198 -10.9645
-2.28426 -10.9645
-2.58883 -10.8122
-2.74112 -10.6599
-2.8934 -10.6599
-3.04569 -10.5076
-3.19797 -10.3553
-3.35025 -10.203
-3.65482 -10.0508
-3.80711 -10.0508
-3.95939 -9.89848
-4.11168 -9.74619
-4.26396 -9.59391
-4.41624 -9.44162
-4.56853 -9.28934
-4.72081 -9.13706
-4.8731 -8.98477
-5.02538 -8.83249
-5.02538 -8.6802
-5.17766 -8.52792
-5.32995 -8.37563
-5.48223 -8.07107
-5.48223 -7.91878
-5.63452 -7.7665
-5.7868 -7.61421
-5.7868 -7.46193
-5.93909 -7.15736
-6.09137 -7.00508
-6.09137 -6.85279
-6.24365 -6.70051
-6.24365 -6.39594
-6.39594 -6.24365
-6.39594 -6.09137
-6.39594 -5.7868
-6.54822 -5.63452
-6.54822 -5.48223
-6.54822 -5.17766
-6.54822 -5.02538
-6.54822 -4.8731
-6.54822 -4.56853
-6.54822 -4.41624
-6.70051 -4.11168
-6.54822 -3.95939
-6.54822 -3.80711
-6.54822 -3.50254
-6.54822 -3.35025
-6.54822 -3.19797
-6.54822 -2.8934
-6.54822 -2.74112
-6.39594 -2.58883
-6.39594 -2.28426
-6.39594 -2.13198
-6.24365 -1.9797
-6.24365 -1.82741
-6.24365 -1.52284
-6.09137 -1.37056
-6.09137 -1.21827
-5.93909 -1.06599
-5.93909 -0.761421
-5.93909 -0.609137
-5.7868 -0.456853
-5.7868 -0.304569
-5.63452 -0.152284
-5.63452 0
-5.48223 0.304569
-5.48223 0.456853
-5.48223 0.609137
-5.32995 0.761421
-5.32995 0.913706
-5.17766 1.06599
-5.17766 1.21827
-5.02538 1.37056
-5.02538 1.52284
-5.02538 1.67513
-4.8731 1.9797
-4.8731 2.13198
-4.72081 2.28426
-4.72081 2.43655
-4.72081 2.58883
-4.56853 2.74112
-4.56853 2.8934
-4.41624 3.04569
-4.41624 3.19797
-4.26396 3.35025
-4.26396 3.50254
-4.11168 3.65482
-4.11168 3.80711
-3.95939 3.95939
-3.80711 4.11168
-3.80711 4.26396
-3.65482 4.41624
-3.50254 4.56853
-3.50254 4.72081
-3.35025 4.8731
-3.19797 5.02538
-3.19797 5.17766
-3.04569 5.32995
-2.8934 5.48223
-2.74112 5.63452
-2.58883 5.7868
-2.43655 5.7868
-2.28426 5.93909
-2.28426 6.09137
-2.13198 6.24365
-1.9797 6.24365
-1.82741 6.39594
-1.67513 6.54822
-1.52284 6.70051
-1.37056 6.70051
-1.21827 6.85279
-1.06599 6.85279
-0.913706 7.00508
-0.761421 7.15736
-0.609137 7.15736
-0.456853 7.30964
-0.304569 7.30964
-0.152284 7.46193
0 7.46193
0.152284 7.61421
0.304569 7.61421
0.456853 7.7665
0.609137 7.7665
0.913706 7.91878
1.06599 7.91878
1.21827 8.07107
1.37056 8.07107
1.52284 8.07107
1.67513 8.22335
1.82741 8.22335
1.9797 8.22335
2.13198 8.37563
2.43655 8.37563
2.58883 8.37563
2.74112 8.37563
2.8934 8.52792
3.04569 8.52792
3.19797 8.52792
3.35025 8.52792
3.65482 8.52792
3.80711 8.52792
3.95939 8.52792
4.11168 8.6802
4.26396 8.6802
4.41624 8.6802
4.72081 8.6802
4.8731 8.6802
5.02538 8.6802
5.17766 8.6802
5.32995 8.6802
5.63452 8.6802
5.7868 8.6802
5.93909 8.6802
6.09137 8.6802
6.24365 8.6802
6.39594 8.52792
6.70051 8.52792
6.85279 8.52792
7.00508 8.52792
7.15736 8.52792
7.30964 8.52792
7.61421 8.52792
7.7665 8.52792
7.91878 8.52792
8.07107 8.52792
8.37563 8.37563
8.52792 8.37563
8.6802 8.37563
8.83249 8.37563
9.13706 8.37563
9.28934 8.37563
9.44162 8.37563
9.74619 8.22335
9.89848 8.22335
10.0508 8.22335
10.203 8.07107
10.5076 8.07107
10.6599 8.07107
10.8122 7.91878
11.1168 7.91878
11.269 7.91878
11.4213 7.7665
11.5736 7.7665
11.8782 7.61421
12.0305 7.46193
12.1827 7.46193
12.335 7.30964
12.4873 7.15736
12.7919 7.00508
12.9442 7.00508
13.0964 6.85279
13.2487 6.70051
13.401 6.54822
13.5533 6.39594
13.7056 6.24365
13.8579 6.09137
14.0102 5.93909
14.0102 5.7868
14.1624 5.63452
14.3147 5.48223
14.467 5.32995
14.467 5.02538
14.6193 4.8731
14.7716 4.72081
14.7716 4.56853
14.9239 4.41624
15.0761 4.11168
15.0761 3.95939
15.2284 3.80711
15.2284 3.65482
15.2284 3.35025
15.3807 3.19797
15.3807 3.04569
15.3807 2.74112
15.533 2.58883
15.533 2.43655
15.533 2.13198
15.6853 1.9797
15.6853 1.82741
15.6853 1.52284
15.6853 1.37056
15.6853 1.21827
15.6853 0.913706
15.6853 0.761421
15.6853 0.609137
15.8376 0.456853
15.8376 0.152284
15.8376 0
15.8376 -0.152284
15.8376 -0.456853
15.8376 -0.609137
15.8376 -0.761421
15.8376 -0.913706
15.8376 -1.21827
15.8376 -1.37056
