15.8376 -1.67513
15.8376 -1.82741
15.8376 -2.13198
15.8376 -2.28426
15.8376 -2.43655
15.8376 -2.58883
15.6853 -2.8934
15.6853 -3.04569
15.6853 -3.19797
15.6853 -3.35025
15.533 -3.65482
15.533 -3.80711
15.533 -3.95939
15.3807 -4.11168
15.3807 -4.41624
15.3807 -4.56853
15.2284 -4.72081
15.2284 -4.8731
15.0761 -5.02538
15.0761 -5.17766
14.9239 -5.48223
14.7716 -5.63452
14.7716 -5.7868
14.6193 -5.93909
14.467 -6.09137
14.467 -6.24365
14.3147 -6.39594
14.1624 -6.54822
14.0102 -6.70051
14.0102 -6.85279
13.8579 -7.00508
13.7056 -7.15736
13.5533 -7.30964
13.401 -7.30964
13.2487 -7.46193
13.0964 -7.61421
12.9442 -7.7665
12.7919 -7.91878
12.7919 -7.91878
12.6396 -8.07107
12.4873 -8.22335
12.335 -8.37563
12.1827 -8.37563
12.0305 -8.52792
11.8782 -8.6802
11.7259 -8.6802
11.5736 -8.83249
11.4213 -8.83249
11.269 -8.98477
11.1168 -9.13706
10.9645 -9.13706
10.8122 -9.28934
10.6599 -9.28934
10.5076 -9.44162
10.3553 -9.44162
10.203 -9.59391
10.0508 -9.59391
9.89848 -9.74619
9.74619 -9.74619
9.59391 -9.89848
9.44162 -9.89848
9.28934 -10.0508
9.13706 -10.0508
8.98477 -10.203
8.83249 -10.203
8.6802 -10.3553
8.52792 -10.3553
8.37563 -10.5076
8.22335 -10.5076
8.07107 -10.5076
7.91878 -10.6599
7.7665 -10.6599
7.61421 -10.8122
7.46193 -10.8122
7.30964 -10.8122
7.15736 -10.9645
7.00508 -10.9645
6.85279 -11.1168
6.70051 -11.1168
6.54822 -11.1168
6.39594 -11.269
6.24365 -11.269
5.93909 -11.269
5.7868 -11.4213
5.63452 -11.4213
5.48223 -11.4213
5.32995 -11.5736
5.17766 -11.5736
5.02538 -11.5736
4.8731 -11.7259
4.72081 -11.7259
4.41624 -11.7259
4.26396 -11.7259
4.11168 -11.7259
3.95939 -11.8782
3.80711 -11.8782
3.65482 -11.8782
3.35025 -11.8782
3.19797 -11.8782
3.04569 -12.0305
2.8934 -12.0305
2.58883 -12.0305
2.43655 -12.0305
2.28426 -12.0305
2.13198 -12.0305
1.82741 -12.0305
1.67513 -12.0305
1.52284 -12.0305
1.37056 -12.0305
1.06599 -12.0305
0.913706 -11.8782
0.761421 -11.8782
0.456853 -11.8782
0.304569 -11.8782
0.152284 -11.8782
0 -11.7259
-0.304569 -11.7259
-0.456853 -11.7259
-0.609137 -11.5736
-0.761421 -11.5736
-1.06599 -11.5736
-1.21827 -11.4213
-1.37056 -11.4213
-1.52284 -11.269
-1.82741 -11.269
-1.9797 -11.1168
-2.13198 -10.9645
-2.28426 -10.9645
-2.43655 -10.8122
-2.58883 -10.6599
-2.8934 -10.6599
-3.04569 -10.5076
-3.19797 -10.3553
-3.35025 -10.203
-3.50254 -10.0508
-3.65482 -10.0508
-3.80711 -9.89848
-3.95939 -9.74619
-4.11168 -9.59391
-4.26396 -9.44162
-4.41624 -9.28934
-4.56853 -9.13706
-4.72081 -8.98477
-4.8731 -8.83249
-4.8731 -8.6802
-5.02538 -8.52792
-5.17766 -8.37563
-5.32995 -8.22335
-5.48223 -7.91878
-5.48223 -7.7665
-5.63452 -7.61421
-5.7868 -7.46193
-5.7868 -7.30964
-5.93909 -7.00508
-6.09137 -6.85279
-6.09137 -6.70051
-6.24365 -6.54822
-6.24365 -6.24365
-6.39594 -6.09137
-6.39594 -5.93909
-6.39594 -5.7868
-6.54822 -5.48223
-6.54822 -5.32995
-6.54822 -5.17766
-6.54822 -4.8731
-6.54822 -4.72081
-6.70051 -4.56853
-6.70051 -4.26396
-6.70051 -4.11168
-6.70051 -3.80711
-6.70051 -3.65482
-6.54822 -3.50254
-6.54822 -3.19797
-6.54822 -3.04569
-6.54822 -2.8934
-6.54822 -2.58883
-6.39594 -2.43655
-6.39594 -2.28426
-6.39594 -2.13198
-6.24365 -1.82741
-6.24365 -1.67513
-6.09137 -1.52284
-6.09137 -1.37056
-6.09137 -1.06599
-5.93909 -0.913706
-5.93909 -0.761421
-5.7868 -0.609137
-5.7868 -0.456853
-5.63452 -0.304569
-5.63452 0
-5.48223 0.152284
-5.48223 0.304569
-5.32995 0.456853
-5.32995 0.609137
-5.32995 0.761421
-5.17766 0.913706
-5.17766 1.06599
-5.02538 1.21827
-5.02538 1.52284
-4.8731 1.67513
-4.8731 1.82741
-4.8731 1.9797
-4.72081 2.13198
-4.72081 2.28426
-4.56853 2.43655
-4.56853 2.58883
-4.56853 2.74112
-4.41624 2.8934
-4.41624 3.04569
-4.26396 3.19797
-4.26396 3.50254
-4.11168 3.65482
-4.11168 3.80711
-3.95939 3.95939
-3.80711 4.11168
-3.80711 4.26396
-3.65482 4.41624
-3.65482 4.56853
-3.50254 4.72081
-3.35025 4.8731
-3.19797 5.02538
-3.19797 5.17766
-3.04569 5.17766
-2.8934 5.32995
-2.74112 5.48223
-2.58883 5.63452
-2.58883 5.7868
-2.43655 5.93909
-2.28426 5.93909
-2.13198 6.09137
-1.9797 6.24365
-1.82741 6.39594
-1.67513 6.39594
-1.52284 6.54822
-1.37056 6.70051
-1.21827 6.70051
-1.06599 6.85279
-0.913706 7.00508
-0.761421 7.00508
-0.609137 7.15736
-0.456853 7.30964
-0.304569 7.30964
-0.152284 7.46193
0 7.46193
0.152284 7.61421
0.304569 7.61421
0.456853 7.7665
0.609137 7.7665
0.761421 7.91878
0.913706 7.91878
1.21827 7.91878
1.37056 8.07107
1.52284 8.07107
1.67513 8.07107
1.82741 8.22335
1.9797 8.22335
2.13198 8.22335
2.28426 8.37563
2.58883 8.37563
2.74112 8.37563
2.8934 8.37563
3.04569 8.52792
3.19797 8.52792
3.35025 8.52792
3.65482 8.52792
3.80711 8.52792
3.95939 8.52792
4.11168 8.6802
4.26396 8.6802
4.41624 8.6802
4.72081 8.6802
4.8731 8.6802
5.02538 8.6802
5.17766 8.6802
5.32995 8.6802
5.63452 8.6802
5.7868 8.6802
5.93909 8.6802
6.09137 8.6802
6.24365 8.6802
6.54822 8.6802
6.70051 8.6802
6.85279 8.6802
7.00508 8.6802
7.15736 8.6802
7.46193 8.6802
7.61421 8.52792
7.7665 8.52792
7.91878 8.52792
8.22335 8.52792
8.37563 8.52792
8.52792 8.52792
8.83249 8.52792
8.98477 8.52792
9.13706 8.52792
9.44162 8.37563
9.59391 8.37563
9.74619 8.37563
10.0508 8.37563
10.203 8.22335
10.3553 8.22335
10.5076 8.22335
10.8122 8.07107
10.9645 8.07107
11.1168 7.91878
11.4213 7.91878
11.5736 7.7665
11.7259 7.7665
11.8782 7.61421
12.1827 7.61421
12.335 7.46193
12.4873 7.30964
12.6396 7.15736
12.7919 7.00508
12.9442 7.00508
13.0964 6.85279
13.2487 6.70051
13.401 6.54822
13.5533 6.39594
13.7056 6.24365
13.8579 5.93909
14.0102 5.7868
14.0102 5.63452
14.1624 5.48223
14.3147 5.32995
14.3147 5.17766
14.467 4.8731
14.6193 4.72081
14.6193 4.56853
14.7716 4.41624
14.7716 4.11168
14.9239 3.95939
14.9239 3.80711
15.0761 3.65482
15.0761 3.35025
15.2284 3.19797
15.2284 3.04569
15.3807 2.8934
15.3807 2.58883
15.3807 2.43655
15.533 2.28426
15.533 2.13198
15.533 1.82741
15.6853 1.67513
15.6853 1.52284
15.6853 1.21827
15.8376 1.06599
15.8376 0.913706
15.8376 0.761421
15.8376 0.456853
15.8376 0.304569
15.8376 0.152284
15.8376 -0.152284
15.9898 -0.304569
15.9898 -0.456853
15.9898 -0.761421
15.8376 -0.913706
15.8376 -1.06599
15.8376 -1.21827
15.8376 -1.52284
