15.8376 -1.52284
15.8376 -1.67513
15.8376 -1.82741
15.8376 -2.13198
15.8376 -2.28426
15.8376 -2.43655
15.8376 -2.74112
15.6853 -2.8934
15.6853 -3.04569
15.6853 -3.19797
15.533 -3.50254
15.533 -3.65482
15.533 -3.80711
15.3807 -3.95939
15.3807 -4.11168
15.3807 -4.41624
15.2284 -4.56853
15.2284 -4.72081
15.0761 -4.8731
14.9239 -5.02538
14.9239 -5.17766
14.7716 -5.32995
14.7716 -5.63452
14.6193 -5.7868
14.467 -5.93909
14.3147 -6.09137
14.3147 -6.24365
14.1624 -6.39594
14.0102 -6.54822
13.8579 -6.54822
13.7056 -6.70051
13.7056 -6.85279
13.5533 -7.00508
13.401 -7.15736
13.2487 -7.30964
13.0964 -7.46193
12.9442 -7.46193
12.7919 -7.61421
12.6396 -7.7665
12.4873 -7.91878
12.335 -7.91878
12.1827 -8.07107
12.1827 -8.22335
12.0305 -8.37563
11.8782 -8.37563
11.7259 -8.52792
11.5736 -8.52792
11.4213 -8.6802
11.269 -8.83249
11.1168 -8.83249
10.9645 -8.98477
10.8122 -9.13706
10.6599 -9.13706
10.5076 -9.28934
10.3553 -9.28934
10.203 -9.44162
10.0508 -9.44162
9.89848 -9.59391
9.74619 -9.74619
9.59391 -9.74619
9.44162 -9.89848
9.28934 -9.89848
9.13706 -10.0508
8.98477 -10.0508
8.83249 -10.203
8.6802 -10.203
8.52792 -10.3553
8.37563 -10.3553
8.22335 -10.5076
8.07107 -10.5076
7.91878 -10.6599
7.7665 -10.6599
7.61421 -10.6599
7.46193 -10.8122
7.30964 -10.8122
7.15736 -10.9645
7.00508 -10.9645
6.85279 -11.1168
6.70051 -11.1168
6.54822 -11.1168
6.39594 -11.269
6.24365 -11.269
6.09137 -11.269
5.93909 -11.4213
5.7868 -11.4213
5.48223 -11.4213
5.32995 -11.5736
5.17766 -11.5736
5.02538 -11.5736
4.8731 -11.5736
4.72081 -11.7259
4.56853 -11.7259
4.26396 -11.7259
4.11168 -11.7259
3.95939 -11.7259
3.80711 -11.8782
3.65482 -11.8782
3.35025 -11.8782
3.19797 -11.8782
3.04569 -11.8782
2.8934 -11.8782
2.58883 -11.8782
2.43655 -11.8782
2.28426 -11.8782
2.13198 -11.8782
1.82741 -11.8782
1.67513 -11.8782
1.52284 -11.8782
1.37056 -11.8782
1.06599 -11.8782
0.913706 -11.8782
0.761421 -11.8782
0.456853 -11.8782
0.304569 -11.7259
0.152284 -11.7259
0 -11.7259
-0.304569 -11.7259
-0.456853 -11.5736
-0.609137 -11.5736
-0.913706 -11.4213
-1.06599 -11.4213
-1.21827 -11.269
-1.37056 -11.269
-1.52284 -11.1168
-1.82741 -11.1168
-1.9797 -10.9645
-2.13198 -10.8122
-2.28426 -10.8122
-2.43655 -10.6599
-2.58883 -10.5076
-2.74112 -10.3553
-2.8934 -10.3553
-3.04569 -10.203
-3.19797 -10.0508
-3.35025 -9.89848
-3.50254 -9.74619
-3.65482 -9.59391
-3.80711 -9.44162
-3.95939 -9.28934
-4.11168 -9.13706
-4.26396 -8.98477
-4.41624 -8.83249
-4.56853 -8.6802
-4.72081 -8.52792
-4.8731 -8.37563
-5.02538 -8.22335
-5.02538 -8.07107
-5.17766 -7.91878
-5.32995 -7.7665
-5.48223 -7.61421
-5.63452 -7.46193
-5.63452 -7.30964
-5.7868 -7.15736
-5.93909 -6.85279
-5.93909 -6.70051
-6.09137 -6.54822
-6.24365 -6.39594
-6.24365 -6.24365
-6.39594 -5.93909
-6.39594 -5.7868
-6.54822 -5.63452
-6.54822 -5.32995
-6.70051 -5.17766
-6.70051 -5.02538
-6.70051 -4.72081
-6.85279 -4.56853
-6.85279 -4.41624
-6.85279 -4.11168
-6.85279 -3.95939
-6.85279 -3.80711
-6.85279 -3.50254
-6.85279 -3.35025
-6.85279 -3.19797
-6.85279 -2.8934
-6.70051 -2.74112
-6.70051 -2.43655
-6.70051 -2.28426
-6.70051 -2.13198
-6.54822 -1.9797
-6.54822 -1.67513
-6.39594 -1.52284
-6.39594 -1.37056
-6.24365 -1.06599
-6.24365 -0.913706
-6.09137 -0.761421
-6.09137 -0.609137
-5.93909 -0.456853
-5.93909 -0.152284
-5.7868 0
-5.7868 0.152284
-5.63452 0.304569
-5.63452 0.456853
-5.48223 0.609137
-5.48223 0.761421
-5.32995 1.06599
-5.32995 1.21827
-5.17766 1.37056
-5.17766 1.52284
-5.02538 1.67513
-5.02538 1.82741
-5.02538 1.9797
-4.8731 2.13198
-4.8731 2.28426
-4.72081 2.43655
-4.72081 2.58883
-4.56853 2.74112
-4.56853 3.04569
-4.41624 3.19797
-4.41624 3.35025
-4.26396 3.50254
-4.26396 3.65482
-4.11168 3.80711
-3.95939 3.95939
-3.95939 4.11168
-3.80711 4.26396
-3.80711 4.41624
-3.65482 4.56853
-3.50254 4.72081
-3.50254 4.8731
-3.35025 5.02538
-3.19797 5.17766
-3.04569 5.32995
-3.04569 5.48223
-2.8934 5.48223
-2.74112 5.63452
-2.58883 5.7868
-2.43655 5.93909
-2.43655 6.09137
-2.28426 6.24365
-2.13198 6.24365
-1.9797 6.39594
-1.82741 6.54822
-1.67513 6.70051
-1.52284 6.70051
-1.37056 6.85279
-1.21827 7.00508
-1.06599 7.00508
-0.913706 7.15736
-0.761421 7.30964
-0.609137 7.30964
-0.456853 7.46193
-0.304569 7.46193
-0.152284 7.61421
0 7.61421
0.152284 7.7665
0.304569 7.7665
0.456853 7.91878
0.609137 7.91878
0.761421 8.07107
1.06599 8.07107
1.21827 8.22335
1.37056 8.22335
1.52284 8.22335
1.67513 8.37563
1.82741 8.37563
1.9797 8.37563
2.13198 8.52792
2.43655 8.52792
2.58883 8.52792
2.74112 8.52792
2.8934 8.6802
3.04569 8.6802
3.19797 8.6802
3.35025 8.6802
3.65482 8.83249
3.80711 8.83249
3.95939 8.83249
4.11168 8.83249
4.26396 8.83249
4.56853 8.83249
4.72081 8.83249
4.8731 8.98477
5.02538 8.98477
5.17766 8.98477
5.48223 8.98477
5.63452 8.98477
5.7868 8.98477
5.93909 8.98477
6.09137 8.98477
6.39594 8.98477
6.54822 8.98477
6.70051 8.98477
6.85279 8.98477
7.15736 8.98477
7.30964 8.98477
7.46193 8.98477
7.61421 8.98477
7.91878 8.98477
8.07107 8.98477
8.22335 8.83249
8.52792 8.83249
8.6802 8.83249
8.83249 8.83249
9.13706 8.83249
9.28934 8.83249
9.44162 8.6802
9.59391 8.6802
9.89848 8.6802
10.0508 8.52792
10.203 8.52792
10.5076 8.52792
10.6599 8.37563
10.8122 8.37563
10.9645 8.22335
11.269 8.22335
11.4213 8.07107
11.5736 7.91878
11.7259 7.91878
11.8782 7.7665
12.0305 7.61421
12.335 7.46193
12.4873 7.46193
12.6396 7.30964
12.7919 7.15736
12.7919 7.00508
12.9442 6.85279
13.0964 6.70051
13.2487 6.54822
13.401 6.24365
13.5533 6.09137
13.5533 5.93909
13.7056 5.7868
13.8579 5.63452
13.8579 5.48223
14.0102 5.17766
14.0102 5.02538
14.1624 4.8731
14.1624 4.72081
14.3147 4.56853
14.3147 4.26396
14.467 4.11168
14.467 3.95939
14.6193 3.80711
14.6193 3.65482
14.7716 3.35025
14.9239 3.19797
14.9239 3.04569
15.0761 2.8934
15.0761 2.74112
15.2284 2.58883
15.2284 2.28426
15.3807 2.13198
15.3807 1.9797
15.533 1.82741
15.533 1.67513
15.6853 1.37056
15.6853 1.21827
15.8376 1.06599
15.8376 0.913706
15.8376 0.609137
15.9898 0.456853
15.9898 0.304569
15.9898 0.152284
15.9898 -0.152284
15.9898 -0.304569
15.9898 -0.456853
15.9898 -0.761421
15.9898 -0.913706
15.9898 -1.06599
15.8376 -1.37056
