15.8376 -1.52284
15.8376 -1.82741
15.8376 -1.9797
15.8376 -2.13198
15.8376 -2.28426
15.8376 -2.58883
15.6853 -2.74112
15.6853 -2.8934
15.6853 -3.19797
15.6853 -3.35025
15.533 -3.50254
15.533 -3.65482
15.533 -3.95939
15.3807 -4.11168
15.3807 -4.26396
15.2284 -4.41624
15.2284 -4.56853
15.2284 -4.8731
15.0761 -5.02538
14.9239 -5.17766
14.9239 -5.32995
14.7716 -5.48223
14.6193 -5.63452
14.6193 -5.7868
14.467 -5.93909
14.3147 -6.09137
14.3147 -6.24365
14.1624 -6.39594
14.0102 -6.54822
13.8579 -6.70051
13.7056 -6.85279
13.5533 -7.00508
13.401 -7.15736
13.2487 -7.30964
13.2487 -7.46193
13.0964 -7.46193
12.9442 -7.61421
12.7919 -7.7665
12.6396 -7.91878
12.4873 -7.91878
12.335 -8.07107
12.1827 -8.22335
12.0305 -8.22335
11.8782 -8.37563
11.7259 -8.52792
11.5736 -8.52792
11.4213 -8.6802
11.269 -8.83249
11.1168 -8.83249
10.9645 -8.98477
10.8122 -8.98477
10.6599 -9.13706
10.5076 -9.28934
10.3553 -9.28934
10.203 -9.44162
10.0508 -9.44162
9.89848 -9.59391
9.89848 -9.74619
9.74619 -9.74619
9.59391 -9.89848
9.44162 -9.89848
9.28934 -10.0508
9.13706 -10.0508
8.98477 -10.203
8.83249 -10.3553
8.6802 -10.3553
8.52792 -10.5076
8.37563 -10.5076
8.22335 -10.6599
8.07107 -10.6599
7.91878 -10.6599
7.7665 -10.8122
7.61421 -10.8122
7.46193 -10.9645
7.30964 -10.9645
7.15736 -11.1168
7.00508 -11.1168
6.70051 -11.1168
6.54822 -11.269
6.39594 -11.269
6.24365 -11.269
6.09137 -11.4213
5.93909 -11.4213
5.7868 -11.4213
5.63452 -11.5736
5.48223 -11.5736
5.32995 -11.5736
5.02538 -11.5736
4.8731 -11.5736
4.72081 -11.7259
4.56853 -11.7259
4.41624 -11.7259
4.26396 -11.7259
3.95939 -11.7259
3.80711 -11.8782
3.65482 -11.8782
3.50254 -11.8782
3.35025 -11.8782
3.04569 -11.8782
2.8934 -11.8782
2.74112 -11.8782
2.58883 -11.8782
2.28426 -11.8782
2.13198 -12.0305
1.9797 -12.0305
1.82741 -12.0305
1.52284 -12.0305
1.37056 -12.0305
1.21827 -11.8782
0.913706 -11.8782
0.761421 -11.8782
0.609137 -11.8782
0.456853 -11.8782
0.152284 -11.8782
0 -11.7259
-0.152284 -11.7259
-0.456853 -11.7259
-0.609137 -11.5736
-0.761421 -11.5736
-0.913706 -11.5736
-1.21827 -11.4213
-1.37056 -11.4213
-1.52284 -11.269
-1.67513 -11.269
-1.82741 -11.1168
-1.9797 -10.9645
-2.28426 -10.9645
-2.43655 -10.8122
-2.58883 -10.6599
-2.74112 -10.5076
-2.8934 -10.5076
-3.04569 -10.3553
-3.19797 -10.203
-3.35025 -10.0508
-3.50254 -9.89848
-3.65482 -9.74619
-3.80711 -9.59391
-3.95939 -9.44162
-4.11168 -9.28934
-4.26396 -9.13706
-4.41624 -8.98477
-4.56853 -8.83249
-4.56853 -8.6802
-4.72081 -8.52792
-4.8731 -8.37563
-5.02538 -8.22335
-5.17766 -8.07107
-5.32995 -7.91878
-5.32995 -7.7665
-5.48223 -7.61421
-5.63452 -7.46193
-5.7868 -7.30964
-5.7868 -7.15736
-5.93909 -6.85279
-6.09137 -6.70051
-6.09137 -6.54822
-6.24365 -6.39594
-6.39594 -6.24365
-6.39594 -5.93909
-6.54822 -5.7868
-6.54822 -5.63452
-6.70051 -5.48223
-6.70051 -5.17766
-6.85279 -5.02538
-6.85279 -4.8731
-6.85279 -4.56853
-6.85279 -4.41624
-7.00508 -4.26396
-7.00508 -3.95939
-7.00508 -3.80711
-7.00508 -3.65482
-7.00508 -3.35025
-7.00508 -3.19797
-7.00508 -3.04569
-7.00508 -2.74112
-7.00508 -2.58883
-6.85279 -2.43655
-6.85279 -2.13198
-6.85279 -1.9797
-6.85279 -1.82741
-6.70051 -1.52284
-6.70051 -1.37056
-6.70051 -1.21827
-6.54822 -0.913706
-6.54822 -0.761421
-6.39594 -0.609137
-6.39594 -0.456853
-6.39594 -0.304569
-6.24365 0
-6.24365 0.152284
-6.09137 0.304569
-6.09137 0.456853
-5.93909 0.609137
-5.93909 0.761421
-5.7868 1.06599
-5.63452 1.21827
-5.63452 1.37056
-5.48223 1.52284
-5.48223 1.67513
-5.32995 1.82741
-5.32995 1.9797
-5.17766 2.13198
-5.17766 2.28426
-5.02538 2.43655
-4.8731 2.58883
-4.8731 2.74112
-4.72081 2.8934
-4.72081 3.04569
-4.56853 3.35025
-4.41624 3.50254
-4.41624 3.50254
-4.26396 3.65482
-4.11168 3.80711
-4.11168 3.95939
-3.95939 4.11168
-3.80711 4.26396
-3.80711 4.41624
-3.65482 4.56853
-3.50254 4.72081
-3.35025 4.8731
-3.35025 5.02538
-3.19797 5.17766
-3.04569 5.32995
-2.8934 5.48223
-2.8934 5.63452
-2.74112 5.63452
-2.58883 5.7868
-2.43655 5.93909
-2.28426 6.09137
-2.13198 6.24365
-1.9797 6.24365
-1.9797 6.39594
-1.82741 6.54822
-1.67513 6.70051
-1.52284 6.70051
-1.37056 6.85279
-1.21827 7.00508
-1.06599 7.15736
-0.913706 7.15736
-0.761421 7.30964
-0.609137 7.30964
-0.456853 7.46193
-0.304569 7.61421
-0.152284 7.61421
0 7.7665
0.152284 7.7665
0.304569 7.91878
0.456853 7.91878
0.761421 8.07107
0.913706 8.07107
1.06599 8.07107
1.21827 8.22335
1.37056 8.22335
1.52284 8.37563
1.67513 8.37563
1.82741 8.37563
1.9797 8.52792
2.28426 8.52792
2.43655 8.52792
2.58883 8.6802
2.74112 8.6802
2.8934 8.6802
3.04569 8.6802
3.35025 8.83249
3.50254 8.83249
3.65482 8.83249
3.80711 8.98477
3.95939 8.98477
4.26396 8.98477
4.41624 8.98477
4.56853 8.98477
4.72081 9.13706
4.8731 9.13706
5.17766 9.13706
5.32995 9.13706
5.48223 9.13706
5.63452 9.13706
5.93909 9.28934
6.09137 9.28934
6.24365 9.28934
6.39594 9.28934
6.70051 9.28934
6.85279 9.28934
7.00508 9.28934
7.30964 9.28934
7.46193 9.28934
7.61421 9.28934
7.91878 9.28934
8.07107 9.28934
8.22335 9.28934
8.52792 9.13706
8.6802 9.13706
8.83249 9.13706
9.13706 9.13706
9.28934 8.98477
9.44162 8.98477
9.74619 8.98477
9.89848 8.83249
10.0508 8.83249
10.203 8.6802
10.5076 8.6802
10.6599 8.52792
10.8122 8.52792
10.9645 8.37563
11.269 8.37563
11.4213 8.22335
11.5736 8.07107
11.7259 7.91878
11.8782 7.91878
12.0305 7.7665
12.1827 7.61421
12.335 7.46193
12.4873 7.30964
12.6396 7.15736
12.7919 7.00508
12.9442 6.85279
13.0964 6.70051
13.2487 6.54822
13.2487 6.24365
13.401 6.09137
13.5533 5.93909
13.5533 5.7868
13.7056 5.63452
13.8579 5.32995
13.8579 5.17766
14.0102 5.02538
14.0102 4.8731
14.1624 4.72081
14.1624 4.41624
14.3147 4.26396
14.3147 4.11168
14.467 3.95939
14.467 3.65482
14.6193 3.50254
14.6193 3.35025
14.6193 3.19797
14.7716 3.04569
14.7716 2.74112
14.9239 2.58883
14.9239 2.43655
15.0761 2.28426
15.0761 2.13198
15.2284 1.82741
15.2284 1.67513
15.3807 1.52284
15.3807 1.37056
15.3807 1.21827
15.533 0.913706
15.533 0.761421
15.6853 0.609137
15.6853 0.456853
15.6853 0.152284
15.8376 0
15.8376 -0.152284
15.8376 -0.456853
15.8376 -0.609137
15.8376 -0.761421
15.8376 -0.913706
15.8376 -1.21827
15.8376 -1.37056
