14.7716 -1.37056
14.7716 -1.52284
14.9239 -1.67513
14.9239 -1.9797
14.9239 -2.13198
15.0761 -2.28426
15.0761 -2.43655
15.0761 -2.74112
15.0761 -2.8934
15.0761 -3.04569
15.0761 -3.19797
15.0761 -3.50254
15.0761 -3.65482
15.0761 -3.80711
14.9239 -4.11168
14.9239 -4.26396
14.9239 -4.41624
14.9239 -4.56853
14.7716 -4.72081
14.7716 -5.02538
14.6193 -5.17766
14.6193 -5.32995
14.467 -5.48223
14.467 -5.63452
14.3147 -5.7868
14.1624 -5.93909
14.1624 -6.09137
14.0102 -6.39594
13.8579 -6.54822
13.7056 -6.54822
13.5533 -6.70051
13.5533 -6.85279
13.401 -7.00508
13.2487 -7.15736
13.0964 -7.30964
12.9442 -7.46193
12.7919 -7.61421
12.6396 -7.7665
12.4873 -7.7665
12.335 -7.91878
12.1827 -8.07107
12.0305 -8.22335
11.8782 -8.22335
11.7259 -8.37563
11.5736 -8.52792
11.4213 -8.52792
11.269 -8.6802
11.1168 -8.83249
11.1168 -8.83249
10.9645 -8.98477
10.8122 -9.13706
10.6599 -9.13706
10.5076 -9.28934
10.3553 -9.44162
10.203 -9.59391
10.0508 -9.59391
9.89848 -9.74619
9.74619 -9.74619
9.59391 -9.89848
9.44162 -10.0508
9.28934 -10.0508
9.13706 -10.203
8.98477 -10.3553
8.83249 -10.3553
8.6802 -10.5076
8.52792 -10.5076
8.37563 -10.6599
8.22335 -10.8122
8.07107 -10.8122
7.91878 -10.9645
7.7665 -10.9645
7.61421 -11.1168
7.46193 -11.1168
7.30964 -11.1168
7.15736 -11.269
6.85279 -11.269
6.70051 -11.269
6.54822 -11.4213
6.39594 -11.4213
6.24365 -11.4213
6.09137 -11.5736
5.93909 -11.5736
5.63452 -11.5736
5.48223 -11.5736
5.32995 -11.7259
5.17766 -11.7259
5.02538 -11.7259
4.72081 -11.7259
4.56853 -11.7259
4.41624 -11.7259
4.26396 -11.7259
4.11168 -11.7259
3.95939 -11.8782
3.65482 -11.8782
3.50254 -11.8782
3.35025 -11.8782
3.19797 -11.8782
2.8934 -11.8782
2.74112 -11.8782
2.58883 -11.8782
2.43655 -11.8782
2.28426 -11.8782
1.9797 -11.8782
1.82741 -11.8782
1.67513 -11.8782
1.37056 -11.8782
1.21827 -11.8782
1.06599 -11.8782
0.913706 -11.8782
0.609137 -11.8782
0.456853 -11.7259
0.304569 -11.7259
0 -11.7259
-0.152284 -11.7259
-0.304569 -11.5736
-0.456853 -11.5736
-0.761421 -11.5736
-0.913706 -11.4213
-1.06599 -11.4213
-1.37056 -11.4213
-1.52284 -11.269
-1.67513 -11.269
-1.82741 -11.1168
-1.9797 -11.1168
-2.28426 -10.9645
-2.43655 -10.8122
-2.58883 -10.8122
-2.74112 -10.6599
-2.8934 -10.5076
-3.04569 -10.5076
-3.19797 -10.3553
-3.35025 -10.203
-3.65482 -10.0508
-3.80711 -9.89848
-3.95939 -9.74619
-4.11168 -9.59391
-4.26396 -9.59391
-4.41624 -9.44162
-4.41624 -9.28934
-4.56853 -9.13706
-4.72081 -8.98477
-4.8731 -8.83249
-5.02538 -8.6802
-5.17766 -8.52792
-5.32995 -8.22335
-5.48223 -8.07107
-5.48223 -7.91878
-5.63452 -7.7665
-5.7868 -7.61421
-5.93909 -7.46193
-5.93909 -7.30964
-6.09137 -7.15736
-6.24365 -6.85279
-6.24365 -6.70051
-6.39594 -6.54822
-6.54822 -6.39594
-6.54822 -6.24365
-6.70051 -5.93909
-6.70051 -5.7868
-6.85279 -5.63452
-6.85279 -5.32995
-6.85279 -5.17766
-7.00508 -5.02538
-7.00508 -4.8731
-7.00508 -4.56853
-7.15736 -4.41624
-7.15736 -4.26396
-7.15736 -3.95939
-7.15736 -3.80711
-7.15736 -3.65482
-7.15736 -3.35025
-7.15736 -3.19797
-7.15736 -3.04569
-7.15736 -2.74112
-7.15736 -2.58883
-7.15736 -2.28426
-7.15736 -2.13198
-7.15736 -1.9797
-7.00508 -1.82741
-7.00508 -1.52284
-7.00508 -1.37056
-6.85279 -1.21827
-6.85279 -0.913706
-6.85279 -0.761421
-6.70051 -0.609137
-6.70051 -0.456853
-6.54822 -0.152284
-6.54822 0
-6.39594 0.152284
-6.39594 0.304569
-6.24365 0.456853
-6.24365 0.609137
-6.09137 0.913706
-6.09137 1.06599
-5.93909 1.21827
-5.93909 1.37056
-5.7868 1.52284
-5.7868 1.67513
-5.63452 1.82741
-5.48223 1.9797
-5.48223 2.13198
-5.32995 2.28426
-5.32995 2.43655
-5.17766 2.58883
-5.02538 2.74112
-5.02538 2.8934
-4.8731 3.04569
-4.72081 3.19797
-4.72081 3.35025
-4.56853 3.50254
-4.41624 3.65482
-4.41624 3.80711
-4.26396 3.95939
-4.11168 4.11168
-4.11168 4.26396
-3.95939 4.41624
-3.80711 4.56853
-3.80711 4.72081
-3.65482 4.72081
-3.50254 4.8731
-3.35025 5.02538
-3.35025 5.17766
-3.19797 5.32995
-3.04569 5.48223
-2.8934 5.63452
-2.74112 5.63452
-2.74112 5.7868
-2.58883 5.93909
-2.43655 6.09137
-2.28426 6.24365
-2.13198 6.24365
-1.9797 6.39594
-1.9797 6.54822
-1.82741 6.70051
-1.67513 6.70051
-1.52284 6.85279
-1.37056 7.00508
-1.21827 7.00508
-1.06599 7.15736
-0.913706 7.30964
-0.761421 7.30964
-0.609137 7.46193
-0.456853 7.61421
-0.304569 7.61421
-0.152284 7.7665
0 7.7665
0.152284 7.91878
0.304569 7.91878
0.456853 8.07107
0.609137 8.07107
0.761421 8.07107
0.913706 8.22335
1.06599 8.22335
1.21827 8.37563
1.52284 8.37563
1.67513 8.37563
1.82741 8.52792
1.9797 8.52792
2.13198 8.52792
2.28426 8.6802
2.43655 8.6802
2.58883 8.6802
2.8934 8.6802
3.04569 8.83249
3.19797 8.83249
3.35025 8.83249
3.50254 8.83249
3.65482 8.83249
3.95939 8.98477
4.11168 8.98477
4.26396 8.98477
4.41624 8.98477
4.56853 8.98477
4.8731 8.98477
5.02538 8.98477
5.17766 8.98477
5.32995 8.98477
5.48223 9.13706
5.7868 9.13706
5.93909 9.13706
6.09137 9.13706
6.24365 9.13706
6.54822 9.13706
6.70051 9.13706
6.85279 9.13706
7.00508 9.13706
7.30964 9.13706
7.46193 9.13706
7.61421 8.98477
7.7665 8.98477
8.07107 8.98477
8.22335 8.98477
8.37563 8.98477
8.6802 8.98477
8.83249 8.98477
8.98477 8.83249
9.28934 8.83249
9.44162 8.83249
9.59391 8.83249
9.89848 8.6802
10.0508 8.6802
10.203 8.52792
10.3553 8.52792
10.6599 8.37563
10.8122 8.37563
10.9645 8.22335
11.1168 8.22335
11.4213 8.07107
11.5736 7.91878
11.7259 7.7665
11.8782 7.7665
12.0305 7.61421
12.1827 7.46193
12.335 7.30964
12.4873 7.15736
12.4873 7.00508
12.6396 6.70051
12.7919 6.54822
12.9442 6.39594
12.9442 6.24365
13.0964 6.09137
13.0964 5.7868
13.2487 5.63452
13.2487 5.48223
13.401 5.17766
13.401 5.02538
13.401 4.8731
13.5533 4.72081
13.5533 4.41624
13.5533 4.26396
13.7056 4.11168
13.7056 3.80711
13.7056 3.65482
13.7056 3.50254
13.8579 3.35025
13.8579 3.04569
13.8579 2.8934
13.8579 2.74112
14.0102 2.58883
14.0102 2.43655
14.0102 2.13198
14.1624 1.9797
14.1624 1.82741
14.1624 1.67513
14.1624 1.52284
14.3147 1.37056
14.3147 1.21827
14.3147 0.913706
14.467 0.761421
14.467 0.609137
14.467 0.456853
14.467 0.304569
14.6193 0.152284
14.6193 -0.152284
14.6193 -0.304569
14.6193 -0.456853
14.6193 -0.609137
14.7716 -0.761421
14.7716 -1.06599
14.7716 -1.21827
