14.467 -1.67513
14.467 -1.82741
14.6193 -1.9797
14.6193 -2.28426
14.6193 -2.43655
14.6193 -2.58883
14.6193 -2.74112
14.6193 -3.04569
14.6193 -3.19797
14.6193 -3.35025
14.6193 -3.50254
14.6193 -3.65482
14.467 -3.95939
14.467 -4.11168
14.467 -4.26396
14.3147 -4.41624
14.3147 -4.56853
14.1624 -4.8731
14.1624 -5.02538
14.0102 -5.17766
14.0102 -5.32995
13.8579 -5.48223
13.7056 -5.63452
13.7056 -5.7868
13.5533 -5.93909
13.401 -6.09137
13.401 -6.24365
13.2487 -6.39594
13.0964 -6.54822
12.9442 -6.70051
12.9442 -6.85279
12.7919 -7.00508
12.6396 -7.15736
12.4873 -7.15736
12.4873 -7.30964
12.335 -7.46193
12.1827 -7.61421
12.0305 -7.7665
11.8782 -7.91878
11.7259 -7.91878
11.5736 -8.07107
11.5736 -8.22335
11.4213 -8.37563
11.269 -8.37563
11.1168 -8.52792
10.9645 -8.6802
10.8122 -8.6802
10.6599 -8.83249
10.5076 -8.98477
10.3553 -8.98477
10.203 -9.13706
10.0508 -9.28934
9.89848 -9.28934
9.89848 -9.44162
9.74619 -9.44162
9.59391 -9.59391
9.44162 -9.74619
9.28934 -9.74619
9.13706 -9.89848
8.98477 -9.89848
8.83249 -10.0508
8.6802 -10.0508
8.52792 -10.203
8.37563 -10.203
8.22335 -10.3553
8.07107 -10.3553
7.91878 -10.5076
7.7665 -10.5076
7.61421 -10.6599
7.46193 -10.6599
7.30964 -10.8122
7.15736 -10.8122
7.00508 -10.9645
6.85279 -10.9645
6.70051 -10.9645
6.54822 -11.1168
6.39594 -11.1168
6.24365 -11.269
6.09137 -11.269
5.93909 -11.4213
5.63452 -11.4213
5.48223 -11.4213
5.32995 -11.5736
5.17766 -11.5736
5.02538 -11.7259
4.8731 -11.7259
4.72081 -11.7259
4.56853 -11.8782
4.41624 -11.8782
4.11168 -11.8782
3.95939 -11.8782
3.80711 -11.8782
3.65482 -12.0305
3.50254 -12.0305
3.19797 -12.0305
3.04569 -12.0305
2.8934 -12.0305
2.74112 -12.0305
2.58883 -12.0305
2.28426 -12.0305
2.13198 -12.0305
1.9797 -12.0305
1.82741 -12.0305
1.67513 -12.0305
1.37056 -11.8782
1.21827 -11.8782
1.06599 -11.8782
0.913706 -11.8782
0.761421 -11.8782
0.456853 -11.7259
0.304569 -11.7259
0.152284 -11.7259
0 -11.5736
-0.152284 -11.5736
-0.456853 -11.4213
-0.609137 -11.4213
-0.761421 -11.4213
-0.913706 -11.269
-1.06599 -11.269
-1.21827 -11.1168
-1.52284 -11.1168
-1.67513 -10.9645
-1.82741 -10.9645
-1.9797 -10.8122
-2.13198 -10.8122
-2.28426 -10.6599
-2.43655 -10.6599
-2.74112 -10.5076
-2.8934 -10.3553
-3.04569 -10.3553
-3.19797 -10.203
-3.35025 -10.0508
-3.50254 -10.0508
-3.65482 -9.89848
-3.80711 -9.74619
-3.95939 -9.59391
-4.11168 -9.59391
-4.26396 -9.44162
-4.41624 -9.28934
-4.56853 -9.13706
-4.72081 -8.98477
-4.8731 -8.83249
-5.02538 -8.6802
-5.17766 -8.52792
-5.32995 -8.37563
-5.48223 -8.22335
-5.48223 -8.07107
-5.63452 -7.91878
-5.7868 -7.7665
-5.93909 -7.61421
-5.93909 -7.46193
-6.09137 -7.30964
-6.09137 -7.00508
-6.24365 -6.85279
-6.39594 -6.70051
-6.39594 -6.54822
-6.54822 -6.39594
-6.54822 -6.09137
-6.54822 -5.93909
-6.70051 -5.7868
-6.70051 -5.63452
-6.85279 -5.32995
-6.85279 -5.17766
-6.85279 -5.02538
-6.85279 -4.72081
-7.00508 -4.56853
-7.00508 -4.41624
-7.00508 -4.26396
-7.00508 -3.95939
-7.00508 -3.80711
-7.00508 -3.65482
-7.00508 -3.35025
-7.00508 -3.19797
-7.00508 -3.04569
-7.00508 -2.8934
-7.00508 -2.58883
-7.00508 -2.43655
-7.00508 -2.28426
-7.00508 -1.9797
-7.00508 -1.82741
-7.00508 -1.67513
-7.00508 -1.52284
-6.85279 -1.21827
-6.85279 -1.06599
-6.85279 -0.913706
-6.85279 -0.761421
-6.70051 -0.609137
-6.70051 -0.304569
-6.70051 -0.152284
-6.54822 0
-6.54822 0.152284
-6.39594 0.304569
-6.39594 0.456853
-6.24365 0.761421
-6.24365 0.913706
-6.09137 1.06599
-6.09137 1.21827
-5.93909 1.37056
-5.93909 1.52284
-5.7868 1.67513
-5.63452 1.82741
-5.63452 1.9797
-5.48223 2.13198
-5.32995 2.28426
-5.32995 2.43655
-5.17766 2.58883
-5.02538 2.74112
-5.02538 2.8934
-4.8731 3.04569
-4.72081 3.19797
-4.56853 3.35025
-4.56853 3.50254
-4.41624 3.50254
-4.26396 3.65482
-4.11168 3.80711
-4.11168 3.95939
-3.95939 4.11168
-3.80711 4.26396
-3.80711 4.41624
-3.65482 4.56853
-3.50254 4.56853
-3.35025 4.72081
-3.35025 4.8731
-3.19797 5.02538
-3.04569 5.17766
-2.8934 5.17766
-2.74112 5.32995
-2.74112 5.48223
-2.58883 5.63452
-2.43655 5.7868
-2.28426 5.7868
-2.13198 5.93909
-2.13198 6.09137
-1.9797 6.24365
-1.82741 6.39594
-1.67513 6.39594
-1.52284 6.54822
-1.37056 6.70051
-1.21827 6.70051
-1.21827 6.85279
-1.06599 7.00508
-0.913706 7.00508
-0.761421 7.15736
-0.609137 7.30964
-0.456853 7.30964
-0.304569 7.46193
-0.152284 7.46193
0 7.61421
0.152284 7.7665
0.304569 7.7665
0.456853 7.91878
0.609137 7.91878
0.913706 8.07107
1.06599 8.07107
1.21827 8.07107
1.37056 8.22335
1.52284 8.22335
1.67513 8.37563
1.82741 8.37563
1.9797 8.37563
2.13198 8.52792
2.43655 8.52792
2.58883 8.52792
2.74112 8.6802
2.8934 8.6802
3.04569 8.6802
3.19797 8.6802
3.50254 8.83249
3.65482 8.83249
3.80711 8.83249
3.95939 8.83249
4.11168 8.83249
4.41624 8.83249
4.56853 8.98477
4.72081 8.98477
4.8731 8.98477
5.17766 8.98477
5.32995 8.98477
5.48223 8.98477
5.63452 8.98477
5.7868 8.98477
6.09137 8.98477
6.24365 8.98477
6.39594 8.98477
6.70051 8.98477
6.85279 8.98477
7.00508 8.98477
7.15736 8.83249
7.46193 8.83249
7.61421 8.83249
7.7665 8.83249
8.07107 8.83249
8.22335 8.83249
8.37563 8.6802
8.52792 8.6802
8.83249 8.6802
8.98477 8.6802
9.13706 8.52792
9.44162 8.52792
9.59391 8.37563
9.74619 8.37563
9.89848 8.22335
10.203 8.22335
10.3553 8.07107
10.5076 8.07107
10.6599 7.91878
10.8122 7.7665
11.1168 7.7665
11.269 7.61421
11.4213 7.46193
11.5736 7.30964
11.7259 7.15736
11.8782 7.00508
12.0305 6.85279
12.1827 6.70051
12.1827 6.54822
12.335 6.39594
12.4873 6.24365
12.6396 6.09137
12.6396 5.93909
12.7919 5.63452
12.7919 5.48223
12.9442 5.32995
12.9442 5.17766
13.0964 4.8731
13.0964 4.72081
13.2487 4.56853
13.2487 4.41624
13.401 4.11168
13.401 3.95939
13.401 3.80711
13.5533 3.65482
13.5533 3.35025
13.5533 3.19797
13.5533 3.04569
13.7056 2.8934
13.7056 2.58883
13.7056 2.43655
13.8579 2.28426
13.8579 2.13198
13.8579 1.9797
14.0102 1.82741
14.0102 1.52284
14.0102 1.37056
14.0102 1.21827
14.1624 1.06599
14.1624 0.913706
14.1624 0.761421
14.3147 0.456853
14.3147 0.304569
14.3147 0.152284
14.3147 0
14.3147 -0.152284
14.467 -0.456853
14.467 -0.609137
14.467 -0.761421
14.467 -0.913706
14.467 -1.06599
14.467 -1.37056
14.467 -1.52284
