6.70051 1.9797
6.70051 1.67513
6.70051 1.37056
6.54822 1.06599
6.54822 0.609137
6.54822 0.304569
6.54822 0
6.39594 -0.304569
6.39594 -0.609137
6.24365 -0.913706
6.24365 -1.21827
6.09137 -1.52284
5.93909 -1.82741
5.7868 -2.13198
5.63452 -2.43655
5.48223 -2.74112
5.32995 -2.8934
5.17766 -3.19797
5.02538 -3.50254
4.8731 -3.80711
4.72081 -3.95939
4.41624 -4.26396
4.26396 -4.56853
3.95939 -4.72081
3.80711 -5.02538
3.50254 -5.17766
3.35025 -5.48223
3.04569 -5.63452
2.8934 -5.7868
2.58883 -5.93909
2.28426 -6.24365
2.13198 -6.39594
1.82741 -6.54822
1.52284 -6.70051
1.21827 -6.85279
1.06599 -7.00508
0.761421 -7.15736
0.456853 -7.30964
0.304569 -7.46193
0 -7.61421
-0.304569 -7.7665
-0.609137 -7.7665
-0.761421 -7.91878
-1.06599 -8.07107
-1.37056 -8.22335
-1.52284 -8.22335
-1.82741 -8.37563
-1.9797 -8.52792
-2.28426 -8.52792
-2.58883 -8.6802
-2.74112 -8.83249
-3.04569 -8.83249
-3.19797 -8.98477
-3.50254 -9.13706
-3.65482 -9.28934
-3.80711 -9.28934
-4.11168 -9.44162
-4.26396 -9.59391
-4.56853 -9.59391
-4.72081 -9.74619
-5.02538 -9.89848
-5.17766 -9.89848
-5.48223 -10.0508
-5.63452 -10.0508
-5.7868 -10.203
-6.09137 -10.3553
-6.24365 -10.3553
-6.54822 -10.5076
-6.70051 -10.5076
-7.00508 -10.6599
-7.15736 -10.6599
-7.46193 -10.6599
-7.61421 -10.8122
-7.91878 -10.8122
-8.07107 -10.8122
-8.37563 -10.9645
-8.52792 -10.9645
-8.83249 -10.9645
-8.98477 -10.9645
-9.28934 -10.9645
-9.44162 -10.9645
-9.74619 -10.9645
-9.89848 -11.1168
-10.203 -11.1168
-10.3553 -11.1168
-10.6599 -11.1168
-10.8122 -10.9645
-11.1168 -10.9645
-11.269 -10.9645
-11.5736 -10.9645
-11.7259 -10.9645
-12.0305 -10.9645
-12.1827 -10.9645
-12.4873 -10.9645
-12.6396 -10.9645
-12.9442 -10.9645
-13.0964 -10.9645
-13.401 -10.8122
-13.5533 -10.8122
-13.8579 -10.8122
-14.0102 -10.8122
-14.3147 -10.8122
-14.467 -10.8122
-14.7716 -10.8122
-14.9239 -10.8122
-15.2284 -10.6599
-15.3807 -10.6599
-15.6853 -10.6599
-15.8376 -10.6599
-16.1421 -10.6599
-16.2944 -10.6599
-16.599 -10.5076
-16.9036 -10.5076
-17.0558 -10.5076
-17.3604 -10.5076
-17.5127 -10.3553
-17.8173 -10.3553
-17.9695 -10.3553
-18.2741 -10.203
-18.5787 -10.203
-18.731 -10.203
-19.0355 -10.0508
-19.3401 -10.0508
-19.4924 -9.89848
-19.797 -9.89848
-19.9492 -9.74619
-20.2538 -9.74619
-20.5584 -9.59391
-20.7107 -9.59391
-21.0152 -9.44162
-21.3198 -9.28934
-21.4721 -9.28934
-21.7766 -9.13706
-22.0812 -8.98477
-22.2335 -8.83249
-22.5381 -8.6802
-22.6904 -8.6802
-22.9949 -8.52792
-23.1472 -8.37563
-23.4518 -8.22335
-23.6041 -8.07107
-23.9086 -7.7665
-24.0609 -7.61421
-24.3655 -7.46193
-24.5178 -7.30964
-24.6701 -7.15736
-24.9746 -6.85279
-25.1269 -6.70051
-25.2792 -6.54822
-25.4315 -6.24365
-25.736 -6.09137
-25.8883 -5.7868
-26.0406 -5.63452
-26.1929 -5.32995
-26.3452 -5.17766
-26.4975 -4.8731
-26.6497 -4.72081
-26.802 -4.41624
-26.9543 -4.11168
-27.1066 -3.95939
-27.1066 -3.65482
-27.2589 -3.35025
-27.4112 -3.04569
-27.5635 -2.8934
-27.5635 -2.58883
-27.7157 -2.28426
-27.7157 -1.9797
-27.868 -1.82741
-27.868 -1.52284
-28.0203 -1.21827
-28.0203 -0.913706
-28.1726 -0.609137
-28.1726 -0.304569
-28.1726 0
-28.1726 0.304569
-28.3249 0.456853
-28.3249 0.761421
-28.3249 1.06599
-28.3249 1.37056
-28.3249 1.67513
-28.3249 1.9797
-28.3249 2.28426
-28.3249 2.58883
-28.3249 2.8934
-28.1726 3.04569
-28.1726 3.35025
-28.1726 3.65482
-28.1726 3.95939
-28.0203 4.26396
-28.0203 4.56853
-28.0203 4.8731
-27.868 5.02538
-27.868 5.32995
-27.7157 5.63452
-27.7157 5.93909
-27.5635 6.24365
-27.5635 6.54822
-27.4112 6.70051
-27.4112 7.00508
-27.2589 7.30964
-27.1066 7.61421
-27.1066 7.7665
-26.9543 8.07107
-26.802 8.37563
-26.6497 8.52792
-26.4975 8.83249
-26.3452 9.13706
-26.3452 9.28934
-26.1929 9.59391
-26.0406 9.89848
-25.8883 10.0508
-25.736 10.3553
-25.4315 10.5076
-25.2792 10.8122
-25.1269 10.9645
-24.9746 11.269
-24.8223 11.4213
-24.6701 11.5736
-24.3655 11.8782
-24.2132 12.0305
-24.0609 12.1827
-23.7563 12.4873
-23.6041 12.6396
-23.4518 12.7919
-23.1472 12.9442
-22.9949 13.0964
-22.6904 13.2487
-22.5381 13.401
-22.2335 13.5533
-22.0812 13.7056
-21.7766 13.8579
-21.6244 14.0102
-21.3198 14.1624
-21.0152 14.3147
-20.8629 14.467
-20.5584 14.467
-20.2538 14.6193
-20.1015 14.6193
-19.797 14.7716
-19.4924 14.7716
-19.1878 14.9239
-19.0355 14.9239
-18.731 15.0761
-18.4264 15.0761
-18.1218 15.0761
-17.9695 15.0761
-17.665 15.0761
-17.3604 15.2284
-17.0558 15.2284
-16.9036 15.2284
-16.599 15.2284
-16.2944 15.2284
-16.1421 15.2284
-15.8376 15.0761
-15.533 15.0761
-15.3807 15.0761
-15.0761 15.0761
-14.7716 15.0761
-14.6193 15.0761
-14.3147 14.9239
-14.0102 14.9239
-13.8579 14.9239
-13.5533 14.9239
-13.401 14.9239
-13.0964 14.7716
-12.9442 14.7716
-12.6396 14.7716
-12.4873 14.7716
-12.1827 14.6193
-12.0305 14.6193
-11.7259 14.6193
-11.5736 14.6193
-11.269 14.6193
-11.1168 14.6193
-10.9645 14.467
-10.6599 14.467
-10.5076 14.467
-10.203 14.467
-10.0508 14.467
-9.74619 14.3147
-9.59391 14.3147
-9.44162 14.3147
-9.13706 14.3147
-8.98477 14.1624
-8.6802 14.1624
-8.52792 14.1624
-8.37563 14.1624
-8.07107 14.0102
-7.91878 14.0102
-7.61421 14.0102
-7.46193 13.8579
-7.15736 13.8579
-7.00508 13.7056
-6.85279 13.7056
-6.54822 13.7056
-6.39594 13.5533
-6.09137 13.5533
-5.93909 13.401
-5.7868 13.401
-5.48223 13.2487
-5.32995 13.2487
-5.02538 13.0964
-4.8731 13.0964
-4.56853 12.9442
-4.41624 12.9442
-4.26396 12.7919
-3.95939 12.6396
-3.80711 12.6396
-3.50254 12.4873
-3.35025 12.335
-3.04569 12.335
-2.8934 12.1827
-2.74112 12.0305
-2.43655 12.0305
-2.28426 11.8782
-1.9797 11.7259
-1.82741 11.5736
-1.52284 11.4213
-1.37056 11.4213
-1.06599 11.269
-0.913706 11.1168
-0.609137 10.9645
-0.456853 10.8122
-0.152284 10.6599
0 10.5076
0.152284 10.3553
0.456853 10.203
0.609137 10.0508
0.913706 9.89848
1.06599 9.74619
1.37056 9.59391
1.52284 9.28934
1.82741 9.13706
1.9797 8.98477
2.13198 8.83249
2.43655 8.52792
2.58883 8.37563
2.8934 8.22335
3.04569 7.91878
3.19797 7.7665
3.50254 7.46193
3.65482 7.30964
3.80711 7.00508
3.95939 6.85279
4.26396 6.54822
4.41624 6.24365
4.56853 6.09137
4.72081 5.7868
4.8731 5.48223
5.02538 5.17766
5.32995 5.02538
5.48223 4.72081
5.63452 4.41624
5.7868 4.11168
5.7868 3.80711
5.93909 3.50254
6.09137 3.19797
6.24365 2.8934
6.39594 2.58883
6.39594 2.28426
