13.8579 -1.67513
13.8579 -1.82741
13.8579 -1.9797
13.8579 -2.13198
13.8579 -2.28426
13.8579 -2.58883
13.8579 -2.74112
13.8579 -2.8934
13.7056 -3.04569
13.7056 -3.19797
13.7056 -3.35025
13.7056 -3.50254
13.7056 -3.65482
13.7056 -3.95939
13.5533 -4.11168
13.5533 -4.26396
13.5533 -4.41624
13.401 -4.56853
13.401 -4.72081
13.401 -4.8731
13.2487 -5.02538
13.2487 -5.17766
13.2487 -5.32995
13.0964 -5.48223
13.0964 -5.63452
12.9442 -5.7868
12.9442 -6.09137
12.7919 -6.24365
12.7919 -6.39594
12.6396 -6.39594
12.4873 -6.54822
12.4873 -6.70051
12.335 -6.85279
12.335 -7.00508
12.1827 -7.15736
12.0305 -7.30964
12.0305 -7.46193
11.8782 -7.61421
11.7259 -7.7665
11.5736 -7.91878
11.5736 -8.07107
11.4213 -8.07107
11.269 -8.22335
11.1168 -8.37563
11.1168 -8.52792
10.9645 -8.6802
10.8122 -8.6802
10.6599 -8.83249
10.5076 -8.98477
10.5076 -9.13706
10.3553 -9.13706
10.203 -9.28934
10.0508 -9.44162
9.89848 -9.59391
9.74619 -9.59391
9.59391 -9.74619
9.44162 -9.89848
9.28934 -9.89848
9.28934 -10.0508
9.13706 -10.203
8.98477 -10.203
8.83249 -10.3553
8.6802 -10.3553
8.52792 -10.5076
8.37563 -10.5076
8.22335 -10.6599
8.07107 -10.6599
7.91878 -10.8122
7.7665 -10.8122
7.61421 -10.9645
7.46193 -10.9645
7.15736 -11.1168
7.00508 -11.1168
6.85279 -11.1168
6.70051 -11.269
6.54822 -11.269
6.39594 -11.269
6.24365 -11.269
6.09137 -11.4213
5.93909 -11.4213
5.63452 -11.4213
5.48223 -11.4213
5.32995 -11.4213
5.17766 -11.4213
5.02538 -11.5736
4.8731 -11.5736
4.72081 -11.5736
4.56853 -11.5736
4.26396 -11.5736
4.11168 -11.5736
3.95939 -11.5736
3.80711 -11.5736
3.65482 -11.5736
3.50254 -11.5736
3.35025 -11.5736
3.19797 -11.4213
2.8934 -11.4213
2.74112 -11.4213
2.58883 -11.4213
2.43655 -11.4213
2.28426 -11.4213
2.13198 -11.4213
1.9797 -11.4213
1.82741 -11.269
1.52284 -11.269
1.37056 -11.269
1.21827 -11.269
1.06599 -11.269
0.913706 -11.269
0.761421 -11.1168
0.609137 -11.1168
0.304569 -11.1168
0.152284 -11.1168
0 -10.9645
-0.152284 -10.9645
-0.304569 -10.9645
-0.456853 -10.9645
-0.761421 -10.8122
-0.913706 -10.8122
-1.06599 -10.8122
-1.21827 -10.8122
-1.37056 -10.6599
-1.67513 -10.6599
-1.82741 -10.6599
-1.9797 -10.5076
-2.13198 -10.5076
-2.43655 -10.5076
-2.58883 -10.3553
-2.74112 -10.3553
-2.8934 -10.203
-3.19797 -10.203
-3.35025 -10.0508
-3.50254 -10.0508
-3.65482 -9.89848
-3.95939 -9.89848
-4.11168 -9.74619
-4.26396 -9.59391
-4.41624 -9.59391
-4.56853 -9.44162
-4.72081 -9.28934
-4.8731 -9.13706
-5.02538 -8.98477
-5.17766 -8.83249
-5.32995 -8.6802
-5.48223 -8.52792
-5.63452 -8.37563
-5.7868 -8.22335
-5.93909 -8.07107
-5.93909 -7.91878
-6.09137 -7.7665
-6.24365 -7.61421
-6.24365 -7.30964
-6.39594 -7.15736
-6.39594 -7.00508
-6.54822 -6.85279
-6.54822 -6.54822
-6.54822 -6.39594
-6.70051 -6.24365
-6.70051 -5.93909
-6.70051 -5.7868
-6.70051 -5.63452
-6.85279 -5.32995
-6.85279 -5.17766
-6.85279 -5.02538
-6.85279 -4.72081
-6.85279 -4.56853
-6.85279 -4.41624
-6.85279 -4.11168
-6.85279 -3.95939
-6.85279 -3.80711
-6.85279 -3.65482
-6.85279 -3.35025
-6.85279 -3.19797
-6.85279 -3.04569
-6.85279 -2.74112
-6.85279 -2.58883
-6.85279 -2.43655
-6.70051 -2.28426
-6.70051 -1.9797
-6.70051 -1.82741
-6.70051 -1.67513
-6.70051 -1.52284
-6.54822 -1.37056
-6.54822 -1.06599
-6.54822 -0.913706
-6.54822 -0.761421
-6.39594 -0.609137
-6.39594 -0.456853
-6.39594 -0.152284
-6.24365 0
-6.24365 0.152284
-6.24365 0.304569
-6.09137 0.456853
-6.09137 0.609137
-5.93909 0.761421
-5.93909 0.913706
-5.7868 1.21827
-5.7868 1.37056
-5.63452 1.52284
-5.63452 1.67513
-5.48223 1.82741
-5.48223 1.9797
-5.32995 2.13198
-5.32995 2.28426
-5.17766 2.43655
-5.17766 2.58883
-5.02538 2.74112
-4.8731 2.8934
-4.8731 3.04569
-4.72081 3.19797
-4.56853 3.35025
-4.41624 3.35025
-4.41624 3.50254
-4.26396 3.65482
-4.11168 3.80711
-3.95939 3.95939
-3.95939 4.11168
-3.80711 4.26396
-3.65482 4.26396
-3.50254 4.41624
-3.35025 4.56853
-3.35025 4.72081
-3.19797 4.72081
-3.04569 4.8731
-2.8934 5.02538
-2.74112 5.02538
-2.58883 5.17766
-2.43655 5.32995
-2.43655 5.32995
-2.28426 5.48223
-2.13198 5.63452
-1.9797 5.63452
-1.82741 5.7868
-1.67513 5.7868
-1.52284 5.93909
-1.37056 5.93909
-1.21827 6.09137
-1.06599 6.24365
-0.913706 6.24365
-0.761421 6.39594
-0.609137 6.39594
-0.456853 6.54822
-0.456853 6.54822
-0.304569 6.70051
-0.152284 6.70051
0 6.85279
0.152284 6.85279
0.304569 6.85279
0.456853 7.00508
0.609137 7.00508
0.761421 7.15736
0.913706 7.15736
1.06599 7.30964
1.21827 7.30964
1.37056 7.30964
1.52284 7.46193
1.67513 7.46193
1.82741 7.46193
1.9797 7.61421
2.13198 7.61421
2.28426 7.61421
2.43655 7.61421
2.74112 7.7665
2.8934 7.7665
3.04569 7.7665
3.19797 7.7665
3.35025 7.7665
3.50254 7.7665
3.65482 7.7665
3.80711 7.7665
3.95939 7.7665
4.11168 7.7665
4.26396 7.7665
4.41624 7.7665
4.72081 7.7665
4.8731 7.7665
5.02538 7.7665
5.17766 7.7665
5.32995 7.7665
5.48223 7.7665
5.63452 7.7665
5.7868 7.61421
5.93909 7.61421
6.09137 7.61421
6.24365 7.61421
6.39594 7.61421
6.54822 7.46193
6.85279 7.46193
7.00508 7.46193
7.15736 7.30964
7.30964 7.30964
7.46193 7.30964
7.61421 7.15736
7.7665 7.15736
7.91878 7.00508
8.07107 7.00508
8.22335 7.00508
8.37563 6.85279
8.52792 6.85279
8.6802 6.70051
8.83249 6.70051
8.98477 6.54822
9.13706 6.54822
9.28934 6.39594
9.44162 6.39594
9.59391 6.24365
9.74619 6.09137
9.74619 6.09137
9.89848 5.93909
10.0508 5.93909
10.203 5.7868
10.3553 5.63452
10.5076 5.48223
10.6599 5.48223
10.8122 5.32995
10.8122 5.17766
10.9645 5.02538
11.1168 5.02538
11.269 4.8731
11.269 4.72081
11.4213 4.56853
11.5736 4.41624
11.7259 4.26396
11.7259 4.26396
11.8782 4.11168
12.0305 3.95939
12.0305 3.80711
12.1827 3.65482
12.335 3.50254
12.335 3.35025
12.4873 3.19797
12.4873 3.04569
12.6396 2.8934
12.7919 2.74112
12.7919 2.58883
12.9442 2.43655
12.9442 2.28426
13.0964 2.13198
13.0964 1.9797
13.0964 1.82741
13.2487 1.67513
13.2487 1.52284
13.401 1.37056
13.401 1.21827
13.401 1.06599
13.5533 0.913706
13.5533 0.761421
13.5533 0.609137
13.7056 0.456853
13.7056 0.152284
13.7056 0
13.7056 -0.152284
13.8579 -0.304569
13.8579 -0.456853
13.8579 -0.609137
13.8579 -0.761421
13.8579 -0.913706
13.8579 -1.21827
13.8579 -1.37056
13.8579 -1.52284
