5.7868 0.609137
5.7868 0.456853
5.93909 0.152284
5.93909 0
5.93909 -0.152284
5.93909 -0.304569
5.93909 -0.456853
5.93909 -0.609137
6.09137 -0.913706
6.09137 -1.06599
6.09137 -1.21827
6.09137 -1.37056
5.93909 -1.52284
5.93909 -1.82741
5.93909 -1.9797
5.93909 -2.13198
5.93909 -2.28426
5.93909 -2.43655
5.7868 -2.74112
5.7868 -2.8934
5.7868 -3.04569
5.63452 -3.19797
5.63452 -3.35025
5.48223 -3.50254
5.48223 -3.65482
5.32995 -3.95939
5.32995 -4.11168
5.17766 -4.26396
5.17766 -4.41624
5.02538 -4.56853
4.8731 -4.72081
4.72081 -4.8731
4.72081 -5.02538
4.56853 -5.02538
4.41624 -5.17766
4.26396 -5.32995
4.11168 -5.48223
4.11168 -5.63452
3.95939 -5.7868
3.80711 -5.93909
3.65482 -5.93909
3.50254 -6.09137
3.35025 -6.24365
3.19797 -6.39594
3.04569 -6.39594
2.8934 -6.54822
2.74112 -6.70051
2.58883 -6.70051
2.43655 -6.85279
2.28426 -7.00508
2.13198 -7.00508
2.13198 -7.15736
1.9797 -7.15736
1.82741 -7.30964
1.67513 -7.46193
1.52284 -7.46193
1.37056 -7.61421
1.21827 -7.61421
1.06599 -7.7665
0.913706 -7.7665
0.761421 -7.91878
0.609137 -7.91878
0.304569 -7.91878
0.152284 -8.07107
0 -8.07107
-0.152284 -8.22335
-0.304569 -8.22335
-0.456853 -8.22335
-0.609137 -8.37563
-0.761421 -8.37563
-0.913706 -8.37563
-1.06599 -8.37563
-1.21827 -8.52792
-1.37056 -8.52792
-1.52284 -8.52792
-1.67513 -8.52792
-1.82741 -8.52792
-2.13198 -8.52792
-2.28426 -8.52792
-2.43655 -8.52792
-2.58883 -8.52792
-2.74112 -8.52792
-2.8934 -8.52792
-3.04569 -8.52792
-3.19797 -8.52792
-3.35025 -8.52792
-3.50254 -8.52792
-3.65482 -8.52792
-3.80711 -8.37563
-3.95939 -8.37563
-4.11168 -8.37563
-4.26396 -8.37563
-4.41624 -8.22335
-4.56853 -8.22335
-4.72081 -8.22335
-4.8731 -8.07107
-5.02538 -8.07107
-5.17766 -7.91878
-5.32995 -7.91878
-5.48223 -7.91878
-5.63452 -7.7665
-5.7868 -7.7665
-5.93909 -7.61421
-6.09137 -7.61421
-6.24365 -7.46193
-6.39594 -7.46193
-6.39594 -7.30964
-6.54822 -7.30964
-6.70051 -7.30964
-6.85279 -7.15736
-7.00508 -7.15736
-7.15736 -7.00508
-7.15736 -7.00508
-7.30964 -6.85279
-7.46193 -6.85279
-7.61421 -6.85279
-7.7665 -6.70051
-7.91878 -6.70051
-8.07107 -6.54822
-8.07107 -6.54822
-8.22335 -6.54822
-8.37563 -6.54822
-8.52792 -6.39594
-8.6802 -6.39594
-8.83249 -6.39594
-8.98477 -6.39594
-9.13706 -6.24365
-9.28934 -6.24365
-9.44162 -6.24365
-9.59391 -6.24365
-9.74619 -6.09137
-10.0508 -6.09137
-10.203 -6.09137
-10.3553 -5.93909
-10.5076 -5.93909
-10.6599 -5.93909
-10.8122 -5.7868
-10.9645 -5.7868
-11.1168 -5.7868
-11.269 -5.63452
-11.4213 -5.63452
-11.7259 -5.48223
-11.8782 -5.32995
-12.0305 -5.32995
-12.1827 -5.17766
-12.335 -5.17766
-12.4873 -5.02538
-12.4873 -4.8731
-12.6396 -4.72081
-12.7919 -4.56853
-12.9442 -4.56853
-13.0964 -4.41624
-13.2487 -4.26396
-13.2487 -4.11168
-13.401 -3.95939
-13.5533 -3.80711
-13.5533 -3.65482
-13.7056 -3.50254
-13.7056 -3.35025
-13.8579 -3.19797
-13.8579 -3.04569
-14.0102 -2.74112
-14.0102 -2.58883
-14.1624 -2.43655
-14.1624 -2.28426
-14.1624 -2.13198
-14.1624 -1.9797
-14.3147 -1.82741
-14.3147 -1.52284
-14.3147 -1.37056
-14.3147 -1.21827
-14.3147 -1.06599
-14.3147 -0.913706
-14.3147 -0.609137
-14.3147 -0.456853
-14.3147 -0.304569
-14.3147 -0.152284
-14.3147 0
-14.3147 0.152284
-14.3147 0.456853
-14.3147 0.609137
-14.3147 0.761421
-14.1624 0.913706
-14.1624 1.06599
-14.1624 1.21827
-14.1624 1.37056
-14.0102 1.67513
-14.0102 1.82741
-14.0102 1.9797
-13.8579 2.13198
-13.8579 2.28426
-13.8579 2.43655
-13.7056 2.58883
-13.7056 2.74112
-13.7056 2.8934
-13.5533 3.04569
-13.5533 3.19797
-13.5533 3.35025
-13.401 3.50254
-13.401 3.80711
-13.2487 3.95939
-13.2487 4.11168
-13.0964 4.26396
-13.0964 4.41624
-12.9442 4.56853
-12.9442 4.72081
-12.7919 4.8731
-12.7919 5.02538
-12.6396 5.17766
-12.6396 5.17766
-12.4873 5.32995
-12.4873 5.48223
-12.335 5.63452
-12.1827 5.7868
-12.1827 5.93909
-12.0305 6.09137
-11.8782 6.24365
-11.8782 6.39594
-11.7259 6.54822
-11.5736 6.54822
-11.5736 6.70051
-11.4213 6.85279
-11.269 7.00508
-11.1168 7.15736
-11.1168 7.15736
-10.9645 7.30964
-10.8122 7.46193
-10.6599 7.61421
-10.5076 7.61421
-10.5076 7.7665
-10.3553 7.91878
-10.203 8.07107
-10.0508 8.07107
-9.89848 8.22335
-9.74619 8.37563
-9.74619 8.37563
-9.59391 8.52792
-9.44162 8.6802
-9.28934 8.83249
-9.13706 8.83249
-8.98477 8.98477
-8.83249 9.13706
-8.83249 9.28934
-8.6802 9.28934
-8.52792 9.44162
-8.37563 9.59391
-8.22335 9.74619
-8.07107 9.74619
-7.91878 9.89848
-7.7665 10.0508
-7.61421 10.203
-7.46193 10.203
-7.30964 10.3553
-7.15736 10.5076
-7.00508 10.5076
-6.85279 10.6599
-6.70051 10.6599
-6.54822 10.8122
-6.39594 10.8122
-6.24365 10.9645
-5.93909 10.9645
-5.7868 11.1168
-5.63452 11.1168
-5.48223 11.1168
-5.32995 11.1168
-5.17766 11.1168
-4.8731 11.269
-4.72081 11.269
-4.56853 11.269
-4.41624 11.1168
-4.11168 11.1168
-3.95939 11.1168
-3.80711 11.1168
-3.65482 11.1168
-3.50254 10.9645
-3.19797 10.9645
-3.04569 10.8122
-2.8934 10.8122
-2.74112 10.6599
-2.58883 10.6599
-2.43655 10.5076
-2.28426 10.5076
-2.13198 10.3553
-1.9797 10.203
-1.82741 10.203
-1.67513 10.0508
-1.52284 9.89848
-1.37056 9.89848
-1.21827 9.74619
-1.06599 9.59391
-0.913706 9.44162
-0.761421 9.28934
-0.609137 9.28934
-0.609137 9.13706
-0.456853 8.98477
-0.304569 8.83249
-0.152284 8.6802
-0.152284 8.52792
0 8.52792
0.152284 8.37563
0.304569 8.22335
0.304569 8.07107
0.456853 7.91878
0.609137 7.91878
0.609137 7.7665
0.761421 7.61421
0.913706 7.46193
0.913706 7.46193
1.06599 7.30964
1.21827 7.15736
1.21827 7.00508
1.37056 7.00508
1.52284 6.85279
1.67513 6.85279
1.67513 6.70051
1.82741 6.54822
1.9797 6.54822
2.13198 6.39594
2.28426 6.39594
2.43655 6.24365
2.43655 6.24365
2.58883 6.09137
2.74112 5.93909
2.8934 5.93909
3.04569 5.7868
3.19797 5.7868
3.35025 5.63452
3.50254 5.48223
3.65482 5.48223
3.65482 5.32995
3.80711 5.17766
3.95939 5.02538
4.11168 5.02538
4.26396 4.8731
4.41624 4.72081
4.41624 4.56853
4.56853 4.41624
4.72081 4.26396
4.72081 4.26396
4.8731 4.11168
5.02538 3.95939
5.02538 3.80711
5.17766 3.65482
5.17766 3.50254
5.32995 3.35025
5.32995 3.04569
5.32995 2.8934
5.48223 2.74112
5.48223 2.58883
5.48223 2.43655
5.63452 2.28426
5.63452 2.13198
5.63452 1.9797
5.63452 1.82741
5.63452 1.67513
5.7868 1.37056
5.7868 1.21827
5.7868 1.06599
5.7868 0.913706
5.7868 0.761421
