6.24365 1.52284
6.24365 1.21827
6.39594 1.06599
6.39594 0.913706
6.39594 0.761421
6.39594 0.609137
6.54822 0.456853
6.54822 0.152284
6.54822 0
6.54822 -0.152284
6.54822 -0.304569
6.54822 -0.456853
6.39594 -0.761421
6.39594 -0.913706
6.39594 -1.06599
6.39594 -1.21827
6.24365 -1.37056
6.24365 -1.67513
6.24365 -1.82741
6.09137 -1.9797
6.09137 -2.13198
5.93909 -2.28426
5.93909 -2.43655
5.7868 -2.58883
5.7868 -2.74112
5.63452 -2.8934
5.63452 -3.04569
5.48223 -3.19797
5.48223 -3.50254
5.32995 -3.65482
5.17766 -3.80711
5.17766 -3.95939
5.02538 -4.11168
4.8731 -4.11168
4.8731 -4.26396
4.72081 -4.41624
4.56853 -4.56853
4.41624 -4.72081
4.41624 -4.8731
4.26396 -5.02538
4.11168 -5.17766
3.95939 -5.32995
3.80711 -5.32995
3.65482 -5.48223
3.65482 -5.63452
3.50254 -5.7868
3.35025 -5.93909
3.19797 -5.93909
3.04569 -6.09137
2.8934 -6.24365
2.74112 -6.24365
2.58883 -6.39594
2.43655 -6.54822
2.28426 -6.54822
2.13198 -6.70051
1.9797 -6.70051
1.82741 -6.85279
1.67513 -6.85279
1.52284 -7.00508
1.37056 -7.00508
1.21827 -7.00508
0.913706 -7.15736
0.761421 -7.15736
0.609137 -7.30964
0.456853 -7.30964
0.304569 -7.30964
0.152284 -7.30964
0 -7.46193
-0.152284 -7.46193
-0.304569 -7.46193
-0.456853 -7.46193
-0.761421 -7.46193
-0.913706 -7.46193
-1.06599 -7.46193
-1.21827 -7.46193
-1.37056 -7.46193
-1.52284 -7.46193
-1.67513 -7.46193
-1.82741 -7.46193
-1.9797 -7.46193
-2.13198 -7.46193
-2.43655 -7.46193
-2.58883 -7.46193
-2.74112 -7.46193
-2.8934 -7.46193
-3.04569 -7.30964
-3.19797 -7.30964
-3.35025 -7.30964
-3.50254 -7.30964
-3.65482 -7.15736
-3.80711 -7.15736
-3.95939 -7.15736
-4.11168 -7.15736
-4.26396 -7.00508
-4.41624 -7.00508
-4.56853 -7.00508
-4.72081 -7.00508
-4.8731 -6.85279
-5.02538 -6.85279
-5.02538 -6.85279
-5.17766 -6.70051
-5.32995 -6.70051
-5.48223 -6.70051
-5.63452 -6.54822
-5.7868 -6.54822
-5.93909 -6.54822
-6.09137 -6.39594
-6.24365 -6.39594
-6.39594 -6.39594
-6.39594 -6.24365
-6.54822 -6.24365
-6.70051 -6.24365
-6.85279 -6.09137
-7.00508 -6.09137
-7.15736 -6.09137
-7.30964 -6.09137
-7.46193 -5.93909
-7.61421 -5.93909
-7.7665 -5.93909
-7.7665 -5.7868
-7.91878 -5.7868
-8.07107 -5.7868
-8.22335 -5.7868
-8.37563 -5.63452
-8.52792 -5.63452
-8.6802 -5.63452
-8.83249 -5.63452
-8.98477 -5.48223
-9.13706 -5.48223
-9.44162 -5.48223
-9.59391 -5.32995
-9.74619 -5.32995
-9.89848 -5.32995
-10.0508 -5.17766
-10.203 -5.17766
-10.3553 -5.02538
-10.5076 -5.02538
-10.6599 -5.02538
-10.8122 -4.8731
-10.9645 -4.8731
-11.1168 -4.72081
-11.269 -4.56853
-11.4213 -4.56853
-11.5736 -4.41624
-11.7259 -4.26396
-11.8782 -4.26396
-12.0305 -4.11168
-12.1827 -3.95939
-12.335 -3.80711
-12.4873 -3.65482
-12.4873 -3.65482
-12.6396 -3.50254
-12.7919 -3.35025
-12.9442 -3.19797
-12.9442 -3.04569
-13.0964 -2.8934
-13.2487 -2.74112
-13.2487 -2.58883
-13.401 -2.43655
-13.401 -2.28426
-13.5533 -2.13198
-13.5533 -1.9797
-13.7056 -1.67513
-13.7056 -1.52284
-13.8579 -1.37056
-13.8579 -1.21827
-13.8579 -1.06599
-13.8579 -0.913706
-14.0102 -0.761421
-14.0102 -0.456853
-14.0102 -0.304569
-14.0102 -0.152284
-14.0102 0
-14.0102 0.152284
-14.0102 0.456853
-14.0102 0.609137
-14.0102 0.761421
-14.0102 0.913706
-14.0102 1.06599
-14.0102 1.21827
-14.0102 1.52284
-13.8579 1.67513
-13.8579 1.82741
-13.8579 1.9797
-13.8579 2.13198
-13.8579 2.28426
-13.7056 2.58883
-13.7056 2.74112
-13.7056 2.8934
-13.5533 3.04569
-13.5533 3.19797
-13.5533 3.35025
-13.401 3.50254
-13.401 3.65482
-13.401 3.80711
-13.2487 3.95939
-13.2487 4.11168
-13.0964 4.26396
-13.0964 4.56853
-13.0964 4.72081
-12.9442 4.8731
-12.9442 5.02538
-12.7919 5.17766
-12.7919 5.32995
-12.6396 5.48223
-12.6396 5.63452
-12.4873 5.7868
-12.4873 5.93909
-12.335 6.09137
-12.335 6.24365
-12.1827 6.24365
-12.0305 6.39594
-12.0305 6.54822
-11.8782 6.70051
-11.7259 6.85279
-11.7259 7.00508
-11.5736 7.15736
-11.4213 7.30964
-11.4213 7.30964
-11.269 7.46193
-11.1168 7.61421
-10.9645 7.7665
-10.8122 7.91878
-10.8122 7.91878
-10.6599 8.07107
-10.5076 8.22335
-10.3553 8.22335
-10.203 8.37563
-10.0508 8.52792
-10.0508 8.52792
-9.89848 8.6802
-9.74619 8.83249
-9.59391 8.83249
-9.44162 8.98477
-9.28934 9.13706
-9.13706 9.13706
-8.98477 9.28934
-8.98477 9.44162
-8.83249 9.44162
-8.6802 9.59391
-8.52792 9.74619
-8.37563 9.74619
-8.22335 9.89848
-8.07107 10.0508
-8.07107 10.0508
-7.91878 10.203
-7.7665 10.3553
-7.61421 10.5076
-7.46193 10.5076
-7.30964 10.6599
-7.15736 10.8122
-7.00508 10.8122
-6.85279 10.9645
-6.70051 11.1168
-6.54822 11.1168
-6.39594 11.269
-6.24365 11.269
-6.09137 11.4213
-5.93909 11.5736
-5.7868 11.5736
-5.63452 11.5736
-5.32995 11.7259
-5.17766 11.7259
-5.02538 11.8782
-4.8731 11.8782
-4.72081 11.8782
-4.56853 11.8782
-4.26396 12.0305
-4.11168 12.0305
-3.95939 12.0305
-3.80711 12.0305
-3.65482 12.0305
-3.35025 12.0305
-3.19797 12.0305
-3.04569 11.8782
-2.8934 11.8782
-2.74112 11.8782
-2.43655 11.8782
-2.28426 11.7259
-2.13198 11.7259
-1.9797 11.7259
-1.82741 11.5736
-1.67513 11.5736
-1.52284 11.4213
-1.37056 11.4213
-1.06599 11.269
-0.913706 11.269
-0.761421 11.1168
-0.609137 11.1168
-0.456853 10.9645
-0.304569 10.8122
-0.152284 10.8122
0 10.6599
0.152284 10.5076
0.152284 10.5076
0.304569 10.3553
0.456853 10.203
0.609137 10.203
0.761421 10.0508
0.913706 9.89848
1.06599 9.74619
1.21827 9.74619
1.21827 9.59391
1.37056 9.44162
1.52284 9.28934
1.67513 9.13706
1.67513 9.13706
1.82741 8.98477
1.9797 8.83249
2.13198 8.6802
2.13198 8.52792
2.28426 8.52792
2.43655 8.37563
2.58883 8.22335
2.58883 8.07107
2.74112 7.91878
2.8934 7.91878
2.8934 7.7665
3.04569 7.61421
3.19797 7.46193
3.35025 7.46193
3.35025 7.30964
3.50254 7.15736
3.65482 7.00508
3.65482 6.85279
3.80711 6.85279
3.95939 6.70051
4.11168 6.54822
4.11168 6.39594
4.26396 6.24365
4.41624 6.24365
4.41624 6.09137
4.56853 5.93909
4.72081 5.7868
4.8731 5.63452
4.8731 5.48223
5.02538 5.32995
5.17766 5.17766
5.17766 5.17766
5.32995 5.02538
5.48223 4.8731
5.48223 4.72081
5.63452 4.56853
5.7868 4.41624
5.7868 4.26396
5.93909 4.11168
6.09137 3.95939
6.09137 3.80711
6.09137 3.65482
6.24365 3.35025
6.24365 3.19797
6.39594 3.04569
6.39594 2.8934
6.39594 2.74112
6.39594 2.58883
6.39594 2.28426
6.39594 2.13198
6.39594 1.9797
6.39594 1.82741
6.24365 1.67513
