6.39594 2.13198
6.39594 1.9797
6.54822 1.82741
6.54822 1.67513
6.54822 1.37056
6.54822 1.21827
6.70051 1.06599
6.70051 0.913706
6.70051 0.761421
6.70051 0.456853
6.70051 0.304569
6.70051 0.152284
6.70051 0
6.70051 -0.152284
6.54822 -0.304569
6.54822 -0.609137
6.54822 -0.761421
6.54822 -0.913706
6.39594 -1.06599
6.39594 -1.21827
6.39594 -1.37056
6.24365 -1.67513
6.24365 -1.82741
6.24365 -1.9797
6.09137 -2.13198
6.09137 -2.28426
5.93909 -2.43655
5.93909 -2.58883
5.7868 -2.74112
5.63452 -2.8934
5.63452 -3.04569
5.48223 -3.19797
5.48223 -3.35025
5.32995 -3.50254
5.17766 -3.65482
5.17766 -3.80711
5.02538 -3.95939
4.8731 -4.11168
4.72081 -4.26396
4.72081 -4.41624
4.56853 -4.56853
4.41624 -4.72081
4.26396 -4.8731
4.11168 -4.8731
3.95939 -5.02538
3.80711 -5.17766
3.80711 -5.32995
3.65482 -5.48223
3.50254 -5.48223
3.35025 -5.63452
3.19797 -5.7868
3.04569 -5.7868
2.8934 -5.93909
2.74112 -6.09137
2.58883 -6.09137
2.43655 -6.24365
2.28426 -6.39594
2.13198 -6.39594
1.9797 -6.54822
1.82741 -6.54822
1.67513 -6.70051
1.52284 -6.70051
1.37056 -6.85279
1.21827 -6.85279
1.06599 -6.85279
0.761421 -7.00508
0.609137 -7.00508
0.456853 -7.15736
0.304569 -7.15736
0.152284 -7.15736
0 -7.15736
-0.152284 -7.30964
-0.304569 -7.30964
-0.609137 -7.30964
-0.761421 -7.30964
-0.913706 -7.30964
-1.06599 -7.30964
-1.21827 -7.30964
-1.37056 -7.30964
-1.52284 -7.30964
-1.82741 -7.30964
-1.9797 -7.30964
-2.13198 -7.30964
-2.28426 -7.30964
-2.43655 -7.30964
-2.58883 -7.15736
-2.74112 -7.15736
-2.8934 -7.15736
-3.04569 -7.15736
-3.19797 -7.15736
-3.35025 -7.00508
-3.65482 -7.00508
-3.80711 -7.00508
-3.95939 -6.85279
-4.11168 -6.85279
-4.26396 -6.70051
-4.41624 -6.70051
-4.56853 -6.70051
-4.56853 -6.54822
-4.72081 -6.54822
-4.8731 -6.39594
-5.02538 -6.39594
-5.17766 -6.24365
-5.32995 -6.24365
-5.48223 -6.09137
-5.63452 -6.09137
-5.7868 -5.93909
-5.93909 -5.93909
-6.09137 -5.93909
-6.09137 -5.7868
-6.24365 -5.7868
-6.39594 -5.63452
-6.54822 -5.63452
-6.70051 -5.48223
-6.85279 -5.48223
-7.00508 -5.32995
-7.00508 -5.32995
-7.15736 -5.32995
-7.30964 -5.17766
-7.46193 -5.17766
-7.61421 -5.17766
-7.7665 -5.17766
-7.91878 -5.02538
-8.07107 -5.02538
-8.22335 -5.02538
-8.37563 -5.02538
-8.52792 -4.8731
-8.6802 -4.8731
-8.83249 -4.8731
-8.98477 -4.8731
-9.13706 -4.72081
-9.44162 -4.72081
-9.59391 -4.72081
-9.74619 -4.56853
-9.89848 -4.56853
-10.0508 -4.56853
-10.203 -4.41624
-10.3553 -4.41624
-10.6599 -4.26396
-10.8122 -4.26396
-10.9645 -4.11168
-11.1168 -4.11168
-11.269 -3.95939
-11.4213 -3.95939
-11.5736 -3.80711
-11.7259 -3.65482
-11.8782 -3.65482
-12.0305 -3.50254
-12.1827 -3.35025
-12.335 -3.19797
-12.4873 -3.04569
-12.6396 -2.8934
-12.6396 -2.74112
-12.7919 -2.58883
-12.9442 -2.43655
-12.9442 -2.28426
-13.0964 -2.13198
-13.2487 -1.9797
-13.2487 -1.82741
-13.401 -1.67513
-13.401 -1.52284
-13.5533 -1.37056
-13.5533 -1.21827
-13.5533 -0.913706
-13.7056 -0.761421
-13.7056 -0.609137
-13.7056 -0.456853
-13.8579 -0.304569
-13.8579 -0.152284
-13.8579 0.152284
-13.8579 0.304569
-13.8579 0.456853
-13.8579 0.609137
-13.8579 0.913706
-13.8579 1.06599
-13.8579 1.21827
-13.8579 1.37056
-13.8579 1.52284
-13.8579 1.82741
-13.8579 1.9797
-13.7056 2.13198
-13.7056 2.28426
-13.7056 2.43655
-13.7056 2.74112
-13.7056 2.8934
-13.5533 3.04569
-13.5533 3.19797
-13.5533 3.35025
-13.401 3.50254
-13.401 3.65482
-13.401 3.80711
-13.2487 4.11168
-13.2487 4.26396
-13.2487 4.41624
-13.0964 4.56853
-13.0964 4.72081
-12.9442 4.8731
-12.9442 5.02538
-12.9442 5.17766
-12.7919 5.32995
-12.7919 5.48223
-12.6396 5.63452
-12.6396 5.7868
-12.4873 5.93909
-12.4873 6.09137
-12.335 6.24365
-12.335 6.39594
-12.1827 6.54822
-12.0305 6.70051
-12.0305 6.85279
-11.8782 7.00508
-11.8782 7.15736
-11.7259 7.30964
-11.5736 7.46193
-11.4213 7.61421
-11.4213 7.7665
-11.269 7.7665
-11.1168 7.91878
-10.9645 8.07107
-10.9645 8.22335
-10.8122 8.22335
-10.6599 8.37563
-10.5076 8.52792
-10.3553 8.6802
-10.203 8.6802
-10.0508 8.83249
-9.89848 8.98477
-9.89848 8.98477
-9.74619 9.13706
-9.59391 9.13706
-9.44162 9.28934
-9.28934 9.44162
-9.13706 9.44162
-8.98477 9.59391
-8.83249 9.59391
-8.6802 9.74619
-8.6802 9.89848
-8.52792 9.89848
-8.37563 10.0508
-8.22335 10.0508
-8.07107 10.203
-7.91878 10.3553
-7.7665 10.3553
-7.7665 10.5076
-7.61421 10.6599
-7.46193 10.6599
-7.30964 10.8122
-7.15736 10.9645
-7.00508 11.1168
-6.85279 11.1168
-6.70051 11.269
-6.54822 11.4213
-6.39594 11.4213
-6.24365 11.5736
-6.09137 11.7259
-5.93909 11.7259
-5.7868 11.8782
-5.63452 12.0305
-5.48223 12.0305
-5.32995 12.1827
-5.17766 12.1827
-5.02538 12.335
-4.8731 12.335
-4.72081 12.335
-4.56853 12.4873
-4.26396 12.4873
-4.11168 12.4873
-3.95939 12.4873
-3.80711 12.6396
-3.65482 12.6396
-3.35025 12.6396
-3.19797 12.6396
-3.04569 12.6396
-2.8934 12.6396
-2.74112 12.4873
-2.43655 12.4873
-2.28426 12.4873
-2.13198 12.4873
-1.9797 12.4873
-1.82741 12.335
-1.67513 12.335
-1.52284 12.1827
-1.21827 12.1827
-1.06599 12.1827
-0.913706 12.0305
-0.761421 11.8782
-0.609137 11.8782
-0.456853 11.7259
-0.304569 11.7259
-0.152284 11.5736
0 11.4213
0.152284 11.4213
0.304569 11.269
0.456853 11.1168
0.609137 11.1168
0.609137 10.9645
0.761421 10.8122
0.913706 10.6599
1.06599 10.5076
1.21827 10.5076
1.37056 10.3553
1.37056 10.203
1.52284 10.0508
1.67513 9.89848
1.82741 9.74619
1.82741 9.74619
1.9797 9.59391
2.13198 9.44162
2.13198 9.28934
2.28426 9.13706
2.43655 9.13706
2.43655 8.98477
2.58883 8.83249
2.74112 8.6802
2.74112 8.52792
2.8934 8.52792
3.04569 8.37563
3.04569 8.22335
3.19797 8.07107
3.35025 7.91878
3.35025 7.91878
3.50254 7.7665
3.65482 7.61421
3.65482 7.46193
3.80711 7.46193
3.95939 7.30964
4.11168 7.15736
4.11168 7.00508
4.26396 6.85279
4.41624 6.85279
4.41624 6.70051
4.56853 6.54822
4.72081 6.39594
4.72081 6.24365
4.8731 6.24365
5.02538 6.09137
5.17766 5.93909
5.17766 5.7868
5.32995 5.63452
5.48223 5.48223
5.48223 5.32995
5.63452 5.32995
5.7868 5.17766
5.7868 5.02538
5.93909 4.8731
6.09137 4.72081
6.09137 4.56853
6.24365 4.41624
6.24365 4.26396
6.39594 3.95939
6.39594 3.80711
6.39594 3.65482
6.54822 3.50254
6.54822 3.35025
6.54822 3.19797
6.54822 3.04569
6.54822 2.8934
6.54822 2.58883
6.54822 2.43655
6.39594 2.28426
