6.54822 2.43655
6.54822 2.28426
6.70051 2.13198
6.70051 1.9797
6.70051 1.67513
6.70051 1.52284
6.70051 1.37056
6.85279 1.21827
6.85279 1.06599
6.85279 0.913706
6.85279 0.609137
6.85279 0.456853
6.85279 0.304569
6.85279 0.152284
6.70051 0
6.70051 -0.304569
6.70051 -0.456853
6.70051 -0.609137
6.54822 -0.761421
6.54822 -0.913706
6.54822 -1.06599
6.39594 -1.37056
6.39594 -1.52284
6.39594 -1.67513
6.24365 -1.82741
6.24365 -1.9797
6.09137 -2.13198
6.09137 -2.28426
5.93909 -2.43655
5.7868 -2.58883
5.7868 -2.74112
5.63452 -2.8934
5.48223 -3.04569
5.48223 -3.19797
5.32995 -3.35025
5.17766 -3.50254
5.17766 -3.65482
5.02538 -3.80711
4.8731 -3.95939
4.72081 -4.11168
4.56853 -4.26396
4.56853 -4.41624
4.41624 -4.56853
4.26396 -4.56853
4.11168 -4.72081
3.95939 -4.8731
3.80711 -5.02538
3.65482 -5.17766
3.50254 -5.17766
3.50254 -5.32995
3.35025 -5.48223
3.19797 -5.48223
3.04569 -5.63452
2.8934 -5.7868
2.74112 -5.93909
2.58883 -5.93909
2.43655 -6.09137
2.28426 -6.09137
2.13198 -6.24365
1.9797 -6.39594
1.82741 -6.39594
1.67513 -6.54822
1.52284 -6.54822
1.21827 -6.70051
1.06599 -6.70051
0.913706 -6.70051
0.761421 -6.85279
0.609137 -6.85279
0.456853 -7.00508
0.304569 -7.00508
0.152284 -7.00508
0 -7.00508
-0.304569 -7.00508
-0.456853 -7.15736
-0.609137 -7.15736
-0.761421 -7.15736
-0.913706 -7.15736
-1.06599 -7.15736
-1.37056 -7.15736
-1.52284 -7.15736
-1.67513 -7.15736
-1.82741 -7.15736
-1.9797 -7.00508
-2.13198 -7.00508
-2.28426 -7.00508
-2.58883 -7.00508
-2.74112 -7.00508
-2.8934 -6.85279
-3.04569 -6.85279
-3.19797 -6.85279
-3.35025 -6.85279
-3.50254 -6.70051
-3.65482 -6.70051
-3.80711 -6.54822
-3.95939 -6.54822
-4.11168 -6.54822
-4.26396 -6.39594
-4.41624 -6.39594
-4.56853 -6.39594
-4.72081 -6.24365
-4.8731 -6.24365
-5.02538 -6.09137
-5.17766 -6.09137
-5.32995 -5.93909
-5.48223 -5.93909
-5.63452 -5.93909
-5.63452 -5.7868
-5.7868 -5.7868
-5.93909 -5.63452
-6.09137 -5.63452
-6.24365 -5.48223
-6.39594 -5.48223
-6.54822 -5.48223
-6.70051 -5.32995
-6.85279 -5.32995
-7.00508 -5.17766
-7.00508 -5.17766
-7.15736 -5.17766
-7.30964 -5.02538
-7.46193 -5.02538
-7.61421 -5.02538
-7.7665 -4.8731
-7.91878 -4.8731
-8.07107 -4.8731
-8.22335 -4.72081
-8.37563 -4.72081
-8.52792 -4.56853
-8.6802 -4.56853
-8.83249 -4.56853
-8.98477 -4.41624
-9.13706 -4.41624
-9.28934 -4.41624
-9.44162 -4.26396
-9.59391 -4.26396
-9.74619 -4.11168
-9.89848 -4.11168
-10.0508 -3.95939
-10.203 -3.95939
-10.3553 -3.80711
-10.5076 -3.80711
-10.6599 -3.65482
-10.8122 -3.65482
-10.9645 -3.50254
-11.1168 -3.50254
-11.269 -3.35025
-11.4213 -3.19797
-11.5736 -3.19797
-11.7259 -3.04569
-11.8782 -2.8934
-12.0305 -2.74112
-12.1827 -2.58883
-12.335 -2.58883
-12.4873 -2.43655
-12.6396 -2.28426
-12.6396 -2.13198
-12.7919 -1.9797
-12.9442 -1.82741
-13.0964 -1.67513
-13.0964 -1.52284
-13.2487 -1.37056
-13.2487 -1.21827
-13.401 -1.06599
-13.5533 -0.913706
-13.5533 -0.609137
-13.7056 -0.456853
-13.7056 -0.304569
-13.7056 -0.152284
-13.8579 0
-13.8579 0.152284
-13.8579 0.456853
-13.8579 0.609137
-13.8579 0.761421
-13.8579 0.913706
-13.8579 1.21827
-13.8579 1.37056
-13.8579 1.52284
-13.8579 1.67513
-13.8579 1.82741
-13.8579 2.13198
-13.8579 2.28426
-13.7056 2.43655
-13.7056 2.58883
-13.7056 2.74112
-13.5533 3.04569
-13.5533 3.19797
-13.5533 3.35025
-13.401 3.50254
-13.401 3.65482
-13.401 3.80711
-13.2487 3.95939
-13.2487 4.26396
-13.0964 4.41624
-13.0964 4.56853
-13.0964 4.72081
-12.9442 4.8731
-12.9442 5.02538
-12.7919 5.17766
-12.7919 5.32995
-12.7919 5.48223
-12.6396 5.63452
-12.6396 5.7868
-12.4873 5.93909
-12.4873 6.09137
-12.335 6.24365
-12.335 6.39594
-12.1827 6.54822
-12.1827 6.70051
-12.0305 6.85279
-12.0305 7.00508
-11.8782 7.15736
-11.8782 7.30964
-11.7259 7.46193
-11.5736 7.61421
-11.5736 7.7665
-11.4213 7.91878
-11.269 8.07107
-11.1168 8.22335
-11.1168 8.22335
-10.9645 8.37563
-10.8122 8.52792
-10.6599 8.6802
-10.5076 8.6802
-10.5076 8.83249
-10.3553 8.98477
-10.203 8.98477
-10.0508 9.13706
-9.89848 9.28934
-9.74619 9.28934
-9.59391 9.44162
-9.44162 9.44162
-9.28934 9.59391
-9.13706 9.74619
-9.13706 9.74619
-8.98477 9.89848
-8.83249 9.89848
-8.6802 10.0508
-8.52792 10.0508
-8.37563 10.203
-8.22335 10.3553
-8.07107 10.3553
-7.91878 10.5076
-7.91878 10.5076
-7.7665 10.6599
-7.61421 10.8122
-7.46193 10.8122
-7.30964 10.9645
-7.15736 11.1168
-7.00508 11.1168
-6.85279 11.269
-6.70051 11.4213
-6.70051 11.4213
-6.54822 11.5736
-6.39594 11.7259
-6.24365 11.7259
-6.09137 11.8782
-5.93909 12.0305
-5.7868 12.0305
-5.63452 12.1827
-5.48223 12.1827
-5.32995 12.335
-5.02538 12.335
-4.8731 12.4873
-4.72081 12.4873
-4.56853 12.6396
-4.41624 12.6396
-4.26396 12.6396
-4.11168 12.7919
-3.80711 12.7919
-3.65482 12.7919
-3.50254 12.7919
-3.35025 12.7919
-3.19797 12.7919
-3.04569 12.7919
-2.74112 12.7919
-2.58883 12.7919
-2.43655 12.7919
-2.28426 12.7919
-2.13198 12.7919
-1.82741 12.6396
-1.67513 12.6396
-1.52284 12.6396
-1.37056 12.4873
-1.21827 12.4873
-1.06599 12.4873
-0.913706 12.335
-0.761421 12.335
-0.609137 12.1827
-0.456853 12.1827
-0.152284 12.0305
0 11.8782
0.152284 11.8782
0.304569 11.7259
0.304569 11.7259
0.456853 11.5736
0.609137 11.4213
0.761421 11.269
0.913706 11.269
1.06599 11.1168
1.21827 10.9645
1.37056 10.8122
1.37056 10.8122
1.52284 10.6599
1.67513 10.5076
1.82741 10.3553
1.9797 10.203
1.9797 10.0508
2.13198 10.0508
2.28426 9.89848
2.28426 9.74619
2.43655 9.59391
2.58883 9.44162
2.58883 9.28934
2.74112 9.28934
2.8934 9.13706
2.8934 8.98477
3.04569 8.83249
3.19797 8.6802
3.19797 8.52792
3.35025 8.52792
3.50254 8.37563
3.50254 8.22335
3.65482 8.07107
3.65482 7.91878
3.80711 7.7665
3.95939 7.7665
3.95939 7.61421
4.11168 7.46193
4.26396 7.30964
4.26396 7.15736
4.41624 7.15736
4.41624 7.00508
4.56853 6.85279
4.72081 6.70051
4.72081 6.54822
4.8731 6.39594
5.02538 6.39594
5.17766 6.24365
5.17766 6.09137
5.32995 5.93909
5.48223 5.7868
5.48223 5.63452
5.63452 5.48223
5.7868 5.48223
5.93909 5.32995
5.93909 5.17766
6.09137 5.02538
6.24365 4.8731
6.24365 4.72081
6.39594 4.56853
6.39594 4.41624
6.54822 4.11168
6.54822 3.95939
6.54822 3.80711
6.54822 3.65482
6.70051 3.50254
6.70051 3.35025
6.70051 3.19797
6.70051 3.04569
6.54822 2.74112
6.54822 2.58883
