6.70051 2.8934
6.70051 2.74112
6.70051 2.58883
6.70051 2.43655
6.70051 2.28426
6.70051 1.9797
6.70051 1.82741
6.70051 1.67513
6.70051 1.52284
6.70051 1.37056
6.70051 1.21827
6.70051 1.06599
6.70051 0.913706
6.70051 0.609137
6.54822 0.456853
6.54822 0.304569
6.54822 0.152284
6.54822 0
6.39594 -0.152284
6.39594 -0.304569
6.39594 -0.456853
6.24365 -0.609137
6.24365 -0.913706
6.09137 -1.06599
6.09137 -1.21827
6.09137 -1.37056
5.93909 -1.52284
5.93909 -1.67513
5.7868 -1.82741
5.63452 -1.9797
5.63452 -2.13198
5.48223 -2.28426
5.48223 -2.43655
5.32995 -2.58883
5.17766 -2.74112
5.17766 -2.8934
5.02538 -3.04569
4.8731 -3.19797
4.8731 -3.35025
4.72081 -3.35025
4.56853 -3.50254
4.56853 -3.65482
4.41624 -3.80711
4.26396 -3.95939
4.11168 -4.11168
3.95939 -4.26396
3.95939 -4.26396
3.80711 -4.41624
3.65482 -4.56853
3.50254 -4.72081
3.35025 -4.8731
3.19797 -4.8731
3.19797 -5.02538
3.04569 -5.17766
2.8934 -5.32995
2.74112 -5.32995
2.58883 -5.48223
2.43655 -5.63452
2.28426 -5.63452
2.13198 -5.7868
1.9797 -5.7868
1.82741 -5.93909
1.67513 -6.09137
1.52284 -6.09137
1.37056 -6.24365
1.21827 -6.24365
1.06599 -6.24365
0.913706 -6.39594
0.761421 -6.39594
0.456853 -6.39594
0.304569 -6.54822
0.152284 -6.54822
0 -6.54822
-0.152284 -6.54822
-0.304569 -6.54822
-0.456853 -6.54822
-0.761421 -6.54822
-0.913706 -6.54822
-1.06599 -6.54822
-1.21827 -6.54822
-1.37056 -6.54822
-1.52284 -6.54822
-1.82741 -6.54822
-1.9797 -6.54822
-2.13198 -6.39594
-2.28426 -6.39594
-2.43655 -6.39594
-2.58883 -6.39594
-2.74112 -6.24365
-2.8934 -6.24365
-3.04569 -6.24365
-3.19797 -6.09137
-3.35025 -6.09137
-3.50254 -6.09137
-3.65482 -5.93909
-3.80711 -5.93909
-3.95939 -5.93909
-4.11168 -5.7868
-4.26396 -5.7868
-4.41624 -5.7868
-4.56853 -5.63452
-4.72081 -5.63452
-4.8731 -5.63452
-5.02538 -5.48223
-5.17766 -5.48223
-5.32995 -5.48223
-5.48223 -5.32995
-5.63452 -5.32995
-5.7868 -5.32995
-5.93909 -5.17766
-6.09137 -5.17766
-6.24365 -5.17766
-6.24365 -5.02538
-6.39594 -5.02538
-6.54822 -5.02538
-6.70051 -4.8731
-6.85279 -4.8731
-7.00508 -4.8731
-7.15736 -4.72081
-7.30964 -4.72081
-7.46193 -4.56853
-7.61421 -4.56853
-7.7665 -4.56853
-7.91878 -4.41624
-7.91878 -4.41624
-8.07107 -4.26396
-8.22335 -4.26396
-8.37563 -4.11168
-8.52792 -4.11168
-8.6802 -3.95939
-8.83249 -3.95939
-8.98477 -3.80711
-9.13706 -3.80711
-9.13706 -3.65482
-9.28934 -3.50254
-9.44162 -3.50254
-9.59391 -3.35025
-9.74619 -3.35025
-9.89848 -3.19797
-10.0508 -3.04569
-10.203 -3.04569
-10.3553 -2.8934
-10.3553 -2.74112
-10.5076 -2.74112
-10.6599 -2.58883
-10.8122 -2.43655
-10.9645 -2.43655
-11.1168 -2.28426
-11.269 -2.13198
-11.4213 -2.13198
-11.4213 -1.9797
-11.5736 -1.82741
-11.7259 -1.67513
-11.8782 -1.52284
-12.0305 -1.37056
-12.1827 -1.37056
-12.1827 -1.21827
-12.335 -1.06599
-12.4873 -0.913706
-12.6396 -0.761421
-12.6396 -0.609137
-12.7919 -0.456853
-12.9442 -0.304569
-12.9442 -0.152284
-13.0964 0
-13.0964 0.152284
-13.2487 0.456853
-13.2487 0.609137
-13.401 0.761421
-13.401 0.913706
-13.401 1.06599
-13.5533 1.21827
-13.5533 1.37056
-13.5533 1.67513
-13.5533 1.82741
-13.5533 1.9797
-13.5533 2.13198
-13.5533 2.43655
-13.5533 2.58883
-13.5533 2.74112
-13.5533 2.8934
-13.5533 3.04569
-13.5533 3.35025
-13.5533 3.50254
-13.5533 3.65482
-13.401 3.80711
-13.401 3.95939
-13.401 4.11168
-13.2487 4.41624
-13.2487 4.56853
-13.2487 4.72081
-13.0964 4.8731
-13.0964 5.02538
-13.0964 5.17766
-12.9442 5.32995
-12.9442 5.48223
-12.7919 5.63452
-12.7919 5.93909
-12.6396 6.09137
-12.6396 6.24365
-12.4873 6.39594
-12.4873 6.54822
-12.335 6.70051
-12.1827 6.85279
-12.1827 7.00508
-12.0305 7.15736
-11.8782 7.30964
-11.8782 7.30964
-11.7259 7.46193
-11.5736 7.61421
-11.5736 7.7665
-11.4213 7.91878
-11.269 8.07107
-11.269 8.22335
-11.1168 8.37563
-10.9645 8.37563
-10.8122 8.52792
-10.6599 8.6802
-10.6599 8.83249
-10.5076 8.83249
-10.3553 8.98477
-10.203 9.13706
-10.0508 9.28934
-10.0508 9.28934
-9.89848 9.44162
-9.74619 9.59391
-9.59391 9.59391
-9.44162 9.74619
-9.28934 9.89848
-9.13706 9.89848
-8.98477 10.0508
-8.98477 10.0508
-8.83249 10.203
-8.6802 10.3553
-8.52792 10.3553
-8.37563 10.5076
-8.22335 10.6599
-8.07107 10.6599
-7.91878 10.8122
-7.91878 10.8122
-7.7665 10.9645
-7.61421 11.1168
-7.46193 11.1168
-7.30964 11.269
-7.15736 11.4213
-7.00508 11.4213
-6.85279 11.5736
-6.85279 11.5736
-6.70051 11.7259
-6.54822 11.8782
-6.39594 11.8782
-6.24365 12.0305
-6.09137 12.1827
-5.93909 12.1827
-5.7868 12.335
-5.63452 12.335
-5.48223 12.4873
-5.32995 12.4873
-5.17766 12.6396
-5.02538 12.6396
-4.8731 12.7919
-4.72081 12.7919
-4.41624 12.7919
-4.26396 12.9442
-4.11168 12.9442
-3.95939 12.9442
-3.80711 12.9442
-3.65482 12.9442
-3.50254 12.9442
-3.19797 12.9442
-3.04569 12.9442
-2.8934 12.9442
-2.74112 12.9442
-2.58883 12.9442
-2.43655 12.9442
-2.28426 12.9442
-1.9797 12.7919
-1.82741 12.7919
-1.67513 12.7919
-1.52284 12.6396
-1.37056 12.6396
-1.21827 12.6396
-1.06599 12.4873
-0.913706 12.4873
-0.761421 12.335
-0.609137 12.335
-0.456853 12.1827
-0.304569 12.1827
-0.152284 12.0305
0 11.8782
0.152284 11.8782
0.304569 11.7259
0.456853 11.5736
0.609137 11.5736
0.761421 11.4213
0.913706 11.269
0.913706 11.269
1.06599 11.1168
1.21827 10.9645
1.37056 10.9645
1.52284 10.8122
1.52284 10.6599
1.67513 10.5076
1.82741 10.5076
1.9797 10.3553
1.9797 10.203
2.13198 10.0508
2.28426 9.89848
2.28426 9.89848
2.43655 9.74619
2.58883 9.59391
2.58883 9.44162
2.74112 9.44162
2.8934 9.28934
2.8934 9.13706
3.04569 8.98477
3.19797 8.98477
3.19797 8.83249
3.35025 8.6802
3.35025 8.52792
3.50254 8.37563
3.65482 8.37563
3.65482 8.22335
3.80711 8.07107
3.95939 7.91878
3.95939 7.91878
4.11168 7.7665
4.11168 7.61421
4.26396 7.46193
4.41624 7.46193
4.41624 7.30964
4.56853 7.15736
4.72081 7.00508
4.72081 6.85279
4.8731 6.85279
5.02538 6.70051
5.02538 6.54822
5.17766 6.39594
5.32995 6.24365
5.48223 6.24365
5.48223 6.09137
5.63452 5.93909
5.7868 5.7868
5.7868 5.63452
5.93909 5.48223
6.09137 5.32995
6.09137 5.17766
6.24365 5.02538
6.24365 4.8731
6.39594 4.72081
6.39594 4.56853
6.54822 4.41624
6.54822 4.26396
6.54822 4.11168
6.70051 3.95939
6.70051 3.80711
6.70051 3.65482
6.70051 3.35025
6.70051 3.19797
6.70051 3.04569
