6.24365 3.35025
6.24365 3.19797
6.39594 3.04569
6.39594 2.8934
6.39594 2.74112
6.39594 2.58883
6.54822 2.28426
6.54822 2.13198
6.54822 1.9797
6.54822 1.82741
6.54822 1.67513
6.54822 1.37056
6.54822 1.21827
6.54822 1.06599
6.54822 0.913706
6.54822 0.761421
6.54822 0.456853
6.54822 0.304569
6.54822 0.152284
6.39594 0
6.39594 -0.304569
6.39594 -0.456853
6.24365 -0.609137
6.24365 -0.761421
6.24365 -0.913706
6.09137 -1.06599
6.09137 -1.37056
5.93909 -1.52284
5.93909 -1.67513
5.7868 -1.82741
5.63452 -1.9797
5.63452 -2.13198
5.48223 -2.28426
5.32995 -2.43655
5.32995 -2.58883
5.17766 -2.74112
5.02538 -2.8934
4.8731 -3.04569
4.8731 -3.19797
4.72081 -3.35025
4.56853 -3.50254
4.41624 -3.65482
4.26396 -3.65482
4.11168 -3.80711
3.95939 -3.95939
3.80711 -4.11168
3.65482 -4.26396
3.65482 -4.26396
3.50254 -4.41624
3.35025 -4.56853
3.19797 -4.72081
3.04569 -4.72081
2.8934 -4.8731
2.74112 -5.02538
2.58883 -5.02538
2.43655 -5.17766
2.28426 -5.32995
2.13198 -5.32995
1.82741 -5.48223
1.67513 -5.48223
1.52284 -5.63452
1.37056 -5.63452
1.21827 -5.7868
1.06599 -5.7868
0.913706 -5.93909
0.761421 -5.93909
0.609137 -6.09137
0.456853 -6.09137
0.152284 -6.09137
0 -6.24365
-0.152284 -6.24365
-0.304569 -6.24365
-0.456853 -6.24365
-0.609137 -6.39594
-0.913706 -6.39594
-1.06599 -6.39594
-1.21827 -6.39594
-1.37056 -6.39594
-1.52284 -6.39594
-1.67513 -6.39594
-1.9797 -6.39594
-2.13198 -6.39594
-2.28426 -6.39594
-2.43655 -6.39594
-2.58883 -6.39594
-2.74112 -6.24365
-2.8934 -6.24365
-3.19797 -6.24365
-3.35025 -6.24365
-3.50254 -6.09137
-3.65482 -6.09137
-3.80711 -6.09137
-3.95939 -5.93909
-4.11168 -5.93909
-4.26396 -5.93909
-4.41624 -5.7868
-4.56853 -5.7868
-4.72081 -5.63452
-4.8731 -5.63452
-5.02538 -5.63452
-5.17766 -5.48223
-5.32995 -5.48223
-5.48223 -5.32995
-5.63452 -5.32995
-5.7868 -5.17766
-5.93909 -5.17766
-6.09137 -5.02538
-6.24365 -5.02538
-6.39594 -4.8731
-6.54822 -4.8731
-6.54822 -4.72081
-6.70051 -4.72081
-6.85279 -4.56853
-7.00508 -4.56853
-7.15736 -4.41624
-7.30964 -4.41624
-7.46193 -4.26396
-7.61421 -4.26396
-7.7665 -4.26396
-7.7665 -4.11168
-7.91878 -4.11168
-8.07107 -3.95939
-8.22335 -3.95939
-8.37563 -3.95939
-8.52792 -3.95939
-8.6802 -3.80711
-8.83249 -3.80711
-8.98477 -3.80711
-9.13706 -3.65482
-9.44162 -3.65482
-9.59391 -3.65482
-9.74619 -3.50254
-9.89848 -3.50254
-10.0508 -3.50254
-10.203 -3.35025
-10.3553 -3.35025
-10.5076 -3.19797
-10.6599 -3.19797
-10.8122 -3.04569
-10.9645 -3.04569
-11.269 -2.8934
-11.4213 -2.8934
-11.5736 -2.74112
-11.7259 -2.58883
-11.8782 -2.58883
-12.0305 -2.43655
-12.0305 -2.28426
-12.1827 -2.13198
-12.335 -1.9797
-12.4873 -1.82741
-12.6396 -1.82741
-12.7919 -1.67513
-12.7919 -1.52284
-12.9442 -1.37056
-13.0964 -1.21827
-13.0964 -1.06599
-13.2487 -0.913706
-13.401 -0.761421
-13.401 -0.456853
-13.5533 -0.304569
-13.5533 -0.152284
-13.5533 0
-13.7056 0.152284
-13.7056 0.304569
-13.8579 0.456853
-13.8579 0.761421
-13.8579 0.913706
-13.8579 1.06599
-14.0102 1.21827
-14.0102 1.37056
-14.0102 1.52284
-14.0102 1.82741
-14.0102 1.9797
-14.0102 2.13198
-14.0102 2.28426
-14.0102 2.43655
-14.0102 2.74112
-14.0102 2.8934
-14.0102 3.04569
-14.0102 3.19797
-14.0102 3.35025
-14.0102 3.65482
-13.8579 3.80711
-13.8579 3.95939
-13.8579 4.11168
-13.8579 4.26396
-13.7056 4.41624
-13.7056 4.72081
-13.7056 4.8731
-13.5533 5.02538
-13.5533 5.17766
-13.5533 5.32995
-13.401 5.48223
-13.401 5.63452
-13.401 5.7868
-13.2487 5.93909
-13.2487 6.09137
-13.0964 6.39594
-13.0964 6.54822
-12.9442 6.70051
-12.9442 6.85279
-12.7919 7.00508
-12.7919 7.15736
-12.6396 7.30964
-12.6396 7.46193
-12.4873 7.61421
-12.4873 7.7665
-12.335 7.7665
-12.1827 7.91878
-12.1827 8.07107
-12.0305 8.22335
-11.8782 8.37563
-11.8782 8.52792
-11.7259 8.6802
-11.5736 8.83249
-11.4213 8.98477
-11.4213 8.98477
-11.269 9.13706
-11.1168 9.28934
-10.9645 9.44162
-10.9645 9.44162
-10.8122 9.59391
-10.6599 9.74619
-10.5076 9.74619
-10.3553 9.89848
-10.203 10.0508
-10.0508 10.203
-10.0508 10.203
-9.89848 10.3553
-9.74619 10.3553
-9.59391 10.5076
-9.44162 10.6599
-9.28934 10.6599
-9.13706 10.8122
-9.13706 10.9645
-8.98477 10.9645
-8.83249 11.1168
-8.6802 11.1168
-8.52792 11.269
-8.37563 11.4213
-8.22335 11.4213
-8.22335 11.5736
-8.07107 11.5736
-7.91878 11.7259
-7.7665 11.8782
-7.61421 11.8782
-7.46193 12.0305
-7.30964 12.1827
-7.15736 12.1827
-7.00508 12.335
-6.85279 12.4873
-6.85279 12.4873
-6.70051 12.6396
-6.54822 12.7919
-6.39594 12.7919
-6.24365 12.9442
-6.09137 12.9442
-5.93909 13.0964
-5.7868 13.0964
-5.48223 13.2487
-5.32995 13.2487
-5.17766 13.401
-5.02538 13.401
-4.8731 13.401
-4.72081 13.5533
-4.56853 13.5533
-4.41624 13.5533
-4.11168 13.5533
-3.95939 13.7056
-3.80711 13.7056
-3.65482 13.7056
-3.50254 13.7056
-3.35025 13.7056
-3.04569 13.7056
-2.8934 13.7056
-2.74112 13.7056
-2.58883 13.5533
-2.43655 13.5533
-2.28426 13.5533
-1.9797 13.5533
-1.82741 13.5533
-1.67513 13.401
-1.52284 13.401
-1.37056 13.2487
-1.21827 13.2487
-1.06599 13.2487
-0.913706 13.0964
-0.761421 13.0964
-0.609137 12.9442
-0.456853 12.9442
-0.304569 12.7919
-0.152284 12.6396
0 12.6396
0.152284 12.4873
0.304569 12.335
0.456853 12.335
0.609137 12.1827
0.761421 12.0305
0.913706 11.8782
1.06599 11.8782
1.06599 11.7259
1.21827 11.5736
1.37056 11.4213
1.52284 11.269
1.67513 11.269
1.67513 11.1168
1.82741 10.9645
1.9797 10.8122
2.13198 10.6599
2.13198 10.6599
2.28426 10.5076
2.43655 10.3553
2.43655 10.203
2.58883 10.0508
2.74112 10.0508
2.74112 9.89848
2.8934 9.74619
3.04569 9.59391
3.04569 9.44162
3.19797 9.44162
3.35025 9.28934
3.35025 9.13706
3.50254 8.98477
3.65482 8.83249
3.65482 8.83249
3.80711 8.6802
3.95939 8.52792
3.95939 8.37563
4.11168 8.22335
4.26396 8.22335
4.26396 8.07107
4.41624 7.91878
4.56853 7.7665
4.72081 7.61421
4.72081 7.46193
4.8731 7.46193
5.02538 7.30964
5.02538 7.15736
5.17766 7.00508
5.32995 6.85279
5.48223 6.70051
5.48223 6.54822
5.63452 6.39594
5.7868 6.24365
5.7868 6.09137
5.93909 5.93909
6.09137 5.7868
6.09137 5.63452
6.24365 5.48223
6.24365 5.32995
6.24365 5.17766
6.39594 5.02538
6.39594 4.8731
6.39594 4.72081
6.39594 4.41624
6.39594 4.26396
6.39594 4.11168
6.39594 3.95939
6.39594 3.80711
6.24365 3.65482
