6.24365 3.19797
6.24365 3.04569
6.39594 2.74112
6.39594 2.58883
6.39594 2.43655
6.54822 2.28426
6.54822 2.13198
6.54822 1.9797
6.54822 1.67513
6.54822 1.52284
6.54822 1.37056
6.54822 1.21827
6.54822 1.06599
6.54822 0.761421
6.54822 0.609137
6.54822 0.456853
6.54822 0.304569
6.39594 0.152284
6.39594 0
6.39594 -0.304569
6.39594 -0.456853
6.24365 -0.609137
6.24365 -0.761421
6.09137 -0.913706
6.09137 -1.06599
6.09137 -1.21827
5.93909 -1.52284
5.7868 -1.67513
5.7868 -1.82741
5.63452 -1.9797
5.63452 -2.13198
5.48223 -2.28426
5.32995 -2.43655
5.32995 -2.58883
5.17766 -2.74112
5.02538 -2.8934
4.8731 -3.04569
4.8731 -3.19797
4.72081 -3.19797
4.56853 -3.35025
4.41624 -3.50254
4.26396 -3.65482
4.26396 -3.80711
4.11168 -3.95939
3.95939 -3.95939
3.80711 -4.11168
3.65482 -4.26396
3.50254 -4.41624
3.35025 -4.41624
3.19797 -4.56853
3.04569 -4.72081
2.8934 -4.8731
2.74112 -4.8731
2.58883 -5.02538
2.43655 -5.17766
2.28426 -5.17766
2.13198 -5.32995
1.9797 -5.32995
1.82741 -5.48223
1.67513 -5.63452
1.52284 -5.63452
1.37056 -5.7868
1.21827 -5.7868
1.06599 -5.7868
0.913706 -5.93909
0.761421 -5.93909
0.609137 -6.09137
0.456853 -6.09137
0.304569 -6.09137
0.152284 -6.24365
-0.152284 -6.24365
-0.304569 -6.24365
-0.456853 -6.24365
-0.609137 -6.39594
-0.761421 -6.39594
-0.913706 -6.39594
-1.06599 -6.39594
-1.37056 -6.39594
-1.52284 -6.39594
-1.67513 -6.39594
-1.82741 -6.39594
-1.9797 -6.39594
-2.13198 -6.39594
-2.28426 -6.39594
-2.58883 -6.24365
-2.74112 -6.24365
-2.8934 -6.24365
-3.04569 -6.24365
-3.19797 -6.24365
-3.35025 -6.09137
-3.50254 -6.09137
-3.65482 -6.09137
-3.80711 -5.93909
-3.95939 -5.93909
-4.11168 -5.93909
-4.26396 -5.7868
-4.41624 -5.7868
-4.56853 -5.7868
-4.72081 -5.63452
-4.8731 -5.63452
-5.02538 -5.48223
-5.17766 -5.48223
-5.32995 -5.32995
-5.48223 -5.32995
-5.63452 -5.32995
-5.7868 -5.17766
-5.93909 -5.17766
-6.09137 -5.02538
-6.09137 -5.02538
-6.24365 -4.8731
-6.39594 -4.8731
-6.54822 -4.72081
-6.70051 -4.72081
-6.85279 -4.56853
-7.00508 -4.56853
-7.00508 -4.56853
-7.15736 -4.41624
-7.30964 -4.41624
-7.46193 -4.26396
-7.61421 -4.26396
-7.7665 -4.11168
-7.91878 -4.11168
-8.07107 -4.11168
-8.07107 -3.95939
-8.22335 -3.95939
-8.37563 -3.80711
-8.52792 -3.80711
-8.6802 -3.80711
-8.83249 -3.65482
-8.98477 -3.65482
-9.13706 -3.50254
-9.28934 -3.50254
-9.44162 -3.35025
-9.59391 -3.35025
-9.74619 -3.19797
-9.89848 -3.19797
-10.0508 -3.19797
-10.203 -3.04569
-10.3553 -3.04569
-10.5076 -2.8934
-10.6599 -2.74112
-10.8122 -2.74112
-10.9645 -2.58883
-11.1168 -2.58883
-11.269 -2.43655
-11.4213 -2.28426
-11.5736 -2.28426
-11.5736 -2.13198
-11.7259 -1.9797
-11.8782 -1.9797
-12.0305 -1.82741
-12.1827 -1.67513
-12.335 -1.52284
-12.4873 -1.37056
-12.6396 -1.21827
-12.7919 -1.21827
-12.7919 -1.06599
-12.9442 -0.913706
-13.0964 -0.761421
-13.2487 -0.609137
-13.2487 -0.456853
-13.401 -0.304569
-13.5533 -0.152284
-13.5533 0
-13.7056 0.304569
-13.7056 0.456853
-13.8579 0.609137
-13.8579 0.761421
-13.8579 0.913706
-14.0102 1.06599
-14.0102 1.37056
-14.0102 1.52284
-14.0102 1.67513
-14.0102 1.82741
-14.1624 1.9797
-14.1624 2.28426
-14.1624 2.43655
-14.1624 2.58883
-14.1624 2.74112
-14.0102 2.8934
-14.0102 3.19797
-14.0102 3.35025
-14.0102 3.50254
-14.0102 3.65482
-13.8579 3.80711
-13.8579 4.11168
-13.8579 4.26396
-13.8579 4.41624
-13.7056 4.56853
-13.7056 4.72081
-13.5533 4.8731
-13.5533 5.17766
-13.5533 5.32995
-13.401 5.48223
-13.401 5.63452
-13.2487 5.7868
-13.2487 5.93909
-13.2487 6.09137
-13.0964 6.24365
-13.0964 6.39594
-12.9442 6.54822
-12.9442 6.70051
-12.7919 6.85279
-12.7919 7.00508
-12.6396 7.15736
-12.6396 7.30964
-12.4873 7.46193
-12.335 7.61421
-12.335 7.7665
-12.1827 7.91878
-12.1827 8.07107
-12.0305 8.22335
-11.8782 8.37563
-11.7259 8.52792
-11.7259 8.6802
-11.5736 8.83249
-11.4213 8.98477
-11.269 8.98477
-11.269 9.13706
-11.1168 9.28934
-10.9645 9.44162
-10.8122 9.44162
-10.6599 9.59391
-10.5076 9.74619
-10.3553 9.74619
-10.203 9.89848
-10.0508 10.0508
-10.0508 10.0508
-9.89848 10.203
-9.74619 10.203
-9.59391 10.3553
-9.44162 10.5076
-9.28934 10.5076
-9.13706 10.6599
-8.98477 10.6599
-8.83249 10.8122
-8.6802 10.9645
-8.6802 10.9645
-8.52792 11.1168
-8.37563 11.269
-8.22335 11.269
-8.07107 11.4213
-7.91878 11.5736
-7.7665 11.5736
-7.7665 11.7259
-7.61421 11.8782
-7.46193 12.0305
-7.30964 12.0305
-7.15736 12.1827
-7.00508 12.335
-6.85279 12.4873
-6.70051 12.4873
-6.54822 12.6396
-6.39594 12.7919
-6.24365 12.9442
-6.09137 12.9442
-5.93909 13.0964
-5.7868 13.2487
-5.63452 13.2487
-5.48223 13.401
-5.32995 13.401
-5.17766 13.5533
-5.02538 13.5533
-4.8731 13.7056
-4.56853 13.7056
-4.41624 13.7056
-4.26396 13.8579
-4.11168 13.8579
-3.80711 13.8579
-3.65482 13.8579
-3.50254 13.8579
-3.35025 13.8579
-3.19797 13.8579
-2.8934 13.8579
-2.74112 13.8579
-2.58883 13.8579
-2.43655 13.8579
-2.13198 13.7056
-1.9797 13.7056
-1.82741 13.7056
-1.67513 13.5533
-1.52284 13.5533
-1.37056 13.401
-1.21827 13.401
-0.913706 13.2487
-0.761421 13.2487
-0.609137 13.0964
-0.456853 13.0964
-0.304569 12.9442
-0.152284 12.7919
0 12.7919
0.152284 12.6396
0.304569 12.4873
0.456853 12.4873
0.609137 12.335
0.761421 12.1827
0.913706 12.0305
0.913706 12.0305
1.06599 11.8782
1.21827 11.7259
1.37056 11.5736
1.52284 11.4213
1.67513 11.269
1.67513 11.269
1.82741 11.1168
1.9797 10.9645
2.13198 10.8122
2.13198 10.6599
2.28426 10.5076
2.43655 10.5076
2.43655 10.3553
2.58883 10.203
2.74112 10.0508
2.74112 9.89848
2.8934 9.74619
3.04569 9.74619
3.04569 9.59391
3.19797 9.44162
3.35025 9.28934
3.35025 9.13706
3.50254 8.98477
3.65482 8.98477
3.65482 8.83249
3.80711 8.6802
3.95939 8.52792
3.95939 8.37563
4.11168 8.37563
4.26396 8.22335
4.26396 8.07107
4.41624 7.91878
4.56853 7.7665
4.72081 7.61421
4.72081 7.61421
4.8731 7.46193
5.02538 7.30964
5.02538 7.15736
5.17766 7.00508
5.32995 6.85279
5.32995 6.70051
5.48223 6.54822
5.63452 6.39594
5.7868 6.39594
5.7868 6.24365
5.93909 6.09137
5.93909 5.93909
6.09137 5.7868
6.24365 5.63452
6.24365 5.32995
6.24365 5.17766
6.39594 5.02538
6.39594 4.8731
6.39594 4.72081
6.54822 4.56853
6.54822 4.41624
6.54822 4.26396
6.54822 3.95939
6.39594 3.80711
6.39594 3.65482
6.39594 3.50254
6.24365 3.35025
