6.39594 3.19797
6.39594 3.04569
6.54822 2.8934
6.54822 2.74112
6.70051 2.58883
6.70051 2.43655
6.70051 2.28426
6.70051 1.9797
6.70051 1.82741
6.70051 1.67513
6.70051 1.52284
6.85279 1.37056
6.70051 1.06599
6.70051 0.913706
6.70051 0.761421
6.70051 0.609137
6.70051 0.456853
6.70051 0.304569
6.70051 0
6.54822 -0.152284
6.54822 -0.304569
6.54822 -0.456853
6.39594 -0.609137
6.39594 -0.761421
6.24365 -0.913706
6.24365 -1.21827
6.09137 -1.37056
6.09137 -1.52284
5.93909 -1.67513
5.7868 -1.82741
5.7868 -1.9797
5.63452 -2.13198
5.48223 -2.28426
5.48223 -2.43655
5.32995 -2.58883
5.17766 -2.74112
5.17766 -2.8934
5.02538 -2.8934
4.8731 -3.04569
4.72081 -3.19797
4.56853 -3.35025
4.41624 -3.50254
4.41624 -3.65482
4.26396 -3.80711
4.11168 -3.80711
3.95939 -3.95939
3.80711 -4.11168
3.65482 -4.26396
3.50254 -4.26396
3.35025 -4.41624
3.19797 -4.56853
3.19797 -4.56853
3.04569 -4.72081
2.8934 -4.8731
2.74112 -5.02538
2.58883 -5.02538
2.43655 -5.17766
2.28426 -5.17766
2.13198 -5.32995
1.9797 -5.48223
1.82741 -5.48223
1.67513 -5.63452
1.52284 -5.63452
1.37056 -5.7868
1.21827 -5.7868
0.913706 -5.93909
0.761421 -5.93909
0.609137 -5.93909
0.456853 -6.09137
0.304569 -6.09137
0.152284 -6.09137
0 -6.24365
-0.152284 -6.24365
-0.304569 -6.24365
-0.609137 -6.24365
-0.761421 -6.24365
-0.913706 -6.24365
-1.06599 -6.24365
-1.21827 -6.24365
-1.37056 -6.24365
-1.52284 -6.24365
-1.82741 -6.24365
-1.9797 -6.24365
-2.13198 -6.24365
-2.28426 -6.24365
-2.43655 -6.24365
-2.58883 -6.24365
-2.74112 -6.09137
-2.8934 -6.09137
-3.04569 -6.09137
-3.35025 -6.09137
-3.50254 -5.93909
-3.65482 -5.93909
-3.80711 -5.93909
-3.95939 -5.7868
-4.11168 -5.7868
-4.26396 -5.7868
-4.41624 -5.63452
-4.56853 -5.63452
-4.72081 -5.48223
-4.8731 -5.48223
-5.02538 -5.48223
-5.17766 -5.32995
-5.32995 -5.32995
-5.32995 -5.17766
-5.48223 -5.17766
-5.63452 -5.02538
-5.7868 -5.02538
-5.93909 -5.02538
-6.09137 -4.8731
-6.24365 -4.8731
-6.39594 -4.72081
-6.54822 -4.72081
-6.70051 -4.56853
-6.70051 -4.56853
-6.85279 -4.41624
-7.00508 -4.41624
-7.15736 -4.41624
-7.30964 -4.26396
-7.46193 -4.26396
-7.61421 -4.11168
-7.7665 -4.11168
-7.91878 -3.95939
-7.91878 -3.95939
-8.07107 -3.95939
-8.22335 -3.80711
-8.37563 -3.80711
-8.52792 -3.65482
-8.6802 -3.65482
-8.83249 -3.65482
-8.98477 -3.50254
-9.13706 -3.50254
-9.28934 -3.35025
-9.44162 -3.35025
-9.59391 -3.19797
-9.74619 -3.19797
-9.89848 -3.04569
-10.0508 -3.04569
-10.203 -2.8934
-10.3553 -2.8934
-10.5076 -2.74112
-10.6599 -2.74112
-10.8122 -2.58883
-10.9645 -2.43655
-11.1168 -2.43655
-11.269 -2.28426
-11.4213 -2.13198
-11.5736 -2.13198
-11.7259 -1.9797
-11.8782 -1.82741
-11.8782 -1.67513
-12.0305 -1.67513
-12.1827 -1.52284
-12.335 -1.37056
-12.4873 -1.21827
-12.6396 -1.06599
-12.7919 -0.913706
-12.9442 -0.761421
-12.9442 -0.609137
-13.0964 -0.456853
-13.2487 -0.304569
-13.2487 -0.152284
-13.401 0
-13.5533 0.152284
-13.5533 0.304569
-13.7056 0.456853
-13.7056 0.609137
-13.8579 0.913706
-13.8579 1.06599
-13.8579 1.21827
-14.0102 1.37056
-14.0102 1.52284
-14.0102 1.82741
-14.0102 1.9797
-14.0102 2.13198
-14.0102 2.28426
-14.0102 2.58883
-14.0102 2.74112
-14.0102 2.8934
-14.0102 3.04569
-13.8579 3.19797
-13.8579 3.50254
-13.8579 3.65482
-13.8579 3.80711
-13.7056 3.95939
-13.7056 4.11168
-13.7056 4.41624
-13.5533 4.56853
-13.5533 4.72081
-13.5533 4.8731
-13.401 5.02538
-13.401 5.17766
-13.401 5.48223
-13.2487 5.63452
-13.2487 5.7868
-13.2487 5.93909
-13.0964 6.09137
-13.0964 6.24365
-12.9442 6.39594
-12.9442 6.54822
-12.7919 6.70051
-12.7919 6.85279
-12.7919 7.15736
-12.6396 7.30964
-12.6396 7.46193
-12.4873 7.61421
-12.335 7.7665
-12.335 7.91878
-12.1827 8.07107
-12.1827 8.22335
-12.0305 8.37563
-11.8782 8.52792
-11.8782 8.6802
-11.7259 8.6802
-11.5736 8.83249
-11.4213 8.98477
-11.4213 9.13706
-11.269 9.28934
-11.1168 9.44162
-10.9645 9.44162
-10.8122 9.59391
-10.6599 9.74619
-10.5076 9.89848
-10.3553 9.89848
-10.3553 10.0508
-10.203 10.0508
-10.0508 10.203
-9.89848 10.3553
-9.74619 10.3553
-9.59391 10.5076
-9.44162 10.5076
-9.28934 10.6599
-9.13706 10.6599
-8.98477 10.8122
-8.83249 10.9645
-8.6802 10.9645
-8.52792 11.1168
-8.37563 11.1168
-8.22335 11.269
-8.07107 11.4213
-8.07107 11.4213
-7.91878 11.5736
-7.7665 11.7259
-7.61421 11.7259
-7.46193 11.8782
-7.30964 12.0305
-7.15736 12.1827
-7.15736 12.335
-7.00508 12.335
-6.85279 12.4873
-6.70051 12.6396
-6.54822 12.7919
-6.39594 12.7919
-6.24365 12.9442
-6.09137 13.0964
-5.93909 13.2487
-5.7868 13.2487
-5.63452 13.401
-5.48223 13.5533
-5.32995 13.5533
-5.17766 13.7056
-5.02538 13.8579
-4.72081 13.8579
-4.56853 13.8579
-4.41624 14.0102
-4.26396 14.0102
-4.11168 14.0102
-3.80711 14.0102
-3.65482 14.1624
-3.50254 14.1624
-3.35025 14.1624
-3.04569 14.1624
-2.8934 14.0102
-2.74112 14.0102
-2.58883 14.0102
-2.28426 14.0102
-2.13198 13.8579
-1.9797 13.8579
-1.82741 13.8579
-1.67513 13.7056
-1.52284 13.7056
-1.21827 13.5533
-1.06599 13.5533
-0.913706 13.401
-0.761421 13.401
-0.609137 13.2487
-0.456853 13.2487
-0.304569 13.0964
-0.152284 12.9442
0 12.9442
0.152284 12.7919
0.304569 12.6396
0.456853 12.4873
0.609137 12.4873
0.761421 12.335
0.913706 12.1827
1.06599 12.1827
1.21827 12.0305
1.21827 11.8782
1.37056 11.7259
1.52284 11.5736
1.67513 11.5736
1.82741 11.4213
1.9797 11.269
1.9797 11.1168
2.13198 10.9645
2.28426 10.9645
2.43655 10.8122
2.43655 10.6599
2.58883 10.5076
2.74112 10.3553
2.8934 10.3553
2.8934 10.203
3.04569 10.0508
3.19797 9.89848
3.19797 9.74619
3.35025 9.74619
3.50254 9.59391
3.50254 9.44162
3.65482 9.28934
3.80711 9.13706
3.80711 8.98477
3.95939 8.98477
4.11168 8.83249
4.11168 8.6802
4.26396 8.52792
4.26396 8.37563
4.41624 8.22335
4.56853 8.22335
4.56853 8.07107
4.72081 7.91878
4.8731 7.7665
4.8731 7.61421
5.02538 7.46193
5.17766 7.30964
5.17766 7.15736
5.32995 7.15736
5.32995 7.00508
5.48223 6.85279
5.63452 6.70051
5.63452 6.54822
5.7868 6.39594
5.93909 6.24365
5.93909 6.09137
6.09137 5.93909
6.09137 5.7868
6.24365 5.63452
6.24365 5.48223
6.39594 5.32995
6.39594 5.17766
6.39594 5.02538
6.54822 4.8731
6.54822 4.72081
6.54822 4.41624
6.54822 4.26396
6.54822 4.11168
6.54822 3.95939
6.54822 3.80711
6.54822 3.65482
6.39594 3.50254
