6.54822 3.65482
6.54822 3.50254
6.54822 3.35025
6.54822 3.19797
6.70051 3.04569
6.70051 2.8934
6.70051 2.58883
6.70051 2.43655
6.70051 2.28426
6.70051 2.13198
6.70051 1.9797
6.70051 1.82741
6.70051 1.52284
6.70051 1.37056
6.70051 1.21827
6.70051 1.06599
6.70051 0.761421
6.70051 0.609137
6.70051 0.456853
6.70051 0.304569
6.70051 0.152284
6.54822 -0.152284
6.54822 -0.304569
6.54822 -0.456853
6.39594 -0.609137
6.39594 -0.761421
6.39594 -0.913706
6.24365 -1.06599
6.09137 -1.37056
6.09137 -1.52284
5.93909 -1.67513
5.93909 -1.82741
5.7868 -1.9797
5.63452 -2.13198
5.48223 -2.28426
5.48223 -2.43655
5.32995 -2.58883
5.17766 -2.58883
5.02538 -2.74112
4.8731 -2.8934
4.8731 -3.04569
4.72081 -3.19797
4.56853 -3.35025
4.41624 -3.35025
4.26396 -3.50254
4.11168 -3.65482
3.95939 -3.80711
3.80711 -3.95939
3.65482 -3.95939
3.50254 -4.11168
3.35025 -4.26396
3.19797 -4.26396
3.04569 -4.41624
2.8934 -4.56853
2.74112 -4.56853
2.58883 -4.72081
2.43655 -4.8731
2.28426 -4.8731
2.13198 -5.02538
1.9797 -5.17766
1.82741 -5.17766
1.67513 -5.32995
1.52284 -5.32995
1.37056 -5.48223
1.21827 -5.48223
1.06599 -5.63452
0.913706 -5.63452
0.761421 -5.7868
0.609137 -5.7868
0.456853 -5.7868
0.304569 -5.93909
0 -5.93909
-0.152284 -5.93909
-0.304569 -5.93909
-0.456853 -5.93909
-0.609137 -6.09137
-0.761421 -6.09137
-1.06599 -6.09137
-1.21827 -6.09137
-1.37056 -6.09137
-1.52284 -6.09137
-1.67513 -6.09137
-1.82741 -5.93909
-2.13198 -5.93909
-2.28426 -5.93909
-2.43655 -5.93909
-2.58883 -5.93909
-2.74112 -5.93909
-2.8934 -5.7868
-3.04569 -5.7868
-3.19797 -5.7868
-3.35025 -5.63452
-3.50254 -5.63452
-3.80711 -5.63452
-3.95939 -5.48223
-4.11168 -5.48223
-4.26396 -5.48223
-4.41624 -5.32995
-4.56853 -5.32995
-4.72081 -5.17766
-4.8731 -5.17766
-5.02538 -5.17766
-5.17766 -5.02538
-5.32995 -5.02538
-5.32995 -4.8731
-5.48223 -4.8731
-5.63452 -4.72081
-5.7868 -4.72081
-5.93909 -4.72081
-6.09137 -4.56853
-6.24365 -4.56853
-6.39594 -4.41624
-6.54822 -4.41624
-6.70051 -4.26396
-6.85279 -4.26396
-6.85279 -4.11168
-7.00508 -4.11168
-7.15736 -4.11168
-7.30964 -3.95939
-7.46193 -3.95939
-7.61421 -3.80711
-7.7665 -3.80711
-7.91878 -3.65482
-8.07107 -3.65482
-8.22335 -3.65482
-8.37563 -3.50254
-8.37563 -3.50254
-8.52792 -3.35025
-8.6802 -3.35025
-8.83249 -3.19797
-8.98477 -3.19797
-9.13706 -3.04569
-9.28934 -3.04569
-9.44162 -2.8934
-9.59391 -2.8934
-9.74619 -2.74112
-9.89848 -2.74112
-10.0508 -2.58883
-10.203 -2.58883
-10.3553 -2.43655
-10.5076 -2.43655
-10.6599 -2.28426
-10.8122 -2.13198
-10.9645 -2.13198
-11.1168 -1.9797
-11.269 -1.82741
-11.4213 -1.82741
-11.5736 -1.67513
-11.7259 -1.52284
-11.8782 -1.37056
-11.8782 -1.37056
-12.0305 -1.21827
-12.1827 -1.06599
-12.335 -0.913706
-12.4873 -0.761421
-12.6396 -0.609137
-12.6396 -0.456853
-12.7919 -0.304569
-12.9442 -0.152284
-13.0964 0
-13.0964 0.152284
-13.2487 0.304569
-13.401 0.456853
-13.401 0.609137
-13.5533 0.761421
-13.5533 0.913706
-13.7056 1.06599
-13.7056 1.21827
-13.7056 1.52284
-13.7056 1.67513
-13.8579 1.82741
-13.8579 1.9797
-13.8579 2.28426
-13.8579 2.43655
-13.8579 2.58883
-13.8579 2.74112
-13.8579 2.8934
-13.8579 3.19797
-13.8579 3.35025
-13.8579 3.50254
-13.8579 3.65482
-13.7056 3.80711
-13.7056 4.11168
-13.7056 4.26396
-13.7056 4.41624
-13.5533 4.56853
-13.5533 4.72081
-13.5533 5.02538
-13.401 5.17766
-13.401 5.32995
-13.401 5.48223
-13.2487 5.63452
-13.2487 5.7868
-13.0964 5.93909
-13.0964 6.09137
-13.0964 6.39594
-12.9442 6.54822
-12.9442 6.70051
-12.7919 6.85279
-12.7919 7.00508
-12.6396 7.15736
-12.6396 7.30964
-12.6396 7.46193
-12.4873 7.61421
-12.4873 7.7665
-12.335 7.91878
-12.1827 8.07107
-12.1827 8.22335
-12.0305 8.37563
-12.0305 8.52792
-11.8782 8.6802
-11.7259 8.83249
-11.7259 8.98477
-11.5736 9.13706
-11.4213 9.28934
-11.4213 9.44162
-11.269 9.44162
-11.1168 9.59391
-10.9645 9.74619
-10.8122 9.89848
-10.6599 9.89848
-10.5076 10.0508
-10.5076 10.203
-10.3553 10.203
-10.203 10.3553
-10.0508 10.5076
-9.89848 10.5076
-9.74619 10.6599
-9.59391 10.6599
-9.44162 10.8122
-9.28934 10.9645
-9.13706 10.9645
-8.98477 11.1168
-8.83249 11.1168
-8.6802 11.269
-8.52792 11.269
-8.37563 11.4213
-8.37563 11.4213
-8.22335 11.5736
-8.07107 11.7259
-7.91878 11.7259
-7.7665 11.8782
-7.61421 12.0305
-7.46193 12.0305
-7.46193 12.1827
-7.30964 12.335
-7.15736 12.335
-7.00508 12.4873
-6.85279 12.6396
-6.70051 12.7919
-6.54822 12.7919
-6.39594 12.9442
-6.24365 13.0964
-6.09137 13.2487
-5.93909 13.2487
-5.7868 13.401
-5.63452 13.5533
-5.48223 13.5533
-5.32995 13.7056
-5.17766 13.8579
-5.02538 13.8579
-4.8731 14.0102
-4.72081 14.0102
-4.56853 14.0102
-4.41624 14.1624
-4.11168 14.1624
-3.95939 14.1624
-3.80711 14.3147
-3.65482 14.3147
-3.50254 14.3147
-3.19797 14.3147
-3.04569 14.3147
-2.8934 14.3147
-2.74112 14.3147
-2.43655 14.3147
-2.28426 14.3147
-2.13198 14.1624
-1.9797 14.1624
-1.82741 14.1624
-1.67513 14.1624
-1.37056 14.0102
-1.21827 14.0102
-1.06599 13.8579
-0.913706 13.8579
-0.761421 13.7056
-0.609137 13.7056
-0.456853 13.5533
-0.304569 13.5533
-0.152284 13.401
0 13.401
0.152284 13.2487
0.304569 13.0964
0.456853 13.0964
0.609137 12.9442
0.761421 12.7919
0.913706 12.6396
1.06599 12.6396
1.21827 12.4873
1.37056 12.335
1.52284 12.1827
1.67513 12.1827
1.67513 12.0305
1.82741 11.8782
1.9797 11.7259
2.13198 11.5736
2.28426 11.5736
2.28426 11.4213
2.43655 11.269
2.58883 11.1168
2.74112 10.9645
2.74112 10.8122
2.8934 10.8122
3.04569 10.6599
3.04569 10.5076
3.19797 10.3553
3.35025 10.203
3.35025 10.0508
3.50254 10.0508
3.65482 9.89848
3.65482 9.74619
3.80711 9.59391
3.80711 9.44162
3.95939 9.28934
4.11168 9.13706
4.11168 9.13706
4.26396 8.98477
4.26396 8.83249
4.41624 8.6802
4.56853 8.52792
4.56853 8.37563
4.72081 8.22335
4.8731 8.22335
4.8731 8.07107
5.02538 7.91878
5.02538 7.7665
5.17766 7.61421
5.32995 7.46193
5.32995 7.30964
5.48223 7.15736
5.48223 7.00508
5.63452 7.00508
5.7868 6.85279
5.7868 6.70051
5.93909 6.54822
5.93909 6.39594
6.09137 6.24365
6.09137 6.09137
6.24365 5.93909
6.24365 5.7868
6.39594 5.63452
6.39594 5.32995
6.39594 5.17766
6.54822 5.02538
6.54822 4.8731
6.54822 4.72081
6.54822 4.56853
6.54822 4.41624
6.54822 4.26396
6.54822 4.11168
6.54822 3.80711
