6.54822 3.50254
6.54822 3.35025
6.54822 3.19797
6.70051 3.04569
6.70051 2.74112
6.70051 2.58883
6.70051 2.43655
6.70051 2.28426
6.70051 2.13198
6.70051 1.9797
6.70051 1.67513
6.70051 1.52284
6.70051 1.37056
6.70051 1.21827
6.70051 0.913706
6.70051 0.761421
6.70051 0.609137
6.70051 0.456853
6.70051 0.304569
6.54822 0.152284
6.54822 -0.152284
6.54822 -0.304569
6.39594 -0.456853
6.39594 -0.609137
6.39594 -0.761421
6.24365 -0.913706
6.09137 -1.06599
6.09137 -1.37056
5.93909 -1.52284
5.93909 -1.67513
5.7868 -1.82741
5.63452 -1.9797
5.63452 -2.13198
5.48223 -2.28426
5.32995 -2.28426
5.17766 -2.43655
5.02538 -2.58883
5.02538 -2.74112
4.8731 -2.8934
4.72081 -3.04569
4.56853 -3.19797
4.41624 -3.19797
4.26396 -3.35025
4.11168 -3.50254
3.95939 -3.65482
3.80711 -3.65482
3.65482 -3.80711
3.50254 -3.95939
3.50254 -4.11168
3.35025 -4.11168
3.19797 -4.26396
3.04569 -4.41624
2.8934 -4.41624
2.74112 -4.56853
2.58883 -4.72081
2.43655 -4.72081
2.28426 -4.8731
2.13198 -4.8731
1.9797 -5.02538
1.82741 -5.02538
1.67513 -5.17766
1.52284 -5.32995
1.37056 -5.32995
1.21827 -5.48223
1.06599 -5.48223
0.913706 -5.48223
0.761421 -5.63452
0.456853 -5.63452
0.304569 -5.7868
0.152284 -5.7868
0 -5.7868
-0.152284 -5.7868
-0.304569 -5.93909
-0.456853 -5.93909
-0.609137 -5.93909
-0.761421 -5.93909
-1.06599 -5.93909
-1.21827 -5.93909
-1.37056 -5.93909
-1.52284 -5.93909
-1.67513 -5.93909
-1.82741 -5.93909
-1.9797 -5.93909
-2.28426 -5.93909
-2.43655 -5.7868
-2.58883 -5.7868
-2.74112 -5.7868
-2.8934 -5.7868
-3.04569 -5.63452
-3.19797 -5.63452
-3.35025 -5.63452
-3.50254 -5.48223
-3.65482 -5.48223
-3.80711 -5.48223
-3.95939 -5.32995
-4.11168 -5.32995
-4.26396 -5.32995
-4.41624 -5.17766
-4.56853 -5.17766
-4.72081 -5.02538
-4.8731 -5.02538
-5.02538 -5.02538
-5.17766 -4.8731
-5.32995 -4.8731
-5.48223 -4.72081
-5.63452 -4.72081
-5.63452 -4.56853
-5.7868 -4.56853
-5.93909 -4.56853
-6.09137 -4.41624
-6.24365 -4.41624
-6.39594 -4.26396
-6.54822 -4.26396
-6.70051 -4.11168
-6.70051 -4.11168
-6.85279 -4.11168
-7.00508 -3.95939
-7.15736 -3.95939
-7.30964 -3.80711
-7.46193 -3.80711
-7.61421 -3.80711
-7.61421 -3.65482
-7.7665 -3.65482
-7.91878 -3.50254
-8.07107 -3.50254
-8.22335 -3.50254
-8.37563 -3.35025
-8.52792 -3.35025
-8.6802 -3.19797
-8.83249 -3.19797
-8.98477 -3.04569
-9.13706 -3.04569
-9.13706 -3.04569
-9.28934 -2.8934
-9.44162 -2.8934
-9.59391 -2.74112
-9.74619 -2.74112
-9.89848 -2.58883
-10.0508 -2.58883
-10.203 -2.43655
-10.3553 -2.43655
-10.5076 -2.28426
-10.6599 -2.13198
-10.8122 -2.13198
-10.9645 -1.9797
-11.1168 -1.82741
-11.269 -1.82741
-11.4213 -1.67513
-11.5736 -1.52284
-11.7259 -1.52284
-11.7259 -1.37056
-11.8782 -1.21827
-12.0305 -1.06599
-12.1827 -0.913706
-12.335 -0.913706
-12.4873 -0.761421
-12.6396 -0.609137
-12.6396 -0.456853
-12.7919 -0.304569
-12.9442 -0.152284
-12.9442 0
-13.0964 0.152284
-13.2487 0.304569
-13.2487 0.456853
-13.401 0.609137
-13.401 0.761421
-13.5533 0.913706
-13.5533 1.21827
-13.5533 1.37056
-13.7056 1.52284
-13.7056 1.67513
-13.7056 1.82741
-13.7056 1.9797
-13.7056 2.28426
-13.8579 2.43655
-13.8579 2.58883
-13.8579 2.74112
-13.8579 2.8934
-13.8579 3.19797
-13.7056 3.35025
-13.7056 3.50254
-13.7056 3.65482
-13.7056 3.80711
-13.7056 4.11168
-13.7056 4.26396
-13.5533 4.41624
-13.5533 4.56853
-13.5533 4.72081
-13.401 4.8731
-13.401 5.17766
-13.401 5.32995
-13.401 5.48223
-13.2487 5.63452
-13.2487 5.7868
-13.2487 5.93909
-13.0964 6.09137
-13.0964 6.24365
-12.9442 6.39594
-12.9442 6.70051
-12.9442 6.85279
-12.7919 7.00508
-12.7919 7.15736
-12.6396 7.30964
-12.6396 7.46193
-12.4873 7.61421
-12.4873 7.7665
-12.335 7.91878
-12.335 8.07107
-12.1827 8.22335
-12.1827 8.37563
-12.0305 8.52792
-12.0305 8.6802
-11.8782 8.83249
-11.7259 8.98477
-11.7259 9.13706
-11.5736 9.28934
-11.4213 9.44162
-11.269 9.44162
-11.1168 9.59391
-11.1168 9.74619
-10.9645 9.89848
-10.8122 9.89848
-10.6599 10.0508
-10.5076 10.203
-10.3553 10.3553
-10.203 10.3553
-10.0508 10.5076
-9.89848 10.5076
-9.74619 10.6599
-9.74619 10.8122
-9.59391 10.8122
-9.44162 10.9645
-9.28934 10.9645
-9.13706 11.1168
-8.98477 11.269
-8.83249 11.269
-8.6802 11.4213
-8.52792 11.4213
-8.37563 11.5736
-8.22335 11.7259
-8.07107 11.7259
-8.07107 11.8782
-7.91878 12.0305
-7.7665 12.0305
-7.61421 12.1827
-7.46193 12.335
-7.30964 12.4873
-7.15736 12.4873
-7.00508 12.6396
-6.85279 12.7919
-6.70051 12.7919
-6.70051 12.9442
-6.54822 13.0964
-6.39594 13.2487
-6.24365 13.2487
-6.09137 13.401
-5.7868 13.5533
-5.63452 13.5533
-5.48223 13.7056
-5.32995 13.8579
-5.17766 13.8579
-5.02538 14.0102
-4.8731 14.0102
-4.72081 14.0102
-4.41624 14.1624
-4.26396 14.1624
-4.11168 14.3147
-3.95939 14.3147
-3.80711 14.3147
-3.50254 14.3147
-3.35025 14.3147
-3.19797 14.3147
-3.04569 14.3147
-2.74112 14.3147
-2.58883 14.3147
-2.43655 14.3147
-2.28426 14.3147
-1.9797 14.3147
-1.82741 14.1624
-1.67513 14.1624
-1.52284 14.1624
-1.37056 14.1624
-1.06599 14.0102
-0.913706 14.0102
-0.761421 13.8579
-0.609137 13.8579
-0.456853 13.7056
-0.304569 13.7056
-0.152284 13.5533
0 13.401
0.152284 13.401
0.456853 13.2487
0.609137 13.0964
0.761421 13.0964
0.761421 12.9442
0.913706 12.7919
1.06599 12.7919
1.21827 12.6396
1.37056 12.4873
1.52284 12.335
1.67513 12.1827
1.82741 12.0305
1.9797 12.0305
1.9797 11.8782
2.13198 11.7259
2.28426 11.5736
2.43655 11.4213
2.43655 11.269
2.58883 11.1168
2.74112 11.1168
2.8934 10.9645
2.8934 10.8122
3.04569 10.6599
3.19797 10.5076
3.19797 10.3553
3.35025 10.203
3.50254 10.0508
3.50254 10.0508
3.65482 9.89848
3.80711 9.74619
3.80711 9.59391
3.95939 9.44162
4.11168 9.28934
4.11168 9.13706
4.26396 8.98477
4.41624 8.98477
4.41624 8.83249
4.56853 8.6802
4.72081 8.52792
4.72081 8.37563
4.8731 8.22335
4.8731 8.07107
5.02538 7.91878
5.17766 7.91878
5.17766 7.7665
5.32995 7.61421
5.48223 7.46193
5.48223 7.30964
5.63452 7.15736
5.7868 7.00508
5.7868 6.85279
5.93909 6.70051
5.93909 6.54822
6.09137 6.39594
6.09137 6.24365
6.24365 6.09137
6.24365 5.93909
6.39594 5.7868
6.39594 5.63452
6.54822 5.48223
6.54822 5.32995
6.54822 5.02538
6.54822 4.8731
6.70051 4.72081
6.70051 4.56853
6.70051 4.41624
6.70051 4.26396
6.54822 3.95939
6.54822 3.80711
6.54822 3.65482
