7.7665 6.24365
7.61421 5.93909
7.61421 5.7868
7.46193 5.63452
7.46193 5.48223
7.46193 5.32995
7.46193 5.17766
7.46193 5.02538
7.46193 4.8731
7.30964 4.72081
7.30964 4.56853
7.46193 4.26396
7.46193 4.11168
7.46193 3.95939
7.46193 3.80711
7.46193 3.65482
7.46193 3.50254
7.46193 3.19797
7.46193 3.04569
7.46193 2.8934
7.46193 2.74112
7.30964 2.58883
7.30964 2.28426
7.30964 2.13198
7.30964 1.9797
7.15736 1.82741
7.15736 1.67513
7.00508 1.52284
7.00508 1.37056
6.85279 1.21827
6.85279 1.06599
6.70051 0.913706
6.54822 0.761421
6.39594 0.609137
6.39594 0.456853
6.24365 0.304569
6.09137 0.152284
5.93909 0.152284
5.7868 0
5.63452 -0.152284
5.48223 -0.304569
5.32995 -0.304569
5.17766 -0.456853
5.17766 -0.609137
5.02538 -0.609137
4.8731 -0.761421
4.72081 -0.913706
4.56853 -1.06599
4.41624 -1.06599
4.26396 -1.21827
4.11168 -1.37056
3.95939 -1.37056
3.95939 -1.52284
3.80711 -1.67513
3.65482 -1.67513
3.50254 -1.82741
3.35025 -1.9797
3.19797 -2.13198
3.04569 -2.13198
2.8934 -2.28426
2.74112 -2.43655
2.58883 -2.43655
2.58883 -2.58883
2.43655 -2.74112
2.28426 -2.74112
2.13198 -2.8934
1.9797 -2.8934
1.82741 -3.04569
1.67513 -3.04569
1.37056 -3.19797
1.21827 -3.19797
1.06599 -3.19797
0.913706 -3.35025
0.761421 -3.35025
0.609137 -3.35025
0.456853 -3.35025
0.304569 -3.35025
0.152284 -3.35025
-0.152284 -3.35025
-0.304569 -3.35025
-0.456853 -3.35025
-0.609137 -3.35025
-0.761421 -3.35025
-0.913706 -3.35025
-1.06599 -3.35025
-1.37056 -3.19797
-1.52284 -3.19797
-1.67513 -3.19797
-1.82741 -3.19797
-1.9797 -3.04569
-2.13198 -3.04569
-2.28426 -3.04569
-2.43655 -2.8934
-2.58883 -2.8934
-2.74112 -2.8934
-2.8934 -2.74112
-3.04569 -2.74112
-3.19797 -2.58883
-3.35025 -2.58883
-3.50254 -2.58883
-3.65482 -2.43655
-3.80711 -2.43655
-3.95939 -2.43655
-4.11168 -2.28426
-4.26396 -2.28426
-4.41624 -2.13198
-4.56853 -2.13198
-4.72081 -2.13198
-4.8731 -1.9797
-4.8731 -1.9797
-5.02538 -1.9797
-5.17766 -1.82741
-5.32995 -1.82741
-5.48223 -1.67513
-5.63452 -1.67513
-5.7868 -1.67513
-5.93909 -1.52284
-6.09137 -1.52284
-6.24365 -1.37056
-6.24365 -1.37056
-6.39594 -1.21827
-6.54822 -1.21827
-6.70051 -1.21827
-6.85279 -1.06599
-7.00508 -1.06599
-7.15736 -0.913706
-7.30964 -0.913706
-7.30964 -0.761421
-7.46193 -0.761421
-7.61421 -0.609137
-7.7665 -0.609137
-7.91878 -0.456853
-8.07107 -0.304569
-8.22335 -0.304569
-8.37563 -0.152284
-8.37563 -0.152284
-8.52792 0
-8.6802 0
-8.83249 0.152284
-8.98477 0.304569
-9.13706 0.304569
-9.28934 0.456853
-9.28934 0.456853
-9.44162 0.609137
-9.59391 0.761421
-9.74619 0.761421
-9.89848 0.913706
-10.0508 1.06599
-10.203 1.21827
-10.3553 1.21827
-10.5076 1.37056
-10.5076 1.52284
-10.6599 1.67513
-10.8122 1.67513
-10.9645 1.82741
-11.1168 1.9797
-11.269 2.13198
-11.269 2.28426
-11.4213 2.43655
-11.5736 2.58883
-11.7259 2.74112
-11.7259 2.8934
-11.8782 3.04569
-11.8782 3.19797
-12.0305 3.35025
-12.0305 3.50254
-12.1827 3.65482
-12.1827 3.80711
-12.335 3.95939
-12.335 4.26396
-12.335 4.41624
-12.4873 4.56853
-12.4873 4.72081
-12.4873 4.8731
-12.4873 5.02538
-12.4873 5.32995
-12.4873 5.48223
-12.4873 5.63452
-12.4873 5.7868
-12.4873 5.93909
-12.4873 6.24365
-12.4873 6.39594
-12.4873 6.54822
-12.335 6.70051
-12.335 6.85279
-12.335 7.00508
-12.335 7.30964
-12.1827 7.46193
-12.1827 7.61421
-12.1827 7.7665
-12.0305 7.91878
-12.0305 8.07107
-12.0305 8.22335
-11.8782 8.37563
-11.8782 8.52792
-11.7259 8.83249
-11.7259 8.98477
-11.7259 9.13706
-11.5736 9.28934
-11.5736 9.44162
-11.4213 9.59391
-11.4213 9.74619
-11.269 9.89848
-11.269 10.0508
-11.1168 10.203
-11.1168 10.3553
-10.9645 10.5076
-10.8122 10.6599
-10.8122 10.8122
-10.6599 10.9645
-10.6599 11.1168
-10.5076 11.269
-10.3553 11.269
-10.203 11.4213
-10.203 11.5736
-10.0508 11.7259
-9.89848 11.8782
-9.89848 12.0305
-9.74619 12.0305
-9.59391 12.1827
-9.44162 12.335
-9.28934 12.4873
-9.13706 12.4873
-9.13706 12.6396
-8.98477 12.7919
-8.83249 12.7919
-8.6802 12.9442
-8.52792 13.0964
-8.37563 13.0964
-8.22335 13.2487
-8.07107 13.2487
-7.91878 13.401
-7.7665 13.401
-7.7665 13.5533
-7.61421 13.5533
-7.46193 13.7056
-7.30964 13.7056
-7.15736 13.8579
-7.00508 13.8579
-6.85279 14.0102
-6.70051 14.0102
-6.54822 14.1624
-6.39594 14.1624
-6.24365 14.3147
-6.09137 14.3147
-5.93909 14.3147
-5.7868 14.467
-5.63452 14.467
-5.48223 14.6193
-5.32995 14.6193
-5.17766 14.6193
-5.02538 14.7716
-4.8731 14.7716
-4.72081 14.7716
-4.56853 14.9239
-4.41624 14.9239
-4.26396 15.0761
-4.11168 15.0761
-4.11168 15.0761
-3.95939 15.2284
-3.80711 15.2284
-3.50254 15.2284
-3.35025 15.3807
-3.19797 15.3807
-3.04569 15.3807
-2.8934 15.533
-2.74112 15.533
-2.58883 15.6853
-2.43655 15.6853
-2.28426 15.6853
-2.13198 15.8376
-1.9797 15.8376
-1.82741 15.8376
-1.67513 15.9898
-1.52284 15.9898
-1.21827 15.9898
-1.06599 15.9898
-0.913706 16.1421
-0.761421 16.1421
-0.609137 16.1421
-0.456853 16.1421
-0.152284 16.1421
0 16.1421
0.152284 16.1421
0.304569 16.1421
0.456853 16.1421
0.761421 16.1421
0.913706 15.9898
1.06599 15.9898
1.21827 15.9898
1.37056 15.8376
1.52284 15.8376
1.67513 15.6853
1.82741 15.6853
1.9797 15.533
2.13198 15.3807
2.28426 15.3807
2.43655 15.2284
2.58883 15.0761
2.74112 15.0761
2.8934 14.9239
3.04569 14.7716
3.19797 14.6193
3.19797 14.467
3.35025 14.3147
3.50254 14.1624
3.65482 14.0102
3.65482 13.8579
3.80711 13.8579
3.95939 13.7056
3.95939 13.5533
4.11168 13.401
4.11168 13.2487
4.26396 13.0964
4.41624 12.9442
4.41624 12.7919
4.56853 12.6396
4.56853 12.4873
4.72081 12.335
4.72081 12.1827
4.8731 12.0305
4.8731 11.8782
4.8731 11.7259
5.02538 11.5736
5.02538 11.4213
5.17766 11.269
5.17766 11.1168
5.32995 10.9645
5.32995 10.8122
5.48223 10.6599
5.48223 10.6599
5.63452 10.5076
5.63452 10.3553
5.7868 10.203
5.7868 10.0508
5.93909 9.89848
5.93909 9.74619
6.09137 9.59391
6.24365 9.59391
6.24365 9.44162
6.39594 9.28934
6.39594 9.13706
6.54822 8.98477
6.70051 8.83249
6.85279 8.6802
6.85279 8.52792
7.00508 8.37563
7.00508 8.37563
7.15736 8.22335
7.30964 8.07107
7.30964 7.91878
7.46193 7.7665
7.46193 7.46193
7.61421 7.30964
7.61421 7.15736
7.61421 7.00508
7.7665 6.85279
7.7665 6.70051
7.7665 6.54822
7.7665 6.39594
