7.61421 6.54822
7.61421 6.39594
7.61421 6.09137
7.7665 5.93909
7.7665 5.7868
7.7665 5.63452
7.7665 5.48223
7.7665 5.32995
7.7665 5.17766
7.7665 5.02538
7.7665 4.72081
7.7665 4.56853
7.7665 4.41624
7.61421 4.26396
7.61421 4.11168
7.61421 3.95939
7.61421 3.80711
7.46193 3.50254
7.46193 3.35025
7.46193 3.19797
7.30964 3.04569
7.30964 2.8934
7.15736 2.74112
7.15736 2.58883
7.00508 2.43655
7.00508 2.28426
6.85279 2.13198
6.85279 1.9797
6.70051 1.82741
6.54822 1.67513
6.54822 1.52284
6.39594 1.52284
6.24365 1.37056
6.09137 1.21827
5.93909 1.06599
5.93909 0.913706
5.7868 0.913706
5.63452 0.761421
5.48223 0.609137
5.32995 0.456853
5.32995 0.456853
5.17766 0.304569
5.02538 0.152284
4.8731 0
4.72081 0
4.72081 -0.152284
4.56853 -0.304569
4.41624 -0.456853
4.26396 -0.456853
4.11168 -0.609137
4.11168 -0.761421
3.95939 -0.913706
3.80711 -0.913706
3.65482 -1.06599
3.65482 -1.21827
3.50254 -1.37056
3.35025 -1.52284
3.19797 -1.67513
3.19797 -1.67513
3.04569 -1.82741
2.8934 -1.9797
2.74112 -2.13198
2.58883 -2.28426
2.43655 -2.28426
2.28426 -2.43655
2.13198 -2.58883
2.13198 -2.58883
1.9797 -2.74112
1.82741 -2.8934
1.67513 -2.8934
1.52284 -3.04569
1.21827 -3.04569
1.06599 -3.19797
0.913706 -3.19797
0.761421 -3.35025
0.609137 -3.35025
0.456853 -3.35025
0.304569 -3.35025
0.152284 -3.35025
-0.152284 -3.50254
-0.304569 -3.50254
-0.456853 -3.50254
-0.609137 -3.50254
-0.761421 -3.50254
-0.913706 -3.50254
-1.06599 -3.50254
-1.37056 -3.50254
-1.52284 -3.50254
-1.67513 -3.35025
-1.82741 -3.35025
-1.9797 -3.35025
-2.13198 -3.35025
-2.28426 -3.35025
-2.58883 -3.19797
-2.74112 -3.19797
-2.8934 -3.19797
-3.04569 -3.19797
-3.19797 -3.19797
-3.35025 -3.04569
-3.50254 -3.04569
-3.65482 -3.04569
-3.80711 -3.04569
-3.95939 -2.8934
-4.11168 -2.8934
-4.41624 -2.8934
-4.56853 -2.8934
-4.72081 -2.74112
-4.8731 -2.74112
-5.02538 -2.74112
-5.17766 -2.58883
-5.32995 -2.58883
-5.48223 -2.58883
-5.63452 -2.43655
-5.7868 -2.43655
-5.93909 -2.28426
-6.09137 -2.28426
-6.24365 -2.13198
-6.39594 -2.13198
-6.54822 -1.9797
-6.70051 -1.9797
-6.85279 -1.82741
-7.00508 -1.67513
-7.15736 -1.67513
-7.15736 -1.52284
-7.30964 -1.37056
-7.46193 -1.37056
-7.61421 -1.21827
-7.7665 -1.06599
-7.7665 -0.913706
-7.91878 -0.761421
-8.07107 -0.761421
-8.22335 -0.609137
-8.22335 -0.456853
-8.37563 -0.304569
-8.52792 -0.152284
-8.52792 0
-8.6802 0
-8.83249 0.152284
-8.83249 0.304569
-8.98477 0.456853
-8.98477 0.609137
-9.13706 0.761421
-9.28934 0.913706
-9.28934 0.913706
-9.44162 1.06599
-9.59391 1.21827
-9.59391 1.37056
-9.74619 1.52284
-9.74619 1.67513
-9.89848 1.67513
-10.0508 1.82741
-10.0508 1.9797
-10.203 2.13198
-10.3553 2.28426
-10.3553 2.43655
-10.5076 2.58883
-10.5076 2.74112
-10.6599 2.8934
-10.8122 2.8934
-10.8122 3.04569
-10.9645 3.19797
-10.9645 3.35025
-11.1168 3.50254
-11.1168 3.65482
-11.269 3.80711
-11.269 3.95939
-11.4213 4.11168
-11.4213 4.26396
-11.5736 4.41624
-11.5736 4.56853
-11.5736 4.72081
-11.7259 5.02538
-11.7259 5.17766
-11.7259 5.32995
-11.8782 5.48223
-11.8782 5.63452
-11.8782 5.7868
-11.8782 5.93909
-12.0305 6.09137
-12.0305 6.24365
-12.0305 6.54822
-12.0305 6.70051
-12.0305 6.85279
-12.0305 7.00508
-12.0305 7.15736
-12.0305 7.30964
-12.0305 7.61421
-12.0305 7.7665
-12.0305 7.91878
-12.0305 8.07107
-11.8782 8.22335
-11.8782 8.37563
-11.8782 8.52792
-11.8782 8.83249
-11.7259 8.98477
-11.7259 9.13706
-11.7259 9.28934
-11.5736 9.44162
-11.5736 9.59391
-11.5736 9.74619
-11.4213 9.89848
-11.4213 10.0508
-11.269 10.203
-11.269 10.3553
-11.1168 10.5076
-11.1168 10.6599
-10.9645 10.8122
-10.9645 10.9645
-10.8122 11.1168
-10.6599 11.269
-10.6599 11.4213
-10.5076 11.5736
-10.3553 11.7259
-10.3553 11.8782
-10.203 12.0305
-10.0508 12.1827
-10.0508 12.335
-9.89848 12.4873
-9.74619 12.4873
-9.59391 12.6396
-9.59391 12.7919
-9.44162 12.9442
-9.28934 13.0964
-9.13706 13.0964
-8.98477 13.2487
-8.83249 13.401
-8.83249 13.5533
-8.6802 13.5533
-8.52792 13.7056
-8.37563 13.8579
-8.22335 13.8579
-8.07107 14.0102
-7.91878 14.0102
-7.7665 14.1624
-7.61421 14.3147
-7.46193 14.3147
-7.30964 14.467
-7.15736 14.467
-7.00508 14.6193
-6.85279 14.6193
-6.70051 14.7716
-6.54822 14.7716
-6.39594 14.7716
-6.24365 14.9239
-6.09137 14.9239
-5.93909 14.9239
-5.7868 15.0761
-5.63452 15.0761
-5.48223 15.0761
-5.32995 15.2284
-5.17766 15.2284
-5.02538 15.2284
-4.8731 15.3807
-4.72081 15.3807
-4.56853 15.3807
-4.41624 15.3807
-4.26396 15.533
-4.11168 15.533
-3.95939 15.533
-3.80711 15.6853
-3.65482 15.6853
-3.50254 15.6853
-3.35025 15.6853
-3.19797 15.8376
-3.04569 15.8376
-2.8934 15.8376
-2.74112 15.9898
-2.43655 15.9898
-2.28426 16.1421
-2.13198 16.1421
-1.9797 16.1421
-1.82741 16.2944
-1.67513 16.2944
-1.52284 16.4467
-1.37056 16.4467
-1.06599 16.4467
-0.913706 16.599
-0.761421 16.599
-0.609137 16.599
-0.456853 16.599
-0.152284 16.599
0 16.7513
0.152284 16.7513
0.304569 16.7513
0.609137 16.7513
0.761421 16.7513
0.913706 16.7513
1.06599 16.599
1.21827 16.599
1.52284 16.599
1.67513 16.599
1.82741 16.4467
1.9797 16.4467
2.13198 16.2944
2.28426 16.2944
2.43655 16.1421
2.58883 15.9898
2.74112 15.9898
2.8934 15.8376
3.04569 15.6853
3.19797 15.533
3.35025 15.3807
3.50254 15.2284
3.65482 15.2284
3.80711 15.0761
3.80711 14.9239
3.95939 14.7716
4.11168 14.6193
4.11168 14.467
4.26396 14.3147
4.41624 14.1624
4.41624 14.0102
4.56853 13.8579
4.72081 13.7056
4.72081 13.401
4.8731 13.2487
4.8731 13.0964
5.02538 12.9442
5.02538 12.7919
5.17766 12.6396
5.17766 12.4873
5.17766 12.335
5.32995 12.1827
5.32995 12.0305
5.48223 11.8782
5.48223 11.7259
5.63452 11.5736
5.63452 11.4213
5.63452 11.269
5.7868 11.1168
5.7868 10.9645
5.93909 10.8122
5.93909 10.8122
6.09137 10.6599
6.09137 10.5076
6.24365 10.3553
6.39594 10.203
6.39594 10.0508
6.54822 9.89848
6.54822 9.74619
6.70051 9.74619
6.85279 9.59391
7.00508 9.44162
7.00508 9.28934
7.15736 9.13706
7.30964 8.98477
7.30964 8.83249
7.46193 8.6802
7.46193 8.52792
7.61421 8.37563
7.61421 8.22335
7.7665 8.07107
7.7665 7.91878
7.7665 7.7665
7.7665 7.46193
7.7665 7.30964
7.7665 7.15736
7.7665 7.00508
7.7665 6.85279
7.7665 6.70051
