9.44162 5.93909
9.44162 5.7868
9.44162 5.63452
9.44162 5.48223
9.44162 5.17766
9.44162 5.02538
9.44162 4.8731
9.44162 4.72081
9.44162 4.56853
9.28934 4.41624
9.28934 4.26396
9.28934 3.95939
9.28934 3.80711
9.13706 3.65482
9.13706 3.50254
9.13706 3.35025
8.98477 3.19797
8.98477 3.04569
8.98477 2.8934
8.83249 2.74112
8.83249 2.58883
8.6802 2.28426
8.6802 2.13198
8.6802 1.9797
8.52792 1.82741
8.52792 1.67513
8.37563 1.52284
8.37563 1.37056
8.22335 1.21827
8.22335 1.06599
8.07107 0.913706
8.07107 0.761421
7.91878 0.609137
7.7665 0.456853
7.7665 0.304569
7.61421 0.152284
7.61421 0
7.46193 -0.152284
7.30964 -0.304569
7.30964 -0.456853
7.15736 -0.609137
7.00508 -0.761421
6.85279 -0.913706
6.85279 -0.913706
6.70051 -1.06599
6.54822 -1.21827
6.39594 -1.37056
6.24365 -1.52284
6.24365 -1.67513
6.09137 -1.67513
5.93909 -1.82741
5.7868 -1.9797
5.63452 -1.9797
5.48223 -2.13198
5.32995 -2.28426
5.17766 -2.28426
5.02538 -2.43655
4.8731 -2.43655
4.72081 -2.58883
4.56853 -2.58883
4.41624 -2.74112
4.26396 -2.74112
4.11168 -2.8934
3.80711 -2.8934
3.65482 -2.8934
3.50254 -3.04569
3.35025 -3.04569
3.19797 -3.04569
3.04569 -3.19797
2.8934 -3.19797
2.74112 -3.19797
2.58883 -3.19797
2.43655 -3.35025
2.28426 -3.35025
1.9797 -3.35025
1.82741 -3.35025
1.67513 -3.35025
1.52284 -3.35025
1.37056 -3.35025
1.21827 -3.50254
1.06599 -3.50254
0.913706 -3.50254
0.761421 -3.50254
0.456853 -3.50254
0.304569 -3.50254
0.152284 -3.50254
0 -3.50254
-0.152284 -3.50254
-0.304569 -3.35025
-0.456853 -3.35025
-0.609137 -3.35025
-0.761421 -3.35025
-0.913706 -3.35025
-1.06599 -3.35025
-1.21827 -3.19797
-1.37056 -3.19797
-1.52284 -3.19797
-1.67513 -3.04569
-1.82741 -3.04569
-1.9797 -3.04569
-2.13198 -2.8934
-2.28426 -2.8934
-2.43655 -2.8934
-2.58883 -2.74112
-2.74112 -2.74112
-2.8934 -2.58883
-3.04569 -2.58883
-3.19797 -2.43655
-3.35025 -2.43655
-3.50254 -2.28426
-3.65482 -2.28426
-3.80711 -2.13198
-3.80711 -2.13198
-3.95939 -1.9797
-4.11168 -1.9797
-4.26396 -1.82741
-4.41624 -1.67513
-4.56853 -1.67513
-4.56853 -1.52284
-4.72081 -1.52284
-4.8731 -1.37056
-5.02538 -1.37056
-5.17766 -1.21827
-5.17766 -1.06599
-5.32995 -1.06599
-5.48223 -0.913706
-5.63452 -0.913706
-5.7868 -0.761421
-5.7868 -0.761421
-5.93909 -0.609137
-6.09137 -0.456853
-6.24365 -0.456853
-6.24365 -0.304569
-6.39594 -0.304569
-6.54822 -0.152284
-6.70051 0
-6.70051 0
-6.85279 0.152284
-7.00508 0.152284
-7.15736 0.304569
-7.15736 0.456853
-7.30964 0.456853
-7.46193 0.609137
-7.61421 0.761421
-7.61421 0.913706
-7.7665 0.913706
-7.91878 1.06599
-7.91878 1.21827
-8.07107 1.37056
-8.22335 1.37056
-8.22335 1.52284
-8.37563 1.67513
-8.37563 1.82741
-8.52792 1.9797
-8.6802 1.9797
-8.6802 2.13198
-8.83249 2.28426
-8.83249 2.43655
-8.98477 2.58883
-8.98477 2.74112
-9.13706 2.8934
-9.13706 3.04569
-9.28934 3.19797
-9.28934 3.35025
-9.44162 3.50254
-9.44162 3.65482
-9.59391 3.65482
-9.59391 3.80711
-9.59391 3.95939
-9.74619 4.11168
-9.74619 4.41624
-9.89848 4.56853
-9.89848 4.72081
-9.89848 4.8731
-9.89848 5.02538
-10.0508 5.17766
-10.0508 5.32995
-10.0508 5.48223
-10.0508 5.63452
-10.203 5.7868
-10.203 5.93909
-10.203 6.09137
-10.203 6.24365
-10.203 6.39594
-10.3553 6.70051
-10.3553 6.85279
-10.3553 7.00508
-10.3553 7.15736
-10.3553 7.30964
-10.3553 7.46193
-10.3553 7.61421
-10.3553 7.91878
-10.3553 8.07107
-10.3553 8.22335
-10.3553 8.37563
-10.3553 8.52792
-10.3553 8.6802
-10.3553 8.98477
-10.3553 9.13706
-10.3553 9.28934
-10.3553 9.44162
-10.3553 9.74619
-10.3553 9.89848
-10.203 10.0508
-10.203 10.203
-10.203 10.3553
-10.203 10.6599
-10.0508 10.8122
-10.0508 10.9645
-10.0508 11.1168
-9.89848 11.269
-9.89848 11.4213
-9.74619 11.7259
-9.74619 11.8782
-9.59391 12.0305
-9.44162 12.1827
-9.44162 12.335
-9.28934 12.4873
-9.13706 12.6396
-8.98477 12.7919
-8.98477 12.9442
-8.83249 13.0964
-8.6802 13.0964
-8.52792 13.2487
-8.37563 13.401
-8.22335 13.5533
-8.07107 13.7056
-7.91878 13.7056
-7.7665 13.8579
-7.61421 14.0102
-7.46193 14.0102
-7.15736 14.1624
-7.00508 14.1624
-6.85279 14.3147
-6.70051 14.3147
-6.54822 14.467
-6.39594 14.467
-6.24365 14.467
-5.93909 14.6193
-5.7868 14.6193
-5.63452 14.6193
-5.48223 14.7716
-5.32995 14.7716
-5.17766 14.7716
-5.02538 14.7716
-4.72081 14.9239
-4.56853 14.9239
-4.41624 14.9239
-4.26396 14.9239
-4.11168 14.9239
-3.95939 14.9239
-3.80711 15.0761
-3.50254 15.0761
-3.35025 15.0761
-3.19797 15.0761
-3.04569 15.0761
-2.8934 15.0761
-2.74112 15.0761
-2.58883 15.0761
-2.43655 15.0761
-2.28426 15.0761
-2.13198 15.0761
-1.9797 15.0761
-1.67513 15.0761
-1.52284 15.0761
-1.37056 15.0761
-1.21827 15.0761
-1.06599 15.0761
-0.913706 15.0761
-0.761421 15.0761
-0.609137 15.0761
-0.456853 14.9239
-0.304569 14.9239
-0.152284 14.9239
0 14.9239
0.152284 14.9239
0.304569 14.9239
0.456853 14.9239
0.609137 14.9239
0.761421 14.7716
0.913706 14.7716
1.06599 14.7716
1.21827 14.7716
1.37056 14.7716
1.52284 14.6193
1.67513 14.6193
1.82741 14.6193
1.9797 14.467
2.13198 14.467
2.28426 14.467
2.43655 14.3147
2.58883 14.3147
2.74112 14.3147
2.8934 14.1624
3.04569 14.1624
3.19797 14.0102
3.35025 14.0102
3.50254 13.8579
3.50254 13.8579
3.65482 13.7056
3.80711 13.7056
3.95939 13.5533
4.11168 13.5533
4.26396 13.401
4.41624 13.401
4.41624 13.2487
4.56853 13.0964
4.72081 13.0964
4.8731 12.9442
5.02538 12.9442
5.02538 12.7919
5.17766 12.6396
5.32995 12.6396
5.48223 12.4873
5.48223 12.335
5.63452 12.1827
5.7868 12.1827
5.93909 12.0305
5.93909 11.8782
6.09137 11.7259
6.24365 11.7259
6.24365 11.5736
6.39594 11.4213
6.54822 11.269
6.54822 11.269
6.70051 11.1168
6.85279 10.9645
6.85279 10.8122
7.00508 10.6599
7.15736 10.6599
7.15736 10.5076
7.30964 10.3553
7.30964 10.203
7.46193 10.0508
7.61421 9.89848
7.61421 9.74619
7.7665 9.74619
7.7665 9.59391
7.91878 9.44162
8.07107 9.28934
8.07107 9.13706
8.22335 8.98477
8.22335 8.83249
8.37563 8.6802
8.37563 8.52792
8.52792 8.37563
8.52792 8.22335
8.6802 8.07107
8.6802 7.91878
8.83249 7.7665
8.83249 7.61421
8.98477 7.46193
8.98477 7.30964
9.13706 7.15736
9.13706 7.00508
9.28934 6.85279
9.28934 6.70051
9.28934 6.54822
9.44162 6.24365
9.44162 6.09137
