9.59391 5.93909
9.59391 5.63452
9.59391 5.48223
9.59391 5.32995
9.74619 5.17766
9.74619 5.02538
9.74619 4.8731
9.74619 4.56853
9.74619 4.41624
9.59391 4.26396
9.59391 4.11168
9.59391 3.95939
9.59391 3.80711
9.44162 3.50254
9.44162 3.35025
9.44162 3.19797
9.28934 3.04569
9.28934 2.8934
9.13706 2.74112
9.13706 2.58883
8.98477 2.43655
8.98477 2.28426
8.83249 2.13198
8.83249 1.9797
8.6802 1.82741
8.6802 1.67513
8.52792 1.52284
8.52792 1.37056
8.37563 1.21827
8.37563 1.06599
8.22335 0.913706
8.07107 0.761421
8.07107 0.609137
7.91878 0.456853
7.91878 0.304569
7.7665 0.152284
7.61421 0
7.61421 -0.152284
7.46193 -0.304569
7.30964 -0.456853
7.30964 -0.609137
7.15736 -0.761421
7.00508 -0.913706
6.85279 -0.913706
6.85279 -1.06599
6.70051 -1.21827
6.54822 -1.37056
6.39594 -1.52284
6.24365 -1.52284
6.09137 -1.67513
6.09137 -1.82741
5.93909 -1.9797
5.7868 -1.9797
5.63452 -2.13198
5.48223 -2.28426
5.32995 -2.28426
5.17766 -2.43655
5.02538 -2.43655
4.8731 -2.58883
4.72081 -2.58883
4.56853 -2.74112
4.41624 -2.74112
4.26396 -2.8934
4.11168 -2.8934
3.80711 -2.8934
3.65482 -3.04569
3.50254 -3.04569
3.35025 -3.04569
3.19797 -3.19797
3.04569 -3.19797
2.8934 -3.19797
2.74112 -3.19797
2.58883 -3.35025
2.43655 -3.35025
2.28426 -3.35025
2.13198 -3.35025
1.82741 -3.35025
1.67513 -3.50254
1.52284 -3.50254
1.37056 -3.50254
1.21827 -3.50254
1.06599 -3.50254
0.913706 -3.50254
0.761421 -3.50254
0.609137 -3.50254
0.456853 -3.50254
0.304569 -3.50254
0 -3.50254
-0.152284 -3.50254
-0.304569 -3.50254
-0.456853 -3.35025
-0.609137 -3.35025
-0.761421 -3.35025
-0.913706 -3.35025
-1.06599 -3.35025
-1.21827 -3.19797
-1.37056 -3.19797
-1.52284 -3.19797
-1.67513 -3.19797
-1.82741 -3.04569
-1.9797 -3.04569
-2.13198 -3.04569
-2.28426 -2.8934
-2.43655 -2.8934
-2.58883 -2.74112
-2.74112 -2.74112
-2.8934 -2.58883
-3.04569 -2.58883
-3.19797 -2.43655
-3.35025 -2.43655
-3.35025 -2.28426
-3.50254 -2.28426
-3.65482 -2.13198
-3.80711 -2.13198
-3.95939 -1.9797
-4.11168 -1.9797
-4.26396 -1.82741
-4.26396 -1.82741
-4.41624 -1.67513
-4.56853 -1.67513
-4.72081 -1.52284
-4.8731 -1.37056
-4.8731 -1.37056
-5.02538 -1.21827
-5.17766 -1.21827
-5.32995 -1.06599
-5.48223 -1.06599
-5.48223 -0.913706
-5.63452 -0.913706
-5.7868 -0.761421
-5.93909 -0.609137
-5.93909 -0.609137
-6.09137 -0.456853
-6.24365 -0.304569
-6.39594 -0.304569
-6.54822 -0.152284
-6.54822 -0.152284
-6.70051 0
-6.85279 0.152284
-6.85279 0.152284
-7.00508 0.304569
-7.15736 0.456853
-7.30964 0.456853
-7.30964 0.609137
-7.46193 0.761421
-7.61421 0.913706
-7.61421 0.913706
-7.7665 1.06599
-7.91878 1.21827
-7.91878 1.37056
-8.07107 1.52284
-8.22335 1.52284
-8.22335 1.67513
-8.37563 1.82741
-8.37563 1.9797
-8.52792 2.13198
-8.6802 2.28426
-8.6802 2.28426
-8.83249 2.43655
-8.83249 2.58883
-8.98477 2.74112
-8.98477 2.8934
-9.13706 3.04569
-9.13706 3.19797
-9.28934 3.35025
-9.28934 3.50254
-9.28934 3.65482
-9.44162 3.80711
-9.44162 3.95939
-9.59391 4.11168
-9.59391 4.26396
-9.59391 4.41624
-9.74619 4.56853
-9.74619 4.72081
-9.74619 4.8731
-9.74619 5.02538
-9.89848 5.17766
-9.89848 5.32995
-9.89848 5.48223
-9.89848 5.63452
-10.0508 5.93909
-10.0508 6.09137
-10.0508 6.24365
-10.0508 6.39594
-10.0508 6.54822
-10.0508 6.70051
-10.203 6.85279
-10.203 7.00508
-10.203 7.15736
-10.203 7.46193
-10.203 7.61421
-10.203 7.7665
-10.203 7.91878
-10.203 8.07107
-10.203 8.37563
-10.203 8.52792
-10.203 8.6802
-10.203 8.83249
-10.203 8.98477
-10.203 9.28934
-10.203 9.44162
-10.203 9.59391
-10.0508 9.74619
-10.0508 9.89848
-10.0508 10.203
-10.0508 10.3553
-9.89848 10.5076
-9.89848 10.6599
-9.89848 10.8122
-9.74619 11.1168
-9.74619 11.269
-9.59391 11.4213
-9.59391 11.5736
-9.44162 11.7259
-9.44162 11.8782
-9.28934 12.0305
-9.13706 12.1827
-9.13706 12.335
-8.98477 12.4873
-8.83249 12.6396
-8.6802 12.7919
-8.52792 12.9442
-8.37563 13.0964
-8.22335 13.2487
-8.07107 13.2487
-7.91878 13.401
-7.7665 13.5533
-7.61421 13.7056
-7.46193 13.7056
-7.30964 13.8579
-7.15736 13.8579
-7.00508 14.0102
-6.85279 14.0102
-6.70051 14.1624
-6.54822 14.1624
-6.24365 14.3147
-6.09137 14.3147
-5.93909 14.467
-5.7868 14.467
-5.63452 14.467
-5.48223 14.6193
-5.32995 14.6193
-5.02538 14.6193
-4.8731 14.6193
-4.72081 14.7716
-4.56853 14.7716
-4.41624 14.7716
-4.26396 14.7716
-4.11168 14.7716
-3.80711 14.9239
-3.65482 14.9239
-3.50254 14.9239
-3.35025 14.9239
-3.19797 14.9239
-3.04569 14.9239
-2.8934 14.9239
-2.74112 14.9239
-2.58883 14.9239
-2.28426 14.9239
-2.13198 14.9239
-1.9797 14.9239
-1.82741 14.9239
-1.67513 14.9239
-1.52284 14.9239
-1.37056 14.9239
-1.21827 14.9239
-1.06599 14.9239
-0.913706 14.9239
-0.761421 14.9239
-0.609137 14.9239
-0.456853 14.9239
-0.304569 14.9239
-0.152284 14.9239
0 14.7716
0.152284 14.7716
0.304569 14.7716
0.456853 14.7716
0.609137 14.7716
0.761421 14.7716
0.913706 14.6193
1.06599 14.6193
1.21827 14.6193
1.37056 14.6193
1.52284 14.467
1.67513 14.467
1.82741 14.467
1.9797 14.467
2.13198 14.3147
2.28426 14.3147
2.43655 14.3147
2.58883 14.1624
2.74112 14.1624
2.8934 14.0102
3.04569 14.0102
3.19797 14.0102
3.35025 13.8579
3.50254 13.8579
3.65482 13.7056
3.65482 13.7056
3.80711 13.5533
3.95939 13.5533
4.11168 13.401
4.26396 13.401
4.41624 13.2487
4.56853 13.0964
4.56853 13.0964
4.72081 12.9442
4.8731 12.9442
5.02538 12.7919
5.17766 12.6396
5.17766 12.6396
5.32995 12.4873
5.48223 12.335
5.63452 12.335
5.63452 12.1827
5.7868 12.0305
5.93909 12.0305
5.93909 11.8782
6.09137 11.7259
6.24365 11.5736
6.24365 11.5736
6.39594 11.4213
6.54822 11.269
6.54822 11.1168
6.70051 10.9645
6.85279 10.9645
6.85279 10.8122
7.00508 10.6599
7.15736 10.5076
7.15736 10.3553
7.30964 10.3553
7.30964 10.203
7.46193 10.0508
7.61421 9.89848
7.61421 9.74619
7.7665 9.74619
7.91878 9.59391
7.91878 9.44162
8.07107 9.28934
8.22335 9.13706
8.22335 8.98477
8.37563 8.83249
8.52792 8.6802
8.52792 8.6802
8.6802 8.52792
8.6802 8.37563
8.83249 8.22335
8.98477 8.07107
8.98477 7.91878
9.13706 7.7665
9.13706 7.61421
9.28934 7.46193
9.28934 7.15736
9.44162 7.00508
9.44162 6.85279
9.44162 6.70051
9.44162 6.54822
9.59391 6.39594
9.59391 6.24365
9.59391 6.09137
