6.70051 1.9797
6.70051 1.67513
6.70051 1.37056
6.70051 1.06599
6.70051 0.761421
6.70051 0.456853
6.54822 0.152284
6.54822 -0.304569
6.39594 -0.609137
6.39594 -0.913706
6.24365 -1.21827
6.09137 -1.52284
5.93909 -1.82741
5.93909 -2.13198
5.7868 -2.43655
5.63452 -2.74112
5.32995 -2.8934
5.17766 -3.19797
5.02538 -3.50254
4.8731 -3.80711
4.56853 -3.95939
4.41624 -4.26396
4.11168 -4.56853
3.95939 -4.72081
3.65482 -5.02538
3.50254 -5.17766
3.19797 -5.32995
2.8934 -5.63452
2.74112 -5.7868
2.43655 -5.93909
2.13198 -6.09137
1.82741 -6.39594
1.67513 -6.54822
1.37056 -6.70051
1.06599 -6.85279
0.761421 -7.00508
0.456853 -7.00508
0.304569 -7.15736
0 -7.30964
-0.304569 -7.46193
-0.609137 -7.61421
-0.913706 -7.61421
-1.06599 -7.7665
-1.37056 -7.91878
-1.67513 -8.07107
-1.82741 -8.07107
-2.13198 -8.22335
-2.43655 -8.37563
-2.58883 -8.37563
-2.8934 -8.52792
-3.04569 -8.6802
-3.35025 -8.6802
-3.50254 -8.83249
-3.65482 -8.98477
-3.95939 -9.13706
-4.11168 -9.13706
-4.41624 -9.28934
-4.56853 -9.44162
-4.72081 -9.59391
-5.02538 -9.59391
-5.17766 -9.74619
-5.48223 -9.89848
-5.63452 -10.0508
-5.7868 -10.0508
-6.09137 -10.203
-6.24365 -10.3553
-6.54822 -10.3553
-6.70051 -10.5076
-7.00508 -10.5076
-7.15736 -10.6599
-7.30964 -10.6599
-7.61421 -10.8122
-7.7665 -10.8122
-8.07107 -10.9645
-8.22335 -10.9645
-8.52792 -10.9645
-8.83249 -11.1168
-8.98477 -11.1168
-9.28934 -11.1168
-9.44162 -11.1168
-9.74619 -11.1168
-9.89848 -11.1168
-10.203 -11.1168
-10.3553 -11.1168
-10.6599 -11.1168
-10.8122 -11.1168
-11.1168 -11.1168
-11.269 -11.1168
-11.5736 -11.1168
-11.7259 -10.9645
-12.0305 -10.9645
-12.1827 -10.9645
-12.4873 -10.9645
-12.6396 -10.9645
-12.9442 -10.9645
-13.0964 -10.9645
-13.401 -10.8122
-13.5533 -10.8122
-13.8579 -10.8122
-14.0102 -10.8122
-14.3147 -10.8122
-14.467 -10.8122
-14.7716 -10.8122
-14.9239 -10.8122
-15.2284 -10.6599
-15.3807 -10.6599
-15.6853 -10.6599
-15.8376 -10.6599
-16.1421 -10.6599
-16.4467 -10.6599
-16.599 -10.5076
-16.9036 -10.5076
-17.0558 -10.5076
-17.3604 -10.5076
-17.5127 -10.5076
-17.8173 -10.3553
-18.1218 -10.3553
-18.2741 -10.3553
-18.5787 -10.203
-18.8832 -10.203
-19.0355 -10.203
-19.3401 -10.0508
-19.4924 -10.0508
-19.797 -9.89848
-20.1015 -9.89848
-20.2538 -9.74619
-20.5584 -9.74619
-20.8629 -9.59391
-21.0152 -9.59391
-21.3198 -9.44162
-21.6244 -9.28934
-21.7766 -9.13706
-22.0812 -9.13706
-22.2335 -8.98477
-22.5381 -8.83249
-22.6904 -8.6802
-22.9949 -8.52792
-23.2995 -8.37563
-23.4518 -8.22335
-23.7563 -8.07107
-23.9086 -7.91878
-24.2132 -7.7665
-24.3655 -7.61421
-24.5178 -7.46193
-24.8223 -7.30964
-24.9746 -7.00508
-25.1269 -6.85279
-25.4315 -6.70051
-25.5838 -6.39594
-25.736 -6.24365
-25.8883 -5.93909
-26.0406 -5.7868
-26.1929 -5.48223
-26.3452 -5.32995
-26.6497 -5.02538
-26.6497 -4.8731
-26.802 -4.56853
-26.9543 -4.26396
-27.1066 -4.11168
-27.2589 -3.80711
-27.4112 -3.50254
-27.4112 -3.35025
-27.5635 -3.04569
-27.7157 -2.74112
-27.7157 -2.43655
-27.868 -2.13198
-27.868 -1.9797
-28.0203 -1.67513
-28.0203 -1.37056
-28.0203 -1.06599
-28.1726 -0.761421
-28.1726 -0.456853
-28.1726 -0.304569
-28.1726 0
-28.1726 0.304569
-28.1726 0.609137
-28.3249 0.913706
-28.3249 1.21827
-28.1726 1.52284
-28.1726 1.67513
-28.1726 1.9797
-28.1726 2.28426
-28.1726 2.58883
-28.1726 2.8934
-28.0203 3.19797
-28.0203 3.50254
-28.0203 3.65482
-28.0203 3.95939
-27.868 4.26396
-27.868 4.56853
-27.7157 4.8731
-27.7157 5.02538
-27.7157 5.32995
-27.5635 5.63452
-27.5635 5.93909
-27.4112 6.09137
-27.4112 6.39594
-27.2589 6.70051
-27.1066 7.00508
-27.1066 7.15736
-26.9543 7.46193
-26.9543 7.7665
-26.802 7.91878
-26.6497 8.22335
-26.4975 8.52792
-26.4975 8.83249
-26.3452 8.98477
-26.1929 9.28934
-26.0406 9.44162
-25.8883 9.74619
-25.736 10.0508
-25.736 10.203
-25.5838 10.5076
-25.4315 10.6599
-25.2792 10.9645
-24.9746 11.1168
-24.8223 11.4213
-24.6701 11.5736
-24.5178 11.8782
-24.3655 12.0305
-24.2132 12.1827
-23.9086 12.4873
-23.7563 12.6396
-23.6041 12.7919
-23.2995 12.9442
-23.1472 13.0964
-22.9949 13.401
-22.6904 13.5533
-22.5381 13.7056
-22.2335 13.8579
-22.0812 14.0102
-21.7766 14.1624
-21.6244 14.1624
-21.3198 14.3147
-21.0152 14.467
-20.8629 14.6193
-20.5584 14.6193
-20.2538 14.7716
-19.9492 14.7716
-19.797 14.9239
-19.4924 14.9239
-19.1878 15.0761
-18.8832 15.0761
-18.731 15.0761
-18.4264 15.0761
-18.1218 15.0761
-17.8173 15.0761
-17.5127 15.0761
-17.3604 15.0761
-17.0558 15.0761
-16.7513 15.0761
-16.4467 15.0761
-16.2944 15.0761
-15.9898 15.0761
-15.6853 14.9239
-15.533 14.9239
-15.2284 14.9239
-14.9239 14.7716
-14.7716 14.7716
-14.467 14.7716
-14.3147 14.7716
-14.0102 14.6193
-13.8579 14.6193
-13.5533 14.6193
-13.401 14.467
-13.0964 14.467
-12.9442 14.467
-12.6396 14.467
-12.4873 14.467
-12.1827 14.467
-12.0305 14.3147
-11.8782 14.3147
-11.5736 14.3147
-11.4213 14.3147
-11.1168 14.3147
-10.9645 14.3147
-10.6599 14.3147
-10.5076 14.3147
-10.3553 14.3147
-10.0508 14.1624
-9.89848 14.1624
-9.59391 14.1624
-9.44162 14.1624
-9.28934 14.1624
-8.98477 14.1624
-8.83249 14.0102
-8.52792 14.0102
-8.37563 14.0102
-8.22335 14.0102
-7.91878 13.8579
-7.7665 13.8579
-7.46193 13.8579
-7.30964 13.7056
-7.15736 13.7056
-6.85279 13.5533
-6.70051 13.5533
-6.39594 13.401
-6.24365 13.401
-6.09137 13.2487
-5.7868 13.2487
-5.63452 13.0964
-5.48223 12.9442
-5.17766 12.9442
-5.02538 12.7919
-4.8731 12.7919
-4.56853 12.6396
-4.41624 12.4873
-4.11168 12.4873
-3.95939 12.335
-3.80711 12.1827
-3.50254 12.1827
-3.35025 12.0305
-3.04569 11.8782
-2.8934 11.8782
-2.58883 11.7259
-2.43655 11.5736
-2.28426 11.5736
-1.9797 11.4213
-1.82741 11.269
-1.52284 11.1168
-1.37056 10.9645
-1.06599 10.9645
-0.761421 10.8122
-0.609137 10.6599
-0.304569 10.5076
-0.152284 10.3553
0.152284 10.203
0.304569 10.0508
0.609137 9.89848
0.761421 9.74619
1.06599 9.59391
1.21827 9.44162
1.52284 9.28934
1.67513 8.98477
1.9797 8.83249
2.13198 8.6802
2.43655 8.52792
2.58883 8.22335
2.8934 8.07107
3.04569 7.7665
3.35025 7.61421
3.50254 7.30964
3.65482 7.15736
3.80711 6.85279
4.11168 6.70051
4.26396 6.39594
4.41624 6.09137
4.56853 5.93909
4.8731 5.63452
5.02538 5.32995
5.17766 5.02538
5.32995 4.72081
5.48223 4.56853
5.63452 4.26396
5.7868 3.95939
5.93909 3.65482
6.09137 3.35025
6.24365 3.04569
6.39594 2.74112
6.54822 2.28426
