6.54822 2.13198
6.70051 1.82741
6.70051 1.52284
6.70051 1.21827
6.70051 0.913706
6.70051 0.456853
6.54822 0.152284
6.54822 -0.152284
6.39594 -0.456853
6.39594 -0.761421
6.24365 -1.06599
6.24365 -1.37056
6.09137 -1.67513
5.93909 -1.9797
5.7868 -2.28426
5.63452 -2.58883
5.48223 -2.8934
5.32995 -3.19797
5.17766 -3.50254
4.8731 -3.65482
4.72081 -3.95939
4.56853 -4.26396
4.26396 -4.41624
4.11168 -4.72081
3.80711 -4.8731
3.65482 -5.17766
3.35025 -5.32995
3.04569 -5.63452
2.8934 -5.7868
2.58883 -5.93909
2.28426 -6.24365
2.13198 -6.39594
1.82741 -6.54822
1.52284 -6.70051
1.21827 -6.85279
1.06599 -7.00508
0.761421 -7.15736
0.456853 -7.30964
0.152284 -7.46193
-0.152284 -7.61421
-0.304569 -7.7665
-0.609137 -7.91878
-0.913706 -7.91878
-1.21827 -8.07107
-1.37056 -8.22335
-1.67513 -8.37563
-1.9797 -8.37563
-2.13198 -8.52792
-2.43655 -8.6802
-2.74112 -8.6802
-2.8934 -8.83249
-3.19797 -8.98477
-3.35025 -8.98477
-3.65482 -9.13706
-3.80711 -9.28934
-4.11168 -9.28934
-4.26396 -9.44162
-4.56853 -9.59391
-4.72081 -9.59391
-5.02538 -9.74619
-5.17766 -9.89848
-5.48223 -9.89848
-5.63452 -10.0508
-5.93909 -10.0508
-6.09137 -10.203
-6.39594 -10.203
-6.54822 -10.3553
-6.85279 -10.3553
-7.00508 -10.5076
-7.30964 -10.5076
-7.46193 -10.6599
-7.7665 -10.6599
-7.91878 -10.6599
-8.22335 -10.8122
-8.37563 -10.8122
-8.6802 -10.8122
-8.83249 -10.8122
-9.13706 -10.9645
-9.44162 -10.9645
-9.59391 -10.9645
-9.89848 -10.9645
-10.0508 -10.9645
-10.3553 -10.9645
-10.5076 -10.9645
-10.8122 -10.9645
-10.9645 -10.9645
-11.269 -10.9645
-11.4213 -10.9645
-11.7259 -10.9645
-11.8782 -10.9645
-12.1827 -10.9645
-12.335 -10.9645
-12.6396 -10.8122
-12.7919 -10.8122
-13.0964 -10.8122
-13.2487 -10.8122
-13.5533 -10.8122
-13.7056 -10.8122
-14.0102 -10.8122
-14.1624 -10.8122
-14.467 -10.6599
-14.6193 -10.6599
-14.9239 -10.6599
-15.0761 -10.6599
-15.3807 -10.6599
-15.533 -10.5076
-15.8376 -10.5076
-15.9898 -10.5076
-16.2944 -10.5076
-16.4467 -10.5076
-16.7513 -10.3553
-16.9036 -10.3553
-17.2081 -10.3553
-17.3604 -10.3553
-17.665 -10.203
-17.9695 -10.203
-18.1218 -10.203
-18.4264 -10.0508
-18.5787 -10.0508
-18.8832 -9.89848
-19.0355 -9.89848
-19.3401 -9.74619
-19.6447 -9.74619
-19.797 -9.59391
-20.1015 -9.59391
-20.2538 -9.44162
-20.5584 -9.44162
-20.8629 -9.28934
-21.0152 -9.28934
-21.3198 -9.13706
-21.4721 -8.98477
-21.7766 -8.83249
-21.9289 -8.83249
-22.2335 -8.6802
-22.5381 -8.52792
-22.6904 -8.37563
-22.9949 -8.22335
-23.1472 -8.07107
-23.4518 -7.91878
-23.6041 -7.7665
-23.7563 -7.61421
-24.0609 -7.46193
-24.2132 -7.30964
-24.5178 -7.15736
-24.6701 -6.85279
-24.8223 -6.70051
-24.9746 -6.54822
-25.2792 -6.39594
-25.4315 -6.09137
-25.5838 -5.93909
-25.736 -5.63452
-25.8883 -5.48223
-26.0406 -5.17766
-26.1929 -5.02538
-26.3452 -4.72081
-26.4975 -4.56853
-26.6497 -4.26396
-26.802 -4.11168
-26.9543 -3.80711
-27.1066 -3.50254
-27.2589 -3.35025
-27.2589 -3.04569
-27.4112 -2.74112
-27.5635 -2.58883
-27.5635 -2.28426
-27.7157 -1.9797
-27.868 -1.67513
-27.868 -1.52284
-28.0203 -1.21827
-28.0203 -0.913706
-28.0203 -0.609137
-28.1726 -0.304569
-28.1726 -0.152284
-28.1726 0.152284
-28.3249 0.456853
-28.3249 0.761421
-28.3249 1.06599
-28.3249 1.37056
-28.3249 1.67513
-28.3249 1.82741
-28.3249 2.13198
-28.3249 2.43655
-28.3249 2.74112
-28.3249 3.04569
-28.3249 3.35025
-28.3249 3.65482
-28.3249 3.80711
-28.1726 4.11168
-28.1726 4.41624
-28.1726 4.72081
-28.0203 5.02538
-28.0203 5.17766
-27.868 5.48223
-27.868 5.7868
-27.7157 6.09137
-27.7157 6.39594
-27.5635 6.54822
-27.4112 6.85279
-27.4112 7.15736
-27.2589 7.30964
-27.1066 7.61421
-26.9543 7.91878
-26.9543 8.07107
-26.802 8.37563
-26.6497 8.6802
-26.4975 8.83249
-26.3452 9.13706
-26.1929 9.28934
-26.0406 9.59391
-25.8883 9.74619
-25.736 10.0508
-25.5838 10.203
-25.4315 10.5076
-25.2792 10.6599
-25.1269 10.9645
-24.9746 11.1168
-24.8223 11.269
-24.6701 11.5736
-24.3655 11.7259
-24.2132 12.0305
-24.0609 12.1827
-23.9086 12.335
-23.7563 12.6396
-23.4518 12.7919
-23.2995 12.9442
-23.1472 13.0964
-22.9949 13.401
-22.6904 13.5533
-22.5381 13.7056
-22.3858 13.8579
-22.0812 14.0102
-21.9289 14.1624
-21.6244 14.3147
-21.4721 14.467
-21.1675 14.6193
-21.0152 14.7716
-20.7107 14.9239
-20.4061 14.9239
-20.2538 15.0761
-19.9492 15.2284
-19.6447 15.2284
-19.4924 15.3807
-19.1878 15.3807
-18.8832 15.3807
-18.5787 15.533
-18.4264 15.533
-18.1218 15.533
-17.8173 15.533
-17.5127 15.533
-17.2081 15.533
-17.0558 15.533
-16.7513 15.533
-16.4467 15.533
-16.1421 15.3807
-15.9898 15.3807
-15.6853 15.3807
-15.3807 15.3807
-15.2284 15.2284
-14.9239 15.2284
-14.6193 15.2284
-14.467 15.0761
-14.1624 15.0761
-14.0102 15.0761
-13.7056 14.9239
-13.5533 14.9239
-13.2487 14.9239
-13.0964 14.9239
-12.7919 14.7716
-12.6396 14.7716
-12.335 14.7716
-12.1827 14.7716
-11.8782 14.6193
-11.7259 14.6193
-11.4213 14.6193
-11.269 14.6193
-11.1168 14.6193
-10.8122 14.467
-10.6599 14.467
-10.3553 14.467
-10.203 14.467
-10.0508 14.467
-9.74619 14.3147
-9.59391 14.3147
-9.28934 14.3147
-9.13706 14.3147
-8.98477 14.1624
-8.6802 14.1624
-8.52792 14.1624
-8.22335 14.1624
-8.07107 14.0102
-7.91878 14.0102
-7.61421 14.0102
-7.46193 13.8579
-7.15736 13.8579
-7.00508 13.7056
-6.70051 13.7056
-6.54822 13.7056
-6.39594 13.5533
-6.09137 13.5533
-5.93909 13.401
-5.63452 13.401
-5.48223 13.2487
-5.17766 13.2487
-5.02538 13.0964
-4.8731 13.0964
-4.56853 12.9442
-4.41624 12.9442
-4.11168 12.7919
-3.95939 12.6396
-3.65482 12.6396
-3.50254 12.4873
-3.19797 12.335
-3.04569 12.335
-2.74112 12.1827
-2.58883 12.0305
-2.28426 12.0305
-2.13198 11.8782
-1.9797 11.7259
-1.67513 11.5736
-1.37056 11.4213
-1.21827 11.269
-0.913706 11.269
-0.761421 11.1168
-0.456853 10.9645
-0.304569 10.8122
0 10.6599
0.152284 10.5076
0.456853 10.3553
0.609137 10.203
0.913706 10.0508
1.06599 9.74619
1.37056 9.59391
1.52284 9.44162
1.67513 9.28934
1.9797 8.98477
2.13198 8.83249
2.43655 8.6802
2.58883 8.37563
2.8934 8.22335
3.04569 8.07107
3.19797 7.7665
3.50254 7.61421
3.65482 7.30964
3.80711 7.00508
4.11168 6.85279
4.26396 6.54822
4.41624 6.24365
4.56853 6.09137
4.72081 5.7868
5.02538 5.48223
5.17766 5.17766
5.32995 4.8731
5.48223 4.56853
5.63452 4.41624
5.7868 4.11168
5.93909 3.80711
6.09137 3.50254
6.24365 3.19797
6.24365 2.74112
6.39594 2.43655
