8.6802 5.93909
8.83249 5.7868
8.98477 5.63452
9.13706 5.48223
9.28934 5.32995
9.44162 5.17766
9.59391 4.8731
9.74619 4.72081
9.89848 4.56853
9.89848 4.41624
10.0508 4.11168
10.0508 3.95939
10.0508 3.80711
10.203 3.50254
10.203 3.35025
10.203 3.19797
10.203 3.04569
10.203 2.74112
10.203 2.58883
10.203 2.43655
10.203 2.13198
10.203 1.9797
10.0508 1.82741
10.0508 1.67513
10.0508 1.37056
9.89848 1.21827
9.89848 1.06599
9.74619 0.913706
9.74619 0.761421
9.59391 0.609137
9.59391 0.304569
9.44162 0.152284
9.28934 0
9.28934 -0.152284
9.13706 -0.304569
8.98477 -0.456853
8.98477 -0.609137
8.83249 -0.761421
8.6802 -0.913706
8.52792 -1.06599
8.37563 -1.21827
8.22335 -1.37056
8.07107 -1.52284
7.91878 -1.67513
7.7665 -1.67513
7.7665 -1.82741
7.61421 -1.9797
7.46193 -2.13198
7.15736 -2.28426
7.00508 -2.28426
6.85279 -2.43655
6.70051 -2.58883
6.54822 -2.58883
6.39594 -2.74112
6.24365 -2.8934
6.09137 -2.8934
5.93909 -3.04569
5.7868 -3.04569
5.63452 -3.19797
5.48223 -3.19797
5.17766 -3.35025
5.02538 -3.35025
4.8731 -3.50254
4.72081 -3.50254
4.56853 -3.65482
4.41624 -3.65482
4.26396 -3.80711
3.95939 -3.80711
3.80711 -3.95939
3.65482 -3.95939
3.50254 -3.95939
3.35025 -4.11168
3.19797 -4.11168
3.04569 -4.26396
2.74112 -4.26396
2.58883 -4.26396
2.43655 -4.41624
2.28426 -4.41624
2.13198 -4.41624
1.9797 -4.56853
1.67513 -4.56853
1.52284 -4.56853
1.37056 -4.72081
1.21827 -4.72081
1.06599 -4.72081
0.761421 -4.72081
0.609137 -4.72081
0.456853 -4.8731
0.304569 -4.8731
0 -4.8731
-0.152284 -4.72081
-0.304569 -4.72081
-0.456853 -4.72081
-0.609137 -4.72081
-0.913706 -4.72081
-1.06599 -4.56853
-1.21827 -4.56853
-1.37056 -4.41624
-1.52284 -4.41624
-1.67513 -4.26396
-1.9797 -4.11168
-2.13198 -4.11168
-2.28426 -3.95939
-2.43655 -3.80711
-2.58883 -3.65482
-2.58883 -3.50254
-2.74112 -3.35025
-2.8934 -3.19797
-3.04569 -3.04569
-3.19797 -2.8934
-3.35025 -2.74112
-3.35025 -2.58883
-3.50254 -2.43655
-3.65482 -2.28426
-3.80711 -2.13198
-3.80711 -1.9797
-3.95939 -1.82741
-4.11168 -1.82741
-4.11168 -1.67513
-4.26396 -1.52284
-4.41624 -1.37056
-4.41624 -1.21827
-4.56853 -1.06599
-4.56853 -1.06599
-4.72081 -0.913706
-4.8731 -0.761421
-5.02538 -0.761421
-5.02538 -0.609137
-5.17766 -0.456853
-5.32995 -0.456853
-5.32995 -0.304569
-5.48223 -0.304569
-5.63452 -0.152284
-5.7868 0
-5.7868 0
-5.93909 0.152284
-6.09137 0.152284
-6.24365 0.304569
-6.24365 0.304569
-6.39594 0.456853
-6.54822 0.609137
-6.70051 0.609137
-6.70051 0.761421
-6.85279 0.913706
-7.00508 0.913706
-7.15736 1.06599
-7.15736 1.21827
-7.30964 1.21827
-7.46193 1.37056
-7.46193 1.52284
-7.61421 1.67513
-7.7665 1.67513
-7.7665 1.82741
-7.91878 1.9797
-8.07107 2.13198
-8.07107 2.28426
-8.22335 2.28426
-8.22335 2.43655
-8.37563 2.58883
-8.37563 2.74112
-8.52792 2.8934
-8.6802 3.04569
-8.6802 3.19797
-8.6802 3.35025
-8.83249 3.50254
-8.83249 3.65482
-8.98477 3.80711
-8.98477 3.95939
-9.13706 4.11168
-9.13706 4.26396
-9.13706 4.41624
-9.28934 4.56853
-9.28934 4.72081
-9.28934 4.8731
-9.44162 5.02538
-9.44162 5.17766
-9.44162 5.32995
-9.44162 5.48223
-9.44162 5.63452
-9.59391 5.7868
-9.59391 5.93909
-9.59391 6.09137
-9.59391 6.24365
-9.59391 6.39594
-9.59391 6.54822
-9.59391 6.85279
-9.59391 7.00508
-9.59391 7.15736
-9.59391 7.30964
-9.59391 7.46193
-9.59391 7.61421
-9.59391 7.7665
-9.59391 7.91878
-9.59391 8.07107
-9.59391 8.37563
-9.59391 8.52792
-9.59391 8.6802
-9.59391 8.83249
-9.44162 8.98477
-9.44162 9.13706
-9.44162 9.28934
-9.44162 9.44162
-9.28934 9.59391
-9.28934 9.89848
-9.28934 10.0508
-9.13706 10.203
-9.13706 10.3553
-8.98477 10.5076
-8.98477 10.6599
-8.83249 10.8122
-8.83249 10.9645
-8.6802 11.1168
-8.6802 11.269
-8.52792 11.4213
-8.37563 11.5736
-8.37563 11.7259
-8.22335 11.8782
-8.07107 11.8782
-7.91878 12.0305
-7.7665 12.1827
-7.7665 12.335
-7.61421 12.4873
-7.46193 12.4873
-7.30964 12.6396
-7.15736 12.7919
-7.00508 12.7919
-6.85279 12.9442
-6.70051 12.9442
-6.54822 13.0964
-6.39594 13.2487
-6.24365 13.2487
-6.09137 13.401
-5.93909 13.401
-5.7868 13.401
-5.63452 13.5533
-5.48223 13.5533
-5.32995 13.7056
-5.17766 13.7056
-5.02538 13.7056
-4.8731 13.8579
-4.72081 13.8579
-4.56853 13.8579
-4.41624 14.0102
-4.26396 14.0102
-4.11168 14.0102
-3.95939 14.0102
-3.80711 14.1624
-3.65482 14.1624
-3.50254 14.1624
-3.35025 14.1624
-3.19797 14.1624
-3.04569 14.3147
-2.8934 14.3147
-2.74112 14.3147
-2.58883 14.3147
-2.43655 14.3147
-2.28426 14.3147
-2.13198 14.3147
-1.9797 14.3147
-1.82741 14.467
-1.67513 14.467
-1.52284 14.467
-1.37056 14.467
-1.21827 14.467
-1.06599 14.467
-0.913706 14.467
-0.761421 14.467
-0.609137 14.467
-0.456853 14.467
-0.304569 14.467
-0.152284 14.467
0 14.467
0.152284 14.467
0.304569 14.467
0.456853 14.467
0.609137 14.467
0.761421 14.467
0.913706 14.467
1.06599 14.467
1.21827 14.3147
1.37056 14.3147
1.52284 14.3147
1.67513 14.3147
1.82741 14.3147
1.9797 14.3147
2.13198 14.1624
2.28426 14.1624
2.43655 14.1624
2.58883 14.1624
2.74112 14.0102
2.8934 14.0102
2.8934 14.0102
3.04569 13.8579
3.19797 13.8579
3.35025 13.8579
3.50254 13.7056
3.65482 13.7056
3.80711 13.7056
3.95939 13.5533
4.11168 13.5533
4.26396 13.401
4.26396 13.401
4.41624 13.2487
4.56853 13.2487
4.72081 13.0964
4.8731 13.0964
5.02538 12.9442
5.02538 12.7919
5.17766 12.7919
5.32995 12.6396
5.48223 12.6396
5.63452 12.4873
5.63452 12.335
5.7868 12.335
5.93909 12.1827
6.09137 12.0305
6.09137 12.0305
6.24365 11.8782
6.39594 11.7259
6.39594 11.7259
6.54822 11.5736
6.70051 11.4213
6.70051 11.269
6.85279 11.1168
7.00508 11.1168
7.00508 10.9645
7.15736 10.8122
7.15736 10.6599
7.30964 10.5076
7.30964 10.5076
7.46193 10.3553
7.46193 10.203
7.61421 10.0508
7.61421 9.89848
7.7665 9.74619
7.7665 9.59391
7.91878 9.44162
7.91878 9.44162
8.07107 9.28934
8.07107 9.13706
8.07107 8.98477
8.22335 8.83249
8.22335 8.6802
8.22335 8.52792
8.37563 8.37563
8.37563 8.22335
8.37563 8.07107
8.37563 7.91878
8.52792 7.7665
8.52792 7.61421
8.52792 7.46193
8.52792 7.30964
8.52792 7.15736
8.52792 7.00508
8.6802 6.85279
8.6802 6.70051
8.6802 6.54822
8.6802 6.39594
8.6802 6.24365
8.6802 6.09137
