15.3807 -1.9797
15.3807 -2.13198
15.3807 -2.43655
15.533 -2.58883
15.533 -2.74112
15.533 -2.8934
15.533 -3.04569
15.533 -3.19797
15.533 -3.35025
15.533 -3.50254
15.533 -3.80711
15.6853 -3.95939
15.6853 -4.11168
15.6853 -4.26396
15.6853 -4.41624
15.6853 -4.72081
15.6853 -4.8731
15.6853 -5.02538
15.6853 -5.17766
15.6853 -5.48223
15.6853 -5.63452
15.6853 -5.7868
15.6853 -5.93909
15.533 -6.09137
15.533 -6.39594
15.533 -6.54822
15.533 -6.70051
15.3807 -6.85279
15.3807 -7.15736
15.3807 -7.30964
15.2284 -7.46193
15.2284 -7.61421
15.0761 -7.7665
14.9239 -7.91878
14.9239 -8.07107
14.7716 -8.22335
14.7716 -8.52792
14.6193 -8.6802
14.467 -8.83249
14.3147 -8.98477
14.3147 -9.13706
14.1624 -9.28934
14.0102 -9.44162
13.8579 -9.59391
13.7056 -9.59391
13.5533 -9.74619
13.5533 -9.89848
13.401 -10.0508
13.2487 -10.203
13.0964 -10.3553
12.9442 -10.5076
12.7919 -10.5076
12.6396 -10.6599
12.4873 -10.8122
12.335 -10.9645
12.1827 -10.9645
12.0305 -11.1168
11.8782 -11.269
11.7259 -11.269
11.5736 -11.4213
11.269 -11.5736
11.1168 -11.5736
10.9645 -11.7259
10.8122 -11.7259
10.6599 -11.8782
10.5076 -11.8782
10.3553 -12.0305
10.0508 -12.0305
9.89848 -12.0305
9.74619 -12.1827
9.59391 -12.1827
9.44162 -12.1827
9.13706 -12.335
8.98477 -12.335
8.83249 -12.335
8.6802 -12.335
8.37563 -12.335
8.22335 -12.335
8.07107 -12.335
7.91878 -12.335
7.61421 -12.335
7.46193 -12.335
7.30964 -12.335
7.15736 -12.335
7.00508 -12.335
6.70051 -12.335
6.54822 -12.335
6.39594 -12.335
6.24365 -12.1827
6.09137 -12.1827
5.7868 -12.1827
5.63452 -12.0305
5.48223 -12.0305
5.32995 -12.0305
5.17766 -11.8782
5.02538 -11.8782
4.8731 -11.8782
4.72081 -11.7259
4.56853 -11.7259
4.26396 -11.5736
4.11168 -11.5736
3.95939 -11.4213
3.80711 -11.4213
3.65482 -11.269
3.50254 -11.269
3.35025 -11.1168
3.19797 -11.1168
3.19797 -10.9645
3.04569 -10.8122
2.8934 -10.8122
2.74112 -10.6599
2.58883 -10.6599
2.43655 -10.5076
2.28426 -10.3553
2.13198 -10.3553
1.9797 -10.203
1.9797 -10.0508
1.82741 -9.89848
1.67513 -9.89848
1.52284 -9.74619
1.52284 -9.59391
1.37056 -9.59391
1.21827 -9.44162
1.06599 -9.28934
1.06599 -9.13706
0.913706 -9.13706
0.761421 -8.98477
0.761421 -8.83249
0.609137 -8.6802
0.609137 -8.52792
0.456853 -8.52792
0.304569 -8.37563
0.304569 -8.22335
0.152284 -8.07107
0.152284 -8.07107
0 -7.91878
0 -7.7665
-0.152284 -7.61421
-0.304569 -7.46193
-0.304569 -7.46193
-0.456853 -7.30964
-0.456853 -7.15736
-0.609137 -7.00508
-0.609137 -6.85279
-0.761421 -6.85279
-0.761421 -6.70051
-0.913706 -6.54822
-0.913706 -6.39594
-1.06599 -6.39594
-1.06599 -6.24365
-1.21827 -6.09137
-1.21827 -5.93909
-1.37056 -5.93909
-1.37056 -5.7868
-1.52284 -5.63452
-1.67513 -5.48223
-1.67513 -5.32995
-1.82741 -5.32995
-1.82741 -5.17766
-1.9797 -5.02538
-1.9797 -4.8731
-2.13198 -4.72081
-2.28426 -4.72081
-2.28426 -4.56853
-2.43655 -4.41624
-2.58883 -4.26396
-2.58883 -4.11168
-2.74112 -3.95939
-2.8934 -3.80711
-2.8934 -3.80711
-3.04569 -3.65482
-3.19797 -3.50254
-3.19797 -3.35025
-3.35025 -3.19797
-3.50254 -3.04569
-3.50254 -2.8934
-3.65482 -2.74112
-3.80711 -2.58883
-3.80711 -2.43655
-3.95939 -2.13198
-4.11168 -1.9797
-4.11168 -1.82741
-4.26396 -1.67513
-4.26396 -1.52284
-4.41624 -1.37056
-4.41624 -1.06599
-4.56853 -0.913706
-4.56853 -0.761421
-4.56853 -0.609137
-4.72081 -0.304569
-4.72081 -0.152284
-4.72081 0
-4.72081 0.304569
-4.72081 0.456853
-4.72081 0.609137
-4.72081 0.761421
-4.72081 1.06599
-4.72081 1.21827
-4.72081 1.37056
-4.72081 1.67513
-4.72081 1.82741
-4.56853 1.9797
-4.56853 2.13198
-4.56853 2.43655
-4.41624 2.58883
-4.41624 2.74112
-4.26396 2.8934
-4.26396 3.04569
-4.11168 3.35025
-3.95939 3.50254
-3.95939 3.65482
-3.80711 3.80711
-3.65482 3.95939
-3.65482 4.11168
-3.50254 4.26396
-3.35025 4.41624
-3.19797 4.56853
-3.04569 4.72081
-2.8934 4.8731
-2.74112 5.02538
-2.74112 5.17766
-2.58883 5.32995
-2.43655 5.32995
-2.28426 5.48223
-2.13198 5.63452
-1.9797 5.7868
-1.82741 5.7868
-1.52284 5.93909
-1.37056 6.09137
-1.21827 6.09137
-1.06599 6.24365
-0.913706 6.39594
-0.761421 6.39594
-0.609137 6.54822
-0.456853 6.54822
-0.304569 6.70051
0 6.70051
0.152284 6.85279
0.304569 6.85279
0.456853 6.85279
0.609137 7.00508
0.761421 7.00508
1.06599 7.00508
1.21827 7.15736
1.37056 7.15736
1.52284 7.15736
1.67513 7.15736
1.9797 7.30964
2.13198 7.30964
2.28426 7.30964
2.43655 7.30964
2.58883 7.30964
2.74112 7.30964
3.04569 7.30964
3.19797 7.46193
3.35025 7.46193
3.50254 7.46193
3.65482 7.46193
3.80711 7.46193
3.95939 7.46193
4.26396 7.46193
4.41624 7.46193
4.56853 7.46193
4.72081 7.46193
4.8731 7.30964
5.02538 7.30964
5.17766 7.30964
5.32995 7.30964
5.48223 7.30964
5.63452 7.30964
5.7868 7.30964
6.09137 7.30964
6.24365 7.30964
6.39594 7.30964
6.54822 7.15736
6.70051 7.15736
6.85279 7.15736
7.00508 7.15736
7.15736 7.15736
7.30964 7.00508
7.46193 7.00508
7.61421 7.00508
7.7665 7.00508
7.91878 6.85279
8.07107 6.85279
8.22335 6.85279
8.37563 6.70051
8.52792 6.70051
8.6802 6.54822
8.83249 6.54822
8.98477 6.39594
9.13706 6.39594
9.28934 6.24365
9.28934 6.24365
9.44162 6.09137
9.59391 6.09137
9.74619 5.93909
9.89848 5.7868
10.0508 5.7868
10.0508 5.63452
10.203 5.63452
10.3553 5.48223
10.5076 5.32995
10.6599 5.32995
10.6599 5.17766
10.8122 5.02538
10.9645 5.02538
11.1168 4.8731
11.1168 4.72081
11.269 4.72081
11.4213 4.56853
11.5736 4.41624
11.5736 4.41624
11.7259 4.26396
11.8782 4.11168
12.0305 4.11168
12.0305 3.95939
12.1827 3.80711
12.335 3.80711
12.4873 3.65482
12.4873 3.50254
12.6396 3.50254
12.7919 3.35025
12.9442 3.19797
12.9442 3.19797
13.0964 3.04569
13.2487 2.8934
13.2487 2.8934
13.401 2.74112
13.5533 2.58883
13.7056 2.43655
13.7056 2.28426
13.8579 2.28426
14.0102 2.13198
14.0102 1.9797
14.1624 1.82741
14.1624 1.67513
14.3147 1.52284
14.3147 1.37056
14.467 1.21827
14.467 1.06599
14.6193 0.913706
14.6193 0.761421
14.7716 0.609137
14.7716 0.456853
14.7716 0.304569
14.9239 0.152284
14.9239 0
14.9239 -0.152284
15.0761 -0.304569
15.0761 -0.456853
15.0761 -0.609137
15.0761 -0.761421
15.2284 -0.913706
15.2284 -1.06599
15.2284 -1.21827
15.2284 -1.37056
15.3807 -1.52284
15.3807 -1.67513
15.3807 -1.82741
