15.533 -2.13198
15.533 -2.28426
15.533 -2.43655
15.533 -2.58883
15.533 -2.74112
15.533 -2.8934
15.533 -3.04569
15.533 -3.35025
15.533 -3.50254
15.533 -3.65482
15.533 -3.80711
15.533 -3.95939
15.533 -4.11168
15.533 -4.41624
15.6853 -4.56853
15.6853 -4.72081
15.6853 -4.8731
15.6853 -5.02538
15.6853 -5.32995
15.6853 -5.48223
15.6853 -5.63452
15.6853 -5.7868
15.6853 -6.09137
15.6853 -6.24365
15.533 -6.39594
15.533 -6.54822
15.533 -6.85279
15.3807 -7.00508
15.3807 -7.15736
15.2284 -7.30964
15.2284 -7.46193
15.0761 -7.61421
15.0761 -7.7665
14.9239 -7.91878
14.7716 -8.07107
14.7716 -8.22335
14.6193 -8.37563
14.467 -8.52792
14.3147 -8.6802
14.1624 -8.83249
14.1624 -8.98477
14.0102 -9.13706
13.8579 -9.28934
13.7056 -9.44162
13.5533 -9.59391
13.401 -9.59391
13.2487 -9.74619
13.0964 -9.89848
12.9442 -10.0508
12.9442 -10.203
12.7919 -10.3553
12.6396 -10.3553
12.4873 -10.5076
12.335 -10.6599
12.1827 -10.8122
12.0305 -10.9645
11.8782 -11.1168
11.7259 -11.1168
11.5736 -11.269
11.4213 -11.4213
11.269 -11.5736
11.1168 -11.5736
10.9645 -11.7259
10.8122 -11.8782
10.6599 -11.8782
10.5076 -12.0305
10.3553 -12.0305
10.203 -12.1827
9.89848 -12.1827
9.74619 -12.335
9.59391 -12.335
9.44162 -12.4873
9.28934 -12.4873
8.98477 -12.4873
8.83249 -12.4873
8.6802 -12.6396
8.52792 -12.6396
8.22335 -12.6396
8.07107 -12.6396
7.91878 -12.6396
7.7665 -12.6396
7.46193 -12.6396
7.30964 -12.6396
7.15736 -12.6396
7.00508 -12.4873
6.70051 -12.4873
6.54822 -12.4873
6.39594 -12.4873
6.24365 -12.335
6.09137 -12.335
5.7868 -12.335
5.63452 -12.1827
5.48223 -12.1827
5.32995 -12.0305
5.17766 -12.0305
5.02538 -12.0305
4.8731 -11.8782
4.72081 -11.8782
4.56853 -11.7259
4.26396 -11.7259
4.11168 -11.5736
3.95939 -11.5736
3.80711 -11.4213
3.65482 -11.4213
3.50254 -11.269
3.35025 -11.269
3.19797 -11.1168
3.04569 -11.1168
3.04569 -10.9645
2.8934 -10.8122
2.74112 -10.8122
2.58883 -10.6599
2.43655 -10.6599
2.28426 -10.5076
2.13198 -10.3553
1.9797 -10.3553
1.82741 -10.203
1.82741 -10.203
1.67513 -10.0508
1.52284 -9.89848
1.37056 -9.89848
1.21827 -9.74619
1.21827 -9.59391
1.06599 -9.44162
0.913706 -9.44162
0.761421 -9.28934
0.761421 -9.13706
0.609137 -8.98477
0.456853 -8.98477
0.456853 -8.83249
0.304569 -8.6802
0.152284 -8.52792
0.152284 -8.52792
0 -8.37563
0 -8.22335
-0.152284 -8.07107
-0.304569 -8.07107
-0.304569 -7.91878
-0.456853 -7.7665
-0.456853 -7.61421
-0.609137 -7.46193
-0.609137 -7.46193
-0.761421 -7.30964
-0.913706 -7.15736
-0.913706 -7.00508
-1.06599 -6.85279
-1.06599 -6.70051
-1.21827 -6.70051
-1.21827 -6.54822
-1.37056 -6.39594
-1.37056 -6.24365
-1.52284 -6.09137
-1.52284 -6.09137
-1.67513 -5.93909
-1.67513 -5.7868
-1.82741 -5.63452
-1.82741 -5.48223
-1.9797 -5.32995
-1.9797 -5.32995
-2.13198 -5.17766
-2.13198 -5.02538
-2.28426 -4.8731
-2.28426 -4.72081
-2.43655 -4.56853
-2.43655 -4.41624
-2.58883 -4.41624
-2.58883 -4.26396
-2.74112 -4.11168
-2.8934 -3.95939
-2.8934 -3.80711
-3.04569 -3.65482
-3.19797 -3.50254
-3.19797 -3.35025
-3.35025 -3.19797
-3.35025 -3.04569
-3.50254 -2.8934
-3.65482 -2.74112
-3.65482 -2.58883
-3.80711 -2.43655
-3.95939 -2.28426
-3.95939 -2.13198
-4.11168 -1.9797
-4.11168 -1.67513
-4.26396 -1.52284
-4.26396 -1.37056
-4.41624 -1.21827
-4.41624 -1.06599
-4.56853 -0.761421
-4.56853 -0.609137
-4.56853 -0.456853
-4.72081 -0.304569
-4.72081 0
-4.72081 0.152284
-4.72081 0.304569
-4.72081 0.609137
-4.72081 0.761421
-4.72081 0.913706
-4.72081 1.21827
-4.72081 1.37056
-4.72081 1.52284
-4.72081 1.67513
-4.72081 1.9797
-4.56853 2.13198
-4.56853 2.28426
-4.56853 2.58883
-4.41624 2.74112
-4.41624 2.8934
-4.26396 3.04569
-4.26396 3.19797
-4.11168 3.50254
-4.11168 3.65482
-3.95939 3.80711
-3.80711 3.95939
-3.80711 4.11168
-3.65482 4.26396
-3.50254 4.41624
-3.35025 4.56853
-3.19797 4.72081
-3.19797 4.8731
-3.04569 5.02538
-2.8934 5.17766
-2.74112 5.32995
-2.58883 5.48223
-2.43655 5.63452
-2.28426 5.7868
-2.13198 5.93909
-1.9797 5.93909
-1.82741 6.09137
-1.67513 6.24365
-1.52284 6.39594
-1.21827 6.39594
-1.06599 6.54822
-0.913706 6.54822
-0.761421 6.70051
-0.609137 6.85279
-0.456853 6.85279
-0.304569 7.00508
0 7.00508
0.152284 7.15736
0.304569 7.15736
0.456853 7.15736
0.609137 7.30964
0.913706 7.30964
1.06599 7.30964
1.21827 7.46193
1.37056 7.46193
1.52284 7.46193
1.82741 7.46193
1.9797 7.61421
2.13198 7.61421
2.28426 7.61421
2.43655 7.61421
2.74112 7.61421
2.8934 7.61421
3.04569 7.7665
3.19797 7.7665
3.35025 7.7665
3.65482 7.7665
3.80711 7.7665
3.95939 7.7665
4.11168 7.7665
4.26396 7.7665
4.41624 7.7665
4.72081 7.61421
4.8731 7.61421
5.02538 7.61421
5.17766 7.61421
5.32995 7.61421
5.48223 7.61421
5.63452 7.61421
5.7868 7.61421
6.09137 7.46193
6.24365 7.46193
6.39594 7.46193
6.54822 7.46193
6.70051 7.30964
6.85279 7.30964
7.00508 7.30964
7.15736 7.30964
7.30964 7.15736
7.46193 7.15736
7.61421 7.15736
7.7665 7.00508
7.91878 7.00508
8.07107 7.00508
8.22335 6.85279
8.37563 6.85279
8.52792 6.85279
8.6802 6.70051
8.83249 6.70051
8.98477 6.54822
9.13706 6.54822
9.28934 6.39594
9.44162 6.39594
9.59391 6.39594
9.74619 6.24365
9.89848 6.24365
10.0508 6.09137
10.203 6.09137
10.3553 5.93909
10.5076 5.7868
10.5076 5.7868
10.6599 5.63452
10.8122 5.63452
10.9645 5.48223
11.1168 5.48223
11.269 5.32995
11.4213 5.17766
11.4213 5.17766
11.5736 5.02538
11.7259 4.8731
11.8782 4.8731
12.0305 4.72081
12.0305 4.56853
12.1827 4.41624
12.335 4.41624
12.4873 4.26396
12.4873 4.11168
12.6396 3.95939
12.7919 3.95939
12.7919 3.80711
12.9442 3.65482
13.0964 3.50254
13.0964 3.35025
13.2487 3.19797
13.401 3.19797
13.401 3.04569
13.5533 2.8934
13.5533 2.74112
13.7056 2.58883
13.7056 2.43655
13.8579 2.28426
14.0102 2.13198
14.0102 2.13198
14.1624 1.9797
14.1624 1.82741
14.3147 1.67513
14.3147 1.52284
14.467 1.37056
14.467 1.21827
14.6193 1.06599
14.6193 0.913706
14.6193 0.761421
14.7716 0.609137
14.7716 0.456853
14.9239 0.304569
14.9239 0.152284
15.0761 0
15.0761 -0.152284
15.0761 -0.304569
15.2284 -0.456853
15.2284 -0.609137
15.2284 -0.761421
15.3807 -0.913706
15.3807 -1.06599
15.3807 -1.21827
15.3807 -1.37056
15.533 -1.52284
15.533 -1.82741
15.533 -1.9797
