15.3807 -1.67513
15.3807 -1.82741
15.3807 -1.9797
15.3807 -2.13198
15.3807 -2.28426
15.3807 -2.43655
15.533 -2.74112
15.533 -2.8934
15.533 -3.04569
15.533 -3.19797
15.533 -3.35025
15.6853 -3.50254
15.6853 -3.80711
15.6853 -3.95939
15.6853 -4.11168
15.8376 -4.26396
15.8376 -4.56853
15.8376 -4.72081
15.8376 -4.8731
15.8376 -5.17766
15.8376 -5.32995
15.8376 -5.48223
15.8376 -5.7868
15.8376 -5.93909
15.6853 -6.09137
15.6853 -6.24365
15.6853 -6.54822
15.533 -6.70051
15.533 -6.85279
15.3807 -7.00508
15.3807 -7.15736
15.2284 -7.30964
15.0761 -7.46193
15.0761 -7.61421
14.9239 -7.7665
14.7716 -7.91878
14.6193 -8.07107
14.467 -8.22335
14.467 -8.37563
14.3147 -8.52792
14.1624 -8.6802
14.0102 -8.83249
13.8579 -8.98477
13.7056 -9.13706
13.5533 -9.28934
13.401 -9.28934
13.2487 -9.44162
13.0964 -9.59391
13.0964 -9.74619
12.9442 -9.89848
12.7919 -10.0508
12.6396 -10.203
12.4873 -10.203
12.335 -10.3553
12.1827 -10.5076
12.0305 -10.6599
11.8782 -10.8122
11.7259 -10.9645
11.5736 -11.1168
11.4213 -11.1168
11.269 -11.269
11.1168 -11.4213
10.9645 -11.5736
10.8122 -11.5736
10.6599 -11.7259
10.5076 -11.8782
10.3553 -12.0305
10.203 -12.0305
9.89848 -12.1827
9.74619 -12.1827
9.59391 -12.335
9.44162 -12.335
9.28934 -12.4873
8.98477 -12.4873
8.83249 -12.4873
8.6802 -12.4873
8.52792 -12.6396
8.22335 -12.6396
8.07107 -12.6396
7.91878 -12.6396
7.61421 -12.6396
7.46193 -12.6396
7.30964 -12.6396
7.00508 -12.4873
6.85279 -12.4873
6.70051 -12.4873
6.54822 -12.4873
6.24365 -12.4873
6.09137 -12.335
5.93909 -12.335
5.7868 -12.1827
5.48223 -12.1827
5.32995 -12.1827
5.17766 -12.0305
5.02538 -12.0305
4.8731 -11.8782
4.72081 -11.8782
4.41624 -11.7259
4.26396 -11.7259
4.11168 -11.5736
3.95939 -11.5736
3.80711 -11.4213
3.65482 -11.4213
3.50254 -11.269
3.35025 -11.269
3.19797 -11.1168
3.04569 -10.9645
2.8934 -10.9645
2.74112 -10.8122
2.58883 -10.8122
2.43655 -10.6599
2.28426 -10.5076
2.13198 -10.5076
1.9797 -10.3553
1.82741 -10.203
1.82741 -10.203
1.67513 -10.0508
1.52284 -9.89848
1.37056 -9.89848
1.21827 -9.74619
1.06599 -9.59391
1.06599 -9.44162
0.913706 -9.44162
0.761421 -9.28934
0.609137 -9.13706
0.609137 -8.98477
0.456853 -8.98477
0.304569 -8.83249
0.304569 -8.6802
0.152284 -8.52792
0 -8.37563
0 -8.37563
-0.152284 -8.22335
-0.304569 -8.07107
-0.304569 -7.91878
-0.456853 -7.7665
-0.456853 -7.61421
-0.609137 -7.61421
-0.609137 -7.46193
-0.761421 -7.30964
-0.913706 -7.15736
-0.913706 -7.00508
-1.06599 -6.85279
-1.06599 -6.85279
-1.21827 -6.70051
-1.21827 -6.54822
-1.37056 -6.39594
-1.37056 -6.24365
-1.52284 -6.09137
-1.52284 -6.09137
-1.67513 -5.93909
-1.67513 -5.7868
-1.82741 -5.63452
-1.82741 -5.48223
-1.9797 -5.32995
-1.9797 -5.17766
-2.13198 -5.17766
-2.13198 -5.02538
-2.28426 -4.8731
-2.28426 -4.72081
-2.43655 -4.56853
-2.43655 -4.41624
-2.58883 -4.26396
-2.58883 -4.26396
-2.74112 -4.11168
-2.74112 -3.95939
-2.8934 -3.80711
-2.8934 -3.65482
-3.04569 -3.50254
-3.19797 -3.35025
-3.19797 -3.19797
-3.35025 -3.04569
-3.35025 -2.8934
-3.50254 -2.74112
-3.65482 -2.58883
-3.65482 -2.43655
-3.80711 -2.28426
-3.80711 -2.13198
-3.95939 -1.9797
-4.11168 -1.82741
-4.11168 -1.67513
-4.26396 -1.52284
-4.26396 -1.37056
-4.41624 -1.06599
-4.41624 -0.913706
-4.41624 -0.761421
-4.56853 -0.609137
-4.56853 -0.304569
-4.72081 -0.152284
-4.72081 0
-4.72081 0.152284
-4.72081 0.456853
-4.72081 0.609137
-4.8731 0.761421
-4.8731 0.913706
-4.8731 1.21827
-4.8731 1.37056
-4.8731 1.52284
-4.72081 1.82741
-4.72081 1.9797
-4.72081 2.13198
-4.72081 2.28426
-4.72081 2.58883
-4.56853 2.74112
-4.56853 2.8934
-4.56853 3.04569
-4.41624 3.35025
-4.41624 3.50254
-4.26396 3.65482
-4.26396 3.80711
-4.11168 3.95939
-3.95939 4.26396
-3.95939 4.41624
-3.80711 4.56853
-3.65482 4.72081
-3.65482 4.8731
-3.50254 5.02538
-3.35025 5.17766
-3.19797 5.32995
-3.04569 5.48223
-2.8934 5.63452
-2.74112 5.7868
-2.58883 5.93909
-2.43655 6.09137
-2.43655 6.24365
-2.28426 6.24365
-1.9797 6.39594
-1.82741 6.54822
-1.67513 6.70051
-1.52284 6.70051
-1.37056 6.85279
-1.21827 7.00508
-1.06599 7.00508
-0.913706 7.15736
-0.761421 7.30964
-0.609137 7.30964
-0.304569 7.46193
-0.152284 7.46193
0 7.61421
0.152284 7.61421
0.304569 7.7665
0.456853 7.7665
0.761421 7.7665
0.913706 7.91878
1.06599 7.91878
1.21827 7.91878
1.37056 8.07107
1.67513 8.07107
1.82741 8.07107
1.9797 8.07107
2.13198 8.22335
2.28426 8.22335
2.58883 8.22335
2.74112 8.22335
2.8934 8.22335
3.04569 8.22335
3.19797 8.22335
3.50254 8.22335
3.65482 8.22335
3.80711 8.22335
3.95939 8.22335
4.11168 8.22335
4.26396 8.22335
4.56853 8.22335
4.72081 8.22335
4.8731 8.22335
5.02538 8.22335
5.17766 8.22335
5.32995 8.22335
5.63452 8.22335
5.7868 8.07107
5.93909 8.07107
6.09137 8.07107
6.24365 8.07107
6.39594 7.91878
6.54822 7.91878
6.70051 7.91878
6.85279 7.91878
7.00508 7.7665
7.15736 7.7665
7.30964 7.7665
7.61421 7.61421
7.7665 7.61421
7.91878 7.61421
8.07107 7.46193
8.22335 7.46193
8.37563 7.46193
8.52792 7.30964
8.6802 7.30964
8.83249 7.15736
8.98477 7.15736
9.13706 7.15736
9.28934 7.00508
9.44162 7.00508
9.59391 6.85279
9.74619 6.85279
9.89848 6.70051
10.0508 6.70051
10.0508 6.54822
10.203 6.54822
10.3553 6.39594
10.5076 6.39594
10.6599 6.24365
10.8122 6.24365
10.9645 6.09137
11.1168 5.93909
11.269 5.93909
11.4213 5.7868
11.4213 5.7868
11.5736 5.63452
11.7259 5.48223
11.8782 5.32995
12.0305 5.32995
12.0305 5.17766
12.1827 5.02538
12.335 4.8731
12.4873 4.8731
12.4873 4.72081
12.6396 4.56853
12.7919 4.41624
12.7919 4.26396
12.9442 4.11168
12.9442 4.11168
13.0964 3.95939
13.2487 3.80711
13.2487 3.65482
13.401 3.50254
13.401 3.35025
13.5533 3.19797
13.5533 3.04569
13.7056 2.8934
13.7056 2.74112
13.8579 2.74112
13.8579 2.58883
14.0102 2.43655
14.0102 2.28426
14.1624 2.13198
14.1624 1.9797
14.3147 1.82741
14.3147 1.67513
14.467 1.52284
14.467 1.37056
14.6193 1.21827
14.6193 1.06599
14.7716 0.913706
14.7716 0.761421
14.9239 0.609137
14.9239 0.456853
15.0761 0.304569
15.0761 0.152284
15.0761 0
15.2284 -0.152284
15.2284 -0.304569
15.2284 -0.456853
15.3807 -0.609137
15.3807 -0.761421
15.3807 -0.913706
15.3807 -1.06599
15.3807 -1.37056
15.3807 -1.52284
