14.7716 -0.913706
14.9239 -1.06599
14.9239 -1.21827
14.9239 -1.37056
15.0761 -1.52284
15.0761 -1.67513
15.0761 -1.82741
15.0761 -2.13198
15.0761 -2.28426
15.0761 -2.43655
15.0761 -2.58883
15.0761 -2.74112
15.0761 -2.8934
15.0761 -3.19797
15.0761 -3.35025
15.0761 -3.50254
15.0761 -3.65482
15.0761 -3.80711
15.0761 -4.11168
15.0761 -4.26396
15.0761 -4.41624
14.9239 -4.56853
14.9239 -4.72081
14.9239 -4.8731
14.7716 -5.17766
14.7716 -5.32995
14.7716 -5.48223
14.6193 -5.63452
14.6193 -5.7868
14.467 -5.93909
14.467 -6.09137
14.3147 -6.39594
14.3147 -6.54822
14.1624 -6.70051
14.0102 -6.85279
14.0102 -7.00508
13.8579 -7.15736
13.7056 -7.30964
13.7056 -7.46193
13.5533 -7.61421
13.401 -7.7665
13.401 -7.91878
13.2487 -8.07107
13.0964 -8.22335
12.9442 -8.37563
12.7919 -8.52792
12.7919 -8.6802
12.6396 -8.83249
12.4873 -8.83249
12.335 -8.98477
12.1827 -9.13706
12.0305 -9.28934
11.8782 -9.44162
11.8782 -9.59391
11.7259 -9.74619
11.5736 -9.89848
11.4213 -9.89848
11.269 -10.0508
11.1168 -10.203
10.9645 -10.3553
10.8122 -10.3553
10.6599 -10.5076
10.3553 -10.6599
10.203 -10.6599
10.0508 -10.8122
9.89848 -10.9645
9.74619 -10.9645
9.59391 -11.1168
9.44162 -11.1168
9.28934 -11.269
8.98477 -11.269
8.83249 -11.4213
8.6802 -11.4213
8.52792 -11.5736
8.37563 -11.5736
8.07107 -11.5736
7.91878 -11.5736
7.7665 -11.7259
7.46193 -11.7259
7.30964 -11.7259
7.15736 -11.7259
7.00508 -11.7259
6.70051 -11.7259
6.54822 -11.7259
6.39594 -11.7259
6.24365 -11.7259
5.93909 -11.7259
5.7868 -11.7259
5.63452 -11.7259
5.48223 -11.5736
5.17766 -11.5736
5.02538 -11.5736
4.8731 -11.5736
4.72081 -11.4213
4.56853 -11.4213
4.26396 -11.269
4.11168 -11.269
3.95939 -11.269
3.80711 -11.1168
3.65482 -11.1168
3.50254 -10.9645
3.35025 -10.9645
3.04569 -10.8122
2.8934 -10.6599
2.74112 -10.6599
2.58883 -10.5076
2.43655 -10.3553
2.28426 -10.3553
2.13198 -10.203
1.9797 -10.0508
1.82741 -10.0508
1.82741 -9.89848
1.67513 -9.74619
1.52284 -9.74619
1.37056 -9.59391
1.21827 -9.44162
1.06599 -9.28934
0.913706 -9.28934
0.761421 -9.13706
0.761421 -8.98477
0.609137 -8.98477
0.456853 -8.83249
0.304569 -8.6802
0.152284 -8.52792
0.152284 -8.52792
0 -8.37563
-0.152284 -8.22335
-0.304569 -8.07107
-0.304569 -8.07107
-0.456853 -7.91878
-0.609137 -7.7665
-0.609137 -7.61421
-0.761421 -7.46193
-0.913706 -7.46193
-0.913706 -7.30964
-1.06599 -7.15736
-1.21827 -7.00508
-1.21827 -6.85279
-1.37056 -6.85279
-1.52284 -6.70051
-1.52284 -6.54822
-1.67513 -6.39594
-1.67513 -6.24365
-1.82741 -6.09137
-1.82741 -6.09137
-1.9797 -5.93909
-1.9797 -5.7868
-2.13198 -5.63452
-2.13198 -5.48223
-2.28426 -5.32995
-2.28426 -5.17766
-2.28426 -5.02538
-2.43655 -4.8731
-2.43655 -4.72081
-2.58883 -4.56853
-2.58883 -4.56853
-2.58883 -4.41624
-2.74112 -4.26396
-2.74112 -4.11168
-2.74112 -3.95939
-2.8934 -3.80711
-2.8934 -3.65482
-2.8934 -3.50254
-3.04569 -3.35025
-3.04569 -3.19797
-3.19797 -3.04569
-3.19797 -2.8934
-3.19797 -2.74112
-3.35025 -2.74112
-3.35025 -2.58883
-3.50254 -2.43655
-3.50254 -2.28426
-3.50254 -2.13198
-3.65482 -1.9797
-3.65482 -1.82741
-3.80711 -1.67513
-3.80711 -1.52284
-3.95939 -1.37056
-3.95939 -1.21827
-4.11168 -1.06599
-4.11168 -0.913706
-4.11168 -0.761421
-4.26396 -0.456853
-4.26396 -0.304569
-4.41624 -0.152284
-4.41624 0
-4.41624 0.152284
-4.56853 0.304569
-4.56853 0.456853
-4.56853 0.761421
-4.72081 0.913706
-4.72081 1.06599
-4.72081 1.21827
-4.72081 1.52284
-4.72081 1.67513
-4.8731 1.82741
-4.8731 1.9797
-4.8731 2.28426
-4.8731 2.43655
-4.8731 2.58883
-4.8731 2.74112
-4.8731 3.04569
-4.72081 3.19797
-4.72081 3.35025
-4.72081 3.65482
-4.72081 3.80711
-4.72081 3.95939
-4.56853 4.11168
-4.56853 4.41624
-4.41624 4.56853
-4.41624 4.72081
-4.41624 4.8731
-4.26396 5.02538
-4.11168 5.32995
-4.11168 5.48223
-3.95939 5.63452
-3.80711 5.7868
-3.80711 5.93909
-3.65482 6.09137
-3.50254 6.24365
-3.35025 6.39594
-3.19797 6.54822
-3.19797 6.70051
-3.04569 6.85279
-2.8934 7.00508
-2.74112 7.00508
-2.58883 7.15736
-2.43655 7.30964
-2.28426 7.46193
-1.9797 7.46193
-1.82741 7.61421
-1.67513 7.7665
-1.52284 7.7665
-1.37056 7.91878
-1.21827 8.07107
-1.06599 8.07107
-0.913706 8.22335
-0.761421 8.22335
-0.456853 8.37563
-0.304569 8.37563
-0.152284 8.52792
0 8.52792
0.152284 8.6802
0.456853 8.6802
0.609137 8.6802
0.761421 8.83249
0.913706 8.83249
1.06599 8.83249
1.21827 8.98477
1.52284 8.98477
1.67513 8.98477
1.82741 8.98477
1.9797 9.13706
2.13198 9.13706
2.43655 9.13706
2.58883 9.13706
2.74112 9.13706
2.8934 9.13706
3.04569 9.13706
3.35025 9.13706
3.50254 9.28934
3.65482 9.28934
3.80711 9.28934
3.95939 9.28934
4.11168 9.13706
4.41624 9.13706
4.56853 9.13706
4.72081 9.13706
4.8731 9.13706
5.02538 9.13706
5.17766 9.13706
5.32995 9.13706
5.63452 8.98477
5.7868 8.98477
5.93909 8.98477
6.09137 8.98477
6.24365 8.83249
6.39594 8.83249
6.54822 8.83249
6.70051 8.6802
6.85279 8.6802
7.00508 8.6802
7.30964 8.52792
7.46193 8.52792
7.61421 8.52792
7.7665 8.37563
7.91878 8.37563
8.07107 8.22335
8.22335 8.22335
8.37563 8.22335
8.52792 8.07107
8.6802 8.07107
8.83249 7.91878
8.98477 7.91878
9.13706 7.7665
9.28934 7.7665
9.44162 7.7665
9.59391 7.61421
9.74619 7.46193
9.89848 7.46193
10.0508 7.30964
10.0508 7.30964
10.203 7.15736
10.3553 7.15736
10.5076 7.00508
10.6599 7.00508
10.8122 6.85279
10.9645 6.70051
11.1168 6.70051
11.269 6.54822
11.269 6.39594
11.4213 6.24365
11.5736 6.24365
11.7259 6.09137
11.8782 5.93909
11.8782 5.7868
12.0305 5.7868
12.1827 5.63452
12.1827 5.48223
12.335 5.32995
12.4873 5.17766
12.4873 5.02538
12.6396 4.8731
12.7919 4.8731
12.7919 4.72081
12.9442 4.56853
12.9442 4.41624
13.0964 4.26396
13.0964 4.11168
13.2487 3.95939
13.2487 3.80711
13.401 3.65482
13.401 3.50254
13.5533 3.35025
13.5533 3.19797
13.7056 3.04569
13.7056 2.8934
13.8579 2.74112
13.8579 2.58883
14.0102 2.43655
14.0102 2.28426
14.1624 2.13198
14.1624 1.9797
14.1624 1.82741
14.3147 1.67513
14.3147 1.52284
14.3147 1.37056
14.467 1.21827
14.467 1.06599
14.467 0.913706
14.6193 0.761421
14.6193 0.609137
14.6193 0.456853
14.6193 0.304569
14.7716 0.152284
14.7716 0
14.7716 -0.152284
14.7716 -0.304569
14.7716 -0.456853
14.7716 -0.609137
