6.39594 2.28426
6.54822 1.82741
6.54822 1.52284
6.70051 1.21827
6.70051 0.913706
6.70051 0.609137
6.70051 0.304569
6.70051 -0.152284
6.54822 -0.456853
6.54822 -0.761421
6.39594 -1.06599
6.39594 -1.37056
6.24365 -1.67513
6.09137 -1.9797
5.93909 -2.28426
5.7868 -2.58883
5.63452 -2.8934
5.48223 -3.19797
5.17766 -3.50254
5.02538 -3.65482
4.8731 -3.95939
4.56853 -4.26396
4.26396 -4.41624
4.11168 -4.72081
3.80711 -4.8731
3.65482 -5.17766
3.35025 -5.32995
3.04569 -5.48223
2.74112 -5.7868
2.58883 -5.93909
2.28426 -6.09137
1.9797 -6.24365
1.67513 -6.39594
1.37056 -6.54822
1.06599 -6.70051
0.913706 -6.85279
0.609137 -7.00508
0.304569 -7.15736
0 -7.30964
-0.304569 -7.46193
-0.609137 -7.61421
-0.761421 -7.61421
-1.06599 -7.7665
-1.37056 -7.91878
-1.52284 -8.07107
-1.82741 -8.07107
-2.13198 -8.22335
-2.28426 -8.37563
-2.58883 -8.52792
-2.74112 -8.52792
-3.04569 -8.6802
-3.19797 -8.83249
-3.50254 -8.98477
-3.65482 -8.98477
-3.95939 -9.13706
-4.11168 -9.28934
-4.41624 -9.44162
-4.56853 -9.59391
-4.72081 -9.59391
-5.02538 -9.74619
-5.17766 -9.89848
-5.48223 -10.0508
-5.63452 -10.203
-5.7868 -10.203
-6.09137 -10.3553
-6.24365 -10.5076
-6.54822 -10.5076
-6.70051 -10.6599
-7.00508 -10.6599
-7.15736 -10.8122
-7.46193 -10.9645
-7.61421 -10.9645
-7.91878 -10.9645
-8.07107 -11.1168
-8.37563 -11.1168
-8.6802 -11.1168
-8.83249 -11.1168
-9.13706 -11.269
-9.28934 -11.269
-9.59391 -11.269
-9.89848 -11.269
-10.0508 -11.269
-10.3553 -11.269
-10.5076 -11.269
-10.8122 -11.1168
-10.9645 -11.1168
-11.269 -11.1168
-11.5736 -11.1168
-11.7259 -11.1168
-12.0305 -11.1168
-12.1827 -10.9645
-12.4873 -10.9645
-12.6396 -10.9645
-12.9442 -10.9645
-13.0964 -10.9645
-13.401 -10.8122
-13.5533 -10.8122
-13.8579 -10.8122
-14.0102 -10.8122
-14.3147 -10.8122
-14.467 -10.8122
-14.7716 -10.6599
-14.9239 -10.6599
-15.2284 -10.6599
-15.3807 -10.6599
-15.6853 -10.6599
-15.8376 -10.6599
-16.1421 -10.5076
-16.2944 -10.5076
-16.599 -10.5076
-16.9036 -10.5076
-17.0558 -10.5076
-17.3604 -10.5076
-17.5127 -10.3553
-17.8173 -10.3553
-18.1218 -10.3553
-18.2741 -10.203
-18.5787 -10.203
-18.731 -10.203
-19.0355 -10.0508
-19.3401 -10.0508
-19.4924 -10.0508
-19.797 -9.89848
-19.9492 -9.89848
-20.2538 -9.74619
-20.5584 -9.59391
-20.7107 -9.59391
-21.0152 -9.44162
-21.3198 -9.44162
-21.4721 -9.28934
-21.7766 -9.13706
-21.9289 -8.98477
-22.2335 -8.83249
-22.3858 -8.83249
-22.6904 -8.6802
-22.8426 -8.52792
-23.1472 -8.37563
-23.2995 -8.22335
-23.6041 -8.07107
-23.7563 -7.91878
-24.0609 -7.7665
-24.2132 -7.61421
-24.5178 -7.30964
-24.6701 -7.15736
-24.8223 -7.00508
-25.1269 -6.85279
-25.2792 -6.54822
-25.4315 -6.39594
-25.5838 -6.24365
-25.8883 -5.93909
-26.0406 -5.7868
-26.1929 -5.48223
-26.3452 -5.32995
-26.4975 -5.02538
-26.6497 -4.8731
-26.802 -4.56853
-26.9543 -4.41624
-27.1066 -4.11168
-27.2589 -3.80711
-27.4112 -3.65482
-27.4112 -3.35025
-27.5635 -3.04569
-27.7157 -2.74112
-27.7157 -2.58883
-27.868 -2.28426
-28.0203 -1.9797
-28.0203 -1.67513
-28.1726 -1.52284
-28.1726 -1.21827
-28.1726 -0.913706
-28.3249 -0.609137
-28.3249 -0.304569
-28.3249 0
-28.3249 0.304569
-28.3249 0.456853
-28.3249 0.761421
-28.4772 1.06599
-28.4772 1.37056
-28.3249 1.67513
-28.3249 1.9797
-28.3249 2.28426
-28.3249 2.43655
-28.3249 2.74112
-28.3249 3.04569
-28.1726 3.35025
-28.1726 3.65482
-28.1726 3.95939
-28.0203 4.11168
-28.0203 4.41624
-28.0203 4.72081
-27.868 5.02538
-27.868 5.32995
-27.7157 5.48223
-27.7157 5.7868
-27.5635 6.09137
-27.5635 6.39594
-27.4112 6.54822
-27.4112 6.85279
-27.2589 7.15736
-27.1066 7.30964
-27.1066 7.61421
-26.9543 7.91878
-26.802 8.07107
-26.802 8.37563
-26.6497 8.6802
-26.4975 8.83249
-26.3452 9.13706
-26.1929 9.44162
-26.1929 9.59391
-26.0406 9.89848
-25.8883 10.0508
-25.736 10.3553
-25.5838 10.5076
-25.4315 10.8122
-25.2792 10.9645
-24.9746 11.269
-24.8223 11.4213
-24.6701 11.5736
-24.5178 11.8782
-24.3655 12.0305
-24.0609 12.1827
-23.9086 12.4873
-23.7563 12.6396
-23.4518 12.7919
-23.2995 12.9442
-23.1472 13.0964
-22.8426 13.2487
-22.6904 13.401
-22.3858 13.5533
-22.2335 13.7056
-21.9289 13.8579
-21.7766 14.0102
-21.4721 14.1624
-21.1675 14.1624
-21.0152 14.3147
-20.7107 14.467
-20.5584 14.467
-20.2538 14.6193
-19.9492 14.6193
-19.6447 14.7716
-19.4924 14.7716
-19.1878 14.7716
-18.8832 14.9239
-18.731 14.9239
-18.4264 14.9239
-18.1218 14.9239
-17.8173 14.9239
-17.665 15.0761
-17.3604 15.0761
-17.0558 15.0761
-16.9036 15.0761
-16.599 14.9239
-16.2944 14.9239
-16.1421 14.9239
-15.8376 14.9239
-15.533 14.9239
-15.3807 14.9239
-15.0761 14.9239
-14.9239 14.7716
-14.6193 14.7716
-14.467 14.7716
-14.1624 14.7716
-14.0102 14.6193
-13.7056 14.6193
-13.5533 14.6193
-13.2487 14.6193
-13.0964 14.6193
-12.7919 14.6193
-12.6396 14.467
-12.4873 14.467
-12.1827 14.467
-12.0305 14.467
-11.7259 14.467
-11.5736 14.467
-11.4213 14.467
-11.1168 14.3147
-10.9645 14.3147
-10.6599 14.3147
-10.5076 14.3147
-10.3553 14.3147
-10.0508 14.3147
-9.89848 14.1624
-9.59391 14.1624
-9.44162 14.1624
-9.28934 14.1624
-8.98477 14.1624
-8.83249 14.0102
-8.52792 14.0102
-8.37563 14.0102
-8.22335 13.8579
-7.91878 13.8579
-7.7665 13.8579
-7.61421 13.7056
-7.30964 13.7056
-7.15736 13.5533
-6.85279 13.5533
-6.70051 13.401
-6.54822 13.401
-6.24365 13.2487
-6.09137 13.2487
-5.93909 13.0964
-5.63452 13.0964
-5.48223 12.9442
-5.32995 12.9442
-5.02538 12.7919
-4.8731 12.6396
-4.72081 12.6396
-4.41624 12.4873
-4.26396 12.4873
-3.95939 12.335
-3.80711 12.1827
-3.50254 12.1827
-3.35025 12.0305
-3.19797 11.8782
-2.8934 11.8782
-2.74112 11.7259
-2.43655 11.5736
-2.28426 11.5736
-1.9797 11.4213
-1.82741 11.269
-1.52284 11.1168
-1.37056 10.9645
-1.06599 10.9645
-0.761421 10.8122
-0.609137 10.6599
-0.304569 10.5076
-0.152284 10.3553
0.152284 10.203
0.304569 10.0508
0.609137 9.89848
0.761421 9.74619
1.06599 9.59391
1.37056 9.44162
1.52284 9.28934
1.82741 8.98477
1.9797 8.83249
2.28426 8.6802
2.43655 8.37563
2.58883 8.22335
2.8934 8.07107
3.04569 7.7665
3.35025 7.61421
3.50254 7.30964
3.65482 7.15736
3.95939 6.85279
4.11168 6.54822
4.26396 6.39594
4.56853 6.09137
4.72081 5.7868
4.8731 5.48223
5.02538 5.32995
5.17766 5.02538
5.32995 4.72081
5.48223 4.41624
5.63452 4.11168
5.7868 3.80711
5.93909 3.50254
6.09137 3.19797
6.24365 2.8934
6.24365 2.58883
