15.2284 -1.06599
15.2284 -1.21827
15.3807 -1.37056
15.3807 -1.52284
15.3807 -1.82741
15.533 -1.9797
15.533 -2.13198
15.533 -2.28426
15.6853 -2.43655
15.6853 -2.58883
15.6853 -2.8934
15.6853 -3.04569
15.6853 -3.19797
15.6853 -3.35025
15.6853 -3.65482
15.6853 -3.80711
15.6853 -3.95939
15.6853 -4.11168
15.6853 -4.26396
15.6853 -4.56853
15.6853 -4.72081
15.6853 -4.8731
15.533 -5.02538
15.533 -5.32995
15.533 -5.48223
15.3807 -5.63452
15.3807 -5.7868
15.2284 -5.93909
15.2284 -6.09137
15.0761 -6.24365
15.0761 -6.54822
14.9239 -6.70051
14.9239 -6.85279
14.7716 -7.00508
14.6193 -7.15736
14.6193 -7.30964
14.467 -7.46193
14.3147 -7.61421
14.1624 -7.7665
14.1624 -7.91878
14.0102 -8.07107
13.8579 -8.22335
13.7056 -8.37563
13.5533 -8.37563
13.5533 -8.52792
13.401 -8.6802
13.2487 -8.83249
13.0964 -8.98477
12.9442 -9.13706
12.7919 -9.28934
12.6396 -9.44162
12.6396 -9.59391
12.4873 -9.74619
12.335 -9.74619
12.1827 -9.89848
12.0305 -10.0508
11.8782 -10.203
11.7259 -10.3553
11.5736 -10.5076
11.4213 -10.5076
11.269 -10.6599
11.1168 -10.8122
10.9645 -10.9645
10.8122 -10.9645
10.6599 -11.1168
10.5076 -11.269
10.3553 -11.269
10.0508 -11.4213
9.89848 -11.5736
9.74619 -11.5736
9.59391 -11.7259
9.44162 -11.7259
9.13706 -11.7259
8.98477 -11.8782
8.83249 -11.8782
8.6802 -11.8782
8.37563 -12.0305
8.22335 -12.0305
8.07107 -12.0305
7.7665 -12.0305
7.61421 -12.0305
7.46193 -12.0305
7.30964 -12.0305
7.00508 -12.0305
6.85279 -12.0305
6.70051 -12.0305
6.54822 -12.0305
6.24365 -11.8782
6.09137 -11.8782
5.93909 -11.8782
5.7868 -11.8782
5.48223 -11.7259
5.32995 -11.7259
5.17766 -11.7259
5.02538 -11.5736
4.8731 -11.5736
4.56853 -11.4213
4.41624 -11.4213
4.26396 -11.269
4.11168 -11.269
3.95939 -11.1168
3.80711 -11.1168
3.65482 -10.9645
3.50254 -10.9645
3.35025 -10.8122
3.04569 -10.8122
2.8934 -10.6599
2.74112 -10.6599
2.58883 -10.5076
2.43655 -10.3553
2.28426 -10.3553
2.13198 -10.203
2.13198 -10.203
1.9797 -10.0508
1.82741 -9.89848
1.67513 -9.89848
1.52284 -9.74619
1.37056 -9.59391
1.21827 -9.44162
1.06599 -9.44162
0.913706 -9.28934
0.913706 -9.13706
0.761421 -9.13706
0.609137 -8.98477
0.456853 -8.83249
0.304569 -8.6802
0.152284 -8.6802
0.152284 -8.52792
0 -8.37563
-0.152284 -8.22335
-0.304569 -8.22335
-0.304569 -8.07107
-0.456853 -7.91878
-0.609137 -7.7665
-0.609137 -7.61421
-0.761421 -7.61421
-0.913706 -7.46193
-0.913706 -7.30964
-1.06599 -7.15736
-1.21827 -7.00508
-1.21827 -6.85279
-1.37056 -6.85279
-1.37056 -6.70051
-1.52284 -6.54822
-1.67513 -6.39594
-1.67513 -6.24365
-1.82741 -6.09137
-1.82741 -5.93909
-1.9797 -5.7868
-1.9797 -5.7868
-2.13198 -5.63452
-2.13198 -5.48223
-2.28426 -5.32995
-2.28426 -5.17766
-2.43655 -5.02538
-2.43655 -4.8731
-2.43655 -4.72081
-2.58883 -4.56853
-2.58883 -4.41624
-2.74112 -4.26396
-2.74112 -4.11168
-2.74112 -3.95939
-2.8934 -3.80711
-2.8934 -3.65482
-2.8934 -3.50254
-3.04569 -3.35025
-3.04569 -3.19797
-3.04569 -3.04569
-3.04569 -2.8934
-3.19797 -2.74112
-3.19797 -2.58883
-3.19797 -2.43655
-3.19797 -2.28426
-3.35025 -2.13198
-3.35025 -1.9797
-3.35025 -1.82741
-3.35025 -1.67513
-3.35025 -1.52284
-3.50254 -1.37056
-3.50254 -1.21827
-3.50254 -1.06599
-3.50254 -0.913706
-3.50254 -0.761421
-3.65482 -0.609137
-3.65482 -0.456853
-3.65482 -0.304569
-3.65482 -0.152284
-3.65482 0
-3.65482 0.304569
-3.80711 0.456853
-3.80711 0.609137
-3.80711 0.761421
-3.80711 0.913706
-3.80711 1.06599
-3.80711 1.37056
-3.95939 1.52284
-3.95939 1.67513
-3.95939 1.82741
-3.95939 2.13198
-3.95939 2.28426
-3.95939 2.43655
-3.95939 2.58883
-4.11168 2.8934
-4.11168 3.04569
-4.11168 3.19797
-4.11168 3.50254
-4.11168 3.65482
-3.95939 3.80711
-3.95939 4.11168
-3.95939 4.26396
-3.95939 4.56853
-3.95939 4.72081
-3.80711 4.8731
-3.80711 5.02538
-3.80711 5.32995
-3.65482 5.48223
-3.65482 5.63452
-3.50254 5.7868
-3.35025 6.09137
-3.35025 6.24365
-3.19797 6.39594
-3.04569 6.54822
-2.8934 6.70051
-2.74112 6.85279
-2.74112 7.00508
-2.58883 7.15736
-2.43655 7.30964
-2.28426 7.46193
-2.13198 7.61421
-1.9797 7.7665
-1.67513 7.7665
-1.52284 7.91878
-1.37056 8.07107
-1.21827 8.07107
-1.06599 8.22335
-0.913706 8.37563
-0.609137 8.37563
-0.456853 8.52792
-0.304569 8.52792
-0.152284 8.6802
0.152284 8.6802
0.304569 8.6802
0.456853 8.83249
0.609137 8.83249
0.913706 8.83249
1.06599 8.83249
1.21827 8.98477
1.52284 8.98477
1.67513 8.98477
1.82741 8.98477
1.9797 8.98477
2.28426 8.98477
2.43655 8.98477
2.58883 8.98477
2.74112 8.98477
3.04569 8.98477
3.19797 8.98477
3.35025 8.98477
3.50254 8.98477
3.80711 8.98477
3.95939 8.98477
4.11168 8.98477
4.26396 8.98477
4.41624 8.98477
4.72081 8.98477
4.8731 8.98477
5.02538 8.98477
5.17766 8.98477
5.32995 8.83249
5.48223 8.83249
5.7868 8.83249
5.93909 8.83249
6.09137 8.83249
6.24365 8.83249
6.39594 8.83249
6.54822 8.6802
6.70051 8.6802
6.85279 8.6802
7.00508 8.6802
7.30964 8.52792
7.46193 8.52792
7.61421 8.52792
7.7665 8.52792
7.91878 8.37563
8.07107 8.37563
8.22335 8.22335
8.37563 8.22335
8.52792 8.07107
8.6802 8.07107
8.83249 7.91878
8.98477 7.91878
9.13706 7.7665
9.28934 7.7665
9.44162 7.61421
9.59391 7.46193
9.74619 7.46193
9.74619 7.30964
9.89848 7.15736
10.0508 7.00508
10.203 7.00508
10.3553 6.85279
10.3553 6.70051
10.5076 6.70051
10.6599 6.54822
10.8122 6.39594
10.8122 6.24365
10.9645 6.24365
11.1168 6.09137
11.269 5.93909
11.269 5.7868
11.4213 5.7868
11.5736 5.63452
11.7259 5.48223
11.7259 5.48223
11.8782 5.32995
12.0305 5.17766
12.1827 5.17766
12.335 5.02538
12.335 4.8731
12.4873 4.8731
12.6396 4.72081
12.7919 4.56853
12.9442 4.56853
13.0964 4.41624
13.0964 4.26396
13.2487 4.26396
13.401 4.11168
13.5533 3.95939
13.7056 3.80711
13.7056 3.80711
13.8579 3.65482
14.0102 3.50254
14.0102 3.35025
14.1624 3.19797
14.3147 3.04569
14.3147 2.8934
14.467 2.74112
14.467 2.58883
14.467 2.43655
14.6193 2.28426
14.6193 2.13198
14.6193 1.9797
14.7716 1.82741
14.7716 1.67513
14.7716 1.52284
14.7716 1.37056
14.9239 1.21827
14.9239 1.06599
14.9239 0.913706
14.9239 0.761421
14.9239 0.609137
14.9239 0.456853
14.9239 0.152284
15.0761 0
15.0761 -0.152284
15.0761 -0.304569
15.0761 -0.456853
15.0761 -0.609137
15.2284 -0.761421
15.2284 -0.913706
