15.3807 -1.06599
15.3807 -1.21827
15.3807 -1.37056
15.3807 -1.52284
15.3807 -1.67513
15.533 -1.82741
15.533 -2.13198
15.533 -2.28426
15.533 -2.43655
15.533 -2.58883
15.6853 -2.74112
15.6853 -2.8934
15.6853 -3.19797
15.6853 -3.35025
15.8376 -3.50254
15.8376 -3.65482
15.8376 -3.95939
15.8376 -4.11168
15.8376 -4.26396
15.8376 -4.56853
15.8376 -4.72081
15.8376 -4.8731
15.8376 -5.02538
15.8376 -5.32995
15.8376 -5.48223
15.8376 -5.63452
15.6853 -5.93909
15.6853 -6.09137
15.6853 -6.24365
15.533 -6.39594
15.533 -6.54822
15.3807 -6.85279
15.2284 -7.00508
15.2284 -7.15736
15.0761 -7.30964
14.9239 -7.46193
14.9239 -7.61421
14.7716 -7.7665
14.6193 -7.91878
14.467 -8.07107
14.3147 -8.22335
14.3147 -8.37563
14.1624 -8.52792
14.0102 -8.6802
13.8579 -8.83249
13.7056 -8.98477
13.5533 -8.98477
13.401 -9.13706
13.2487 -9.28934
13.0964 -9.44162
12.9442 -9.59391
12.7919 -9.74619
12.6396 -9.74619
12.4873 -9.89848
12.335 -10.0508
12.1827 -10.203
12.0305 -10.203
11.8782 -10.3553
11.7259 -10.5076
11.5736 -10.5076
11.4213 -10.6599
11.269 -10.8122
11.1168 -10.8122
10.8122 -10.9645
10.6599 -11.1168
10.5076 -11.1168
10.3553 -11.269
10.203 -11.269
10.0508 -11.4213
9.89848 -11.4213
9.59391 -11.5736
9.44162 -11.5736
9.28934 -11.7259
9.13706 -11.7259
8.83249 -11.7259
8.6802 -11.8782
8.52792 -11.8782
8.37563 -11.8782
8.07107 -11.8782
7.91878 -11.8782
7.7665 -12.0305
7.61421 -12.0305
7.30964 -12.0305
7.15736 -12.0305
7.00508 -12.0305
6.85279 -12.0305
6.54822 -12.0305
6.39594 -12.0305
6.24365 -12.0305
6.09137 -12.0305
5.7868 -11.8782
5.63452 -11.8782
5.48223 -11.8782
5.32995 -11.8782
5.02538 -11.7259
4.8731 -11.7259
4.72081 -11.7259
4.56853 -11.5736
4.41624 -11.5736
4.11168 -11.4213
3.95939 -11.4213
3.80711 -11.269
3.65482 -11.269
3.50254 -11.1168
3.35025 -11.1168
3.19797 -10.9645
3.04569 -10.8122
2.8934 -10.8122
2.74112 -10.6599
2.58883 -10.5076
2.43655 -10.5076
2.28426 -10.3553
2.13198 -10.203
1.9797 -10.0508
1.82741 -10.0508
1.67513 -9.89848
1.52284 -9.74619
1.52284 -9.59391
1.37056 -9.44162
1.21827 -9.44162
1.06599 -9.28934
0.913706 -9.13706
0.761421 -8.98477
0.761421 -8.98477
0.609137 -8.83249
0.456853 -8.6802
0.304569 -8.52792
0.304569 -8.52792
0.152284 -8.37563
0 -8.22335
-0.152284 -8.07107
-0.152284 -7.91878
-0.304569 -7.91878
-0.456853 -7.7665
-0.609137 -7.61421
-0.609137 -7.46193
-0.761421 -7.46193
-0.913706 -7.30964
-0.913706 -7.15736
-1.06599 -7.00508
-1.21827 -6.85279
-1.21827 -6.70051
-1.37056 -6.70051
-1.52284 -6.54822
-1.52284 -6.39594
-1.67513 -6.24365
-1.67513 -6.09137
-1.82741 -5.93909
-1.82741 -5.93909
-1.9797 -5.7868
-2.13198 -5.63452
-2.13198 -5.48223
-2.28426 -5.32995
-2.28426 -5.17766
-2.43655 -5.02538
-2.43655 -4.8731
-2.58883 -4.72081
-2.58883 -4.56853
-2.58883 -4.41624
-2.74112 -4.26396
-2.74112 -4.11168
-2.8934 -3.95939
-2.8934 -3.80711
-2.8934 -3.65482
-3.04569 -3.50254
-3.04569 -3.35025
-3.04569 -3.19797
-3.19797 -3.04569
-3.19797 -2.8934
-3.19797 -2.74112
-3.19797 -2.58883
-3.19797 -2.43655
-3.19797 -2.28426
-3.35025 -2.13198
-3.35025 -1.9797
-3.35025 -1.82741
-3.35025 -1.67513
-3.35025 -1.52284
-3.35025 -1.37056
-3.35025 -1.21827
-3.35025 -1.06599
-3.35025 -0.913706
-3.35025 -0.761421
-3.35025 -0.609137
-3.35025 -0.456853
-3.50254 -0.304569
-3.50254 0
-3.50254 0.152284
-3.50254 0.304569
-3.50254 0.456853
-3.50254 0.609137
-3.50254 0.761421
-3.50254 0.913706
-3.65482 1.06599
-3.65482 1.37056
-3.65482 1.52284
-3.65482 1.67513
-3.65482 1.82741
-3.80711 2.13198
-3.80711 2.28426
-3.80711 2.43655
-3.80711 2.58883
-3.80711 2.8934
-3.80711 3.04569
-3.95939 3.35025
-3.95939 3.50254
-3.95939 3.65482
-3.95939 3.95939
-3.95939 4.11168
-3.95939 4.41624
-3.80711 4.56853
-3.80711 4.72081
-3.80711 5.02538
-3.80711 5.17766
-3.80711 5.48223
-3.65482 5.63452
-3.65482 5.7868
-3.50254 6.09137
-3.50254 6.24365
-3.35025 6.39594
-3.35025 6.54822
-3.19797 6.70051
-3.04569 7.00508
-2.8934 7.15736
-2.74112 7.30964
-2.74112 7.46193
-2.58883 7.61421
-2.43655 7.7665
-2.28426 7.91878
-2.13198 8.07107
-1.82741 8.22335
-1.67513 8.22335
-1.52284 8.37563
-1.37056 8.52792
-1.21827 8.6802
-1.06599 8.6802
-0.761421 8.83249
-0.609137 8.83249
-0.456853 8.98477
-0.152284 8.98477
0 9.13706
0.152284 9.13706
0.456853 9.13706
0.609137 9.28934
0.761421 9.28934
1.06599 9.28934
1.21827 9.28934
1.37056 9.28934
1.67513 9.28934
1.82741 9.28934
1.9797 9.28934
2.28426 9.28934
2.43655 9.28934
2.58883 9.28934
2.8934 9.28934
3.04569 9.28934
3.19797 9.28934
3.50254 9.28934
3.65482 9.28934
3.80711 9.13706
3.95939 9.13706
4.26396 9.13706
4.41624 9.13706
4.56853 9.13706
4.72081 9.13706
4.8731 8.98477
5.17766 8.98477
5.32995 8.98477
5.48223 8.98477
5.63452 8.98477
5.7868 8.98477
5.93909 8.83249
6.24365 8.83249
6.39594 8.83249
6.54822 8.83249
6.70051 8.83249
6.85279 8.83249
7.00508 8.6802
7.15736 8.6802
7.30964 8.6802
7.46193 8.52792
7.61421 8.52792
7.91878 8.52792
8.07107 8.37563
8.22335 8.37563
8.37563 8.37563
8.52792 8.22335
8.6802 8.22335
8.83249 8.07107
8.98477 8.07107
9.13706 7.91878
9.28934 7.7665
9.28934 7.7665
9.44162 7.61421
9.59391 7.46193
9.74619 7.46193
9.89848 7.30964
10.0508 7.15736
10.0508 7.00508
10.203 7.00508
10.3553 6.85279
10.5076 6.70051
10.5076 6.54822
10.6599 6.39594
10.8122 6.39594
10.9645 6.24365
10.9645 6.09137
11.1168 5.93909
11.269 5.93909
11.269 5.7868
11.4213 5.63452
11.5736 5.48223
11.7259 5.48223
11.7259 5.32995
11.8782 5.17766
12.0305 5.17766
12.1827 5.02538
12.1827 4.8731
12.335 4.8731
12.4873 4.72081
12.6396 4.72081
12.7919 4.56853
12.9442 4.41624
12.9442 4.41624
13.0964 4.26396
13.2487 4.11168
13.401 4.11168
13.5533 3.95939
13.5533 3.80711
13.7056 3.65482
13.8579 3.65482
14.0102 3.50254
14.0102 3.35025
14.1624 3.19797
14.3147 3.04569
14.3147 2.8934
14.467 2.74112
14.6193 2.58883
14.6193 2.43655
14.6193 2.43655
14.7716 2.28426
14.7716 2.13198
14.9239 1.82741
14.9239 1.67513
14.9239 1.52284
15.0761 1.37056
15.0761 1.21827
15.0761 1.06599
15.0761 0.913706
15.2284 0.761421
15.2284 0.609137
15.2284 0.456853
15.2284 0.304569
15.2284 0.152284
15.2284 0
15.2284 -0.152284
15.3807 -0.304569
15.3807 -0.609137
15.3807 -0.761421
15.3807 -0.913706
