15.8376 -0.761421
15.8376 -0.913706
15.8376 -1.21827
15.8376 -1.37056
15.8376 -1.52284
15.8376 -1.67513
15.8376 -1.82741
15.8376 -1.9797
15.9898 -2.28426
15.9898 -2.43655
15.9898 -2.58883
15.9898 -2.74112
15.9898 -3.04569
16.1421 -3.19797
16.1421 -3.35025
16.1421 -3.50254
16.1421 -3.80711
16.1421 -3.95939
16.1421 -4.11168
16.1421 -4.41624
16.1421 -4.56853
16.1421 -4.72081
16.1421 -5.02538
16.1421 -5.17766
16.1421 -5.32995
16.1421 -5.63452
15.9898 -5.7868
15.9898 -5.93909
15.8376 -6.09137
15.8376 -6.39594
15.6853 -6.54822
15.6853 -6.70051
15.533 -6.85279
15.3807 -7.00508
15.3807 -7.15736
15.2284 -7.46193
15.0761 -7.61421
14.9239 -7.7665
14.9239 -7.91878
14.7716 -8.07107
14.6193 -8.22335
14.467 -8.37563
14.3147 -8.52792
14.1624 -8.52792
14.0102 -8.6802
13.8579 -8.83249
13.7056 -8.98477
13.5533 -9.13706
13.401 -9.28934
13.2487 -9.28934
13.0964 -9.44162
12.9442 -9.59391
12.7919 -9.74619
12.6396 -9.89848
12.4873 -9.89848
12.335 -10.0508
12.1827 -10.203
12.0305 -10.203
11.7259 -10.3553
11.5736 -10.5076
11.4213 -10.5076
11.269 -10.6599
11.1168 -10.8122
10.9645 -10.8122
10.8122 -10.9645
10.5076 -10.9645
10.3553 -11.1168
10.203 -11.1168
10.0508 -11.269
9.89848 -11.269
9.59391 -11.4213
9.44162 -11.4213
9.28934 -11.5736
9.13706 -11.5736
8.98477 -11.5736
8.6802 -11.7259
8.52792 -11.7259
8.37563 -11.7259
8.22335 -11.8782
7.91878 -11.8782
7.7665 -11.8782
7.61421 -11.8782
7.30964 -11.8782
7.15736 -11.8782
7.00508 -11.8782
6.85279 -12.0305
6.54822 -12.0305
6.39594 -11.8782
6.24365 -11.8782
5.93909 -11.8782
5.7868 -11.8782
5.63452 -11.8782
5.48223 -11.8782
5.17766 -11.8782
5.02538 -11.7259
4.8731 -11.7259
4.72081 -11.7259
4.41624 -11.5736
4.26396 -11.5736
4.11168 -11.4213
3.95939 -11.4213
3.80711 -11.269
3.65482 -11.1168
3.50254 -11.1168
3.35025 -10.9645
3.04569 -10.8122
2.8934 -10.8122
2.74112 -10.6599
2.58883 -10.5076
2.43655 -10.5076
2.28426 -10.3553
2.28426 -10.203
2.13198 -10.0508
1.9797 -9.89848
1.82741 -9.89848
1.67513 -9.74619
1.52284 -9.59391
1.37056 -9.44162
1.21827 -9.28934
1.21827 -9.28934
1.06599 -9.13706
0.913706 -8.98477
0.761421 -8.83249
0.609137 -8.83249
0.456853 -8.6802
0.456853 -8.52792
0.304569 -8.37563
0.152284 -8.37563
0 -8.22335
-0.152284 -8.07107
-0.152284 -7.91878
-0.304569 -7.91878
-0.456853 -7.7665
-0.609137 -7.61421
-0.609137 -7.46193
-0.761421 -7.46193
-0.913706 -7.30964
-1.06599 -7.15736
-1.06599 -7.00508
-1.21827 -7.00508
-1.37056 -6.85279
-1.52284 -6.70051
-1.52284 -6.54822
-1.67513 -6.39594
-1.82741 -6.24365
-1.82741 -6.24365
-1.9797 -6.09137
-1.9797 -5.93909
-2.13198 -5.7868
-2.28426 -5.63452
-2.28426 -5.48223
-2.43655 -5.32995
-2.43655 -5.17766
-2.58883 -5.02538
-2.58883 -4.8731
-2.74112 -4.72081
-2.74112 -4.56853
-2.8934 -4.41624
-2.8934 -4.26396
-2.8934 -4.11168
-3.04569 -3.95939
-3.04569 -3.80711
-3.04569 -3.65482
-3.19797 -3.50254
-3.19797 -3.35025
-3.19797 -3.19797
-3.19797 -3.04569
-3.35025 -2.8934
-3.35025 -2.74112
-3.35025 -2.58883
-3.35025 -2.43655
-3.35025 -2.28426
-3.35025 -2.13198
-3.50254 -1.9797
-3.50254 -1.82741
-3.50254 -1.67513
-3.50254 -1.52284
-3.50254 -1.21827
-3.50254 -1.06599
-3.50254 -0.913706
-3.50254 -0.761421
-3.50254 -0.609137
-3.50254 -0.456853
-3.50254 -0.304569
-3.50254 -0.152284
-3.50254 0
-3.50254 0.152284
-3.65482 0.304569
-3.65482 0.456853
-3.65482 0.761421
-3.65482 0.913706
-3.65482 1.06599
-3.65482 1.21827
-3.65482 1.37056
-3.65482 1.52284
-3.80711 1.82741
-3.80711 1.9797
-3.80711 2.13198
-3.80711 2.28426
-3.80711 2.58883
-3.95939 2.74112
-3.95939 2.8934
-3.95939 3.19797
-3.95939 3.35025
-3.95939 3.50254
-3.95939 3.80711
-3.95939 3.95939
-3.95939 4.26396
-3.95939 4.41624
-3.95939 4.56853
-3.95939 4.8731
-3.95939 5.02538
-3.95939 5.32995
-3.80711 5.48223
-3.80711 5.63452
-3.80711 5.93909
-3.65482 6.09137
-3.65482 6.24365
-3.50254 6.54822
-3.50254 6.70051
-3.35025 6.85279
-3.19797 7.00508
-3.19797 7.30964
-3.04569 7.46193
-2.8934 7.61421
-2.74112 7.7665
-2.58883 7.91878
-2.43655 8.07107
-2.28426 8.22335
-2.13198 8.37563
-1.9797 8.52792
-1.82741 8.52792
-1.67513 8.6802
-1.37056 8.83249
-1.21827 8.98477
-1.06599 8.98477
-0.913706 9.13706
-0.609137 9.13706
-0.456853 9.28934
-0.304569 9.28934
0 9.44162
0.152284 9.44162
0.304569 9.44162
0.609137 9.59391
0.761421 9.59391
0.913706 9.59391
1.21827 9.59391
1.37056 9.59391
1.67513 9.59391
1.82741 9.59391
1.9797 9.59391
2.28426 9.59391
2.43655 9.59391
2.58883 9.59391
2.8934 9.59391
3.04569 9.59391
3.19797 9.59391
3.50254 9.44162
3.65482 9.44162
3.80711 9.44162
3.95939 9.44162
4.26396 9.44162
4.41624 9.28934
4.56853 9.28934
4.72081 9.28934
4.8731 9.28934
5.17766 9.28934
5.32995 9.28934
5.48223 9.28934
5.63452 9.13706
5.7868 9.13706
5.93909 9.13706
6.09137 9.13706
6.39594 9.13706
6.54822 9.13706
6.70051 8.98477
6.85279 8.98477
7.00508 8.98477
7.15736 8.98477
7.30964 8.98477
7.46193 8.83249
7.61421 8.83249
7.91878 8.83249
8.07107 8.6802
8.22335 8.6802
8.37563 8.6802
8.52792 8.52792
8.6802 8.52792
8.83249 8.37563
8.98477 8.37563
9.13706 8.22335
9.28934 8.22335
9.44162 8.07107
9.59391 7.91878
9.74619 7.91878
9.74619 7.7665
9.89848 7.61421
10.0508 7.46193
10.203 7.46193
10.3553 7.30964
10.3553 7.15736
10.5076 7.00508
10.6599 6.85279
10.8122 6.85279
10.8122 6.70051
10.9645 6.54822
11.1168 6.39594
11.1168 6.24365
11.269 6.09137
11.4213 6.09137
11.4213 5.93909
11.5736 5.7868
11.5736 5.63452
11.7259 5.48223
11.8782 5.48223
11.8782 5.32995
12.0305 5.17766
12.0305 5.02538
12.1827 4.8731
12.335 4.8731
12.335 4.72081
12.4873 4.56853
12.4873 4.41624
12.6396 4.26396
12.7919 4.26396
12.7919 4.11168
12.9442 3.95939
13.0964 3.80711
13.0964 3.80711
13.2487 3.65482
13.401 3.50254
13.401 3.35025
13.5533 3.35025
13.7056 3.19797
13.7056 3.04569
13.8579 2.8934
14.0102 2.8934
14.1624 2.74112
14.3147 2.58883
14.3147 2.43655
14.467 2.28426
14.6193 2.28426
14.7716 2.13198
14.9239 1.9797
14.9239 1.82741
15.0761 1.67513
15.2284 1.52284
15.3807 1.37056
15.3807 1.21827
15.533 1.06599
15.533 0.913706
15.6853 0.761421
15.6853 0.609137
15.8376 0.456853
15.8376 0.304569
15.8376 0
15.8376 -0.152284
15.8376 -0.304569
15.8376 -0.456853
15.8376 -0.609137
