15.9898 -0.761421
15.9898 -0.913706
15.9898 -1.06599
15.9898 -1.37056
15.9898 -1.52284
15.9898 -1.67513
15.9898 -1.82741
15.9898 -1.9797
16.1421 -2.28426
16.1421 -2.43655
16.1421 -2.58883
16.1421 -2.74112
16.1421 -3.04569
16.1421 -3.19797
16.1421 -3.35025
16.1421 -3.65482
16.1421 -3.80711
16.1421 -3.95939
16.1421 -4.26396
16.1421 -4.41624
16.1421 -4.56853
16.1421 -4.8731
16.1421 -5.02538
16.1421 -5.17766
15.9898 -5.32995
15.9898 -5.63452
15.9898 -5.7868
15.8376 -5.93909
15.8376 -6.09137
15.6853 -6.39594
15.6853 -6.54822
15.533 -6.70051
15.3807 -6.85279
15.3807 -7.00508
15.2284 -7.15736
15.0761 -7.30964
14.9239 -7.46193
14.7716 -7.61421
14.7716 -7.7665
14.6193 -7.91878
14.467 -8.07107
14.3147 -8.22335
14.1624 -8.37563
14.0102 -8.52792
13.8579 -8.6802
13.7056 -8.83249
13.5533 -8.98477
13.401 -8.98477
13.2487 -9.13706
13.0964 -9.28934
12.9442 -9.44162
12.7919 -9.59391
12.6396 -9.74619
12.4873 -9.74619
12.335 -9.89848
12.1827 -10.0508
12.0305 -10.203
11.8782 -10.203
11.7259 -10.3553
11.5736 -10.5076
11.269 -10.5076
11.1168 -10.6599
10.9645 -10.8122
10.8122 -10.8122
10.6599 -10.9645
10.5076 -10.9645
10.3553 -11.1168
10.0508 -11.269
9.89848 -11.269
9.74619 -11.4213
9.59391 -11.4213
9.44162 -11.4213
9.13706 -11.5736
8.98477 -11.5736
8.83249 -11.7259
8.6802 -11.7259
8.37563 -11.7259
8.22335 -11.7259
8.07107 -11.8782
7.91878 -11.8782
7.61421 -11.8782
7.46193 -11.8782
7.30964 -11.8782
7.00508 -11.8782
6.85279 -11.8782
6.70051 -11.8782
6.54822 -11.8782
6.24365 -11.8782
6.09137 -11.8782
5.93909 -11.8782
5.63452 -11.8782
5.48223 -11.7259
5.32995 -11.7259
5.17766 -11.7259
4.8731 -11.7259
4.72081 -11.5736
4.56853 -11.5736
4.41624 -11.4213
4.26396 -11.4213
3.95939 -11.4213
3.80711 -11.269
3.65482 -11.269
3.50254 -11.1168
3.35025 -10.9645
3.19797 -10.9645
3.04569 -10.8122
2.8934 -10.8122
2.74112 -10.6599
2.58883 -10.5076
2.43655 -10.3553
2.28426 -10.3553
2.13198 -10.203
1.9797 -10.0508
1.82741 -10.0508
1.67513 -9.89848
1.52284 -9.74619
1.37056 -9.59391
1.21827 -9.59391
1.06599 -9.44162
0.913706 -9.28934
0.913706 -9.13706
0.761421 -9.13706
0.609137 -8.98477
0.456853 -8.83249
0.304569 -8.6802
0.152284 -8.6802
0.152284 -8.52792
0 -8.37563
-0.152284 -8.22335
-0.304569 -8.22335
-0.456853 -8.07107
-0.456853 -7.91878
-0.609137 -7.7665
-0.761421 -7.61421
-0.913706 -7.61421
-0.913706 -7.46193
-1.06599 -7.30964
-1.21827 -7.15736
-1.21827 -7.00508
-1.37056 -7.00508
-1.52284 -6.85279
-1.52284 -6.70051
-1.67513 -6.54822
-1.82741 -6.39594
-1.82741 -6.24365
-1.9797 -6.09137
-2.13198 -6.09137
-2.13198 -5.93909
-2.28426 -5.7868
-2.28426 -5.63452
-2.43655 -5.48223
-2.43655 -5.32995
-2.58883 -5.17766
-2.58883 -5.02538
-2.74112 -4.8731
-2.74112 -4.72081
-2.8934 -4.56853
-2.8934 -4.41624
-3.04569 -4.26396
-3.04569 -4.11168
-3.04569 -3.95939
-3.19797 -3.80711
-3.19797 -3.65482
-3.19797 -3.50254
-3.35025 -3.35025
-3.35025 -3.19797
-3.35025 -3.04569
-3.35025 -2.8934
-3.50254 -2.74112
-3.50254 -2.58883
-3.50254 -2.43655
-3.50254 -2.28426
-3.50254 -2.13198
-3.50254 -1.9797
-3.50254 -1.67513
-3.50254 -1.52284
-3.50254 -1.37056
-3.50254 -1.21827
-3.50254 -1.06599
-3.50254 -0.913706
-3.50254 -0.761421
-3.50254 -0.609137
-3.50254 -0.456853
-3.50254 -0.304569
-3.50254 -0.152284
-3.50254 0
-3.50254 0.152284
-3.50254 0.304569
-3.50254 0.456853
-3.65482 0.761421
-3.65482 0.913706
-3.65482 1.06599
-3.65482 1.21827
-3.65482 1.37056
-3.65482 1.52284
-3.80711 1.67513
-3.80711 1.9797
-3.80711 2.13198
-3.80711 2.28426
-3.80711 2.43655
-3.95939 2.74112
-3.95939 2.8934
-3.95939 3.04569
-3.95939 3.35025
-3.95939 3.50254
-3.95939 3.80711
-4.11168 3.95939
-4.11168 4.11168
-4.11168 4.41624
-4.11168 4.56853
-4.11168 4.8731
-3.95939 5.02538
-3.95939 5.32995
-3.95939 5.48223
-3.95939 5.7868
-3.80711 5.93909
-3.80711 6.09137
-3.80711 6.39594
-3.65482 6.54822
-3.65482 6.70051
-3.50254 7.00508
-3.35025 7.15736
-3.35025 7.30964
-3.19797 7.46193
-3.04569 7.61421
-2.8934 7.7665
-2.74112 7.91878
-2.58883 8.07107
-2.43655 8.22335
-2.28426 8.37563
-2.13198 8.52792
-1.9797 8.6802
-1.82741 8.83249
-1.67513 8.98477
-1.37056 8.98477
-1.21827 9.13706
-1.06599 9.28934
-0.913706 9.28934
-0.609137 9.44162
-0.456853 9.44162
-0.304569 9.59391
0 9.59391
0.152284 9.59391
0.304569 9.74619
0.609137 9.74619
0.761421 9.74619
1.06599 9.74619
1.21827 9.74619
1.37056 9.74619
1.67513 9.74619
1.82741 9.74619
1.9797 9.74619
2.28426 9.74619
2.43655 9.74619
2.74112 9.74619
2.8934 9.74619
3.04569 9.74619
3.35025 9.74619
3.50254 9.74619
3.65482 9.59391
3.80711 9.59391
4.11168 9.59391
4.26396 9.59391
4.41624 9.59391
4.56853 9.44162
4.8731 9.44162
5.02538 9.44162
5.17766 9.44162
5.32995 9.28934
5.48223 9.28934
5.63452 9.28934
5.93909 9.28934
6.09137 9.28934
6.24365 9.13706
6.39594 9.13706
6.54822 9.13706
6.70051 9.13706
6.85279 8.98477
7.00508 8.98477
7.30964 8.98477
7.46193 8.98477
7.61421 8.83249
7.7665 8.83249
7.91878 8.6802
8.07107 8.6802
8.22335 8.6802
8.37563 8.52792
8.52792 8.52792
8.6802 8.37563
8.83249 8.37563
8.98477 8.22335
9.13706 8.22335
9.28934 8.07107
9.44162 7.91878
9.59391 7.91878
9.74619 7.7665
9.74619 7.61421
9.89848 7.61421
10.0508 7.46193
10.203 7.30964
10.3553 7.15736
10.5076 7.15736
10.5076 7.00508
10.6599 6.85279
10.8122 6.70051
10.8122 6.70051
10.9645 6.54822
11.1168 6.39594
11.269 6.24365
11.269 6.09137
11.4213 5.93909
11.4213 5.93909
11.5736 5.7868
11.7259 5.63452
11.7259 5.48223
11.8782 5.32995
11.8782 5.32995
12.0305 5.17766
12.1827 5.02538
12.1827 4.8731
12.335 4.72081
12.335 4.56853
12.4873 4.56853
12.6396 4.41624
12.6396 4.26396
12.7919 4.11168
12.7919 3.95939
12.9442 3.95939
13.0964 3.80711
13.0964 3.65482
13.2487 3.50254
13.2487 3.50254
13.401 3.35025
13.5533 3.19797
13.7056 3.04569
13.7056 3.04569
13.8579 2.8934
14.0102 2.74112
14.1624 2.58883
14.1624 2.43655
14.3147 2.43655
14.467 2.28426
14.6193 2.13198
14.7716 1.9797
14.9239 1.82741
14.9239 1.67513
15.0761 1.52284
15.2284 1.37056
15.3807 1.21827
15.3807 1.06599
15.533 0.913706
15.6853 0.761421
15.6853 0.609137
15.8376 0.456853
15.8376 0.304569
15.8376 0.152284
15.9898 0
15.9898 -0.304569
15.9898 -0.456853
15.9898 -0.609137
