14.6193 -1.37056
14.6193 -1.67513
14.7716 -1.82741
14.7716 -1.9797
14.7716 -2.13198
14.9239 -2.28426
14.9239 -2.58883
14.9239 -2.74112
14.9239 -2.8934
14.9239 -3.04569
14.9239 -3.35025
14.9239 -3.50254
14.9239 -3.65482
14.9239 -3.80711
14.9239 -3.95939
14.9239 -4.26396
14.9239 -4.41624
14.9239 -4.56853
14.9239 -4.8731
14.9239 -5.02538
14.7716 -5.17766
14.7716 -5.32995
14.7716 -5.63452
14.7716 -5.7868
14.7716 -5.93909
14.6193 -6.09137
14.6193 -6.39594
14.6193 -6.54822
14.6193 -6.70051
14.467 -7.00508
14.467 -7.15736
14.467 -7.30964
14.3147 -7.61421
14.3147 -7.7665
14.3147 -7.91878
14.1624 -8.22335
14.1624 -8.37563
14.0102 -8.52792
14.0102 -8.83249
13.8579 -8.98477
13.7056 -9.13706
13.7056 -9.28934
13.5533 -9.59391
13.401 -9.74619
13.2487 -9.89848
13.0964 -10.0508
12.9442 -10.203
12.7919 -10.3553
12.6396 -10.5076
12.4873 -10.6599
12.335 -10.8122
12.1827 -10.8122
12.0305 -10.9645
11.7259 -11.1168
11.5736 -11.1168
11.4213 -11.269
11.1168 -11.269
10.9645 -11.4213
10.8122 -11.4213
10.5076 -11.4213
10.3553 -11.5736
10.203 -11.5736
9.89848 -11.5736
9.74619 -11.5736
9.44162 -11.5736
9.28934 -11.7259
9.13706 -11.7259
8.83249 -11.7259
8.6802 -11.7259
8.52792 -11.7259
8.22335 -11.7259
8.07107 -11.7259
7.91878 -11.7259
7.7665 -11.8782
7.46193 -11.8782
7.30964 -11.8782
7.15736 -11.8782
7.00508 -11.8782
6.70051 -12.0305
6.54822 -12.0305
6.39594 -12.0305
6.24365 -12.0305
6.09137 -12.0305
5.7868 -12.0305
5.63452 -12.1827
5.48223 -12.1827
5.32995 -12.1827
5.02538 -12.1827
4.8731 -12.1827
4.72081 -12.1827
4.56853 -12.1827
4.41624 -12.1827
4.11168 -12.1827
3.95939 -12.1827
3.80711 -12.1827
3.65482 -12.0305
3.35025 -12.0305
3.19797 -12.0305
3.04569 -11.8782
2.8934 -11.8782
2.74112 -11.7259
2.58883 -11.7259
2.43655 -11.5736
2.28426 -11.5736
1.9797 -11.4213
1.82741 -11.269
1.67513 -11.269
1.52284 -11.1168
1.37056 -10.9645
1.37056 -10.8122
1.21827 -10.8122
1.06599 -10.6599
0.913706 -10.5076
0.761421 -10.3553
0.609137 -10.203
0.456853 -10.0508
0.304569 -10.0508
0.304569 -9.89848
0.152284 -9.74619
0 -9.59391
-0.152284 -9.44162
-0.304569 -9.44162
-0.304569 -9.28934
-0.456853 -9.13706
-0.609137 -8.98477
-0.761421 -8.98477
-0.761421 -8.83249
-0.913706 -8.6802
-1.06599 -8.52792
-1.21827 -8.52792
-1.21827 -8.37563
-1.37056 -8.22335
-1.52284 -8.22335
-1.67513 -8.07107
-1.67513 -7.91878
-1.82741 -7.7665
-1.9797 -7.7665
-2.13198 -7.61421
-2.13198 -7.46193
-2.28426 -7.30964
-2.43655 -7.30964
-2.58883 -7.15736
-2.58883 -7.00508
-2.74112 -6.85279
-2.8934 -6.85279
-2.8934 -6.70051
-3.04569 -6.54822
-3.19797 -6.39594
-3.19797 -6.24365
-3.35025 -6.09137
-3.35025 -6.09137
-3.50254 -5.93909
-3.65482 -5.7868
-3.65482 -5.63452
-3.80711 -5.48223
-3.80711 -5.32995
-3.95939 -5.17766
-3.95939 -5.02538
-4.11168 -4.8731
-4.11168 -4.72081
-4.26396 -4.56853
-4.26396 -4.41624
-4.26396 -4.26396
-4.41624 -4.11168
-4.41624 -3.95939
-4.56853 -3.80711
-4.56853 -3.65482
-4.56853 -3.50254
-4.72081 -3.35025
-4.72081 -3.19797
-4.72081 -3.04569
-4.72081 -2.8934
-4.8731 -2.74112
-4.8731 -2.58883
-4.8731 -2.43655
-4.8731 -2.28426
-4.8731 -2.13198
-5.02538 -1.9797
-5.02538 -1.82741
-5.02538 -1.67513
-5.02538 -1.37056
-5.02538 -1.21827
-5.02538 -1.06599
-5.02538 -0.913706
-5.02538 -0.761421
-5.02538 -0.609137
-5.17766 -0.456853
-5.17766 -0.304569
-5.17766 -0.152284
-5.17766 0.152284
-5.17766 0.304569
-5.17766 0.456853
-5.17766 0.609137
-5.17766 0.761421
-5.17766 0.913706
-5.17766 1.21827
-5.17766 1.37056
-5.17766 1.52284
-5.17766 1.67513
-5.17766 1.82741
-5.02538 2.13198
-5.02538 2.28426
-5.02538 2.43655
-5.02538 2.58883
-5.02538 2.8934
-5.02538 3.04569
-5.02538 3.19797
-5.02538 3.35025
-4.8731 3.65482
-4.8731 3.80711
-4.8731 3.95939
-4.8731 4.26396
-4.8731 4.41624
-4.72081 4.56853
-4.72081 4.8731
-4.72081 5.02538
-4.56853 5.17766
-4.56853 5.48223
-4.41624 5.63452
-4.41624 5.7868
-4.41624 6.09137
-4.26396 6.24365
-4.26396 6.39594
-4.11168 6.70051
-3.95939 6.85279
-3.95939 7.00508
-3.80711 7.15736
-3.65482 7.46193
-3.65482 7.61421
-3.50254 7.7665
-3.35025 7.91878
-3.19797 8.22335
-3.04569 8.37563
-2.8934 8.52792
-2.74112 8.6802
-2.58883 8.83249
-2.43655 8.98477
-2.28426 9.13706
-2.13198 9.28934
-1.9797 9.28934
-1.82741 9.44162
-1.52284 9.59391
-1.37056 9.59391
-1.21827 9.74619
-0.913706 9.74619
-0.761421 9.89848
-0.456853 9.89848
-0.304569 10.0508
-0.152284 10.0508
0.152284 10.0508
0.304569 10.0508
0.609137 10.0508
0.761421 10.0508
1.06599 10.0508
1.21827 10.0508
1.37056 10.0508
1.67513 10.0508
1.82741 10.0508
2.13198 10.0508
2.28426 10.0508
2.58883 9.89848
2.74112 9.89848
2.8934 9.74619
3.19797 9.74619
3.35025 9.74619
3.50254 9.59391
3.80711 9.59391
3.95939 9.44162
4.11168 9.44162
4.41624 9.28934
4.56853 9.28934
4.72081 9.13706
4.8731 8.98477
5.02538 8.98477
5.32995 8.83249
5.48223 8.6802
5.63452 8.6802
5.7868 8.52792
5.93909 8.37563
6.09137 8.37563
6.24365 8.22335
6.39594 8.07107
6.54822 8.07107
6.70051 7.91878
6.85279 7.7665
7.00508 7.7665
7.15736 7.61421
7.30964 7.46193
7.46193 7.46193
7.61421 7.30964
7.61421 7.15736
7.7665 7.15736
7.91878 7.00508
8.07107 6.85279
8.22335 6.85279
8.37563 6.70051
8.52792 6.54822
8.52792 6.54822
8.6802 6.39594
8.83249 6.24365
8.98477 6.24365
9.13706 6.09137
9.13706 5.93909
9.28934 5.93909
9.44162 5.7868
9.59391 5.7868
9.59391 5.63452
9.74619 5.48223
9.89848 5.48223
10.0508 5.32995
10.0508 5.17766
10.203 5.17766
10.3553 5.02538
10.5076 4.8731
10.5076 4.72081
10.6599 4.72081
10.8122 4.56853
10.8122 4.41624
10.9645 4.41624
11.1168 4.26396
11.1168 4.11168
11.269 3.95939
11.4213 3.95939
11.4213 3.80711
11.5736 3.65482
11.7259 3.50254
11.7259 3.50254
11.8782 3.35025
12.0305 3.19797
12.0305 3.04569
12.1827 2.8934
12.335 2.8934
12.335 2.74112
12.4873 2.58883
12.4873 2.43655
12.6396 2.28426
12.7919 2.28426
12.7919 2.13198
12.9442 1.9797
12.9442 1.82741
13.0964 1.67513
13.2487 1.52284
13.2487 1.37056
13.401 1.21827
13.401 1.06599
13.5533 0.913706
13.7056 0.761421
13.7056 0.609137
13.8579 0.456853
13.8579 0.304569
14.0102 0.152284
14.0102 0
14.1624 -0.152284
14.1624 -0.304569
14.3147 -0.456853
14.3147 -0.609137
14.3147 -0.761421
14.467 -0.913706
14.467 -1.06599
14.467 -1.21827
