14.467 -1.37056
14.6193 -1.67513
14.6193 -1.82741
14.7716 -1.9797
14.7716 -2.13198
14.7716 -2.28426
14.9239 -2.58883
14.9239 -2.74112
14.9239 -2.8934
14.9239 -3.04569
14.9239 -3.35025
14.9239 -3.50254
14.9239 -3.65482
14.9239 -3.80711
14.9239 -4.11168
14.9239 -4.26396
14.9239 -4.41624
14.9239 -4.56853
14.9239 -4.8731
14.7716 -5.02538
14.7716 -5.17766
14.7716 -5.32995
14.7716 -5.63452
14.7716 -5.7868
14.6193 -5.93909
14.6193 -6.24365
14.6193 -6.39594
14.6193 -6.54822
14.467 -6.85279
14.467 -7.00508
14.467 -7.15736
14.3147 -7.46193
14.3147 -7.61421
14.1624 -7.7665
14.1624 -8.07107
14.1624 -8.22335
14.0102 -8.37563
14.0102 -8.6802
13.8579 -8.83249
13.7056 -8.98477
13.7056 -9.13706
13.5533 -9.44162
13.401 -9.59391
13.2487 -9.74619
13.0964 -9.89848
13.0964 -10.0508
12.9442 -10.203
12.7919 -10.3553
12.4873 -10.5076
12.335 -10.6599
12.1827 -10.8122
12.0305 -10.8122
11.8782 -10.9645
11.7259 -11.1168
11.4213 -11.1168
11.269 -11.269
11.1168 -11.269
10.8122 -11.4213
10.6599 -11.4213
10.5076 -11.4213
10.203 -11.5736
10.0508 -11.5736
9.74619 -11.5736
9.59391 -11.5736
9.44162 -11.5736
9.13706 -11.7259
8.98477 -11.7259
8.83249 -11.7259
8.52792 -11.7259
8.37563 -11.7259
8.22335 -11.7259
7.91878 -11.7259
7.7665 -11.8782
7.61421 -11.8782
7.46193 -11.8782
7.15736 -11.8782
7.00508 -11.8782
6.85279 -11.8782
6.70051 -11.8782
6.39594 -12.0305
6.24365 -12.0305
6.09137 -12.0305
5.93909 -12.0305
5.63452 -12.0305
5.48223 -12.0305
5.32995 -12.0305
5.17766 -12.0305
5.02538 -12.1827
4.72081 -12.1827
4.56853 -12.1827
4.41624 -12.1827
4.26396 -12.0305
3.95939 -12.0305
3.80711 -12.0305
3.65482 -12.0305
3.50254 -12.0305
3.35025 -12.0305
3.04569 -11.8782
2.8934 -11.8782
2.74112 -11.7259
2.58883 -11.7259
2.43655 -11.5736
2.28426 -11.5736
2.13198 -11.4213
1.9797 -11.4213
1.82741 -11.269
1.52284 -11.1168
1.37056 -11.1168
1.21827 -10.9645
1.21827 -10.8122
1.06599 -10.8122
0.913706 -10.6599
0.761421 -10.5076
0.609137 -10.3553
0.456853 -10.3553
0.304569 -10.203
0.152284 -10.0508
0 -9.89848
0 -9.89848
-0.152284 -9.74619
-0.304569 -9.59391
-0.456853 -9.44162
-0.609137 -9.28934
-0.609137 -9.28934
-0.761421 -9.13706
-0.913706 -8.98477
-1.06599 -8.83249
-1.21827 -8.83249
-1.21827 -8.6802
-1.37056 -8.52792
-1.52284 -8.37563
-1.67513 -8.37563
-1.67513 -8.22335
-1.82741 -8.07107
-1.9797 -8.07107
-2.13198 -7.91878
-2.13198 -7.7665
-2.28426 -7.61421
-2.43655 -7.46193
-2.43655 -7.46193
-2.58883 -7.30964
-2.74112 -7.15736
-2.74112 -7.00508
-2.8934 -6.85279
-3.04569 -6.85279
-3.04569 -6.70051
-3.19797 -6.54822
-3.35025 -6.39594
-3.35025 -6.24365
-3.50254 -6.09137
-3.50254 -5.93909
-3.65482 -5.93909
-3.65482 -5.7868
-3.80711 -5.63452
-3.95939 -5.48223
-3.95939 -5.32995
-4.11168 -5.17766
-4.11168 -5.02538
-4.26396 -4.8731
-4.26396 -4.72081
-4.26396 -4.56853
-4.41624 -4.41624
-4.41624 -4.26396
-4.56853 -4.11168
-4.56853 -3.95939
-4.72081 -3.80711
-4.72081 -3.65482
-4.72081 -3.50254
-4.8731 -3.35025
-4.8731 -3.19797
-4.8731 -3.04569
-5.02538 -2.8934
-5.02538 -2.74112
-5.02538 -2.58883
-5.02538 -2.43655
-5.17766 -2.28426
-5.17766 -2.13198
-5.17766 -1.9797
-5.17766 -1.82741
-5.32995 -1.52284
-5.32995 -1.37056
-5.32995 -1.21827
-5.32995 -1.06599
-5.32995 -0.913706
-5.32995 -0.761421
-5.32995 -0.609137
-5.48223 -0.456853
-5.48223 -0.152284
-5.48223 0
-5.48223 0.152284
-5.48223 0.304569
-5.48223 0.456853
-5.48223 0.609137
-5.48223 0.913706
-5.48223 1.06599
-5.48223 1.21827
-5.48223 1.37056
-5.48223 1.52284
-5.32995 1.82741
-5.32995 1.9797
-5.32995 2.13198
-5.32995 2.28426
-5.32995 2.43655
-5.32995 2.74112
-5.32995 2.8934
-5.17766 3.04569
-5.17766 3.19797
-5.17766 3.50254
-5.17766 3.65482
-5.02538 3.80711
-5.02538 3.95939
-5.02538 4.26396
-4.8731 4.41624
-4.8731 4.56853
-4.8731 4.8731
-4.72081 5.02538
-4.72081 5.17766
-4.56853 5.32995
-4.56853 5.63452
-4.56853 5.7868
-4.41624 5.93909
-4.41624 6.24365
-4.26396 6.39594
-4.11168 6.54822
-4.11168 6.85279
-3.95939 7.00508
-3.95939 7.15736
-3.80711 7.30964
-3.65482 7.61421
-3.50254 7.7665
-3.50254 7.91878
-3.35025 8.07107
-3.19797 8.22335
-3.04569 8.37563
-2.8934 8.52792
-2.74112 8.6802
-2.58883 8.83249
-2.43655 8.98477
-2.13198 9.13706
-1.9797 9.28934
-1.82741 9.44162
-1.67513 9.44162
-1.52284 9.59391
-1.21827 9.59391
-1.06599 9.74619
-0.913706 9.74619
-0.609137 9.89848
-0.456853 9.89848
-0.152284 9.89848
0 10.0508
0.304569 10.0508
0.456853 10.0508
0.609137 10.0508
0.913706 10.0508
1.06599 10.0508
1.37056 10.0508
1.52284 10.0508
1.82741 9.89848
1.9797 9.89848
2.13198 9.89848
2.43655 9.74619
2.58883 9.74619
2.8934 9.74619
3.04569 9.59391
3.19797 9.59391
3.50254 9.44162
3.65482 9.44162
3.80711 9.28934
3.95939 9.28934
4.26396 9.13706
4.41624 8.98477
4.56853 8.98477
4.72081 8.83249
4.8731 8.6802
5.17766 8.6802
5.32995 8.52792
5.48223 8.37563
5.63452 8.37563
5.7868 8.22335
5.93909 8.07107
6.09137 8.07107
6.24365 7.91878
6.39594 7.7665
6.54822 7.7665
6.70051 7.61421
6.85279 7.46193
6.85279 7.46193
7.00508 7.30964
7.15736 7.15736
7.30964 7.15736
7.46193 7.00508
7.61421 6.85279
7.7665 6.85279
7.91878 6.70051
7.91878 6.70051
8.07107 6.54822
8.22335 6.39594
8.37563 6.39594
8.52792 6.24365
8.6802 6.24365
8.83249 6.09137
8.83249 6.09137
8.98477 5.93909
9.13706 5.93909
9.28934 5.7868
9.44162 5.63452
9.44162 5.63452
9.59391 5.48223
9.74619 5.48223
9.89848 5.32995
10.0508 5.32995
10.203 5.17766
10.203 5.02538
10.3553 5.02538
10.5076 4.8731
10.6599 4.72081
10.6599 4.72081
10.8122 4.56853
10.9645 4.41624
11.1168 4.41624
11.1168 4.26396
11.269 4.11168
11.4213 4.11168
11.5736 3.95939
11.5736 3.80711
11.7259 3.65482
11.8782 3.65482
11.8782 3.50254
12.0305 3.35025
12.1827 3.19797
12.1827 3.04569
12.335 3.04569
12.4873 2.8934
12.4873 2.74112
12.6396 2.58883
12.6396 2.43655
12.7919 2.28426
12.7919 2.13198
12.9442 1.9797
12.9442 1.82741
13.0964 1.67513
13.0964 1.52284
13.2487 1.37056
13.2487 1.37056
13.401 1.21827
13.401 1.06599
13.5533 0.913706
13.5533 0.761421
13.7056 0.609137
13.7056 0.456853
13.7056 0.152284
13.8579 0
13.8579 -0.152284
14.0102 -0.304569
14.0102 -0.456853
14.1624 -0.609137
14.1624 -0.761421
14.1624 -0.913706
14.3147 -1.06599
14.3147 -1.21827
