14.467 -1.37056
14.467 -1.52284
14.6193 -1.67513
14.6193 -1.82741
14.6193 -2.13198
14.6193 -2.28426
14.6193 -2.43655
14.6193 -2.58883
14.6193 -2.8934
14.7716 -3.04569
14.7716 -3.19797
14.7716 -3.35025
14.7716 -3.65482
14.7716 -3.80711
14.7716 -3.95939
14.6193 -4.26396
14.6193 -4.41624
14.6193 -4.56853
14.6193 -4.72081
14.6193 -5.02538
14.6193 -5.17766
14.6193 -5.32995
14.467 -5.63452
14.467 -5.7868
14.467 -5.93909
14.467 -6.24365
14.3147 -6.39594
14.3147 -6.54822
14.3147 -6.85279
14.1624 -7.00508
14.1624 -7.15736
14.1624 -7.30964
14.0102 -7.61421
14.0102 -7.7665
13.8579 -7.91878
13.8579 -8.22335
13.7056 -8.37563
13.5533 -8.52792
13.5533 -8.6802
13.401 -8.98477
13.2487 -9.13706
13.0964 -9.28934
13.0964 -9.44162
12.9442 -9.59391
12.7919 -9.74619
12.6396 -9.89848
12.4873 -10.0508
12.335 -10.203
12.1827 -10.3553
12.0305 -10.5076
11.8782 -10.6599
11.5736 -10.6599
11.4213 -10.8122
11.269 -10.9645
11.1168 -10.9645
10.8122 -11.1168
10.6599 -11.1168
10.5076 -11.269
10.3553 -11.269
10.0508 -11.4213
9.89848 -11.4213
9.74619 -11.4213
9.44162 -11.5736
9.28934 -11.5736
8.98477 -11.5736
8.83249 -11.7259
8.6802 -11.7259
8.37563 -11.7259
8.22335 -11.7259
8.07107 -11.7259
7.7665 -11.7259
7.61421 -11.8782
7.46193 -11.8782
7.30964 -11.8782
7.00508 -11.8782
6.85279 -11.8782
6.70051 -11.8782
6.54822 -11.8782
6.24365 -11.8782
6.09137 -11.8782
5.93909 -12.0305
5.7868 -12.0305
5.48223 -12.0305
5.32995 -12.0305
5.17766 -12.0305
5.02538 -12.0305
4.72081 -12.0305
4.56853 -12.0305
4.41624 -12.0305
4.26396 -11.8782
4.11168 -11.8782
3.80711 -11.8782
3.65482 -11.8782
3.50254 -11.8782
3.35025 -11.8782
3.19797 -11.7259
2.8934 -11.7259
2.74112 -11.7259
2.58883 -11.5736
2.43655 -11.5736
2.28426 -11.4213
2.13198 -11.4213
1.9797 -11.269
1.67513 -11.269
1.52284 -11.1168
1.37056 -11.1168
1.21827 -10.9645
1.06599 -10.8122
0.913706 -10.8122
0.761421 -10.6599
0.609137 -10.6599
0.456853 -10.5076
0.456853 -10.3553
0.304569 -10.203
0.152284 -10.203
0 -10.0508
-0.152284 -9.89848
-0.304569 -9.89848
-0.456853 -9.74619
-0.609137 -9.59391
-0.761421 -9.44162
-0.761421 -9.44162
-0.913706 -9.28934
-1.06599 -9.13706
-1.21827 -9.13706
-1.37056 -8.98477
-1.37056 -8.83249
-1.52284 -8.83249
-1.67513 -8.6802
-1.82741 -8.52792
-1.9797 -8.37563
-1.9797 -8.37563
-2.13198 -8.22335
-2.28426 -8.07107
-2.43655 -7.91878
-2.43655 -7.91878
-2.58883 -7.7665
-2.74112 -7.61421
-2.8934 -7.46193
-2.8934 -7.46193
-3.04569 -7.30964
-3.19797 -7.15736
-3.19797 -7.00508
-3.35025 -6.85279
-3.50254 -6.70051
-3.50254 -6.70051
-3.65482 -6.54822
-3.80711 -6.39594
-3.80711 -6.24365
-3.95939 -6.09137
-3.95939 -5.93909
-4.11168 -5.7868
-4.11168 -5.63452
-4.26396 -5.48223
-4.26396 -5.48223
-4.41624 -5.32995
-4.41624 -5.17766
-4.56853 -5.02538
-4.56853 -4.8731
-4.72081 -4.72081
-4.72081 -4.56853
-4.8731 -4.41624
-4.8731 -4.26396
-4.8731 -4.11168
-5.02538 -3.95939
-5.02538 -3.80711
-5.02538 -3.65482
-5.17766 -3.50254
-5.17766 -3.35025
-5.17766 -3.19797
-5.32995 -3.04569
-5.32995 -2.74112
-5.32995 -2.58883
-5.32995 -2.43655
-5.48223 -2.28426
-5.48223 -2.13198
-5.48223 -1.9797
-5.48223 -1.82741
-5.48223 -1.67513
-5.63452 -1.52284
-5.63452 -1.37056
-5.63452 -1.21827
-5.63452 -1.06599
-5.63452 -0.761421
-5.63452 -0.609137
-5.63452 -0.456853
-5.63452 -0.304569
-5.63452 -0.152284
-5.63452 0
-5.63452 0.152284
-5.63452 0.456853
-5.63452 0.609137
-5.63452 0.761421
-5.63452 0.913706
-5.63452 1.06599
-5.63452 1.21827
-5.63452 1.37056
-5.63452 1.67513
-5.63452 1.82741
-5.63452 1.9797
-5.63452 2.13198
-5.48223 2.28426
-5.48223 2.58883
-5.48223 2.74112
-5.48223 2.8934
-5.32995 3.04569
-5.32995 3.19797
-5.32995 3.50254
-5.32995 3.65482
-5.17766 3.80711
-5.17766 3.95939
-5.17766 4.11168
-5.02538 4.41624
-5.02538 4.56853
-5.02538 4.72081
-4.8731 4.8731
-4.8731 5.17766
-4.72081 5.32995
-4.72081 5.48223
-4.56853 5.63452
-4.56853 5.93909
-4.41624 6.09137
-4.41624 6.24365
-4.26396 6.39594
-4.26396 6.70051
-4.11168 6.85279
-3.95939 7.00508
-3.95939 7.15736
-3.80711 7.30964
-3.65482 7.46193
-3.50254 7.7665
-3.35025 7.91878
-3.35025 8.07107
-3.19797 8.22335
-3.04569 8.37563
-2.8934 8.52792
-2.74112 8.6802
-2.58883 8.83249
-2.43655 8.98477
-2.13198 8.98477
-1.9797 9.13706
-1.82741 9.28934
-1.67513 9.44162
-1.52284 9.44162
-1.21827 9.59391
-1.06599 9.59391
-0.913706 9.74619
-0.761421 9.74619
-0.456853 9.89848
-0.304569 9.89848
0 9.89848
0.152284 10.0508
0.304569 10.0508
0.609137 10.0508
0.761421 10.0508
0.913706 10.0508
1.21827 10.0508
1.37056 10.0508
1.67513 10.0508
1.82741 9.89848
1.9797 9.89848
2.28426 9.89848
2.43655 9.89848
2.74112 9.74619
2.8934 9.74619
3.04569 9.59391
3.35025 9.59391
3.50254 9.44162
3.65482 9.44162
3.80711 9.28934
4.11168 9.13706
4.26396 9.13706
4.41624 8.98477
4.56853 8.83249
4.72081 8.6802
4.8731 8.6802
5.02538 8.52792
5.17766 8.37563
5.32995 8.22335
5.48223 8.07107
5.63452 8.07107
5.7868 7.91878
5.93909 7.7665
6.09137 7.61421
6.24365 7.61421
6.39594 7.46193
6.54822 7.30964
6.70051 7.15736
6.85279 7.15736
6.85279 7.00508
7.00508 6.85279
7.15736 6.85279
7.30964 6.70051
7.46193 6.70051
7.61421 6.54822
7.61421 6.54822
7.7665 6.39594
7.91878 6.39594
8.07107 6.24365
8.22335 6.24365
8.37563 6.09137
8.52792 6.09137
8.52792 5.93909
8.6802 5.93909
8.83249 5.7868
8.98477 5.7868
9.13706 5.63452
9.28934 5.63452
9.44162 5.48223
9.44162 5.48223
9.59391 5.32995
9.74619 5.32995
9.89848 5.17766
10.0508 5.02538
10.203 5.02538
10.203 4.8731
10.3553 4.8731
10.5076 4.72081
10.6599 4.56853
10.8122 4.56853
10.8122 4.41624
10.9645 4.26396
11.1168 4.11168
11.1168 4.11168
11.269 3.95939
11.4213 3.80711
11.5736 3.65482
11.5736 3.65482
11.7259 3.50254
11.8782 3.35025
11.8782 3.19797
12.0305 3.04569
12.1827 2.8934
12.1827 2.8934
12.335 2.74112
12.335 2.58883
12.4873 2.43655
12.6396 2.28426
12.6396 2.13198
12.7919 1.9797
12.7919 1.82741
12.9442 1.67513
13.0964 1.52284
13.0964 1.37056
13.2487 1.37056
13.2487 1.21827
13.401 1.06599
13.401 0.913706
13.5533 0.761421
13.7056 0.456853
13.7056 0.304569
13.8579 0.152284
13.8579 0
14.0102 -0.152284
14.0102 -0.304569
14.1624 -0.456853
14.1624 -0.609137
14.3147 -0.761421
14.467 -0.913706
14.467 -1.21827
