14.467 -1.52284
14.467 -1.82741
14.6193 -1.9797
14.6193 -2.13198
14.6193 -2.28426
14.6193 -2.43655
14.6193 -2.74112
14.6193 -2.8934
14.6193 -3.04569
14.6193 -3.19797
14.6193 -3.50254
14.6193 -3.65482
14.6193 -3.80711
14.6193 -3.95939
14.6193 -4.26396
14.6193 -4.41624
14.6193 -4.56853
14.467 -4.72081
14.467 -5.02538
14.467 -5.17766
14.467 -5.32995
14.3147 -5.48223
14.3147 -5.7868
14.3147 -5.93909
14.3147 -6.09137
14.1624 -6.39594
14.1624 -6.54822
14.0102 -6.70051
14.0102 -6.85279
14.0102 -7.15736
13.8579 -7.30964
13.8579 -7.46193
13.7056 -7.61421
13.7056 -7.91878
13.5533 -8.07107
13.5533 -8.22335
13.401 -8.37563
13.2487 -8.52792
13.2487 -8.83249
13.0964 -8.98477
12.9442 -9.13706
12.7919 -9.28934
12.7919 -9.44162
12.6396 -9.59391
12.4873 -9.74619
12.335 -9.89848
12.1827 -10.0508
12.0305 -10.203
11.8782 -10.3553
11.7259 -10.5076
11.5736 -10.5076
11.4213 -10.6599
11.269 -10.8122
10.9645 -10.8122
10.8122 -10.9645
10.6599 -11.1168
10.5076 -11.1168
10.203 -11.269
10.0508 -11.269
9.89848 -11.4213
9.74619 -11.4213
9.44162 -11.4213
9.28934 -11.5736
9.13706 -11.5736
8.83249 -11.5736
8.6802 -11.5736
8.52792 -11.7259
8.22335 -11.7259
8.07107 -11.7259
7.91878 -11.7259
7.7665 -11.7259
7.46193 -11.7259
7.30964 -11.8782
7.15736 -11.8782
7.00508 -11.8782
6.70051 -11.8782
6.54822 -11.8782
6.39594 -11.8782
6.24365 -11.8782
5.93909 -12.0305
5.7868 -12.0305
5.63452 -12.0305
5.48223 -12.0305
5.32995 -12.0305
5.02538 -12.0305
4.8731 -12.0305
4.72081 -12.0305
4.56853 -12.0305
4.41624 -12.0305
4.11168 -12.0305
3.95939 -12.0305
3.80711 -11.8782
3.65482 -11.8782
3.50254 -11.8782
3.19797 -11.8782
3.04569 -11.8782
2.8934 -11.7259
2.74112 -11.7259
2.58883 -11.7259
2.43655 -11.5736
2.28426 -11.5736
2.13198 -11.4213
1.9797 -11.4213
1.67513 -11.269
1.52284 -11.269
1.37056 -11.1168
1.21827 -11.1168
1.06599 -10.9645
0.913706 -10.8122
0.761421 -10.8122
0.609137 -10.6599
0.609137 -10.5076
0.456853 -10.5076
0.304569 -10.3553
0.152284 -10.203
0 -10.203
-0.152284 -10.0508
-0.304569 -9.89848
-0.456853 -9.89848
-0.609137 -9.74619
-0.609137 -9.59391
-0.761421 -9.59391
-0.913706 -9.44162
-1.06599 -9.28934
-1.21827 -9.28934
-1.37056 -9.13706
-1.52284 -9.13706
-1.52284 -8.98477
-1.67513 -8.83249
-1.82741 -8.83249
-1.9797 -8.6802
-2.13198 -8.52792
-2.28426 -8.52792
-2.43655 -8.37563
-2.43655 -8.22335
-2.58883 -8.22335
-2.74112 -8.07107
-2.8934 -7.91878
-3.04569 -7.91878
-3.04569 -7.7665
-3.19797 -7.61421
-3.35025 -7.46193
-3.50254 -7.30964
-3.50254 -7.30964
-3.65482 -7.15736
-3.80711 -7.00508
-3.80711 -6.85279
-3.95939 -6.70051
-4.11168 -6.54822
-4.11168 -6.39594
-4.26396 -6.24365
-4.26396 -6.09137
-4.41624 -6.09137
-4.41624 -5.93909
-4.56853 -5.7868
-4.56853 -5.63452
-4.72081 -5.48223
-4.72081 -5.32995
-4.8731 -5.17766
-4.8731 -5.02538
-4.8731 -4.8731
-5.02538 -4.72081
-5.02538 -4.56853
-5.02538 -4.41624
-5.17766 -4.11168
-5.17766 -3.95939
-5.17766 -3.80711
-5.32995 -3.65482
-5.32995 -3.50254
-5.32995 -3.35025
-5.32995 -3.19797
-5.48223 -3.04569
-5.48223 -2.8934
-5.48223 -2.74112
-5.48223 -2.58883
-5.63452 -2.43655
-5.63452 -2.28426
-5.63452 -2.13198
-5.63452 -1.9797
-5.63452 -1.67513
-5.7868 -1.52284
-5.7868 -1.37056
-5.7868 -1.21827
-5.7868 -1.06599
-5.7868 -0.913706
-5.7868 -0.761421
-5.7868 -0.609137
-5.7868 -0.304569
-5.7868 -0.152284
-5.7868 0
-5.7868 0.152284
-5.7868 0.304569
-5.7868 0.456853
-5.7868 0.761421
-5.7868 0.913706
-5.7868 1.06599
-5.7868 1.21827
-5.7868 1.37056
-5.7868 1.52284
-5.7868 1.82741
-5.63452 1.9797
-5.63452 2.13198
-5.63452 2.28426
-5.63452 2.43655
-5.63452 2.74112
-5.48223 2.8934
-5.48223 3.04569
-5.48223 3.19797
-5.48223 3.50254
-5.32995 3.65482
-5.32995 3.80711
-5.32995 3.95939
-5.17766 4.26396
-5.17766 4.41624
-5.17766 4.56853
-5.02538 4.72081
-5.02538 5.02538
-4.8731 5.17766
-4.8731 5.32995
-4.72081 5.48223
-4.72081 5.7868
-4.56853 5.93909
-4.56853 6.09137
-4.41624 6.24365
-4.41624 6.54822
-4.26396 6.70051
-4.11168 6.85279
-3.95939 7.00508
-3.95939 7.15736
-3.80711 7.46193
-3.65482 7.61421
-3.50254 7.7665
-3.35025 7.91878
-3.35025 8.07107
-3.19797 8.22335
-3.04569 8.37563
-2.8934 8.52792
-2.74112 8.6802
-2.58883 8.83249
-2.28426 8.98477
-2.13198 9.13706
-1.9797 9.28934
-1.82741 9.28934
-1.67513 9.44162
-1.37056 9.59391
-1.21827 9.59391
-1.06599 9.74619
-0.913706 9.89848
-0.609137 9.89848
-0.456853 10.0508
-0.304569 10.0508
0 10.0508
0.152284 10.0508
0.456853 10.203
0.609137 10.203
0.913706 10.203
1.06599 10.203
1.21827 10.203
1.52284 10.203
1.67513 10.203
1.9797 10.203
2.13198 10.0508
2.28426 10.0508
2.58883 10.0508
2.74112 9.89848
3.04569 9.89848
3.19797 9.74619
3.35025 9.59391
3.65482 9.59391
3.80711 9.44162
3.95939 9.28934
4.11168 9.28934
4.41624 9.13706
4.56853 8.98477
4.72081 8.83249
4.8731 8.6802
5.02538 8.52792
5.17766 8.37563
5.32995 8.37563
5.48223 8.22335
5.63452 8.07107
5.7868 7.91878
5.93909 7.7665
6.09137 7.61421
6.24365 7.46193
6.39594 7.30964
6.54822 7.15736
6.70051 7.15736
6.70051 7.00508
6.85279 6.85279
7.00508 6.70051
7.15736 6.70051
7.30964 6.54822
7.46193 6.39594
7.46193 6.39594
7.61421 6.24365
7.7665 6.09137
7.91878 6.09137
8.07107 5.93909
8.07107 5.93909
8.22335 5.7868
8.37563 5.7868
8.52792 5.63452
8.6802 5.63452
8.83249 5.48223
8.83249 5.48223
8.98477 5.32995
9.13706 5.32995
9.28934 5.17766
9.44162 5.17766
9.59391 5.02538
9.74619 5.02538
9.89848 4.8731
9.89848 4.8731
10.0508 4.72081
10.203 4.72081
10.3553 4.56853
10.5076 4.56853
10.6599 4.41624
10.8122 4.26396
10.9645 4.26396
10.9645 4.11168
11.1168 4.11168
11.269 3.95939
11.4213 3.80711
11.5736 3.65482
11.7259 3.65482
11.7259 3.50254
11.8782 3.35025
12.0305 3.19797
12.1827 3.04569
12.1827 3.04569
12.335 2.8934
12.335 2.74112
12.4873 2.58883
12.6396 2.43655
12.6396 2.28426
12.7919 2.13198
12.7919 1.9797
12.7919 1.82741
12.9442 1.67513
12.9442 1.52284
12.9442 1.37056
13.0964 1.21827
13.0964 1.06599
13.0964 0.913706
13.2487 0.761421
13.2487 0.609137
13.2487 0.456853
13.401 0.304569
13.401 0.152284
13.5533 0
13.5533 -0.152284
13.7056 -0.456853
13.7056 -0.609137
13.8579 -0.761421
13.8579 -0.913706
14.0102 -1.06599
14.1624 -1.21827
14.3147 -1.37056
