13.8579 -1.52284
14.0102 -1.67513
14.0102 -1.82741
14.1624 -1.9797
14.1624 -2.13198
14.1624 -2.43655
14.3147 -2.58883
14.3147 -2.74112
14.3147 -2.8934
14.467 -3.19797
14.467 -3.35025
14.467 -3.50254
14.467 -3.80711
14.467 -3.95939
14.467 -4.11168
14.467 -4.26396
14.467 -4.56853
14.467 -4.72081
14.467 -4.8731
14.467 -5.17766
14.467 -5.32995
14.3147 -5.48223
14.3147 -5.7868
14.3147 -5.93909
14.3147 -6.09137
14.1624 -6.24365
14.1624 -6.54822
14.1624 -6.70051
14.0102 -6.85279
14.0102 -7.15736
13.8579 -7.30964
13.8579 -7.46193
13.7056 -7.61421
13.5533 -7.7665
13.5533 -8.07107
13.401 -8.22335
13.2487 -8.37563
13.2487 -8.52792
13.0964 -8.6802
12.9442 -8.83249
12.7919 -8.98477
12.6396 -9.13706
12.4873 -9.28934
12.4873 -9.44162
12.335 -9.59391
12.1827 -9.74619
12.0305 -9.89848
11.8782 -10.0508
11.7259 -10.203
11.4213 -10.3553
11.269 -10.3553
11.1168 -10.5076
10.9645 -10.6599
10.8122 -10.6599
10.6599 -10.8122
10.5076 -10.9645
10.203 -10.9645
10.0508 -11.1168
9.89848 -11.1168
9.74619 -11.269
9.59391 -11.269
9.28934 -11.4213
9.13706 -11.4213
8.98477 -11.5736
8.6802 -11.5736
8.52792 -11.5736
8.37563 -11.7259
8.22335 -11.7259
7.91878 -11.7259
7.7665 -11.7259
7.61421 -11.8782
7.46193 -11.8782
7.15736 -11.8782
7.00508 -11.8782
6.85279 -11.8782
6.70051 -11.8782
6.39594 -11.8782
6.24365 -12.0305
6.09137 -12.0305
5.93909 -12.0305
5.63452 -12.0305
5.48223 -12.0305
5.32995 -12.0305
5.17766 -12.0305
4.8731 -12.0305
4.72081 -12.0305
4.56853 -11.8782
4.41624 -11.8782
4.26396 -11.8782
3.95939 -11.8782
3.80711 -11.8782
3.65482 -11.8782
3.50254 -11.7259
3.35025 -11.7259
3.04569 -11.7259
2.8934 -11.7259
2.74112 -11.5736
2.58883 -11.5736
2.43655 -11.4213
2.28426 -11.4213
2.13198 -11.4213
1.9797 -11.269
1.82741 -11.269
1.67513 -11.1168
1.37056 -11.1168
1.21827 -10.9645
1.06599 -10.9645
0.913706 -10.8122
0.761421 -10.8122
0.609137 -10.6599
0.456853 -10.6599
0.304569 -10.5076
0.152284 -10.3553
0.152284 -10.3553
0 -10.203
-0.152284 -10.203
-0.304569 -10.0508
-0.456853 -9.89848
-0.609137 -9.89848
-0.761421 -9.74619
-0.913706 -9.74619
-1.06599 -9.59391
-1.21827 -9.44162
-1.37056 -9.44162
-1.52284 -9.28934
-1.52284 -9.28934
-1.67513 -9.13706
-1.82741 -8.98477
-1.9797 -8.98477
-2.13198 -8.83249
-2.28426 -8.6802
-2.43655 -8.6802
-2.43655 -8.52792
-2.58883 -8.37563
-2.74112 -8.37563
-2.8934 -8.22335
-3.04569 -8.07107
-3.19797 -7.91878
-3.19797 -7.91878
-3.35025 -7.7665
-3.50254 -7.61421
-3.65482 -7.46193
-3.65482 -7.30964
-3.80711 -7.15736
-3.95939 -7.15736
-3.95939 -7.00508
-4.11168 -6.85279
-4.11168 -6.70051
-4.26396 -6.54822
-4.26396 -6.39594
-4.41624 -6.24365
-4.41624 -6.09137
-4.56853 -5.93909
-4.56853 -5.7868
-4.72081 -5.63452
-4.72081 -5.48223
-4.72081 -5.32995
-4.8731 -5.17766
-4.8731 -5.02538
-4.8731 -4.8731
-5.02538 -4.72081
-5.02538 -4.56853
-5.02538 -4.41624
-5.17766 -4.26396
-5.17766 -4.11168
-5.17766 -3.95939
-5.17766 -3.80711
-5.32995 -3.65482
-5.32995 -3.50254
-5.32995 -3.19797
-5.48223 -3.04569
-5.48223 -2.8934
-5.48223 -2.74112
-5.48223 -2.58883
-5.48223 -2.43655
-5.63452 -2.28426
-5.63452 -2.13198
-5.63452 -1.9797
-5.63452 -1.82741
-5.7868 -1.67513
-5.7868 -1.52284
-5.7868 -1.37056
-5.7868 -1.06599
-5.7868 -0.913706
-5.7868 -0.761421
-5.7868 -0.609137
-5.7868 -0.456853
-5.93909 -0.304569
-5.93909 -0.152284
-5.93909 0
-5.93909 0.304569
-5.93909 0.456853
-5.93909 0.609137
-5.93909 0.761421
-5.93909 0.913706
-5.7868 1.06599
-5.7868 1.37056
-5.7868 1.52284
-5.7868 1.67513
-5.7868 1.82741
-5.7868 1.9797
-5.7868 2.13198
-5.63452 2.43655
-5.63452 2.58883
-5.63452 2.74112
-5.63452 2.8934
-5.48223 3.04569
-5.48223 3.19797
-5.48223 3.50254
-5.32995 3.65482
-5.32995 3.80711
-5.32995 3.95939
-5.17766 4.11168
-5.17766 4.41624
-5.02538 4.56853
-5.02538 4.72081
-5.02538 4.8731
-4.8731 5.17766
-4.8731 5.32995
-4.72081 5.48223
-4.72081 5.63452
-4.56853 5.7868
-4.56853 6.09137
-4.41624 6.24365
-4.41624 6.39594
-4.26396 6.54822
-4.11168 6.85279
-4.11168 7.00508
-3.95939 7.15736
-3.80711 7.30964
-3.65482 7.46193
-3.65482 7.7665
-3.50254 7.91878
-3.35025 8.07107
-3.19797 8.22335
-3.04569 8.37563
-2.8934 8.52792
-2.74112 8.6802
-2.58883 8.83249
-2.43655 8.98477
-2.28426 9.13706
-2.13198 9.13706
-1.9797 9.28934
-1.67513 9.44162
-1.52284 9.59391
-1.37056 9.59391
-1.21827 9.74619
-0.913706 9.89848
-0.761421 9.89848
-0.609137 10.0508
-0.304569 10.0508
-0.152284 10.0508
0 10.203
0.304569 10.203
0.456853 10.203
0.761421 10.203
0.913706 10.203
1.06599 10.203
1.37056 10.203
1.52284 10.203
1.82741 10.203
1.9797 10.203
2.13198 10.0508
2.43655 10.0508
2.58883 10.0508
2.8934 9.89848
3.04569 9.89848
3.19797 9.74619
3.50254 9.74619
3.65482 9.59391
3.80711 9.44162
3.95939 9.44162
4.26396 9.28934
4.41624 9.13706
4.56853 8.98477
4.72081 8.98477
4.8731 8.83249
5.02538 8.6802
5.17766 8.52792
5.32995 8.37563
5.48223 8.22335
5.63452 8.07107
5.7868 7.91878
5.93909 7.91878
6.09137 7.7665
6.24365 7.61421
6.39594 7.46193
6.54822 7.30964
6.70051 7.15736
6.85279 7.00508
6.85279 7.00508
7.00508 6.85279
7.15736 6.70051
7.30964 6.54822
7.30964 6.54822
7.46193 6.39594
7.61421 6.24365
7.7665 6.24365
7.91878 6.09137
7.91878 5.93909
8.07107 5.93909
8.22335 5.7868
8.37563 5.63452
8.37563 5.63452
8.52792 5.48223
8.6802 5.48223
8.83249 5.32995
8.98477 5.32995
8.98477 5.17766
9.13706 5.02538
9.28934 5.02538
9.44162 4.8731
9.59391 4.8731
9.59391 4.72081
9.74619 4.72081
9.89848 4.56853
10.0508 4.56853
10.203 4.41624
10.3553 4.41624
10.5076 4.26396
10.6599 4.26396
10.6599 4.11168
10.8122 3.95939
10.9645 3.95939
11.1168 3.80711
11.269 3.65482
11.4213 3.65482
11.5736 3.50254
11.5736 3.35025
11.7259 3.35025
11.8782 3.19797
12.0305 3.04569
12.0305 2.8934
12.1827 2.74112
12.335 2.58883
12.335 2.58883
12.4873 2.43655
12.6396 2.28426
12.6396 2.13198
12.7919 1.9797
12.7919 1.82741
12.7919 1.67513
12.9442 1.52284
12.9442 1.37056
13.0964 1.21827
13.0964 1.06599
13.0964 0.913706
13.0964 0.609137
13.2487 0.456853
13.2487 0.304569
13.2487 0.152284
13.401 0
13.401 -0.152284
13.401 -0.304569
13.5533 -0.456853
13.5533 -0.609137
13.5533 -0.761421
13.7056 -0.913706
13.7056 -1.06599
13.8579 -1.37056
