6.70051 1.9797
6.70051 1.67513
6.70051 1.37056
6.54822 1.06599
6.54822 0.761421
6.54822 0.304569
6.54822 0
6.39594 -0.304569
6.39594 -0.609137
6.24365 -0.913706
6.09137 -1.21827
6.09137 -1.52284
5.93909 -1.82741
5.7868 -2.13198
5.63452 -2.43655
5.48223 -2.74112
5.32995 -3.04569
5.17766 -3.35025
5.02538 -3.65482
4.8731 -3.80711
4.56853 -4.11168
4.41624 -4.41624
4.11168 -4.56853
3.95939 -4.8731
3.65482 -5.17766
3.50254 -5.32995
3.19797 -5.48223
2.8934 -5.7868
2.74112 -5.93909
2.43655 -6.09137
2.13198 -6.39594
1.82741 -6.54822
1.52284 -6.70051
1.21827 -6.85279
1.06599 -7.00508
0.761421 -7.15736
0.456853 -7.30964
0.152284 -7.30964
-0.152284 -7.46193
-0.456853 -7.61421
-0.761421 -7.7665
-0.913706 -7.7665
-1.21827 -7.91878
-1.52284 -8.07107
-1.82741 -8.07107
-2.13198 -8.22335
-2.28426 -8.37563
-2.58883 -8.37563
-2.8934 -8.52792
-3.04569 -8.6802
-3.35025 -8.6802
-3.50254 -8.83249
-3.80711 -8.83249
-3.95939 -8.98477
-4.26396 -9.13706
-4.41624 -9.13706
-4.72081 -9.28934
-4.8731 -9.44162
-5.02538 -9.59391
-5.32995 -9.59391
-5.48223 -9.74619
-5.7868 -9.74619
-5.93909 -9.89848
-6.24365 -10.0508
-6.39594 -10.0508
-6.54822 -10.203
-6.85279 -10.3553
-7.00508 -10.3553
-7.30964 -10.5076
-7.46193 -10.5076
-7.7665 -10.6599
-7.91878 -10.6599
-8.22335 -10.6599
-8.37563 -10.8122
-8.6802 -10.8122
-8.83249 -10.8122
-9.13706 -10.9645
-9.28934 -10.9645
-9.59391 -10.9645
-9.74619 -10.9645
-10.0508 -10.9645
-10.203 -10.9645
-10.5076 -10.9645
-10.6599 -10.9645
-10.9645 -10.9645
-11.1168 -10.9645
-11.4213 -10.9645
-11.5736 -10.9645
-11.8782 -10.9645
-12.0305 -10.9645
-12.335 -10.9645
-12.4873 -10.9645
-12.7919 -10.8122
-12.9442 -10.8122
-13.2487 -10.8122
-13.401 -10.8122
-13.7056 -10.8122
-13.8579 -10.8122
-14.1624 -10.6599
-14.3147 -10.6599
-14.6193 -10.6599
-14.7716 -10.6599
-14.9239 -10.6599
-15.2284 -10.6599
-15.3807 -10.5076
-15.6853 -10.5076
-15.8376 -10.5076
-16.1421 -10.5076
-16.2944 -10.5076
-16.599 -10.3553
-16.7513 -10.3553
-17.0558 -10.3553
-17.2081 -10.203
-17.5127 -10.203
-17.665 -10.203
-17.9695 -10.203
-18.2741 -10.0508
-18.4264 -10.0508
-18.731 -9.89848
-18.8832 -9.89848
-19.1878 -9.89848
-19.3401 -9.74619
-19.6447 -9.74619
-19.797 -9.59391
-20.1015 -9.59391
-20.4061 -9.44162
-20.5584 -9.44162
-20.8629 -9.28934
-21.0152 -9.13706
-21.3198 -9.13706
-21.4721 -8.98477
-21.7766 -8.83249
-21.9289 -8.6802
-22.2335 -8.6802
-22.3858 -8.52792
-22.6904 -8.37563
-22.8426 -8.22335
-23.1472 -8.07107
-23.2995 -7.91878
-23.6041 -7.7665
-23.7563 -7.61421
-24.0609 -7.46193
-24.2132 -7.30964
-24.3655 -7.15736
-24.6701 -7.00508
-24.8223 -6.70051
-24.9746 -6.54822
-25.2792 -6.39594
-25.4315 -6.24365
-25.5838 -5.93909
-25.736 -5.7868
-25.8883 -5.48223
-26.0406 -5.32995
-26.3452 -5.02538
-26.4975 -4.8731
-26.6497 -4.56853
-26.6497 -4.41624
-26.802 -4.11168
-26.9543 -3.95939
-27.1066 -3.65482
-27.2589 -3.35025
-27.4112 -3.19797
-27.4112 -2.8934
-27.5635 -2.58883
-27.7157 -2.43655
-27.7157 -2.13198
-27.868 -1.82741
-27.868 -1.52284
-28.0203 -1.37056
-28.0203 -1.06599
-28.1726 -0.761421
-28.1726 -0.456853
-28.3249 -0.152284
-28.3249 0
-28.3249 0.304569
-28.3249 0.609137
-28.3249 0.913706
-28.4772 1.21827
-28.4772 1.52284
-28.4772 1.67513
-28.4772 1.9797
-28.4772 2.28426
-28.3249 2.58883
-28.3249 2.8934
-28.3249 3.19797
-28.3249 3.35025
-28.3249 3.65482
-28.1726 3.95939
-28.1726 4.26396
-28.1726 4.56853
-28.0203 4.8731
-28.0203 5.02538
-28.0203 5.32995
-27.868 5.63452
-27.868 5.93909
-27.7157 6.09137
-27.5635 6.39594
-27.5635 6.70051
-27.4112 7.00508
-27.2589 7.15736
-27.2589 7.46193
-27.1066 7.7665
-26.9543 7.91878
-26.802 8.22335
-26.802 8.37563
-26.6497 8.6802
-26.4975 8.98477
-26.3452 9.13706
-26.1929 9.44162
-26.0406 9.59391
-25.8883 9.89848
-25.736 10.0508
-25.5838 10.3553
-25.4315 10.5076
-25.2792 10.8122
-25.1269 10.9645
-24.9746 11.269
-24.8223 11.4213
-24.6701 11.5736
-24.5178 11.8782
-24.2132 12.0305
-24.0609 12.335
-23.9086 12.4873
-23.7563 12.6396
-23.4518 12.7919
-23.2995 13.0964
-23.1472 13.2487
-22.8426 13.401
-22.6904 13.5533
-22.5381 13.7056
-22.2335 13.8579
-22.0812 14.0102
-21.7766 14.1624
-21.6244 14.3147
-21.3198 14.467
-21.1675 14.6193
-20.8629 14.7716
-20.5584 14.7716
-20.4061 14.9239
-20.1015 15.0761
-19.797 15.0761
-19.6447 15.2284
-19.3401 15.2284
-19.0355 15.2284
-18.731 15.3807
-18.5787 15.3807
-18.2741 15.3807
-17.9695 15.3807
-17.665 15.3807
-17.5127 15.3807
-17.2081 15.3807
-16.9036 15.3807
-16.599 15.3807
-16.4467 15.3807
-16.1421 15.3807
-15.8376 15.3807
-15.6853 15.3807
-15.3807 15.2284
-15.0761 15.2284
-14.9239 15.2284
-14.6193 15.2284
-14.3147 15.0761
-14.1624 15.0761
-13.8579 15.0761
-13.7056 15.0761
-13.401 14.9239
-13.2487 14.9239
-12.9442 14.9239
-12.7919 14.9239
-12.4873 14.7716
-12.335 14.7716
-12.0305 14.7716
-11.8782 14.7716
-11.5736 14.6193
-11.4213 14.6193
-11.269 14.6193
-10.9645 14.6193
-10.8122 14.6193
-10.5076 14.467
-10.3553 14.467
-10.0508 14.467
-9.89848 14.467
-9.74619 14.467
-9.44162 14.3147
-9.28934 14.3147
-8.98477 14.3147
-8.83249 14.3147
-8.52792 14.1624
-8.37563 14.1624
-8.07107 14.1624
-7.91878 14.0102
-7.7665 14.0102
-7.46193 14.0102
-7.30964 13.8579
-7.00508 13.8579
-6.85279 13.7056
-6.54822 13.7056
-6.39594 13.5533
-6.24365 13.5533
-5.93909 13.5533
-5.7868 13.401
-5.48223 13.401
-5.32995 13.2487
-5.02538 13.0964
-4.8731 13.0964
-4.56853 12.9442
-4.41624 12.9442
-4.11168 12.7919
-3.95939 12.6396
-3.65482 12.6396
-3.50254 12.4873
-3.35025 12.335
-3.04569 12.335
-2.8934 12.1827
-2.58883 12.0305
-2.43655 11.8782
-2.13198 11.8782
-1.9797 11.7259
-1.67513 11.5736
-1.52284 11.4213
-1.21827 11.269
-0.913706 11.1168
-0.761421 10.9645
-0.456853 10.9645
-0.304569 10.8122
0 10.6599
0.152284 10.3553
0.456853 10.203
0.609137 10.0508
0.913706 9.89848
1.06599 9.74619
1.37056 9.59391
1.52284 9.44162
1.82741 9.13706
1.9797 8.98477
2.28426 8.83249
2.43655 8.52792
2.74112 8.37563
2.8934 8.22335
3.04569 7.91878
3.35025 7.7665
3.50254 7.46193
3.80711 7.30964
3.95939 7.00508
4.11168 6.70051
4.41624 6.54822
4.56853 6.24365
4.72081 5.93909
4.8731 5.63452
5.17766 5.32995
5.32995 5.17766
5.48223 4.8731
5.63452 4.56853
5.7868 4.26396
5.93909 3.95939
6.09137 3.65482
6.09137 3.35025
6.24365 3.04569
6.39594 2.74112
6.39594 2.28426
