13.401 -1.52284
13.5533 -1.67513
13.5533 -1.9797
13.5533 -2.13198
13.5533 -2.28426
13.7056 -2.43655
13.7056 -2.58883
13.7056 -2.74112
13.8579 -3.04569
13.8579 -3.19797
13.8579 -3.35025
13.8579 -3.50254
14.0102 -3.65482
14.0102 -3.95939
14.0102 -4.11168
14.0102 -4.26396
14.0102 -4.56853
14.0102 -4.72081
14.0102 -4.8731
14.1624 -5.17766
14.1624 -5.32995
14.0102 -5.48223
14.0102 -5.7868
14.0102 -5.93909
14.0102 -6.09137
14.0102 -6.39594
13.8579 -6.54822
13.8579 -6.70051
13.8579 -6.85279
13.7056 -7.15736
13.7056 -7.30964
13.5533 -7.46193
13.401 -7.61421
13.401 -7.7665
13.2487 -7.91878
13.0964 -8.07107
13.0964 -8.37563
12.9442 -8.52792
12.7919 -8.6802
12.6396 -8.83249
12.4873 -8.98477
12.335 -9.13706
12.1827 -9.13706
12.1827 -9.28934
12.0305 -9.44162
11.8782 -9.59391
11.7259 -9.74619
11.4213 -9.89848
11.269 -9.89848
11.1168 -10.0508
10.9645 -10.203
10.8122 -10.3553
10.6599 -10.3553
10.5076 -10.5076
10.3553 -10.5076
10.203 -10.6599
9.89848 -10.8122
9.74619 -10.8122
9.59391 -10.9645
9.44162 -10.9645
9.28934 -10.9645
8.98477 -11.1168
8.83249 -11.1168
8.6802 -11.269
8.52792 -11.269
8.37563 -11.269
8.07107 -11.4213
7.91878 -11.4213
7.7665 -11.4213
7.61421 -11.5736
7.46193 -11.5736
7.15736 -11.5736
7.00508 -11.5736
6.85279 -11.5736
6.70051 -11.7259
6.54822 -11.7259
6.24365 -11.7259
6.09137 -11.7259
5.93909 -11.7259
5.7868 -11.7259
5.63452 -11.7259
5.32995 -11.8782
5.17766 -11.8782
5.02538 -11.8782
4.8731 -11.8782
4.72081 -11.8782
4.41624 -11.8782
4.26396 -11.8782
4.11168 -11.7259
3.95939 -11.7259
3.80711 -11.7259
3.65482 -11.7259
3.35025 -11.7259
3.19797 -11.7259
3.04569 -11.5736
2.8934 -11.5736
2.74112 -11.5736
2.58883 -11.5736
2.43655 -11.4213
2.13198 -11.4213
1.9797 -11.4213
1.82741 -11.269
1.67513 -11.269
1.52284 -11.1168
1.37056 -11.1168
1.21827 -10.9645
1.06599 -10.9645
0.913706 -10.8122
0.761421 -10.8122
0.609137 -10.6599
0.456853 -10.6599
0.304569 -10.5076
0.152284 -10.5076
0 -10.3553
-0.152284 -10.3553
-0.304569 -10.203
-0.456853 -10.203
-0.609137 -10.0508
-0.761421 -9.89848
-0.913706 -9.89848
-0.913706 -9.74619
-1.06599 -9.74619
-1.21827 -9.59391
-1.37056 -9.59391
-1.52284 -9.44162
-1.67513 -9.28934
-1.82741 -9.28934
-1.9797 -9.13706
-2.13198 -9.13706
-2.28426 -8.98477
-2.28426 -8.83249
-2.43655 -8.83249
-2.58883 -8.6802
-2.74112 -8.52792
-2.8934 -8.52792
-3.04569 -8.37563
-3.19797 -8.22335
-3.19797 -8.07107
-3.35025 -8.07107
-3.50254 -7.91878
-3.65482 -7.7665
-3.65482 -7.61421
-3.80711 -7.46193
-3.95939 -7.30964
-3.95939 -7.15736
-4.11168 -7.15736
-4.26396 -7.00508
-4.26396 -6.85279
-4.41624 -6.70051
-4.41624 -6.54822
-4.56853 -6.39594
-4.56853 -6.24365
-4.72081 -6.09137
-4.72081 -5.93909
-4.8731 -5.7868
-4.8731 -5.63452
-4.8731 -5.48223
-5.02538 -5.32995
-5.02538 -5.17766
-5.02538 -5.02538
-5.02538 -4.72081
-5.17766 -4.56853
-5.17766 -4.41624
-5.17766 -4.26396
-5.17766 -4.11168
-5.32995 -3.95939
-5.32995 -3.80711
-5.32995 -3.65482
-5.32995 -3.50254
-5.48223 -3.35025
-5.48223 -3.19797
-5.48223 -3.04569
-5.48223 -2.8934
-5.48223 -2.74112
-5.63452 -2.58883
-5.63452 -2.43655
-5.63452 -2.28426
-5.63452 -2.13198
-5.63452 -1.82741
-5.63452 -1.67513
-5.63452 -1.52284
-5.7868 -1.37056
-5.7868 -1.21827
-5.7868 -1.06599
-5.7868 -0.913706
-5.7868 -0.761421
-5.7868 -0.609137
-5.7868 -0.456853
-5.7868 -0.152284
-5.7868 0
-5.7868 0.152284
-5.7868 0.304569
-5.7868 0.456853
-5.7868 0.609137
-5.7868 0.761421
-5.7868 0.913706
-5.63452 1.21827
-5.63452 1.37056
-5.63452 1.52284
-5.63452 1.67513
-5.63452 1.82741
-5.48223 1.9797
-5.48223 2.13198
-5.48223 2.43655
-5.48223 2.58883
-5.32995 2.74112
-5.32995 2.8934
-5.32995 3.04569
-5.32995 3.19797
-5.17766 3.35025
-5.17766 3.65482
-5.17766 3.80711
-5.02538 3.95939
-5.02538 4.11168
-5.02538 4.26396
-4.8731 4.56853
-4.8731 4.72081
-4.8731 4.8731
-4.72081 5.02538
-4.72081 5.32995
-4.56853 5.48223
-4.56853 5.63452
-4.41624 5.93909
-4.41624 6.09137
-4.41624 6.24365
-4.26396 6.39594
-4.11168 6.70051
-4.11168 6.85279
-3.95939 7.00508
-3.80711 7.30964
-3.80711 7.46193
-3.65482 7.61421
-3.50254 7.7665
-3.35025 7.91878
-3.35025 8.07107
-3.19797 8.37563
-3.04569 8.52792
-2.8934 8.6802
-2.74112 8.83249
-2.58883 8.98477
-2.43655 9.13706
-2.13198 9.13706
-1.9797 9.28934
-1.82741 9.44162
-1.67513 9.59391
-1.52284 9.59391
-1.21827 9.74619
-1.06599 9.74619
-0.913706 9.89848
-0.609137 9.89848
-0.456853 10.0508
-0.152284 10.0508
0 10.0508
0.152284 10.0508
0.456853 10.0508
0.609137 10.203
0.913706 10.203
1.06599 10.203
1.21827 10.0508
1.52284 10.0508
1.67513 10.0508
1.9797 10.0508
2.13198 10.0508
2.28426 9.89848
2.58883 9.89848
2.74112 9.89848
3.04569 9.74619
3.19797 9.74619
3.35025 9.59391
3.50254 9.59391
3.80711 9.44162
3.95939 9.44162
4.11168 9.28934
4.26396 9.13706
4.56853 9.13706
4.72081 8.98477
4.8731 8.83249
5.02538 8.6802
5.17766 8.6802
5.32995 8.52792
5.48223 8.37563
5.63452 8.22335
5.7868 8.22335
5.93909 8.07107
6.09137 7.91878
6.24365 7.7665
6.39594 7.61421
6.54822 7.61421
6.70051 7.46193
6.85279 7.30964
7.00508 7.15736
7.15736 7.15736
7.15736 7.00508
7.30964 6.85279
7.46193 6.70051
7.61421 6.70051
7.7665 6.54822
7.7665 6.39594
7.91878 6.24365
8.07107 6.24365
8.22335 6.09137
8.37563 5.93909
8.37563 5.93909
8.52792 5.7868
8.6802 5.63452
8.83249 5.63452
8.83249 5.48223
8.98477 5.32995
9.13706 5.32995
9.28934 5.17766
9.28934 5.02538
9.44162 5.02538
9.59391 4.8731
9.74619 4.8731
9.89848 4.72081
9.89848 4.56853
10.0508 4.56853
10.203 4.41624
10.3553 4.26396
10.3553 4.26396
10.5076 4.11168
10.6599 3.95939
10.8122 3.95939
10.9645 3.80711
10.9645 3.65482
11.1168 3.65482
11.269 3.50254
11.4213 3.35025
11.4213 3.19797
11.5736 3.19797
11.7259 3.04569
11.8782 2.8934
11.8782 2.74112
12.0305 2.58883
12.1827 2.43655
12.1827 2.43655
12.335 2.28426
12.335 2.13198
12.4873 1.9797
12.4873 1.82741
12.6396 1.67513
12.6396 1.52284
12.7919 1.37056
12.7919 1.21827
12.9442 1.06599
12.9442 0.913706
12.9442 0.761421
13.0964 0.609137
13.0964 0.456853
13.0964 0.304569
13.2487 0.152284
13.2487 0
13.2487 -0.304569
13.2487 -0.456853
13.2487 -0.609137
13.401 -0.761421
13.401 -0.913706
13.401 -1.06599
13.401 -1.21827
13.401 -1.37056
