13.401 -1.37056
13.401 -1.52284
13.401 -1.82741
13.401 -1.9797
13.5533 -2.13198
13.5533 -2.28426
13.5533 -2.43655
13.5533 -2.58883
13.5533 -2.74112
13.7056 -3.04569
13.7056 -3.19797
13.7056 -3.35025
13.8579 -3.50254
13.8579 -3.80711
13.8579 -3.95939
13.8579 -4.11168
14.0102 -4.41624
14.0102 -4.56853
14.0102 -4.72081
14.0102 -5.02538
14.0102 -5.17766
14.0102 -5.32995
14.0102 -5.63452
14.0102 -5.7868
14.0102 -5.93909
14.0102 -6.24365
13.8579 -6.39594
13.8579 -6.54822
13.8579 -6.70051
13.7056 -7.00508
13.7056 -7.15736
13.5533 -7.30964
13.401 -7.46193
13.401 -7.61421
13.2487 -7.7665
13.0964 -8.07107
13.0964 -8.22335
12.9442 -8.37563
12.7919 -8.52792
12.6396 -8.6802
12.4873 -8.83249
12.335 -8.98477
12.1827 -8.98477
12.0305 -9.13706
11.8782 -9.28934
11.7259 -9.44162
11.5736 -9.59391
11.4213 -9.74619
11.269 -9.74619
11.1168 -9.89848
10.9645 -10.0508
10.8122 -10.0508
10.6599 -10.203
10.5076 -10.3553
10.203 -10.3553
10.0508 -10.5076
9.89848 -10.6599
9.74619 -10.6599
9.59391 -10.8122
9.44162 -10.8122
9.13706 -10.9645
8.98477 -10.9645
8.83249 -11.1168
8.6802 -11.1168
8.52792 -11.1168
8.37563 -11.269
8.07107 -11.269
7.91878 -11.269
7.7665 -11.4213
7.61421 -11.4213
7.46193 -11.4213
7.15736 -11.5736
7.00508 -11.5736
6.85279 -11.5736
6.70051 -11.5736
6.39594 -11.5736
6.24365 -11.5736
6.09137 -11.7259
5.93909 -11.7259
5.7868 -11.7259
5.48223 -11.7259
5.32995 -11.7259
5.17766 -11.7259
5.02538 -11.7259
4.8731 -11.7259
4.56853 -11.7259
4.41624 -11.7259
4.26396 -11.5736
4.11168 -11.5736
3.95939 -11.5736
3.65482 -11.5736
3.50254 -11.5736
3.35025 -11.5736
3.19797 -11.4213
3.04569 -11.4213
2.8934 -11.4213
2.74112 -11.4213
2.43655 -11.4213
2.28426 -11.269
2.13198 -11.269
1.9797 -11.269
1.82741 -11.1168
1.67513 -11.1168
1.52284 -11.1168
1.37056 -10.9645
1.21827 -10.9645
1.06599 -10.8122
0.913706 -10.8122
0.761421 -10.8122
0.609137 -10.6599
0.304569 -10.6599
0.152284 -10.5076
0 -10.5076
-0.152284 -10.3553
-0.304569 -10.3553
-0.456853 -10.203
-0.609137 -10.203
-0.761421 -10.0508
-0.913706 -10.0508
-1.06599 -9.89848
-1.06599 -9.89848
-1.21827 -9.74619
-1.37056 -9.74619
-1.52284 -9.59391
-1.67513 -9.44162
-1.82741 -9.44162
-1.9797 -9.28934
-2.13198 -9.13706
-2.28426 -9.13706
-2.43655 -8.98477
-2.58883 -8.83249
-2.74112 -8.83249
-2.74112 -8.6802
-2.8934 -8.52792
-3.04569 -8.37563
-3.19797 -8.37563
-3.35025 -8.22335
-3.35025 -8.07107
-3.50254 -7.91878
-3.65482 -7.7665
-3.80711 -7.61421
-3.80711 -7.61421
-3.95939 -7.46193
-4.11168 -7.30964
-4.11168 -7.15736
-4.26396 -7.00508
-4.26396 -6.85279
-4.41624 -6.70051
-4.41624 -6.54822
-4.56853 -6.39594
-4.56853 -6.24365
-4.72081 -6.09137
-4.72081 -5.93909
-4.8731 -5.7868
-4.8731 -5.63452
-4.8731 -5.48223
-5.02538 -5.32995
-5.02538 -5.17766
-5.02538 -5.02538
-5.17766 -4.8731
-5.17766 -4.72081
-5.17766 -4.41624
-5.17766 -4.26396
-5.32995 -4.11168
-5.32995 -3.95939
-5.32995 -3.80711
-5.32995 -3.65482
-5.32995 -3.50254
-5.32995 -3.35025
-5.48223 -3.19797
-5.48223 -3.04569
-5.48223 -2.8934
-5.48223 -2.74112
-5.48223 -2.58883
-5.48223 -2.43655
-5.48223 -2.28426
-5.48223 -2.13198
-5.48223 -1.9797
-5.63452 -1.67513
-5.63452 -1.52284
-5.63452 -1.37056
-5.63452 -1.21827
-5.63452 -1.06599
-5.63452 -0.913706
-5.63452 -0.761421
-5.63452 -0.609137
-5.63452 -0.456853
-5.63452 -0.304569
-5.63452 -0.152284
-5.63452 0
-5.63452 0.152284
-5.63452 0.456853
-5.63452 0.609137
-5.63452 0.761421
-5.63452 0.913706
-5.48223 1.06599
-5.48223 1.21827
-5.48223 1.37056
-5.48223 1.52284
-5.48223 1.82741
-5.48223 1.9797
-5.48223 2.13198
-5.48223 2.28426
-5.32995 2.43655
-5.32995 2.58883
-5.32995 2.74112
-5.32995 3.04569
-5.17766 3.19797
-5.17766 3.35025
-5.17766 3.50254
-5.17766 3.65482
-5.02538 3.80711
-5.02538 4.11168
-5.02538 4.26396
-4.8731 4.41624
-4.8731 4.56853
-4.8731 4.72081
-4.72081 5.02538
-4.72081 5.17766
-4.56853 5.32995
-4.56853 5.48223
-4.41624 5.63452
-4.41624 5.93909
-4.26396 6.09137
-4.26396 6.24365
-4.11168 6.39594
-3.95939 6.54822
-3.95939 6.85279
-3.80711 7.00508
-3.65482 7.15736
-3.65482 7.30964
-3.50254 7.46193
-3.35025 7.61421
-3.19797 7.7665
-3.04569 7.91878
-2.8934 8.07107
-2.74112 8.22335
-2.74112 8.37563
-2.58883 8.52792
-2.43655 8.6802
-2.13198 8.83249
-1.9797 8.98477
-1.82741 9.13706
-1.67513 9.28934
-1.52284 9.28934
-1.37056 9.44162
-1.21827 9.59391
-0.913706 9.59391
-0.761421 9.74619
-0.609137 9.74619
-0.456853 9.89848
-0.152284 9.89848
0 10.0508
0.152284 10.0508
0.456853 10.0508
0.609137 10.203
0.913706 10.203
1.06599 10.203
1.21827 10.203
1.52284 10.203
1.67513 10.203
1.82741 10.203
2.13198 10.203
2.28426 10.203
2.58883 10.0508
2.74112 10.0508
2.8934 10.0508
3.19797 9.89848
3.35025 9.89848
3.50254 9.74619
3.65482 9.74619
3.95939 9.59391
4.11168 9.59391
4.26396 9.44162
4.41624 9.28934
4.72081 9.28934
4.8731 9.13706
5.02538 8.98477
5.17766 8.83249
5.32995 8.83249
5.48223 8.6802
5.63452 8.52792
5.7868 8.37563
5.93909 8.22335
6.09137 8.22335
6.24365 8.07107
6.39594 7.91878
6.54822 7.7665
6.70051 7.61421
6.85279 7.61421
7.00508 7.46193
7.15736 7.30964
7.15736 7.15736
7.30964 7.15736
7.46193 7.00508
7.61421 6.85279
7.7665 6.70051
7.7665 6.70051
7.91878 6.54822
8.07107 6.39594
8.22335 6.39594
8.37563 6.24365
8.37563 6.09137
8.52792 6.09137
8.6802 5.93909
8.83249 5.7868
8.83249 5.63452
8.98477 5.63452
9.13706 5.48223
9.28934 5.32995
9.28934 5.32995
9.44162 5.17766
9.59391 5.02538
9.74619 5.02538
9.74619 4.8731
9.89848 4.72081
10.0508 4.72081
10.203 4.56853
10.203 4.41624
10.3553 4.41624
10.5076 4.26396
10.5076 4.11168
10.6599 3.95939
10.8122 3.95939
10.9645 3.80711
10.9645 3.65482
11.1168 3.50254
11.269 3.50254
11.269 3.35025
11.4213 3.19797
11.5736 3.04569
11.5736 2.8934
11.7259 2.8934
11.8782 2.74112
11.8782 2.58883
12.0305 2.43655
12.1827 2.28426
12.1827 2.13198
12.335 1.9797
12.335 1.9797
12.4873 1.82741
12.6396 1.67513
12.6396 1.52284
12.7919 1.37056
12.7919 1.21827
12.9442 1.06599
12.9442 0.913706
13.0964 0.761421
13.0964 0.609137
13.0964 0.456853
13.2487 0.304569
13.2487 0.152284
13.2487 0
13.401 -0.304569
13.401 -0.456853
13.401 -0.609137
13.401 -0.761421
13.401 -0.913706
13.401 -1.06599
13.401 -1.21827
