13.2487 -1.37056
13.2487 -1.52284
13.2487 -1.82741
13.2487 -1.9797
13.2487 -2.13198
13.401 -2.28426
13.401 -2.43655
13.401 -2.58883
13.401 -2.74112
13.401 -3.04569
13.5533 -3.19797
13.5533 -3.35025
13.5533 -3.50254
13.7056 -3.80711
13.7056 -3.95939
13.7056 -4.11168
13.7056 -4.26396
13.7056 -4.56853
13.8579 -4.72081
13.8579 -4.8731
13.8579 -5.17766
13.8579 -5.32995
13.8579 -5.48223
13.8579 -5.7868
13.8579 -5.93909
13.7056 -6.09137
13.7056 -6.39594
13.7056 -6.54822
13.5533 -6.70051
13.5533 -6.85279
13.401 -7.15736
13.401 -7.30964
13.2487 -7.46193
13.2487 -7.61421
13.0964 -7.7665
12.9442 -7.91878
12.7919 -8.07107
12.7919 -8.22335
12.6396 -8.37563
12.4873 -8.52792
12.335 -8.6802
12.1827 -8.83249
12.0305 -8.98477
11.8782 -9.13706
11.7259 -9.28934
11.5736 -9.44162
11.4213 -9.44162
11.269 -9.59391
11.1168 -9.74619
10.9645 -9.89848
10.8122 -9.89848
10.6599 -10.0508
10.5076 -10.203
10.3553 -10.203
10.0508 -10.3553
9.89848 -10.3553
9.74619 -10.5076
9.59391 -10.6599
9.44162 -10.6599
9.28934 -10.8122
9.13706 -10.8122
8.83249 -10.8122
8.6802 -10.9645
8.52792 -10.9645
8.37563 -11.1168
8.22335 -11.1168
7.91878 -11.1168
7.7665 -11.269
7.61421 -11.269
7.46193 -11.269
7.30964 -11.4213
7.15736 -11.4213
6.85279 -11.4213
6.70051 -11.4213
6.54822 -11.5736
6.39594 -11.5736
6.24365 -11.5736
5.93909 -11.5736
5.7868 -11.5736
5.63452 -11.5736
5.48223 -11.5736
5.32995 -11.5736
5.02538 -11.5736
4.8731 -11.5736
4.72081 -11.5736
4.56853 -11.5736
4.41624 -11.5736
4.11168 -11.5736
3.95939 -11.5736
3.80711 -11.5736
3.65482 -11.5736
3.50254 -11.5736
3.35025 -11.5736
3.19797 -11.5736
2.8934 -11.4213
2.74112 -11.4213
2.58883 -11.4213
2.43655 -11.4213
2.28426 -11.4213
2.13198 -11.269
1.9797 -11.269
1.67513 -11.269
1.52284 -11.1168
1.37056 -11.1168
1.21827 -11.1168
1.06599 -10.9645
0.913706 -10.9645
0.761421 -10.8122
0.609137 -10.8122
0.456853 -10.8122
0.304569 -10.6599
0.152284 -10.6599
0 -10.5076
-0.152284 -10.5076
-0.304569 -10.3553
-0.456853 -10.3553
-0.609137 -10.203
-0.761421 -10.203
-0.913706 -10.0508
-1.06599 -9.89848
-1.21827 -9.89848
-1.37056 -9.74619
-1.52284 -9.74619
-1.67513 -9.59391
-1.82741 -9.59391
-1.9797 -9.44162
-2.13198 -9.28934
-2.28426 -9.28934
-2.28426 -9.13706
-2.43655 -8.98477
-2.58883 -8.83249
-2.74112 -8.83249
-2.8934 -8.6802
-3.04569 -8.52792
-3.19797 -8.37563
-3.19797 -8.37563
-3.35025 -8.22335
-3.50254 -8.07107
-3.65482 -7.91878
-3.65482 -7.7665
-3.80711 -7.61421
-3.95939 -7.61421
-3.95939 -7.46193
-4.11168 -7.30964
-4.11168 -7.15736
-4.26396 -7.00508
-4.41624 -6.85279
-4.41624 -6.70051
-4.56853 -6.54822
-4.56853 -6.39594
-4.56853 -6.24365
-4.72081 -6.09137
-4.72081 -5.93909
-4.8731 -5.7868
-4.8731 -5.63452
-4.8731 -5.48223
-5.02538 -5.32995
-5.02538 -5.02538
-5.02538 -4.8731
-5.02538 -4.72081
-5.17766 -4.56853
-5.17766 -4.41624
-5.17766 -4.26396
-5.17766 -4.11168
-5.17766 -3.95939
-5.17766 -3.80711
-5.32995 -3.65482
-5.32995 -3.50254
-5.32995 -3.35025
-5.32995 -3.19797
-5.32995 -3.04569
-5.32995 -2.8934
-5.32995 -2.74112
-5.32995 -2.58883
-5.48223 -2.43655
-5.48223 -2.28426
-5.48223 -2.13198
-5.48223 -1.9797
-5.48223 -1.67513
-5.48223 -1.52284
-5.48223 -1.37056
-5.48223 -1.21827
-5.48223 -1.06599
-5.48223 -0.913706
-5.48223 -0.761421
-5.48223 -0.609137
-5.48223 -0.456853
-5.48223 -0.304569
-5.48223 -0.152284
-5.48223 0
-5.48223 0.152284
-5.48223 0.304569
-5.48223 0.456853
-5.48223 0.761421
-5.48223 0.913706
-5.48223 1.06599
-5.48223 1.21827
-5.48223 1.37056
-5.48223 1.52284
-5.48223 1.67513
-5.48223 1.82741
-5.32995 1.9797
-5.32995 2.28426
-5.32995 2.43655
-5.32995 2.58883
-5.32995 2.74112
-5.32995 2.8934
-5.17766 3.04569
-5.17766 3.35025
-5.17766 3.50254
-5.17766 3.65482
-5.02538 3.80711
-5.02538 3.95939
-5.02538 4.11168
-4.8731 4.41624
-4.8731 4.56853
-4.8731 4.72081
-4.72081 4.8731
-4.72081 5.17766
-4.72081 5.32995
-4.56853 5.48223
-4.56853 5.63452
-4.41624 5.7868
-4.41624 6.09137
-4.26396 6.24365
-4.11168 6.39594
-4.11168 6.54822
-3.95939 6.70051
-3.80711 7.00508
-3.80711 7.15736
-3.65482 7.30964
-3.50254 7.46193
-3.35025 7.61421
-3.35025 7.7665
-3.19797 7.91878
-3.04569 8.07107
-2.8934 8.22335
-2.74112 8.37563
-2.58883 8.52792
-2.43655 8.6802
-2.28426 8.83249
-2.13198 8.98477
-1.9797 9.13706
-1.82741 9.13706
-1.52284 9.28934
-1.37056 9.44162
-1.21827 9.44162
-1.06599 9.59391
-0.761421 9.74619
-0.609137 9.74619
-0.456853 9.89848
-0.304569 9.89848
0 9.89848
0.152284 10.0508
0.304569 10.0508
0.609137 10.0508
0.761421 10.0508
0.913706 10.0508
1.21827 10.0508
1.37056 10.203
1.67513 10.0508
1.82741 10.0508
1.9797 10.0508
2.28426 10.0508
2.43655 10.0508
2.58883 10.0508
2.8934 9.89848
3.04569 9.89848
3.19797 9.74619
3.50254 9.74619
3.65482 9.74619
3.80711 9.59391
3.95939 9.44162
4.26396 9.44162
4.41624 9.28934
4.56853 9.28934
4.72081 9.13706
4.8731 8.98477
5.17766 8.83249
5.32995 8.83249
5.48223 8.6802
5.63452 8.52792
5.7868 8.37563
5.93909 8.37563
6.09137 8.22335
6.24365 8.07107
6.39594 7.91878
6.54822 7.91878
6.70051 7.7665
6.70051 7.61421
6.85279 7.46193
7.00508 7.30964
7.15736 7.30964
7.30964 7.15736
7.46193 7.00508
7.61421 7.00508
7.61421 6.85279
7.7665 6.70051
7.91878 6.54822
8.07107 6.54822
8.22335 6.39594
8.22335 6.24365
8.37563 6.24365
8.52792 6.09137
8.6802 5.93909
8.6802 5.7868
8.83249 5.7868
8.98477 5.63452
9.13706 5.48223
9.13706 5.48223
9.28934 5.32995
9.44162 5.17766
9.59391 5.17766
9.59391 5.02538
9.74619 4.8731
9.89848 4.72081
10.0508 4.72081
10.0508 4.56853
10.203 4.41624
10.3553 4.41624
10.3553 4.26396
10.5076 4.11168
10.6599 3.95939
10.6599 3.95939
10.8122 3.80711
10.9645 3.65482
10.9645 3.50254
11.1168 3.50254
11.269 3.35025
11.4213 3.19797
11.4213 3.04569
11.5736 2.8934
11.7259 2.8934
11.7259 2.74112
11.8782 2.58883
12.0305 2.43655
12.0305 2.28426
12.1827 2.13198
12.1827 1.9797
12.335 1.9797
12.4873 1.82741
12.4873 1.67513
12.6396 1.52284
12.7919 1.37056
12.7919 1.21827
12.9442 1.06599
12.9442 0.913706
13.0964 0.761421
13.0964 0.609137
13.0964 0.456853
13.2487 0.304569
13.2487 0.152284
13.2487 0
13.2487 -0.304569
13.2487 -0.456853
13.401 -0.609137
13.401 -0.761421
13.2487 -0.913706
13.2487 -1.06599
13.2487 -1.21827
