6.54822 2.28426
6.54822 1.82741
6.70051 1.52284
6.70051 1.21827
6.70051 0.913706
6.70051 0.609137
6.70051 0.304569
6.70051 -0.152284
6.70051 -0.456853
6.54822 -0.761421
6.54822 -1.06599
6.39594 -1.37056
6.24365 -1.67513
6.09137 -1.9797
6.09137 -2.28426
5.7868 -2.58883
5.63452 -2.8934
5.48223 -3.19797
5.32995 -3.35025
5.17766 -3.65482
4.8731 -3.95939
4.72081 -4.26396
4.41624 -4.41624
4.26396 -4.72081
3.95939 -4.8731
3.80711 -5.17766
3.50254 -5.32995
3.19797 -5.63452
2.8934 -5.7868
2.74112 -5.93909
2.43655 -6.09137
2.13198 -6.39594
1.9797 -6.54822
1.67513 -6.70051
1.37056 -6.85279
1.06599 -7.00508
0.761421 -7.15736
0.609137 -7.30964
0.304569 -7.46193
0 -7.61421
-0.304569 -7.61421
-0.456853 -7.7665
-0.761421 -7.91878
-1.06599 -8.07107
-1.37056 -8.22335
-1.52284 -8.22335
-1.82741 -8.37563
-2.13198 -8.52792
-2.28426 -8.52792
-2.58883 -8.6802
-2.74112 -8.83249
-3.04569 -8.98477
-3.35025 -8.98477
-3.50254 -9.13706
-3.80711 -9.28934
-3.95939 -9.28934
-4.26396 -9.44162
-4.41624 -9.59391
-4.72081 -9.59391
-4.8731 -9.74619
-5.17766 -9.89848
-5.32995 -9.89848
-5.48223 -10.0508
-5.7868 -10.0508
-5.93909 -10.203
-6.24365 -10.203
-6.39594 -10.3553
-6.70051 -10.3553
-6.85279 -10.5076
-7.15736 -10.5076
-7.30964 -10.6599
-7.61421 -10.6599
-7.91878 -10.8122
-8.07107 -10.8122
-8.37563 -10.8122
-8.52792 -10.8122
-8.83249 -10.9645
-8.98477 -10.9645
-9.28934 -10.9645
-9.44162 -10.9645
-9.74619 -10.9645
-9.89848 -10.9645
-10.203 -10.9645
-10.5076 -10.9645
-10.6599 -10.9645
-10.9645 -10.9645
-11.1168 -10.9645
-11.4213 -10.9645
-11.5736 -10.9645
-11.8782 -10.9645
-12.0305 -10.9645
-12.335 -10.9645
-12.4873 -10.9645
-12.7919 -10.9645
-12.9442 -10.8122
-13.2487 -10.8122
-13.401 -10.8122
-13.7056 -10.8122
-13.8579 -10.8122
-14.1624 -10.8122
-14.3147 -10.8122
-14.6193 -10.6599
-14.7716 -10.6599
-15.0761 -10.6599
-15.2284 -10.6599
-15.533 -10.6599
-15.6853 -10.5076
-15.9898 -10.5076
-16.1421 -10.5076
-16.4467 -10.5076
-16.599 -10.3553
-16.9036 -10.3553
-17.2081 -10.3553
-17.3604 -10.3553
-17.665 -10.203
-17.8173 -10.203
-18.1218 -10.203
-18.2741 -10.0508
-18.5787 -10.0508
-18.8832 -9.89848
-19.0355 -9.89848
-19.3401 -9.74619
-19.4924 -9.74619
-19.797 -9.59391
-20.1015 -9.59391
-20.2538 -9.44162
-20.5584 -9.44162
-20.7107 -9.28934
-21.0152 -9.28934
-21.1675 -9.13706
-21.4721 -8.98477
-21.7766 -8.83249
-21.9289 -8.83249
-22.2335 -8.6802
-22.3858 -8.52792
-22.6904 -8.37563
-22.8426 -8.22335
-23.1472 -8.07107
-23.2995 -7.91878
-23.6041 -7.7665
-23.7563 -7.61421
-24.0609 -7.46193
-24.2132 -7.30964
-24.5178 -7.15736
-24.6701 -6.85279
-24.8223 -6.70051
-25.1269 -6.54822
-25.2792 -6.39594
-25.4315 -6.09137
-25.5838 -5.93909
-25.736 -5.63452
-25.8883 -5.48223
-26.1929 -5.17766
-26.3452 -5.02538
-26.4975 -4.72081
-26.6497 -4.56853
-26.6497 -4.26396
-26.802 -4.11168
-26.9543 -3.80711
-27.1066 -3.50254
-27.2589 -3.35025
-27.4112 -3.04569
-27.4112 -2.74112
-27.5635 -2.43655
-27.7157 -2.28426
-27.7157 -1.9797
-27.868 -1.67513
-27.868 -1.37056
-28.0203 -1.21827
-28.0203 -0.913706
-28.0203 -0.609137
-28.1726 -0.304569
-28.1726 0
-28.1726 0.304569
-28.3249 0.456853
-28.3249 0.761421
-28.3249 1.06599
-28.3249 1.37056
-28.3249 1.67513
-28.3249 1.9797
-28.3249 2.28426
-28.3249 2.43655
-28.3249 2.74112
-28.3249 3.04569
-28.3249 3.35025
-28.1726 3.65482
-28.1726 3.95939
-28.1726 4.26396
-28.1726 4.41624
-28.0203 4.72081
-28.0203 5.02538
-27.868 5.32995
-27.868 5.63452
-27.7157 5.7868
-27.7157 6.09137
-27.5635 6.39594
-27.5635 6.70051
-27.4112 6.85279
-27.2589 7.15736
-27.2589 7.46193
-27.1066 7.7665
-26.9543 7.91878
-26.802 8.22335
-26.6497 8.37563
-26.6497 8.6802
-26.4975 8.98477
-26.3452 9.13706
-26.1929 9.44162
-26.0406 9.59391
-25.8883 9.89848
-25.736 10.0508
-25.5838 10.3553
-25.4315 10.5076
-25.2792 10.8122
-25.1269 10.9645
-24.9746 11.269
-24.6701 11.4213
-24.5178 11.7259
-24.3655 11.8782
-24.2132 12.0305
-24.0609 12.335
-23.9086 12.4873
-23.6041 12.6396
-23.4518 12.9442
-23.2995 13.0964
-23.1472 13.2487
-22.8426 13.401
-22.6904 13.5533
-22.3858 13.7056
-22.2335 14.0102
-22.0812 14.1624
-21.7766 14.3147
-21.6244 14.467
-21.3198 14.6193
-21.1675 14.6193
-20.8629 14.7716
-20.5584 14.9239
-20.4061 15.0761
-20.1015 15.0761
-19.797 15.2284
-19.6447 15.2284
-19.3401 15.3807
-19.0355 15.3807
-18.731 15.533
-18.5787 15.533
-18.2741 15.533
-17.9695 15.533
-17.665 15.533
-17.5127 15.533
-17.2081 15.533
-16.9036 15.533
-16.599 15.533
-16.4467 15.533
-16.1421 15.533
-15.8376 15.3807
-15.533 15.3807
-15.3807 15.3807
-15.0761 15.3807
-14.7716 15.2284
-14.6193 15.2284
-14.3147 15.2284
-14.1624 15.0761
-13.8579 15.0761
-13.7056 15.0761
-13.401 15.0761
-13.2487 14.9239
-12.9442 14.9239
-12.7919 14.9239
-12.4873 14.7716
-12.335 14.7716
-12.0305 14.7716
-11.8782 14.7716
-11.5736 14.7716
-11.4213 14.6193
-11.1168 14.6193
-10.9645 14.6193
-10.8122 14.6193
-10.5076 14.6193
-10.3553 14.467
-10.0508 14.467
-9.89848 14.467
-9.74619 14.467
-9.44162 14.3147
-9.28934 14.3147
-8.98477 14.3147
-8.83249 14.3147
-8.6802 14.1624
-8.37563 14.1624
-8.22335 14.1624
-7.91878 14.0102
-7.7665 14.0102
-7.61421 14.0102
-7.30964 13.8579
-7.15736 13.8579
-6.85279 13.7056
-6.70051 13.7056
-6.54822 13.7056
-6.24365 13.5533
-6.09137 13.5533
-5.7868 13.401
-5.63452 13.401
-5.48223 13.2487
-5.17766 13.0964
-5.02538 13.0964
-4.72081 12.9442
-4.56853 12.9442
-4.41624 12.7919
-4.11168 12.7919
-3.95939 12.6396
-3.65482 12.4873
-3.50254 12.4873
-3.35025 12.335
-3.04569 12.1827
-2.8934 12.1827
-2.58883 12.0305
-2.43655 11.8782
-2.13198 11.7259
-1.9797 11.7259
-1.67513 11.5736
-1.52284 11.4213
-1.21827 11.269
-1.06599 11.1168
-0.761421 11.1168
-0.609137 10.9645
-0.304569 10.8122
-0.152284 10.6599
0.152284 10.5076
0.456853 10.3553
0.609137 10.203
0.913706 10.0508
1.06599 9.74619
1.37056 9.59391
1.52284 9.44162
1.67513 9.28934
1.9797 9.13706
2.13198 8.83249
2.43655 8.6802
2.58883 8.52792
2.8934 8.22335
3.04569 8.07107
3.19797 7.7665
3.50254 7.61421
3.65482 7.30964
3.80711 7.15736
4.11168 6.85279
4.26396 6.54822
4.41624 6.39594
4.56853 6.09137
4.72081 5.7868
4.8731 5.48223
5.17766 5.32995
5.32995 5.02538
5.48223 4.72081
5.63452 4.41624
5.7868 4.11168
5.93909 3.80711
6.09137 3.50254
6.09137 3.19797
6.24365 2.8934
6.39594 2.58883
