13.401 -1.52284
13.401 -1.67513
13.401 -1.82741
13.401 -1.9797
13.401 -2.13198
13.5533 -2.28426
13.5533 -2.58883
13.5533 -2.74112
13.5533 -2.8934
13.5533 -3.04569
13.5533 -3.19797
13.5533 -3.35025
13.5533 -3.65482
13.7056 -3.80711
13.7056 -3.95939
13.7056 -4.11168
13.7056 -4.41624
13.7056 -4.56853
13.7056 -4.72081
13.7056 -4.8731
13.7056 -5.17766
13.7056 -5.32995
13.7056 -5.48223
13.7056 -5.7868
13.5533 -5.93909
13.5533 -6.09137
13.5533 -6.24365
13.5533 -6.54822
13.401 -6.70051
13.401 -6.85279
13.2487 -7.00508
13.2487 -7.15736
13.0964 -7.46193
13.0964 -7.61421
12.9442 -7.7665
12.9442 -7.91878
12.7919 -8.07107
12.6396 -8.22335
12.4873 -8.37563
12.4873 -8.52792
12.335 -8.6802
12.1827 -8.83249
12.0305 -8.98477
11.8782 -9.13706
11.7259 -9.28934
11.5736 -9.44162
11.5736 -9.59391
11.4213 -9.74619
11.269 -9.89848
11.1168 -9.89848
10.8122 -10.0508
10.6599 -10.203
10.5076 -10.3553
10.3553 -10.3553
10.203 -10.5076
10.0508 -10.5076
9.89848 -10.6599
9.74619 -10.8122
9.59391 -10.8122
9.28934 -10.9645
9.13706 -10.9645
8.98477 -11.1168
8.83249 -11.1168
8.6802 -11.1168
8.37563 -11.269
8.22335 -11.269
8.07107 -11.269
7.91878 -11.4213
7.7665 -11.4213
7.46193 -11.4213
7.30964 -11.4213
7.15736 -11.5736
7.00508 -11.5736
6.70051 -11.5736
6.54822 -11.5736
6.39594 -11.5736
6.24365 -11.5736
6.09137 -11.5736
5.7868 -11.5736
5.63452 -11.5736
5.48223 -11.5736
5.32995 -11.5736
5.17766 -11.5736
4.8731 -11.5736
4.72081 -11.5736
4.56853 -11.5736
4.41624 -11.5736
4.26396 -11.5736
4.11168 -11.5736
3.80711 -11.5736
3.65482 -11.5736
3.50254 -11.4213
3.35025 -11.4213
3.19797 -11.4213
3.04569 -11.4213
2.8934 -11.4213
2.58883 -11.269
2.43655 -11.269
2.28426 -11.269
2.13198 -11.269
1.9797 -11.269
1.82741 -11.1168
1.67513 -11.1168
1.52284 -11.1168
1.37056 -10.9645
1.21827 -10.9645
0.913706 -10.9645
0.761421 -10.8122
0.609137 -10.8122
0.456853 -10.8122
0.304569 -10.6599
0.152284 -10.6599
0 -10.5076
-0.152284 -10.5076
-0.304569 -10.5076
-0.456853 -10.3553
-0.609137 -10.3553
-0.761421 -10.203
-0.913706 -10.203
-1.06599 -10.0508
-1.21827 -9.89848
-1.37056 -9.89848
-1.52284 -9.74619
-1.67513 -9.74619
-1.82741 -9.59391
-1.9797 -9.44162
-2.13198 -9.44162
-2.13198 -9.28934
-2.28426 -9.13706
-2.43655 -9.13706
-2.58883 -8.98477
-2.74112 -8.83249
-2.8934 -8.6802
-2.8934 -8.6802
-3.04569 -8.52792
-3.19797 -8.37563
-3.35025 -8.22335
-3.50254 -8.07107
-3.50254 -8.07107
-3.65482 -7.91878
-3.80711 -7.7665
-3.80711 -7.61421
-3.95939 -7.46193
-4.11168 -7.30964
-4.11168 -7.15736
-4.26396 -7.00508
-4.26396 -6.85279
-4.41624 -6.70051
-4.56853 -6.54822
-4.56853 -6.39594
-4.72081 -6.24365
-4.72081 -6.09137
-4.8731 -5.93909
-4.8731 -5.7868
-4.8731 -5.63452
-5.02538 -5.48223
-5.02538 -5.32995
-5.17766 -5.17766
-5.17766 -5.02538
-5.17766 -4.8731
-5.32995 -4.72081
-5.32995 -4.56853
-5.32995 -4.41624
-5.32995 -4.26396
-5.48223 -4.11168
-5.48223 -3.95939
-5.48223 -3.80711
-5.48223 -3.65482
-5.48223 -3.50254
-5.48223 -3.35025
-5.48223 -3.04569
-5.63452 -2.8934
-5.63452 -2.74112
-5.63452 -2.58883
-5.63452 -2.43655
-5.63452 -2.28426
-5.63452 -2.13198
-5.63452 -1.9797
-5.63452 -1.82741
-5.63452 -1.67513
-5.63452 -1.52284
-5.63452 -1.37056
-5.63452 -1.21827
-5.48223 -1.06599
-5.48223 -0.913706
-5.48223 -0.609137
-5.48223 -0.456853
-5.48223 -0.304569
-5.48223 -0.152284
-5.48223 0
-5.48223 0.152284
-5.48223 0.304569
-5.48223 0.456853
-5.48223 0.609137
-5.48223 0.761421
-5.48223 0.913706
-5.48223 1.06599
-5.32995 1.21827
-5.32995 1.52284
-5.32995 1.67513
-5.32995 1.82741
-5.32995 1.9797
-5.32995 2.13198
-5.32995 2.28426
-5.32995 2.43655
-5.17766 2.74112
-5.17766 2.8934
-5.17766 3.04569
-5.17766 3.19797
-5.17766 3.35025
-5.02538 3.65482
-5.02538 3.80711
-5.02538 3.95939
-5.02538 4.11168
-4.8731 4.26396
-4.8731 4.56853
-4.8731 4.72081
-4.72081 4.8731
-4.72081 5.02538
-4.56853 5.17766
-4.56853 5.48223
-4.41624 5.63452
-4.41624 5.7868
-4.26396 5.93909
-4.26396 6.09137
-4.11168 6.39594
-3.95939 6.54822
-3.95939 6.70051
-3.80711 6.85279
-3.65482 7.00508
-3.65482 7.15736
-3.50254 7.30964
-3.35025 7.46193
-3.19797 7.61421
-3.04569 7.7665
-2.8934 7.91878
-2.74112 8.07107
-2.58883 8.22335
-2.43655 8.37563
-2.28426 8.52792
-2.13198 8.6802
-1.9797 8.83249
-1.82741 8.83249
-1.67513 8.98477
-1.52284 9.13706
-1.21827 9.13706
-1.06599 9.28934
-0.913706 9.44162
-0.761421 9.44162
-0.609137 9.44162
-0.304569 9.59391
-0.152284 9.59391
0 9.74619
0.304569 9.74619
0.456853 9.74619
0.609137 9.74619
0.913706 9.89848
1.06599 9.89848
1.21827 9.89848
1.52284 9.89848
1.67513 9.89848
1.82741 9.89848
2.13198 9.89848
2.28426 9.89848
2.43655 9.74619
2.74112 9.74619
2.8934 9.74619
3.04569 9.74619
3.35025 9.59391
3.50254 9.59391
3.65482 9.59391
3.80711 9.44162
4.11168 9.44162
4.26396 9.28934
4.41624 9.28934
4.56853 9.13706
4.8731 9.13706
5.02538 8.98477
5.17766 8.83249
5.32995 8.83249
5.48223 8.6802
5.63452 8.52792
5.7868 8.52792
5.93909 8.37563
6.09137 8.22335
6.24365 8.22335
6.39594 8.07107
6.54822 7.91878
6.70051 7.7665
6.85279 7.7665
7.00508 7.61421
7.15736 7.46193
7.30964 7.30964
7.46193 7.15736
7.46193 7.15736
7.61421 7.00508
7.7665 6.85279
7.91878 6.70051
8.07107 6.54822
8.07107 6.54822
8.22335 6.39594
8.37563 6.24365
8.37563 6.09137
8.52792 5.93909
8.6802 5.93909
8.83249 5.7868
8.83249 5.63452
8.98477 5.48223
9.13706 5.48223
9.13706 5.32995
9.28934 5.17766
9.44162 5.02538
9.44162 5.02538
9.59391 4.8731
9.74619 4.72081
9.74619 4.56853
9.89848 4.56853
10.0508 4.41624
10.0508 4.26396
10.203 4.11168
10.3553 4.11168
10.3553 3.95939
10.5076 3.80711
10.6599 3.80711
10.6599 3.65482
10.8122 3.50254
10.9645 3.35025
10.9645 3.19797
11.1168 3.19797
11.269 3.04569
11.269 2.8934
11.4213 2.74112
11.5736 2.74112
11.5736 2.58883
11.7259 2.43655
11.8782 2.28426
11.8782 2.13198
12.0305 1.9797
12.0305 1.9797
12.1827 1.82741
12.335 1.67513
12.335 1.52284
12.4873 1.37056
12.4873 1.21827
12.6396 1.06599
12.6396 0.913706
12.7919 0.761421
12.7919 0.609137
12.9442 0.456853
12.9442 0.304569
13.0964 0.152284
13.0964 0
13.0964 -0.152284
13.2487 -0.304569
13.2487 -0.456853
13.2487 -0.609137
13.2487 -0.761421
13.401 -0.913706
13.401 -1.21827
13.401 -1.37056
