13.5533 -1.52284
13.5533 -1.67513
13.5533 -1.9797
13.5533 -2.13198
13.5533 -2.28426
13.5533 -2.43655
13.5533 -2.58883
13.5533 -2.74112
13.5533 -2.8934
13.5533 -3.19797
13.5533 -3.35025
13.5533 -3.50254
13.7056 -3.65482
13.7056 -3.80711
13.7056 -4.11168
13.7056 -4.26396
13.7056 -4.41624
13.7056 -4.56853
13.7056 -4.8731
13.7056 -5.02538
13.7056 -5.17766
13.5533 -5.32995
13.5533 -5.63452
13.5533 -5.7868
13.5533 -5.93909
13.5533 -6.09137
13.401 -6.39594
13.401 -6.54822
13.401 -6.70051
13.2487 -6.85279
13.2487 -7.00508
13.2487 -7.30964
13.0964 -7.46193
12.9442 -7.61421
12.9442 -7.7665
12.7919 -7.91878
12.7919 -8.07107
12.6396 -8.37563
12.4873 -8.52792
12.4873 -8.6802
12.335 -8.83249
12.1827 -8.98477
12.0305 -9.13706
11.8782 -9.28934
11.7259 -9.44162
11.7259 -9.59391
11.5736 -9.59391
11.4213 -9.74619
11.269 -9.89848
11.1168 -10.0508
10.9645 -10.203
10.6599 -10.203
10.5076 -10.3553
10.3553 -10.5076
10.203 -10.5076
10.0508 -10.6599
9.89848 -10.6599
9.74619 -10.8122
9.44162 -10.8122
9.28934 -10.9645
9.13706 -10.9645
8.98477 -11.1168
8.83249 -11.1168
8.52792 -11.269
8.37563 -11.269
8.22335 -11.269
8.07107 -11.269
7.91878 -11.4213
7.61421 -11.4213
7.46193 -11.4213
7.30964 -11.4213
7.15736 -11.4213
6.85279 -11.4213
6.70051 -11.5736
6.54822 -11.5736
6.39594 -11.5736
6.24365 -11.5736
5.93909 -11.5736
5.7868 -11.5736
5.63452 -11.5736
5.48223 -11.5736
5.32995 -11.5736
5.02538 -11.5736
4.8731 -11.5736
4.72081 -11.5736
4.56853 -11.5736
4.41624 -11.4213
4.26396 -11.4213
4.11168 -11.4213
3.80711 -11.4213
3.65482 -11.4213
3.50254 -11.4213
3.35025 -11.4213
3.19797 -11.269
3.04569 -11.269
2.8934 -11.269
2.74112 -11.269
2.43655 -11.269
2.28426 -11.269
2.13198 -11.1168
1.9797 -11.1168
1.82741 -11.1168
1.67513 -11.1168
1.52284 -10.9645
1.37056 -10.9645
1.21827 -10.9645
1.06599 -10.9645
0.913706 -10.8122
0.761421 -10.8122
0.456853 -10.8122
0.304569 -10.6599
0.152284 -10.6599
0 -10.6599
-0.152284 -10.5076
-0.304569 -10.5076
-0.456853 -10.3553
-0.609137 -10.3553
-0.761421 -10.3553
-0.913706 -10.203
-1.06599 -10.203
-1.21827 -10.0508
-1.37056 -9.89848
-1.52284 -9.89848
-1.67513 -9.74619
-1.82741 -9.74619
-1.9797 -9.59391
-2.13198 -9.44162
-2.28426 -9.44162
-2.43655 -9.28934
-2.43655 -9.13706
-2.58883 -9.13706
-2.74112 -8.98477
-2.8934 -8.83249
-3.04569 -8.83249
-3.19797 -8.6802
-3.19797 -8.52792
-3.35025 -8.37563
-3.50254 -8.22335
-3.65482 -8.07107
-3.65482 -8.07107
-3.80711 -7.91878
-3.95939 -7.7665
-3.95939 -7.61421
-4.11168 -7.46193
-4.26396 -7.30964
-4.26396 -7.15736
-4.41624 -7.00508
-4.41624 -6.85279
-4.56853 -6.70051
-4.56853 -6.54822
-4.72081 -6.39594
-4.72081 -6.24365
-4.8731 -6.09137
-4.8731 -5.93909
-4.8731 -5.7868
-5.02538 -5.63452
-5.02538 -5.48223
-5.02538 -5.32995
-5.17766 -5.17766
-5.17766 -5.02538
-5.17766 -4.8731
-5.32995 -4.72081
-5.32995 -4.41624
-5.32995 -4.26396
-5.32995 -4.11168
-5.48223 -3.95939
-5.48223 -3.80711
-5.48223 -3.65482
-5.48223 -3.50254
-5.48223 -3.35025
-5.48223 -3.19797
-5.48223 -3.04569
-5.63452 -2.8934
-5.63452 -2.74112
-5.63452 -2.58883
-5.63452 -2.43655
-5.63452 -2.28426
-5.63452 -1.9797
-5.63452 -1.82741
-5.63452 -1.67513
-5.63452 -1.52284
-5.63452 -1.37056
-5.63452 -1.21827
-5.63452 -1.06599
-5.63452 -0.913706
-5.63452 -0.761421
-5.63452 -0.609137
-5.63452 -0.456853
-5.63452 -0.304569
-5.63452 -0.152284
-5.63452 0.152284
-5.63452 0.304569
-5.63452 0.456853
-5.63452 0.609137
-5.63452 0.761421
-5.63452 0.913706
-5.63452 1.06599
-5.48223 1.21827
-5.48223 1.37056
-5.48223 1.67513
-5.48223 1.82741
-5.48223 1.9797
-5.48223 2.13198
-5.48223 2.28426
-5.32995 2.43655
-5.32995 2.58883
-5.32995 2.8934
-5.32995 3.04569
-5.17766 3.19797
-5.17766 3.35025
-5.17766 3.50254
-5.17766 3.65482
-5.02538 3.95939
-5.02538 4.11168
-5.02538 4.26396
-4.8731 4.41624
-4.8731 4.56853
-4.72081 4.8731
-4.72081 5.02538
-4.72081 5.17766
-4.56853 5.32995
-4.56853 5.63452
-4.41624 5.7868
-4.41624 5.93909
-4.26396 6.09137
-4.26396 6.24365
-4.11168 6.54822
-3.95939 6.70051
-3.95939 6.85279
-3.80711 7.00508
-3.65482 7.15736
-3.50254 7.30964
-3.50254 7.61421
-3.35025 7.7665
-3.19797 7.91878
-3.04569 8.07107
-2.8934 8.22335
-2.74112 8.37563
-2.58883 8.52792
-2.43655 8.52792
-2.28426 8.6802
-2.13198 8.83249
-1.82741 8.98477
-1.67513 8.98477
-1.52284 9.13706
-1.37056 9.28934
-1.21827 9.28934
-0.913706 9.44162
-0.761421 9.44162
-0.609137 9.59391
-0.304569 9.59391
-0.152284 9.59391
0 9.74619
0.304569 9.74619
0.456853 9.74619
0.609137 9.74619
0.913706 9.74619
1.06599 9.74619
1.21827 9.74619
1.52284 9.74619
1.67513 9.74619
1.82741 9.74619
2.13198 9.74619
2.28426 9.74619
2.43655 9.74619
2.74112 9.59391
2.8934 9.59391
3.04569 9.59391
3.35025 9.44162
3.50254 9.44162
3.65482 9.44162
3.80711 9.28934
4.11168 9.28934
4.26396 9.13706
4.41624 9.13706
4.56853 8.98477
4.8731 8.98477
5.02538 8.83249
5.17766 8.83249
5.32995 8.6802
5.48223 8.52792
5.63452 8.52792
5.7868 8.37563
5.93909 8.37563
6.09137 8.22335
6.24365 8.07107
6.39594 8.07107
6.54822 7.91878
6.70051 7.7665
6.85279 7.61421
7.00508 7.61421
7.15736 7.46193
7.30964 7.30964
7.46193 7.15736
7.61421 7.15736
7.61421 7.00508
7.7665 6.85279
7.91878 6.70051
8.07107 6.70051
8.22335 6.54822
8.22335 6.39594
8.37563 6.24365
8.52792 6.24365
8.6802 6.09137
8.6802 5.93909
8.83249 5.7868
8.98477 5.63452
9.13706 5.63452
9.13706 5.48223
9.28934 5.32995
9.44162 5.17766
9.44162 5.02538
9.59391 5.02538
9.74619 4.8731
9.74619 4.72081
9.89848 4.56853
9.89848 4.56853
10.0508 4.41624
10.203 4.26396
10.203 4.11168
10.3553 3.95939
10.5076 3.95939
10.5076 3.80711
10.6599 3.65482
10.6599 3.50254
10.8122 3.35025
10.9645 3.35025
10.9645 3.19797
11.1168 3.04569
11.1168 2.8934
11.269 2.74112
11.4213 2.74112
11.4213 2.58883
11.5736 2.43655
11.5736 2.28426
11.7259 2.13198
11.8782 1.9797
11.8782 1.9797
12.0305 1.82741
12.0305 1.67513
12.1827 1.52284
12.335 1.37056
12.335 1.21827
12.4873 1.06599
12.4873 0.913706
12.6396 0.761421
12.6396 0.609137
12.7919 0.456853
12.7919 0.456853
12.9442 0.304569
12.9442 0
13.0964 -0.152284
13.0964 -0.304569
13.0964 -0.456853
13.2487 -0.609137
13.2487 -0.761421
13.2487 -0.913706
13.401 -1.06599
13.401 -1.21827
13.401 -1.37056
