13.7056 -1.67513
13.5533 -1.82741
13.5533 -1.9797
13.5533 -2.13198
13.5533 -2.43655
13.5533 -2.58883
13.5533 -2.74112
13.5533 -2.8934
13.5533 -3.04569
13.5533 -3.19797
13.5533 -3.50254
13.7056 -3.65482
13.7056 -3.80711
13.7056 -3.95939
13.7056 -4.26396
13.7056 -4.41624
13.7056 -4.56853
13.7056 -4.72081
13.7056 -5.02538
13.8579 -5.17766
13.8579 -5.32995
13.8579 -5.63452
13.7056 -5.7868
13.7056 -5.93909
13.7056 -6.24365
13.7056 -6.39594
13.7056 -6.54822
13.5533 -6.85279
13.5533 -7.00508
13.5533 -7.15736
13.401 -7.30964
13.401 -7.61421
13.2487 -7.7665
13.2487 -7.91878
13.0964 -8.07107
12.9442 -8.22335
12.9442 -8.37563
12.7919 -8.52792
12.6396 -8.83249
12.4873 -8.98477
12.335 -9.13706
12.1827 -9.28934
12.1827 -9.28934
12.0305 -9.44162
11.8782 -9.59391
11.7259 -9.74619
11.4213 -9.89848
11.269 -10.0508
11.1168 -10.0508
10.9645 -10.203
10.8122 -10.3553
10.6599 -10.3553
10.5076 -10.5076
10.3553 -10.6599
10.0508 -10.6599
9.89848 -10.8122
9.74619 -10.8122
9.59391 -10.9645
9.44162 -10.9645
9.13706 -10.9645
8.98477 -11.1168
8.83249 -11.1168
8.6802 -11.1168
8.37563 -11.269
8.22335 -11.269
8.07107 -11.269
7.91878 -11.269
7.61421 -11.269
7.46193 -11.269
7.30964 -11.4213
7.15736 -11.4213
6.85279 -11.4213
6.70051 -11.4213
6.54822 -11.4213
6.39594 -11.4213
6.24365 -11.4213
5.93909 -11.4213
5.7868 -11.4213
5.63452 -11.4213
5.48223 -11.4213
5.32995 -11.4213
5.02538 -11.4213
4.8731 -11.4213
4.72081 -11.269
4.56853 -11.269
4.41624 -11.269
4.26396 -11.269
4.11168 -11.269
3.95939 -11.269
3.65482 -11.269
3.50254 -11.269
3.35025 -11.269
3.19797 -11.1168
3.04569 -11.1168
2.8934 -11.1168
2.74112 -11.1168
2.58883 -11.1168
2.43655 -11.1168
2.28426 -11.1168
2.13198 -10.9645
1.9797 -10.9645
1.82741 -10.9645
1.52284 -10.9645
1.37056 -10.9645
1.21827 -10.9645
1.06599 -10.8122
0.913706 -10.8122
0.761421 -10.8122
0.609137 -10.8122
0.456853 -10.8122
0.304569 -10.6599
0.152284 -10.6599
0 -10.6599
-0.152284 -10.5076
-0.304569 -10.5076
-0.456853 -10.5076
-0.761421 -10.3553
-0.913706 -10.3553
-1.06599 -10.203
-1.21827 -10.203
-1.37056 -10.0508
-1.52284 -10.0508
-1.52284 -9.89848
-1.67513 -9.89848
-1.82741 -9.74619
-1.9797 -9.59391
-2.13198 -9.59391
-2.28426 -9.44162
-2.43655 -9.28934
-2.58883 -9.13706
-2.58883 -9.13706
-2.74112 -8.98477
-2.8934 -8.83249
-3.04569 -8.6802
-3.19797 -8.52792
-3.19797 -8.52792
-3.35025 -8.37563
-3.50254 -8.22335
-3.50254 -8.07107
-3.65482 -7.91878
-3.80711 -7.7665
-3.80711 -7.61421
-3.95939 -7.46193
-3.95939 -7.30964
-4.11168 -7.30964
-4.26396 -7.15736
-4.26396 -7.00508
-4.41624 -6.85279
-4.41624 -6.70051
-4.56853 -6.54822
-4.56853 -6.39594
-4.72081 -6.24365
-4.72081 -6.09137
-4.72081 -5.93909
-4.8731 -5.7868
-4.8731 -5.63452
-5.02538 -5.48223
-5.02538 -5.32995
-5.02538 -5.17766
-5.17766 -5.02538
-5.17766 -4.8731
-5.17766 -4.72081
-5.32995 -4.56853
-5.32995 -4.41624
-5.32995 -4.26396
-5.48223 -4.11168
-5.48223 -3.95939
-5.48223 -3.80711
-5.48223 -3.65482
-5.48223 -3.50254
-5.63452 -3.35025
-5.63452 -3.19797
-5.63452 -2.8934
-5.63452 -2.74112
-5.63452 -2.58883
-5.7868 -2.43655
-5.7868 -2.28426
-5.7868 -2.13198
-5.7868 -1.9797
-5.7868 -1.82741
-5.7868 -1.67513
-5.7868 -1.52284
-5.7868 -1.37056
-5.7868 -1.21827
-5.7868 -1.06599
-5.7868 -0.913706
-5.7868 -0.609137
-5.7868 -0.456853
-5.7868 -0.304569
-5.7868 -0.152284
-5.7868 0
-5.7868 0.152284
-5.7868 0.304569
-5.7868 0.456853
-5.7868 0.609137
-5.7868 0.761421
-5.63452 0.913706
-5.63452 1.21827
-5.63452 1.37056
-5.63452 1.52284
-5.63452 1.67513
-5.63452 1.82741
-5.48223 1.9797
-5.48223 2.13198
-5.48223 2.28426
-5.48223 2.58883
-5.32995 2.74112
-5.32995 2.8934
-5.32995 3.04569
-5.32995 3.19797
-5.17766 3.35025
-5.17766 3.65482
-5.17766 3.80711
-5.02538 3.95939
-5.02538 4.11168
-5.02538 4.26396
-4.8731 4.56853
-4.8731 4.72081
-4.8731 4.8731
-4.72081 5.02538
-4.72081 5.32995
-4.72081 5.48223
-4.56853 5.63452
-4.56853 5.93909
-4.41624 6.09137
-4.41624 6.24365
-4.26396 6.39594
-4.26396 6.70051
-4.11168 6.85279
-3.95939 7.00508
-3.95939 7.15736
-3.80711 7.46193
-3.65482 7.61421
-3.50254 7.7665
-3.35025 7.91878
-3.19797 8.07107
-3.04569 8.22335
-3.04569 8.37563
-2.74112 8.52792
-2.58883 8.6802
-2.43655 8.83249
-2.28426 8.98477
-2.13198 8.98477
-1.9797 9.13706
-1.67513 9.13706
-1.52284 9.28934
-1.37056 9.28934
-1.21827 9.44162
-0.913706 9.44162
-0.761421 9.59391
-0.456853 9.59391
-0.304569 9.59391
-0.152284 9.59391
0.152284 9.59391
0.304569 9.59391
0.456853 9.59391
0.761421 9.59391
0.913706 9.59391
1.21827 9.59391
1.37056 9.59391
1.52284 9.59391
1.82741 9.59391
1.9797 9.59391
2.13198 9.44162
2.43655 9.44162
2.58883 9.44162
2.74112 9.44162
3.04569 9.44162
3.19797 9.28934
3.35025 9.28934
3.50254 9.28934
3.80711 9.13706
3.95939 9.13706
4.11168 9.13706
4.26396 8.98477
4.56853 8.98477
4.72081 8.83249
4.8731 8.83249
5.02538 8.83249
5.17766 8.6802
5.32995 8.6802
5.48223 8.52792
5.7868 8.52792
5.93909 8.37563
6.09137 8.22335
6.24365 8.22335
6.39594 8.07107
6.54822 7.91878
6.70051 7.91878
6.85279 7.7665
7.00508 7.61421
7.15736 7.46193
7.15736 7.46193
7.30964 7.30964
7.46193 7.15736
7.61421 7.00508
7.7665 6.85279
7.91878 6.70051
7.91878 6.70051
8.07107 6.54822
8.22335 6.39594
8.37563 6.24365
8.37563 6.09137
8.52792 5.93909
8.6802 5.7868
8.6802 5.63452
8.83249 5.63452
8.98477 5.48223
8.98477 5.32995
9.13706 5.17766
9.13706 5.02538
9.28934 4.8731
9.44162 4.8731
9.44162 4.72081
9.59391 4.56853
9.74619 4.41624
9.74619 4.26396
9.89848 4.26396
9.89848 4.11168
10.0508 3.95939
10.203 3.80711
10.203 3.80711
10.3553 3.65482
10.5076 3.50254
10.5076 3.35025
10.6599 3.35025
10.6599 3.19797
10.8122 3.04569
10.9645 2.8934
10.9645 2.74112
11.1168 2.74112
11.269 2.58883
11.269 2.43655
11.4213 2.28426
11.5736 2.28426
11.5736 2.13198
11.7259 1.9797
11.8782 1.82741
11.8782 1.67513
12.0305 1.52284
12.0305 1.37056
12.1827 1.37056
12.335 1.21827
12.335 1.06599
12.4873 0.913706
12.4873 0.761421
12.6396 0.609137
12.7919 0.456853
12.7919 0.304569
12.9442 0.152284
12.9442 0
13.0964 -0.152284
13.0964 -0.304569
13.2487 -0.456853
13.2487 -0.609137
13.2487 -0.761421
13.401 -0.913706
13.401 -1.21827
13.401 -1.37056
13.5533 -1.52284
