13.5533 -1.52284
13.5533 -1.67513
13.5533 -1.82741
13.5533 -1.9797
13.5533 -2.28426
13.5533 -2.43655
13.7056 -2.58883
13.7056 -2.74112
13.7056 -2.8934
13.7056 -3.19797
13.7056 -3.35025
13.7056 -3.50254
13.7056 -3.65482
13.8579 -3.95939
13.8579 -4.11168
13.8579 -4.26396
13.8579 -4.41624
13.8579 -4.72081
13.8579 -4.8731
13.8579 -5.17766
13.8579 -5.32995
13.8579 -5.48223
13.8579 -5.7868
13.8579 -5.93909
13.8579 -6.09137
13.8579 -6.39594
13.7056 -6.54822
13.7056 -6.70051
13.7056 -7.00508
13.5533 -7.15736
13.5533 -7.30964
13.401 -7.46193
13.401 -7.7665
13.2487 -7.91878
13.2487 -8.07107
13.0964 -8.22335
12.9442 -8.37563
12.7919 -8.52792
12.7919 -8.83249
12.6396 -8.98477
12.4873 -9.13706
12.335 -9.28934
12.1827 -9.44162
12.0305 -9.59391
11.8782 -9.59391
11.7259 -9.74619
11.5736 -9.89848
11.4213 -10.0508
11.269 -10.203
11.1168 -10.203
10.8122 -10.3553
10.6599 -10.5076
10.5076 -10.5076
10.3553 -10.6599
10.0508 -10.6599
9.89848 -10.8122
9.74619 -10.8122
9.59391 -10.9645
9.28934 -10.9645
9.13706 -10.9645
8.98477 -11.1168
8.83249 -11.1168
8.52792 -11.1168
8.37563 -11.1168
8.22335 -11.269
7.91878 -11.269
7.7665 -11.269
7.61421 -11.269
7.46193 -11.269
7.15736 -11.269
7.00508 -11.269
6.85279 -11.269
6.70051 -11.269
6.39594 -11.269
6.24365 -11.269
6.09137 -11.269
5.93909 -11.269
5.63452 -11.269
5.48223 -11.269
5.32995 -11.269
5.17766 -11.269
5.02538 -11.269
4.8731 -11.269
4.56853 -11.269
4.41624 -11.269
4.26396 -11.269
4.11168 -11.269
3.95939 -11.269
3.80711 -11.1168
3.65482 -11.1168
3.50254 -11.1168
3.19797 -11.1168
3.04569 -11.1168
2.8934 -11.1168
2.74112 -11.1168
2.58883 -11.1168
2.43655 -11.1168
2.28426 -10.9645
2.13198 -10.9645
1.9797 -10.9645
1.82741 -10.9645
1.67513 -10.9645
1.37056 -10.9645
1.21827 -10.8122
1.06599 -10.8122
0.913706 -10.8122
0.761421 -10.8122
0.609137 -10.8122
0.456853 -10.6599
0.304569 -10.6599
0.152284 -10.6599
0 -10.6599
-0.152284 -10.5076
-0.304569 -10.5076
-0.609137 -10.5076
-0.761421 -10.3553
-0.913706 -10.3553
-1.06599 -10.203
-1.21827 -10.203
-1.37056 -10.0508
-1.52284 -10.0508
-1.67513 -9.89848
-1.82741 -9.89848
-1.9797 -9.74619
-2.13198 -9.59391
-2.13198 -9.59391
-2.28426 -9.44162
-2.43655 -9.28934
-2.58883 -9.28934
-2.74112 -9.13706
-2.8934 -8.98477
-3.04569 -8.83249
-3.04569 -8.83249
-3.19797 -8.6802
-3.35025 -8.52792
-3.50254 -8.37563
-3.50254 -8.22335
-3.65482 -8.07107
-3.80711 -7.91878
-3.80711 -7.7665
-3.95939 -7.7665
-3.95939 -7.61421
-4.11168 -7.46193
-4.26396 -7.30964
-4.26396 -7.15736
-4.41624 -7.00508
-4.41624 -6.85279
-4.56853 -6.70051
-4.56853 -6.54822
-4.72081 -6.39594
-4.72081 -6.24365
-4.72081 -6.09137
-4.8731 -5.93909
-4.8731 -5.7868
-5.02538 -5.63452
-5.02538 -5.48223
-5.02538 -5.32995
-5.17766 -5.17766
-5.17766 -5.02538
-5.17766 -4.8731
-5.32995 -4.72081
-5.32995 -4.56853
-5.32995 -4.41624
-5.32995 -4.26396
-5.48223 -4.11168
-5.48223 -3.80711
-5.48223 -3.65482
-5.48223 -3.50254
-5.48223 -3.35025
-5.63452 -3.19797
-5.63452 -3.04569
-5.63452 -2.8934
-5.63452 -2.74112
-5.63452 -2.58883
-5.63452 -2.43655
-5.7868 -2.28426
-5.7868 -2.13198
-5.7868 -1.9797
-5.7868 -1.82741
-5.7868 -1.67513
-5.7868 -1.52284
-5.7868 -1.37056
-5.7868 -1.21827
-5.7868 -1.06599
-5.7868 -0.913706
-5.7868 -0.761421
-5.7868 -0.456853
-5.7868 -0.304569
-5.7868 -0.152284
-5.7868 0
-5.7868 0.152284
-5.7868 0.304569
-5.7868 0.456853
-5.7868 0.609137
-5.7868 0.761421
-5.7868 0.913706
-5.7868 1.06599
-5.7868 1.37056
-5.63452 1.52284
-5.63452 1.67513
-5.63452 1.82741
-5.63452 1.9797
-5.63452 2.13198
-5.48223 2.28426
-5.48223 2.43655
-5.48223 2.58883
-5.48223 2.8934
-5.32995 3.04569
-5.32995 3.19797
-5.32995 3.35025
-5.32995 3.50254
-5.17766 3.65482
-5.17766 3.80711
-5.17766 4.11168
-5.02538 4.26396
-5.02538 4.41624
-5.02538 4.56853
-4.8731 4.72081
-4.8731 5.02538
-4.72081 5.17766
-4.72081 5.32995
-4.72081 5.48223
-4.56853 5.7868
-4.56853 5.93909
-4.41624 6.09137
-4.41624 6.24365
-4.26396 6.54822
-4.26396 6.70051
-4.11168 6.85279
-3.95939 7.00508
-3.95939 7.15736
-3.80711 7.46193
-3.65482 7.61421
-3.50254 7.7665
-3.35025 7.91878
-3.19797 8.07107
-3.04569 8.22335
-3.04569 8.37563
-2.74112 8.52792
-2.58883 8.6802
-2.43655 8.6802
-2.28426 8.83249
-2.13198 8.98477
-1.9797 8.98477
-1.82741 9.13706
-1.52284 9.28934
-1.37056 9.28934
-1.21827 9.28934
-0.913706 9.44162
-0.761421 9.44162
-0.609137 9.44162
-0.304569 9.44162
-0.152284 9.59391
0 9.59391
0.304569 9.59391
0.456853 9.59391
0.609137 9.59391
0.913706 9.59391
1.06599 9.59391
1.21827 9.59391
1.52284 9.59391
1.67513 9.44162
1.82741 9.44162
2.13198 9.44162
2.28426 9.44162
2.43655 9.44162
2.74112 9.44162
2.8934 9.28934
3.04569 9.28934
3.19797 9.28934
3.50254 9.28934
3.65482 9.13706
3.80711 9.13706
3.95939 9.13706
4.11168 8.98477
4.41624 8.98477
4.56853 8.98477
4.72081 8.83249
4.8731 8.83249
5.02538 8.83249
5.17766 8.6802
5.32995 8.6802
5.63452 8.52792
5.7868 8.52792
5.93909 8.37563
6.09137 8.22335
6.24365 8.22335
6.39594 8.07107
6.54822 8.07107
6.70051 7.91878
6.85279 7.7665
7.00508 7.61421
7.15736 7.61421
7.15736 7.46193
7.30964 7.30964
7.46193 7.15736
7.61421 7.00508
7.7665 6.85279
7.91878 6.85279
7.91878 6.70051
8.07107 6.54822
8.22335 6.39594
8.22335 6.24365
8.37563 6.09137
8.52792 5.93909
8.52792 5.7868
8.6802 5.7868
8.83249 5.63452
8.83249 5.48223
8.98477 5.32995
8.98477 5.17766
9.13706 5.02538
9.28934 4.8731
9.28934 4.8731
9.44162 4.72081
9.44162 4.56853
9.59391 4.41624
9.74619 4.41624
9.74619 4.26396
9.89848 4.11168
10.0508 3.95939
10.0508 3.80711
10.203 3.80711
10.203 3.65482
10.3553 3.50254
10.5076 3.35025
10.5076 3.35025
10.6599 3.19797
10.8122 3.04569
10.8122 2.8934
10.9645 2.8934
11.1168 2.74112
11.1168 2.58883
11.269 2.43655
11.4213 2.28426
11.4213 2.28426
11.5736 2.13198
11.5736 1.9797
11.7259 1.82741
11.8782 1.67513
11.8782 1.52284
12.0305 1.52284
12.1827 1.37056
12.1827 1.21827
12.335 1.06599
12.335 0.913706
12.4873 0.761421
12.6396 0.609137
12.6396 0.456853
12.7919 0.304569
12.7919 0.152284
12.9442 0
12.9442 -0.152284
13.0964 -0.304569
13.0964 -0.456853
13.2487 -0.609137
13.2487 -0.761421
13.401 -0.913706
13.401 -1.21827
13.5533 -1.37056
