13.5533 -1.37056
13.5533 -1.52284
13.5533 -1.82741
13.5533 -1.9797
13.5533 -2.13198
13.5533 -2.28426
13.5533 -2.43655
13.7056 -2.74112
13.7056 -2.8934
13.7056 -3.04569
13.7056 -3.19797
13.8579 -3.50254
13.8579 -3.65482
13.8579 -3.80711
13.8579 -4.11168
13.8579 -4.26396
14.0102 -4.41624
14.0102 -4.72081
14.0102 -4.8731
14.0102 -5.02538
14.0102 -5.32995
14.0102 -5.48223
14.0102 -5.7868
14.0102 -5.93909
14.0102 -6.09137
14.0102 -6.39594
13.8579 -6.54822
13.8579 -6.70051
13.8579 -7.00508
13.7056 -7.15736
13.7056 -7.30964
13.5533 -7.61421
13.401 -7.7665
13.401 -7.91878
13.2487 -8.07107
13.0964 -8.22335
12.9442 -8.37563
12.7919 -8.52792
12.7919 -8.6802
12.6396 -8.83249
12.4873 -8.98477
12.335 -9.13706
12.1827 -9.28934
12.0305 -9.44162
11.8782 -9.59391
11.5736 -9.74619
11.4213 -9.89848
11.269 -9.89848
11.1168 -10.0508
10.9645 -10.203
10.6599 -10.203
10.5076 -10.3553
10.3553 -10.3553
10.203 -10.5076
9.89848 -10.5076
9.74619 -10.6599
9.59391 -10.6599
9.44162 -10.8122
9.13706 -10.8122
8.98477 -10.8122
8.83249 -10.8122
8.52792 -10.9645
8.37563 -10.9645
8.22335 -10.9645
8.07107 -10.9645
7.7665 -11.1168
7.61421 -11.1168
7.46193 -11.1168
7.30964 -11.1168
7.00508 -11.1168
6.85279 -11.1168
6.70051 -11.1168
6.54822 -11.1168
6.24365 -11.1168
6.09137 -11.1168
5.93909 -11.1168
5.7868 -11.1168
5.63452 -11.1168
5.32995 -11.1168
5.17766 -11.1168
5.02538 -11.1168
4.8731 -11.1168
4.72081 -11.1168
4.56853 -11.1168
4.26396 -11.1168
4.11168 -11.1168
3.95939 -11.1168
3.80711 -11.1168
3.65482 -10.9645
3.50254 -10.9645
3.35025 -10.9645
3.19797 -10.9645
3.04569 -10.9645
2.8934 -10.9645
2.58883 -10.9645
2.43655 -10.9645
2.28426 -10.9645
2.13198 -10.9645
1.9797 -10.9645
1.82741 -10.8122
1.67513 -10.8122
1.52284 -10.8122
1.37056 -10.8122
1.21827 -10.8122
0.913706 -10.8122
0.761421 -10.8122
0.609137 -10.8122
0.456853 -10.6599
0.304569 -10.6599
0.152284 -10.6599
0 -10.6599
-0.152284 -10.5076
-0.304569 -10.5076
-0.456853 -10.5076
-0.761421 -10.3553
-0.913706 -10.3553
-1.06599 -10.3553
-1.21827 -10.203
-1.37056 -10.203
-1.52284 -10.0508
-1.67513 -10.0508
-1.82741 -9.89848
-1.9797 -9.74619
-2.13198 -9.74619
-2.28426 -9.59391
-2.28426 -9.44162
-2.43655 -9.44162
-2.58883 -9.28934
-2.74112 -9.13706
-2.8934 -8.98477
-3.04569 -8.98477
-3.04569 -8.83249
-3.19797 -8.6802
-3.35025 -8.52792
-3.50254 -8.37563
-3.50254 -8.22335
-3.65482 -8.07107
-3.80711 -7.91878
-3.80711 -7.91878
-3.95939 -7.7665
-3.95939 -7.61421
-4.11168 -7.46193
-4.11168 -7.30964
-4.26396 -7.15736
-4.26396 -7.00508
-4.41624 -6.85279
-4.41624 -6.70051
-4.56853 -6.54822
-4.56853 -6.39594
-4.72081 -6.24365
-4.72081 -6.09137
-4.8731 -5.93909
-4.8731 -5.7868
-4.8731 -5.63452
-5.02538 -5.48223
-5.02538 -5.32995
-5.17766 -5.17766
-5.17766 -5.02538
-5.17766 -4.8731
-5.32995 -4.72081
-5.32995 -4.56853
-5.32995 -4.41624
-5.32995 -4.26396
-5.48223 -4.11168
-5.48223 -3.95939
-5.48223 -3.80711
-5.48223 -3.65482
-5.63452 -3.50254
-5.63452 -3.35025
-5.63452 -3.19797
-5.63452 -3.04569
-5.7868 -2.8934
-5.7868 -2.74112
-5.7868 -2.58883
-5.7868 -2.43655
-5.7868 -2.13198
-5.93909 -1.9797
-5.93909 -1.82741
-5.93909 -1.67513
-5.93909 -1.52284
-5.93909 -1.37056
-5.93909 -1.21827
-5.93909 -1.06599
-5.93909 -0.913706
-5.93909 -0.761421
-5.93909 -0.609137
-6.09137 -0.456853
-6.09137 -0.304569
-6.09137 -0.152284
-6.09137 0.152284
-6.09137 0.304569
-6.09137 0.456853
-6.09137 0.609137
-6.09137 0.761421
-5.93909 0.913706
-5.93909 1.06599
-5.93909 1.21827
-5.93909 1.37056
-5.93909 1.67513
-5.93909 1.82741
-5.93909 1.9797
-5.93909 2.13198
-5.93909 2.28426
-5.7868 2.43655
-5.7868 2.58883
-5.7868 2.8934
-5.7868 3.04569
-5.63452 3.19797
-5.63452 3.35025
-5.63452 3.50254
-5.63452 3.65482
-5.48223 3.95939
-5.48223 4.11168
-5.32995 4.26396
-5.32995 4.41624
-5.32995 4.56853
-5.17766 4.8731
-5.17766 5.02538
-5.02538 5.17766
-5.02538 5.32995
-4.8731 5.48223
-4.8731 5.63452
-4.72081 5.93909
-4.72081 6.09137
-4.56853 6.24365
-4.41624 6.39594
-4.41624 6.54822
-4.26396 6.70051
-4.11168 6.85279
-4.11168 7.15736
-3.95939 7.30964
-3.80711 7.46193
-3.65482 7.61421
-3.50254 7.7665
-3.35025 7.91878
-3.19797 8.07107
-3.04569 8.07107
-2.8934 8.22335
-2.74112 8.37563
-2.58883 8.52792
-2.43655 8.6802
-2.28426 8.6802
-2.13198 8.83249
-1.9797 8.98477
-1.82741 8.98477
-1.52284 9.13706
-1.37056 9.13706
-1.21827 9.28934
-1.06599 9.28934
-0.761421 9.44162
-0.609137 9.44162
-0.456853 9.44162
-0.152284 9.44162
0 9.59391
0.152284 9.59391
0.304569 9.59391
0.609137 9.59391
0.761421 9.59391
0.913706 9.59391
1.21827 9.59391
1.37056 9.59391
1.52284 9.59391
1.82741 9.59391
1.9797 9.59391
2.13198 9.59391
2.43655 9.59391
2.58883 9.59391
2.74112 9.44162
2.8934 9.44162
3.19797 9.44162
3.35025 9.44162
3.50254 9.44162
3.65482 9.28934
3.80711 9.28934
4.11168 9.28934
4.26396 9.13706
4.41624 9.13706
4.56853 8.98477
4.72081 8.98477
5.02538 8.83249
5.17766 8.83249
5.32995 8.6802
5.48223 8.6802
5.63452 8.52792
5.7868 8.52792
5.93909 8.37563
6.09137 8.37563
6.24365 8.22335
6.39594 8.07107
6.54822 7.91878
6.70051 7.91878
6.85279 7.7665
7.00508 7.61421
7.15736 7.46193
7.30964 7.46193
7.30964 7.30964
7.46193 7.15736
7.61421 7.00508
7.7665 6.85279
7.91878 6.70051
7.91878 6.70051
8.07107 6.54822
8.22335 6.39594
8.22335 6.24365
8.37563 6.09137
8.52792 5.93909
8.52792 5.7868
8.6802 5.63452
8.83249 5.63452
8.83249 5.48223
8.98477 5.32995
8.98477 5.17766
9.13706 5.02538
9.13706 4.8731
9.28934 4.72081
9.44162 4.56853
9.44162 4.56853
9.59391 4.41624
9.59391 4.26396
9.74619 4.11168
9.74619 3.95939
9.89848 3.95939
9.89848 3.80711
10.0508 3.65482
10.0508 3.50254
10.203 3.35025
10.3553 3.35025
10.3553 3.19797
10.5076 3.04569
10.5076 2.8934
10.6599 2.74112
10.6599 2.74112
10.8122 2.58883
10.9645 2.43655
10.9645 2.28426
11.1168 2.28426
11.1168 2.13198
11.269 1.9797
11.4213 1.82741
11.4213 1.67513
11.5736 1.67513
11.7259 1.52284
11.8782 1.37056
11.8782 1.21827
12.0305 1.06599
12.1827 0.913706
12.1827 0.761421
12.335 0.609137
12.4873 0.609137
12.4873 0.456853
12.6396 0.304569
12.7919 0.152284
12.7919 0
12.9442 -0.152284
13.0964 -0.456853
13.0964 -0.609137
13.2487 -0.761421
13.2487 -0.913706
13.401 -1.06599
13.401 -1.21827
