13.5533 -1.82741
13.5533 -1.9797
13.5533 -2.13198
13.7056 -2.28426
13.7056 -2.43655
13.7056 -2.58883
13.7056 -2.8934
13.7056 -3.04569
13.7056 -3.19797
13.8579 -3.35025
13.8579 -3.65482
13.8579 -3.80711
13.8579 -3.95939
14.0102 -4.11168
14.0102 -4.41624
14.0102 -4.56853
14.0102 -4.72081
14.0102 -5.02538
14.0102 -5.17766
14.0102 -5.48223
14.0102 -5.63452
14.0102 -5.7868
14.0102 -6.09137
14.0102 -6.24365
14.0102 -6.39594
14.0102 -6.70051
13.8579 -6.85279
13.8579 -7.00508
13.7056 -7.15736
13.7056 -7.46193
13.5533 -7.61421
13.401 -7.7665
13.401 -7.91878
13.2487 -8.07107
13.0964 -8.22335
12.9442 -8.37563
12.7919 -8.52792
12.6396 -8.6802
12.6396 -8.83249
12.4873 -8.98477
12.335 -9.13706
12.1827 -9.28934
11.8782 -9.44162
11.7259 -9.44162
11.5736 -9.59391
11.4213 -9.74619
11.269 -9.89848
11.1168 -9.89848
10.9645 -10.0508
10.8122 -10.203
10.6599 -10.203
10.5076 -10.3553
10.203 -10.3553
10.0508 -10.5076
9.89848 -10.5076
9.74619 -10.6599
9.59391 -10.8122
9.44162 -10.8122
9.13706 -10.8122
8.98477 -10.9645
8.83249 -10.9645
8.6802 -11.1168
8.52792 -11.1168
8.22335 -11.1168
8.07107 -11.269
7.91878 -11.269
7.7665 -11.269
7.61421 -11.269
7.30964 -11.4213
7.15736 -11.4213
7.00508 -11.4213
6.85279 -11.4213
6.70051 -11.4213
6.39594 -11.4213
6.24365 -11.4213
6.09137 -11.4213
5.93909 -11.4213
5.7868 -11.4213
5.48223 -11.4213
5.32995 -11.4213
5.17766 -11.269
5.02538 -11.269
4.8731 -11.269
4.72081 -11.269
4.56853 -11.269
4.26396 -11.269
4.11168 -11.1168
3.95939 -11.1168
3.80711 -11.1168
3.65482 -11.1168
3.50254 -11.1168
3.35025 -10.9645
3.19797 -10.9645
3.04569 -10.9645
2.8934 -10.9645
2.74112 -10.9645
2.58883 -10.9645
2.43655 -10.8122
2.28426 -10.8122
2.13198 -10.8122
1.82741 -10.8122
1.67513 -10.8122
1.52284 -10.8122
1.37056 -10.8122
1.21827 -10.8122
1.06599 -10.8122
0.913706 -10.6599
0.761421 -10.6599
0.609137 -10.6599
0.456853 -10.6599
0.304569 -10.6599
0.152284 -10.6599
0 -10.6599
-0.304569 -10.5076
-0.456853 -10.5076
-0.609137 -10.5076
-0.761421 -10.3553
-0.913706 -10.3553
-1.06599 -10.3553
-1.21827 -10.203
-1.37056 -10.203
-1.52284 -10.0508
-1.67513 -10.0508
-1.82741 -9.89848
-1.9797 -9.89848
-2.13198 -9.74619
-2.28426 -9.74619
-2.43655 -9.59391
-2.58883 -9.44162
-2.58883 -9.28934
-2.74112 -9.28934
-2.8934 -9.13706
-3.04569 -8.98477
-3.19797 -8.83249
-3.19797 -8.83249
-3.35025 -8.6802
-3.50254 -8.52792
-3.65482 -8.37563
-3.65482 -8.22335
-3.80711 -8.07107
-3.80711 -7.91878
-3.95939 -7.7665
-4.11168 -7.61421
-4.11168 -7.46193
-4.26396 -7.30964
-4.26396 -7.15736
-4.41624 -7.15736
-4.41624 -7.00508
-4.56853 -6.85279
-4.56853 -6.70051
-4.72081 -6.54822
-4.72081 -6.39594
-4.8731 -6.24365
-4.8731 -6.09137
-4.8731 -5.93909
-5.02538 -5.7868
-5.02538 -5.63452
-5.02538 -5.32995
-5.17766 -5.17766
-5.17766 -5.02538
-5.17766 -4.8731
-5.32995 -4.72081
-5.32995 -4.56853
-5.32995 -4.41624
-5.32995 -4.26396
-5.48223 -4.11168
-5.48223 -3.95939
-5.48223 -3.80711
-5.48223 -3.65482
-5.63452 -3.50254
-5.63452 -3.35025
-5.63452 -3.19797
-5.63452 -3.04569
-5.7868 -2.8934
-5.7868 -2.74112
-5.7868 -2.58883
-5.7868 -2.43655
-5.7868 -2.28426
-5.7868 -2.13198
-5.93909 -1.9797
-5.93909 -1.82741
-5.93909 -1.67513
-5.93909 -1.37056
-5.93909 -1.21827
-5.93909 -1.06599
-5.93909 -0.913706
-5.93909 -0.761421
-6.09137 -0.609137
-6.09137 -0.456853
-6.09137 -0.304569
-6.09137 -0.152284
-6.09137 0.152284
-6.09137 0.304569
-6.09137 0.456853
-6.09137 0.609137
-6.09137 0.761421
-6.09137 0.913706
-6.09137 1.21827
-5.93909 1.37056
-5.93909 1.52284
-5.93909 1.67513
-5.93909 1.82741
-5.93909 1.9797
-5.93909 2.28426
-5.93909 2.43655
-5.7868 2.58883
-5.7868 2.74112
-5.7868 2.8934
-5.7868 3.19797
-5.63452 3.35025
-5.63452 3.50254
-5.63452 3.65482
-5.48223 3.95939
-5.48223 4.11168
-5.48223 4.26396
-5.32995 4.41624
-5.32995 4.72081
-5.32995 4.8731
-5.17766 5.02538
-5.17766 5.17766
-5.02538 5.48223
-5.02538 5.63452
-4.8731 5.7868
-4.8731 5.93909
-4.72081 6.24365
-4.56853 6.39594
-4.56853 6.54822
-4.41624 6.70051
-4.26396 6.85279
-4.26396 7.15736
-4.11168 7.30964
-3.95939 7.46193
-3.80711 7.61421
-3.65482 7.7665
-3.50254 7.91878
-3.35025 8.07107
-3.19797 8.22335
-3.04569 8.37563
-2.8934 8.52792
-2.74112 8.6802
-2.58883 8.6802
-2.43655 8.83249
-2.13198 8.98477
-1.9797 8.98477
-1.82741 9.13706
-1.67513 9.13706
-1.37056 9.28934
-1.21827 9.28934
-1.06599 9.44162
-0.761421 9.44162
-0.609137 9.44162
-0.456853 9.59391
-0.152284 9.59391
0 9.59391
0.304569 9.59391
0.456853 9.59391
0.609137 9.59391
0.913706 9.59391
1.06599 9.59391
1.21827 9.59391
1.52284 9.59391
1.67513 9.59391
1.9797 9.59391
2.13198 9.59391
2.28426 9.59391
2.58883 9.44162
2.74112 9.44162
2.8934 9.44162
3.04569 9.44162
3.35025 9.44162
3.50254 9.28934
3.65482 9.28934
3.95939 9.28934
4.11168 9.28934
4.26396 9.13706
4.41624 9.13706
4.56853 8.98477
4.8731 8.98477
5.02538 8.98477
5.17766 8.83249
5.32995 8.83249
5.48223 8.6802
5.63452 8.6802
5.93909 8.52792
6.09137 8.37563
6.24365 8.37563
6.39594 8.22335
6.54822 8.07107
6.70051 8.07107
6.85279 7.91878
7.00508 7.7665
7.15736 7.61421
7.30964 7.46193
7.46193 7.46193
7.46193 7.30964
7.61421 7.15736
7.7665 7.00508
7.91878 6.85279
8.07107 6.70051
8.07107 6.54822
8.22335 6.39594
8.37563 6.24365
8.37563 6.09137
8.52792 5.93909
8.6802 5.7868
8.6802 5.63452
8.83249 5.48223
8.83249 5.32995
8.98477 5.32995
9.13706 5.17766
9.13706 5.02538
9.28934 4.8731
9.28934 4.72081
9.44162 4.56853
9.44162 4.41624
9.59391 4.26396
9.59391 4.11168
9.74619 4.11168
9.74619 3.95939
9.89848 3.80711
10.0508 3.65482
10.0508 3.50254
10.203 3.50254
10.203 3.35025
10.3553 3.19797
10.3553 3.04569
10.5076 2.8934
10.5076 2.8934
10.6599 2.74112
10.8122 2.58883
10.8122 2.43655
10.9645 2.28426
10.9645 2.28426
11.1168 2.13198
11.269 1.9797
11.269 1.82741
11.4213 1.67513
11.4213 1.67513
11.5736 1.52284
11.7259 1.37056
11.7259 1.21827
11.8782 1.06599
12.0305 0.913706
12.0305 0.913706
12.1827 0.761421
12.1827 0.609137
12.335 0.456853
12.4873 0.304569
12.4873 0.152284
12.6396 0
12.6396 -0.152284
12.7919 -0.304569
12.9442 -0.456853
12.9442 -0.609137
13.0964 -0.761421
13.0964 -0.913706
13.2487 -1.06599
13.2487 -1.21827
13.401 -1.37056
13.401 -1.52284
