13.7056 -2.28426
13.7056 -2.43655
13.7056 -2.58883
13.7056 -2.74112
13.7056 -2.8934
13.7056 -3.04569
13.7056 -3.35025
13.7056 -3.50254
13.8579 -3.65482
13.8579 -3.80711
13.8579 -3.95939
13.8579 -4.26396
13.8579 -4.41624
14.0102 -4.56853
14.0102 -4.8731
14.0102 -5.02538
14.0102 -5.17766
14.0102 -5.32995
14.0102 -5.63452
14.0102 -5.7868
14.0102 -5.93909
14.0102 -6.24365
14.0102 -6.39594
14.0102 -6.54822
13.8579 -6.85279
13.8579 -7.00508
13.8579 -7.15736
13.7056 -7.30964
13.5533 -7.61421
13.5533 -7.7665
13.401 -7.91878
13.401 -8.07107
13.2487 -8.22335
13.0964 -8.37563
12.9442 -8.52792
12.7919 -8.6802
12.6396 -8.83249
12.4873 -8.98477
12.335 -9.13706
12.1827 -9.28934
12.0305 -9.28934
11.8782 -9.44162
11.7259 -9.59391
11.5736 -9.74619
11.4213 -9.89848
11.269 -9.89848
11.1168 -10.0508
10.9645 -10.203
10.8122 -10.203
10.6599 -10.3553
10.5076 -10.5076
10.3553 -10.5076
10.203 -10.6599
10.0508 -10.6599
9.74619 -10.8122
9.59391 -10.8122
9.44162 -10.9645
9.28934 -10.9645
9.13706 -11.1168
8.98477 -11.1168
8.83249 -11.269
8.6802 -11.269
8.52792 -11.4213
8.22335 -11.4213
8.07107 -11.5736
7.91878 -11.5736
7.7665 -11.5736
7.61421 -11.7259
7.46193 -11.7259
7.30964 -11.7259
7.15736 -11.8782
6.85279 -11.8782
6.70051 -11.8782
6.54822 -11.8782
6.39594 -12.0305
6.24365 -12.0305
6.09137 -12.0305
5.7868 -12.0305
5.63452 -12.0305
5.48223 -12.0305
5.32995 -12.0305
5.17766 -12.0305
5.02538 -12.0305
4.72081 -12.0305
4.56853 -12.0305
4.41624 -12.0305
4.26396 -12.0305
4.11168 -12.0305
3.95939 -12.0305
3.80711 -12.0305
3.65482 -11.8782
3.35025 -11.8782
3.19797 -11.8782
3.04569 -11.8782
2.8934 -11.8782
2.74112 -11.8782
2.58883 -11.7259
2.43655 -11.7259
2.28426 -11.7259
2.13198 -11.7259
1.9797 -11.5736
1.82741 -11.5736
1.67513 -11.5736
1.37056 -11.4213
1.21827 -11.4213
1.06599 -11.4213
0.913706 -11.269
0.761421 -11.269
0.609137 -11.269
0.456853 -11.1168
0.304569 -11.1168
0.152284 -11.1168
0 -10.9645
-0.152284 -10.9645
-0.304569 -10.8122
-0.456853 -10.8122
-0.609137 -10.6599
-0.761421 -10.6599
-0.913706 -10.5076
-1.06599 -10.5076
-1.21827 -10.3553
-1.21827 -10.3553
-1.37056 -10.203
-1.52284 -10.203
-1.67513 -10.0508
-1.82741 -9.89848
-1.9797 -9.89848
-2.13198 -9.74619
-2.28426 -9.59391
-2.43655 -9.59391
-2.43655 -9.44162
-2.58883 -9.28934
-2.74112 -9.28934
-2.8934 -9.13706
-3.04569 -8.98477
-3.04569 -8.83249
-3.19797 -8.83249
-3.35025 -8.6802
-3.50254 -8.52792
-3.50254 -8.37563
-3.65482 -8.22335
-3.80711 -8.07107
-3.80711 -8.07107
-3.95939 -7.91878
-3.95939 -7.7665
-4.11168 -7.61421
-4.11168 -7.46193
-4.26396 -7.30964
-4.26396 -7.15736
-4.41624 -7.00508
-4.41624 -6.85279
-4.56853 -6.70051
-4.56853 -6.54822
-4.56853 -6.39594
-4.72081 -6.24365
-4.72081 -6.09137
-4.8731 -5.93909
-4.8731 -5.7868
-4.8731 -5.63452
-4.8731 -5.48223
-5.02538 -5.32995
-5.02538 -5.17766
-5.02538 -5.02538
-5.17766 -4.8731
-5.17766 -4.72081
-5.17766 -4.56853
-5.17766 -4.41624
-5.32995 -4.26396
-5.32995 -4.11168
-5.32995 -3.95939
-5.32995 -3.80711
-5.48223 -3.65482
-5.48223 -3.50254
-5.48223 -3.35025
-5.48223 -3.19797
-5.63452 -3.04569
-5.63452 -2.8934
-5.63452 -2.74112
-5.7868 -2.58883
-5.7868 -2.43655
-5.7868 -2.28426
-5.7868 -1.9797
-5.7868 -1.82741
-5.93909 -1.67513
-5.93909 -1.52284
-5.93909 -1.37056
-5.93909 -1.21827
-5.93909 -1.06599
-6.09137 -0.913706
-6.09137 -0.609137
-6.09137 -0.456853
-6.09137 -0.304569
-6.09137 -0.152284
-6.09137 0
-6.09137 0.152284
-6.09137 0.456853
-6.09137 0.609137
-6.09137 0.761421
-6.09137 0.913706
-6.09137 1.06599
-6.09137 1.37056
-6.09137 1.52284
-6.09137 1.67513
-6.09137 1.82741
-6.09137 2.13198
-6.09137 2.28426
-6.09137 2.43655
-5.93909 2.74112
-5.93909 2.8934
-5.93909 3.04569
-5.93909 3.19797
-5.7868 3.50254
-5.7868 3.65482
-5.7868 3.80711
-5.63452 4.11168
-5.63452 4.26396
-5.63452 4.41624
-5.48223 4.56853
-5.48223 4.8731
-5.32995 5.02538
-5.32995 5.17766
-5.17766 5.48223
-5.02538 5.63452
-5.02538 5.7868
-4.8731 5.93909
-4.8731 6.24365
-4.72081 6.39594
-4.56853 6.54822
-4.41624 6.70051
-4.26396 6.85279
-4.26396 7.00508
-4.11168 7.30964
-3.95939 7.46193
-3.80711 7.61421
-3.65482 7.7665
-3.50254 7.91878
-3.35025 8.07107
-3.19797 8.22335
-3.04569 8.22335
-2.74112 8.37563
-2.58883 8.52792
-2.43655 8.6802
-2.28426 8.83249
-2.13198 8.83249
-1.82741 8.98477
-1.67513 8.98477
-1.52284 9.13706
-1.21827 9.28934
-1.06599 9.28934
-0.913706 9.28934
-0.609137 9.44162
-0.456853 9.44162
-0.152284 9.44162
0 9.59391
0.152284 9.59391
0.456853 9.59391
0.609137 9.59391
0.913706 9.59391
1.06599 9.59391
1.21827 9.59391
1.52284 9.59391
1.67513 9.59391
1.9797 9.59391
2.13198 9.59391
2.28426 9.59391
2.58883 9.59391
2.74112 9.59391
2.8934 9.59391
3.19797 9.44162
3.35025 9.44162
3.65482 9.44162
3.80711 9.44162
3.95939 9.28934
4.11168 9.28934
4.41624 9.28934
4.56853 9.13706
4.72081 9.13706
5.02538 8.98477
5.17766 8.98477
5.32995 8.83249
5.48223 8.83249
5.63452 8.6802
5.93909 8.52792
6.09137 8.52792
6.24365 8.37563
6.39594 8.22335
6.54822 8.07107
6.70051 7.91878
6.85279 7.91878
7.00508 7.7665
7.15736 7.61421
7.30964 7.46193
7.46193 7.30964
7.61421 7.15736
7.61421 7.00508
7.7665 6.85279
7.91878 6.70051
8.07107 6.54822
8.07107 6.39594
8.22335 6.24365
8.37563 6.09137
8.37563 5.93909
8.52792 5.7868
8.6802 5.63452
8.6802 5.48223
8.83249 5.17766
8.83249 5.02538
8.98477 4.8731
8.98477 4.8731
9.13706 4.72081
9.28934 4.56853
9.28934 4.41624
9.44162 4.26396
9.44162 4.11168
9.59391 3.95939
9.59391 3.80711
9.74619 3.80711
9.89848 3.65482
9.89848 3.50254
10.0508 3.35025
10.0508 3.19797
10.203 3.19797
10.3553 3.04569
10.3553 2.8934
10.5076 2.74112
10.5076 2.74112
10.6599 2.58883
10.8122 2.43655
10.8122 2.28426
10.9645 2.28426
11.1168 2.13198
11.1168 1.9797
11.269 1.82741
11.4213 1.82741
11.4213 1.67513
11.5736 1.52284
11.7259 1.37056
11.7259 1.21827
11.8782 1.06599
11.8782 1.06599
12.0305 0.913706
12.1827 0.761421
12.1827 0.609137
12.335 0.456853
12.335 0.304569
12.4873 0.152284
12.4873 0
12.6396 -0.152284
12.6396 -0.304569
12.7919 -0.456853
12.7919 -0.609137
12.9442 -0.761421
13.0964 -0.913706
13.0964 -1.06599
13.2487 -1.21827
13.2487 -1.37056
13.401 -1.52284
13.401 -1.67513
13.5533 -1.82741
13.5533 -1.9797
