12.7919 -1.37056
12.9442 -1.52284
13.0964 -1.67513
13.0964 -1.82741
13.2487 -1.9797
13.2487 -2.28426
13.401 -2.43655
13.401 -2.58883
13.401 -2.8934
13.401 -3.04569
13.401 -3.19797
13.401 -3.35025
13.401 -3.65482
13.401 -3.80711
13.401 -3.95939
13.401 -4.26396
13.401 -4.41624
13.2487 -4.56853
13.2487 -4.72081
13.2487 -5.02538
13.0964 -5.17766
13.0964 -5.32995
13.0964 -5.48223
12.9442 -5.63452
12.9442 -5.93909
12.7919 -6.09137
12.7919 -6.24365
12.6396 -6.39594
12.6396 -6.54822
12.4873 -6.85279
12.4873 -7.00508
12.335 -7.15736
12.335 -7.30964
12.1827 -7.46193
12.0305 -7.61421
12.0305 -7.91878
11.8782 -8.07107
11.7259 -8.22335
11.7259 -8.37563
11.5736 -8.52792
11.4213 -8.6802
11.269 -8.83249
11.1168 -8.98477
10.9645 -9.13706
10.9645 -9.28934
10.8122 -9.44162
10.6599 -9.59391
10.5076 -9.74619
10.3553 -9.74619
10.0508 -9.89848
9.89848 -10.0508
9.74619 -10.203
9.59391 -10.203
9.44162 -10.3553
9.28934 -10.3553
8.98477 -10.5076
8.83249 -10.5076
8.6802 -10.6599
8.52792 -10.6599
8.37563 -10.6599
8.07107 -10.8122
7.91878 -10.8122
7.7665 -10.8122
7.46193 -10.9645
7.30964 -10.9645
7.15736 -10.9645
7.00508 -10.9645
6.70051 -10.9645
6.54822 -10.9645
6.39594 -10.9645
6.24365 -10.9645
5.93909 -10.9645
5.7868 -10.9645
5.63452 -10.9645
5.48223 -10.9645
5.17766 -10.9645
5.02538 -10.9645
4.8731 -10.9645
4.72081 -10.9645
4.56853 -10.9645
4.41624 -10.9645
4.11168 -10.9645
3.95939 -10.9645
3.80711 -10.9645
3.65482 -10.9645
3.50254 -10.8122
3.35025 -10.8122
3.19797 -10.8122
3.04569 -10.8122
2.74112 -10.8122
2.58883 -10.8122
2.43655 -10.8122
2.28426 -10.8122
2.13198 -10.6599
1.9797 -10.6599
1.82741 -10.6599
1.67513 -10.6599
1.52284 -10.6599
1.37056 -10.6599
1.21827 -10.6599
1.06599 -10.6599
0.913706 -10.6599
0.609137 -10.5076
0.456853 -10.5076
0.304569 -10.5076
0.152284 -10.5076
0 -10.5076
-0.152284 -10.5076
-0.304569 -10.5076
-0.456853 -10.3553
-0.609137 -10.3553
-0.761421 -10.3553
-0.913706 -10.3553
-1.21827 -10.203
-1.37056 -10.203
-1.52284 -10.203
-1.67513 -10.0508
-1.82741 -10.0508
-1.9797 -9.89848
-2.13198 -9.89848
-2.28426 -9.74619
-2.43655 -9.74619
-2.58883 -9.59391
-2.58883 -9.44162
-2.74112 -9.44162
-2.8934 -9.28934
-3.04569 -9.13706
-3.19797 -8.98477
-3.35025 -8.83249
-3.35025 -8.83249
-3.50254 -8.6802
-3.65482 -8.52792
-3.65482 -8.37563
-3.80711 -8.22335
-3.95939 -8.07107
-3.95939 -7.91878
-4.11168 -7.7665
-4.11168 -7.61421
-4.26396 -7.46193
-4.26396 -7.30964
-4.41624 -7.15736
-4.41624 -7.00508
-4.56853 -6.85279
-4.56853 -6.70051
-4.72081 -6.54822
-4.72081 -6.54822
-4.72081 -6.39594
-4.8731 -6.24365
-4.8731 -6.09137
-4.8731 -5.93909
-5.02538 -5.7868
-5.02538 -5.63452
-5.02538 -5.48223
-5.17766 -5.32995
-5.17766 -5.17766
-5.17766 -5.02538
-5.32995 -4.8731
-5.32995 -4.72081
-5.32995 -4.56853
-5.32995 -4.41624
-5.32995 -4.26396
-5.48223 -4.11168
-5.48223 -3.95939
-5.48223 -3.80711
-5.48223 -3.65482
-5.63452 -3.50254
-5.63452 -3.35025
-5.63452 -3.19797
-5.63452 -3.04569
-5.63452 -2.8934
-5.7868 -2.74112
-5.7868 -2.58883
-5.7868 -2.43655
-5.7868 -2.28426
-5.7868 -2.13198
-5.7868 -2.13198
-5.93909 -1.9797
-5.93909 -1.82741
-5.93909 -1.67513
-5.93909 -1.52284
-5.93909 -1.37056
-5.93909 -1.21827
-5.93909 -1.06599
-6.09137 -0.913706
-6.09137 -0.761421
-6.09137 -0.609137
-6.09137 -0.456853
-6.09137 -0.304569
-6.09137 -0.152284
-6.09137 0
-6.09137 0.152284
-6.09137 0.456853
-6.09137 0.609137
-6.09137 0.761421
-6.09137 0.913706
-6.09137 1.06599
-6.09137 1.21827
-6.09137 1.37056
-6.09137 1.52284
-6.09137 1.67513
-6.09137 1.82741
-6.09137 1.9797
-5.93909 2.13198
-5.93909 2.28426
-5.93909 2.58883
-5.93909 2.74112
-5.93909 2.8934
-5.93909 3.04569
-5.7868 3.19797
-5.7868 3.35025
-5.7868 3.50254
-5.63452 3.65482
-5.63452 3.80711
-5.63452 4.11168
-5.48223 4.26396
-5.48223 4.41624
-5.48223 4.56853
-5.32995 4.72081
-5.32995 4.8731
-5.17766 5.02538
-5.17766 5.17766
-5.02538 5.32995
-5.02538 5.48223
-4.8731 5.63452
-4.72081 5.93909
-4.72081 6.09137
-4.56853 6.24365
-4.56853 6.39594
-4.41624 6.54822
-4.26396 6.70051
-4.11168 6.85279
-4.11168 7.00508
-3.95939 7.15736
-3.80711 7.30964
-3.65482 7.30964
-3.50254 7.46193
-3.35025 7.61421
-3.19797 7.7665
-3.04569 7.91878
-2.8934 8.07107
-2.74112 8.07107
-2.58883 8.22335
-2.43655 8.37563
-2.28426 8.52792
-2.13198 8.52792
-1.9797 8.6802
-1.82741 8.83249
-1.67513 8.83249
-1.52284 8.98477
-1.37056 8.98477
-1.06599 9.13706
-0.913706 9.13706
-0.761421 9.13706
-0.609137 9.28934
-0.456853 9.28934
-0.152284 9.28934
0 9.44162
0.152284 9.44162
0.304569 9.44162
0.609137 9.44162
0.761421 9.44162
0.913706 9.59391
1.06599 9.59391
1.37056 9.59391
1.52284 9.59391
1.67513 9.59391
1.82741 9.59391
2.13198 9.44162
2.28426 9.44162
2.43655 9.44162
2.58883 9.44162
2.8934 9.44162
3.04569 9.44162
3.19797 9.28934
3.35025 9.28934
3.50254 9.28934
3.80711 9.13706
3.95939 9.13706
4.11168 8.98477
4.26396 8.98477
4.41624 8.83249
4.56853 8.83249
4.72081 8.6802
4.8731 8.6802
5.17766 8.52792
5.32995 8.52792
5.48223 8.37563
5.63452 8.22335
5.7868 8.22335
5.93909 8.07107
6.09137 7.91878
6.09137 7.7665
6.24365 7.7665
6.39594 7.61421
6.54822 7.46193
6.70051 7.30964
6.85279 7.30964
7.00508 7.15736
7.00508 7.00508
7.15736 6.85279
7.30964 6.70051
7.46193 6.54822
7.46193 6.54822
7.61421 6.39594
7.7665 6.24365
7.7665 6.09137
7.91878 5.93909
8.07107 5.7868
8.07107 5.63452
8.22335 5.63452
8.37563 5.48223
8.37563 5.32995
8.52792 5.17766
8.52792 5.02538
8.6802 4.8731
8.83249 4.8731
8.83249 4.72081
8.98477 4.56853
8.98477 4.41624
9.13706 4.26396
9.13706 4.11168
9.28934 4.11168
9.28934 3.95939
9.44162 3.80711
9.44162 3.65482
9.59391 3.50254
9.74619 3.50254
9.74619 3.35025
9.89848 3.19797
9.89848 3.04569
10.0508 2.8934
10.0508 2.74112
10.203 2.74112
10.203 2.58883
10.3553 2.43655
10.3553 2.28426
10.5076 2.13198
10.5076 1.9797
10.6599 1.9797
10.6599 1.82741
10.8122 1.67513
10.9645 1.52284
10.9645 1.37056
11.1168 1.21827
11.1168 1.06599
11.269 0.913706
11.269 0.913706
11.4213 0.761421
11.5736 0.609137
11.5736 0.456853
11.7259 0.304569
11.8782 0.152284
11.8782 0
12.0305 -0.152284
12.1827 -0.304569
12.1827 -0.456853
12.335 -0.609137
12.4873 -0.761421
12.6396 -0.913706
12.6396 -1.06599
