12.4873 -1.21827
12.6396 -1.37056
12.6396 -1.52284
12.7919 -1.67513
12.7919 -1.82741
12.9442 -1.9797
12.9442 -2.28426
12.9442 -2.43655
12.9442 -2.58883
12.9442 -2.74112
12.9442 -3.04569
12.9442 -3.19797
12.9442 -3.35025
12.9442 -3.50254
12.9442 -3.80711
12.9442 -3.95939
12.7919 -4.11168
12.7919 -4.26396
12.7919 -4.41624
12.6396 -4.72081
12.6396 -4.8731
12.4873 -5.02538
12.4873 -5.17766
12.4873 -5.32995
12.335 -5.48223
12.335 -5.63452
12.1827 -5.93909
12.1827 -6.09137
12.0305 -6.24365
12.0305 -6.39594
11.8782 -6.54822
11.8782 -6.70051
11.7259 -6.85279
11.7259 -7.15736
11.5736 -7.30964
11.4213 -7.46193
11.4213 -7.61421
11.269 -7.7665
11.269 -7.91878
11.1168 -8.07107
10.9645 -8.22335
10.8122 -8.37563
10.8122 -8.52792
10.6599 -8.6802
10.5076 -8.83249
10.3553 -8.98477
10.203 -9.13706
10.0508 -9.28934
10.0508 -9.44162
9.89848 -9.59391
9.74619 -9.74619
9.59391 -9.74619
9.44162 -9.89848
9.13706 -10.0508
8.98477 -10.203
8.83249 -10.203
8.6802 -10.3553
8.52792 -10.3553
8.37563 -10.5076
8.22335 -10.6599
8.07107 -10.6599
7.7665 -10.8122
7.61421 -10.8122
7.46193 -10.8122
7.30964 -10.9645
7.15736 -10.9645
6.85279 -10.9645
6.70051 -11.1168
6.54822 -11.1168
6.39594 -11.1168
6.09137 -11.1168
5.93909 -11.1168
5.7868 -11.1168
5.63452 -11.1168
5.32995 -11.1168
5.17766 -11.1168
5.02538 -11.1168
4.8731 -11.1168
4.56853 -11.1168
4.41624 -11.1168
4.26396 -11.1168
4.11168 -11.1168
3.95939 -11.1168
3.65482 -10.9645
3.50254 -10.9645
3.35025 -10.9645
3.19797 -10.9645
3.04569 -10.9645
2.8934 -10.8122
2.74112 -10.8122
2.43655 -10.8122
2.28426 -10.8122
2.13198 -10.8122
1.9797 -10.6599
1.82741 -10.6599
1.67513 -10.6599
1.52284 -10.6599
1.37056 -10.6599
1.21827 -10.6599
1.06599 -10.5076
0.913706 -10.5076
0.761421 -10.5076
0.456853 -10.5076
0.304569 -10.5076
0.152284 -10.5076
0 -10.5076
-0.152284 -10.5076
-0.304569 -10.3553
-0.456853 -10.3553
-0.609137 -10.3553
-0.761421 -10.3553
-1.06599 -10.3553
-1.21827 -10.203
-1.37056 -10.203
-1.52284 -10.203
-1.67513 -10.0508
-1.82741 -10.0508
-1.9797 -9.89848
-2.13198 -9.89848
-2.28426 -9.74619
-2.43655 -9.74619
-2.58883 -9.59391
-2.74112 -9.59391
-2.8934 -9.44162
-3.04569 -9.28934
-3.19797 -9.13706
-3.19797 -9.13706
-3.35025 -8.98477
-3.50254 -8.83249
-3.65482 -8.6802
-3.65482 -8.52792
-3.80711 -8.37563
-3.95939 -8.22335
-3.95939 -8.07107
-4.11168 -7.91878
-4.11168 -7.7665
-4.26396 -7.61421
-4.26396 -7.46193
-4.41624 -7.30964
-4.41624 -7.15736
-4.56853 -7.00508
-4.56853 -6.85279
-4.56853 -6.70051
-4.72081 -6.54822
-4.72081 -6.39594
-4.8731 -6.24365
-4.8731 -6.09137
-4.8731 -5.93909
-5.02538 -5.7868
-5.02538 -5.63452
-5.02538 -5.48223
-5.02538 -5.32995
-5.17766 -5.17766
-5.17766 -5.02538
-5.17766 -4.8731
-5.17766 -4.72081
-5.32995 -4.56853
-5.32995 -4.41624
-5.32995 -4.26396
-5.32995 -4.11168
-5.48223 -4.11168
-5.48223 -3.95939
-5.48223 -3.80711
-5.48223 -3.65482
-5.48223 -3.50254
-5.63452 -3.35025
-5.63452 -3.19797
-5.63452 -3.04569
-5.63452 -2.8934
-5.63452 -2.74112
-5.7868 -2.58883
-5.7868 -2.43655
-5.7868 -2.28426
-5.7868 -2.13198
-5.7868 -1.9797
-5.7868 -1.82741
-5.7868 -1.67513
-5.93909 -1.52284
-5.93909 -1.37056
-5.93909 -1.37056
-5.93909 -1.21827
-5.93909 -1.06599
-5.93909 -0.913706
-5.93909 -0.761421
-5.93909 -0.609137
-5.93909 -0.456853
-6.09137 -0.304569
-6.09137 -0.152284
-6.09137 0
-6.09137 0.152284
-6.09137 0.304569
-6.09137 0.456853
-6.09137 0.609137
-6.09137 0.761421
-6.09137 1.06599
-6.09137 1.21827
-6.09137 1.37056
-6.09137 1.52284
-6.09137 1.67513
-6.09137 1.82741
-6.09137 1.9797
-5.93909 2.13198
-5.93909 2.28426
-5.93909 2.43655
-5.93909 2.58883
-5.93909 2.74112
-5.93909 2.8934
-5.7868 3.04569
-5.7868 3.35025
-5.7868 3.50254
-5.7868 3.65482
-5.63452 3.80711
-5.63452 3.95939
-5.63452 4.11168
-5.48223 4.26396
-5.48223 4.41624
-5.48223 4.56853
-5.32995 4.72081
-5.32995 4.8731
-5.17766 5.02538
-5.17766 5.32995
-5.02538 5.48223
-5.02538 5.63452
-4.8731 5.7868
-4.72081 5.93909
-4.72081 6.09137
-4.56853 6.24365
-4.41624 6.39594
-4.41624 6.54822
-4.26396 6.54822
-4.11168 6.70051
-3.95939 6.85279
-3.80711 7.00508
-3.80711 7.15736
-3.65482 7.30964
-3.50254 7.46193
-3.35025 7.61421
-3.19797 7.61421
-3.04569 7.7665
-2.8934 7.91878
-2.74112 8.07107
-2.58883 8.07107
-2.43655 8.22335
-2.28426 8.37563
-2.13198 8.37563
-1.9797 8.52792
-1.82741 8.6802
-1.67513 8.6802
-1.52284 8.83249
-1.37056 8.83249
-1.21827 8.98477
-0.913706 8.98477
-0.761421 9.13706
-0.609137 9.13706
-0.456853 9.13706
-0.304569 9.28934
-0.152284 9.28934
0.152284 9.28934
0.304569 9.28934
0.456853 9.44162
0.609137 9.44162
0.761421 9.44162
1.06599 9.44162
1.21827 9.44162
1.37056 9.44162
1.52284 9.44162
1.82741 9.44162
1.9797 9.44162
2.13198 9.44162
2.28426 9.44162
2.43655 9.44162
2.74112 9.28934
2.8934 9.28934
3.04569 9.28934
3.19797 9.13706
3.35025 9.13706
3.65482 9.13706
3.80711 8.98477
3.95939 8.98477
4.11168 8.98477
4.26396 8.83249
4.41624 8.83249
4.56853 8.6802
4.72081 8.52792
4.8731 8.52792
5.02538 8.37563
5.17766 8.37563
5.32995 8.22335
5.48223 8.07107
5.63452 8.07107
5.7868 7.91878
5.93909 7.7665
6.09137 7.7665
6.24365 7.61421
6.39594 7.46193
6.54822 7.30964
6.54822 7.30964
6.70051 7.15736
6.85279 7.00508
7.00508 6.85279
7.00508 6.70051
7.15736 6.70051
7.30964 6.54822
7.46193 6.39594
7.46193 6.24365
7.61421 6.09137
7.7665 5.93909
7.7665 5.93909
7.91878 5.7868
7.91878 5.63452
8.07107 5.48223
8.22335 5.32995
8.22335 5.17766
8.37563 5.17766
8.37563 5.02538
8.52792 4.8731
8.6802 4.72081
8.6802 4.56853
8.83249 4.56853
8.83249 4.41624
8.98477 4.26396
8.98477 4.11168
9.13706 3.95939
9.28934 3.95939
9.28934 3.80711
9.44162 3.65482
9.44162 3.50254
9.59391 3.35025
9.59391 3.35025
9.74619 3.19797
9.74619 3.04569
9.89848 2.8934
9.89848 2.74112
10.0508 2.74112
10.0508 2.58883
10.203 2.43655
10.203 2.28426
10.3553 2.13198
10.3553 1.9797
10.5076 1.9797
10.5076 1.82741
10.6599 1.67513
10.6599 1.52284
10.8122 1.37056
10.8122 1.21827
10.9645 1.06599
11.1168 0.913706
11.1168 0.913706
11.269 0.761421
11.269 0.609137
11.4213 0.456853
11.5736 0.304569
11.5736 0.152284
11.7259 0
11.8782 -0.152284
11.8782 -0.304569
12.0305 -0.456853
12.1827 -0.609137
12.335 -0.761421
12.4873 -0.913706
