6.54822 2.13198
6.70051 1.82741
6.70051 1.52284
6.70051 1.06599
6.70051 0.761421
6.70051 0.456853
6.54822 0.152284
6.54822 -0.152284
6.54822 -0.456853
6.39594 -0.761421
6.24365 -1.06599
6.24365 -1.37056
6.09137 -1.67513
5.93909 -1.9797
5.7868 -2.28426
5.63452 -2.58883
5.48223 -2.8934
5.32995 -3.19797
5.02538 -3.50254
4.8731 -3.80711
4.72081 -3.95939
4.41624 -4.26396
4.26396 -4.56853
3.95939 -4.72081
3.80711 -5.02538
3.50254 -5.17766
3.35025 -5.48223
3.04569 -5.63452
2.8934 -5.7868
2.58883 -6.09137
2.28426 -6.24365
1.9797 -6.39594
1.82741 -6.54822
1.52284 -6.70051
1.21827 -6.85279
1.06599 -7.00508
0.761421 -7.15736
0.456853 -7.30964
0.152284 -7.46193
0 -7.61421
-0.304569 -7.7665
-0.609137 -7.91878
-0.913706 -8.07107
-1.06599 -8.07107
-1.37056 -8.22335
-1.67513 -8.37563
-1.82741 -8.52792
-2.13198 -8.52792
-2.43655 -8.6802
-2.58883 -8.83249
-2.8934 -8.83249
-3.04569 -8.98477
-3.35025 -9.13706
-3.50254 -9.28934
-3.80711 -9.28934
-3.95939 -9.44162
-4.26396 -9.44162
-4.41624 -9.59391
-4.72081 -9.74619
-4.8731 -9.74619
-5.17766 -9.89848
-5.32995 -9.89848
-5.63452 -10.0508
-5.7868 -10.0508
-6.09137 -10.203
-6.24365 -10.3553
-6.54822 -10.3553
-6.70051 -10.3553
-7.00508 -10.5076
-7.30964 -10.5076
-7.46193 -10.6599
-7.7665 -10.6599
-7.91878 -10.6599
-8.22335 -10.8122
-8.37563 -10.8122
-8.6802 -10.8122
-8.83249 -10.8122
-9.13706 -10.8122
-9.28934 -10.9645
-9.59391 -10.9645
-9.74619 -10.9645
-10.0508 -10.9645
-10.203 -10.9645
-10.5076 -10.9645
-10.6599 -10.9645
-10.9645 -10.9645
-11.1168 -10.9645
-11.4213 -10.9645
-11.5736 -10.9645
-11.8782 -10.9645
-12.0305 -10.9645
-12.335 -10.9645
-12.4873 -10.9645
-12.7919 -10.8122
-12.9442 -10.8122
-13.2487 -10.8122
-13.401 -10.8122
-13.7056 -10.8122
-13.8579 -10.8122
-14.1624 -10.8122
-14.3147 -10.8122
-14.6193 -10.6599
-14.7716 -10.6599
-15.0761 -10.6599
-15.2284 -10.6599
-15.533 -10.6599
-15.6853 -10.5076
-15.9898 -10.5076
-16.1421 -10.5076
-16.4467 -10.5076
-16.599 -10.3553
-16.9036 -10.3553
-17.0558 -10.3553
-17.3604 -10.3553
-17.665 -10.203
-17.8173 -10.203
-18.1218 -10.203
-18.2741 -10.0508
-18.5787 -10.0508
-18.731 -9.89848
-19.0355 -9.89848
-19.3401 -9.89848
-19.4924 -9.74619
-19.797 -9.74619
-19.9492 -9.59391
-20.2538 -9.59391
-20.5584 -9.44162
-20.7107 -9.28934
-21.0152 -9.28934
-21.1675 -9.13706
-21.4721 -8.98477
-21.7766 -8.98477
-21.9289 -8.83249
-22.2335 -8.6802
-22.3858 -8.52792
-22.6904 -8.37563
-22.8426 -8.37563
-23.1472 -8.22335
-23.2995 -8.07107
-23.6041 -7.91878
-23.7563 -7.7665
-24.0609 -7.46193
-24.2132 -7.30964
-24.3655 -7.15736
-24.6701 -7.00508
-24.8223 -6.85279
-24.9746 -6.54822
-25.2792 -6.39594
-25.4315 -6.24365
-25.5838 -5.93909
-25.736 -5.7868
-25.8883 -5.63452
-26.1929 -5.32995
-26.3452 -5.17766
-26.4975 -4.8731
-26.6497 -4.72081
-26.802 -4.41624
-26.802 -4.11168
-26.9543 -3.95939
-27.1066 -3.65482
-27.2589 -3.35025
-27.4112 -3.19797
-27.4112 -2.8934
-27.5635 -2.58883
-27.7157 -2.28426
-27.7157 -2.13198
-27.868 -1.82741
-27.868 -1.52284
-28.0203 -1.21827
-28.0203 -1.06599
-28.1726 -0.761421
-28.1726 -0.456853
-28.3249 -0.152284
-28.3249 0.152284
-28.3249 0.456853
-28.3249 0.761421
-28.3249 0.913706
-28.4772 1.21827
-28.4772 1.52284
-28.4772 1.82741
-28.4772 2.13198
-28.4772 2.43655
-28.4772 2.74112
-28.3249 2.8934
-28.3249 3.19797
-28.3249 3.50254
-28.3249 3.80711
-28.3249 4.11168
-28.1726 4.41624
-28.1726 4.72081
-28.0203 4.8731
-28.0203 5.17766
-27.868 5.48223
-27.868 5.7868
-27.7157 6.09137
-27.7157 6.24365
-27.5635 6.54822
-27.5635 6.85279
-27.4112 7.00508
-27.2589 7.30964
-27.1066 7.61421
-27.1066 7.91878
-26.9543 8.07107
-26.802 8.37563
-26.6497 8.52792
-26.4975 8.83249
-26.3452 9.13706
-26.1929 9.28934
-26.0406 9.59391
-25.8883 9.74619
-25.736 10.0508
-25.5838 10.203
-25.4315 10.5076
-25.2792 10.6599
-25.1269 10.9645
-24.9746 11.1168
-24.8223 11.269
-24.6701 11.5736
-24.5178 11.7259
-24.2132 12.0305
-24.0609 12.1827
-23.9086 12.335
-23.7563 12.6396
-23.6041 12.7919
-23.2995 12.9442
-23.1472 13.0964
-22.9949 13.401
-22.6904 13.5533
-22.5381 13.7056
-22.3858 13.8579
-22.0812 14.0102
-21.9289 14.1624
-21.6244 14.3147
-21.4721 14.467
-21.1675 14.6193
-21.0152 14.7716
-20.7107 14.9239
-20.4061 14.9239
-20.2538 15.0761
-19.9492 15.2284
-19.6447 15.2284
-19.4924 15.3807
-19.1878 15.3807
-18.8832 15.3807
-18.5787 15.533
-18.2741 15.533
-18.1218 15.533
-17.8173 15.533
-17.5127 15.533
-17.2081 15.533
-17.0558 15.533
-16.7513 15.533
-16.4467 15.533
-16.1421 15.533
-15.9898 15.3807
-15.6853 15.3807
-15.3807 15.3807
-15.0761 15.3807
-14.9239 15.2284
-14.6193 15.2284
-14.467 15.2284
-14.1624 15.0761
-13.8579 15.0761
-13.7056 15.0761
-13.401 14.9239
-13.2487 14.9239
-12.9442 14.9239
-12.7919 14.9239
-12.4873 14.7716
-12.335 14.7716
-12.0305 14.7716
-11.8782 14.7716
-11.7259 14.6193
-11.4213 14.6193
-11.269 14.6193
-10.9645 14.6193
-10.8122 14.467
-10.5076 14.467
-10.3553 14.467
-10.203 14.467
-9.89848 14.467
-9.74619 14.3147
-9.44162 14.3147
-9.28934 14.3147
-9.13706 14.3147
-8.83249 14.1624
-8.6802 14.1624
-8.37563 14.1624
-8.22335 14.0102
-8.07107 14.0102
-7.7665 14.0102
-7.61421 13.8579
-7.30964 13.8579
-7.15736 13.7056
-7.00508 13.7056
-6.70051 13.7056
-6.54822 13.5533
-6.24365 13.5533
-6.09137 13.401
-5.93909 13.401
-5.63452 13.2487
-5.48223 13.2487
-5.17766 13.0964
-5.02538 13.0964
-4.72081 12.9442
-4.56853 12.7919
-4.41624 12.7919
-4.11168 12.6396
-3.95939 12.6396
-3.65482 12.4873
-3.50254 12.335
-3.19797 12.335
-3.04569 12.1827
-2.74112 12.0305
-2.58883 12.0305
-2.28426 11.8782
-2.13198 11.7259
-1.82741 11.7259
-1.67513 11.5736
-1.37056 11.4213
-1.21827 11.269
-0.913706 11.1168
-0.761421 10.9645
-0.456853 10.8122
-0.152284 10.8122
0 10.6599
0.304569 10.5076
0.456853 10.3553
0.761421 10.0508
0.913706 9.89848
1.21827 9.74619
1.37056 9.59391
1.67513 9.44162
1.82741 9.28934
2.13198 8.98477
2.28426 8.83249
2.58883 8.6802
2.74112 8.37563
3.04569 8.22335
3.19797 7.91878
3.35025 7.7665
3.65482 7.46193
3.80711 7.30964
3.95939 7.00508
4.26396 6.85279
4.41624 6.54822
4.56853 6.24365
4.72081 5.93909
4.8731 5.7868
5.02538 5.48223
5.32995 5.17766
5.48223 4.8731
5.63452 4.56853
5.7868 4.26396
5.7868 3.95939
5.93909 3.65482
6.09137 3.35025
6.24365 3.04569
6.39594 2.74112
6.54822 2.43655
