9.89848 -2.13198
9.89848 -2.13198
9.89848 -2.28426
9.89848 -2.43655
9.89848 -2.58883
9.89848 -2.74112
9.89848 -2.8934
10.0508 -3.04569
10.0508 -3.19797
10.0508 -3.35025
10.0508 -3.50254
10.203 -3.65482
10.203 -3.80711
10.3553 -3.95939
10.3553 -4.26396
10.3553 -4.41624
10.5076 -4.56853
10.5076 -4.72081
10.6599 -4.8731
10.6599 -5.02538
10.6599 -5.32995
10.6599 -5.48223
10.6599 -5.63452
10.8122 -5.7868
10.8122 -6.09137
10.8122 -6.24365
10.6599 -6.39594
10.6599 -6.54822
10.6599 -6.70051
10.6599 -7.00508
10.5076 -7.15736
10.5076 -7.30964
10.3553 -7.46193
10.3553 -7.61421
10.203 -7.7665
10.203 -7.91878
10.0508 -8.07107
9.89848 -8.22335
9.89848 -8.37563
9.74619 -8.52792
9.59391 -8.52792
9.44162 -8.6802
9.28934 -8.83249
9.28934 -8.98477
9.13706 -9.13706
8.98477 -9.13706
8.83249 -9.28934
8.6802 -9.44162
8.52792 -9.44162
8.37563 -9.59391
8.22335 -9.59391
8.07107 -9.74619
7.91878 -9.89848
7.7665 -9.89848
7.61421 -10.0508
7.46193 -10.0508
7.30964 -10.203
7.15736 -10.203
7.00508 -10.3553
6.85279 -10.3553
6.70051 -10.3553
6.54822 -10.5076
6.39594 -10.5076
6.24365 -10.5076
6.09137 -10.6599
5.7868 -10.6599
5.63452 -10.6599
5.48223 -10.8122
5.32995 -10.8122
5.17766 -10.8122
5.02538 -10.8122
4.8731 -10.9645
4.72081 -10.9645
4.56853 -10.9645
4.41624 -10.9645
4.26396 -10.9645
4.11168 -11.1168
3.95939 -11.1168
3.80711 -11.1168
3.65482 -11.1168
3.50254 -11.1168
3.35025 -11.1168
3.19797 -11.1168
2.8934 -11.1168
2.74112 -11.1168
2.58883 -11.269
2.43655 -11.269
2.28426 -11.269
2.13198 -11.269
1.9797 -11.269
1.82741 -11.269
1.67513 -11.1168
1.52284 -11.1168
1.37056 -11.1168
1.21827 -11.1168
1.06599 -11.1168
0.913706 -11.1168
0.761421 -11.1168
0.609137 -11.1168
0.456853 -10.9645
0.304569 -10.9645
0.152284 -10.9645
0 -10.9645
-0.152284 -10.8122
-0.304569 -10.8122
-0.456853 -10.8122
-0.609137 -10.6599
-0.761421 -10.6599
-0.913706 -10.6599
-1.06599 -10.5076
-1.21827 -10.5076
-1.37056 -10.3553
-1.52284 -10.3553
-1.67513 -10.203
-1.82741 -10.203
-1.82741 -10.0508
-1.9797 -10.0508
-2.13198 -9.89848
-2.28426 -9.89848
-2.43655 -9.74619
-2.58883 -9.59391
-2.58883 -9.59391
-2.74112 -9.44162
-2.8934 -9.44162
-3.04569 -9.28934
-3.19797 -9.13706
-3.19797 -9.13706
-3.35025 -8.98477
-3.50254 -8.83249
-3.50254 -8.6802
-3.65482 -8.6802
-3.80711 -8.52792
-3.80711 -8.37563
-3.95939 -8.22335
-4.11168 -8.22335
-4.11168 -8.07107
-4.26396 -7.91878
-4.26396 -7.7665
-4.41624 -7.61421
-4.41624 -7.61421
-4.56853 -7.46193
-4.56853 -7.30964
-4.72081 -7.15736
-4.72081 -7.00508
-4.8731 -6.85279
-4.8731 -6.85279
-5.02538 -6.70051
-5.02538 -6.54822
-5.02538 -6.39594
-5.17766 -6.24365
-5.17766 -6.09137
-5.32995 -5.93909
-5.32995 -5.93909
-5.32995 -5.7868
-5.48223 -5.63452
-5.48223 -5.48223
-5.48223 -5.32995
-5.48223 -5.17766
-5.63452 -5.02538
-5.63452 -4.8731
-5.63452 -4.8731
-5.7868 -4.72081
-5.7868 -4.56853
-5.7868 -4.41624
-5.7868 -4.26396
-5.93909 -4.11168
-5.93909 -3.95939
-5.93909 -3.80711
-5.93909 -3.65482
-5.93909 -3.65482
-6.09137 -3.50254
-6.09137 -3.35025
-6.09137 -3.19797
-6.09137 -3.04569
-6.24365 -2.8934
-6.24365 -2.74112
-6.24365 -2.58883
-6.24365 -2.43655
-6.24365 -2.28426
-6.24365 -2.28426
-6.39594 -2.13198
-6.39594 -1.9797
-6.39594 -1.82741
-6.39594 -1.67513
-6.39594 -1.52284
-6.39594 -1.37056
-6.39594 -1.21827
-6.39594 -1.06599
-6.39594 -0.913706
-6.39594 -0.761421
-6.39594 -0.609137
-6.39594 -0.456853
-6.39594 -0.304569
-6.39594 -0.152284
-6.39594 0
-6.39594 0.152284
-6.24365 0.304569
-6.24365 0.456853
-6.24365 0.609137
-6.24365 0.761421
-6.24365 0.913706
-6.09137 1.06599
-6.09137 1.06599
-6.09137 1.21827
-5.93909 1.37056
-5.93909 1.52284
-5.93909 1.67513
-5.93909 1.82741
-5.7868 1.9797
-5.7868 2.13198
-5.7868 2.28426
-5.63452 2.43655
-5.63452 2.58883
-5.63452 2.74112
-5.48223 2.8934
-5.48223 3.04569
-5.48223 3.19797
-5.32995 3.35025
-5.32995 3.50254
-5.17766 3.65482
-5.17766 3.80711
-5.17766 3.95939
-5.02538 4.11168
-5.02538 4.26396
-4.8731 4.56853
-4.8731 4.72081
-4.8731 4.8731
-4.72081 5.02538
-4.72081 5.17766
-4.56853 5.32995
-4.41624 5.48223
-4.41624 5.63452
-4.26396 5.7868
-4.11168 5.93909
-4.11168 6.09137
-3.95939 6.24365
-3.80711 6.39594
-3.65482 6.39594
-3.50254 6.54822
-3.35025 6.70051
-3.35025 6.85279
-3.19797 6.85279
-3.04569 7.00508
-2.74112 7.00508
-2.58883 7.15736
-2.43655 7.15736
-2.28426 7.30964
-2.13198 7.30964
-1.9797 7.30964
-1.82741 7.46193
-1.67513 7.46193
-1.37056 7.46193
-1.21827 7.46193
-1.06599 7.46193
-0.913706 7.46193
-0.761421 7.61421
-0.609137 7.61421
-0.304569 7.61421
-0.152284 7.61421
0 7.61421
0.152284 7.46193
0.304569 7.46193
0.456853 7.46193
0.609137 7.46193
0.913706 7.46193
1.06599 7.46193
1.21827 7.46193
1.37056 7.46193
1.52284 7.46193
1.67513 7.30964
1.82741 7.30964
1.9797 7.30964
2.13198 7.30964
2.28426 7.30964
2.43655 7.30964
2.58883 7.15736
2.8934 7.15736
3.04569 7.15736
3.19797 7.15736
3.35025 7.00508
3.50254 7.00508
3.65482 7.00508
3.80711 7.00508
3.95939 6.85279
4.11168 6.85279
4.26396 6.85279
4.41624 6.70051
4.56853 6.70051
4.72081 6.54822
4.8731 6.54822
4.8731 6.39594
5.02538 6.39594
5.17766 6.24365
5.32995 6.24365
5.48223 6.09137
5.63452 5.93909
5.7868 5.93909
5.93909 5.7868
5.93909 5.7868
6.09137 5.63452
6.24365 5.48223
6.39594 5.48223
6.39594 5.32995
6.54822 5.17766
6.70051 5.17766
6.85279 5.02538
6.85279 4.8731
7.00508 4.72081
7.15736 4.72081
7.15736 4.56853
7.30964 4.41624
7.46193 4.26396
7.46193 4.26396
7.61421 4.11168
7.61421 3.95939
7.7665 3.80711
7.91878 3.80711
7.91878 3.65482
8.07107 3.50254
8.07107 3.35025
8.22335 3.19797
8.22335 3.19797
8.37563 3.04569
8.37563 2.8934
8.52792 2.74112
8.52792 2.58883
8.6802 2.58883
8.6802 2.43655
8.83249 2.28426
8.83249 2.13198
8.98477 1.9797
8.98477 1.82741
9.13706 1.82741
9.13706 1.67513
9.13706 1.52284
9.28934 1.37056
9.28934 1.21827
9.28934 1.06599
9.28934 0.913706
9.44162 0.761421
9.44162 0.761421
9.44162 0.609137
9.44162 0.456853
9.59391 0.304569
9.59391 0.152284
9.59391 0
9.59391 -0.152284
9.59391 -0.304569
9.59391 -0.456853
9.59391 -0.609137
9.74619 -0.609137
9.74619 -0.761421
9.74619 -0.913706
9.74619 -1.06599
9.74619 -1.21827
9.74619 -1.37056
9.74619 -1.52284
9.74619 -1.67513
9.89848 -1.82741
9.89848 -1.9797
