9.59391 -1.9797
9.59391 -2.13198
9.59391 -2.13198
9.59391 -2.28426
9.59391 -2.43655
9.59391 -2.58883
9.59391 -2.74112
9.74619 -2.8934
9.74619 -3.04569
9.74619 -3.19797
9.74619 -3.35025
9.89848 -3.50254
9.89848 -3.65482
9.89848 -3.80711
10.0508 -3.95939
10.0508 -4.26396
10.0508 -4.41624
10.203 -4.56853
10.203 -4.72081
10.203 -4.8731
10.203 -5.02538
10.3553 -5.32995
10.3553 -5.48223
10.3553 -5.63452
10.3553 -5.7868
10.3553 -5.93909
10.3553 -6.24365
10.3553 -6.39594
10.203 -6.54822
10.203 -6.70051
10.203 -6.85279
10.0508 -7.00508
10.0508 -7.15736
9.89848 -7.30964
9.89848 -7.46193
9.74619 -7.61421
9.74619 -7.7665
9.59391 -7.91878
9.44162 -8.07107
9.44162 -8.22335
9.28934 -8.37563
9.13706 -8.52792
8.98477 -8.6802
8.98477 -8.83249
8.83249 -8.83249
8.6802 -8.98477
8.52792 -9.13706
8.37563 -9.13706
8.22335 -9.28934
8.07107 -9.44162
7.91878 -9.44162
7.7665 -9.59391
7.61421 -9.74619
7.46193 -9.74619
7.30964 -9.89848
7.15736 -9.89848
7.00508 -10.0508
6.85279 -10.0508
6.70051 -10.0508
6.54822 -10.203
6.39594 -10.203
6.24365 -10.3553
6.09137 -10.3553
5.93909 -10.3553
5.7868 -10.5076
5.63452 -10.5076
5.32995 -10.5076
5.17766 -10.5076
5.02538 -10.6599
4.8731 -10.6599
4.72081 -10.6599
4.56853 -10.6599
4.41624 -10.8122
4.26396 -10.8122
4.11168 -10.8122
3.95939 -10.8122
3.80711 -10.8122
3.65482 -10.9645
3.50254 -10.9645
3.35025 -10.9645
3.19797 -10.9645
3.04569 -10.9645
2.8934 -10.9645
2.74112 -11.1168
2.58883 -11.1168
2.43655 -11.1168
2.28426 -11.1168
1.9797 -11.1168
1.82741 -11.1168
1.67513 -11.1168
1.52284 -11.1168
1.37056 -11.1168
1.21827 -11.1168
1.06599 -11.1168
0.913706 -11.1168
0.761421 -11.1168
0.609137 -11.1168
0.456853 -11.1168
0.304569 -11.1168
0.152284 -11.1168
0 -10.9645
-0.152284 -10.9645
-0.304569 -10.9645
-0.456853 -10.9645
-0.609137 -10.8122
-0.761421 -10.8122
-0.913706 -10.8122
-1.06599 -10.8122
-1.21827 -10.6599
-1.37056 -10.6599
-1.52284 -10.5076
-1.67513 -10.5076
-1.82741 -10.5076
-1.9797 -10.3553
-2.13198 -10.3553
-2.28426 -10.203
-2.43655 -10.203
-2.58883 -10.0508
-2.74112 -10.0508
-2.8934 -9.89848
-3.04569 -9.74619
-3.04569 -9.74619
-3.19797 -9.59391
-3.35025 -9.44162
-3.50254 -9.44162
-3.65482 -9.28934
-3.65482 -9.13706
-3.80711 -8.98477
-3.95939 -8.98477
-3.95939 -8.83249
-4.11168 -8.6802
-4.26396 -8.52792
-4.26396 -8.52792
-4.41624 -8.37563
-4.41624 -8.22335
-4.56853 -8.07107
-4.72081 -7.91878
-4.72081 -7.7665
-4.8731 -7.61421
-4.8731 -7.61421
-5.02538 -7.46193
-5.02538 -7.30964
-5.17766 -7.15736
-5.17766 -7.00508
-5.17766 -6.85279
-5.32995 -6.70051
-5.32995 -6.54822
-5.48223 -6.54822
-5.48223 -6.39594
-5.48223 -6.24365
-5.63452 -6.09137
-5.63452 -5.93909
-5.7868 -5.7868
-5.7868 -5.63452
-5.7868 -5.48223
-5.7868 -5.32995
-5.93909 -5.17766
-5.93909 -5.17766
-5.93909 -5.02538
-6.09137 -4.8731
-6.09137 -4.72081
-6.09137 -4.56853
-6.09137 -4.41624
-6.24365 -4.26396
-6.24365 -4.11168
-6.24365 -3.95939
-6.24365 -3.95939
-6.39594 -3.80711
-6.39594 -3.65482
-6.39594 -3.50254
-6.39594 -3.35025
-6.39594 -3.19797
-6.54822 -3.04569
-6.54822 -2.8934
-6.54822 -2.74112
-6.54822 -2.58883
-6.54822 -2.43655
-6.70051 -2.28426
-6.70051 -2.28426
-6.70051 -2.13198
-6.70051 -1.9797
-6.70051 -1.82741
-6.70051 -1.67513
-6.70051 -1.52284
-6.70051 -1.37056
-6.70051 -1.21827
-6.70051 -1.06599
-6.70051 -0.913706
-6.70051 -0.761421
-6.70051 -0.609137
-6.70051 -0.456853
-6.70051 -0.304569
-6.70051 -0.152284
-6.70051 0
-6.70051 0.152284
-6.70051 0.304569
-6.54822 0.456853
-6.54822 0.609137
-6.54822 0.761421
-6.54822 0.913706
-6.54822 1.06599
-6.39594 1.21827
-6.39594 1.37056
-6.39594 1.37056
-6.39594 1.52284
-6.24365 1.67513
-6.24365 1.82741
-6.24365 1.9797
-6.09137 2.13198
-6.09137 2.28426
-6.09137 2.43655
-5.93909 2.58883
-5.93909 2.74112
-5.93909 2.8934
-5.7868 3.04569
-5.7868 3.19797
-5.7868 3.35025
-5.63452 3.50254
-5.63452 3.65482
-5.48223 3.80711
-5.48223 3.95939
-5.48223 4.11168
-5.32995 4.26396
-5.32995 4.41624
-5.17766 4.56853
-5.17766 4.72081
-5.02538 4.8731
-5.02538 5.17766
-4.8731 5.32995
-4.8731 5.48223
-4.72081 5.63452
-4.56853 5.7868
-4.56853 5.93909
-4.41624 6.09137
-4.26396 6.09137
-4.11168 6.24365
-4.11168 6.39594
-3.95939 6.54822
-3.80711 6.70051
-3.65482 6.85279
-3.50254 6.85279
-3.35025 7.00508
-3.19797 7.15736
-3.04569 7.15736
-2.8934 7.30964
-2.74112 7.30964
-2.58883 7.46193
-2.43655 7.46193
-2.28426 7.46193
-2.13198 7.61421
-1.82741 7.61421
-1.67513 7.61421
-1.52284 7.61421
-1.37056 7.7665
-1.21827 7.7665
-1.06599 7.7665
-0.913706 7.7665
-0.609137 7.7665
-0.456853 7.7665
-0.304569 7.7665
-0.152284 7.7665
0 7.7665
0.152284 7.7665
0.456853 7.7665
0.609137 7.7665
0.761421 7.7665
0.913706 7.61421
1.06599 7.61421
1.21827 7.61421
1.37056 7.61421
1.52284 7.61421
1.67513 7.61421
1.82741 7.46193
2.13198 7.46193
2.28426 7.46193
2.43655 7.46193
2.58883 7.46193
2.74112 7.30964
2.8934 7.30964
3.04569 7.30964
3.19797 7.15736
3.35025 7.15736
3.50254 7.15736
3.65482 7.00508
3.80711 7.00508
3.95939 7.00508
4.11168 6.85279
4.26396 6.85279
4.41624 6.70051
4.56853 6.70051
4.72081 6.54822
4.8731 6.54822
4.8731 6.39594
5.02538 6.39594
5.17766 6.24365
5.32995 6.24365
5.48223 6.09137
5.63452 5.93909
5.7868 5.93909
5.7868 5.7868
5.93909 5.63452
6.09137 5.63452
6.24365 5.48223
6.39594 5.32995
6.39594 5.32995
6.54822 5.17766
6.70051 5.02538
6.70051 5.02538
6.85279 4.8731
7.00508 4.72081
7.00508 4.56853
7.15736 4.56853
7.30964 4.41624
7.30964 4.26396
7.46193 4.11168
7.61421 4.11168
7.61421 3.95939
7.7665 3.80711
7.7665 3.65482
7.91878 3.65482
7.91878 3.50254
8.07107 3.35025
8.22335 3.19797
8.22335 3.04569
8.37563 2.8934
8.37563 2.8934
8.37563 2.74112
8.52792 2.58883
8.52792 2.43655
8.6802 2.28426
8.6802 2.13198
8.6802 1.9797
8.83249 1.9797
8.83249 1.82741
8.83249 1.67513
8.83249 1.52284
8.98477 1.37056
8.98477 1.21827
8.98477 1.06599
8.98477 0.913706
8.98477 0.761421
8.98477 0.609137
8.98477 0.456853
8.98477 0.304569
9.13706 0.152284
9.13706 0.152284
9.13706 0
9.13706 -0.152284
9.13706 -0.304569
9.13706 -0.456853
9.13706 -0.609137
9.13706 -0.761421
9.13706 -0.913706
9.13706 -0.913706
9.28934 -1.06599
9.28934 -1.21827
9.28934 -1.37056
9.28934 -1.52284
9.44162 -1.67513
9.44162 -1.82741
