9.44162 -2.13198
9.44162 -2.28426
9.44162 -2.43655
9.59391 -2.58883
9.59391 -2.74112
9.59391 -2.8934
9.59391 -3.04569
9.74619 -3.19797
9.74619 -3.35025
9.89848 -3.50254
9.89848 -3.65482
9.89848 -3.80711
10.0508 -3.95939
10.0508 -4.11168
10.203 -4.26396
10.203 -4.56853
10.203 -4.72081
10.3553 -4.8731
10.3553 -5.02538
10.3553 -5.17766
10.5076 -5.48223
10.5076 -5.63452
10.5076 -5.7868
10.5076 -5.93909
10.5076 -6.09137
10.5076 -6.39594
10.3553 -6.54822
10.3553 -6.70051
10.3553 -6.85279
10.203 -7.00508
10.203 -7.15736
10.203 -7.30964
10.0508 -7.46193
9.89848 -7.61421
9.89848 -7.7665
9.74619 -7.91878
9.59391 -8.07107
9.59391 -8.22335
9.44162 -8.37563
9.28934 -8.37563
9.13706 -8.52792
8.98477 -8.6802
8.83249 -8.83249
8.6802 -8.83249
8.6802 -8.98477
8.52792 -9.13706
8.37563 -9.28934
8.22335 -9.28934
8.07107 -9.44162
7.91878 -9.44162
7.7665 -9.59391
7.61421 -9.74619
7.46193 -9.74619
7.30964 -9.89848
7.15736 -9.89848
7.00508 -10.0508
6.85279 -10.0508
6.70051 -10.203
6.54822 -10.3553
6.39594 -10.3553
6.24365 -10.5076
6.09137 -10.5076
5.93909 -10.5076
5.7868 -10.6599
5.63452 -10.6599
5.48223 -10.8122
5.32995 -10.8122
5.17766 -10.8122
5.02538 -10.9645
4.8731 -10.9645
4.72081 -10.9645
4.56853 -11.1168
4.41624 -11.1168
4.26396 -11.1168
4.11168 -11.1168
3.95939 -11.269
3.80711 -11.269
3.65482 -11.269
3.50254 -11.269
3.35025 -11.269
3.19797 -11.269
3.04569 -11.269
2.8934 -11.269
2.74112 -11.269
2.43655 -11.269
2.28426 -11.269
2.13198 -11.269
1.9797 -11.269
1.82741 -11.269
1.67513 -11.269
1.52284 -11.269
1.37056 -11.269
1.21827 -11.269
1.06599 -11.269
0.913706 -11.269
0.761421 -11.269
0.609137 -11.1168
0.456853 -11.1168
0.304569 -11.1168
0.152284 -11.1168
0 -11.1168
-0.152284 -11.1168
-0.304569 -11.1168
-0.456853 -10.9645
-0.609137 -10.9645
-0.761421 -10.9645
-0.913706 -10.9645
-1.06599 -10.8122
-1.21827 -10.8122
-1.37056 -10.8122
-1.52284 -10.6599
-1.67513 -10.6599
-1.82741 -10.6599
-1.9797 -10.5076
-2.13198 -10.5076
-2.28426 -10.3553
-2.43655 -10.3553
-2.58883 -10.203
-2.74112 -10.203
-2.8934 -10.0508
-2.8934 -10.0508
-3.04569 -9.89848
-3.19797 -9.74619
-3.35025 -9.74619
-3.50254 -9.59391
-3.50254 -9.44162
-3.65482 -9.28934
-3.80711 -9.28934
-3.95939 -9.13706
-3.95939 -8.98477
-4.11168 -8.83249
-4.11168 -8.83249
-4.26396 -8.6802
-4.41624 -8.52792
-4.41624 -8.37563
-4.56853 -8.22335
-4.56853 -8.07107
-4.72081 -7.91878
-4.72081 -7.91878
-4.8731 -7.7665
-4.8731 -7.61421
-5.02538 -7.46193
-5.02538 -7.30964
-5.17766 -7.15736
-5.17766 -7.00508
-5.17766 -7.00508
-5.32995 -6.85279
-5.32995 -6.70051
-5.48223 -6.54822
-5.48223 -6.39594
-5.63452 -6.24365
-5.63452 -6.09137
-5.63452 -6.09137
-5.7868 -5.93909
-5.7868 -5.7868
-5.7868 -5.63452
-5.93909 -5.48223
-5.93909 -5.32995
-5.93909 -5.17766
-6.09137 -5.17766
-6.09137 -5.02538
-6.09137 -4.8731
-6.24365 -4.72081
-6.24365 -4.56853
-6.24365 -4.41624
-6.39594 -4.26396
-6.39594 -4.11168
-6.39594 -3.95939
-6.39594 -3.95939
-6.54822 -3.80711
-6.54822 -3.65482
-6.54822 -3.50254
-6.54822 -3.35025
-6.54822 -3.19797
-6.70051 -3.04569
-6.70051 -2.8934
-6.70051 -2.74112
-6.70051 -2.58883
-6.70051 -2.43655
-6.70051 -2.28426
-6.70051 -2.13198
-6.70051 -1.9797
-6.70051 -1.82741
-6.70051 -1.67513
-6.70051 -1.67513
-6.70051 -1.52284
-6.70051 -1.37056
-6.70051 -1.21827
-6.70051 -1.06599
-6.70051 -0.913706
-6.70051 -0.761421
-6.70051 -0.609137
-6.70051 -0.456853
-6.70051 -0.304569
-6.70051 -0.152284
-6.54822 0
-6.54822 0.152284
-6.54822 0.304569
-6.54822 0.456853
-6.54822 0.609137
-6.39594 0.761421
-6.39594 0.913706
-6.39594 1.06599
-6.39594 1.21827
-6.24365 1.37056
-6.24365 1.37056
-6.24365 1.52284
-6.09137 1.67513
-6.09137 1.82741
-6.09137 1.9797
-5.93909 2.13198
-5.93909 2.28426
-5.93909 2.43655
-5.7868 2.58883
-5.7868 2.74112
-5.7868 2.8934
-5.63452 3.04569
-5.63452 3.19797
-5.63452 3.35025
-5.48223 3.50254
-5.48223 3.65482
-5.32995 3.80711
-5.32995 3.95939
-5.32995 4.11168
-5.17766 4.26396
-5.17766 4.41624
-5.02538 4.72081
-5.02538 4.8731
-4.8731 5.02538
-4.8731 5.17766
-4.72081 5.32995
-4.56853 5.48223
-4.56853 5.63452
-4.41624 5.7868
-4.26396 5.7868
-4.11168 5.93909
-4.11168 6.09137
-3.95939 6.24365
-3.80711 6.39594
-3.65482 6.54822
-3.50254 6.54822
-3.35025 6.70051
-3.19797 6.85279
-3.04569 6.85279
-2.8934 7.00508
-2.74112 7.00508
-2.58883 7.15736
-2.43655 7.15736
-2.28426 7.15736
-2.13198 7.30964
-1.9797 7.30964
-1.67513 7.30964
-1.52284 7.46193
-1.37056 7.46193
-1.21827 7.46193
-1.06599 7.46193
-0.913706 7.46193
-0.761421 7.46193
-0.456853 7.46193
-0.304569 7.46193
-0.152284 7.46193
0 7.46193
0.152284 7.46193
0.304569 7.46193
0.456853 7.46193
0.761421 7.46193
0.913706 7.46193
1.06599 7.46193
1.21827 7.30964
1.37056 7.30964
1.52284 7.30964
1.67513 7.30964
1.82741 7.30964
1.9797 7.30964
2.13198 7.15736
2.43655 7.15736
2.58883 7.15736
2.74112 7.15736
2.8934 7.00508
3.04569 7.00508
3.19797 7.00508
3.35025 6.85279
3.50254 6.85279
3.65482 6.85279
3.80711 6.70051
3.95939 6.70051
4.11168 6.54822
4.26396 6.54822
4.41624 6.39594
4.56853 6.39594
4.56853 6.39594
4.72081 6.24365
4.8731 6.09137
5.02538 6.09137
5.17766 5.93909
5.32995 5.93909
5.48223 5.7868
5.63452 5.7868
5.63452 5.63452
5.7868 5.48223
5.93909 5.48223
6.09137 5.32995
6.24365 5.17766
6.24365 5.17766
6.39594 5.02538
6.54822 4.8731
6.70051 4.8731
6.70051 4.72081
6.85279 4.56853
7.00508 4.41624
7.00508 4.41624
7.15736 4.26396
7.30964 4.11168
7.30964 3.95939
7.46193 3.95939
7.46193 3.80711
7.61421 3.65482
7.61421 3.50254
7.7665 3.50254
7.91878 3.35025
7.91878 3.19797
8.07107 3.04569
8.07107 2.8934
8.22335 2.74112
8.22335 2.74112
8.37563 2.58883
8.37563 2.43655
8.37563 2.28426
8.52792 2.13198
8.52792 1.9797
8.6802 1.82741
8.6802 1.82741
8.6802 1.67513
8.83249 1.52284
8.83249 1.37056
8.83249 1.21827
8.83249 1.06599
8.98477 0.913706
8.98477 0.761421
8.98477 0.609137
8.98477 0.609137
8.98477 0.456853
9.13706 0.304569
9.13706 0.152284
9.13706 0
9.13706 -0.152284
9.13706 -0.304569
9.13706 -0.456853
9.13706 -0.609137
9.13706 -0.761421
9.28934 -0.761421
9.28934 -0.913706
9.28934 -1.06599
9.28934 -1.21827
9.28934 -1.37056
9.28934 -1.52284
9.28934 -1.67513
9.28934 -1.82741
9.44162 -1.9797
9.44162 -1.9797
