6.54822 2.13198
6.70051 1.82741
6.70051 1.37056
6.70051 1.06599
6.70051 0.761421
6.54822 0.456853
6.54822 0.152284
6.54822 -0.152284
6.39594 -0.609137
6.39594 -0.913706
6.24365 -1.21827
6.09137 -1.52284
6.09137 -1.82741
5.93909 -2.13198
5.7868 -2.43655
5.63452 -2.74112
5.48223 -3.04569
5.32995 -3.19797
5.17766 -3.50254
4.8731 -3.80711
4.72081 -4.11168
4.56853 -4.26396
4.26396 -4.56853
4.11168 -4.8731
3.80711 -5.02538
3.65482 -5.32995
3.35025 -5.48223
3.04569 -5.63452
2.8934 -5.93909
2.58883 -6.09137
2.28426 -6.24365
1.9797 -6.39594
1.67513 -6.70051
1.52284 -6.85279
1.21827 -7.00508
0.913706 -7.15736
0.609137 -7.30964
0.304569 -7.30964
0.152284 -7.46193
-0.152284 -7.61421
-0.456853 -7.7665
-0.761421 -7.91878
-1.06599 -7.91878
-1.21827 -8.07107
-1.52284 -8.22335
-1.82741 -8.37563
-2.13198 -8.37563
-2.28426 -8.52792
-2.58883 -8.6802
-2.74112 -8.6802
-3.04569 -8.83249
-3.35025 -8.98477
-3.50254 -8.98477
-3.80711 -9.13706
-3.95939 -9.28934
-4.26396 -9.28934
-4.41624 -9.44162
-4.72081 -9.59391
-4.8731 -9.59391
-5.17766 -9.74619
-5.32995 -9.89848
-5.48223 -9.89848
-5.7868 -10.0508
-5.93909 -10.0508
-6.24365 -10.203
-6.39594 -10.203
-6.70051 -10.3553
-6.85279 -10.5076
-7.15736 -10.5076
-7.30964 -10.5076
-7.61421 -10.6599
-7.7665 -10.6599
-8.07107 -10.8122
-8.22335 -10.8122
-8.52792 -10.8122
-8.6802 -10.8122
-8.98477 -10.9645
-9.13706 -10.9645
-9.44162 -10.9645
-9.59391 -10.9645
-9.89848 -10.9645
-10.203 -10.9645
-10.3553 -10.9645
-10.6599 -10.9645
-10.8122 -10.9645
-11.1168 -10.9645
-11.269 -10.9645
-11.5736 -10.9645
-11.7259 -10.9645
-12.0305 -10.9645
-12.1827 -10.8122
-12.4873 -10.8122
-12.6396 -10.8122
-12.9442 -10.8122
-13.0964 -10.8122
-13.401 -10.8122
-13.5533 -10.8122
-13.7056 -10.6599
-14.0102 -10.6599
-14.1624 -10.6599
-14.467 -10.6599
-14.6193 -10.6599
-14.9239 -10.6599
-15.0761 -10.5076
-15.3807 -10.5076
-15.533 -10.5076
-15.8376 -10.5076
-15.9898 -10.5076
-16.2944 -10.5076
-16.4467 -10.3553
-16.7513 -10.3553
-16.9036 -10.3553
-17.2081 -10.3553
-17.3604 -10.203
-17.665 -10.203
-17.9695 -10.203
-18.1218 -10.0508
-18.4264 -10.0508
-18.5787 -10.0508
-18.8832 -9.89848
-19.0355 -9.89848
-19.3401 -9.74619
-19.6447 -9.74619
-19.797 -9.59391
-20.1015 -9.59391
-20.2538 -9.44162
-20.5584 -9.44162
-20.8629 -9.28934
-21.0152 -9.28934
-21.3198 -9.13706
-21.4721 -8.98477
-21.7766 -8.98477
-21.9289 -8.83249
-22.2335 -8.6802
-22.5381 -8.52792
-22.6904 -8.37563
-22.9949 -8.22335
-23.1472 -8.07107
-23.4518 -7.91878
-23.6041 -7.7665
-23.7563 -7.61421
-24.0609 -7.46193
-24.2132 -7.30964
-24.5178 -7.15736
-24.6701 -7.00508
-24.8223 -6.85279
-24.9746 -6.54822
-25.2792 -6.39594
-25.4315 -6.24365
-25.5838 -5.93909
-25.736 -5.7868
-25.8883 -5.48223
-26.0406 -5.32995
-26.1929 -5.02538
-26.3452 -4.8731
-26.4975 -4.56853
-26.6497 -4.41624
-26.802 -4.11168
-26.9543 -3.95939
-27.1066 -3.65482
-27.2589 -3.35025
-27.2589 -3.19797
-27.4112 -2.8934
-27.5635 -2.58883
-27.5635 -2.28426
-27.7157 -2.13198
-27.7157 -1.82741
-27.868 -1.52284
-27.868 -1.21827
-28.0203 -1.06599
-28.0203 -0.761421
-28.1726 -0.456853
-28.1726 -0.152284
-28.1726 0.152284
-28.1726 0.456853
-28.3249 0.609137
-28.3249 0.913706
-28.3249 1.21827
-28.3249 1.52284
-28.3249 1.82741
-28.3249 2.13198
-28.3249 2.43655
-28.3249 2.58883
-28.3249 2.8934
-28.1726 3.19797
-28.1726 3.50254
-28.1726 3.80711
-28.1726 4.11168
-28.0203 4.26396
-28.0203 4.56853
-28.0203 4.8731
-27.868 5.17766
-27.868 5.48223
-27.7157 5.63452
-27.7157 5.93909
-27.5635 6.24365
-27.5635 6.54822
-27.4112 6.70051
-27.4112 7.00508
-27.2589 7.30964
-27.1066 7.46193
-27.1066 7.7665
-26.9543 8.07107
-26.802 8.22335
-26.6497 8.52792
-26.4975 8.83249
-26.4975 8.98477
-26.3452 9.28934
-26.1929 9.44162
-26.0406 9.74619
-25.8883 9.89848
-25.736 10.203
-25.5838 10.3553
-25.4315 10.6599
-25.2792 10.8122
-25.1269 11.1168
-24.9746 11.269
-24.8223 11.5736
-24.5178 11.7259
-24.3655 12.0305
-24.2132 12.1827
-24.0609 12.335
-23.9086 12.6396
-23.6041 12.7919
-23.4518 12.9442
-23.2995 13.0964
-22.9949 13.2487
-22.8426 13.5533
-22.6904 13.7056
-22.3858 13.8579
-22.2335 14.0102
-21.9289 14.1624
-21.7766 14.3147
-21.4721 14.467
-21.3198 14.6193
-21.0152 14.6193
-20.7107 14.7716
-20.5584 14.9239
-20.2538 14.9239
-19.9492 15.0761
-19.797 15.2284
-19.4924 15.2284
-19.1878 15.2284
-18.8832 15.3807
-18.731 15.3807
-18.4264 15.3807
-18.1218 15.3807
-17.8173 15.3807
-17.665 15.533
-17.3604 15.533
-17.0558 15.3807
-16.7513 15.3807
-16.599 15.3807
-16.2944 15.3807
-15.9898 15.3807
-15.6853 15.3807
-15.533 15.3807
-15.2284 15.2284
-14.9239 15.2284
-14.7716 15.2284
-14.467 15.2284
-14.3147 15.0761
-14.0102 15.0761
-13.8579 15.0761
-13.5533 15.0761
-13.401 14.9239
-13.0964 14.9239
-12.9442 14.9239
-12.6396 14.9239
-12.4873 14.7716
-12.1827 14.7716
-12.0305 14.7716
-11.7259 14.7716
-11.5736 14.6193
-11.269 14.6193
-11.1168 14.6193
-10.8122 14.6193
-10.6599 14.6193
-10.5076 14.467
-10.203 14.467
-10.0508 14.467
-9.74619 14.467
-9.59391 14.3147
-9.44162 14.3147
-9.13706 14.3147
-8.98477 14.3147
-8.6802 14.1624
-8.52792 14.1624
-8.22335 14.1624
-8.07107 14.0102
-7.91878 14.0102
-7.61421 14.0102
-7.46193 13.8579
-7.15736 13.8579
-7.00508 13.7056
-6.85279 13.7056
-6.54822 13.7056
-6.39594 13.5533
-6.09137 13.5533
-5.93909 13.401
-5.63452 13.401
-5.48223 13.2487
-5.32995 13.2487
-5.02538 13.0964
-4.8731 12.9442
-4.56853 12.9442
-4.41624 12.7919
-4.11168 12.7919
-3.95939 12.6396
-3.65482 12.4873
-3.50254 12.4873
-3.19797 12.335
-3.04569 12.1827
-2.8934 12.1827
-2.58883 12.0305
-2.43655 11.8782
-2.13198 11.8782
-1.82741 11.7259
-1.67513 11.5736
-1.37056 11.4213
-1.21827 11.269
-0.913706 11.1168
-0.761421 10.9645
-0.456853 10.9645
-0.304569 10.8122
0 10.6599
0.152284 10.5076
0.456853 10.3553
0.609137 10.0508
0.913706 9.89848
1.06599 9.74619
1.37056 9.59391
1.52284 9.44162
1.82741 9.28934
1.9797 8.98477
2.28426 8.83249
2.43655 8.6802
2.74112 8.37563
2.8934 8.22335
3.19797 7.91878
3.35025 7.7665
3.50254 7.46193
3.80711 7.30964
3.95939 7.00508
4.11168 6.85279
4.41624 6.54822
4.56853 6.24365
4.72081 5.93909
4.8731 5.7868
5.17766 5.48223
5.32995 5.17766
5.48223 4.8731
5.63452 4.56853
5.7868 4.26396
5.93909 3.95939
5.93909 3.65482
6.09137 3.35025
6.24365 3.04569
6.39594 2.74112
6.39594 2.43655
