6.54822 2.13198
6.70051 1.82741
6.70051 1.37056
6.70051 1.06599
6.70051 0.761421
6.54822 0.456853
6.54822 0.152284
6.54822 -0.152284
6.39594 -0.609137
6.39594 -0.913706
6.24365 -1.21827
6.09137 -1.52284
6.09137 -1.82741
5.93909 -2.13198
5.7868 -2.43655
5.63452 -2.74112
5.48223 -3.04569
5.32995 -3.19797
5.02538 -3.50254
4.8731 -3.80711
4.72081 -4.11168
4.41624 -4.26396
4.26396 -4.56853
3.95939 -4.8731
3.80711 -5.02538
3.50254 -5.32995
3.35025 -5.48223
3.04569 -5.7868
2.74112 -5.93909
2.43655 -6.09137
2.28426 -6.24365
1.9797 -6.54822
1.67513 -6.70051
1.37056 -6.85279
1.06599 -7.00508
0.913706 -7.15736
0.609137 -7.30964
0.304569 -7.46193
0 -7.61421
-0.304569 -7.61421
-0.456853 -7.7665
-0.761421 -7.91878
-1.06599 -8.07107
-1.37056 -8.07107
-1.67513 -8.22335
-1.82741 -8.37563
-2.13198 -8.52792
-2.43655 -8.52792
-2.58883 -8.6802
-2.8934 -8.83249
-3.04569 -8.83249
-3.35025 -8.98477
-3.65482 -9.13706
-3.80711 -9.13706
-4.11168 -9.28934
-4.26396 -9.44162
-4.56853 -9.44162
-4.72081 -9.59391
-5.02538 -9.59391
-5.17766 -9.74619
-5.48223 -9.89848
-5.63452 -9.89848
-5.93909 -10.0508
-6.09137 -10.0508
-6.39594 -10.203
-6.54822 -10.203
-6.70051 -10.3553
-7.00508 -10.3553
-7.15736 -10.5076
-7.46193 -10.5076
-7.61421 -10.6599
-7.91878 -10.6599
-8.22335 -10.6599
-8.37563 -10.8122
-8.6802 -10.8122
-8.83249 -10.8122
-9.13706 -10.8122
-9.28934 -10.9645
-9.59391 -10.9645
-9.74619 -10.9645
-10.0508 -10.9645
-10.203 -10.9645
-10.5076 -10.9645
-10.6599 -10.9645
-10.9645 -10.9645
-11.1168 -10.9645
-11.4213 -10.9645
-11.5736 -10.9645
-11.8782 -10.9645
-12.0305 -10.9645
-12.335 -10.9645
-12.4873 -10.8122
-12.7919 -10.8122
-12.9442 -10.8122
-13.2487 -10.8122
-13.401 -10.8122
-13.7056 -10.8122
-13.8579 -10.6599
-14.1624 -10.6599
-14.3147 -10.6599
-14.6193 -10.6599
-14.7716 -10.6599
-15.0761 -10.6599
-15.2284 -10.5076
-15.533 -10.5076
-15.6853 -10.5076
-15.9898 -10.5076
-16.1421 -10.3553
-16.4467 -10.3553
-16.599 -10.3553
-16.9036 -10.3553
-17.0558 -10.203
-17.3604 -10.203
-17.5127 -10.203
-17.8173 -10.0508
-17.9695 -10.0508
-18.2741 -10.0508
-18.4264 -9.89848
-18.731 -9.89848
-18.8832 -9.89848
-19.1878 -9.74619
-19.3401 -9.74619
-19.6447 -9.59391
-19.9492 -9.59391
-20.1015 -9.44162
-20.4061 -9.44162
-20.5584 -9.28934
-20.8629 -9.28934
-21.1675 -9.13706
-21.3198 -8.98477
-21.6244 -8.98477
-21.7766 -8.83249
-22.0812 -8.6802
-22.2335 -8.52792
-22.5381 -8.52792
-22.6904 -8.37563
-22.9949 -8.22335
-23.1472 -8.07107
-23.4518 -7.91878
-23.6041 -7.7665
-23.9086 -7.61421
-24.0609 -7.46193
-24.2132 -7.30964
-24.5178 -7.00508
-24.6701 -6.85279
-24.8223 -6.70051
-25.1269 -6.54822
-25.2792 -6.24365
-25.4315 -6.09137
-25.5838 -5.93909
-25.736 -5.63452
-25.8883 -5.48223
-26.0406 -5.17766
-26.1929 -5.02538
-26.3452 -4.72081
-26.4975 -4.56853
-26.6497 -4.26396
-26.802 -4.11168
-26.9543 -3.80711
-27.1066 -3.50254
-27.1066 -3.35025
-27.2589 -3.04569
-27.4112 -2.74112
-27.4112 -2.58883
-27.5635 -2.28426
-27.7157 -1.9797
-27.7157 -1.67513
-27.868 -1.52284
-27.868 -1.21827
-27.868 -0.913706
-28.0203 -0.609137
-28.0203 -0.456853
-28.0203 -0.152284
-28.1726 0.152284
-28.1726 0.456853
-28.1726 0.761421
-28.1726 0.913706
-28.1726 1.21827
-28.1726 1.52284
-28.1726 1.82741
-28.1726 2.13198
-28.1726 2.43655
-28.1726 2.58883
-28.1726 2.8934
-28.1726 3.19797
-28.1726 3.50254
-28.1726 3.80711
-28.0203 4.11168
-28.0203 4.26396
-28.0203 4.56853
-28.0203 4.8731
-27.868 5.17766
-27.868 5.32995
-27.7157 5.63452
-27.7157 5.93909
-27.5635 6.24365
-27.5635 6.39594
-27.4112 6.70051
-27.2589 7.00508
-27.2589 7.30964
-27.1066 7.46193
-26.9543 7.7665
-26.9543 7.91878
-26.802 8.22335
-26.6497 8.52792
-26.4975 8.6802
-26.3452 8.98477
-26.3452 9.13706
-26.1929 9.44162
-26.0406 9.74619
-25.8883 9.89848
-25.736 10.203
-25.5838 10.3553
-25.4315 10.6599
-25.2792 10.8122
-25.1269 10.9645
-24.9746 11.269
-24.6701 11.4213
-24.5178 11.7259
-24.3655 11.8782
-24.2132 12.0305
-24.0609 12.335
-23.7563 12.4873
-23.6041 12.6396
-23.4518 12.7919
-23.2995 13.0964
-22.9949 13.2487
-22.8426 13.401
-22.6904 13.5533
-22.3858 13.7056
-22.2335 13.8579
-21.9289 14.0102
-21.7766 14.1624
-21.4721 14.3147
-21.3198 14.467
-21.0152 14.6193
-20.8629 14.6193
-20.5584 14.7716
-20.2538 14.9239
-20.1015 14.9239
-19.797 15.0761
-19.4924 15.0761
-19.3401 15.2284
-19.0355 15.2284
-18.731 15.2284
-18.4264 15.3807
-18.2741 15.3807
-17.9695 15.3807
-17.665 15.3807
-17.3604 15.3807
-17.2081 15.3807
-16.9036 15.3807
-16.599 15.3807
-16.4467 15.3807
-16.1421 15.3807
-15.8376 15.3807
-15.6853 15.3807
-15.3807 15.2284
-15.0761 15.2284
-14.9239 15.2284
-14.6193 15.2284
-14.3147 15.0761
-14.1624 15.0761
-13.8579 15.0761
-13.7056 15.0761
-13.401 15.0761
-13.2487 14.9239
-12.9442 14.9239
-12.7919 14.9239
-12.4873 14.9239
-12.335 14.7716
-12.0305 14.7716
-11.8782 14.7716
-11.7259 14.7716
-11.4213 14.7716
-11.269 14.6193
-10.9645 14.6193
-10.8122 14.6193
-10.5076 14.6193
-10.3553 14.467
-10.203 14.467
-9.89848 14.467
-9.74619 14.467
-9.44162 14.3147
-9.28934 14.3147
-8.98477 14.3147
-8.83249 14.3147
-8.6802 14.1624
-8.37563 14.1624
-8.22335 14.1624
-7.91878 14.0102
-7.7665 14.0102
-7.61421 13.8579
-7.30964 13.8579
-7.15736 13.8579
-6.85279 13.7056
-6.70051 13.7056
-6.39594 13.5533
-6.24365 13.5533
-6.09137 13.401
-5.7868 13.401
-5.63452 13.2487
-5.32995 13.2487
-5.17766 13.0964
-4.8731 13.0964
-4.72081 12.9442
-4.41624 12.9442
-4.26396 12.7919
-3.95939 12.6396
-3.80711 12.6396
-3.50254 12.4873
-3.35025 12.4873
-3.04569 12.335
-2.8934 12.1827
-2.58883 12.0305
-2.43655 12.0305
-2.13198 11.8782
-1.9797 11.7259
-1.67513 11.5736
-1.52284 11.5736
-1.21827 11.4213
-1.06599 11.269
-0.761421 11.1168
-0.609137 10.9645
-0.304569 10.8122
-0.152284 10.6599
0.152284 10.5076
0.456853 10.3553
0.609137 10.203
0.913706 10.0508
1.06599 9.89848
1.37056 9.59391
1.52284 9.44162
1.82741 9.28934
1.9797 9.13706
2.28426 8.83249
2.43655 8.6802
2.74112 8.52792
2.8934 8.22335
3.04569 8.07107
3.35025 7.7665
3.50254 7.61421
3.80711 7.30964
3.95939 7.00508
4.11168 6.85279
4.26396 6.54822
4.56853 6.24365
4.72081 6.09137
4.8731 5.7868
5.02538 5.48223
5.17766 5.17766
5.32995 4.8731
5.48223 4.56853
5.63452 4.26396
5.7868 3.95939
5.93909 3.65482
6.09137 3.35025
6.24365 3.04569
6.39594 2.74112
6.39594 2.43655
