6.39594 2.43655
6.54822 2.13198
6.54822 1.67513
6.70051 1.37056
6.70051 1.06599
6.70051 0.761421
6.70051 0.456853
6.70051 0.152284
6.70051 -0.304569
6.54822 -0.609137
6.54822 -0.913706
6.39594 -1.21827
6.39594 -1.52284
6.24365 -1.82741
6.09137 -2.13198
5.93909 -2.43655
5.7868 -2.74112
5.63452 -3.04569
5.48223 -3.35025
5.32995 -3.50254
5.02538 -3.80711
4.8731 -4.11168
4.56853 -4.41624
4.41624 -4.56853
4.11168 -4.8731
3.95939 -5.02538
3.65482 -5.32995
3.35025 -5.48223
3.19797 -5.63452
2.8934 -5.93909
2.58883 -6.09137
2.28426 -6.24365
2.13198 -6.39594
1.82741 -6.70051
1.52284 -6.85279
1.21827 -7.00508
1.06599 -7.15736
0.761421 -7.30964
0.456853 -7.46193
0.152284 -7.46193
-0.152284 -7.61421
-0.304569 -7.7665
-0.609137 -7.91878
-0.913706 -8.07107
-1.21827 -8.22335
-1.37056 -8.22335
-1.67513 -8.37563
-1.9797 -8.52792
-2.13198 -8.52792
-2.43655 -8.6802
-2.74112 -8.83249
-2.8934 -8.98477
-3.19797 -8.98477
-3.35025 -9.13706
-3.65482 -9.28934
-3.80711 -9.28934
-4.11168 -9.44162
-4.26396 -9.59391
-4.56853 -9.74619
-4.72081 -9.74619
-5.02538 -9.89848
-5.17766 -10.0508
-5.48223 -10.0508
-5.63452 -10.203
-5.93909 -10.203
-6.09137 -10.3553
-6.39594 -10.3553
-6.54822 -10.5076
-6.85279 -10.5076
-7.00508 -10.6599
-7.30964 -10.6599
-7.61421 -10.8122
-7.7665 -10.8122
-8.07107 -10.8122
-8.22335 -10.9645
-8.52792 -10.9645
-8.6802 -10.9645
-8.98477 -10.9645
-9.28934 -10.9645
-9.44162 -10.9645
-9.74619 -10.9645
-9.89848 -10.9645
-10.203 -10.9645
-10.5076 -10.9645
-10.6599 -10.9645
-10.9645 -10.9645
-11.1168 -10.9645
-11.4213 -10.9645
-11.5736 -10.9645
-11.8782 -10.9645
-12.0305 -10.9645
-12.335 -10.9645
-12.4873 -10.8122
-12.7919 -10.8122
-12.9442 -10.8122
-13.2487 -10.8122
-13.401 -10.8122
-13.7056 -10.6599
-13.8579 -10.6599
-14.1624 -10.6599
-14.3147 -10.6599
-14.6193 -10.6599
-14.7716 -10.5076
-15.0761 -10.5076
-15.2284 -10.5076
-15.533 -10.5076
-15.8376 -10.5076
-15.9898 -10.3553
-16.2944 -10.3553
-16.4467 -10.3553
-16.7513 -10.3553
-16.9036 -10.203
-17.2081 -10.203
-17.3604 -10.203
-17.665 -10.0508
-17.9695 -10.0508
-18.1218 -10.0508
-18.4264 -9.89848
-18.5787 -9.89848
-18.8832 -9.89848
-19.0355 -9.74619
-19.3401 -9.74619
-19.6447 -9.59391
-19.797 -9.59391
-20.1015 -9.44162
-20.4061 -9.44162
-20.5584 -9.28934
-20.8629 -9.28934
-21.0152 -9.13706
-21.3198 -8.98477
-21.6244 -8.98477
-21.7766 -8.83249
-22.0812 -8.6802
-22.2335 -8.52792
-22.5381 -8.37563
-22.8426 -8.22335
-22.9949 -8.22335
-23.2995 -8.07107
-23.4518 -7.91878
-23.7563 -7.7665
-23.9086 -7.46193
-24.2132 -7.30964
-24.3655 -7.15736
-24.5178 -7.00508
-24.8223 -6.85279
-24.9746 -6.54822
-25.1269 -6.39594
-25.2792 -6.24365
-25.5838 -5.93909
-25.736 -5.7868
-25.8883 -5.63452
-26.0406 -5.32995
-26.1929 -5.17766
-26.3452 -4.8731
-26.4975 -4.56853
-26.6497 -4.41624
-26.802 -4.11168
-26.9543 -3.95939
-26.9543 -3.65482
-27.1066 -3.35025
-27.2589 -3.19797
-27.4112 -2.8934
-27.4112 -2.58883
-27.5635 -2.28426
-27.7157 -2.13198
-27.7157 -1.82741
-27.868 -1.52284
-27.868 -1.21827
-28.0203 -0.913706
-28.0203 -0.761421
-28.0203 -0.456853
-28.1726 -0.152284
-28.1726 0.152284
-28.1726 0.456853
-28.3249 0.761421
-28.3249 0.913706
-28.3249 1.21827
-28.3249 1.52284
-28.3249 1.82741
-28.3249 2.13198
-28.3249 2.43655
-28.3249 2.74112
-28.3249 2.8934
-28.3249 3.19797
-28.3249 3.50254
-28.3249 3.80711
-28.3249 4.11168
-28.1726 4.41624
-28.1726 4.72081
-28.1726 4.8731
-28.0203 5.17766
-28.0203 5.48223
-27.868 5.7868
-27.868 6.09137
-27.7157 6.24365
-27.5635 6.54822
-27.5635 6.85279
-27.4112 7.15736
-27.2589 7.30964
-27.2589 7.61421
-27.1066 7.91878
-26.9543 8.07107
-26.802 8.37563
-26.6497 8.52792
-26.4975 8.83249
-26.3452 9.13706
-26.1929 9.28934
-26.0406 9.59391
-25.8883 9.74619
-25.736 10.0508
-25.5838 10.203
-25.4315 10.3553
-25.2792 10.6599
-25.1269 10.8122
-24.9746 11.1168
-24.8223 11.269
-24.5178 11.4213
-24.3655 11.7259
-24.2132 11.8782
-24.0609 12.0305
-23.9086 12.335
-23.7563 12.4873
-23.4518 12.6396
-23.2995 12.9442
-23.1472 13.0964
-22.9949 13.2487
-22.6904 13.401
-22.5381 13.7056
-22.3858 13.8579
-22.0812 14.0102
-21.9289 14.1624
-21.7766 14.3147
-21.4721 14.467
-21.3198 14.6193
-21.0152 14.7716
-20.8629 14.9239
-20.5584 14.9239
-20.2538 15.0761
-20.1015 15.2284
-19.797 15.2284
-19.4924 15.3807
-19.3401 15.3807
-19.0355 15.533
-18.731 15.533
-18.5787 15.533
-18.2741 15.533
-17.9695 15.6853
-17.665 15.6853
-17.3604 15.6853
-17.2081 15.6853
-16.9036 15.6853
-16.599 15.533
-16.2944 15.533
-16.1421 15.533
-15.8376 15.533
-15.533 15.533
-15.3807 15.3807
-15.0761 15.3807
-14.7716 15.3807
-14.6193 15.2284
-14.3147 15.2284
-14.1624 15.2284
-13.8579 15.2284
-13.7056 15.0761
-13.401 15.0761
-13.2487 15.0761
-12.9442 14.9239
-12.7919 14.9239
-12.4873 14.9239
-12.335 14.9239
-12.0305 14.7716
-11.8782 14.7716
-11.7259 14.7716
-11.4213 14.7716
-11.269 14.7716
-10.9645 14.6193
-10.8122 14.6193
-10.6599 14.6193
-10.3553 14.6193
-10.203 14.467
-9.89848 14.467
-9.74619 14.467
-9.59391 14.467
-9.28934 14.467
-9.13706 14.3147
-8.83249 14.3147
-8.6802 14.3147
-8.52792 14.3147
-8.22335 14.1624
-8.07107 14.1624
-7.7665 14.1624
-7.61421 14.0102
-7.46193 14.0102
-7.15736 13.8579
-7.00508 13.8579
-6.70051 13.8579
-6.54822 13.7056
-6.39594 13.7056
-6.09137 13.5533
-5.93909 13.5533
-5.7868 13.401
-5.48223 13.401
-5.32995 13.2487
-5.02538 13.2487
-4.8731 13.0964
-4.72081 12.9442
-4.41624 12.9442
-4.26396 12.7919
-3.95939 12.7919
-3.80711 12.6396
-3.65482 12.4873
-3.35025 12.4873
-3.19797 12.335
-2.8934 12.1827
-2.74112 12.1827
-2.43655 12.0305
-2.28426 11.8782
-1.9797 11.7259
-1.82741 11.5736
-1.52284 11.5736
-1.37056 11.4213
-1.21827 11.269
-0.913706 11.1168
-0.761421 10.9645
-0.456853 10.8122
-0.304569 10.6599
0 10.5076
0.152284 10.3553
0.456853 10.203
0.609137 10.0508
0.913706 9.89848
1.06599 9.74619
1.37056 9.59391
1.52284 9.28934
1.82741 9.13706
1.9797 8.98477
2.28426 8.83249
2.43655 8.52792
2.58883 8.37563
2.8934 8.07107
3.04569 7.91878
3.35025 7.7665
3.50254 7.46193
3.65482 7.15736
3.95939 7.00508
4.11168 6.70051
4.26396 6.54822
4.41624 6.24365
4.72081 5.93909
4.8731 5.63452
5.02538 5.48223
5.17766 5.17766
5.32995 4.8731
5.48223 4.56853
5.63452 4.26396
5.7868 3.95939
5.93909 3.65482
6.09137 3.35025
6.24365 3.04569
6.24365 2.74112
