6.54822 2.28426
6.54822 1.9797
6.70051 1.52284
6.70051 1.21827
6.70051 0.913706
6.70051 0.609137
6.70051 0.304569
6.70051 0
6.70051 -0.304569
6.54822 -0.761421
6.54822 -1.06599
6.39594 -1.37056
6.24365 -1.67513
6.09137 -1.9797
5.93909 -2.28426
5.7868 -2.58883
5.63452 -2.8934
5.48223 -3.04569
5.32995 -3.35025
5.17766 -3.65482
4.8731 -3.95939
4.72081 -4.11168
4.41624 -4.41624
4.26396 -4.72081
3.95939 -4.8731
3.80711 -5.17766
3.50254 -5.32995
3.19797 -5.48223
3.04569 -5.7868
2.74112 -5.93909
2.43655 -6.09137
2.28426 -6.24365
1.9797 -6.54822
1.67513 -6.70051
1.37056 -6.85279
1.21827 -7.00508
0.913706 -7.15736
0.609137 -7.30964
0.304569 -7.46193
0 -7.46193
-0.152284 -7.61421
-0.456853 -7.7665
-0.761421 -7.91878
-0.913706 -8.07107
-1.21827 -8.22335
-1.52284 -8.22335
-1.67513 -8.37563
-1.9797 -8.52792
-2.28426 -8.52792
-2.43655 -8.6802
-2.74112 -8.83249
-2.8934 -8.98477
-3.19797 -8.98477
-3.35025 -9.13706
-3.65482 -9.28934
-3.80711 -9.44162
-4.11168 -9.44162
-4.26396 -9.59391
-4.56853 -9.74619
-4.72081 -9.74619
-5.02538 -9.89848
-5.17766 -10.0508
-5.48223 -10.0508
-5.63452 -10.203
-5.93909 -10.3553
-6.09137 -10.3553
-6.39594 -10.5076
-6.54822 -10.5076
-6.85279 -10.6599
-7.00508 -10.6599
-7.30964 -10.6599
-7.46193 -10.8122
-7.7665 -10.8122
-7.91878 -10.8122
-8.22335 -10.9645
-8.52792 -10.9645
-8.6802 -10.9645
-8.98477 -10.9645
-9.13706 -10.9645
-9.44162 -10.9645
-9.59391 -10.9645
-9.89848 -10.9645
-10.203 -10.9645
-10.3553 -10.9645
-10.6599 -10.9645
-10.8122 -10.9645
-11.1168 -10.9645
-11.269 -10.9645
-11.5736 -10.9645
-11.7259 -10.8122
-12.0305 -10.8122
-12.1827 -10.8122
-12.4873 -10.8122
-12.6396 -10.8122
-12.9442 -10.8122
-13.0964 -10.6599
-13.401 -10.6599
-13.5533 -10.6599
-13.8579 -10.6599
-14.0102 -10.6599
-14.3147 -10.6599
-14.467 -10.5076
-14.7716 -10.5076
-14.9239 -10.5076
-15.2284 -10.5076
-15.3807 -10.5076
-15.6853 -10.5076
-15.8376 -10.3553
-16.1421 -10.3553
-16.2944 -10.3553
-16.599 -10.3553
-16.7513 -10.3553
-17.0558 -10.203
-17.3604 -10.203
-17.5127 -10.203
-17.8173 -10.203
-17.9695 -10.0508
-18.2741 -10.0508
-18.5787 -10.0508
-18.731 -9.89848
-19.0355 -9.89848
-19.1878 -9.74619
-19.4924 -9.74619
-19.797 -9.74619
-19.9492 -9.59391
-20.2538 -9.59391
-20.5584 -9.44162
-20.7107 -9.28934
-21.0152 -9.28934
-21.1675 -9.13706
-21.4721 -8.98477
-21.7766 -8.98477
-21.9289 -8.83249
-22.2335 -8.6802
-22.3858 -8.52792
-22.6904 -8.37563
-22.8426 -8.22335
-23.1472 -8.07107
-23.2995 -7.91878
-23.6041 -7.7665
-23.7563 -7.61421
-24.0609 -7.46193
-24.2132 -7.30964
-24.3655 -7.15736
-24.6701 -7.00508
-24.8223 -6.70051
-24.9746 -6.54822
-25.2792 -6.39594
-25.4315 -6.09137
-25.5838 -5.93909
-25.736 -5.63452
-25.8883 -5.48223
-26.0406 -5.17766
-26.1929 -5.02538
-26.3452 -4.72081
-26.4975 -4.56853
-26.6497 -4.26396
-26.802 -3.95939
-26.802 -3.80711
-26.9543 -3.50254
-27.1066 -3.19797
-27.2589 -3.04569
-27.2589 -2.74112
-27.4112 -2.43655
-27.5635 -2.13198
-27.5635 -1.9797
-27.7157 -1.67513
-27.7157 -1.37056
-27.868 -1.06599
-27.868 -0.913706
-27.868 -0.609137
-28.0203 -0.304569
-28.0203 0
-28.0203 0.304569
-28.1726 0.609137
-28.1726 0.761421
-28.1726 1.06599
-28.1726 1.37056
-28.1726 1.67513
-28.1726 1.9797
-28.1726 2.28426
-28.1726 2.58883
-28.1726 2.74112
-28.1726 3.04569
-28.1726 3.35025
-28.1726 3.65482
-28.1726 3.95939
-28.1726 4.26396
-28.0203 4.56853
-28.0203 4.72081
-28.0203 5.02538
-27.868 5.32995
-27.868 5.63452
-27.7157 5.93909
-27.7157 6.09137
-27.5635 6.39594
-27.5635 6.70051
-27.4112 7.00508
-27.2589 7.15736
-27.2589 7.46193
-27.1066 7.7665
-26.9543 7.91878
-26.802 8.22335
-26.6497 8.52792
-26.6497 8.6802
-26.4975 8.98477
-26.3452 9.28934
-26.1929 9.44162
-26.0406 9.74619
-25.8883 9.89848
-25.736 10.203
-25.5838 10.3553
-25.4315 10.6599
-25.2792 10.8122
-25.1269 11.1168
-24.8223 11.269
-24.6701 11.4213
-24.5178 11.7259
-24.3655 11.8782
-24.2132 12.0305
-24.0609 12.335
-23.7563 12.4873
-23.6041 12.6396
-23.4518 12.9442
-23.1472 13.0964
-22.9949 13.2487
-22.8426 13.401
-22.5381 13.5533
-22.3858 13.7056
-22.2335 14.0102
-21.9289 14.1624
-21.7766 14.3147
-21.4721 14.467
-21.3198 14.467
-21.0152 14.6193
-20.7107 14.7716
-20.5584 14.9239
-20.2538 15.0761
-20.1015 15.0761
-19.797 15.2284
-19.4924 15.2284
-19.3401 15.3807
-19.0355 15.3807
-18.731 15.533
-18.4264 15.533
-18.2741 15.533
-17.9695 15.533
-17.665 15.533
-17.3604 15.533
-17.0558 15.533
-16.9036 15.533
-16.599 15.533
-16.2944 15.533
-16.1421 15.533
-15.8376 15.533
-15.533 15.533
-15.2284 15.533
-15.0761 15.3807
-14.7716 15.3807
-14.6193 15.3807
-14.3147 15.3807
-14.0102 15.2284
-13.8579 15.2284
-13.5533 15.2284
-13.401 15.0761
-13.0964 15.0761
-12.9442 15.0761
-12.6396 15.0761
-12.4873 14.9239
-12.1827 14.9239
-12.0305 14.9239
-11.7259 14.9239
-11.5736 14.7716
-11.269 14.7716
-11.1168 14.7716
-10.9645 14.7716
-10.6599 14.6193
-10.5076 14.6193
-10.203 14.6193
-10.0508 14.6193
-9.89848 14.467
-9.59391 14.467
-9.44162 14.467
-9.13706 14.467
-8.98477 14.3147
-8.83249 14.3147
-8.52792 14.3147
-8.37563 14.1624
-8.07107 14.1624
-7.91878 14.1624
-7.7665 14.0102
-7.46193 14.0102
-7.30964 13.8579
-7.00508 13.8579
-6.85279 13.8579
-6.70051 13.7056
-6.39594 13.7056
-6.24365 13.5533
-5.93909 13.5533
-5.7868 13.401
-5.63452 13.401
-5.32995 13.2487
-5.17766 13.2487
-4.8731 13.0964
-4.72081 13.0964
-4.56853 12.9442
-4.26396 12.7919
-4.11168 12.7919
-3.80711 12.6396
-3.65482 12.6396
-3.35025 12.4873
-3.19797 12.335
-2.8934 12.335
-2.74112 12.1827
-2.58883 12.0305
-2.28426 11.8782
-2.13198 11.8782
-1.82741 11.7259
-1.67513 11.5736
-1.37056 11.4213
-1.21827 11.269
-0.913706 11.269
-0.761421 11.1168
-0.456853 10.9645
-0.304569 10.8122
0 10.6599
0.304569 10.5076
0.456853 10.3553
0.761421 10.203
0.913706 10.0508
1.21827 9.89848
1.37056 9.59391
1.67513 9.44162
1.82741 9.28934
1.9797 9.13706
2.28426 8.83249
2.43655 8.6802
2.74112 8.52792
2.8934 8.22335
3.19797 8.07107
3.35025 7.7665
3.50254 7.61421
3.80711 7.30964
3.95939 7.15736
4.11168 6.85279
4.26396 6.54822
4.56853 6.39594
4.72081 6.09137
4.8731 5.7868
5.02538 5.48223
5.17766 5.32995
5.32995 5.02538
5.48223 4.72081
5.63452 4.41624
5.7868 4.11168
5.93909 3.80711
6.09137 3.50254
6.24365 3.19797
6.24365 2.8934
6.39594 2.58883
