6.54822 2.13198
6.70051 1.67513
6.70051 1.37056
6.70051 1.06599
6.70051 0.761421
6.70051 0.456853
6.54822 0.152284
6.54822 -0.152284
6.39594 -0.609137
6.39594 -0.913706
6.24365 -1.21827
6.24365 -1.52284
6.09137 -1.82741
5.93909 -2.13198
5.7868 -2.43655
5.63452 -2.74112
5.48223 -2.8934
5.32995 -3.19797
5.17766 -3.50254
5.02538 -3.80711
4.72081 -4.11168
4.56853 -4.26396
4.26396 -4.56853
4.11168 -4.72081
3.80711 -5.02538
3.65482 -5.17766
3.35025 -5.48223
3.19797 -5.63452
2.8934 -5.93909
2.58883 -6.09137
2.28426 -6.24365
2.13198 -6.39594
1.82741 -6.54822
1.52284 -6.70051
1.21827 -6.85279
1.06599 -7.00508
0.761421 -7.15736
0.456853 -7.30964
0.152284 -7.46193
-0.152284 -7.61421
-0.304569 -7.7665
-0.609137 -7.91878
-0.913706 -7.91878
-1.21827 -8.07107
-1.37056 -8.22335
-1.67513 -8.37563
-1.9797 -8.37563
-2.13198 -8.52792
-2.43655 -8.6802
-2.58883 -8.6802
-2.8934 -8.83249
-3.04569 -8.98477
-3.35025 -8.98477
-3.50254 -9.13706
-3.80711 -9.28934
-3.95939 -9.44162
-4.26396 -9.44162
-4.41624 -9.59391
-4.72081 -9.74619
-4.8731 -9.74619
-5.17766 -9.89848
-5.32995 -10.0508
-5.63452 -10.0508
-5.7868 -10.203
-6.09137 -10.203
-6.24365 -10.3553
-6.39594 -10.5076
-6.70051 -10.5076
-6.85279 -10.6599
-7.15736 -10.6599
-7.30964 -10.6599
-7.61421 -10.8122
-7.91878 -10.8122
-8.07107 -10.8122
-8.37563 -10.9645
-8.52792 -10.9645
-8.83249 -10.9645
-8.98477 -10.9645
-9.28934 -10.9645
-9.44162 -10.9645
-9.74619 -10.9645
-9.89848 -10.9645
-10.203 -10.9645
-10.5076 -10.9645
-10.6599 -10.9645
-10.9645 -10.9645
-11.1168 -10.9645
-11.4213 -10.9645
-11.5736 -10.9645
-11.8782 -10.8122
-12.0305 -10.8122
-12.335 -10.8122
-12.4873 -10.8122
-12.6396 -10.8122
-12.9442 -10.8122
-13.0964 -10.6599
-13.401 -10.6599
-13.5533 -10.6599
-13.8579 -10.6599
-14.0102 -10.6599
-14.3147 -10.6599
-14.467 -10.5076
-14.7716 -10.5076
-14.9239 -10.5076
-15.2284 -10.5076
-15.3807 -10.5076
-15.6853 -10.5076
-15.8376 -10.3553
-16.1421 -10.3553
-16.2944 -10.3553
-16.599 -10.3553
-16.7513 -10.3553
-17.0558 -10.203
-17.2081 -10.203
-17.5127 -10.203
-17.8173 -10.203
-17.9695 -10.0508
-18.2741 -10.0508
-18.4264 -10.0508
-18.731 -9.89848
-18.8832 -9.89848
-19.1878 -9.89848
-19.4924 -9.74619
-19.6447 -9.74619
-19.9492 -9.59391
-20.1015 -9.59391
-20.4061 -9.44162
-20.7107 -9.44162
-20.8629 -9.28934
-21.1675 -9.13706
-21.3198 -9.13706
-21.6244 -8.98477
-21.9289 -8.83249
-22.0812 -8.6802
-22.3858 -8.52792
-22.5381 -8.52792
-22.8426 -8.37563
-22.9949 -8.22335
-23.2995 -8.07107
-23.4518 -7.91878
-23.7563 -7.7665
-23.9086 -7.61421
-24.0609 -7.30964
-24.3655 -7.15736
-24.5178 -7.00508
-24.6701 -6.85279
-24.9746 -6.54822
-25.1269 -6.39594
-25.2792 -6.24365
-25.4315 -5.93909
-25.5838 -5.7868
-25.736 -5.63452
-25.8883 -5.32995
-26.0406 -5.17766
-26.1929 -4.8731
-26.3452 -4.56853
-26.4975 -4.41624
-26.6497 -4.11168
-26.802 -3.95939
-26.9543 -3.65482
-27.1066 -3.35025
-27.1066 -3.19797
-27.2589 -2.8934
-27.4112 -2.58883
-27.4112 -2.28426
-27.5635 -2.13198
-27.7157 -1.82741
-27.7157 -1.52284
-27.7157 -1.21827
-27.868 -1.06599
-27.868 -0.761421
-28.0203 -0.456853
-28.0203 -0.152284
-28.0203 0.152284
-28.1726 0.304569
-28.1726 0.609137
-28.1726 0.913706
-28.1726 1.21827
-28.1726 1.52284
-28.1726 1.82741
-28.1726 2.13198
-28.1726 2.28426
-28.1726 2.58883
-28.1726 2.8934
-28.1726 3.19797
-28.1726 3.50254
-28.1726 3.80711
-28.1726 4.11168
-28.0203 4.26396
-28.0203 4.56853
-28.0203 4.8731
-27.868 5.17766
-27.868 5.48223
-27.7157 5.63452
-27.7157 5.93909
-27.5635 6.24365
-27.5635 6.54822
-27.4112 6.70051
-27.2589 7.00508
-27.2589 7.30964
-27.1066 7.61421
-26.9543 7.7665
-26.802 8.07107
-26.802 8.37563
-26.6497 8.52792
-26.4975 8.83249
-26.3452 8.98477
-26.1929 9.28934
-26.0406 9.59391
-25.8883 9.74619
-25.736 10.0508
-25.5838 10.203
-25.4315 10.5076
-25.2792 10.6599
-25.1269 10.9645
-24.9746 11.1168
-24.8223 11.269
-24.6701 11.5736
-24.5178 11.7259
-24.2132 12.0305
-24.0609 12.1827
-23.9086 12.335
-23.7563 12.6396
-23.6041 12.7919
-23.2995 12.9442
-23.1472 13.2487
-22.9949 13.401
-22.6904 13.5533
-22.5381 13.7056
-22.2335 13.8579
-22.0812 14.0102
-21.9289 14.1624
-21.6244 14.3147
-21.3198 14.467
-21.1675 14.6193
-20.8629 14.7716
-20.7107 14.9239
-20.4061 14.9239
-20.1015 15.0761
-19.9492 15.2284
-19.6447 15.2284
-19.3401 15.3807
-19.1878 15.3807
-18.8832 15.3807
-18.5787 15.533
-18.2741 15.533
-17.9695 15.533
-17.8173 15.533
-17.5127 15.533
-17.2081 15.533
-16.9036 15.533
-16.599 15.533
-16.4467 15.533
-16.1421 15.533
-15.8376 15.3807
-15.6853 15.3807
-15.3807 15.3807
-15.0761 15.3807
-14.9239 15.3807
-14.6193 15.2284
-14.3147 15.2284
-14.1624 15.2284
-13.8579 15.0761
-13.7056 15.0761
-13.401 15.0761
-13.0964 15.0761
-12.9442 14.9239
-12.6396 14.9239
-12.4873 14.9239
-12.335 14.9239
-12.0305 14.7716
-11.8782 14.7716
-11.5736 14.7716
-11.4213 14.7716
-11.1168 14.7716
-10.9645 14.6193
-10.6599 14.6193
-10.5076 14.6193
-10.3553 14.6193
-10.0508 14.467
-9.89848 14.467
-9.59391 14.467
-9.44162 14.467
-9.13706 14.467
-8.98477 14.3147
-8.83249 14.3147
-8.52792 14.3147
-8.37563 14.1624
-8.07107 14.1624
-7.91878 14.1624
-7.61421 14.0102
-7.46193 14.0102
-7.30964 14.0102
-7.00508 13.8579
-6.85279 13.8579
-6.54822 13.7056
-6.39594 13.7056
-6.09137 13.5533
-5.93909 13.5533
-5.7868 13.401
-5.48223 13.401
-5.32995 13.2487
-5.02538 13.2487
-4.8731 13.0964
-4.72081 13.0964
-4.41624 12.9442
-4.26396 12.7919
-3.95939 12.7919
-3.80711 12.6396
-3.50254 12.4873
-3.35025 12.4873
-3.04569 12.335
-2.8934 12.1827
-2.74112 12.1827
-2.43655 12.0305
-2.28426 11.8782
-1.9797 11.7259
-1.82741 11.5736
-1.52284 11.5736
-1.37056 11.4213
-1.06599 11.269
-0.913706 11.1168
-0.609137 10.9645
-0.456853 10.8122
-0.152284 10.6599
0 10.5076
0.304569 10.3553
0.609137 10.203
0.761421 10.0508
1.06599 9.89848
1.21827 9.74619
1.52284 9.59391
1.67513 9.28934
1.9797 9.13706
2.13198 8.98477
2.28426 8.83249
2.58883 8.52792
2.74112 8.37563
3.04569 8.22335
3.19797 7.91878
3.50254 7.7665
3.65482 7.46193
3.80711 7.15736
4.11168 7.00508
4.26396 6.70051
4.41624 6.54822
4.56853 6.24365
4.8731 5.93909
5.02538 5.63452
5.17766 5.48223
5.32995 5.17766
5.48223 4.8731
5.63452 4.56853
5.7868 4.26396
5.93909 3.95939
6.09137 3.65482
6.09137 3.35025
6.24365 3.04569
6.39594 2.74112
6.39594 2.43655
