6.39594 2.58883
6.54822 2.28426
6.54822 1.82741
6.70051 1.52284
6.70051 1.21827
6.70051 0.913706
6.70051 0.609137
6.70051 0.152284
6.70051 -0.152284
6.70051 -0.456853
6.54822 -0.761421
6.54822 -1.06599
6.39594 -1.37056
6.24365 -1.67513
6.09137 -1.9797
5.93909 -2.28426
5.7868 -2.58883
5.63452 -2.8934
5.48223 -3.19797
5.32995 -3.50254
5.02538 -3.80711
4.8731 -3.95939
4.56853 -4.26396
4.41624 -4.56853
4.11168 -4.72081
3.95939 -5.02538
3.65482 -5.17766
3.50254 -5.48223
3.19797 -5.63452
2.8934 -5.7868
2.58883 -6.09137
2.43655 -6.24365
2.13198 -6.39594
1.82741 -6.54822
1.67513 -6.70051
1.37056 -6.85279
1.06599 -7.00508
0.761421 -7.30964
0.456853 -7.46193
0.304569 -7.46193
0 -7.61421
-0.304569 -7.7665
-0.609137 -7.91878
-0.761421 -8.07107
-1.06599 -8.22335
-1.37056 -8.37563
-1.52284 -8.37563
-1.82741 -8.52792
-2.13198 -8.6802
-2.28426 -8.83249
-2.58883 -8.83249
-2.8934 -8.98477
-3.04569 -9.13706
-3.35025 -9.13706
-3.50254 -9.28934
-3.80711 -9.44162
-4.11168 -9.59391
-4.26396 -9.59391
-4.56853 -9.74619
-4.72081 -9.74619
-5.02538 -9.89848
-5.17766 -10.0508
-5.48223 -10.0508
-5.63452 -10.203
-5.93909 -10.203
-6.24365 -10.3553
-6.39594 -10.3553
-6.70051 -10.5076
-6.85279 -10.5076
-7.15736 -10.6599
-7.30964 -10.6599
-7.61421 -10.6599
-7.91878 -10.8122
-8.07107 -10.8122
-8.37563 -10.8122
-8.52792 -10.8122
-8.83249 -10.8122
-9.13706 -10.9645
-9.28934 -10.9645
-9.59391 -10.9645
-9.74619 -10.9645
-10.0508 -10.9645
-10.203 -10.9645
-10.5076 -10.9645
-10.8122 -10.9645
-10.9645 -10.9645
-11.269 -10.9645
-11.4213 -10.9645
-11.7259 -10.9645
-11.8782 -10.9645
-12.1827 -10.8122
-12.335 -10.8122
-12.6396 -10.8122
-12.7919 -10.8122
-13.0964 -10.8122
-13.401 -10.8122
-13.5533 -10.6599
-13.8579 -10.6599
-14.0102 -10.6599
-14.3147 -10.6599
-14.467 -10.6599
-14.7716 -10.5076
-14.9239 -10.5076
-15.2284 -10.5076
-15.3807 -10.5076
-15.6853 -10.3553
-15.8376 -10.3553
-16.1421 -10.3553
-16.2944 -10.203
-16.599 -10.203
-16.7513 -10.203
-17.0558 -10.0508
-17.2081 -10.0508
-17.5127 -10.0508
-17.665 -9.89848
-17.9695 -9.89848
-18.2741 -9.89848
-18.4264 -9.74619
-18.731 -9.74619
-18.8832 -9.59391
-19.1878 -9.59391
-19.3401 -9.44162
-19.6447 -9.44162
-19.9492 -9.28934
-20.1015 -9.28934
-20.4061 -9.13706
-20.5584 -9.13706
-20.8629 -8.98477
-21.1675 -8.98477
-21.3198 -8.83249
-21.6244 -8.6802
-21.9289 -8.6802
-22.0812 -8.52792
-22.3858 -8.37563
-22.5381 -8.22335
-22.8426 -8.07107
-22.9949 -7.91878
-23.2995 -7.7665
-23.4518 -7.61421
-23.7563 -7.46193
-23.9086 -7.30964
-24.2132 -7.15736
-24.3655 -7.00508
-24.6701 -6.85279
-24.8223 -6.70051
-24.9746 -6.39594
-25.2792 -6.24365
-25.4315 -6.09137
-25.5838 -5.7868
-25.736 -5.63452
-25.8883 -5.48223
-26.0406 -5.17766
-26.1929 -5.02538
-26.3452 -4.72081
-26.4975 -4.41624
-26.6497 -4.26396
-26.802 -3.95939
-26.9543 -3.80711
-27.1066 -3.50254
-27.2589 -3.19797
-27.2589 -3.04569
-27.4112 -2.74112
-27.5635 -2.43655
-27.5635 -2.13198
-27.7157 -1.9797
-27.7157 -1.67513
-27.868 -1.37056
-27.868 -1.06599
-27.868 -0.761421
-28.0203 -0.609137
-28.0203 -0.304569
-28.0203 0
-28.1726 0.304569
-28.1726 0.609137
-28.1726 0.913706
-28.1726 1.06599
-28.1726 1.37056
-28.1726 1.67513
-28.1726 1.9797
-28.1726 2.28426
-28.1726 2.58883
-28.1726 2.74112
-28.1726 3.04569
-28.1726 3.35025
-28.1726 3.65482
-28.1726 3.95939
-28.0203 4.26396
-28.0203 4.41624
-28.0203 4.72081
-27.868 5.02538
-27.868 5.32995
-27.7157 5.63452
-27.7157 5.7868
-27.5635 6.09137
-27.5635 6.39594
-27.4112 6.70051
-27.4112 6.85279
-27.2589 7.15736
-27.1066 7.46193
-27.1066 7.61421
-26.9543 7.91878
-26.802 8.22335
-26.6497 8.37563
-26.4975 8.6802
-26.4975 8.83249
-26.3452 9.13706
-26.1929 9.28934
-26.0406 9.59391
-25.8883 9.89848
-25.736 10.0508
-25.5838 10.3553
-25.4315 10.5076
-25.2792 10.6599
-25.1269 10.9645
-24.9746 11.1168
-24.8223 11.4213
-24.6701 11.5736
-24.5178 11.7259
-24.2132 12.0305
-24.0609 12.1827
-23.9086 12.335
-23.7563 12.6396
-23.6041 12.7919
-23.2995 12.9442
-23.1472 13.0964
-22.9949 13.401
-22.8426 13.5533
-22.5381 13.7056
-22.3858 13.8579
-22.0812 14.0102
-21.9289 14.1624
-21.7766 14.3147
-21.4721 14.467
-21.3198 14.6193
-21.0152 14.7716
-20.8629 14.7716
-20.5584 14.9239
-20.2538 15.0761
-20.1015 15.2284
-19.797 15.2284
-19.4924 15.3807
-19.3401 15.3807
-19.0355 15.3807
-18.731 15.533
-18.5787 15.533
-18.2741 15.533
-17.9695 15.533
-17.665 15.533
-17.5127 15.533
-17.2081 15.533
-16.9036 15.533
-16.599 15.533
-16.4467 15.533
-16.1421 15.533
-15.8376 15.533
-15.6853 15.533
-15.3807 15.3807
-15.0761 15.3807
-14.9239 15.3807
-14.6193 15.3807
-14.467 15.2284
-14.1624 15.2284
-14.0102 15.2284
-13.7056 15.0761
-13.5533 15.0761
-13.2487 15.0761
-13.0964 15.0761
-12.7919 14.9239
-12.6396 14.9239
-12.335 14.9239
-12.1827 14.9239
-11.8782 14.7716
-11.7259 14.7716
-11.5736 14.7716
-11.269 14.7716
-11.1168 14.7716
-10.9645 14.6193
-10.6599 14.6193
-10.5076 14.6193
-10.203 14.6193
-10.0508 14.6193
-9.89848 14.467
-9.59391 14.467
-9.44162 14.467
-9.13706 14.467
-8.98477 14.3147
-8.83249 14.3147
-8.52792 14.3147
-8.37563 14.1624
-8.22335 14.1624
-7.91878 14.1624
-7.7665 14.0102
-7.46193 14.0102
-7.30964 14.0102
-7.15736 13.8579
-6.85279 13.8579
-6.70051 13.7056
-6.54822 13.7056
-6.24365 13.7056
-6.09137 13.5533
-5.7868 13.5533
-5.63452 13.401
-5.48223 13.401
-5.17766 13.2487
-5.02538 13.0964
-4.72081 13.0964
-4.56853 12.9442
-4.41624 12.9442
-4.11168 12.7919
-3.95939 12.7919
-3.65482 12.6396
-3.50254 12.4873
-3.19797 12.4873
-3.04569 12.335
-2.8934 12.1827
-2.58883 12.0305
-2.43655 12.0305
-2.13198 11.8782
-1.9797 11.7259
-1.67513 11.5736
-1.52284 11.5736
-1.21827 11.4213
-1.06599 11.269
-0.761421 11.1168
-0.609137 10.9645
-0.304569 10.8122
-0.152284 10.6599
0.152284 10.5076
0.304569 10.3553
0.609137 10.203
0.761421 10.0508
1.06599 9.89848
1.21827 9.74619
1.52284 9.44162
1.67513 9.28934
1.9797 9.13706
2.13198 8.98477
2.43655 8.6802
2.58883 8.52792
2.8934 8.22335
3.04569 8.07107
3.19797 7.91878
3.50254 7.61421
3.65482 7.30964
3.95939 7.15736
4.11168 6.85279
4.26396 6.70051
4.41624 6.39594
4.72081 6.09137
4.8731 5.7868
5.02538 5.63452
5.17766 5.32995
5.32995 5.02538
5.48223 4.72081
5.63452 4.41624
5.7868 4.11168
5.93909 3.80711
6.09137 3.50254
6.09137 3.19797
6.24365 2.8934
