6.39594 2.43655
6.54822 2.13198
6.70051 1.82741
6.70051 1.52284
6.70051 1.06599
6.70051 0.761421
6.70051 0.456853
6.70051 0.152284
6.70051 -0.152284
6.70051 -0.456853
6.54822 -0.913706
6.54822 -1.21827
6.39594 -1.52284
6.24365 -1.82741
6.24365 -2.13198
6.09137 -2.43655
5.93909 -2.74112
5.63452 -3.04569
5.48223 -3.19797
5.32995 -3.50254
5.17766 -3.80711
4.8731 -4.11168
4.72081 -4.26396
4.41624 -4.56853
4.26396 -4.72081
3.95939 -5.02538
3.65482 -5.17766
3.50254 -5.48223
3.19797 -5.63452
2.8934 -5.7868
2.74112 -6.09137
2.43655 -6.24365
2.13198 -6.39594
1.82741 -6.54822
1.52284 -6.70051
1.21827 -6.85279
1.06599 -7.00508
0.761421 -7.15736
0.456853 -7.30964
0.152284 -7.46193
-0.152284 -7.61421
-0.304569 -7.61421
-0.609137 -7.7665
-0.913706 -7.91878
-1.21827 -8.07107
-1.37056 -8.07107
-1.67513 -8.22335
-1.9797 -8.37563
-2.13198 -8.37563
-2.43655 -8.52792
-2.74112 -8.6802
-2.8934 -8.83249
-3.19797 -8.83249
-3.35025 -8.98477
-3.65482 -9.13706
-3.80711 -9.13706
-4.11168 -9.28934
-4.26396 -9.44162
-4.56853 -9.59391
-4.72081 -9.59391
-5.02538 -9.74619
-5.17766 -9.89848
-5.48223 -9.89848
-5.63452 -10.0508
-5.7868 -10.0508
-6.09137 -10.203
-6.24365 -10.3553
-6.54822 -10.3553
-6.70051 -10.5076
-7.00508 -10.5076
-7.30964 -10.6599
-7.46193 -10.6599
-7.7665 -10.6599
-7.91878 -10.8122
-8.22335 -10.8122
-8.37563 -10.8122
-8.6802 -10.8122
-8.83249 -10.9645
-9.13706 -10.9645
-9.44162 -10.9645
-9.59391 -10.9645
-9.89848 -10.9645
-10.0508 -10.9645
-10.3553 -10.9645
-10.5076 -10.9645
-10.8122 -10.9645
-11.1168 -10.9645
-11.269 -10.8122
-11.5736 -10.8122
-11.7259 -10.8122
-12.0305 -10.8122
-12.1827 -10.8122
-12.4873 -10.8122
-12.6396 -10.6599
-12.9442 -10.6599
-13.0964 -10.6599
-13.401 -10.6599
-13.5533 -10.6599
-13.8579 -10.6599
-14.0102 -10.5076
-14.3147 -10.5076
-14.467 -10.5076
-14.7716 -10.5076
-14.9239 -10.5076
-15.2284 -10.3553
-15.3807 -10.3553
-15.6853 -10.3553
-15.8376 -10.3553
-16.1421 -10.203
-16.2944 -10.203
-16.599 -10.203
-16.7513 -10.203
-17.0558 -10.0508
-17.3604 -10.0508
-17.5127 -10.0508
-17.8173 -9.89848
-17.9695 -9.89848
-18.2741 -9.89848
-18.4264 -9.74619
-18.731 -9.74619
-19.0355 -9.74619
-19.1878 -9.59391
-19.4924 -9.59391
-19.797 -9.44162
-19.9492 -9.44162
-20.2538 -9.28934
-20.4061 -9.28934
-20.7107 -9.13706
-21.0152 -8.98477
-21.1675 -8.98477
-21.4721 -8.83249
-21.7766 -8.6802
-21.9289 -8.6802
-22.2335 -8.52792
-22.3858 -8.37563
-22.6904 -8.22335
-22.8426 -8.07107
-23.1472 -7.91878
-23.2995 -7.7665
-23.6041 -7.61421
-23.7563 -7.46193
-24.0609 -7.30964
-24.2132 -7.15736
-24.5178 -7.00508
-24.6701 -6.70051
-24.8223 -6.54822
-24.9746 -6.39594
-25.2792 -6.09137
-25.4315 -5.93909
-25.5838 -5.7868
-25.736 -5.48223
-25.8883 -5.32995
-26.0406 -5.02538
-26.1929 -4.8731
-26.3452 -4.56853
-26.4975 -4.26396
-26.6497 -4.11168
-26.802 -3.80711
-26.9543 -3.65482
-26.9543 -3.35025
-27.1066 -3.04569
-27.2589 -2.74112
-27.2589 -2.58883
-27.4112 -2.28426
-27.5635 -1.9797
-27.5635 -1.67513
-27.7157 -1.52284
-27.7157 -1.21827
-27.7157 -0.913706
-27.868 -0.609137
-27.868 -0.304569
-27.868 -0.152284
-28.0203 0.152284
-28.0203 0.456853
-28.0203 0.761421
-28.0203 1.06599
-28.1726 1.37056
-28.1726 1.52284
-28.1726 1.82741
-28.1726 2.13198
-28.1726 2.43655
-28.1726 2.74112
-28.1726 3.04569
-28.1726 3.35025
-28.0203 3.50254
-28.0203 3.80711
-28.0203 4.11168
-28.0203 4.41624
-27.868 4.72081
-27.868 5.02538
-27.868 5.17766
-27.7157 5.48223
-27.7157 5.7868
-27.5635 6.09137
-27.5635 6.24365
-27.4112 6.54822
-27.4112 6.85279
-27.2589 7.15736
-27.1066 7.30964
-27.1066 7.61421
-26.9543 7.91878
-26.802 8.07107
-26.6497 8.37563
-26.6497 8.6802
-26.4975 8.83249
-26.3452 9.13706
-26.1929 9.28934
-26.0406 9.59391
-25.8883 9.89848
-25.736 10.0508
-25.5838 10.3553
-25.4315 10.5076
-25.2792 10.8122
-25.1269 10.9645
-24.9746 11.1168
-24.8223 11.4213
-24.6701 11.5736
-24.5178 11.8782
-24.2132 12.0305
-24.0609 12.1827
-23.9086 12.4873
-23.7563 12.6396
-23.6041 12.7919
-23.2995 13.0964
-23.1472 13.2487
-22.9949 13.401
-22.6904 13.5533
-22.5381 13.7056
-22.3858 13.8579
-22.0812 14.1624
-21.9289 14.3147
-21.6244 14.467
-21.4721 14.467
-21.1675 14.6193
-21.0152 14.7716
-20.7107 14.9239
-20.4061 15.0761
-20.2538 15.0761
-19.9492 15.2284
-19.797 15.3807
-19.4924 15.3807
-19.1878 15.3807
-18.8832 15.533
-18.731 15.533
-18.4264 15.533
-18.1218 15.6853
-17.8173 15.6853
-17.665 15.6853
-17.3604 15.6853
-17.0558 15.6853
-16.7513 15.6853
-16.599 15.6853
-16.2944 15.533
-15.9898 15.533
-15.6853 15.533
-15.533 15.533
-15.2284 15.533
-14.9239 15.3807
-14.7716 15.3807
-14.467 15.3807
-14.3147 15.2284
-14.0102 15.2284
-13.7056 15.2284
-13.5533 15.2284
-13.2487 15.0761
-13.0964 15.0761
-12.7919 15.0761
-12.6396 14.9239
-12.4873 14.9239
-12.1827 14.9239
-12.0305 14.9239
-11.7259 14.7716
-11.5736 14.7716
-11.269 14.7716
-11.1168 14.7716
-10.9645 14.6193
-10.6599 14.6193
-10.5076 14.6193
-10.203 14.6193
-10.0508 14.6193
-9.89848 14.467
-9.59391 14.467
-9.44162 14.467
-9.28934 14.467
-8.98477 14.3147
-8.83249 14.3147
-8.52792 14.3147
-8.37563 14.3147
-8.22335 14.1624
-7.91878 14.1624
-7.7665 14.1624
-7.46193 14.0102
-7.30964 14.0102
-7.15736 14.0102
-6.85279 13.8579
-6.70051 13.8579
-6.39594 13.7056
-6.24365 13.7056
-6.09137 13.5533
-5.7868 13.5533
-5.63452 13.401
-5.32995 13.401
-5.17766 13.2487
-5.02538 13.2487
-4.72081 13.0964
-4.56853 13.0964
-4.26396 12.9442
-4.11168 12.9442
-3.95939 12.7919
-3.65482 12.6396
-3.50254 12.6396
-3.19797 12.4873
-3.04569 12.335
-2.74112 12.335
-2.58883 12.1827
-2.28426 12.0305
-2.13198 11.8782
-1.9797 11.8782
-1.67513 11.7259
-1.52284 11.5736
-1.21827 11.4213
-1.06599 11.269
-0.761421 11.1168
-0.609137 10.9645
-0.304569 10.8122
-0.152284 10.6599
0.152284 10.5076
0.304569 10.3553
0.609137 10.203
0.761421 10.0508
1.06599 9.89848
1.21827 9.74619
1.37056 9.59391
1.67513 9.44162
1.82741 9.13706
2.13198 8.98477
2.28426 8.83249
2.58883 8.6802
2.74112 8.37563
3.04569 8.22335
3.19797 7.91878
3.50254 7.7665
3.65482 7.46193
3.80711 7.30964
4.11168 7.00508
4.26396 6.85279
4.41624 6.54822
4.56853 6.24365
4.8731 5.93909
5.02538 5.7868
5.17766 5.48223
5.32995 5.17766
5.48223 4.8731
5.63452 4.56853
5.7868 4.26396
5.93909 3.95939
5.93909 3.65482
6.09137 3.35025
6.24365 3.04569
6.24365 2.74112
