6.54822 2.28426
6.70051 1.9797
6.70051 1.67513
6.85279 1.37056
6.85279 1.06599
6.85279 0.609137
6.85279 0.304569
6.85279 0
6.85279 -0.304569
6.70051 -0.609137
6.70051 -0.913706
6.54822 -1.37056
6.39594 -1.67513
6.24365 -1.9797
6.09137 -2.28426
5.93909 -2.58883
5.7868 -2.8934
5.63452 -3.04569
5.48223 -3.35025
5.17766 -3.65482
5.02538 -3.95939
4.72081 -4.11168
4.56853 -4.41624
4.26396 -4.72081
4.11168 -4.8731
3.80711 -5.17766
3.50254 -5.32995
3.35025 -5.48223
3.04569 -5.7868
2.74112 -5.93909
2.43655 -6.09137
2.28426 -6.24365
1.9797 -6.54822
1.67513 -6.70051
1.37056 -6.85279
1.06599 -7.00508
0.913706 -7.15736
0.609137 -7.30964
0.304569 -7.46193
0 -7.61421
-0.152284 -7.61421
-0.456853 -7.7665
-0.761421 -7.91878
-1.06599 -8.07107
-1.21827 -8.22335
-1.52284 -8.22335
-1.82741 -8.37563
-1.9797 -8.52792
-2.28426 -8.6802
-2.58883 -8.6802
-2.74112 -8.83249
-3.04569 -8.98477
-3.19797 -8.98477
-3.50254 -9.13706
-3.65482 -9.28934
-3.95939 -9.44162
-4.11168 -9.44162
-4.41624 -9.59391
-4.56853 -9.74619
-4.8731 -9.74619
-5.02538 -9.89848
-5.32995 -10.0508
-5.48223 -10.0508
-5.7868 -10.203
-5.93909 -10.203
-6.24365 -10.3553
-6.39594 -10.3553
-6.70051 -10.5076
-6.85279 -10.5076
-7.15736 -10.6599
-7.46193 -10.6599
-7.61421 -10.8122
-7.91878 -10.8122
-8.07107 -10.8122
-8.37563 -10.8122
-8.52792 -10.9645
-8.83249 -10.9645
-9.13706 -10.9645
-9.28934 -10.9645
-9.59391 -10.9645
-9.74619 -10.9645
-10.0508 -10.9645
-10.203 -10.9645
-10.5076 -10.9645
-10.8122 -10.9645
-10.9645 -10.8122
-11.269 -10.8122
-11.4213 -10.8122
-11.7259 -10.8122
-11.8782 -10.8122
-12.1827 -10.8122
-12.335 -10.6599
-12.6396 -10.6599
-12.7919 -10.6599
-13.0964 -10.6599
-13.2487 -10.6599
-13.5533 -10.5076
-13.7056 -10.5076
-14.0102 -10.5076
-14.1624 -10.5076
-14.3147 -10.5076
-14.6193 -10.3553
-14.7716 -10.3553
-15.0761 -10.3553
-15.2284 -10.3553
-15.533 -10.3553
-15.6853 -10.3553
-15.9898 -10.203
-16.1421 -10.203
-16.4467 -10.203
-16.7513 -10.203
-16.9036 -10.0508
-17.2081 -10.0508
-17.3604 -10.0508
-17.665 -10.0508
-17.8173 -9.89848
-18.1218 -9.89848
-18.2741 -9.89848
-18.5787 -9.74619
-18.8832 -9.74619
-19.0355 -9.74619
-19.3401 -9.59391
-19.4924 -9.59391
-19.797 -9.44162
-20.1015 -9.44162
-20.2538 -9.28934
-20.5584 -9.28934
-20.8629 -9.13706
-21.0152 -9.13706
-21.3198 -8.98477
-21.4721 -8.83249
-21.7766 -8.6802
-21.9289 -8.6802
-22.2335 -8.52792
-22.5381 -8.37563
-22.6904 -8.22335
-22.9949 -8.07107
-23.1472 -7.91878
-23.4518 -7.7665
-23.6041 -7.61421
-23.7563 -7.46193
-24.0609 -7.30964
-24.2132 -7.15736
-24.5178 -7.00508
-24.6701 -6.70051
-24.8223 -6.54822
-24.9746 -6.39594
-25.2792 -6.24365
-25.4315 -5.93909
-25.5838 -5.7868
-25.736 -5.48223
-25.8883 -5.32995
-26.0406 -5.02538
-26.1929 -4.8731
-26.3452 -4.56853
-26.4975 -4.41624
-26.6497 -4.11168
-26.802 -3.80711
-26.802 -3.65482
-26.9543 -3.35025
-27.1066 -3.04569
-27.2589 -2.8934
-27.2589 -2.58883
-27.4112 -2.28426
-27.4112 -2.13198
-27.5635 -1.82741
-27.5635 -1.52284
-27.7157 -1.21827
-27.7157 -1.06599
-27.868 -0.761421
-27.868 -0.456853
-28.0203 -0.152284
-28.0203 0.152284
-28.0203 0.304569
-28.0203 0.609137
-28.1726 0.913706
-28.1726 1.21827
-28.1726 1.52284
-28.1726 1.82741
-28.1726 1.9797
-28.1726 2.28426
-28.1726 2.58883
-28.1726 2.8934
-28.1726 3.19797
-28.1726 3.50254
-28.1726 3.65482
-28.1726 3.95939
-28.1726 4.26396
-28.0203 4.56853
-28.0203 4.8731
-28.0203 5.17766
-27.868 5.32995
-27.868 5.63452
-27.7157 5.93909
-27.7157 6.24365
-27.5635 6.54822
-27.5635 6.70051
-27.4112 7.00508
-27.4112 7.30964
-27.2589 7.46193
-27.1066 7.7665
-26.9543 8.07107
-26.9543 8.22335
-26.802 8.52792
-26.6497 8.83249
-26.4975 8.98477
-26.3452 9.28934
-26.1929 9.44162
-26.0406 9.74619
-25.8883 9.89848
-25.736 10.203
-25.5838 10.3553
-25.4315 10.6599
-25.2792 10.8122
-25.1269 11.1168
-24.9746 11.269
-24.8223 11.5736
-24.6701 11.7259
-24.3655 11.8782
-24.2132 12.1827
-24.0609 12.335
-23.9086 12.4873
-23.6041 12.7919
-23.4518 12.9442
-23.2995 13.0964
-23.1472 13.2487
-22.8426 13.401
-22.6904 13.5533
-22.3858 13.7056
-22.2335 14.0102
-22.0812 14.1624
-21.7766 14.3147
-21.6244 14.3147
-21.3198 14.467
-21.0152 14.6193
-20.8629 14.7716
-20.5584 14.9239
-20.4061 14.9239
-20.1015 15.0761
-19.797 15.2284
-19.6447 15.2284
-19.3401 15.3807
-19.0355 15.3807
-18.8832 15.3807
-18.5787 15.533
-18.2741 15.533
-17.9695 15.533
-17.8173 15.533
-17.5127 15.6853
-17.2081 15.6853
-16.9036 15.6853
-16.7513 15.6853
-16.4467 15.6853
-16.1421 15.6853
-15.9898 15.533
-15.6853 15.533
-15.3807 15.533
-15.2284 15.533
-14.9239 15.533
-14.6193 15.533
-14.467 15.3807
-14.1624 15.3807
-14.0102 15.3807
-13.7056 15.3807
-13.5533 15.2284
-13.2487 15.2284
-13.0964 15.2284
-12.7919 15.2284
-12.6396 15.0761
-12.335 15.0761
-12.1827 15.0761
-11.8782 15.0761
-11.7259 14.9239
-11.4213 14.9239
-11.269 14.9239
-11.1168 14.7716
-10.8122 14.7716
-10.6599 14.7716
-10.3553 14.7716
-10.203 14.6193
-9.89848 14.6193
-9.74619 14.6193
-9.59391 14.6193
-9.28934 14.467
-9.13706 14.467
-8.83249 14.467
-8.6802 14.3147
-8.52792 14.3147
-8.22335 14.3147
-8.07107 14.1624
-7.7665 14.1624
-7.61421 14.1624
-7.46193 14.0102
-7.15736 14.0102
-7.00508 13.8579
-6.70051 13.8579
-6.54822 13.7056
-6.39594 13.7056
-6.09137 13.7056
-5.93909 13.5533
-5.63452 13.5533
-5.48223 13.401
-5.32995 13.401
-5.02538 13.2487
-4.8731 13.0964
-4.56853 13.0964
-4.41624 12.9442
-4.11168 12.9442
-3.95939 12.7919
-3.65482 12.7919
-3.50254 12.6396
-3.35025 12.4873
-3.04569 12.4873
-2.8934 12.335
-2.58883 12.1827
-2.43655 12.0305
-2.13198 12.0305
-1.9797 11.8782
-1.67513 11.7259
-1.52284 11.5736
-1.21827 11.4213
-1.06599 11.269
-0.761421 11.1168
-0.609137 11.1168
-0.304569 10.9645
-0.152284 10.8122
0.152284 10.6599
0.304569 10.5076
0.609137 10.203
0.761421 10.0508
1.06599 9.89848
1.21827 9.74619
1.52284 9.59391
1.67513 9.44162
1.9797 9.13706
2.13198 8.98477
2.43655 8.83249
2.58883 8.52792
2.8934 8.37563
3.04569 8.22335
3.19797 7.91878
3.50254 7.7665
3.65482 7.46193
3.80711 7.15736
4.11168 7.00508
4.26396 6.70051
4.41624 6.39594
4.72081 6.24365
4.8731 5.93909
5.02538 5.63452
5.17766 5.32995
5.32995 5.02538
5.48223 4.8731
5.63452 4.56853
5.7868 4.26396
5.93909 3.95939
6.09137 3.65482
6.24365 3.35025
6.39594 3.04569
6.39594 2.58883
