5.63452 4.41624
5.7868 4.11168
5.93909 3.80711
6.09137 3.50254
6.24365 3.19797
6.39594 2.8934
6.39594 2.58883
6.54822 2.28426
6.70051 1.9797
6.70051 1.67513
6.70051 1.37056
6.70051 1.06599
6.85279 0.761421
6.85279 0.456853
6.70051 0.152284
6.70051 -0.152284
6.70051 -0.456853
6.70051 -0.761421
6.54822 -1.06599
6.54822 -1.37056
6.39594 -1.67513
6.24365 -1.9797
6.24365 -2.28426
6.09137 -2.43655
5.93909 -2.74112
5.7868 -3.04569
5.48223 -3.35025
5.32995 -3.50254
5.17766 -3.80711
5.02538 -3.95939
4.72081 -4.26396
4.56853 -4.41624
4.26396 -4.72081
4.11168 -4.8731
3.80711 -5.02538
3.50254 -5.17766
3.35025 -5.32995
3.04569 -5.48223
2.74112 -5.7868
2.43655 -5.7868
2.28426 -5.93909
1.9797 -6.09137
1.67513 -6.24365
1.37056 -6.39594
1.06599 -6.54822
0.761421 -6.54822
0.609137 -6.70051
0.304569 -6.70051
0 -6.85279
-0.304569 -6.85279
-0.609137 -7.00508
-0.913706 -7.00508
-1.21827 -7.00508
-1.52284 -7.15736
-1.67513 -7.15736
-1.9797 -7.15736
-2.28426 -7.30964
-2.58883 -7.30964
-2.74112 -7.30964
-3.04569 -7.30964
-3.35025 -7.30964
-3.65482 -7.46193
-3.80711 -7.46193
-4.11168 -7.46193
-4.26396 -7.46193
-4.56853 -7.46193
-4.8731 -7.61421
-5.02538 -7.61421
-5.32995 -7.61421
-5.48223 -7.61421
-5.7868 -7.7665
-5.93909 -7.7665
-6.09137 -7.7665
-6.39594 -7.91878
-6.54822 -7.91878
-6.85279 -7.91878
-7.00508 -8.07107
-7.15736 -8.07107
-7.46193 -8.22335
-7.61421 -8.22335
-7.91878 -8.37563
-8.07107 -8.52792
-8.22335 -8.52792
-8.52792 -8.6802
-8.6802 -8.6802
-8.98477 -8.83249
-9.13706 -8.83249
-9.44162 -8.98477
-9.59391 -8.98477
-9.89848 -9.13706
-10.0508 -9.13706
-10.3553 -9.28934
-10.6599 -9.28934
-10.8122 -9.28934
-11.1168 -9.44162
-11.269 -9.44162
-11.5736 -9.44162
-11.8782 -9.44162
-12.0305 -9.44162
-12.335 -9.44162
-12.4873 -9.44162
-12.7919 -9.44162
-13.0964 -9.44162
-13.2487 -9.44162
-13.5533 -9.44162
-13.7056 -9.28934
-14.0102 -9.28934
-14.3147 -9.28934
-14.467 -9.13706
-14.7716 -9.13706
-14.9239 -8.98477
-15.2284 -8.98477
-15.3807 -8.83249
-15.6853 -8.83249
-15.9898 -8.6802
-16.1421 -8.52792
-16.4467 -8.52792
-16.599 -8.37563
-16.9036 -8.22335
-17.0558 -8.22335
-17.3604 -8.07107
-17.5127 -7.91878
-17.8173 -7.91878
-17.9695 -7.7665
-18.2741 -7.61421
-18.4264 -7.46193
-18.5787 -7.46193
-18.8832 -7.30964
-19.0355 -7.15736
-19.3401 -7.00508
-19.4924 -6.85279
-19.797 -6.70051
-19.9492 -6.54822
-20.2538 -6.39594
-20.4061 -6.24365
-20.5584 -6.09137
-20.8629 -5.93909
-21.0152 -5.7868
-21.1675 -5.63452
-21.4721 -5.48223
-21.6244 -5.32995
-21.7766 -5.17766
-22.0812 -4.8731
-22.2335 -4.72081
-22.3858 -4.56853
-22.5381 -4.41624
-22.6904 -4.11168
-22.8426 -3.95939
-22.9949 -3.65482
-23.1472 -3.50254
-23.2995 -3.35025
-23.4518 -3.04569
-23.6041 -2.8934
-23.7563 -2.58883
-23.9086 -2.43655
-24.0609 -2.13198
-24.2132 -1.9797
-24.3655 -1.67513
-24.5178 -1.37056
-24.5178 -1.21827
-24.6701 -0.913706
-24.8223 -0.761421
-24.9746 -0.456853
-24.9746 -0.152284
-25.1269 0
-25.2792 0.304569
-25.2792 0.609137
-25.4315 0.761421
-25.4315 1.06599
-25.5838 1.37056
-25.5838 1.67513
-25.736 1.82741
-25.8883 2.13198
-25.8883 2.43655
-25.8883 2.74112
-26.0406 2.8934
-26.0406 3.19797
-26.1929 3.50254
-26.1929 3.80711
-26.1929 4.11168
-26.3452 4.41624
-26.3452 4.56853
-26.3452 4.8731
-26.3452 5.17766
-26.3452 5.48223
-26.3452 5.7868
-26.3452 6.09137
-26.3452 6.39594
-26.3452 6.70051
-26.3452 7.00508
-26.3452 7.15736
-26.3452 7.46193
-26.3452 7.7665
-26.1929 8.07107
-26.1929 8.37563
-26.0406 8.6802
-26.0406 8.98477
-25.8883 9.13706
-25.8883 9.44162
-25.736 9.74619
-25.5838 10.0508
-25.5838 10.3553
-25.4315 10.5076
-25.2792 10.8122
-25.1269 11.1168
-24.9746 11.269
-24.8223 11.5736
-24.6701 11.7259
-24.5178 12.0305
-24.3655 12.1827
-24.2132 12.4873
-23.9086 12.6396
-23.7563 12.9442
-23.6041 13.0964
-23.2995 13.2487
-23.1472 13.5533
-22.8426 13.7056
-22.6904 13.8579
-22.3858 14.0102
-22.2335 14.1624
-21.9289 14.3147
-21.7766 14.467
-21.4721 14.6193
-21.1675 14.7716
-21.0152 14.7716
-20.7107 14.9239
-20.4061 15.0761
-20.1015 15.0761
-19.9492 15.2284
-19.6447 15.3807
-19.3401 15.3807
-19.0355 15.3807
-18.8832 15.533
-18.5787 15.533
-18.2741 15.533
-17.9695 15.6853
-17.665 15.6853
-17.5127 15.6853
-17.2081 15.6853
-16.9036 15.6853
-16.599 15.6853
-16.4467 15.6853
-16.1421 15.6853
-15.8376 15.6853
-15.6853 15.6853
-15.3807 15.6853
-15.0761 15.6853
-14.9239 15.533
-14.6193 15.533
-14.467 15.533
-14.1624 15.533
-13.8579 15.3807
-13.7056 15.3807
-13.401 15.3807
-13.2487 15.3807
-13.0964 15.2284
-12.7919 15.2284
-12.6396 15.2284
-12.335 15.0761
-12.1827 15.0761
-12.0305 15.0761
-11.7259 14.9239
-11.5736 14.9239
-11.4213 14.9239
-11.269 14.9239
-10.9645 14.7716
-10.8122 14.7716
-10.6599 14.7716
-10.5076 14.7716
-10.3553 14.6193
-10.0508 14.6193
-9.89848 14.6193
-9.74619 14.6193
-9.59391 14.6193
-9.44162 14.6193
-9.28934 14.467
-8.98477 14.467
-8.83249 14.467
-8.6802 14.467
-8.52792 14.467
-8.37563 14.3147
-8.22335 14.3147
-7.91878 14.3147
-7.7665 14.3147
-7.61421 14.3147
-7.46193 14.1624
-7.30964 14.1624
-7.15736 14.1624
-7.00508 14.0102
-6.85279 14.0102
-6.54822 14.0102
-6.39594 13.8579
-6.24365 13.8579
-6.09137 13.8579
-5.93909 13.7056
-5.7868 13.7056
-5.63452 13.5533
-5.48223 13.5533
-5.32995 13.401
-5.17766 13.401
-4.8731 13.2487
-4.72081 13.2487
-4.56853 13.0964
-4.41624 13.0964
-4.26396 12.9442
-4.11168 12.9442
-3.95939 12.7919
-3.80711 12.7919
-3.65482 12.6396
-3.50254 12.6396
-3.35025 12.4873
-3.04569 12.335
-2.8934 12.335
-2.74112 12.1827
-2.58883 12.1827
-2.43655 12.0305
-2.28426 12.0305
-2.13198 11.8782
-1.82741 11.7259
-1.67513 11.7259
-1.52284 11.5736
-1.37056 11.4213
-1.21827 11.4213
-0.913706 11.269
-0.761421 11.1168
-0.609137 10.9645
-0.456853 10.9645
-0.152284 10.8122
0 10.6599
0.152284 10.5076
0.304569 10.3553
0.609137 10.3553
0.761421 10.203
0.913706 10.0508
1.21827 9.89848
1.37056 9.74619
1.52284 9.59391
1.67513 9.44162
1.9797 9.28934
2.13198 8.98477
2.28426 8.83249
2.43655 8.6802
2.58883 8.52792
2.8934 8.37563
3.04569 8.07107
3.19797 7.91878
3.35025 7.7665
3.50254 7.46193
3.65482 7.30964
3.95939 7.15736
4.11168 6.85279
4.26396 6.70051
4.41624 6.39594
4.56853 6.09137
4.72081 5.93909
4.8731 5.63452
5.02538 5.48223
5.17766 5.17766
5.32995 4.8731
5.48223 4.56853
