6.39594 2.43655
6.54822 2.13198
6.70051 1.82741
6.70051 1.52284
6.85279 1.21827
6.85279 0.761421
6.85279 0.456853
6.85279 0.152284
6.85279 -0.152284
6.85279 -0.456853
6.70051 -0.761421
6.70051 -1.21827
6.54822 -1.52284
6.39594 -1.82741
6.39594 -2.13198
6.24365 -2.43655
6.09137 -2.74112
5.93909 -3.04569
5.63452 -3.19797
5.48223 -3.50254
5.32995 -3.80711
5.02538 -4.11168
4.8731 -4.26396
4.56853 -4.56853
4.41624 -4.8731
4.11168 -5.02538
3.80711 -5.17766
3.65482 -5.48223
3.35025 -5.63452
3.04569 -5.7868
2.74112 -6.09137
2.43655 -6.24365
2.13198 -6.39594
1.82741 -6.54822
1.67513 -6.70051
1.37056 -6.85279
1.06599 -7.00508
0.761421 -7.15736
0.456853 -7.15736
0.152284 -7.30964
-0.152284 -7.46193
-0.456853 -7.61421
-0.761421 -7.61421
-0.913706 -7.7665
-1.21827 -7.91878
-1.52284 -7.91878
-1.82741 -8.07107
-1.9797 -8.22335
-2.28426 -8.22335
-2.58883 -8.37563
-2.74112 -8.52792
-3.04569 -8.52792
-3.19797 -8.6802
-3.50254 -8.83249
-3.65482 -8.83249
-3.95939 -8.98477
-4.11168 -9.13706
-4.41624 -9.28934
-4.56853 -9.28934
-4.72081 -9.44162
-5.02538 -9.59391
-5.17766 -9.59391
-5.48223 -9.74619
-5.63452 -9.89848
-5.93909 -10.0508
-6.09137 -10.0508
-6.39594 -10.203
-6.54822 -10.203
-6.70051 -10.3553
-7.00508 -10.3553
-7.15736 -10.5076
-7.46193 -10.5076
-7.7665 -10.6599
-7.91878 -10.6599
-8.22335 -10.6599
-8.37563 -10.8122
-8.6802 -10.8122
-8.83249 -10.8122
-9.13706 -10.8122
-9.28934 -10.8122
-9.59391 -10.8122
-9.89848 -10.8122
-10.0508 -10.8122
-10.3553 -10.8122
-10.5076 -10.8122
-10.8122 -10.8122
-10.9645 -10.8122
-11.269 -10.8122
-11.4213 -10.8122
-11.7259 -10.8122
-11.8782 -10.8122
-12.1827 -10.6599
-12.335 -10.6599
-12.6396 -10.6599
-12.7919 -10.6599
-13.0964 -10.6599
-13.2487 -10.5076
-13.5533 -10.5076
-13.7056 -10.5076
-14.0102 -10.5076
-14.1624 -10.5076
-14.467 -10.3553
-14.6193 -10.3553
-14.9239 -10.3553
-15.0761 -10.3553
-15.3807 -10.3553
-15.533 -10.203
-15.8376 -10.203
-15.9898 -10.203
-16.2944 -10.203
-16.599 -10.203
-16.7513 -10.0508
-17.0558 -10.0508
-17.2081 -10.0508
-17.5127 -9.89848
-17.665 -9.89848
-17.9695 -9.89848
-18.1218 -9.74619
-18.4264 -9.74619
-18.731 -9.59391
-18.8832 -9.59391
-19.1878 -9.59391
-19.3401 -9.44162
-19.6447 -9.44162
-19.9492 -9.28934
-20.1015 -9.13706
-20.4061 -9.13706
-20.5584 -8.98477
-20.8629 -8.83249
-21.0152 -8.83249
-21.3198 -8.6802
-21.4721 -8.52792
-21.7766 -8.37563
-21.9289 -8.37563
-22.2335 -8.22335
-22.3858 -8.07107
-22.6904 -7.91878
-22.8426 -7.7665
-23.1472 -7.61421
-23.2995 -7.46193
-23.6041 -7.30964
-23.7563 -7.15736
-23.9086 -6.85279
-24.2132 -6.70051
-24.3655 -6.54822
-24.5178 -6.39594
-24.8223 -6.24365
-24.9746 -5.93909
-25.1269 -5.7868
-25.2792 -5.63452
-25.4315 -5.32995
-25.736 -5.17766
-25.8883 -4.8731
-26.0406 -4.72081
-26.1929 -4.41624
-26.3452 -4.26396
-26.4975 -3.95939
-26.6497 -3.80711
-26.6497 -3.50254
-26.802 -3.19797
-26.9543 -3.04569
-27.1066 -2.74112
-27.2589 -2.43655
-27.2589 -2.28426
-27.4112 -1.9797
-27.5635 -1.67513
-27.5635 -1.37056
-27.7157 -1.21827
-27.7157 -0.913706
-27.868 -0.609137
-27.868 -0.304569
-28.0203 0
-28.0203 0.152284
-28.0203 0.456853
-28.1726 0.761421
-28.1726 1.06599
-28.1726 1.37056
-28.1726 1.67513
-28.1726 1.82741
-28.1726 2.13198
-28.1726 2.43655
-28.1726 2.74112
-28.1726 3.04569
-28.1726 3.35025
-28.1726 3.65482
-28.1726 3.80711
-28.1726 4.11168
-28.0203 4.41624
-28.0203 4.72081
-28.0203 5.02538
-27.868 5.32995
-27.868 5.48223
-27.7157 5.7868
-27.7157 6.09137
-27.5635 6.39594
-27.5635 6.70051
-27.4112 6.85279
-27.4112 7.15736
-27.2589 7.46193
-27.1066 7.7665
-26.9543 7.91878
-26.9543 8.22335
-26.802 8.52792
-26.6497 8.6802
-26.4975 8.98477
-26.3452 9.13706
-26.1929 9.44162
-26.0406 9.74619
-25.8883 9.89848
-25.736 10.203
-25.5838 10.3553
-25.4315 10.6599
-25.2792 10.8122
-25.1269 11.1168
-24.9746 11.269
-24.8223 11.4213
-24.6701 11.7259
-24.5178 11.8782
-24.3655 12.1827
-24.2132 12.335
-23.9086 12.4873
-23.7563 12.7919
-23.6041 12.9442
-23.4518 13.0964
-23.1472 13.2487
-22.9949 13.5533
-22.8426 13.7056
-22.5381 13.8579
-22.3858 14.0102
-22.0812 14.1624
-21.9289 14.3147
-21.7766 14.467
-21.4721 14.6193
-21.1675 14.7716
-21.0152 14.9239
-20.7107 15.0761
-20.5584 15.2284
-20.2538 15.2284
-19.9492 15.3807
-19.797 15.533
-19.4924 15.533
-19.1878 15.6853
-19.0355 15.6853
-18.731 15.6853
-18.4264 15.8376
-18.1218 15.8376
-17.9695 15.8376
-17.665 15.8376
-17.3604 15.8376
-17.0558 15.8376
-16.7513 15.8376
-16.599 15.8376
-16.2944 15.8376
-15.9898 15.8376
-15.8376 15.8376
-15.533 15.6853
-15.2284 15.6853
-15.0761 15.6853
-14.7716 15.6853
-14.467 15.533
-14.3147 15.533
-14.0102 15.533
-13.7056 15.533
-13.5533 15.3807
-13.2487 15.3807
-13.0964 15.3807
-12.7919 15.2284
-12.6396 15.2284
-12.335 15.2284
-12.1827 15.2284
-11.8782 15.0761
-11.7259 15.0761
-11.5736 15.0761
-11.269 15.0761
-11.1168 14.9239
-10.8122 14.9239
-10.6599 14.9239
-10.3553 14.9239
-10.203 14.7716
-10.0508 14.7716
-9.74619 14.7716
-9.59391 14.7716
-9.28934 14.6193
-9.13706 14.6193
-8.98477 14.6193
-8.6802 14.467
-8.52792 14.467
-8.22335 14.467
-8.07107 14.3147
-7.91878 14.3147
-7.61421 14.3147
-7.46193 14.1624
-7.15736 14.1624
-7.00508 14.0102
-6.85279 14.0102
-6.54822 14.0102
-6.39594 13.8579
-6.24365 13.8579
-5.93909 13.7056
-5.7868 13.7056
-5.48223 13.5533
-5.32995 13.401
-5.17766 13.401
-4.8731 13.2487
-4.72081 13.2487
-4.41624 13.0964
-4.26396 13.0964
-4.11168 12.9442
-3.80711 12.7919
-3.65482 12.7919
-3.35025 12.6396
-3.19797 12.4873
-3.04569 12.4873
-2.74112 12.335
-2.58883 12.1827
-2.28426 12.0305
-2.13198 12.0305
-1.82741 11.8782
-1.67513 11.7259
-1.37056 11.5736
-1.21827 11.4213
-1.06599 11.269
-0.761421 11.269
-0.609137 11.1168
-0.304569 10.9645
-0.152284 10.8122
0.152284 10.6599
0.304569 10.5076
0.609137 10.3553
0.761421 10.203
1.06599 9.89848
1.21827 9.74619
1.52284 9.59391
1.67513 9.44162
1.9797 9.28934
2.13198 8.98477
2.28426 8.83249
2.58883 8.6802
2.74112 8.37563
3.04569 8.22335
3.19797 7.91878
3.35025 7.7665
3.65482 7.46193
3.80711 7.30964
3.95939 7.00508
4.26396 6.85279
4.41624 6.54822
4.56853 6.24365
4.72081 5.93909
4.8731 5.7868
5.02538 5.48223
5.17766 5.17766
5.32995 4.8731
5.48223 4.56853
5.63452 4.26396
5.7868 3.95939
5.93909 3.65482
6.09137 3.35025
6.24365 3.04569
6.24365 2.74112
