6.39594 2.58883
6.54822 2.28426
6.70051 1.9797
6.70051 1.52284
6.85279 1.21827
6.85279 0.913706
6.85279 0.609137
6.85279 0.304569
6.85279 -0.152284
6.85279 -0.456853
6.70051 -0.761421
6.70051 -1.06599
6.54822 -1.37056
6.39594 -1.67513
6.39594 -1.9797
6.24365 -2.28426
6.09137 -2.58883
5.7868 -2.8934
5.63452 -3.19797
5.48223 -3.50254
5.32995 -3.80711
5.02538 -3.95939
4.8731 -4.26396
4.56853 -4.56853
4.41624 -4.72081
4.11168 -5.02538
3.80711 -5.17766
3.50254 -5.32995
3.35025 -5.63452
3.04569 -5.7868
2.74112 -5.93909
2.43655 -6.24365
2.13198 -6.39594
1.9797 -6.54822
1.67513 -6.70051
1.37056 -6.85279
1.06599 -7.00508
0.761421 -7.15736
0.456853 -7.15736
0.152284 -7.30964
-0.152284 -7.46193
-0.304569 -7.61421
-0.609137 -7.7665
-0.913706 -7.7665
-1.21827 -7.91878
-1.52284 -8.07107
-1.67513 -8.22335
-1.9797 -8.22335
-2.28426 -8.37563
-2.43655 -8.52792
-2.74112 -8.52792
-2.8934 -8.6802
-3.19797 -8.83249
-3.50254 -8.83249
-3.65482 -8.98477
-3.95939 -9.13706
-4.11168 -9.28934
-4.41624 -9.28934
-4.56853 -9.44162
-4.8731 -9.59391
-5.02538 -9.59391
-5.17766 -9.74619
-5.48223 -9.89848
-5.63452 -9.89848
-5.93909 -10.0508
-6.09137 -10.0508
-6.39594 -10.203
-6.54822 -10.203
-6.85279 -10.3553
-7.00508 -10.3553
-7.30964 -10.5076
-7.61421 -10.5076
-7.7665 -10.6599
-8.07107 -10.6599
-8.22335 -10.6599
-8.52792 -10.6599
-8.6802 -10.8122
-8.98477 -10.8122
-9.28934 -10.8122
-9.44162 -10.8122
-9.74619 -10.8122
-9.89848 -10.8122
-10.203 -10.8122
-10.3553 -10.8122
-10.6599 -10.8122
-10.9645 -10.8122
-11.1168 -10.8122
-11.4213 -10.8122
-11.5736 -10.8122
-11.8782 -10.6599
-12.0305 -10.6599
-12.335 -10.6599
-12.4873 -10.6599
-12.7919 -10.6599
-12.9442 -10.5076
-13.2487 -10.5076
-13.401 -10.5076
-13.7056 -10.5076
-13.8579 -10.5076
-14.1624 -10.3553
-14.3147 -10.3553
-14.6193 -10.3553
-14.7716 -10.3553
-15.0761 -10.3553
-15.2284 -10.203
-15.533 -10.203
-15.6853 -10.203
-15.9898 -10.203
-16.1421 -10.203
-16.4467 -10.0508
-16.599 -10.0508
-16.9036 -10.0508
-17.2081 -10.0508
-17.3604 -9.89848
-17.665 -9.89848
-17.8173 -9.89848
-18.1218 -9.74619
-18.2741 -9.74619
-18.5787 -9.59391
-18.8832 -9.59391
-19.0355 -9.59391
-19.3401 -9.44162
-19.4924 -9.44162
-19.797 -9.28934
-20.1015 -9.28934
-20.2538 -9.13706
-20.5584 -9.13706
-20.7107 -8.98477
-21.0152 -8.83249
-21.3198 -8.83249
-21.4721 -8.6802
-21.7766 -8.52792
-21.9289 -8.37563
-22.2335 -8.37563
-22.3858 -8.22335
-22.6904 -8.07107
-22.8426 -7.91878
-23.1472 -7.7665
-23.2995 -7.61421
-23.6041 -7.46193
-23.7563 -7.30964
-24.0609 -7.15736
-24.2132 -6.85279
-24.3655 -6.70051
-24.6701 -6.54822
-24.8223 -6.39594
-24.9746 -6.09137
-25.1269 -5.93909
-25.4315 -5.7868
-25.5838 -5.48223
-25.736 -5.32995
-25.8883 -5.02538
-26.0406 -4.8731
-26.1929 -4.56853
-26.3452 -4.41624
-26.4975 -4.11168
-26.6497 -3.95939
-26.6497 -3.65482
-26.802 -3.35025
-26.9543 -3.19797
-27.1066 -2.8934
-27.1066 -2.58883
-27.2589 -2.43655
-27.4112 -2.13198
-27.4112 -1.82741
-27.5635 -1.52284
-27.5635 -1.37056
-27.7157 -1.06599
-27.7157 -0.761421
-27.868 -0.456853
-27.868 -0.152284
-27.868 0
-28.0203 0.304569
-28.0203 0.609137
-28.0203 0.913706
-28.0203 1.21827
-28.0203 1.52284
-28.1726 1.67513
-28.1726 1.9797
-28.1726 2.28426
-28.1726 2.58883
-28.1726 2.8934
-28.1726 3.19797
-28.1726 3.35025
-28.0203 3.65482
-28.0203 3.95939
-28.0203 4.26396
-28.0203 4.56853
-28.0203 4.8731
-27.868 5.02538
-27.868 5.32995
-27.7157 5.63452
-27.7157 5.93909
-27.7157 6.24365
-27.5635 6.39594
-27.5635 6.70051
-27.4112 7.00508
-27.2589 7.15736
-27.2589 7.46193
-27.1066 7.7665
-26.9543 8.07107
-26.9543 8.22335
-26.802 8.52792
-26.6497 8.83249
-26.4975 8.98477
-26.3452 9.28934
-26.1929 9.44162
-26.0406 9.74619
-26.0406 9.89848
-25.8883 10.203
-25.736 10.3553
-25.5838 10.6599
-25.4315 10.8122
-25.1269 11.1168
-24.9746 11.269
-24.8223 11.5736
-24.6701 11.7259
-24.5178 12.0305
-24.3655 12.1827
-24.2132 12.335
-24.0609 12.6396
-23.7563 12.7919
-23.6041 12.9442
-23.4518 13.0964
-23.2995 13.401
-22.9949 13.5533
-22.8426 13.7056
-22.5381 13.8579
-22.3858 14.0102
-22.2335 14.1624
-21.9289 14.3147
-21.7766 14.467
-21.4721 14.6193
-21.3198 14.7716
-21.0152 14.9239
-20.8629 15.0761
-20.5584 15.0761
-20.2538 15.2284
-20.1015 15.3807
-19.797 15.3807
-19.4924 15.533
-19.3401 15.533
-19.0355 15.6853
-18.731 15.6853
-18.4264 15.6853
-18.2741 15.8376
-17.9695 15.8376
-17.665 15.8376
-17.3604 15.8376
-17.2081 15.8376
-16.9036 15.8376
-16.599 15.8376
-16.2944 15.8376
-16.1421 15.8376
-15.8376 15.6853
-15.533 15.6853
-15.3807 15.6853
-15.0761 15.6853
-14.7716 15.6853
-14.6193 15.533
-14.3147 15.533
-14.1624 15.533
-13.8579 15.3807
-13.7056 15.3807
-13.401 15.3807
-13.2487 15.3807
-12.9442 15.2284
-12.7919 15.2284
-12.4873 15.2284
-12.335 15.2284
-12.0305 15.0761
-11.8782 15.0761
-11.5736 15.0761
-11.4213 14.9239
-11.269 14.9239
-10.9645 14.9239
-10.8122 14.9239
-10.5076 14.7716
-10.3553 14.7716
-10.203 14.7716
-9.89848 14.7716
-9.74619 14.6193
-9.44162 14.6193
-9.28934 14.6193
-9.13706 14.6193
-8.83249 14.467
-8.6802 14.467
-8.37563 14.467
-8.22335 14.3147
-8.07107 14.3147
-7.7665 14.3147
-7.61421 14.1624
-7.46193 14.1624
-7.15736 14.0102
-7.00508 14.0102
-6.70051 14.0102
-6.54822 13.8579
-6.39594 13.8579
-6.09137 13.7056
-5.93909 13.7056
-5.63452 13.5533
-5.48223 13.5533
-5.32995 13.401
-5.02538 13.401
-4.8731 13.2487
-4.56853 13.2487
-4.41624 13.0964
-4.26396 12.9442
-3.95939 12.9442
-3.80711 12.7919
-3.50254 12.7919
-3.35025 12.6396
-3.04569 12.4873
-2.8934 12.335
-2.74112 12.335
-2.43655 12.1827
-2.28426 12.0305
-1.9797 12.0305
-1.82741 11.8782
-1.52284 11.7259
-1.37056 11.5736
-1.06599 11.4213
-0.913706 11.269
-0.609137 11.1168
-0.456853 10.9645
-0.152284 10.8122
0 10.6599
0.304569 10.5076
0.456853 10.3553
0.761421 10.203
0.913706 10.0508
1.21827 9.89848
1.37056 9.74619
1.52284 9.59391
1.82741 9.28934
1.9797 9.13706
2.28426 8.98477
2.43655 8.6802
2.58883 8.52792
2.8934 8.37563
3.04569 8.07107
3.35025 7.91878
3.50254 7.61421
3.65482 7.46193
3.80711 7.15736
4.11168 6.85279
4.26396 6.70051
4.41624 6.39594
4.56853 6.09137
4.8731 5.7868
5.02538 5.63452
5.17766 5.32995
5.32995 5.02538
5.48223 4.72081
5.63452 4.41624
5.7868 4.11168
5.93909 3.80711
6.09137 3.50254
6.24365 3.19797
6.24365 2.8934
