6.39594 2.58883
6.54822 2.28426
6.70051 1.9797
6.70051 1.67513
6.85279 1.21827
6.85279 0.913706
6.85279 0.609137
6.85279 0.304569
6.85279 0
6.85279 -0.456853
6.70051 -0.761421
6.70051 -1.06599
6.54822 -1.37056
6.54822 -1.67513
6.39594 -1.9797
6.24365 -2.28426
6.09137 -2.58883
5.93909 -2.8934
5.7868 -3.19797
5.48223 -3.35025
5.32995 -3.65482
5.17766 -3.95939
4.8731 -4.26396
4.72081 -4.41624
4.41624 -4.72081
4.11168 -4.8731
3.95939 -5.17766
3.65482 -5.32995
3.35025 -5.63452
3.04569 -5.7868
2.8934 -5.93909
2.58883 -6.09137
2.28426 -6.24365
1.9797 -6.39594
1.67513 -6.70051
1.52284 -6.85279
1.21827 -7.00508
0.913706 -7.00508
0.609137 -7.15736
0.304569 -7.30964
0 -7.46193
-0.152284 -7.61421
-0.456853 -7.7665
-0.761421 -7.7665
-1.06599 -7.91878
-1.37056 -8.07107
-1.52284 -8.22335
-1.82741 -8.22335
-2.13198 -8.37563
-2.28426 -8.52792
-2.58883 -8.52792
-2.74112 -8.6802
-3.04569 -8.83249
-3.35025 -8.83249
-3.50254 -8.98477
-3.80711 -9.13706
-3.95939 -9.13706
-4.26396 -9.28934
-4.41624 -9.44162
-4.72081 -9.44162
-4.8731 -9.59391
-5.17766 -9.74619
-5.32995 -9.74619
-5.63452 -9.89848
-5.7868 -10.0508
-6.09137 -10.0508
-6.24365 -10.203
-6.54822 -10.203
-6.70051 -10.3553
-7.00508 -10.3553
-7.15736 -10.5076
-7.46193 -10.5076
-7.61421 -10.5076
-7.91878 -10.6599
-8.07107 -10.6599
-8.37563 -10.6599
-8.6802 -10.6599
-8.83249 -10.8122
-9.13706 -10.8122
-9.28934 -10.8122
-9.59391 -10.8122
-9.74619 -10.8122
-10.0508 -10.8122
-10.3553 -10.8122
-10.5076 -10.8122
-10.8122 -10.8122
-10.9645 -10.8122
-11.269 -10.8122
-11.4213 -10.8122
-11.7259 -10.8122
-11.8782 -10.8122
-12.1827 -10.6599
-12.335 -10.6599
-12.6396 -10.6599
-12.7919 -10.6599
-13.0964 -10.6599
-13.2487 -10.6599
-13.5533 -10.5076
-13.7056 -10.5076
-14.0102 -10.5076
-14.1624 -10.5076
-14.467 -10.5076
-14.6193 -10.3553
-14.9239 -10.3553
-15.0761 -10.3553
-15.3807 -10.3553
-15.533 -10.203
-15.8376 -10.203
-16.1421 -10.203
-16.2944 -10.203
-16.599 -10.0508
-16.7513 -10.0508
-17.0558 -10.0508
-17.2081 -9.89848
-17.5127 -9.89848
-17.665 -9.89848
-17.9695 -9.74619
-18.1218 -9.74619
-18.4264 -9.59391
-18.731 -9.59391
-18.8832 -9.59391
-19.1878 -9.44162
-19.3401 -9.44162
-19.6447 -9.28934
-19.9492 -9.28934
-20.1015 -9.13706
-20.4061 -9.13706
-20.7107 -8.98477
-20.8629 -8.83249
-21.1675 -8.83249
-21.3198 -8.6802
-21.6244 -8.52792
-21.9289 -8.52792
-22.0812 -8.37563
-22.3858 -8.22335
-22.5381 -8.07107
-22.8426 -7.91878
-22.9949 -7.7665
-23.2995 -7.61421
-23.4518 -7.46193
-23.7563 -7.30964
-23.9086 -7.15736
-24.2132 -7.00508
-24.3655 -6.85279
-24.5178 -6.54822
-24.8223 -6.39594
-24.9746 -6.24365
-25.1269 -5.93909
-25.2792 -5.7868
-25.5838 -5.63452
-25.736 -5.32995
-25.8883 -5.17766
-26.0406 -4.8731
-26.1929 -4.72081
-26.3452 -4.41624
-26.4975 -4.11168
-26.4975 -3.95939
-26.6497 -3.65482
-26.802 -3.50254
-26.9543 -3.19797
-27.1066 -2.8934
-27.1066 -2.58883
-27.2589 -2.43655
-27.4112 -2.13198
-27.4112 -1.82741
-27.5635 -1.52284
-27.5635 -1.37056
-27.7157 -1.06599
-27.7157 -0.761421
-27.868 -0.456853
-27.868 -0.304569
-27.868 0
-28.0203 0.304569
-28.0203 0.609137
-28.0203 0.913706
-28.0203 1.21827
-28.0203 1.52284
-28.1726 1.67513
-28.1726 1.9797
-28.1726 2.28426
-28.1726 2.58883
-28.1726 2.8934
-28.1726 3.19797
-28.1726 3.50254
-28.0203 3.65482
-28.0203 3.95939
-28.0203 4.26396
-28.0203 4.56853
-28.0203 4.8731
-27.868 5.17766
-27.868 5.32995
-27.7157 5.63452
-27.7157 5.93909
-27.7157 6.24365
-27.5635 6.54822
-27.4112 6.70051
-27.4112 7.00508
-27.2589 7.30964
-27.2589 7.61421
-27.1066 7.7665
-26.9543 8.07107
-26.802 8.37563
-26.802 8.52792
-26.6497 8.83249
-26.4975 9.13706
-26.3452 9.28934
-26.1929 9.59391
-26.0406 9.74619
-25.8883 10.0508
-25.736 10.203
-25.5838 10.5076
-25.4315 10.6599
-25.2792 10.9645
-25.1269 11.1168
-24.9746 11.4213
-24.8223 11.5736
-24.6701 11.8782
-24.5178 12.0305
-24.3655 12.1827
-24.0609 12.4873
-23.9086 12.6396
-23.7563 12.7919
-23.6041 13.0964
-23.2995 13.2487
-23.1472 13.401
-22.9949 13.5533
-22.6904 13.8579
-22.5381 14.0102
-22.3858 14.1624
-22.0812 14.3147
-21.9289 14.467
-21.6244 14.6193
-21.4721 14.7716
-21.1675 14.9239
-21.0152 14.9239
-20.7107 15.0761
-20.4061 15.2284
-20.2538 15.3807
-19.9492 15.3807
-19.6447 15.533
-19.4924 15.533
-19.1878 15.6853
-18.8832 15.6853
-18.5787 15.8376
-18.4264 15.8376
-18.1218 15.8376
-17.8173 15.8376
-17.5127 15.8376
-17.3604 15.8376
-17.0558 15.8376
-16.7513 15.8376
-16.4467 15.8376
-16.2944 15.8376
-15.9898 15.8376
-15.6853 15.8376
-15.533 15.8376
-15.2284 15.8376
-14.9239 15.6853
-14.7716 15.6853
-14.467 15.6853
-14.1624 15.6853
-14.0102 15.533
-13.7056 15.533
-13.5533 15.533
-13.2487 15.3807
-13.0964 15.3807
-12.7919 15.3807
-12.6396 15.3807
-12.335 15.2284
-12.1827 15.2284
-11.8782 15.2284
-11.7259 15.0761
-11.4213 15.0761
-11.269 15.0761
-11.1168 15.0761
-10.8122 14.9239
-10.6599 14.9239
-10.3553 14.9239
-10.203 14.9239
-10.0508 14.7716
-9.74619 14.7716
-9.59391 14.7716
-9.28934 14.6193
-9.13706 14.6193
-8.98477 14.6193
-8.6802 14.6193
-8.52792 14.467
-8.37563 14.467
-8.07107 14.3147
-7.91878 14.3147
-7.61421 14.3147
-7.46193 14.1624
-7.30964 14.1624
-7.00508 14.0102
-6.85279 14.0102
-6.70051 13.8579
-6.39594 13.8579
-6.24365 13.8579
-5.93909 13.7056
-5.7868 13.5533
-5.63452 13.5533
-5.32995 13.401
-5.17766 13.401
-5.02538 13.2487
-4.72081 13.2487
-4.56853 13.0964
-4.26396 13.0964
-4.11168 12.9442
-3.95939 12.7919
-3.65482 12.7919
-3.50254 12.6396
-3.19797 12.4873
-3.04569 12.4873
-2.8934 12.335
-2.58883 12.1827
-2.43655 12.1827
-2.13198 12.0305
-1.9797 11.8782
-1.67513 11.7259
-1.52284 11.7259
-1.21827 11.5736
-1.06599 11.4213
-0.761421 11.269
-0.609137 11.1168
-0.304569 10.9645
-0.152284 10.8122
0.152284 10.6599
0.304569 10.5076
0.609137 10.3553
0.761421 10.203
1.06599 10.0508
1.21827 9.89848
1.52284 9.74619
1.67513 9.59391
1.9797 9.28934
2.13198 9.13706
2.43655 8.98477
2.58883 8.6802
2.74112 8.52792
3.04569 8.37563
3.19797 8.07107
3.50254 7.91878
3.65482 7.61421
3.80711 7.46193
3.95939 7.15736
4.26396 6.85279
4.41624 6.70051
4.56853 6.39594
4.72081 6.09137
4.8731 5.7868
5.02538 5.63452
5.17766 5.32995
5.32995 5.02538
5.48223 4.72081
5.63452 4.41624
5.7868 4.11168
5.93909 3.80711
6.09137 3.50254
6.24365 3.19797
6.24365 2.8934
