6.39594 2.58883
6.54822 2.28426
6.70051 1.9797
6.85279 1.52284
6.85279 1.21827
6.85279 0.913706
6.85279 0.609137
6.85279 0.304569
6.85279 -0.152284
6.85279 -0.456853
6.85279 -0.761421
6.70051 -1.06599
6.54822 -1.37056
6.54822 -1.67513
6.39594 -1.9797
6.24365 -2.28426
6.09137 -2.58883
5.93909 -2.8934
5.63452 -3.19797
5.48223 -3.50254
5.32995 -3.80711
5.02538 -4.11168
4.8731 -4.26396
4.56853 -4.56853
4.41624 -4.72081
4.11168 -5.02538
3.80711 -5.17766
3.50254 -5.48223
3.35025 -5.63452
3.04569 -5.7868
2.74112 -6.09137
2.43655 -6.24365
2.13198 -6.39594
1.82741 -6.54822
1.52284 -6.70051
1.37056 -6.85279
1.06599 -7.00508
0.761421 -7.15736
0.456853 -7.30964
0.152284 -7.46193
-0.152284 -7.46193
-0.456853 -7.61421
-0.609137 -7.7665
-0.913706 -7.91878
-1.21827 -7.91878
-1.52284 -8.07107
-1.67513 -8.22335
-1.9797 -8.37563
-2.28426 -8.37563
-2.43655 -8.52792
-2.74112 -8.6802
-3.04569 -8.6802
-3.19797 -8.83249
-3.50254 -8.98477
-3.65482 -9.13706
-3.95939 -9.13706
-4.11168 -9.28934
-4.41624 -9.44162
-4.56853 -9.44162
-4.8731 -9.59391
-5.02538 -9.74619
-5.32995 -9.74619
-5.48223 -9.89848
-5.7868 -10.0508
-5.93909 -10.0508
-6.24365 -10.203
-6.39594 -10.203
-6.70051 -10.3553
-6.85279 -10.5076
-7.15736 -10.5076
-7.30964 -10.5076
-7.61421 -10.6599
-7.91878 -10.6599
-8.07107 -10.6599
-8.37563 -10.8122
-8.52792 -10.8122
-8.83249 -10.8122
-8.98477 -10.8122
-9.28934 -10.8122
-9.59391 -10.8122
-9.74619 -10.9645
-10.0508 -10.9645
-10.203 -10.8122
-10.5076 -10.8122
-10.8122 -10.8122
-10.9645 -10.8122
-11.269 -10.8122
-11.4213 -10.8122
-11.7259 -10.8122
-11.8782 -10.8122
-12.1827 -10.6599
-12.335 -10.6599
-12.6396 -10.6599
-12.7919 -10.6599
-13.0964 -10.6599
-13.2487 -10.5076
-13.5533 -10.5076
-13.7056 -10.5076
-14.0102 -10.5076
-14.1624 -10.3553
-14.467 -10.3553
-14.6193 -10.3553
-14.9239 -10.3553
-15.0761 -10.3553
-15.3807 -10.203
-15.533 -10.203
-15.8376 -10.203
-15.9898 -10.203
-16.2944 -10.0508
-16.4467 -10.0508
-16.7513 -10.0508
-16.9036 -9.89848
-17.2081 -9.89848
-17.3604 -9.89848
-17.665 -9.74619
-17.9695 -9.74619
-18.1218 -9.74619
-18.4264 -9.59391
-18.5787 -9.59391
-18.8832 -9.59391
-19.0355 -9.44162
-19.3401 -9.44162
-19.6447 -9.28934
-19.797 -9.28934
-20.1015 -9.13706
-20.2538 -9.13706
-20.5584 -8.98477
-20.8629 -8.83249
-21.0152 -8.83249
-21.3198 -8.6802
-21.4721 -8.52792
-21.7766 -8.52792
-21.9289 -8.37563
-22.2335 -8.22335
-22.3858 -8.07107
-22.6904 -7.91878
-22.8426 -7.7665
-23.1472 -7.61421
-23.2995 -7.46193
-23.6041 -7.30964
-23.7563 -7.15736
-24.0609 -7.00508
-24.2132 -6.85279
-24.3655 -6.70051
-24.6701 -6.54822
-24.8223 -6.24365
-24.9746 -6.09137
-25.1269 -5.93909
-25.4315 -5.63452
-25.5838 -5.48223
-25.736 -5.32995
-25.8883 -5.02538
-26.0406 -4.8731
-26.1929 -4.56853
-26.3452 -4.26396
-26.4975 -4.11168
-26.6497 -3.80711
-26.6497 -3.65482
-26.802 -3.35025
-26.9543 -3.04569
-27.1066 -2.8934
-27.1066 -2.58883
-27.2589 -2.28426
-27.4112 -2.13198
-27.4112 -1.82741
-27.5635 -1.52284
-27.5635 -1.21827
-27.7157 -1.06599
-27.7157 -0.761421
-27.7157 -0.456853
-27.868 -0.152284
-27.868 0.152284
-27.868 0.304569
-27.868 0.609137
-28.0203 0.913706
-28.0203 1.21827
-28.0203 1.52284
-28.0203 1.67513
-28.0203 1.9797
-28.0203 2.28426
-28.0203 2.58883
-28.0203 2.8934
-28.0203 3.19797
-28.0203 3.35025
-27.868 3.65482
-27.868 3.95939
-27.868 4.26396
-27.868 4.56853
-27.7157 4.72081
-27.7157 5.02538
-27.7157 5.32995
-27.5635 5.63452
-27.5635 5.7868
-27.4112 6.09137
-27.4112 6.39594
-27.2589 6.70051
-27.2589 6.85279
-27.1066 7.15736
-27.1066 7.46193
-26.9543 7.61421
-26.802 7.91878
-26.802 8.22335
-26.6497 8.37563
-26.4975 8.6802
-26.3452 8.98477
-26.3452 9.13706
-26.1929 9.44162
-26.0406 9.59391
-25.8883 9.89848
-25.736 10.0508
-25.5838 10.3553
-25.4315 10.5076
-25.2792 10.8122
-25.1269 10.9645
-24.9746 11.269
-24.8223 11.4213
-24.6701 11.7259
-24.5178 11.8782
-24.3655 12.1827
-24.2132 12.335
-24.0609 12.4873
-23.7563 12.7919
-23.6041 12.9442
-23.4518 13.0964
-23.2995 13.2487
-23.1472 13.5533
-22.8426 13.7056
-22.6904 13.8579
-22.5381 14.0102
-22.2335 14.1624
-22.0812 14.3147
-21.7766 14.467
-21.6244 14.6193
-21.3198 14.7716
-21.1675 14.9239
-20.8629 15.0761
-20.7107 15.2284
-20.4061 15.2284
-20.1015 15.3807
-19.9492 15.533
-19.6447 15.533
-19.3401 15.6853
-19.1878 15.6853
-18.8832 15.6853
-18.5787 15.8376
-18.2741 15.8376
-18.1218 15.8376
-17.8173 15.8376
-17.5127 15.8376
-17.2081 15.8376
-17.0558 15.8376
-16.7513 15.8376
-16.4467 15.8376
-16.1421 15.8376
-15.9898 15.8376
-15.6853 15.8376
-15.3807 15.6853
-15.2284 15.6853
-14.9239 15.6853
-14.6193 15.6853
-14.467 15.533
-14.1624 15.533
-14.0102 15.533
-13.7056 15.3807
-13.5533 15.3807
-13.2487 15.3807
-13.0964 15.3807
-12.7919 15.2284
-12.6396 15.2284
-12.335 15.2284
-12.1827 15.2284
-11.8782 15.0761
-11.7259 15.0761
-11.5736 15.0761
-11.269 15.0761
-11.1168 14.9239
-10.8122 14.9239
-10.6599 14.9239
-10.3553 14.7716
-10.203 14.7716
-10.0508 14.7716
-9.74619 14.7716
-9.59391 14.6193
-9.44162 14.6193
-9.13706 14.6193
-8.98477 14.6193
-8.6802 14.467
-8.52792 14.467
-8.37563 14.467
-8.07107 14.3147
-7.91878 14.3147
-7.61421 14.3147
-7.46193 14.1624
-7.30964 14.1624
-7.00508 14.0102
-6.85279 14.0102
-6.54822 14.0102
-6.39594 13.8579
-6.24365 13.8579
-5.93909 13.7056
-5.7868 13.7056
-5.48223 13.5533
-5.32995 13.5533
-5.17766 13.401
-4.8731 13.401
-4.72081 13.2487
-4.41624 13.0964
-4.26396 13.0964
-3.95939 12.9442
-3.80711 12.9442
-3.65482 12.7919
-3.35025 12.6396
-3.19797 12.6396
-2.8934 12.4873
-2.74112 12.335
-2.43655 12.1827
-2.28426 12.1827
-1.9797 12.0305
-1.82741 11.8782
-1.52284 11.7259
-1.37056 11.5736
-1.06599 11.5736
-0.913706 11.4213
-0.609137 11.269
-0.456853 11.1168
-0.152284 10.9645
0 10.8122
0.304569 10.6599
0.456853 10.5076
0.761421 10.3553
0.913706 10.0508
1.06599 9.89848
1.37056 9.74619
1.52284 9.59391
1.82741 9.44162
1.9797 9.13706
2.28426 8.98477
2.43655 8.83249
2.74112 8.52792
2.8934 8.37563
3.04569 8.07107
3.35025 7.91878
3.50254 7.61421
3.65482 7.46193
3.95939 7.15736
4.11168 6.85279
4.26396 6.70051
4.41624 6.39594
4.72081 6.09137
4.8731 5.93909
5.02538 5.63452
5.17766 5.32995
5.32995 5.02538
5.48223 4.72081
5.63452 4.41624
5.7868 4.11168
5.93909 3.80711
6.09137 3.50254
6.24365 3.19797
6.24365 2.8934
