6.39594 2.43655
6.54822 2.13198
6.70051 1.82741
6.85279 1.52284
6.85279 1.21827
6.85279 0.761421
6.85279 0.456853
6.85279 0.152284
6.85279 -0.152284
6.85279 -0.456853
6.85279 -0.761421
6.70051 -1.21827
6.54822 -1.52284
6.54822 -1.82741
6.39594 -2.13198
6.24365 -2.43655
6.09137 -2.74112
5.93909 -3.04569
5.63452 -3.19797
5.48223 -3.50254
5.32995 -3.80711
5.02538 -4.11168
4.8731 -4.26396
4.56853 -4.56853
4.41624 -4.72081
4.11168 -5.02538
3.80711 -5.17766
3.50254 -5.48223
3.35025 -5.63452
3.04569 -5.7868
2.74112 -6.09137
2.43655 -6.24365
2.13198 -6.39594
1.82741 -6.54822
1.52284 -6.70051
1.37056 -6.85279
1.06599 -7.00508
0.761421 -7.15736
0.456853 -7.30964
0.152284 -7.30964
-0.152284 -7.46193
-0.456853 -7.61421
-0.609137 -7.7665
-0.913706 -7.91878
-1.21827 -7.91878
-1.52284 -8.07107
-1.67513 -8.22335
-1.9797 -8.22335
-2.28426 -8.37563
-2.43655 -8.52792
-2.74112 -8.52792
-2.8934 -8.6802
-3.19797 -8.83249
-3.35025 -8.98477
-3.65482 -8.98477
-3.80711 -9.13706
-4.11168 -9.28934
-4.26396 -9.28934
-4.56853 -9.44162
-4.72081 -9.59391
-5.02538 -9.59391
-5.17766 -9.74619
-5.48223 -9.89848
-5.63452 -9.89848
-5.93909 -10.0508
-6.09137 -10.203
-6.39594 -10.203
-6.54822 -10.3553
-6.85279 -10.3553
-7.00508 -10.5076
-7.30964 -10.5076
-7.46193 -10.6599
-7.7665 -10.6599
-7.91878 -10.6599
-8.22335 -10.8122
-8.52792 -10.8122
-8.6802 -10.8122
-8.98477 -10.8122
-9.13706 -10.8122
-9.44162 -10.8122
-9.59391 -10.8122
-9.89848 -10.8122
-10.203 -10.8122
-10.3553 -10.8122
-10.6599 -10.8122
-10.8122 -10.8122
-11.1168 -10.8122
-11.269 -10.8122
-11.5736 -10.8122
-11.7259 -10.8122
-12.0305 -10.6599
-12.1827 -10.6599
-12.4873 -10.6599
-12.6396 -10.6599
-12.9442 -10.6599
-13.0964 -10.5076
-13.401 -10.5076
-13.5533 -10.5076
-13.8579 -10.5076
-14.0102 -10.5076
-14.3147 -10.5076
-14.467 -10.3553
-14.7716 -10.3553
-14.9239 -10.3553
-15.2284 -10.3553
-15.3807 -10.203
-15.6853 -10.203
-15.8376 -10.203
-16.1421 -10.203
-16.2944 -10.203
-16.599 -10.0508
-16.7513 -10.0508
-17.0558 -10.0508
-17.3604 -9.89848
-17.5127 -9.89848
-17.8173 -9.89848
-17.9695 -9.74619
-18.2741 -9.74619
-18.4264 -9.74619
-18.731 -9.59391
-18.8832 -9.59391
-19.1878 -9.44162
-19.4924 -9.44162
-19.6447 -9.28934
-19.9492 -9.28934
-20.1015 -9.13706
-20.4061 -8.98477
-20.5584 -8.98477
-20.8629 -8.83249
-21.0152 -8.6802
-21.3198 -8.6802
-21.4721 -8.52792
-21.7766 -8.37563
-22.0812 -8.22335
-22.2335 -8.07107
-22.3858 -7.91878
-22.6904 -7.7665
-22.8426 -7.61421
-23.1472 -7.46193
-23.2995 -7.30964
-23.6041 -7.15736
-23.7563 -7.00508
-23.9086 -6.85279
-24.2132 -6.70051
-24.3655 -6.54822
-24.5178 -6.39594
-24.8223 -6.09137
-24.9746 -5.93909
-25.1269 -5.7868
-25.2792 -5.48223
-25.5838 -5.32995
-25.736 -5.17766
-25.8883 -4.8731
-26.0406 -4.72081
-26.1929 -4.41624
-26.3452 -4.26396
-26.4975 -3.95939
-26.6497 -3.65482
-26.802 -3.50254
-26.9543 -3.19797
-27.1066 -3.04569
-27.1066 -2.74112
-27.2589 -2.43655
-27.4112 -2.28426
-27.5635 -1.9797
-27.5635 -1.67513
-27.7157 -1.37056
-27.7157 -1.21827
-27.868 -0.913706
-27.868 -0.609137
-28.0203 -0.304569
-28.0203 0
-28.0203 0.152284
-28.1726 0.456853
-28.1726 0.761421
-28.1726 1.06599
-28.1726 1.37056
-28.1726 1.67513
-28.3249 1.9797
-28.3249 2.13198
-28.3249 2.43655
-28.3249 2.74112
-28.1726 3.04569
-28.1726 3.35025
-28.1726 3.65482
-28.1726 3.95939
-28.1726 4.11168
-28.0203 4.41624
-28.0203 4.72081
-28.0203 5.02538
-27.868 5.32995
-27.868 5.63452
-27.868 5.7868
-27.7157 6.09137
-27.7157 6.39594
-27.5635 6.70051
-27.4112 6.85279
-27.4112 7.15736
-27.2589 7.46193
-27.2589 7.7665
-27.1066 7.91878
-26.9543 8.22335
-26.802 8.52792
-26.802 8.6802
-26.6497 8.98477
-26.4975 9.28934
-26.3452 9.44162
-26.1929 9.74619
-26.0406 9.89848
-25.8883 10.203
-25.736 10.5076
-25.5838 10.6599
-25.4315 10.9645
-25.2792 11.1168
-25.1269 11.4213
-24.9746 11.5736
-24.8223 11.8782
-24.6701 12.0305
-24.5178 12.1827
-24.3655 12.4873
-24.2132 12.6396
-23.9086 12.9442
-23.7563 13.0964
-23.6041 13.2487
-23.2995 13.401
-23.1472 13.7056
-22.9949 13.8579
-22.6904 14.0102
-22.5381 14.1624
-22.3858 14.3147
-22.0812 14.467
-21.9289 14.6193
-21.6244 14.7716
-21.3198 14.9239
-21.1675 15.0761
-20.8629 15.2284
-20.7107 15.3807
-20.4061 15.3807
-20.1015 15.533
-19.9492 15.533
-19.6447 15.6853
-19.3401 15.6853
-19.0355 15.8376
-18.8832 15.8376
-18.5787 15.8376
-18.2741 15.9898
-17.9695 15.9898
-17.665 15.9898
-17.5127 15.9898
-17.2081 15.9898
-16.9036 15.9898
-16.599 15.9898
-16.4467 15.9898
-16.1421 15.9898
-15.8376 15.8376
-15.533 15.8376
-15.3807 15.8376
-15.0761 15.8376
-14.7716 15.6853
-14.6193 15.6853
-14.3147 15.6853
-14.0102 15.533
-13.8579 15.533
-13.5533 15.533
-13.401 15.533
-13.0964 15.3807
-12.9442 15.3807
-12.6396 15.3807
-12.4873 15.2284
-12.1827 15.2284
-12.0305 15.2284
-11.7259 15.2284
-11.5736 15.0761
-11.4213 15.0761
-11.1168 15.0761
-10.9645 14.9239
-10.6599 14.9239
-10.5076 14.9239
-10.203 14.9239
-10.0508 14.7716
-9.89848 14.7716
-9.59391 14.7716
-9.44162 14.7716
-9.13706 14.6193
-8.98477 14.6193
-8.83249 14.6193
-8.52792 14.467
-8.37563 14.467
-8.07107 14.467
-7.91878 14.3147
-7.7665 14.3147
-7.46193 14.1624
-7.30964 14.1624
-7.00508 14.1624
-6.85279 14.0102
-6.70051 14.0102
-6.39594 13.8579
-6.24365 13.8579
-6.09137 13.7056
-5.7868 13.7056
-5.63452 13.5533
-5.32995 13.5533
-5.17766 13.401
-5.02538 13.401
-4.72081 13.2487
-4.56853 13.0964
-4.26396 13.0964
-4.11168 12.9442
-3.95939 12.9442
-3.65482 12.7919
-3.50254 12.6396
-3.19797 12.6396
-3.04569 12.4873
-2.74112 12.335
-2.58883 12.1827
-2.28426 12.1827
-2.13198 12.0305
-1.9797 11.8782
-1.67513 11.7259
-1.52284 11.7259
-1.21827 11.5736
-1.06599 11.4213
-0.761421 11.269
-0.609137 11.1168
-0.304569 10.9645
-0.152284 10.8122
0.152284 10.6599
0.304569 10.5076
0.609137 10.3553
0.761421 10.203
1.06599 10.0508
1.21827 9.89848
1.52284 9.59391
1.67513 9.44162
1.9797 9.28934
2.13198 9.13706
2.43655 8.83249
2.58883 8.6802
2.74112 8.52792
3.04569 8.22335
3.19797 8.07107
3.35025 7.7665
3.65482 7.61421
3.80711 7.30964
3.95939 7.00508
4.26396 6.85279
4.41624 6.54822
4.56853 6.24365
4.72081 6.09137
4.8731 5.7868
5.02538 5.48223
5.17766 5.17766
5.32995 4.8731
5.48223 4.56853
5.63452 4.41624
5.7868 4.11168
5.93909 3.80711
6.09137 3.50254
6.24365 3.04569
6.24365 2.74112
