6.39594 2.58883
6.54822 2.28426
6.70051 1.9797
6.85279 1.67513
6.85279 1.37056
6.85279 0.913706
6.85279 0.609137
6.85279 0.304569
6.85279 0
6.85279 -0.304569
6.85279 -0.761421
6.70051 -1.06599
6.54822 -1.37056
6.54822 -1.67513
6.39594 -1.9797
6.24365 -2.28426
6.09137 -2.58883
5.93909 -2.8934
5.7868 -3.19797
5.48223 -3.35025
5.32995 -3.65482
5.02538 -3.95939
4.8731 -4.26396
4.56853 -4.41624
4.41624 -4.72081
4.11168 -4.8731
3.95939 -5.17766
3.65482 -5.32995
3.35025 -5.48223
3.04569 -5.7868
2.8934 -5.93909
2.58883 -6.09137
2.28426 -6.24365
1.9797 -6.39594
1.67513 -6.70051
1.52284 -6.85279
1.21827 -7.00508
0.913706 -7.00508
0.609137 -7.15736
0.304569 -7.30964
0 -7.46193
-0.152284 -7.61421
-0.456853 -7.7665
-0.761421 -7.7665
-1.06599 -7.91878
-1.37056 -8.07107
-1.52284 -8.22335
-1.82741 -8.22335
-2.13198 -8.37563
-2.28426 -8.52792
-2.58883 -8.52792
-2.74112 -8.6802
-3.04569 -8.83249
-3.35025 -8.83249
-3.50254 -8.98477
-3.80711 -9.13706
-3.95939 -9.28934
-4.26396 -9.28934
-4.41624 -9.44162
-4.72081 -9.44162
-4.8731 -9.59391
-5.17766 -9.74619
-5.32995 -9.74619
-5.63452 -9.89848
-5.7868 -10.0508
-6.09137 -10.0508
-6.24365 -10.203
-6.54822 -10.203
-6.70051 -10.3553
-7.00508 -10.3553
-7.15736 -10.5076
-7.46193 -10.5076
-7.61421 -10.5076
-7.91878 -10.6599
-8.22335 -10.6599
-8.37563 -10.6599
-8.6802 -10.6599
-8.83249 -10.8122
-9.13706 -10.8122
-9.28934 -10.8122
-9.59391 -10.8122
-9.89848 -10.8122
-10.0508 -10.8122
-10.3553 -10.8122
-10.5076 -10.8122
-10.8122 -10.8122
-10.9645 -10.8122
-11.269 -10.8122
-11.5736 -10.8122
-11.7259 -10.8122
-12.0305 -10.8122
-12.1827 -10.8122
-12.4873 -10.6599
-12.6396 -10.6599
-12.9442 -10.6599
-13.0964 -10.6599
-13.401 -10.6599
-13.5533 -10.5076
-13.8579 -10.5076
-14.0102 -10.5076
-14.3147 -10.5076
-14.467 -10.5076
-14.7716 -10.3553
-14.9239 -10.3553
-15.2284 -10.3553
-15.3807 -10.203
-15.6853 -10.203
-15.8376 -10.203
-16.1421 -10.203
-16.2944 -10.0508
-16.599 -10.0508
-16.7513 -10.0508
-17.0558 -9.89848
-17.2081 -9.89848
-17.5127 -9.89848
-17.8173 -9.74619
-17.9695 -9.74619
-18.2741 -9.59391
-18.4264 -9.59391
-18.731 -9.44162
-18.8832 -9.44162
-19.1878 -9.44162
-19.3401 -9.28934
-19.6447 -9.28934
-19.9492 -9.13706
-20.1015 -8.98477
-20.4061 -8.98477
-20.5584 -8.83249
-20.8629 -8.83249
-21.1675 -8.6802
-21.3198 -8.52792
-21.6244 -8.37563
-21.7766 -8.37563
-22.0812 -8.22335
-22.2335 -8.07107
-22.5381 -7.91878
-22.6904 -7.7665
-22.9949 -7.61421
-23.1472 -7.46193
-23.4518 -7.30964
-23.6041 -7.15736
-23.9086 -7.00508
-24.0609 -6.85279
-24.3655 -6.70051
-24.5178 -6.54822
-24.6701 -6.24365
-24.8223 -6.09137
-25.1269 -5.93909
-25.2792 -5.63452
-25.4315 -5.48223
-25.5838 -5.17766
-25.736 -5.02538
-25.8883 -4.8731
-26.0406 -4.56853
-26.1929 -4.26396
-26.3452 -4.11168
-26.4975 -3.80711
-26.6497 -3.65482
-26.802 -3.35025
-26.802 -3.04569
-26.9543 -2.8934
-27.1066 -2.58883
-27.1066 -2.28426
-27.2589 -2.13198
-27.4112 -1.82741
-27.4112 -1.52284
-27.5635 -1.21827
-27.5635 -1.06599
-27.7157 -0.761421
-27.7157 -0.456853
-27.868 -0.152284
-27.868 0.152284
-27.868 0.304569
-27.868 0.609137
-28.0203 0.913706
-28.0203 1.21827
-28.0203 1.52284
-28.0203 1.82741
-28.0203 1.9797
-28.0203 2.28426
-28.0203 2.58883
-28.0203 2.8934
-28.0203 3.19797
-28.0203 3.50254
-28.0203 3.80711
-28.0203 3.95939
-28.0203 4.26396
-28.0203 4.56853
-27.868 4.8731
-27.868 5.17766
-27.868 5.32995
-27.7157 5.63452
-27.7157 5.93909
-27.5635 6.24365
-27.5635 6.54822
-27.4112 6.70051
-27.4112 7.00508
-27.2589 7.30964
-27.1066 7.61421
-27.1066 7.7665
-26.9543 8.07107
-26.802 8.37563
-26.6497 8.52792
-26.6497 8.83249
-26.4975 9.13706
-26.3452 9.28934
-26.1929 9.59391
-26.0406 9.74619
-25.8883 10.0508
-25.736 10.203
-25.5838 10.5076
-25.4315 10.6599
-25.2792 10.9645
-25.1269 11.1168
-24.9746 11.4213
-24.8223 11.5736
-24.6701 11.8782
-24.5178 12.0305
-24.3655 12.1827
-24.0609 12.4873
-23.9086 12.6396
-23.7563 12.7919
-23.6041 13.0964
-23.2995 13.2487
-23.1472 13.401
-22.9949 13.5533
-22.6904 13.8579
-22.5381 14.0102
-22.3858 14.1624
-22.0812 14.3147
-21.9289 14.467
-21.6244 14.6193
-21.4721 14.7716
-21.1675 14.9239
-21.0152 15.0761
-20.7107 15.0761
-20.5584 15.2284
-20.2538 15.3807
-19.9492 15.3807
-19.797 15.533
-19.4924 15.6853
-19.1878 15.6853
-18.8832 15.6853
-18.731 15.8376
-18.4264 15.8376
-18.1218 15.8376
-17.8173 15.8376
-17.665 15.9898
-17.3604 15.9898
-17.0558 15.9898
-16.7513 15.9898
-16.599 15.9898
-16.2944 15.9898
-15.9898 15.8376
-15.8376 15.8376
-15.533 15.8376
-15.2284 15.8376
-15.0761 15.8376
-14.7716 15.6853
-14.467 15.6853
-14.3147 15.6853
-14.0102 15.533
-13.8579 15.533
-13.5533 15.533
-13.2487 15.533
-13.0964 15.3807
-12.7919 15.3807
-12.6396 15.3807
-12.4873 15.2284
-12.1827 15.2284
-12.0305 15.2284
-11.7259 15.2284
-11.5736 15.0761
-11.269 15.0761
-11.1168 15.0761
-10.8122 15.0761
-10.6599 14.9239
-10.5076 14.9239
-10.203 14.9239
-10.0508 14.7716
-9.89848 14.7716
-9.59391 14.7716
-9.44162 14.7716
-9.13706 14.6193
-8.98477 14.6193
-8.83249 14.6193
-8.52792 14.467
-8.37563 14.467
-8.07107 14.467
-7.91878 14.3147
-7.7665 14.3147
-7.46193 14.1624
-7.30964 14.1624
-7.15736 14.1624
-6.85279 14.0102
-6.70051 14.0102
-6.39594 13.8579
-6.24365 13.8579
-6.09137 13.7056
-5.7868 13.7056
-5.63452 13.5533
-5.48223 13.5533
-5.17766 13.401
-5.02538 13.401
-4.72081 13.2487
-4.56853 13.2487
-4.26396 13.0964
-4.11168 13.0964
-3.95939 12.9442
-3.65482 12.7919
-3.50254 12.7919
-3.19797 12.6396
-3.04569 12.4873
-2.74112 12.4873
-2.58883 12.335
-2.28426 12.1827
-2.13198 12.1827
-1.9797 12.0305
-1.67513 11.8782
-1.52284 11.7259
-1.21827 11.5736
-1.06599 11.5736
-0.761421 11.4213
-0.609137 11.269
-0.304569 11.1168
-0.152284 10.9645
0.152284 10.8122
0.304569 10.6599
0.609137 10.5076
0.761421 10.3553
1.06599 10.0508
1.21827 9.89848
1.52284 9.74619
1.67513 9.59391
1.82741 9.44162
2.13198 9.13706
2.28426 8.98477
2.58883 8.83249
2.74112 8.52792
2.8934 8.37563
3.04569 8.07107
3.35025 7.91878
3.50254 7.61421
3.65482 7.46193
3.80711 7.15736
4.11168 6.85279
4.26396 6.70051
4.41624 6.39594
4.56853 6.09137
4.72081 5.7868
4.8731 5.63452
5.02538 5.32995
5.17766 5.02538
5.32995 4.72081
5.48223 4.41624
5.63452 4.11168
5.7868 3.80711
5.93909 3.50254
6.09137 3.19797
6.24365 2.8934
