5.7868 3.95939
5.93909 3.65482
6.09137 3.50254
6.24365 3.19797
6.24365 2.8934
6.39594 2.58883
6.54822 2.28426
6.54822 1.9797
6.54822 1.67513
6.70051 1.37056
6.70051 1.06599
6.70051 0.761421
6.70051 0.456853
6.70051 0.152284
6.70051 -0.152284
6.54822 -0.456853
6.54822 -0.761421
6.54822 -1.06599
6.39594 -1.21827
6.24365 -1.52284
6.24365 -1.82741
6.09137 -2.13198
5.93909 -2.43655
5.7868 -2.58883
5.63452 -2.8934
5.48223 -3.19797
5.32995 -3.35025
5.17766 -3.65482
5.02538 -3.80711
4.72081 -4.11168
4.56853 -4.26396
4.41624 -4.56853
4.11168 -4.72081
3.95939 -4.8731
3.65482 -5.17766
3.35025 -5.32995
3.19797 -5.48223
2.8934 -5.63452
2.58883 -5.7868
2.43655 -5.93909
2.13198 -6.09137
1.82741 -6.24365
1.52284 -6.24365
1.37056 -6.39594
1.06599 -6.54822
0.761421 -6.54822
0.456853 -6.70051
0.152284 -6.70051
-0.152284 -6.85279
-0.304569 -6.85279
-0.609137 -7.00508
-0.913706 -7.00508
-1.21827 -7.00508
-1.52284 -7.15736
-1.82741 -7.15736
-1.9797 -7.15736
-2.28426 -7.15736
-2.58883 -7.15736
-2.8934 -7.15736
-3.04569 -7.30964
-3.35025 -7.30964
-3.65482 -7.30964
-3.80711 -7.30964
-4.11168 -7.30964
-4.26396 -7.30964
-4.56853 -7.30964
-4.72081 -7.30964
-5.02538 -7.30964
-5.17766 -7.46193
-5.48223 -7.46193
-5.63452 -7.46193
-5.93909 -7.46193
-6.09137 -7.61421
-6.24365 -7.61421
-6.54822 -7.61421
-6.70051 -7.7665
-6.85279 -7.7665
-7.15736 -7.91878
-7.30964 -8.07107
-7.46193 -8.07107
-7.61421 -8.22335
-7.91878 -8.22335
-8.07107 -8.37563
-8.37563 -8.52792
-8.52792 -8.52792
-8.6802 -8.6802
-8.98477 -8.83249
-9.13706 -8.83249
-9.44162 -8.98477
-9.59391 -8.98477
-9.89848 -9.13706
-10.0508 -9.13706
-10.3553 -9.28934
-10.5076 -9.28934
-10.8122 -9.44162
-10.9645 -9.44162
-11.269 -9.44162
-11.4213 -9.44162
-11.7259 -9.44162
-12.0305 -9.44162
-12.1827 -9.44162
-12.4873 -9.44162
-12.6396 -9.44162
-12.9442 -9.44162
-13.2487 -9.44162
-13.401 -9.44162
-13.7056 -9.28934
-13.8579 -9.28934
-14.1624 -9.28934
-14.3147 -9.13706
-14.6193 -9.13706
-14.7716 -8.98477
-15.0761 -8.98477
-15.2284 -8.83249
-15.533 -8.83249
-15.6853 -8.6802
-15.9898 -8.6802
-16.1421 -8.52792
-16.4467 -8.37563
-16.599 -8.37563
-16.9036 -8.22335
-17.0558 -8.07107
-17.3604 -8.07107
-17.5127 -7.91878
-17.8173 -7.7665
-17.9695 -7.7665
-18.2741 -7.61421
-18.5787 -7.46193
-18.731 -7.46193
-19.0355 -7.30964
-19.1878 -7.15736
-19.4924 -7.00508
-19.6447 -6.85279
-19.9492 -6.85279
-20.1015 -6.70051
-20.4061 -6.54822
-20.5584 -6.39594
-20.7107 -6.24365
-21.0152 -6.09137
-21.1675 -5.93909
-21.4721 -5.7868
-21.6244 -5.63452
-21.7766 -5.32995
-22.0812 -5.17766
-22.2335 -5.02538
-22.3858 -4.8731
-22.6904 -4.56853
-22.8426 -4.41624
-22.9949 -4.26396
-23.1472 -3.95939
-23.2995 -3.80711
-23.4518 -3.50254
-23.6041 -3.35025
-23.7563 -3.04569
-23.9086 -2.8934
-24.0609 -2.58883
-24.2132 -2.43655
-24.3655 -2.13198
-24.5178 -1.9797
-24.6701 -1.67513
-24.6701 -1.37056
-24.8223 -1.21827
-24.9746 -0.913706
-25.1269 -0.609137
-25.1269 -0.456853
-25.2792 -0.152284
-25.4315 0.152284
-25.4315 0.304569
-25.5838 0.609137
-25.736 0.913706
-25.736 1.21827
-25.8883 1.52284
-26.0406 1.67513
-26.0406 1.9797
-26.1929 2.28426
-26.1929 2.58883
-26.3452 2.8934
-26.3452 3.19797
-26.4975 3.35025
-26.4975 3.65482
-26.4975 3.95939
-26.6497 4.26396
-26.6497 4.56853
-26.6497 4.8731
-26.6497 5.17766
-26.6497 5.48223
-26.6497 5.7868
-26.6497 6.09137
-26.6497 6.39594
-26.6497 6.70051
-26.6497 7.00508
-26.6497 7.30964
-26.6497 7.61421
-26.4975 7.91878
-26.4975 8.07107
-26.3452 8.37563
-26.3452 8.6802
-26.1929 8.98477
-26.0406 9.28934
-26.0406 9.59391
-25.8883 9.89848
-25.736 10.0508
-25.5838 10.3553
-25.4315 10.6599
-25.2792 10.8122
-25.1269 11.1168
-24.9746 11.4213
-24.8223 11.5736
-24.6701 11.8782
-24.3655 12.0305
-24.2132 12.335
-23.9086 12.4873
-23.7563 12.6396
-23.6041 12.9442
-23.2995 13.0964
-22.9949 13.2487
-22.8426 13.401
-22.5381 13.5533
-22.2335 13.7056
-22.0812 13.8579
-21.7766 14.0102
-21.4721 14.1624
-21.1675 14.1624
-20.8629 14.3147
-20.7107 14.467
-20.4061 14.467
-20.1015 14.6193
-19.797 14.6193
-19.4924 14.7716
-19.1878 14.7716
-18.8832 14.9239
-18.731 14.9239
-18.4264 14.9239
-18.1218 14.9239
-17.8173 14.9239
-17.5127 15.0761
-17.2081 15.0761
-17.0558 15.0761
-16.7513 15.0761
-16.4467 15.0761
-16.1421 15.0761
-15.9898 15.0761
-15.6853 15.0761
-15.3807 14.9239
-15.2284 14.9239
-14.9239 14.9239
-14.7716 14.9239
-14.467 14.9239
-14.1624 14.9239
-14.0102 14.9239
-13.7056 14.7716
-13.5533 14.7716
-13.401 14.7716
-13.0964 14.7716
-12.9442 14.7716
-12.6396 14.6193
-12.4873 14.6193
-12.335 14.6193
-12.0305 14.6193
-11.8782 14.467
-11.7259 14.467
-11.4213 14.467
-11.269 14.467
-11.1168 14.3147
-10.9645 14.3147
-10.8122 14.3147
-10.5076 14.3147
-10.3553 14.3147
-10.203 14.1624
-10.0508 14.1624
-9.89848 14.1624
-9.59391 14.1624
-9.44162 14.0102
-9.28934 14.0102
-9.13706 14.0102
-8.98477 14.0102
-8.83249 14.0102
-8.6802 13.8579
-8.37563 13.8579
-8.22335 13.8579
-8.07107 13.8579
-7.91878 13.7056
-7.7665 13.7056
-7.61421 13.7056
-7.46193 13.7056
-7.30964 13.5533
-7.15736 13.5533
-6.85279 13.5533
-6.70051 13.401
-6.54822 13.401
-6.39594 13.401
-6.24365 13.2487
-6.09137 13.2487
-5.93909 13.2487
-5.7868 13.0964
-5.63452 13.0964
-5.48223 13.0964
-5.32995 12.9442
-5.02538 12.9442
-4.8731 12.7919
-4.72081 12.7919
-4.56853 12.7919
-4.41624 12.6396
-4.26396 12.6396
-4.11168 12.4873
-3.95939 12.4873
-3.80711 12.335
-3.65482 12.335
-3.35025 12.1827
-3.19797 12.1827
-3.04569 12.0305
-2.8934 12.0305
-2.74112 11.8782
-2.58883 11.7259
-2.43655 11.7259
-2.28426 11.5736
-1.9797 11.5736
-1.82741 11.4213
-1.67513 11.269
-1.52284 11.269
-1.37056 11.1168
-1.21827 10.9645
-0.913706 10.9645
-0.761421 10.8122
-0.609137 10.6599
-0.456853 10.5076
-0.304569 10.5076
0 10.3553
0.152284 10.203
0.304569 10.0508
0.456853 9.89848
0.761421 9.89848
0.913706 9.74619
1.06599 9.59391
1.21827 9.44162
1.37056 9.28934
1.67513 9.13706
1.82741 8.98477
1.9797 8.83249
2.13198 8.6802
2.43655 8.37563
2.58883 8.22335
2.74112 8.07107
2.8934 7.91878
3.19797 7.7665
3.35025 7.46193
3.50254 7.30964
3.65482 7.15736
3.80711 6.85279
4.11168 6.70051
4.26396 6.39594
4.41624 6.24365
4.56853 5.93909
4.72081 5.7868
4.8731 5.48223
5.02538 5.32995
5.17766 5.02538
5.32995 4.72081
5.48223 4.56853
5.63452 4.26396
