6.24365 2.74112
6.39594 2.43655
6.54822 2.13198
6.70051 1.82741
6.70051 1.37056
6.70051 1.06599
6.85279 0.761421
6.85279 0.456853
6.70051 0
6.70051 -0.304569
6.70051 -0.609137
6.54822 -0.913706
6.54822 -1.21827
6.39594 -1.52284
6.24365 -1.82741
6.09137 -2.13198
6.09137 -2.43655
5.7868 -2.74112
5.63452 -3.04569
5.48223 -3.35025
5.32995 -3.65482
5.02538 -3.95939
4.8731 -4.11168
4.56853 -4.41624
4.41624 -4.72081
4.11168 -4.8731
3.80711 -5.17766
3.50254 -5.32995
3.35025 -5.48223
3.04569 -5.7868
2.74112 -5.93909
2.43655 -6.09137
2.13198 -6.24365
1.82741 -6.39594
1.52284 -6.54822
1.37056 -6.70051
1.06599 -6.85279
0.761421 -7.00508
0.456853 -7.15736
0.152284 -7.30964
-0.152284 -7.46193
-0.456853 -7.46193
-0.761421 -7.61421
-1.06599 -7.7665
-1.21827 -7.91878
-1.52284 -7.91878
-1.82741 -8.07107
-2.13198 -8.22335
-2.28426 -8.37563
-2.58883 -8.37563
-2.74112 -8.52792
-3.04569 -8.6802
-3.35025 -8.6802
-3.50254 -8.83249
-3.80711 -8.98477
-3.95939 -9.13706
-4.26396 -9.13706
-4.41624 -9.28934
-4.72081 -9.44162
-4.8731 -9.59391
-5.02538 -9.59391
-5.32995 -9.74619
-5.48223 -9.89848
-5.7868 -10.0508
-5.93909 -10.0508
-6.24365 -10.203
-6.39594 -10.3553
-6.70051 -10.3553
-7.00508 -10.5076
-7.15736 -10.5076
-7.46193 -10.6599
-7.61421 -10.6599
-7.91878 -10.6599
-8.07107 -10.8122
-8.37563 -10.8122
-8.6802 -10.8122
-8.83249 -10.8122
-9.13706 -10.9645
-9.44162 -10.9645
-9.59391 -10.9645
-9.89848 -10.9645
-10.0508 -10.9645
-10.3553 -10.9645
-10.6599 -10.8122
-10.8122 -10.8122
-11.1168 -10.8122
-11.269 -10.8122
-11.5736 -10.8122
-11.7259 -10.8122
-12.0305 -10.6599
-12.335 -10.6599
-12.4873 -10.6599
-12.7919 -10.6599
-12.9442 -10.5076
-13.2487 -10.5076
-13.401 -10.5076
-13.7056 -10.3553
-13.8579 -10.3553
-14.1624 -10.3553
-14.3147 -10.3553
-14.6193 -10.203
-14.7716 -10.203
-15.0761 -10.203
-15.2284 -10.203
-15.533 -10.0508
-15.6853 -10.0508
-15.9898 -10.0508
-16.1421 -10.0508
-16.4467 -9.89848
-16.599 -9.89848
-16.9036 -9.89848
-17.0558 -9.74619
-17.3604 -9.74619
-17.5127 -9.74619
-17.8173 -9.59391
-17.9695 -9.59391
-18.2741 -9.59391
-18.5787 -9.44162
-18.731 -9.44162
-19.0355 -9.44162
-19.1878 -9.28934
-19.4924 -9.28934
-19.6447 -9.13706
-19.9492 -9.13706
-20.2538 -8.98477
-20.4061 -8.98477
-20.7107 -8.83249
-20.8629 -8.6802
-21.1675 -8.6802
-21.4721 -8.52792
-21.6244 -8.37563
-21.9289 -8.37563
-22.0812 -8.22335
-22.3858 -8.07107
-22.5381 -7.91878
-22.8426 -7.7665
-22.9949 -7.61421
-23.2995 -7.46193
-23.4518 -7.30964
-23.7563 -7.15736
-23.9086 -7.00508
-24.2132 -6.85279
-24.3655 -6.70051
-24.5178 -6.54822
-24.8223 -6.39594
-24.9746 -6.09137
-25.1269 -5.93909
-25.2792 -5.7868
-25.5838 -5.48223
-25.736 -5.32995
-25.8883 -5.02538
-26.0406 -4.8731
-26.1929 -4.56853
-26.3452 -4.41624
-26.4975 -4.11168
-26.6497 -3.95939
-26.6497 -3.65482
-26.802 -3.50254
-26.9543 -3.19797
-27.1066 -2.8934
-27.1066 -2.74112
-27.2589 -2.43655
-27.4112 -2.13198
-27.4112 -1.82741
-27.5635 -1.67513
-27.5635 -1.37056
-27.7157 -1.06599
-27.7157 -0.761421
-27.7157 -0.609137
-27.868 -0.304569
-27.868 0
-27.868 0.304569
-28.0203 0.609137
-28.0203 0.761421
-28.0203 1.06599
-28.0203 1.37056
-28.0203 1.67513
-28.0203 1.9797
-28.0203 2.13198
-28.0203 2.43655
-28.0203 2.74112
-28.0203 3.04569
-28.0203 3.35025
-28.0203 3.50254
-28.0203 3.80711
-27.868 4.11168
-27.868 4.41624
-27.868 4.72081
-27.868 4.8731
-27.7157 5.17766
-27.7157 5.48223
-27.5635 5.7868
-27.5635 5.93909
-27.5635 6.24365
-27.4112 6.54822
-27.4112 6.85279
-27.2589 7.00508
-27.2589 7.30964
-27.1066 7.61421
-26.9543 7.7665
-26.9543 8.07107
-26.802 8.37563
-26.6497 8.52792
-26.6497 8.83249
-26.4975 9.13706
-26.3452 9.28934
-26.1929 9.59391
-26.1929 9.74619
-26.0406 10.0508
-25.8883 10.3553
-25.736 10.5076
-25.5838 10.8122
-25.4315 10.9645
-25.2792 11.269
-25.1269 11.4213
-24.9746 11.5736
-24.8223 11.8782
-24.6701 12.0305
-24.5178 12.335
-24.3655 12.4873
-24.0609 12.6396
-23.9086 12.9442
-23.7563 13.0964
-23.6041 13.2487
-23.2995 13.401
-23.1472 13.7056
-22.9949 13.8579
-22.6904 14.0102
-22.5381 14.1624
-22.3858 14.3147
-22.0812 14.467
-21.9289 14.6193
-21.6244 14.7716
-21.4721 14.9239
-21.1675 15.0761
-20.8629 15.0761
-20.7107 15.2284
-20.4061 15.3807
-20.2538 15.3807
-19.9492 15.533
-19.6447 15.533
-19.4924 15.6853
-19.1878 15.6853
-18.8832 15.6853
-18.5787 15.8376
-18.4264 15.8376
-18.1218 15.8376
-17.8173 15.8376
-17.5127 15.8376
-17.3604 15.8376
-17.0558 15.8376
-16.7513 15.8376
-16.599 15.8376
-16.2944 15.8376
-15.9898 15.8376
-15.6853 15.8376
-15.533 15.6853
-15.2284 15.6853
-15.0761 15.6853
-14.7716 15.6853
-14.467 15.533
-14.3147 15.533
-14.0102 15.533
-13.8579 15.533
-13.5533 15.3807
-13.401 15.3807
-13.0964 15.3807
-12.9442 15.3807
-12.6396 15.2284
-12.4873 15.2284
-12.335 15.2284
-12.0305 15.2284
-11.8782 15.0761
-11.5736 15.0761
-11.4213 15.0761
-11.269 15.0761
-10.9645 15.0761
-10.8122 14.9239
-10.5076 14.9239
-10.3553 14.9239
-10.203 14.9239
-9.89848 14.7716
-9.74619 14.7716
-9.44162 14.7716
-9.28934 14.7716
-9.13706 14.6193
-8.83249 14.6193
-8.6802 14.6193
-8.37563 14.467
-8.22335 14.467
-8.07107 14.467
-7.7665 14.3147
-7.61421 14.3147
-7.46193 14.3147
-7.15736 14.1624
-7.00508 14.1624
-6.70051 14.0102
-6.54822 14.0102
-6.39594 13.8579
-6.09137 13.8579
-5.93909 13.7056
-5.63452 13.7056
-5.48223 13.5533
-5.32995 13.5533
-5.02538 13.401
-4.8731 13.401
-4.56853 13.2487
-4.41624 13.0964
-4.26396 13.0964
-3.95939 12.9442
-3.80711 12.9442
-3.50254 12.7919
-3.35025 12.6396
-3.04569 12.6396
-2.8934 12.4873
-2.74112 12.335
-2.43655 12.1827
-2.28426 12.1827
-1.9797 12.0305
-1.82741 11.8782
-1.52284 11.7259
-1.37056 11.5736
-1.06599 11.4213
-0.913706 11.269
-0.609137 11.269
-0.456853 11.1168
-0.152284 10.9645
0 10.8122
0.304569 10.6599
0.456853 10.3553
0.761421 10.203
0.913706 10.0508
1.21827 9.89848
1.37056 9.74619
1.67513 9.59391
1.82741 9.28934
2.13198 9.13706
2.28426 8.98477
2.58883 8.6802
2.74112 8.52792
2.8934 8.22335
3.19797 8.07107
3.35025 7.7665
3.50254 7.61421
3.80711 7.30964
3.95939 7.15736
4.11168 6.85279
4.41624 6.54822
4.56853 6.39594
4.72081 6.09137
4.8731 5.7868
5.02538 5.48223
5.17766 5.17766
5.32995 4.8731
5.48223 4.56853
5.63452 4.26396
5.7868 3.95939
5.93909 3.65482
5.93909 3.35025
6.09137 3.04569
