6.24365 2.74112
6.39594 2.28426
6.54822 1.9797
6.70051 1.67513
6.70051 1.37056
6.85279 1.06599
6.85279 0.761421
6.85279 0.304569
6.85279 0
6.85279 -0.304569
6.70051 -0.609137
6.70051 -0.913706
6.54822 -1.21827
6.54822 -1.52284
6.39594 -1.82741
6.24365 -2.13198
6.09137 -2.43655
5.93909 -2.74112
5.7868 -3.04569
5.48223 -3.35025
5.32995 -3.65482
5.17766 -3.80711
4.8731 -4.11168
4.72081 -4.26396
4.41624 -4.56853
4.11168 -4.72081
3.95939 -5.02538
3.65482 -5.17766
3.35025 -5.32995
3.04569 -5.63452
2.74112 -5.7868
2.43655 -5.93909
2.13198 -6.09137
1.9797 -6.24365
1.67513 -6.39594
1.37056 -6.54822
1.06599 -6.70051
0.761421 -6.85279
0.456853 -6.85279
0.152284 -7.00508
-0.152284 -7.15736
-0.456853 -7.30964
-0.609137 -7.30964
-0.913706 -7.46193
-1.21827 -7.61421
-1.52284 -7.61421
-1.67513 -7.7665
-1.9797 -7.91878
-2.28426 -7.91878
-2.43655 -8.07107
-2.74112 -8.22335
-2.8934 -8.22335
-3.19797 -8.37563
-3.35025 -8.52792
-3.65482 -8.6802
-3.80711 -8.6802
-4.11168 -8.83249
-4.26396 -8.98477
-4.41624 -9.13706
-4.72081 -9.13706
-4.8731 -9.28934
-5.17766 -9.44162
-5.32995 -9.59391
-5.48223 -9.59391
-5.7868 -9.74619
-5.93909 -9.89848
-6.24365 -9.89848
-6.39594 -10.0508
-6.70051 -10.203
-6.85279 -10.203
-7.15736 -10.3553
-7.30964 -10.3553
-7.61421 -10.5076
-7.7665 -10.5076
-8.07107 -10.5076
-8.22335 -10.6599
-8.52792 -10.6599
-8.6802 -10.6599
-8.98477 -10.6599
-9.28934 -10.8122
-9.44162 -10.8122
-9.74619 -10.8122
-9.89848 -10.8122
-10.203 -10.8122
-10.3553 -10.8122
-10.6599 -10.8122
-10.9645 -10.8122
-11.1168 -10.8122
-11.4213 -10.6599
-11.5736 -10.6599
-11.8782 -10.6599
-12.0305 -10.6599
-12.335 -10.6599
-12.4873 -10.6599
-12.7919 -10.6599
-12.9442 -10.5076
-13.2487 -10.5076
-13.401 -10.5076
-13.7056 -10.5076
-13.8579 -10.5076
-14.1624 -10.3553
-14.3147 -10.3553
-14.6193 -10.3553
-14.7716 -10.3553
-15.0761 -10.3553
-15.2284 -10.203
-15.533 -10.203
-15.8376 -10.203
-15.9898 -10.203
-16.2944 -10.0508
-16.4467 -10.0508
-16.7513 -10.0508
-16.9036 -10.0508
-17.2081 -9.89848
-17.3604 -9.89848
-17.665 -9.74619
-17.9695 -9.74619
-18.1218 -9.74619
-18.4264 -9.59391
-18.5787 -9.59391
-18.8832 -9.44162
-19.0355 -9.44162
-19.3401 -9.28934
-19.4924 -9.28934
-19.797 -9.13706
-20.1015 -8.98477
-20.2538 -8.98477
-20.5584 -8.83249
-20.7107 -8.6802
-21.0152 -8.6802
-21.1675 -8.52792
-21.4721 -8.37563
-21.6244 -8.22335
-21.9289 -8.07107
-22.0812 -7.91878
-22.3858 -7.7665
-22.5381 -7.7665
-22.8426 -7.61421
-22.9949 -7.46193
-23.2995 -7.15736
-23.4518 -7.00508
-23.6041 -6.85279
-23.9086 -6.70051
-24.0609 -6.54822
-24.2132 -6.39594
-24.5178 -6.24365
-24.6701 -5.93909
-24.8223 -5.7868
-25.1269 -5.63452
-25.2792 -5.32995
-25.4315 -5.17766
-25.5838 -5.02538
-25.736 -4.72081
-25.8883 -4.56853
-26.0406 -4.26396
-26.1929 -4.11168
-26.3452 -3.80711
-26.4975 -3.65482
-26.6497 -3.35025
-26.802 -3.04569
-26.9543 -2.8934
-27.1066 -2.58883
-27.2589 -2.28426
-27.4112 -2.13198
-27.4112 -1.82741
-27.5635 -1.52284
-27.7157 -1.21827
-27.7157 -1.06599
-27.868 -0.761421
-27.868 -0.456853
-28.0203 -0.152284
-28.0203 0.152284
-28.0203 0.456853
-28.0203 0.609137
-28.1726 0.913706
-28.1726 1.21827
-28.1726 1.52284
-28.1726 1.82741
-28.1726 2.13198
-28.1726 2.43655
-28.1726 2.74112
-28.1726 2.8934
-28.1726 3.19797
-28.1726 3.50254
-28.1726 3.80711
-28.0203 4.11168
-28.0203 4.41624
-28.0203 4.72081
-27.868 4.8731
-27.868 5.17766
-27.868 5.48223
-27.7157 5.7868
-27.7157 6.09137
-27.5635 6.24365
-27.5635 6.54822
-27.4112 6.85279
-27.2589 7.15736
-27.2589 7.30964
-27.1066 7.61421
-26.9543 7.91878
-26.9543 8.22335
-26.802 8.37563
-26.6497 8.6802
-26.4975 8.98477
-26.3452 9.13706
-26.1929 9.44162
-26.1929 9.59391
-26.0406 9.89848
-25.8883 10.0508
-25.736 10.3553
-25.5838 10.6599
-25.4315 10.8122
-25.2792 11.1168
-25.1269 11.269
-24.9746 11.4213
-24.8223 11.7259
-24.5178 11.8782
-24.3655 12.1827
-24.2132 12.335
-24.0609 12.6396
-23.9086 12.7919
-23.7563 12.9442
-23.4518 13.2487
-23.2995 13.401
-23.1472 13.5533
-22.8426 13.7056
-22.6904 14.0102
-22.5381 14.1624
-22.2335 14.3147
-22.0812 14.467
-21.7766 14.6193
-21.6244 14.7716
-21.3198 14.9239
-21.1675 15.0761
-20.8629 15.2284
-20.7107 15.3807
-20.4061 15.3807
-20.2538 15.533
-19.9492 15.6853
-19.6447 15.6853
-19.3401 15.8376
-19.1878 15.8376
-18.8832 15.8376
-18.5787 15.9898
-18.2741 15.9898
-18.1218 15.9898
-17.8173 15.9898
-17.5127 15.9898
-17.2081 15.9898
-16.9036 15.9898
-16.7513 15.9898
-16.4467 15.9898
-16.1421 15.9898
-15.8376 15.9898
-15.6853 15.9898
-15.3807 15.8376
-15.0761 15.8376
-14.9239 15.8376
-14.6193 15.8376
-14.3147 15.6853
-14.1624 15.6853
-13.8579 15.6853
-13.7056 15.533
-13.401 15.533
-13.2487 15.533
-12.9442 15.3807
-12.7919 15.3807
-12.4873 15.3807
-12.335 15.2284
-12.0305 15.2284
-11.8782 15.2284
-11.5736 15.0761
-11.4213 15.0761
-11.1168 15.0761
-10.9645 15.0761
-10.8122 14.9239
-10.5076 14.9239
-10.3553 14.9239
-10.0508 14.7716
-9.89848 14.7716
-9.74619 14.7716
-9.44162 14.7716
-9.28934 14.6193
-9.13706 14.6193
-8.83249 14.6193
-8.6802 14.467
-8.37563 14.467
-8.22335 14.467
-8.07107 14.3147
-7.7665 14.3147
-7.61421 14.3147
-7.46193 14.1624
-7.15736 14.1624
-7.00508 14.1624
-6.70051 14.0102
-6.54822 14.0102
-6.39594 13.8579
-6.09137 13.8579
-5.93909 13.7056
-5.7868 13.7056
-5.48223 13.5533
-5.32995 13.5533
-5.17766 13.401
-4.8731 13.401
-4.72081 13.2487
-4.41624 13.2487
-4.26396 13.0964
-4.11168 12.9442
-3.80711 12.9442
-3.65482 12.7919
-3.35025 12.7919
-3.19797 12.6396
-3.04569 12.4873
-2.74112 12.335
-2.58883 12.335
-2.28426 12.1827
-2.13198 12.0305
-1.82741 11.8782
-1.67513 11.8782
-1.52284 11.7259
-1.21827 11.5736
-1.06599 11.4213
-0.761421 11.269
-0.609137 11.1168
-0.304569 10.9645
-0.152284 10.8122
0.152284 10.6599
0.304569 10.5076
0.456853 10.3553
0.761421 10.203
0.913706 10.0508
1.21827 9.89848
1.37056 9.74619
1.67513 9.59391
1.82741 9.28934
1.9797 9.13706
2.28426 8.98477
2.43655 8.6802
2.74112 8.52792
2.8934 8.37563
3.04569 8.07107
3.35025 7.91878
3.50254 7.61421
3.65482 7.46193
3.80711 7.15736
4.11168 7.00508
4.26396 6.70051
4.41624 6.39594
4.56853 6.09137
4.72081 5.93909
4.8731 5.63452
5.02538 5.32995
5.17766 5.02538
5.32995 4.72081
5.48223 4.56853
5.63452 4.26396
5.7868 3.95939
5.93909 3.65482
6.09137 3.35025
6.09137 3.04569
