6.85279 2.28426
7.15736 1.9797
7.30964 1.67513
7.61421 1.21827
7.7665 0.913706
7.91878 0.609137
7.91878 0.304569
8.07107 0
8.07107 -0.456853
8.07107 -0.761421
8.07107 -1.06599
8.07107 -1.37056
8.07107 -1.82741
7.91878 -2.13198
7.7665 -2.43655
7.7665 -2.74112
7.61421 -3.04569
7.46193 -3.35025
7.30964 -3.65482
7.00508 -3.95939
6.85279 -4.26396
6.70051 -4.56853
6.39594 -4.72081
6.09137 -5.02538
5.93909 -5.32995
5.63452 -5.48223
5.32995 -5.7868
5.17766 -5.93909
4.8731 -6.24365
4.56853 -6.39594
4.26396 -6.54822
3.95939 -6.70051
3.65482 -7.00508
3.35025 -7.15736
3.04569 -7.30964
2.74112 -7.46193
2.43655 -7.61421
2.28426 -7.7665
1.9797 -7.91878
1.67513 -7.91878
1.37056 -8.07107
1.06599 -8.22335
0.761421 -8.37563
0.456853 -8.37563
0.152284 -8.52792
-0.152284 -8.6802
-0.456853 -8.6802
-0.761421 -8.83249
-0.913706 -8.83249
-1.21827 -8.98477
-1.52284 -9.13706
-1.82741 -9.13706
-1.9797 -9.28934
-2.28426 -9.28934
-2.58883 -9.44162
-2.74112 -9.44162
-3.04569 -9.59391
-3.35025 -9.74619
-3.50254 -9.74619
-3.80711 -9.89848
-3.95939 -9.89848
-4.26396 -10.0508
-4.41624 -10.0508
-4.72081 -10.203
-4.8731 -10.203
-5.17766 -10.3553
-5.48223 -10.3553
-5.63452 -10.5076
-5.93909 -10.5076
-6.09137 -10.6599
-6.39594 -10.6599
-6.54822 -10.8122
-6.85279 -10.8122
-7.00508 -10.8122
-7.30964 -10.9645
-7.46193 -10.9645
-7.7665 -11.1168
-7.91878 -11.1168
-8.22335 -11.1168
-8.37563 -11.269
-8.6802 -11.269
-8.83249 -11.269
-9.13706 -11.4213
-9.28934 -11.4213
-9.59391 -11.4213
-9.89848 -11.4213
-10.0508 -11.4213
-10.3553 -11.5736
-10.5076 -11.5736
-10.8122 -11.5736
-11.1168 -11.5736
-11.269 -11.5736
-11.5736 -11.5736
-11.7259 -11.5736
-12.0305 -11.5736
-12.1827 -11.5736
-12.4873 -11.5736
-12.7919 -11.4213
-12.9442 -11.4213
-13.2487 -11.4213
-13.401 -11.4213
-13.7056 -11.269
-13.8579 -11.269
-14.1624 -11.269
-14.3147 -11.1168
-14.6193 -11.1168
-14.9239 -10.9645
-15.0761 -10.9645
-15.3807 -10.9645
-15.533 -10.8122
-15.8376 -10.8122
-15.9898 -10.6599
-16.2944 -10.6599
-16.4467 -10.5076
-16.7513 -10.3553
-16.9036 -10.3553
-17.2081 -10.203
-17.3604 -10.203
-17.665 -10.0508
-17.8173 -10.0508
-18.1218 -9.89848
-18.2741 -9.89848
-18.5787 -9.74619
-18.731 -9.59391
-19.0355 -9.59391
-19.3401 -9.44162
-19.4924 -9.44162
-19.797 -9.28934
-19.9492 -9.13706
-20.2538 -9.13706
-20.5584 -8.98477
-20.7107 -8.83249
-21.0152 -8.83249
-21.1675 -8.6802
-21.4721 -8.52792
-21.7766 -8.37563
-21.9289 -8.22335
-22.2335 -8.22335
-22.5381 -8.07107
-22.6904 -7.91878
-22.9949 -7.7665
-23.1472 -7.61421
-23.4518 -7.46193
-23.6041 -7.15736
-23.9086 -7.00508
-24.0609 -6.85279
-24.2132 -6.70051
-24.5178 -6.39594
-24.6701 -6.24365
-24.8223 -6.09137
-25.1269 -5.7868
-25.2792 -5.63452
-25.4315 -5.32995
-25.5838 -5.17766
-25.736 -4.8731
-25.8883 -4.72081
-26.0406 -4.41624
-26.1929 -4.11168
-26.3452 -3.95939
-26.4975 -3.65482
-26.6497 -3.35025
-26.802 -3.19797
-26.9543 -2.8934
-26.9543 -2.58883
-27.1066 -2.28426
-27.2589 -2.13198
-27.2589 -1.82741
-27.4112 -1.52284
-27.4112 -1.21827
-27.5635 -0.913706
-27.5635 -0.609137
-27.7157 -0.304569
-27.7157 -0.152284
-27.7157 0.152284
-27.868 0.456853
-27.868 0.761421
-27.868 1.06599
-27.868 1.37056
-27.868 1.67513
-28.0203 1.9797
-28.0203 2.28426
-28.0203 2.58883
-28.0203 2.8934
-28.0203 3.19797
-27.868 3.50254
-27.868 3.80711
-27.868 4.11168
-27.868 4.26396
-27.868 4.56853
-27.7157 4.8731
-27.7157 5.17766
-27.7157 5.48223
-27.5635 5.7868
-27.5635 6.09137
-27.5635 6.39594
-27.4112 6.70051
-27.4112 7.00508
-27.2589 7.15736
-27.2589 7.46193
-27.1066 7.7665
-26.9543 8.07107
-26.9543 8.37563
-26.802 8.6802
-26.6497 8.83249
-26.4975 9.13706
-26.4975 9.44162
-26.3452 9.74619
-26.1929 10.0508
-26.0406 10.203
-25.8883 10.5076
-25.736 10.8122
-25.5838 10.9645
-25.4315 11.269
-25.2792 11.5736
-25.1269 11.7259
-24.9746 12.0305
-24.6701 12.1827
-24.5178 12.4873
-24.3655 12.6396
-24.2132 12.9442
-23.9086 13.0964
-23.7563 13.2487
-23.4518 13.5533
-23.2995 13.7056
-23.1472 13.8579
-22.8426 14.1624
-22.6904 14.3147
-22.3858 14.467
-22.0812 14.6193
-21.9289 14.7716
-21.6244 14.9239
-21.4721 15.0761
-21.1675 15.2284
-20.8629 15.3807
-20.5584 15.533
-20.4061 15.533
-20.1015 15.6853
-19.797 15.8376
-19.4924 15.8376
-19.1878 15.9898
-19.0355 15.9898
-18.731 16.1421
-18.4264 16.1421
-18.1218 16.1421
-17.8173 16.1421
-17.5127 16.2944
-17.2081 16.2944
-17.0558 16.2944
-16.7513 16.2944
-16.4467 16.2944
-16.1421 16.2944
-15.8376 16.2944
-15.533 16.1421
-15.2284 16.1421
-15.0761 16.1421
-14.7716 16.1421
-14.467 15.9898
-14.1624 15.9898
-14.0102 15.9898
-13.7056 15.8376
-13.401 15.8376
-13.2487 15.8376
-12.9442 15.6853
-12.6396 15.6853
-12.4873 15.6853
-12.1827 15.533
-12.0305 15.533
-11.7259 15.3807
-11.5736 15.3807
-11.269 15.3807
-11.1168 15.2284
-10.8122 15.2284
-10.6599 15.2284
-10.3553 15.0761
-10.203 15.0761
-9.89848 14.9239
-9.74619 14.9239
-9.44162 14.9239
-9.28934 14.7716
-9.13706 14.7716
-8.83249 14.6193
-8.6802 14.6193
-8.37563 14.6193
-8.22335 14.467
-8.07107 14.467
-7.7665 14.3147
-7.61421 14.3147
-7.30964 14.3147
-7.15736 14.1624
-7.00508 14.1624
-6.70051 14.0102
-6.54822 14.0102
-6.39594 13.8579
-6.09137 13.8579
-5.93909 13.7056
-5.7868 13.7056
-5.48223 13.5533
-5.32995 13.5533
-5.17766 13.401
-4.8731 13.2487
-4.72081 13.2487
-4.56853 13.0964
-4.26396 13.0964
-4.11168 12.9442
-3.95939 12.7919
-3.65482 12.7919
-3.50254 12.6396
-3.35025 12.4873
-3.04569 12.4873
-2.8934 12.335
-2.74112 12.1827
-2.43655 12.1827
-2.28426 12.0305
-2.13198 11.8782
-1.82741 11.7259
-1.67513 11.5736
-1.52284 11.5736
-1.21827 11.4213
-1.06599 11.269
-0.913706 11.1168
-0.609137 10.9645
-0.456853 10.8122
-0.304569 10.6599
0 10.5076
0.152284 10.3553
0.304569 10.203
0.609137 10.0508
0.761421 9.89848
1.06599 9.74619
1.21827 9.59391
1.37056 9.44162
1.67513 9.28934
1.82741 9.13706
1.9797 8.98477
2.28426 8.6802
2.43655 8.52792
2.74112 8.37563
2.8934 8.22335
3.04569 7.91878
3.35025 7.7665
3.50254 7.61421
3.65482 7.30964
3.95939 7.15736
4.11168 6.85279
4.41624 6.70051
4.56853 6.39594
4.72081 6.24365
4.8731 5.93909
5.17766 5.63452
5.32995 5.48223
5.48223 5.17766
5.63452 4.8731
5.7868 4.56853
5.93909 4.41624
6.09137 4.11168
6.24365 3.80711
6.39594 3.50254
6.54822 3.19797
6.70051 2.8934
6.85279 2.58883
