7.15736 1.67513
7.46193 1.37056
7.7665 1.06599
7.91878 0.761421
8.07107 0.304569
8.22335 0
8.22335 -0.304569
8.37563 -0.609137
8.37563 -1.06599
8.37563 -1.37056
8.37563 -1.67513
8.22335 -1.9797
8.22335 -2.28426
8.07107 -2.74112
7.91878 -3.04569
7.7665 -3.35025
7.61421 -3.65482
7.46193 -3.95939
7.15736 -4.11168
7.00508 -4.41624
6.70051 -4.72081
6.54822 -5.02538
6.24365 -5.17766
5.93909 -5.48223
5.7868 -5.63452
5.48223 -5.93909
5.17766 -6.09137
4.8731 -6.39594
4.56853 -6.54822
4.41624 -6.70051
4.11168 -6.85279
3.80711 -7.15736
3.50254 -7.30964
3.19797 -7.46193
2.8934 -7.61421
2.58883 -7.7665
2.28426 -7.91878
1.9797 -8.07107
1.67513 -8.07107
1.37056 -8.22335
1.21827 -8.37563
0.913706 -8.52792
0.609137 -8.52792
0.304569 -8.6802
0 -8.83249
-0.304569 -8.83249
-0.609137 -8.98477
-0.761421 -8.98477
-1.06599 -9.13706
-1.37056 -9.28934
-1.67513 -9.28934
-1.82741 -9.44162
-2.13198 -9.44162
-2.43655 -9.59391
-2.58883 -9.59391
-2.8934 -9.74619
-3.19797 -9.74619
-3.35025 -9.74619
-3.65482 -9.89848
-3.80711 -9.89848
-4.11168 -10.0508
-4.26396 -10.0508
-4.56853 -10.203
-4.72081 -10.203
-5.02538 -10.203
-5.17766 -10.3553
-5.48223 -10.3553
-5.63452 -10.5076
-5.93909 -10.5076
-6.09137 -10.5076
-6.39594 -10.6599
-6.54822 -10.6599
-6.85279 -10.8122
-7.00508 -10.8122
-7.30964 -10.8122
-7.46193 -10.9645
-7.61421 -10.9645
-7.91878 -10.9645
-8.07107 -11.1168
-8.37563 -11.1168
-8.52792 -11.1168
-8.83249 -11.269
-8.98477 -11.269
-9.28934 -11.269
-9.44162 -11.4213
-9.74619 -11.4213
-9.89848 -11.4213
-10.203 -11.4213
-10.3553 -11.4213
-10.6599 -11.5736
-10.8122 -11.5736
-11.1168 -11.5736
-11.269 -11.5736
-11.5736 -11.5736
-11.7259 -11.5736
-12.0305 -11.5736
-12.1827 -11.5736
-12.4873 -11.5736
-12.6396 -11.5736
-12.9442 -11.4213
-13.0964 -11.4213
-13.401 -11.4213
-13.5533 -11.4213
-13.8579 -11.269
-14.0102 -11.269
-14.3147 -11.269
-14.467 -11.1168
-14.7716 -11.1168
-14.9239 -11.1168
-15.2284 -10.9645
-15.3807 -10.9645
-15.6853 -10.8122
-15.8376 -10.8122
-16.1421 -10.6599
-16.2944 -10.6599
-16.599 -10.5076
-16.7513 -10.5076
-17.0558 -10.3553
-17.2081 -10.3553
-17.5127 -10.203
-17.665 -10.203
-17.9695 -10.0508
-18.1218 -10.0508
-18.4264 -9.89848
-18.5787 -9.89848
-18.8832 -9.74619
-19.0355 -9.59391
-19.3401 -9.59391
-19.4924 -9.44162
-19.797 -9.44162
-20.1015 -9.28934
-20.2538 -9.13706
-20.5584 -9.13706
-20.7107 -8.98477
-21.0152 -8.83249
-21.3198 -8.6802
-21.4721 -8.52792
-21.7766 -8.52792
-21.9289 -8.37563
-22.2335 -8.22335
-22.3858 -8.07107
-22.6904 -7.91878
-22.8426 -7.7665
-23.1472 -7.61421
-23.2995 -7.46193
-23.6041 -7.15736
-23.7563 -7.00508
-24.0609 -6.85279
-24.2132 -6.70051
-24.3655 -6.39594
-24.6701 -6.24365
-24.8223 -6.09137
-24.9746 -5.7868
-25.1269 -5.63452
-25.4315 -5.32995
-25.5838 -5.17766
-25.736 -4.8731
-25.8883 -4.72081
-26.0406 -4.41624
-26.1929 -4.26396
-26.3452 -3.95939
-26.4975 -3.65482
-26.6497 -3.50254
-26.802 -3.19797
-26.9543 -2.8934
-27.1066 -2.58883
-27.1066 -2.43655
-27.2589 -2.13198
-27.4112 -1.82741
-27.4112 -1.52284
-27.5635 -1.21827
-27.5635 -0.913706
-27.7157 -0.609137
-27.7157 -0.456853
-27.868 -0.152284
-27.868 0.152284
-27.868 0.456853
-28.0203 0.761421
-28.0203 1.06599
-28.0203 1.37056
-28.0203 1.67513
-28.0203 1.9797
-28.0203 2.28426
-28.0203 2.58883
-28.0203 2.8934
-28.0203 3.19797
-28.0203 3.50254
-28.0203 3.80711
-28.0203 4.11168
-28.0203 4.41624
-27.868 4.72081
-27.868 5.02538
-27.868 5.32995
-27.7157 5.63452
-27.7157 5.93909
-27.5635 6.24365
-27.5635 6.54822
-27.4112 6.70051
-27.4112 7.00508
-27.2589 7.30964
-27.2589 7.61421
-27.1066 7.91878
-26.9543 8.22335
-26.802 8.52792
-26.802 8.83249
-26.6497 8.98477
-26.4975 9.28934
-26.3452 9.59391
-26.1929 9.89848
-26.0406 10.203
-25.8883 10.3553
-25.736 10.6599
-25.5838 10.9645
-25.4315 11.1168
-25.2792 11.4213
-25.1269 11.5736
-24.8223 11.8782
-24.6701 12.1827
-24.5178 12.335
-24.3655 12.6396
-24.0609 12.7919
-23.9086 12.9442
-23.6041 13.2487
-23.4518 13.401
-23.1472 13.5533
-22.9949 13.8579
-22.6904 14.0102
-22.5381 14.1624
-22.2335 14.3147
-21.9289 14.467
-21.7766 14.6193
-21.4721 14.7716
-21.1675 14.9239
-21.0152 15.0761
-20.7107 15.2284
-20.4061 15.3807
-20.1015 15.533
-19.797 15.533
-19.4924 15.6853
-19.3401 15.6853
-19.0355 15.8376
-18.731 15.8376
-18.4264 15.9898
-18.1218 15.9898
-17.8173 15.9898
-17.5127 15.9898
-17.2081 15.9898
-16.9036 15.9898
-16.599 15.9898
-16.2944 15.9898
-16.1421 15.9898
-15.8376 15.9898
-15.533 15.9898
-15.2284 15.9898
-14.9239 15.9898
-14.6193 15.9898
-14.3147 15.8376
-14.1624 15.8376
-13.8579 15.8376
-13.5533 15.6853
-13.2487 15.6853
-13.0964 15.6853
-12.7919 15.533
-12.4873 15.533
-12.335 15.3807
-12.0305 15.3807
-11.7259 15.3807
-11.5736 15.2284
-11.269 15.2284
-11.1168 15.2284
-10.8122 15.0761
-10.6599 15.0761
-10.3553 15.0761
-10.203 14.9239
-9.89848 14.9239
-9.74619 14.7716
-9.44162 14.7716
-9.28934 14.7716
-8.98477 14.6193
-8.83249 14.6193
-8.52792 14.467
-8.37563 14.467
-8.07107 14.467
-7.91878 14.3147
-7.7665 14.3147
-7.46193 14.1624
-7.30964 14.1624
-7.00508 14.0102
-6.85279 14.0102
-6.70051 13.8579
-6.39594 13.8579
-6.24365 13.7056
-5.93909 13.7056
-5.7868 13.5533
-5.63452 13.5533
-5.32995 13.401
-5.17766 13.2487
-5.02538 13.2487
-4.72081 13.0964
-4.56853 13.0964
-4.41624 12.9442
-4.11168 12.7919
-3.95939 12.7919
-3.80711 12.6396
-3.50254 12.4873
-3.35025 12.4873
-3.19797 12.335
-2.8934 12.1827
-2.74112 12.0305
-2.43655 12.0305
-2.28426 11.8782
-2.13198 11.7259
-1.82741 11.5736
-1.67513 11.5736
-1.52284 11.4213
-1.21827 11.269
-1.06599 11.1168
-0.761421 10.9645
-0.609137 10.9645
-0.456853 10.8122
-0.152284 10.6599
0 10.5076
0.304569 10.3553
0.456853 10.203
0.761421 10.0508
0.913706 9.89848
1.06599 9.74619
1.37056 9.59391
1.52284 9.44162
1.82741 9.28934
1.9797 9.13706
2.28426 8.98477
2.43655 8.6802
2.58883 8.52792
2.8934 8.37563
3.04569 8.22335
3.19797 7.91878
3.50254 7.7665
3.65482 7.61421
3.80711 7.30964
4.11168 7.15736
4.26396 6.85279
4.41624 6.70051
4.56853 6.39594
4.8731 6.24365
5.02538 5.93909
5.17766 5.63452
5.32995 5.48223
5.48223 5.17766
5.63452 4.8731
5.7868 4.56853
5.93909 4.41624
6.09137 4.11168
6.24365 3.80711
6.39594 3.50254
6.54822 3.19797
6.70051 2.8934
6.85279 2.58883
7.00508 2.28426
7.00508 1.9797
