7.15736 1.9797
7.61421 1.67513
7.91878 1.21827
8.07107 0.913706
8.37563 0.609137
8.52792 0.152284
8.6802 -0.152284
8.6802 -0.456853
8.83249 -0.913706
8.83249 -1.21827
8.83249 -1.52284
8.6802 -1.9797
8.6802 -2.28426
8.52792 -2.58883
8.37563 -2.8934
8.22335 -3.19797
8.07107 -3.50254
7.91878 -3.80711
7.61421 -4.11168
7.46193 -4.41624
7.15736 -4.72081
6.85279 -5.02538
6.70051 -5.17766
6.39594 -5.48223
6.09137 -5.7868
5.7868 -5.93909
5.48223 -6.24365
5.17766 -6.39594
4.8731 -6.54822
4.56853 -6.85279
4.26396 -7.00508
3.95939 -7.15736
3.65482 -7.30964
3.35025 -7.46193
3.04569 -7.61421
2.74112 -7.7665
2.43655 -7.91878
2.13198 -8.07107
1.82741 -8.22335
1.52284 -8.37563
1.21827 -8.37563
0.913706 -8.52792
0.609137 -8.6802
0.304569 -8.6802
0 -8.83249
-0.304569 -8.98477
-0.609137 -8.98477
-0.913706 -9.13706
-1.06599 -9.13706
-1.37056 -9.28934
-1.67513 -9.28934
-1.9797 -9.44162
-2.28426 -9.44162
-2.43655 -9.59391
-2.74112 -9.59391
-3.04569 -9.74619
-3.19797 -9.74619
-3.50254 -9.89848
-3.80711 -9.89848
-3.95939 -10.0508
-4.26396 -10.0508
-4.41624 -10.203
-4.72081 -10.203
-4.8731 -10.3553
-5.17766 -10.3553
-5.32995 -10.3553
-5.63452 -10.5076
-5.7868 -10.5076
-6.09137 -10.6599
-6.39594 -10.6599
-6.54822 -10.6599
-6.85279 -10.8122
-7.00508 -10.8122
-7.15736 -10.9645
-7.46193 -10.9645
-7.61421 -10.9645
-7.91878 -11.1168
-8.07107 -11.1168
-8.37563 -11.269
-8.52792 -11.269
-8.83249 -11.269
-8.98477 -11.269
-9.28934 -11.4213
-9.59391 -11.4213
-9.74619 -11.4213
-10.0508 -11.5736
-10.203 -11.5736
-10.5076 -11.5736
-10.6599 -11.5736
-10.9645 -11.5736
-11.1168 -11.5736
-11.4213 -11.5736
-11.5736 -11.7259
-11.8782 -11.7259
-12.1827 -11.7259
-12.335 -11.7259
-12.6396 -11.5736
-12.7919 -11.5736
-13.0964 -11.5736
-13.2487 -11.5736
-13.5533 -11.5736
-13.7056 -11.5736
-14.0102 -11.4213
-14.3147 -11.4213
-14.467 -11.4213
-14.7716 -11.269
-14.9239 -11.269
-15.2284 -11.1168
-15.3807 -11.1168
-15.6853 -11.1168
-15.8376 -10.9645
-16.1421 -10.9645
-16.2944 -10.8122
-16.599 -10.6599
-16.7513 -10.6599
-17.0558 -10.5076
-17.2081 -10.5076
-17.5127 -10.3553
-17.665 -10.3553
-17.9695 -10.203
-18.1218 -10.0508
-18.2741 -10.0508
-18.5787 -9.89848
-18.731 -9.89848
-19.0355 -9.74619
-19.3401 -9.59391
-19.4924 -9.59391
-19.797 -9.44162
-19.9492 -9.28934
-20.2538 -9.13706
-20.4061 -9.13706
-20.7107 -8.98477
-20.8629 -8.83249
-21.1675 -8.6802
-21.3198 -8.6802
-21.6244 -8.52792
-21.7766 -8.37563
-22.0812 -8.22335
-22.2335 -8.07107
-22.5381 -7.91878
-22.6904 -7.7665
-22.9949 -7.61421
-23.1472 -7.46193
-23.2995 -7.30964
-23.6041 -7.15736
-23.7563 -6.85279
-24.0609 -6.70051
-24.2132 -6.54822
-24.3655 -6.39594
-24.6701 -6.09137
-24.8223 -5.93909
-24.9746 -5.7868
-25.2792 -5.48223
-25.4315 -5.32995
-25.5838 -5.17766
-25.736 -4.8731
-25.8883 -4.72081
-26.0406 -4.41624
-26.3452 -4.11168
-26.4975 -3.95939
-26.6497 -3.65482
-26.6497 -3.35025
-26.802 -3.19797
-26.9543 -2.8934
-27.1066 -2.58883
-27.2589 -2.43655
-27.2589 -2.13198
-27.4112 -1.82741
-27.5635 -1.52284
-27.5635 -1.21827
-27.7157 -0.913706
-27.7157 -0.761421
-27.868 -0.456853
-27.868 -0.152284
-27.868 0.152284
-27.868 0.456853
-28.0203 0.761421
-28.0203 1.06599
-28.0203 1.37056
-28.0203 1.67513
-28.0203 1.9797
-28.0203 2.28426
-28.0203 2.58883
-28.0203 2.8934
-27.868 3.04569
-27.868 3.35025
-27.868 3.65482
-27.868 3.95939
-27.7157 4.26396
-27.7157 4.56853
-27.7157 4.8731
-27.5635 5.17766
-27.5635 5.48223
-27.5635 5.63452
-27.4112 5.93909
-27.4112 6.24365
-27.2589 6.54822
-27.2589 6.85279
-27.1066 7.15736
-26.9543 7.46193
-26.9543 7.61421
-26.802 7.91878
-26.6497 8.22335
-26.6497 8.52792
-26.4975 8.83249
-26.3452 8.98477
-26.1929 9.28934
-26.1929 9.59391
-26.0406 9.89848
-25.8883 10.0508
-25.736 10.3553
-25.5838 10.6599
-25.4315 10.8122
-25.2792 11.1168
-25.1269 11.269
-24.9746 11.5736
-24.6701 11.7259
-24.5178 12.0305
-24.3655 12.335
-24.2132 12.4873
-24.0609 12.6396
-23.7563 12.9442
-23.6041 13.0964
-23.2995 13.2487
-23.1472 13.5533
-22.9949 13.7056
-22.6904 13.8579
-22.5381 14.0102
-22.2335 14.3147
-21.9289 14.467
-21.7766 14.6193
-21.4721 14.7716
-21.3198 14.9239
-21.0152 15.0761
-20.7107 15.0761
-20.4061 15.2284
-20.2538 15.3807
-19.9492 15.533
-19.6447 15.533
-19.3401 15.6853
-19.1878 15.6853
-18.8832 15.8376
-18.5787 15.8376
-18.2741 15.8376
-17.9695 15.9898
-17.665 15.9898
-17.3604 15.9898
-17.2081 15.9898
-16.9036 15.9898
-16.599 15.9898
-16.2944 15.9898
-15.9898 15.9898
-15.6853 15.9898
-15.3807 15.9898
-15.2284 15.9898
-14.9239 15.8376
-14.6193 15.8376
-14.3147 15.8376
-14.1624 15.8376
-13.8579 15.6853
-13.5533 15.6853
-13.401 15.6853
-13.0964 15.533
-12.7919 15.533
-12.6396 15.533
-12.335 15.3807
-12.0305 15.3807
-11.8782 15.3807
-11.5736 15.2284
-11.4213 15.2284
-11.1168 15.0761
-10.9645 15.0761
-10.6599 15.0761
-10.5076 14.9239
-10.203 14.9239
-10.0508 14.9239
-9.74619 14.7716
-9.59391 14.7716
-9.44162 14.6193
-9.13706 14.6193
-8.98477 14.6193
-8.6802 14.467
-8.52792 14.467
-8.22335 14.3147
-8.07107 14.3147
-7.91878 14.3147
-7.61421 14.1624
-7.46193 14.1624
-7.15736 14.0102
-7.00508 14.0102
-6.85279 13.8579
-6.54822 13.8579
-6.39594 13.7056
-6.24365 13.7056
-5.93909 13.5533
-5.7868 13.5533
-5.63452 13.401
-5.32995 13.2487
-5.17766 13.2487
-4.8731 13.0964
-4.72081 13.0964
-4.56853 12.9442
-4.26396 12.7919
-4.11168 12.7919
-3.95939 12.6396
-3.65482 12.6396
-3.50254 12.4873
-3.35025 12.335
-3.04569 12.1827
-2.8934 12.1827
-2.74112 12.0305
-2.43655 11.8782
-2.28426 11.8782
-2.13198 11.7259
-1.82741 11.5736
-1.67513 11.4213
-1.37056 11.269
-1.21827 11.269
-1.06599 11.1168
-0.761421 10.9645
-0.609137 10.8122
-0.304569 10.6599
-0.152284 10.5076
0 10.3553
0.304569 10.203
0.456853 10.0508
0.761421 9.89848
0.913706 9.74619
1.21827 9.59391
1.37056 9.44162
1.52284 9.28934
1.82741 9.13706
1.9797 8.98477
2.28426 8.83249
2.43655 8.52792
2.74112 8.37563
2.8934 8.22335
3.19797 8.07107
3.35025 7.7665
3.65482 7.61421
3.80711 7.30964
3.95939 7.15736
4.26396 7.00508
4.41624 6.70051
4.72081 6.54822
4.8731 6.24365
5.02538 5.93909
5.32995 5.7868
5.48223 5.48223
5.63452 5.17766
5.7868 4.8731
5.93909 4.72081
6.09137 4.41624
6.24365 4.11168
6.39594 3.80711
6.54822 3.50254
6.70051 3.19797
6.85279 2.8934
7.00508 2.58883
7.00508 2.28426
