7.46193 1.9797
7.91878 1.67513
8.07107 1.37056
8.37563 0.913706
8.52792 0.609137
8.6802 0.152284
8.83249 -0.152284
8.83249 -0.609137
8.83249 -0.913706
8.83249 -1.21827
8.83249 -1.67513
8.83249 -1.9797
8.6802 -2.43655
8.52792 -2.74112
8.37563 -3.04569
8.22335 -3.35025
8.07107 -3.65482
7.7665 -3.95939
7.61421 -4.26396
7.30964 -4.56853
7.00508 -4.8731
6.85279 -5.17766
6.54822 -5.48223
6.24365 -5.63452
5.93909 -5.93909
5.63452 -6.24365
5.32995 -6.39594
5.02538 -6.54822
4.72081 -6.85279
4.41624 -7.00508
4.11168 -7.15736
3.65482 -7.46193
3.35025 -7.61421
3.04569 -7.7665
2.74112 -7.91878
2.43655 -8.07107
2.13198 -8.22335
1.82741 -8.37563
1.37056 -8.37563
1.06599 -8.52792
0.761421 -8.6802
0.456853 -8.83249
0.152284 -8.83249
-0.152284 -8.98477
-0.456853 -9.13706
-0.761421 -9.13706
-1.06599 -9.28934
-1.37056 -9.28934
-1.67513 -9.44162
-1.9797 -9.44162
-2.28426 -9.59391
-2.43655 -9.59391
-2.74112 -9.74619
-3.04569 -9.74619
-3.35025 -9.89848
-3.50254 -9.89848
-3.80711 -9.89848
-4.11168 -10.0508
-4.41624 -10.0508
-4.56853 -10.203
-4.8731 -10.203
-5.17766 -10.3553
-5.32995 -10.3553
-5.63452 -10.3553
-5.7868 -10.5076
-6.09137 -10.5076
-6.24365 -10.5076
-6.54822 -10.6599
-6.85279 -10.6599
-7.00508 -10.8122
-7.30964 -10.8122
-7.46193 -10.8122
-7.7665 -10.9645
-7.91878 -10.9645
-8.22335 -10.9645
-8.37563 -11.1168
-8.6802 -11.1168
-8.83249 -11.1168
-9.13706 -11.1168
-9.28934 -11.269
-9.59391 -11.269
-9.74619 -11.269
-10.0508 -11.269
-10.203 -11.4213
-10.5076 -11.4213
-10.8122 -11.4213
-10.9645 -11.4213
-11.269 -11.4213
-11.4213 -11.4213
-11.7259 -11.5736
-11.8782 -11.5736
-12.1827 -11.5736
-12.335 -11.5736
-12.6396 -11.5736
-12.7919 -11.5736
-13.0964 -11.4213
-13.401 -11.4213
-13.5533 -11.4213
-13.8579 -11.4213
-14.0102 -11.4213
-14.3147 -11.4213
-14.467 -11.269
-14.7716 -11.269
-14.9239 -11.269
-15.2284 -11.1168
-15.3807 -11.1168
-15.6853 -10.9645
-15.8376 -10.9645
-16.1421 -10.8122
-16.2944 -10.8122
-16.599 -10.6599
-16.7513 -10.6599
-17.0558 -10.5076
-17.2081 -10.5076
-17.5127 -10.3553
-17.665 -10.3553
-17.9695 -10.203
-18.1218 -10.203
-18.2741 -10.0508
-18.5787 -9.89848
-18.731 -9.89848
-19.0355 -9.74619
-19.1878 -9.74619
-19.4924 -9.59391
-19.6447 -9.44162
-19.9492 -9.44162
-20.1015 -9.28934
-20.4061 -9.13706
-20.5584 -9.13706
-20.8629 -8.98477
-21.0152 -8.83249
-21.3198 -8.6802
-21.4721 -8.6802
-21.7766 -8.52792
-21.9289 -8.37563
-22.2335 -8.22335
-22.3858 -8.07107
-22.5381 -7.91878
-22.8426 -7.7665
-22.9949 -7.61421
-23.2995 -7.46193
-23.4518 -7.30964
-23.6041 -7.15736
-23.9086 -7.00508
-24.0609 -6.85279
-24.2132 -6.70051
-24.5178 -6.39594
-24.6701 -6.24365
-24.8223 -6.09137
-24.9746 -5.7868
-25.1269 -5.63452
-25.2792 -5.48223
-25.4315 -5.17766
-25.736 -5.02538
-25.8883 -4.72081
-26.0406 -4.56853
-26.0406 -4.26396
-26.1929 -4.11168
-26.3452 -3.80711
-26.4975 -3.65482
-26.6497 -3.35025
-26.802 -3.04569
-26.802 -2.8934
-26.9543 -2.58883
-27.1066 -2.28426
-27.1066 -2.13198
-27.2589 -1.82741
-27.2589 -1.52284
-27.4112 -1.21827
-27.4112 -1.06599
-27.5635 -0.761421
-27.5635 -0.456853
-27.5635 -0.152284
-27.5635 0.152284
-27.7157 0.304569
-27.7157 0.609137
-27.7157 0.913706
-27.7157 1.21827
-27.7157 1.52284
-27.7157 1.67513
-27.7157 1.9797
-27.7157 2.28426
-27.7157 2.58883
-27.7157 2.8934
-27.7157 3.04569
-27.7157 3.35025
-27.7157 3.65482
-27.7157 3.95939
-27.7157 4.26396
-27.5635 4.41624
-27.5635 4.72081
-27.5635 5.02538
-27.4112 5.32995
-27.4112 5.63452
-27.4112 5.7868
-27.2589 6.09137
-27.2589 6.39594
-27.2589 6.70051
-27.1066 7.00508
-27.1066 7.15736
-26.9543 7.46193
-26.802 7.7665
-26.802 8.07107
-26.6497 8.22335
-26.6497 8.52792
-26.4975 8.83249
-26.3452 8.98477
-26.1929 9.28934
-26.1929 9.59391
-26.0406 9.74619
-25.8883 10.0508
-25.736 10.3553
-25.5838 10.5076
-25.4315 10.8122
-25.2792 10.9645
-25.1269 11.269
-24.9746 11.4213
-24.8223 11.7259
-24.6701 11.8782
-24.3655 12.1827
-24.2132 12.335
-24.0609 12.4873
-23.9086 12.7919
-23.6041 12.9442
-23.4518 13.0964
-23.1472 13.2487
-22.9949 13.5533
-22.8426 13.7056
-22.5381 13.8579
-22.3858 14.0102
-22.0812 14.1624
-21.9289 14.3147
-21.6244 14.467
-21.3198 14.6193
-21.1675 14.6193
-20.8629 14.7716
-20.5584 14.9239
-20.4061 15.0761
-20.1015 15.0761
-19.797 15.2284
-19.6447 15.3807
-19.3401 15.3807
-19.0355 15.533
-18.8832 15.533
-18.5787 15.6853
-18.2741 15.6853
-17.9695 15.6853
-17.8173 15.8376
-17.5127 15.8376
-17.2081 15.8376
-17.0558 15.9898
-16.7513 15.9898
-16.4467 15.9898
-16.1421 15.9898
-15.9898 15.9898
-15.6853 15.9898
-15.3807 15.9898
-15.0761 15.9898
-14.9239 15.9898
-14.6193 15.9898
-14.3147 15.9898
-14.1624 15.8376
-13.8579 15.8376
-13.5533 15.8376
-13.401 15.8376
-13.0964 15.6853
-12.9442 15.6853
-12.6396 15.6853
-12.335 15.533
-12.1827 15.533
-11.8782 15.3807
-11.7259 15.3807
-11.4213 15.2284
-11.269 15.2284
-10.9645 15.2284
-10.8122 15.0761
-10.5076 15.0761
-10.3553 14.9239
-10.0508 14.7716
-9.89848 14.7716
-9.74619 14.6193
-9.44162 14.6193
-9.28934 14.467
-8.98477 14.467
-8.83249 14.3147
-8.6802 14.3147
-8.37563 14.1624
-8.22335 14.1624
-8.07107 14.0102
-7.7665 14.0102
-7.61421 13.8579
-7.30964 13.8579
-7.15736 13.8579
-7.00508 13.7056
-6.70051 13.7056
-6.54822 13.5533
-6.24365 13.5533
-6.09137 13.401
-5.93909 13.401
-5.63452 13.2487
-5.48223 13.2487
-5.17766 13.0964
-5.02538 13.0964
-4.72081 12.9442
-4.56853 12.9442
-4.41624 12.7919
-4.11168 12.7919
-3.95939 12.6396
-3.65482 12.4873
-3.50254 12.4873
-3.19797 12.335
-3.04569 12.1827
-2.74112 12.1827
-2.58883 12.0305
-2.28426 11.8782
-2.13198 11.7259
-1.9797 11.7259
-1.67513 11.5736
-1.52284 11.4213
-1.21827 11.269
-1.06599 11.1168
-0.761421 10.9645
-0.609137 10.8122
-0.456853 10.6599
-0.152284 10.5076
0 10.3553
0.304569 10.203
0.456853 10.0508
0.761421 9.89848
0.913706 9.74619
1.21827 9.59391
1.37056 9.44162
1.67513 9.13706
1.82741 8.98477
2.13198 8.83249
2.28426 8.6802
2.58883 8.37563
2.74112 8.22335
3.04569 8.07107
3.19797 7.7665
3.50254 7.61421
3.80711 7.46193
3.95939 7.15736
4.26396 7.00508
4.41624 6.70051
4.72081 6.39594
5.02538 6.24365
5.17766 5.93909
5.48223 5.63452
5.63452 5.48223
5.7868 5.17766
6.09137 4.8731
6.24365 4.56853
6.39594 4.26396
6.54822 3.95939
6.85279 3.65482
7.00508 3.35025
7.00508 3.04569
7.15736 2.74112
7.30964 2.28426
