7.91878 1.9797
8.22335 1.52284
8.52792 1.21827
8.6802 0.913706
8.83249 0.456853
8.83249 0.152284
8.98477 -0.152284
8.98477 -0.609137
8.98477 -0.913706
8.98477 -1.21827
8.98477 -1.67513
8.98477 -1.9797
8.83249 -2.28426
8.83249 -2.74112
8.6802 -3.04569
8.52792 -3.35025
8.37563 -3.65482
8.07107 -3.95939
7.91878 -4.26396
7.61421 -4.56853
7.46193 -4.8731
7.15736 -5.17766
7.00508 -5.48223
6.70051 -5.63452
6.39594 -5.93909
6.09137 -6.09137
5.7868 -6.39594
5.48223 -6.54822
5.17766 -6.85279
4.8731 -7.00508
4.56853 -7.15736
4.26396 -7.30964
3.95939 -7.61421
3.50254 -7.7665
3.19797 -7.91878
2.8934 -8.07107
2.58883 -8.07107
2.28426 -8.22335
1.9797 -8.37563
1.52284 -8.52792
1.21827 -8.52792
0.913706 -8.6802
0.609137 -8.83249
0.304569 -8.83249
0 -8.98477
-0.304569 -8.98477
-0.609137 -9.13706
-0.913706 -9.13706
-1.21827 -9.28934
-1.52284 -9.28934
-1.82741 -9.44162
-1.9797 -9.44162
-2.28426 -9.59391
-2.58883 -9.59391
-2.8934 -9.74619
-3.04569 -9.74619
-3.35025 -9.89848
-3.65482 -9.89848
-3.80711 -9.89848
-4.11168 -10.0508
-4.26396 -10.0508
-4.56853 -10.203
-4.8731 -10.203
-5.02538 -10.3553
-5.32995 -10.3553
-5.48223 -10.3553
-5.7868 -10.5076
-5.93909 -10.5076
-6.24365 -10.6599
-6.39594 -10.6599
-6.70051 -10.8122
-6.85279 -10.8122
-7.15736 -10.8122
-7.30964 -10.9645
-7.61421 -10.9645
-7.7665 -10.9645
-8.07107 -11.1168
-8.22335 -11.1168
-8.52792 -11.1168
-8.6802 -11.269
-8.98477 -11.269
-9.13706 -11.269
-9.44162 -11.4213
-9.59391 -11.4213
-9.89848 -11.4213
-10.0508 -11.4213
-10.3553 -11.4213
-10.5076 -11.5736
-10.8122 -11.5736
-10.9645 -11.5736
-11.269 -11.5736
-11.5736 -11.5736
-11.7259 -11.5736
-12.0305 -11.5736
-12.1827 -11.5736
-12.4873 -11.5736
-12.6396 -11.5736
-12.9442 -11.5736
-13.0964 -11.5736
-13.401 -11.4213
-13.7056 -11.4213
-13.8579 -11.4213
-14.1624 -11.4213
-14.3147 -11.269
-14.6193 -11.269
-14.7716 -11.269
-15.0761 -11.1168
-15.2284 -11.1168
-15.533 -11.1168
-15.6853 -10.9645
-15.9898 -10.9645
-16.1421 -10.8122
-16.4467 -10.8122
-16.599 -10.6599
-16.9036 -10.6599
-17.0558 -10.5076
-17.3604 -10.5076
-17.5127 -10.3553
-17.8173 -10.3553
-17.9695 -10.203
-18.2741 -10.203
-18.4264 -10.0508
-18.731 -9.89848
-18.8832 -9.89848
-19.1878 -9.74619
-19.3401 -9.59391
-19.6447 -9.59391
-19.797 -9.44162
-20.1015 -9.28934
-20.4061 -9.28934
-20.5584 -9.13706
-20.8629 -8.98477
-21.0152 -8.83249
-21.3198 -8.83249
-21.4721 -8.6802
-21.7766 -8.52792
-21.9289 -8.37563
-22.2335 -8.22335
-22.3858 -8.07107
-22.6904 -7.91878
-22.8426 -7.7665
-23.1472 -7.61421
-23.2995 -7.46193
-23.6041 -7.30964
-23.7563 -7.15736
-23.9086 -7.00508
-24.2132 -6.70051
-24.3655 -6.54822
-24.5178 -6.39594
-24.8223 -6.24365
-24.9746 -5.93909
-25.1269 -5.7868
-25.2792 -5.48223
-25.5838 -5.32995
-25.736 -5.17766
-25.8883 -4.8731
-26.0406 -4.56853
-26.1929 -4.41624
-26.3452 -4.11168
-26.4975 -3.95939
-26.6497 -3.65482
-26.802 -3.35025
-26.9543 -3.19797
-26.9543 -2.8934
-27.1066 -2.58883
-27.2589 -2.28426
-27.4112 -2.13198
-27.4112 -1.82741
-27.5635 -1.52284
-27.5635 -1.21827
-27.7157 -0.913706
-27.7157 -0.609137
-27.7157 -0.456853
-27.868 -0.152284
-27.868 0.152284
-27.868 0.456853
-28.0203 0.761421
-28.0203 1.06599
-28.0203 1.37056
-28.0203 1.67513
-28.0203 1.9797
-28.0203 2.28426
-28.0203 2.43655
-28.0203 2.74112
-28.0203 3.04569
-27.868 3.35025
-27.868 3.65482
-27.868 3.95939
-27.868 4.26396
-27.868 4.56853
-27.7157 4.8731
-27.7157 5.17766
-27.5635 5.32995
-27.5635 5.63452
-27.5635 5.93909
-27.4112 6.24365
-27.4112 6.54822
-27.2589 6.85279
-27.2589 7.15736
-27.1066 7.30964
-27.1066 7.61421
-26.9543 7.91878
-26.802 8.22335
-26.802 8.52792
-26.6497 8.83249
-26.4975 8.98477
-26.3452 9.28934
-26.1929 9.59391
-26.0406 9.74619
-26.0406 10.0508
-25.8883 10.3553
-25.736 10.5076
-25.4315 10.8122
-25.2792 11.1168
-25.1269 11.269
-24.9746 11.5736
-24.8223 11.7259
-24.6701 12.0305
-24.3655 12.1827
-24.2132 12.335
-24.0609 12.6396
-23.7563 12.7919
-23.6041 12.9442
-23.2995 13.2487
-23.1472 13.401
-22.8426 13.5533
-22.6904 13.7056
-22.3858 13.8579
-22.0812 14.0102
-21.9289 14.1624
-21.6244 14.3147
-21.4721 14.467
-21.1675 14.6193
-20.8629 14.6193
-20.5584 14.7716
-20.4061 14.9239
-20.1015 14.9239
-19.797 15.0761
-19.4924 15.2284
-19.3401 15.2284
-19.0355 15.2284
-18.731 15.3807
-18.4264 15.3807
-18.1218 15.533
-17.9695 15.533
-17.665 15.533
-17.3604 15.533
-17.0558 15.533
-16.7513 15.533
-16.599 15.6853
-16.2944 15.6853
-15.9898 15.6853
-15.6853 15.6853
-15.533 15.533
-15.2284 15.533
-14.9239 15.533
-14.6193 15.533
-14.467 15.533
-14.1624 15.533
-13.8579 15.533
-13.7056 15.3807
-13.401 15.3807
-13.0964 15.3807
-12.9442 15.3807
-12.6396 15.2284
-12.4873 15.2284
-12.1827 15.2284
-12.0305 15.2284
-11.7259 15.0761
-11.5736 15.0761
-11.269 15.0761
-11.1168 14.9239
-10.8122 14.9239
-10.6599 14.9239
-10.3553 14.7716
-10.203 14.7716
-9.89848 14.7716
-9.74619 14.6193
-9.44162 14.6193
-9.28934 14.467
-9.13706 14.467
-8.83249 14.467
-8.6802 14.3147
-8.37563 14.3147
-8.22335 14.1624
-8.07107 14.1624
-7.7665 14.1624
-7.61421 14.0102
-7.30964 14.0102
-7.15736 13.8579
-7.00508 13.8579
-6.70051 13.7056
-6.54822 13.7056
-6.39594 13.5533
-6.09137 13.5533
-5.93909 13.401
-5.63452 13.401
-5.48223 13.2487
-5.32995 13.2487
-5.02538 13.0964
-4.8731 12.9442
-4.72081 12.9442
-4.41624 12.7919
-4.26396 12.7919
-4.11168 12.6396
-3.80711 12.4873
-3.65482 12.4873
-3.50254 12.335
-3.19797 12.1827
-3.04569 12.1827
-2.74112 12.0305
-2.58883 11.8782
-2.43655 11.7259
-2.13198 11.7259
-1.9797 11.5736
-1.67513 11.4213
-1.52284 11.269
-1.37056 11.269
-1.06599 11.1168
-0.913706 10.9645
-0.609137 10.8122
-0.456853 10.6599
-0.304569 10.5076
0 10.3553
0.152284 10.203
0.456853 10.0508
0.609137 9.89848
0.913706 9.74619
1.06599 9.59391
1.37056 9.44162
1.52284 9.28934
1.67513 9.13706
1.9797 8.98477
2.13198 8.83249
2.43655 8.6802
2.58883 8.37563
2.8934 8.22335
3.04569 8.07107
3.35025 7.7665
3.50254 7.61421
3.80711 7.46193
3.95939 7.15736
4.26396 7.00508
4.41624 6.70051
4.72081 6.54822
4.8731 6.24365
5.17766 6.09137
5.32995 5.7868
5.63452 5.48223
5.7868 5.17766
5.93909 5.02538
6.24365 4.72081
6.39594 4.41624
6.54822 4.11168
6.85279 3.80711
7.00508 3.50254
7.15736 3.19797
7.30964 2.8934
7.46193 2.58883
7.61421 2.28426
