8.07107 1.9797
8.22335 1.67513
8.52792 1.21827
8.6802 0.913706
8.83249 0.609137
8.98477 0.152284
9.13706 -0.152284
9.13706 -0.456853
9.13706 -0.913706
9.13706 -1.21827
9.13706 -1.52284
9.13706 -1.9797
8.98477 -2.28426
8.98477 -2.58883
8.83249 -2.8934
8.6802 -3.35025
8.52792 -3.65482
8.37563 -3.95939
8.07107 -4.26396
7.91878 -4.56853
7.61421 -4.8731
7.46193 -5.02538
7.15736 -5.32995
6.85279 -5.63452
6.70051 -5.93909
6.39594 -6.09137
6.09137 -6.39594
5.7868 -6.54822
5.48223 -6.70051
5.17766 -7.00508
4.8731 -7.15736
4.56853 -7.30964
4.26396 -7.46193
3.95939 -7.7665
3.65482 -7.91878
3.35025 -8.07107
3.04569 -8.07107
2.58883 -8.22335
2.28426 -8.37563
1.9797 -8.52792
1.67513 -8.6802
1.37056 -8.6802
1.06599 -8.83249
0.761421 -8.98477
0.456853 -8.98477
0.152284 -9.13706
-0.152284 -9.13706
-0.456853 -9.28934
-0.761421 -9.28934
-1.06599 -9.28934
-1.37056 -9.44162
-1.67513 -9.44162
-1.9797 -9.59391
-2.28426 -9.59391
-2.43655 -9.59391
-2.74112 -9.74619
-3.04569 -9.74619
-3.35025 -9.74619
-3.50254 -9.89848
-3.80711 -9.89848
-4.11168 -9.89848
-4.26396 -10.0508
-4.56853 -10.0508
-4.72081 -10.0508
-5.02538 -10.203
-5.17766 -10.203
-5.48223 -10.203
-5.7868 -10.3553
-5.93909 -10.3553
-6.24365 -10.3553
-6.39594 -10.5076
-6.54822 -10.5076
-6.85279 -10.5076
-7.00508 -10.6599
-7.30964 -10.6599
-7.46193 -10.8122
-7.7665 -10.8122
-7.91878 -10.8122
-8.22335 -10.9645
-8.37563 -10.9645
-8.6802 -11.1168
-8.83249 -11.1168
-8.98477 -11.1168
-9.28934 -11.269
-9.44162 -11.269
-9.74619 -11.4213
-9.89848 -11.4213
-10.203 -11.4213
-10.5076 -11.5736
-10.6599 -11.5736
-10.9645 -11.5736
-11.1168 -11.5736
-11.4213 -11.5736
-11.5736 -11.7259
-11.8782 -11.7259
-12.0305 -11.7259
-12.335 -11.7259
-12.6396 -11.7259
-12.7919 -11.5736
-13.0964 -11.5736
-13.2487 -11.5736
-13.5533 -11.5736
-13.7056 -11.5736
-14.0102 -11.4213
-14.1624 -11.4213
-14.467 -11.4213
-14.7716 -11.269
-14.9239 -11.269
-15.2284 -11.1168
-15.3807 -11.1168
-15.6853 -10.9645
-15.8376 -10.9645
-16.1421 -10.8122
-16.2944 -10.8122
-16.599 -10.6599
-16.7513 -10.6599
-16.9036 -10.5076
-17.2081 -10.3553
-17.3604 -10.3553
-17.665 -10.203
-17.8173 -10.203
-18.1218 -10.0508
-18.4264 -10.0508
-18.5787 -9.89848
-18.8832 -9.74619
-19.0355 -9.74619
-19.3401 -9.59391
-19.4924 -9.44162
-19.797 -9.44162
-19.9492 -9.28934
-20.2538 -9.28934
-20.5584 -9.13706
-20.7107 -8.98477
-21.0152 -8.83249
-21.3198 -8.83249
-21.4721 -8.6802
-21.7766 -8.52792
-21.9289 -8.37563
-22.2335 -8.22335
-22.3858 -8.07107
-22.6904 -7.91878
-22.9949 -7.7665
-23.1472 -7.61421
-23.4518 -7.46193
-23.6041 -7.30964
-23.9086 -7.15736
-24.0609 -7.00508
-24.2132 -6.70051
-24.5178 -6.54822
-24.6701 -6.39594
-24.9746 -6.09137
-25.1269 -5.93909
-25.2792 -5.63452
-25.4315 -5.48223
-25.736 -5.17766
-25.8883 -5.02538
-26.0406 -4.72081
-26.1929 -4.56853
-26.3452 -4.26396
-26.4975 -3.95939
-26.6497 -3.80711
-26.802 -3.50254
-26.9543 -3.19797
-26.9543 -3.04569
-27.1066 -2.74112
-27.2589 -2.43655
-27.4112 -2.13198
-27.4112 -1.82741
-27.5635 -1.52284
-27.5635 -1.37056
-27.7157 -1.06599
-27.7157 -0.761421
-27.868 -0.456853
-27.868 -0.152284
-27.868 0.152284
-27.868 0.456853
-27.868 0.761421
-28.0203 1.06599
-28.0203 1.37056
-28.0203 1.67513
-28.0203 1.9797
-28.0203 2.28426
-28.0203 2.58883
-28.0203 2.8934
-27.868 3.19797
-27.868 3.50254
-27.868 3.65482
-27.868 3.95939
-27.868 4.26396
-27.7157 4.56853
-27.7157 4.8731
-27.7157 5.17766
-27.5635 5.48223
-27.5635 5.7868
-27.4112 6.09137
-27.4112 6.39594
-27.4112 6.70051
-27.2589 7.00508
-27.2589 7.30964
-27.1066 7.46193
-26.9543 7.7665
-26.9543 8.07107
-26.802 8.37563
-26.6497 8.6802
-26.6497 8.98477
-26.4975 9.13706
-26.3452 9.44162
-26.1929 9.74619
-26.0406 10.0508
-25.8883 10.3553
-25.736 10.5076
-25.5838 10.8122
-25.4315 11.1168
-25.2792 11.269
-25.1269 11.5736
-24.9746 11.7259
-24.8223 12.0305
-24.5178 12.1827
-24.3655 12.4873
-24.2132 12.6396
-23.9086 12.9442
-23.7563 13.0964
-23.4518 13.2487
-23.2995 13.401
-22.9949 13.5533
-22.6904 13.8579
-22.5381 14.0102
-22.2335 14.1624
-21.9289 14.3147
-21.7766 14.467
-21.4721 14.467
-21.1675 14.6193
-20.8629 14.7716
-20.7107 14.9239
-20.4061 14.9239
-20.1015 15.0761
-19.797 15.2284
-19.4924 15.2284
-19.1878 15.3807
-19.0355 15.3807
-18.731 15.3807
-18.4264 15.533
-18.1218 15.533
-17.8173 15.533
-17.5127 15.533
-17.2081 15.533
-17.0558 15.533
-16.7513 15.533
-16.4467 15.533
-16.1421 15.533
-15.8376 15.533
-15.533 15.533
-15.3807 15.533
-15.0761 15.533
-14.7716 15.533
-14.467 15.533
-14.3147 15.3807
-14.0102 15.3807
-13.7056 15.3807
-13.5533 15.3807
-13.2487 15.2284
-12.9442 15.2284
-12.7919 15.2284
-12.4873 15.0761
-12.335 15.0761
-12.0305 15.0761
-11.8782 14.9239
-11.5736 14.9239
-11.4213 14.9239
-11.1168 14.9239
-10.9645 14.7716
-10.6599 14.7716
-10.5076 14.7716
-10.203 14.6193
-10.0508 14.6193
-9.74619 14.6193
-9.59391 14.467
-9.44162 14.467
-9.13706 14.467
-8.98477 14.3147
-8.6802 14.3147
-8.52792 14.3147
-8.37563 14.1624
-8.07107 14.1624
-7.91878 14.0102
-7.61421 14.0102
-7.46193 14.0102
-7.30964 13.8579
-7.00508 13.8579
-6.85279 13.7056
-6.70051 13.7056
-6.39594 13.5533
-6.24365 13.5533
-5.93909 13.401
-5.7868 13.401
-5.63452 13.2487
-5.32995 13.2487
-5.17766 13.0964
-5.02538 13.0964
-4.72081 12.9442
-4.56853 12.9442
-4.41624 12.7919
-4.11168 12.6396
-3.95939 12.6396
-3.80711 12.4873
-3.50254 12.4873
-3.35025 12.335
-3.19797 12.1827
-2.8934 12.1827
-2.74112 12.0305
-2.58883 11.8782
-2.28426 11.7259
-2.13198 11.7259
-1.9797 11.5736
-1.67513 11.4213
-1.52284 11.269
-1.37056 11.1168
-1.06599 11.1168
-0.913706 10.9645
-0.761421 10.8122
-0.456853 10.6599
-0.304569 10.5076
-0.152284 10.3553
0.152284 10.203
0.304569 10.0508
0.456853 9.89848
0.761421 9.74619
0.913706 9.59391
1.21827 9.44162
1.37056 9.28934
1.52284 9.13706
1.82741 8.98477
1.9797 8.83249
2.28426 8.6802
2.43655 8.52792
2.74112 8.22335
2.8934 8.07107
3.19797 7.91878
3.35025 7.7665
3.65482 7.46193
3.80711 7.30964
4.11168 7.15736
4.26396 6.85279
4.56853 6.70051
4.72081 6.39594
5.02538 6.24365
5.17766 5.93909
5.48223 5.7868
5.63452 5.48223
5.7868 5.17766
6.09137 4.8731
6.24365 4.72081
6.39594 4.41624
6.70051 4.11168
6.85279 3.80711
7.00508 3.50254
7.15736 3.19797
7.30964 2.8934
7.46193 2.58883
7.61421 2.28426
