6.39594 2.13198
6.54822 1.82741
6.54822 1.52284
6.70051 1.21827
6.70051 0.913706
6.70051 0.609137
6.70051 0.152284
6.54822 -0.152284
6.54822 -0.456853
6.54822 -0.761421
6.39594 -1.06599
6.39594 -1.37056
6.24365 -1.67513
6.09137 -1.9797
5.93909 -2.28426
5.7868 -2.58883
5.63452 -2.8934
5.48223 -3.19797
5.32995 -3.50254
5.17766 -3.65482
4.8731 -3.95939
4.72081 -4.26396
4.41624 -4.41624
4.26396 -4.72081
3.95939 -4.8731
3.80711 -5.17766
3.50254 -5.32995
3.19797 -5.48223
2.8934 -5.7868
2.74112 -5.93909
2.43655 -6.09137
2.13198 -6.24365
1.82741 -6.39594
1.52284 -6.54822
1.21827 -6.70051
0.913706 -6.85279
0.761421 -7.00508
0.456853 -7.15736
0.152284 -7.30964
-0.152284 -7.30964
-0.456853 -7.46193
-0.761421 -7.61421
-0.913706 -7.61421
-1.21827 -7.7665
-1.52284 -7.91878
-1.82741 -7.91878
-1.9797 -8.07107
-2.28426 -8.22335
-2.43655 -8.22335
-2.74112 -8.37563
-2.8934 -8.52792
-3.19797 -8.6802
-3.35025 -8.6802
-3.65482 -8.83249
-3.80711 -8.98477
-4.11168 -9.13706
-4.26396 -9.13706
-4.41624 -9.28934
-4.72081 -9.44162
-4.8731 -9.59391
-5.17766 -9.59391
-5.32995 -9.74619
-5.48223 -9.89848
-5.7868 -10.0508
-5.93909 -10.0508
-6.09137 -10.203
-6.39594 -10.3553
-6.54822 -10.3553
-6.85279 -10.5076
-7.00508 -10.6599
-7.30964 -10.6599
-7.46193 -10.8122
-7.7665 -10.8122
-7.91878 -10.8122
-8.22335 -10.9645
-8.37563 -10.9645
-8.6802 -10.9645
-8.83249 -11.1168
-9.13706 -11.1168
-9.28934 -11.1168
-9.59391 -11.1168
-9.74619 -11.1168
-10.0508 -11.1168
-10.3553 -11.1168
-10.5076 -11.1168
-10.8122 -11.1168
-10.9645 -11.1168
-11.269 -11.1168
-11.4213 -11.1168
-11.7259 -11.1168
-11.8782 -11.1168
-12.1827 -11.1168
-12.335 -11.1168
-12.6396 -11.1168
-12.7919 -11.1168
-13.0964 -10.9645
-13.2487 -10.9645
-13.5533 -10.9645
-13.7056 -10.9645
-14.0102 -10.9645
-14.1624 -10.9645
-14.467 -10.8122
-14.6193 -10.8122
-14.9239 -10.8122
-15.2284 -10.8122
-15.3807 -10.8122
-15.6853 -10.8122
-15.8376 -10.6599
-16.1421 -10.6599
-16.2944 -10.6599
-16.599 -10.6599
-16.7513 -10.5076
-17.0558 -10.5076
-17.3604 -10.5076
-17.5127 -10.5076
-17.8173 -10.3553
-17.9695 -10.3553
-18.2741 -10.3553
-18.5787 -10.203
-18.731 -10.203
-19.0355 -10.0508
-19.1878 -10.0508
-19.4924 -10.0508
-19.797 -9.89848
-19.9492 -9.89848
-20.2538 -9.74619
-20.5584 -9.59391
-20.7107 -9.59391
-21.0152 -9.44162
-21.3198 -9.28934
-21.4721 -9.28934
-21.7766 -9.13706
-21.9289 -8.98477
-22.2335 -8.83249
-22.5381 -8.83249
-22.6904 -8.6802
-22.9949 -8.52792
-23.1472 -8.37563
-23.4518 -8.22335
-23.6041 -8.07107
-23.9086 -7.91878
-24.0609 -7.7665
-24.3655 -7.46193
-24.5178 -7.30964
-24.8223 -7.15736
-24.9746 -7.00508
-25.1269 -6.70051
-25.2792 -6.54822
-25.5838 -6.39594
-25.736 -6.09137
-25.8883 -5.93909
-26.0406 -5.63452
-26.1929 -5.48223
-26.3452 -5.17766
-26.4975 -5.02538
-26.6497 -4.72081
-26.802 -4.41624
-26.9543 -4.26396
-27.1066 -3.95939
-27.2589 -3.65482
-27.4112 -3.50254
-27.4112 -3.19797
-27.5635 -2.8934
-27.7157 -2.58883
-27.7157 -2.43655
-27.868 -2.13198
-27.868 -1.82741
-28.0203 -1.52284
-28.0203 -1.21827
-28.1726 -0.913706
-28.1726 -0.761421
-28.1726 -0.456853
-28.3249 -0.152284
-28.3249 0.152284
-28.3249 0.456853
-28.3249 0.761421
-28.3249 1.06599
-28.3249 1.37056
-28.3249 1.52284
-28.3249 1.82741
-28.3249 2.13198
-28.3249 2.43655
-28.3249 2.74112
-28.3249 3.04569
-28.1726 3.35025
-28.1726 3.65482
-28.1726 3.80711
-28.1726 4.11168
-28.0203 4.41624
-28.0203 4.72081
-27.868 5.02538
-27.868 5.32995
-27.868 5.48223
-27.7157 5.7868
-27.7157 6.09137
-27.5635 6.39594
-27.4112 6.70051
-27.4112 6.85279
-27.2589 7.15736
-27.2589 7.46193
-27.1066 7.61421
-26.9543 7.91878
-26.802 8.22335
-26.802 8.52792
-26.6497 8.6802
-26.4975 8.98477
-26.3452 9.13706
-26.1929 9.44162
-26.0406 9.74619
-25.8883 9.89848
-25.736 10.203
-25.5838 10.3553
-25.4315 10.6599
-25.2792 10.8122
-25.1269 11.1168
-24.9746 11.269
-24.8223 11.4213
-24.5178 11.7259
-24.3655 11.8782
-24.2132 12.0305
-23.9086 12.335
-23.7563 12.4873
-23.6041 12.6396
-23.2995 12.7919
-23.1472 12.9442
-22.8426 13.0964
-22.6904 13.2487
-22.5381 13.401
-22.2335 13.5533
-21.9289 13.7056
-21.7766 13.8579
-21.4721 14.0102
-21.3198 14.1624
-21.0152 14.3147
-20.7107 14.3147
-20.5584 14.467
-20.2538 14.6193
-19.9492 14.6193
-19.797 14.7716
-19.4924 14.7716
-19.1878 14.7716
-19.0355 14.9239
-18.731 14.9239
-18.4264 14.9239
-18.1218 14.9239
-17.9695 15.0761
-17.665 15.0761
-17.3604 15.0761
-17.0558 15.0761
-16.9036 15.0761
-16.599 15.0761
-16.2944 15.0761
-16.1421 15.0761
-15.8376 14.9239
-15.533 14.9239
-15.3807 14.9239
-15.0761 14.9239
-14.9239 14.9239
-14.6193 14.7716
-14.3147 14.7716
-14.1624 14.7716
-13.8579 14.7716
-13.7056 14.7716
-13.401 14.6193
-13.2487 14.6193
-12.9442 14.6193
-12.7919 14.6193
-12.6396 14.6193
-12.335 14.467
-12.1827 14.467
-11.8782 14.467
-11.7259 14.467
-11.4213 14.467
-11.269 14.467
-11.1168 14.3147
-10.8122 14.3147
-10.6599 14.3147
-10.5076 14.3147
-10.203 14.3147
-10.0508 14.3147
-9.74619 14.1624
-9.59391 14.1624
-9.44162 14.1624
-9.13706 14.1624
-8.98477 14.0102
-8.6802 14.0102
-8.52792 14.0102
-8.37563 14.0102
-8.07107 13.8579
-7.91878 13.8579
-7.61421 13.8579
-7.46193 13.7056
-7.30964 13.7056
-7.00508 13.5533
-6.85279 13.5533
-6.70051 13.5533
-6.39594 13.401
-6.24365 13.401
-6.09137 13.2487
-5.7868 13.2487
-5.63452 13.0964
-5.32995 12.9442
-5.17766 12.9442
-5.02538 12.7919
-4.72081 12.7919
-4.56853 12.6396
-4.41624 12.6396
-4.11168 12.4873
-3.95939 12.335
-3.65482 12.335
-3.50254 12.1827
-3.35025 12.0305
-3.04569 12.0305
-2.8934 11.8782
-2.58883 11.7259
-2.43655 11.7259
-2.13198 11.5736
-1.9797 11.4213
-1.67513 11.4213
-1.52284 11.269
-1.21827 11.1168
-1.06599 10.9645
-0.761421 10.8122
-0.609137 10.6599
-0.304569 10.6599
-0.152284 10.5076
0.152284 10.3553
0.304569 10.203
0.609137 10.0508
0.913706 9.89848
1.06599 9.59391
1.37056 9.44162
1.52284 9.28934
1.82741 9.13706
1.9797 8.98477
2.28426 8.83249
2.43655 8.52792
2.58883 8.37563
2.8934 8.07107
3.04569 7.91878
3.35025 7.7665
3.50254 7.46193
3.65482 7.30964
3.80711 7.00508
4.11168 6.70051
4.26396 6.54822
4.41624 6.24365
4.56853 5.93909
4.72081 5.7868
5.02538 5.48223
5.17766 5.17766
5.32995 4.8731
5.48223 4.56853
5.63452 4.26396
5.7868 3.95939
5.7868 3.65482
5.93909 3.35025
6.09137 3.04569
6.24365 2.74112
6.24365 2.43655
