8.83249 1.67513
8.98477 1.37056
9.13706 0.913706
9.28934 0.609137
9.44162 0.304569
9.44162 -0.152284
9.59391 -0.456853
9.59391 -0.913706
9.59391 -1.21827
9.44162 -1.52284
9.44162 -1.9797
9.28934 -2.28426
9.13706 -2.58883
9.13706 -2.8934
8.83249 -3.19797
8.6802 -3.65482
8.52792 -3.95939
8.37563 -4.26396
8.07107 -4.56853
7.91878 -4.72081
7.61421 -5.02538
7.30964 -5.32995
7.00508 -5.63452
6.70051 -5.7868
6.54822 -6.09137
6.24365 -6.24365
5.93909 -6.54822
5.63452 -6.70051
5.32995 -7.00508
5.02538 -7.15736
4.72081 -7.30964
4.41624 -7.46193
3.95939 -7.61421
3.65482 -7.7665
3.35025 -7.91878
3.04569 -8.07107
2.74112 -8.22335
2.43655 -8.37563
2.13198 -8.52792
1.82741 -8.6802
1.52284 -8.6802
1.21827 -8.83249
0.913706 -8.98477
0.609137 -8.98477
0.304569 -9.13706
0 -9.13706
-0.304569 -9.28934
-0.609137 -9.28934
-0.913706 -9.44162
-1.21827 -9.44162
-1.52284 -9.59391
-1.82741 -9.59391
-2.13198 -9.59391
-2.28426 -9.74619
-2.58883 -9.74619
-2.8934 -9.74619
-3.04569 -9.89848
-3.35025 -9.89848
-3.65482 -10.0508
-3.80711 -10.0508
-4.11168 -10.0508
-4.41624 -10.0508
-4.56853 -10.203
-4.8731 -10.203
-5.02538 -10.203
-5.32995 -10.3553
-5.48223 -10.3553
-5.7868 -10.3553
-5.93909 -10.5076
-6.24365 -10.5076
-6.39594 -10.6599
-6.70051 -10.6599
-6.85279 -10.6599
-7.15736 -10.8122
-7.30964 -10.8122
-7.46193 -10.9645
-7.7665 -10.9645
-7.91878 -10.9645
-8.22335 -11.1168
-8.37563 -11.1168
-8.6802 -11.269
-8.83249 -11.269
-9.13706 -11.269
-9.28934 -11.4213
-9.59391 -11.4213
-9.74619 -11.5736
-10.0508 -11.5736
-10.203 -11.5736
-10.5076 -11.5736
-10.6599 -11.7259
-10.9645 -11.7259
-11.1168 -11.7259
-11.4213 -11.7259
-11.5736 -11.7259
-11.8782 -11.7259
-12.0305 -11.7259
-12.335 -11.7259
-12.4873 -11.7259
-12.7919 -11.7259
-12.9442 -11.7259
-13.2487 -11.7259
-13.5533 -11.5736
-13.7056 -11.5736
-14.0102 -11.5736
-14.1624 -11.4213
-14.467 -11.4213
-14.6193 -11.269
-14.7716 -11.269
-15.0761 -11.1168
-15.2284 -11.1168
-15.533 -10.9645
-15.6853 -10.9645
-15.9898 -10.8122
-16.1421 -10.8122
-16.4467 -10.6599
-16.599 -10.5076
-16.7513 -10.5076
-17.0558 -10.3553
-17.2081 -10.3553
-17.5127 -10.203
-17.665 -10.203
-17.9695 -10.0508
-18.1218 -10.0508
-18.4264 -9.89848
-18.731 -9.89848
-18.8832 -9.74619
-19.1878 -9.74619
-19.3401 -9.59391
-19.6447 -9.44162
-19.9492 -9.44162
-20.1015 -9.28934
-20.4061 -9.28934
-20.5584 -9.13706
-20.8629 -8.98477
-21.1675 -8.98477
-21.3198 -8.83249
-21.6244 -8.6802
-21.9289 -8.52792
-22.0812 -8.52792
-22.3858 -8.37563
-22.6904 -8.22335
-22.8426 -8.07107
-23.1472 -7.91878
-23.2995 -7.7665
-23.6041 -7.61421
-23.7563 -7.46193
-24.0609 -7.15736
-24.2132 -7.00508
-24.5178 -6.85279
-24.6701 -6.54822
-24.8223 -6.39594
-25.1269 -6.24365
-25.2792 -5.93909
-25.4315 -5.7868
-25.5838 -5.48223
-25.8883 -5.32995
-26.0406 -5.02538
-26.1929 -4.8731
-26.3452 -4.56853
-26.4975 -4.26396
-26.6497 -4.11168
-26.6497 -3.80711
-26.802 -3.50254
-26.9543 -3.19797
-27.1066 -3.04569
-27.1066 -2.74112
-27.2589 -2.43655
-27.4112 -2.13198
-27.4112 -1.82741
-27.5635 -1.52284
-27.5635 -1.21827
-27.7157 -1.06599
-27.7157 -0.761421
-27.7157 -0.456853
-27.868 -0.152284
-27.868 0.152284
-27.868 0.456853
-27.868 0.761421
-27.868 1.06599
-27.868 1.37056
-28.0203 1.67513
-28.0203 1.9797
-27.868 2.28426
-27.868 2.58883
-27.868 2.8934
-27.868 3.19797
-27.868 3.50254
-27.868 3.80711
-27.868 4.11168
-27.7157 4.26396
-27.7157 4.56853
-27.7157 4.8731
-27.5635 5.17766
-27.5635 5.48223
-27.5635 5.7868
-27.4112 6.09137
-27.4112 6.39594
-27.2589 6.70051
-27.2589 7.00508
-27.1066 7.30964
-27.1066 7.46193
-26.9543 7.7665
-26.802 8.07107
-26.802 8.37563
-26.6497 8.6802
-26.4975 8.98477
-26.3452 9.28934
-26.1929 9.44162
-26.1929 9.74619
-26.0406 10.0508
-25.8883 10.3553
-25.736 10.5076
-25.5838 10.8122
-25.4315 11.1168
-25.1269 11.269
-24.9746 11.5736
-24.8223 11.7259
-24.6701 12.0305
-24.3655 12.1827
-24.2132 12.4873
-24.0609 12.6396
-23.7563 12.9442
-23.6041 13.0964
-23.2995 13.2487
-23.1472 13.401
-22.8426 13.7056
-22.6904 13.8579
-22.3858 14.0102
-22.0812 14.1624
-21.9289 14.3147
-21.6244 14.467
-21.3198 14.6193
-21.1675 14.7716
-20.8629 14.9239
-20.5584 14.9239
-20.2538 15.0761
-19.9492 15.2284
-19.797 15.2284
-19.4924 15.3807
-19.1878 15.3807
-18.8832 15.533
-18.5787 15.533
-18.2741 15.6853
-17.9695 15.6853
-17.8173 15.6853
-17.5127 15.6853
-17.2081 15.6853
-16.9036 15.6853
-16.599 15.8376
-16.2944 15.8376
-15.9898 15.8376
-15.6853 15.6853
-15.533 15.6853
-15.2284 15.6853
-14.9239 15.6853
-14.6193 15.6853
-14.3147 15.6853
-14.1624 15.533
-13.8579 15.533
-13.5533 15.533
-13.401 15.533
-13.0964 15.3807
-12.7919 15.3807
-12.6396 15.3807
-12.335 15.2284
-12.0305 15.2284
-11.8782 15.2284
-11.5736 15.0761
-11.4213 15.0761
-11.1168 15.0761
-10.9645 14.9239
-10.6599 14.9239
-10.5076 14.9239
-10.203 14.7716
-10.0508 14.7716
-9.74619 14.6193
-9.59391 14.6193
-9.28934 14.6193
-9.13706 14.467
-8.83249 14.467
-8.6802 14.3147
-8.37563 14.3147
-8.22335 14.3147
-8.07107 14.1624
-7.7665 14.1624
-7.61421 14.0102
-7.30964 14.0102
-7.15736 13.8579
-7.00508 13.8579
-6.70051 13.7056
-6.54822 13.7056
-6.39594 13.5533
-6.09137 13.5533
-5.93909 13.401
-5.63452 13.401
-5.48223 13.2487
-5.32995 13.0964
-5.02538 13.0964
-4.8731 12.9442
-4.72081 12.9442
-4.41624 12.7919
-4.26396 12.6396
-4.11168 12.6396
-3.80711 12.4873
-3.65482 12.335
-3.50254 12.335
-3.19797 12.1827
-3.04569 12.0305
-2.8934 12.0305
-2.58883 11.8782
-2.43655 11.7259
-2.28426 11.5736
-1.9797 11.5736
-1.82741 11.4213
-1.67513 11.269
-1.37056 11.1168
-1.21827 11.1168
-0.913706 10.9645
-0.761421 10.8122
-0.609137 10.6599
-0.304569 10.5076
-0.152284 10.3553
0.152284 10.203
0.304569 10.0508
0.456853 9.89848
0.761421 9.74619
0.913706 9.59391
1.21827 9.44162
1.37056 9.28934
1.67513 9.13706
1.82741 8.98477
2.13198 8.83249
2.28426 8.6802
2.58883 8.52792
2.74112 8.37563
3.04569 8.07107
3.19797 7.91878
3.50254 7.7665
3.65482 7.61421
3.95939 7.30964
4.11168 7.15736
4.41624 6.85279
4.56853 6.70051
4.8731 6.39594
5.02538 6.24365
5.32995 5.93909
5.48223 5.7868
5.7868 5.48223
5.93909 5.17766
6.24365 5.02538
6.39594 4.72081
6.54822 4.41624
6.85279 4.11168
7.00508 3.80711
7.30964 3.50254
7.46193 3.19797
7.61421 2.8934
7.91878 2.58883
8.07107 2.28426
8.22335 1.9797
