8.6802 1.82741
8.83249 1.37056
8.98477 1.06599
9.13706 0.761421
9.28934 0.304569
9.28934 0
9.44162 -0.304569
9.44162 -0.761421
9.44162 -1.06599
9.44162 -1.37056
9.44162 -1.82741
9.28934 -2.13198
9.28934 -2.43655
9.13706 -2.8934
8.98477 -3.19797
8.83249 -3.50254
8.6802 -3.80711
8.52792 -4.11168
8.37563 -4.41624
8.07107 -4.72081
7.91878 -5.02538
7.61421 -5.32995
7.30964 -5.63452
7.15736 -5.7868
6.85279 -6.09137
6.54822 -6.39594
6.24365 -6.54822
5.93909 -6.85279
5.63452 -7.00508
5.32995 -7.15736
5.02538 -7.30964
4.72081 -7.61421
4.41624 -7.7665
4.11168 -7.91878
3.65482 -8.07107
3.35025 -8.22335
3.04569 -8.37563
2.74112 -8.37563
2.43655 -8.52792
1.9797 -8.6802
1.67513 -8.6802
1.37056 -8.83249
1.06599 -8.98477
0.761421 -8.98477
0.456853 -9.13706
0.152284 -9.13706
-0.152284 -9.28934
-0.456853 -9.28934
-0.761421 -9.44162
-1.06599 -9.44162
-1.37056 -9.44162
-1.67513 -9.59391
-1.9797 -9.59391
-2.13198 -9.59391
-2.43655 -9.74619
-2.74112 -9.74619
-3.04569 -9.89848
-3.19797 -9.89848
-3.50254 -9.89848
-3.80711 -10.0508
-3.95939 -10.0508
-4.26396 -10.0508
-4.41624 -10.203
-4.72081 -10.203
-4.8731 -10.3553
-5.17766 -10.3553
-5.32995 -10.3553
-5.63452 -10.5076
-5.7868 -10.5076
-6.09137 -10.5076
-6.24365 -10.6599
-6.54822 -10.6599
-6.70051 -10.8122
-7.00508 -10.8122
-7.15736 -10.9645
-7.46193 -10.9645
-7.61421 -10.9645
-7.91878 -11.1168
-8.07107 -11.1168
-8.22335 -11.269
-8.52792 -11.269
-8.6802 -11.269
-8.98477 -11.4213
-9.13706 -11.4213
-9.44162 -11.4213
-9.59391 -11.5736
-9.89848 -11.5736
-10.0508 -11.5736
-10.3553 -11.7259
-10.6599 -11.7259
-10.8122 -11.7259
-11.1168 -11.7259
-11.269 -11.7259
-11.5736 -11.7259
-11.7259 -11.7259
-12.0305 -11.7259
-12.1827 -11.7259
-12.4873 -11.7259
-12.6396 -11.7259
-12.9442 -11.7259
-13.2487 -11.5736
-13.401 -11.5736
-13.7056 -11.5736
-13.8579 -11.4213
-14.1624 -11.4213
-14.3147 -11.269
-14.6193 -11.269
-14.7716 -11.1168
-15.0761 -11.1168
-15.2284 -10.9645
-15.3807 -10.9645
-15.6853 -10.8122
-15.8376 -10.8122
-16.1421 -10.6599
-16.2944 -10.6599
-16.599 -10.5076
-16.7513 -10.5076
-17.0558 -10.3553
-17.2081 -10.3553
-17.5127 -10.203
-17.665 -10.203
-17.9695 -10.0508
-18.1218 -10.0508
-18.4264 -9.89848
-18.5787 -9.89848
-18.8832 -9.74619
-19.1878 -9.74619
-19.3401 -9.59391
-19.6447 -9.59391
-19.9492 -9.44162
-20.1015 -9.28934
-20.4061 -9.28934
-20.7107 -9.13706
-20.8629 -8.98477
-21.1675 -8.98477
-21.4721 -8.83249
-21.6244 -8.6802
-21.9289 -8.6802
-22.2335 -8.52792
-22.3858 -8.37563
-22.6904 -8.22335
-22.9949 -8.07107
-23.1472 -7.91878
-23.4518 -7.7665
-23.6041 -7.61421
-23.9086 -7.46193
-24.0609 -7.15736
-24.3655 -7.00508
-24.5178 -6.85279
-24.8223 -6.54822
-24.9746 -6.39594
-25.1269 -6.24365
-25.2792 -5.93909
-25.5838 -5.7868
-25.736 -5.48223
-25.8883 -5.32995
-26.0406 -5.02538
-26.1929 -4.72081
-26.3452 -4.56853
-26.4975 -4.26396
-26.6497 -3.95939
-26.802 -3.65482
-26.9543 -3.50254
-26.9543 -3.19797
-27.1066 -2.8934
-27.2589 -2.58883
-27.2589 -2.28426
-27.4112 -2.13198
-27.5635 -1.82741
-27.5635 -1.52284
-27.7157 -1.21827
-27.7157 -0.913706
-27.7157 -0.609137
-27.868 -0.304569
-27.868 0
-27.868 0.304569
-27.868 0.609137
-28.0203 0.913706
-28.0203 1.21827
-28.0203 1.52284
-28.0203 1.82741
-28.0203 2.13198
-28.0203 2.43655
-28.0203 2.74112
-28.0203 2.8934
-27.868 3.19797
-27.868 3.50254
-27.868 3.80711
-27.868 4.11168
-27.868 4.41624
-27.7157 4.72081
-27.7157 5.02538
-27.7157 5.32995
-27.5635 5.63452
-27.5635 5.93909
-27.4112 6.24365
-27.4112 6.54822
-27.2589 6.85279
-27.2589 7.15736
-27.1066 7.30964
-27.1066 7.61421
-26.9543 7.91878
-26.802 8.22335
-26.6497 8.52792
-26.6497 8.83249
-26.4975 9.13706
-26.3452 9.28934
-26.1929 9.59391
-26.0406 9.89848
-25.8883 10.203
-25.736 10.3553
-25.5838 10.6599
-25.4315 10.9645
-25.2792 11.1168
-25.1269 11.4213
-24.9746 11.7259
-24.8223 11.8782
-24.5178 12.1827
-24.3655 12.335
-24.2132 12.4873
-23.9086 12.7919
-23.7563 12.9442
-23.4518 13.2487
-23.2995 13.401
-22.9949 13.5533
-22.8426 13.7056
-22.5381 13.8579
-22.2335 14.0102
-22.0812 14.3147
-21.7766 14.467
-21.4721 14.6193
-21.3198 14.6193
-21.0152 14.7716
-20.7107 14.9239
-20.4061 15.0761
-20.2538 15.2284
-19.9492 15.2284
-19.6447 15.3807
-19.3401 15.3807
-19.0355 15.533
-18.731 15.533
-18.5787 15.6853
-18.2741 15.6853
-17.9695 15.6853
-17.665 15.6853
-17.3604 15.8376
-17.0558 15.8376
-16.7513 15.8376
-16.4467 15.8376
-16.1421 15.8376
-15.9898 15.8376
-15.6853 15.8376
-15.3807 15.8376
-15.0761 15.6853
-14.7716 15.6853
-14.6193 15.6853
-14.3147 15.6853
-14.0102 15.533
-13.7056 15.533
-13.5533 15.533
-13.2487 15.533
-12.9442 15.3807
-12.7919 15.3807
-12.4873 15.3807
-12.1827 15.2284
-12.0305 15.2284
-11.7259 15.2284
-11.5736 15.0761
-11.269 15.0761
-11.1168 14.9239
-10.8122 14.9239
-10.6599 14.9239
-10.3553 14.7716
-10.203 14.7716
-9.89848 14.7716
-9.74619 14.6193
-9.44162 14.6193
-9.28934 14.467
-8.98477 14.467
-8.83249 14.467
-8.52792 14.3147
-8.37563 14.3147
-8.22335 14.1624
-7.91878 14.1624
-7.7665 14.0102
-7.61421 14.0102
-7.30964 13.8579
-7.15736 13.8579
-6.85279 13.7056
-6.70051 13.7056
-6.54822 13.5533
-6.24365 13.5533
-6.09137 13.401
-5.93909 13.401
-5.63452 13.2487
-5.48223 13.2487
-5.32995 13.0964
-5.17766 12.9442
-4.8731 12.9442
-4.72081 12.7919
-4.56853 12.6396
-4.26396 12.6396
-4.11168 12.4873
-3.95939 12.335
-3.65482 12.335
-3.50254 12.1827
-3.35025 12.0305
-3.19797 12.0305
-2.8934 11.8782
-2.74112 11.7259
-2.58883 11.7259
-2.28426 11.5736
-2.13198 11.4213
-1.9797 11.269
-1.67513 11.269
-1.52284 11.1168
-1.21827 10.9645
-1.06599 10.8122
-0.913706 10.6599
-0.609137 10.6599
-0.456853 10.5076
-0.152284 10.3553
0 10.203
0.152284 10.0508
0.456853 9.89848
0.609137 9.74619
0.913706 9.59391
1.06599 9.44162
1.37056 9.28934
1.52284 9.13706
1.82741 8.98477
1.9797 8.83249
2.28426 8.6802
2.43655 8.52792
2.74112 8.37563
2.8934 8.22335
3.19797 8.07107
3.35025 7.7665
3.65482 7.61421
3.80711 7.46193
4.11168 7.15736
4.26396 7.00508
4.56853 6.70051
4.72081 6.54822
5.02538 6.24365
5.17766 6.09137
5.48223 5.7868
5.63452 5.63452
5.93909 5.32995
6.09137 5.02538
6.39594 4.8731
6.54822 4.56853
6.85279 4.26396
7.00508 3.95939
7.30964 3.65482
7.46193 3.35025
7.61421 3.04569
7.91878 2.74112
8.07107 2.43655
8.22335 2.13198
