8.83249 1.67513
8.98477 1.37056
9.13706 1.06599
9.28934 0.609137
9.28934 0.304569
9.44162 0
9.44162 -0.456853
9.44162 -0.761421
9.44162 -1.21827
9.44162 -1.52284
9.44162 -1.82741
9.28934 -2.13198
9.28934 -2.58883
9.13706 -2.8934
8.98477 -3.19797
8.83249 -3.50254
8.6802 -3.80711
8.52792 -4.11168
8.22335 -4.41624
8.07107 -4.72081
7.7665 -5.02538
7.61421 -5.32995
7.30964 -5.63452
7.00508 -5.7868
6.70051 -6.09137
6.54822 -6.24365
6.24365 -6.54822
5.93909 -6.70051
5.63452 -7.00508
5.32995 -7.15736
5.02538 -7.30964
4.72081 -7.46193
4.41624 -7.61421
4.11168 -7.7665
3.65482 -7.91878
3.35025 -8.07107
3.04569 -8.22335
2.74112 -8.37563
2.43655 -8.52792
2.13198 -8.6802
1.82741 -8.6802
1.52284 -8.83249
1.21827 -8.98477
0.913706 -8.98477
0.609137 -9.13706
0.304569 -9.13706
0 -9.28934
-0.304569 -9.28934
-0.609137 -9.44162
-0.913706 -9.44162
-1.21827 -9.44162
-1.52284 -9.59391
-1.82741 -9.59391
-1.9797 -9.74619
-2.28426 -9.74619
-2.58883 -9.74619
-2.8934 -9.89848
-3.04569 -9.89848
-3.35025 -9.89848
-3.65482 -10.0508
-3.80711 -10.0508
-4.11168 -10.0508
-4.26396 -10.203
-4.56853 -10.203
-4.72081 -10.3553
-5.02538 -10.3553
-5.17766 -10.3553
-5.48223 -10.5076
-5.63452 -10.5076
-5.93909 -10.6599
-6.09137 -10.6599
-6.39594 -10.6599
-6.54822 -10.8122
-6.85279 -10.8122
-7.00508 -10.9645
-7.15736 -10.9645
-7.46193 -11.1168
-7.61421 -11.1168
-7.91878 -11.1168
-8.07107 -11.269
-8.37563 -11.269
-8.52792 -11.4213
-8.83249 -11.4213
-8.98477 -11.5736
-9.28934 -11.5736
-9.44162 -11.5736
-9.74619 -11.7259
-9.89848 -11.7259
-10.203 -11.7259
-10.3553 -11.7259
-10.6599 -11.8782
-10.8122 -11.8782
-11.1168 -11.8782
-11.269 -11.8782
-11.5736 -11.8782
-11.7259 -11.8782
-12.0305 -11.8782
-12.335 -11.8782
-12.4873 -11.8782
-12.7919 -11.7259
-12.9442 -11.7259
-13.2487 -11.7259
-13.401 -11.5736
-13.7056 -11.5736
-13.8579 -11.5736
-14.1624 -11.4213
-14.3147 -11.4213
-14.6193 -11.269
-14.7716 -11.269
-15.0761 -11.1168
-15.2284 -11.1168
-15.533 -10.9645
-15.6853 -10.8122
-15.8376 -10.8122
-16.1421 -10.6599
-16.2944 -10.6599
-16.599 -10.5076
-16.7513 -10.5076
-17.0558 -10.3553
-17.2081 -10.3553
-17.5127 -10.203
-17.665 -10.203
-17.9695 -10.0508
-18.1218 -10.0508
-18.4264 -9.89848
-18.731 -9.89848
-18.8832 -9.74619
-19.1878 -9.74619
-19.4924 -9.59391
-19.6447 -9.59391
-19.9492 -9.44162
-20.2538 -9.28934
-20.4061 -9.28934
-20.7107 -9.13706
-21.0152 -9.13706
-21.3198 -8.98477
-21.4721 -8.83249
-21.7766 -8.6802
-22.0812 -8.6802
-22.2335 -8.52792
-22.5381 -8.37563
-22.8426 -8.22335
-22.9949 -8.07107
-23.2995 -7.91878
-23.6041 -7.7665
-23.7563 -7.61421
-24.0609 -7.30964
-24.2132 -7.15736
-24.5178 -7.00508
-24.6701 -6.85279
-24.8223 -6.54822
-25.1269 -6.39594
-25.2792 -6.09137
-25.4315 -5.93909
-25.736 -5.63452
-25.8883 -5.48223
-26.0406 -5.17766
-26.1929 -4.8731
-26.3452 -4.72081
-26.4975 -4.41624
-26.6497 -4.11168
-26.802 -3.95939
-26.9543 -3.65482
-26.9543 -3.35025
-27.1066 -3.04569
-27.2589 -2.74112
-27.4112 -2.43655
-27.4112 -2.13198
-27.5635 -1.9797
-27.5635 -1.67513
-27.7157 -1.37056
-27.7157 -1.06599
-27.7157 -0.761421
-27.868 -0.456853
-27.868 -0.152284
-27.868 0.152284
-27.868 0.456853
-27.868 0.761421
-27.868 1.06599
-27.868 1.37056
-27.868 1.67513
-27.868 1.9797
-27.868 2.28426
-27.868 2.58883
-27.868 2.8934
-27.868 3.19797
-27.868 3.50254
-27.7157 3.80711
-27.7157 4.11168
-27.7157 4.41624
-27.5635 4.72081
-27.5635 5.02538
-27.5635 5.32995
-27.4112 5.63452
-27.4112 5.93909
-27.4112 6.09137
-27.2589 6.39594
-27.2589 6.70051
-27.1066 7.00508
-27.1066 7.30964
-26.9543 7.61421
-26.802 7.91878
-26.802 8.22335
-26.6497 8.52792
-26.4975 8.83249
-26.4975 8.98477
-26.3452 9.28934
-26.1929 9.59391
-26.0406 9.89848
-25.8883 10.203
-25.736 10.3553
-25.5838 10.6599
-25.4315 10.9645
-25.2792 11.269
-25.1269 11.4213
-24.8223 11.7259
-24.6701 11.8782
-24.5178 12.1827
-24.2132 12.335
-24.0609 12.6396
-23.9086 12.7919
-23.6041 12.9442
-23.4518 13.2487
-23.1472 13.401
-22.8426 13.5533
-22.6904 13.7056
-22.3858 13.8579
-22.0812 14.0102
-21.9289 14.1624
-21.6244 14.3147
-21.3198 14.467
-21.0152 14.6193
-20.7107 14.7716
-20.5584 14.7716
-20.2538 14.9239
-19.9492 15.0761
-19.6447 15.0761
-19.3401 15.2284
-19.0355 15.2284
-18.731 15.3807
-18.5787 15.3807
-18.2741 15.3807
-17.9695 15.533
-17.665 15.533
-17.3604 15.533
-17.0558 15.533
-16.7513 15.533
-16.4467 15.533
-16.2944 15.533
-15.9898 15.533
-15.6853 15.533
-15.3807 15.533
-15.0761 15.533
-14.7716 15.533
-14.6193 15.533
-14.3147 15.533
-14.0102 15.3807
-13.7056 15.3807
-13.5533 15.3807
-13.2487 15.3807
-12.9442 15.2284
-12.7919 15.2284
-12.4873 15.2284
-12.335 15.2284
-12.0305 15.0761
-11.7259 15.0761
-11.5736 15.0761
-11.269 14.9239
-11.1168 14.9239
-10.8122 14.9239
-10.6599 14.7716
-10.3553 14.7716
-10.203 14.6193
-9.89848 14.6193
-9.74619 14.6193
-9.44162 14.467
-9.28934 14.467
-8.98477 14.3147
-8.83249 14.3147
-8.6802 14.3147
-8.37563 14.1624
-8.22335 14.1624
-7.91878 14.0102
-7.7665 14.0102
-7.61421 13.8579
-7.30964 13.8579
-7.15736 13.7056
-7.00508 13.7056
-6.70051 13.5533
-6.54822 13.5533
-6.39594 13.401
-6.09137 13.401
-5.93909 13.2487
-5.7868 13.2487
-5.48223 13.0964
-5.32995 13.0964
-5.17766 12.9442
-4.8731 12.7919
-4.72081 12.7919
-4.56853 12.6396
-4.26396 12.6396
-4.11168 12.4873
-3.95939 12.335
-3.65482 12.335
-3.50254 12.1827
-3.35025 12.1827
-3.04569 12.0305
-2.8934 11.8782
-2.74112 11.8782
-2.43655 11.7259
-2.28426 11.5736
-2.13198 11.4213
-1.82741 11.4213
-1.67513 11.269
-1.52284 11.1168
-1.21827 11.1168
-1.06599 10.9645
-0.761421 10.8122
-0.609137 10.6599
-0.456853 10.5076
-0.152284 10.3553
0 10.3553
0.304569 10.203
0.456853 10.0508
0.609137 9.89848
0.913706 9.74619
1.06599 9.59391
1.37056 9.44162
1.52284 9.28934
1.82741 9.13706
1.9797 8.98477
2.28426 8.83249
2.43655 8.6802
2.58883 8.37563
2.8934 8.22335
3.04569 8.07107
3.35025 7.91878
3.50254 7.61421
3.80711 7.46193
3.95939 7.30964
4.26396 7.00508
4.41624 6.85279
4.72081 6.70051
4.8731 6.39594
5.02538 6.24365
5.32995 5.93909
5.48223 5.63452
5.7868 5.48223
5.93909 5.17766
6.24365 4.8731
6.39594 4.72081
6.70051 4.41624
6.85279 4.11168
7.00508 3.80711
7.30964 3.50254
7.46193 3.19797
7.7665 2.8934
7.91878 2.58883
8.07107 2.28426
8.37563 1.9797
