9.28934 1.67513
9.74619 1.37056
10.203 0.913706
10.5076 0.609137
10.6599 0.152284
10.8122 -0.304569
10.9645 -0.761421
11.1168 -1.21827
11.1168 -1.52284
11.1168 -1.9797
11.1168 -2.43655
10.9645 -2.74112
10.8122 -3.19797
10.6599 -3.65482
10.3553 -3.95939
10.203 -4.26396
9.89848 -4.72081
9.59391 -5.02538
9.28934 -5.32995
8.98477 -5.63452
8.52792 -5.93909
8.22335 -6.24365
7.91878 -6.54822
7.46193 -6.70051
7.00508 -7.00508
6.70051 -7.15736
6.24365 -7.46193
5.93909 -7.61421
5.48223 -7.7665
5.02538 -8.07107
4.72081 -8.22335
4.26396 -8.37563
3.80711 -8.52792
3.50254 -8.6802
3.04569 -8.83249
2.74112 -8.83249
2.28426 -8.98477
1.9797 -9.13706
1.52284 -9.28934
1.21827 -9.28934
0.761421 -9.44162
0.456853 -9.44162
0.152284 -9.59391
-0.304569 -9.74619
-0.609137 -9.74619
-0.913706 -9.89848
-1.21827 -9.89848
-1.52284 -9.89848
-1.82741 -10.0508
-2.13198 -10.0508
-2.43655 -10.203
-2.74112 -10.203
-3.04569 -10.3553
-3.35025 -10.3553
-3.65482 -10.5076
-3.80711 -10.5076
-4.11168 -10.6599
-4.41624 -10.6599
-4.72081 -10.8122
-4.8731 -10.8122
-5.17766 -10.9645
-5.48223 -10.9645
-5.63452 -11.1168
-5.93909 -11.1168
-6.24365 -11.269
-6.39594 -11.269
-6.70051 -11.4213
-6.85279 -11.4213
-7.15736 -11.4213
-7.46193 -11.5736
-7.61421 -11.5736
-7.91878 -11.5736
-8.07107 -11.7259
-8.37563 -11.7259
-8.6802 -11.7259
-8.83249 -11.7259
-9.13706 -11.7259
-9.44162 -11.7259
-9.59391 -11.7259
-9.89848 -11.7259
-10.0508 -11.7259
-10.3553 -11.7259
-10.6599 -11.7259
-10.8122 -11.7259
-11.1168 -11.7259
-11.269 -11.7259
-11.5736 -11.5736
-11.7259 -11.5736
-12.0305 -11.5736
-12.335 -11.5736
-12.4873 -11.4213
-12.7919 -11.4213
-12.9442 -11.4213
-13.2487 -11.269
-13.401 -11.269
-13.5533 -11.1168
-13.8579 -11.1168
-14.0102 -11.1168
-14.3147 -10.9645
-14.467 -10.9645
-14.7716 -10.8122
-14.9239 -10.8122
-15.0761 -10.6599
-15.3807 -10.6599
-15.533 -10.5076
-15.6853 -10.5076
-15.9898 -10.3553
-16.1421 -10.203
-16.4467 -10.203
-16.599 -10.0508
-16.7513 -10.0508
-17.0558 -9.89848
-17.2081 -9.89848
-17.3604 -9.74619
-17.665 -9.74619
-17.8173 -9.59391
-17.9695 -9.59391
-18.2741 -9.59391
-18.4264 -9.44162
-18.731 -9.44162
-18.8832 -9.28934
-19.0355 -9.28934
-19.3401 -9.13706
-19.4924 -9.13706
-19.797 -9.13706
-20.1015 -8.98477
-20.2538 -8.98477
-20.5584 -8.83249
-20.7107 -8.83249
-21.0152 -8.6802
-21.1675 -8.6802
-21.4721 -8.52792
-21.7766 -8.52792
-21.9289 -8.37563
-22.2335 -8.37563
-22.3858 -8.22335
-22.6904 -8.07107
-22.9949 -7.91878
-23.1472 -7.91878
-23.4518 -7.7665
-23.6041 -7.61421
-23.9086 -7.46193
-24.0609 -7.30964
-24.2132 -7.15736
-24.5178 -7.00508
-24.6701 -6.85279
-24.8223 -6.54822
-24.9746 -6.39594
-25.2792 -6.24365
-25.4315 -5.93909
-25.5838 -5.7868
-25.736 -5.63452
-25.8883 -5.32995
-25.8883 -5.17766
-26.0406 -4.8731
-26.1929 -4.72081
-26.3452 -4.41624
-26.4975 -4.11168
-26.4975 -3.95939
-26.6497 -3.65482
-26.6497 -3.50254
-26.802 -3.19797
-26.9543 -2.8934
-26.9543 -2.74112
-26.9543 -2.43655
-27.1066 -2.13198
-27.1066 -1.9797
-27.2589 -1.67513
-27.2589 -1.37056
-27.4112 -1.21827
-27.4112 -0.913706
-27.4112 -0.609137
-27.5635 -0.304569
-27.5635 -0.152284
-27.5635 0.152284
-27.7157 0.456853
-27.7157 0.609137
-27.7157 0.913706
-27.7157 1.21827
-27.7157 1.52284
-27.868 1.67513
-27.868 1.9797
-27.868 2.28426
-27.868 2.58883
-27.868 2.8934
-27.868 3.04569
-27.868 3.35025
-27.868 3.65482
-27.868 3.95939
-27.868 4.11168
-27.868 4.41624
-27.868 4.72081
-27.868 5.02538
-27.868 5.32995
-27.7157 5.48223
-27.7157 5.7868
-27.7157 6.09137
-27.7157 6.39594
-27.5635 6.70051
-27.5635 6.85279
-27.4112 7.15736
-27.4112 7.46193
-27.4112 7.7665
-27.2589 8.07107
-27.1066 8.22335
-27.1066 8.52792
-26.9543 8.83249
-26.802 9.13706
-26.802 9.28934
-26.6497 9.59391
-26.4975 9.89848
-26.3452 10.0508
-26.1929 10.3553
-26.0406 10.5076
-25.8883 10.8122
-25.736 11.1168
-25.5838 11.269
-25.4315 11.5736
-25.2792 11.7259
-25.1269 12.0305
-24.9746 12.1827
-24.8223 12.335
-24.5178 12.6396
-24.3655 12.7919
-24.2132 12.9442
-23.9086 13.2487
-23.7563 13.401
-23.4518 13.5533
-23.2995 13.7056
-22.9949 13.8579
-22.8426 14.0102
-22.5381 14.1624
-22.3858 14.3147
-22.0812 14.467
-21.9289 14.6193
-21.6244 14.7716
-21.3198 14.9239
-21.1675 14.9239
-20.8629 15.0761
-20.5584 15.2284
-20.2538 15.2284
-20.1015 15.3807
-19.797 15.3807
-19.4924 15.533
-19.1878 15.533
-18.8832 15.533
-18.731 15.6853
-18.4264 15.6853
-18.1218 15.6853
-17.8173 15.6853
-17.5127 15.6853
-17.3604 15.6853
-17.0558 15.6853
-16.7513 15.6853
-16.4467 15.6853
-16.2944 15.6853
-15.9898 15.6853
-15.6853 15.6853
-15.3807 15.6853
-15.2284 15.6853
-14.9239 15.533
-14.6193 15.533
-14.467 15.533
-14.1624 15.533
-14.0102 15.533
-13.7056 15.3807
-13.401 15.3807
-13.2487 15.3807
-12.9442 15.3807
-12.7919 15.2284
-12.4873 15.2284
-12.335 15.2284
-12.0305 15.0761
-11.7259 15.0761
-11.5736 15.0761
-11.269 15.0761
-11.1168 14.9239
-10.8122 14.9239
-10.6599 14.9239
-10.3553 14.7716
-10.203 14.7716
-10.0508 14.7716
-9.74619 14.6193
-9.59391 14.6193
-9.28934 14.467
-9.13706 14.467
-8.83249 14.467
-8.6802 14.3147
-8.37563 14.3147
-8.22335 14.1624
-8.07107 14.1624
-7.7665 14.0102
-7.61421 14.0102
-7.30964 13.8579
-7.15736 13.7056
-7.00508 13.7056
-6.70051 13.5533
-6.54822 13.5533
-6.24365 13.401
-6.09137 13.2487
-5.93909 13.2487
-5.63452 13.0964
-5.48223 12.9442
-5.17766 12.9442
-5.02538 12.7919
-4.8731 12.6396
-4.56853 12.6396
-4.41624 12.4873
-4.26396 12.335
-3.95939 12.335
-3.80711 12.1827
-3.50254 12.0305
-3.35025 11.8782
-3.04569 11.8782
-2.8934 11.7259
-2.58883 11.5736
-2.43655 11.4213
-2.13198 11.269
-1.9797 11.269
-1.67513 11.1168
-1.52284 10.9645
-1.21827 10.8122
-1.06599 10.6599
-0.761421 10.5076
-0.609137 10.5076
-0.304569 10.3553
0 10.203
0.152284 10.0508
0.456853 9.89848
0.761421 9.74619
1.06599 9.59391
1.21827 9.44162
1.52284 9.13706
1.82741 8.98477
2.13198 8.83249
2.28426 8.6802
2.58883 8.52792
2.8934 8.22335
3.19797 8.07107
3.50254 7.91878
3.80711 7.61421
4.11168 7.46193
4.41624 7.15736
4.72081 7.00508
4.8731 6.70051
5.17766 6.54822
5.48223 6.24365
5.7868 5.93909
6.09137 5.63452
6.39594 5.48223
6.70051 5.17766
7.00508 4.8731
7.30964 4.56853
7.61421 4.26396
7.7665 3.80711
8.07107 3.50254
8.37563 3.19797
8.6802 2.8934
8.83249 2.43655
9.13706 2.13198
