9.59391 1.67513
9.89848 1.21827
10.0508 0.913706
10.203 0.456853
10.3553 0.152284
10.5076 -0.304569
10.5076 -0.609137
10.6599 -0.913706
10.6599 -1.37056
10.5076 -1.67513
10.5076 -2.13198
10.3553 -2.43655
10.3553 -2.8934
10.203 -3.19797
10.0508 -3.50254
9.74619 -3.80711
9.59391 -4.11168
9.44162 -4.41624
9.13706 -4.72081
8.83249 -5.02538
8.6802 -5.32995
8.37563 -5.63452
8.07107 -5.93909
7.7665 -6.09137
7.46193 -6.39594
7.15736 -6.70051
6.85279 -6.85279
6.54822 -7.00508
6.24365 -7.30964
5.93909 -7.46193
5.48223 -7.61421
5.17766 -7.91878
4.8731 -8.07107
4.56853 -8.22335
4.26396 -8.37563
3.95939 -8.52792
3.50254 -8.6802
3.19797 -8.6802
2.8934 -8.83249
2.58883 -8.98477
2.28426 -9.13706
1.9797 -9.13706
1.52284 -9.28934
1.21827 -9.44162
0.913706 -9.44162
0.609137 -9.59391
0.304569 -9.59391
0 -9.74619
-0.304569 -9.74619
-0.609137 -9.89848
-0.913706 -9.89848
-1.06599 -9.89848
-1.37056 -10.0508
-1.67513 -10.0508
-1.9797 -10.203
-2.28426 -10.203
-2.43655 -10.203
-2.74112 -10.3553
-3.04569 -10.3553
-3.35025 -10.5076
-3.50254 -10.5076
-3.80711 -10.5076
-3.95939 -10.6599
-4.26396 -10.6599
-4.56853 -10.6599
-4.72081 -10.8122
-5.02538 -10.8122
-5.17766 -10.8122
-5.48223 -10.9645
-5.63452 -10.9645
-5.93909 -10.9645
-6.09137 -11.1168
-6.39594 -11.1168
-6.54822 -11.269
-6.85279 -11.269
-7.00508 -11.269
-7.30964 -11.4213
-7.46193 -11.4213
-7.7665 -11.5736
-7.91878 -11.5736
-8.22335 -11.5736
-8.37563 -11.7259
-8.6802 -11.7259
-8.83249 -11.7259
-9.13706 -11.8782
-9.28934 -11.8782
-9.59391 -11.8782
-9.74619 -11.8782
-10.0508 -11.8782
-10.3553 -12.0305
-10.5076 -12.0305
-10.8122 -12.0305
-10.9645 -12.0305
-11.269 -12.0305
-11.4213 -12.0305
-11.7259 -11.8782
-11.8782 -11.8782
-12.1827 -11.8782
-12.335 -11.8782
-12.6396 -11.7259
-12.7919 -11.7259
-13.0964 -11.5736
-13.2487 -11.5736
-13.5533 -11.4213
-13.7056 -11.4213
-14.0102 -11.269
-14.1624 -11.269
-14.467 -11.1168
-14.6193 -10.9645
-14.7716 -10.9645
-15.0761 -10.8122
-15.2284 -10.6599
-15.533 -10.6599
-15.6853 -10.5076
-15.8376 -10.3553
-16.1421 -10.3553
-16.2944 -10.203
-16.4467 -10.203
-16.7513 -10.0508
-16.9036 -10.0508
-17.2081 -9.89848
-17.3604 -9.89848
-17.665 -9.74619
-17.8173 -9.74619
-18.1218 -9.59391
-18.2741 -9.59391
-18.5787 -9.44162
-18.8832 -9.44162
-19.0355 -9.44162
-19.3401 -9.28934
-19.6447 -9.28934
-19.9492 -9.13706
-20.1015 -9.13706
-20.4061 -8.98477
-20.7107 -8.98477
-21.0152 -8.83249
-21.1675 -8.6802
-21.4721 -8.6802
-21.7766 -8.52792
-22.0812 -8.37563
-22.3858 -8.22335
-22.5381 -8.22335
-22.8426 -8.07107
-23.1472 -7.91878
-23.2995 -7.7665
-23.6041 -7.61421
-23.9086 -7.30964
-24.0609 -7.15736
-24.3655 -7.00508
-24.5178 -6.85279
-24.6701 -6.54822
-24.9746 -6.39594
-25.1269 -6.24365
-25.2792 -5.93909
-25.5838 -5.7868
-25.736 -5.48223
-25.8883 -5.17766
-26.0406 -5.02538
-26.1929 -4.72081
-26.3452 -4.41624
-26.4975 -4.26396
-26.6497 -3.95939
-26.802 -3.65482
-26.9543 -3.35025
-26.9543 -3.19797
-27.1066 -2.8934
-27.2589 -2.58883
-27.2589 -2.28426
-27.4112 -1.9797
-27.4112 -1.67513
-27.5635 -1.37056
-27.5635 -1.06599
-27.7157 -0.761421
-27.7157 -0.456853
-27.7157 -0.152284
-27.7157 0.152284
-27.7157 0.456853
-27.868 0.761421
-27.868 1.06599
-27.868 1.37056
-27.868 1.67513
-27.868 1.9797
-27.868 2.28426
-27.868 2.58883
-27.868 2.74112
-27.7157 3.04569
-27.7157 3.35025
-27.7157 3.65482
-27.7157 3.95939
-27.7157 4.26396
-27.5635 4.56853
-27.5635 4.8731
-27.5635 5.17766
-27.5635 5.48223
-27.4112 5.7868
-27.4112 6.09137
-27.4112 6.39594
-27.2589 6.70051
-27.2589 7.00508
-27.1066 7.30964
-27.1066 7.61421
-26.9543 7.91878
-26.9543 8.22335
-26.802 8.52792
-26.802 8.83249
-26.6497 9.13706
-26.4975 9.44162
-26.3452 9.74619
-26.3452 10.0508
-26.1929 10.203
-26.0406 10.5076
-25.8883 10.8122
-25.736 11.1168
-25.5838 11.4213
-25.4315 11.5736
-25.1269 11.8782
-24.9746 12.1827
-24.8223 12.335
-24.5178 12.6396
-24.3655 12.7919
-24.0609 12.9442
-23.9086 13.2487
-23.6041 13.401
-23.4518 13.5533
-23.1472 13.8579
-22.8426 14.0102
-22.5381 14.1624
-22.3858 14.3147
-22.0812 14.467
-21.7766 14.6193
-21.4721 14.7716
-21.1675 14.7716
-20.8629 14.9239
-20.7107 15.0761
-20.4061 15.0761
-20.1015 15.2284
-19.797 15.3807
-19.4924 15.3807
-19.1878 15.3807
-18.8832 15.533
-18.5787 15.533
-18.2741 15.6853
-17.9695 15.6853
-17.665 15.6853
-17.3604 15.6853
-17.0558 15.6853
-16.7513 15.6853
-16.4467 15.6853
-16.2944 15.6853
-15.9898 15.6853
-15.6853 15.6853
-15.3807 15.6853
-15.0761 15.6853
-14.7716 15.6853
-14.6193 15.6853
-14.3147 15.6853
-14.0102 15.533
-13.7056 15.533
-13.401 15.533
-13.2487 15.533
-12.9442 15.3807
-12.6396 15.3807
-12.4873 15.3807
-12.1827 15.2284
-11.8782 15.2284
-11.7259 15.2284
-11.4213 15.0761
-11.269 15.0761
-10.9645 14.9239
-10.8122 14.9239
-10.5076 14.9239
-10.3553 14.7716
-10.0508 14.7716
-9.89848 14.6193
-9.59391 14.6193
-9.44162 14.467
-9.13706 14.467
-8.98477 14.3147
-8.6802 14.3147
-8.52792 14.1624
-8.37563 14.1624
-8.07107 14.0102
-7.91878 14.0102
-7.61421 13.8579
-7.46193 13.8579
-7.30964 13.7056
-7.00508 13.7056
-6.85279 13.5533
-6.70051 13.5533
-6.39594 13.401
-6.24365 13.401
-6.09137 13.2487
-5.7868 13.0964
-5.63452 13.0964
-5.48223 12.9442
-5.32995 12.9442
-5.02538 12.7919
-4.8731 12.6396
-4.72081 12.6396
-4.41624 12.4873
-4.26396 12.4873
-4.11168 12.335
-3.95939 12.1827
-3.65482 12.1827
-3.50254 12.0305
-3.35025 11.8782
-3.04569 11.8782
-2.8934 11.7259
-2.74112 11.5736
-2.43655 11.4213
-2.28426 11.4213
-2.13198 11.269
-1.9797 11.1168
-1.67513 11.1168
-1.52284 10.9645
-1.37056 10.8122
-1.06599 10.6599
-0.913706 10.6599
-0.609137 10.5076
-0.456853 10.3553
-0.304569 10.203
0 10.0508
0.152284 9.89848
0.456853 9.74619
0.609137 9.74619
0.761421 9.59391
1.06599 9.44162
1.21827 9.28934
1.52284 9.13706
1.67513 8.98477
1.9797 8.83249
2.13198 8.6802
2.43655 8.52792
2.74112 8.37563
2.8934 8.22335
3.19797 7.91878
3.35025 7.7665
3.65482 7.61421
3.95939 7.46193
4.11168 7.30964
4.41624 7.00508
4.72081 6.85279
5.02538 6.70051
5.17766 6.39594
5.48223 6.24365
5.7868 5.93909
6.09137 5.7868
6.24365 5.48223
6.54822 5.17766
6.85279 5.02538
7.00508 4.72081
7.30964 4.41624
7.61421 4.11168
7.7665 3.80711
8.07107 3.50254
8.37563 3.19797
8.52792 2.8934
8.83249 2.58883
8.98477 2.28426
9.28934 1.9797
