9.44162 1.67513
9.74619 1.37056
9.89848 1.06599
10.203 0.609137
10.3553 0.152284
10.3553 -0.152284
10.5076 -0.609137
10.5076 -0.913706
10.5076 -1.37056
10.5076 -1.67513
10.5076 -2.13198
10.3553 -2.43655
10.203 -2.8934
10.203 -3.19797
10.0508 -3.50254
9.74619 -3.95939
9.59391 -4.26396
9.28934 -4.56853
9.13706 -4.8731
8.83249 -5.17766
8.52792 -5.48223
8.22335 -5.7868
7.91878 -6.09137
7.61421 -6.39594
7.30964 -6.54822
7.00508 -6.85279
6.70051 -7.00508
6.39594 -7.30964
5.93909 -7.46193
5.63452 -7.61421
5.32995 -7.91878
4.8731 -8.07107
4.56853 -8.22335
4.26396 -8.37563
3.80711 -8.52792
3.50254 -8.6802
3.19797 -8.83249
2.74112 -8.98477
2.43655 -8.98477
2.13198 -9.13706
1.67513 -9.28934
1.37056 -9.28934
1.06599 -9.44162
0.609137 -9.44162
0.304569 -9.59391
0 -9.59391
-0.304569 -9.74619
-0.609137 -9.74619
-0.913706 -9.89848
-1.21827 -9.89848
-1.52284 -10.0508
-1.82741 -10.0508
-2.13198 -10.203
-2.43655 -10.203
-2.58883 -10.203
-2.8934 -10.3553
-3.19797 -10.3553
-3.50254 -10.5076
-3.65482 -10.5076
-3.95939 -10.6599
-4.26396 -10.6599
-4.41624 -10.6599
-4.72081 -10.8122
-4.8731 -10.8122
-5.17766 -10.9645
-5.48223 -10.9645
-5.63452 -11.1168
-5.93909 -11.1168
-6.09137 -11.1168
-6.39594 -11.269
-6.54822 -11.269
-6.85279 -11.269
-7.15736 -11.4213
-7.30964 -11.4213
-7.61421 -11.4213
-7.7665 -11.5736
-8.07107 -11.5736
-8.22335 -11.5736
-8.52792 -11.5736
-8.83249 -11.7259
-8.98477 -11.7259
-9.28934 -11.7259
-9.44162 -11.7259
-9.74619 -11.7259
-9.89848 -11.7259
-10.203 -11.7259
-10.3553 -11.7259
-10.6599 -11.7259
-10.9645 -11.7259
-11.1168 -11.7259
-11.4213 -11.7259
-11.5736 -11.7259
-11.8782 -11.7259
-12.0305 -11.5736
-12.335 -11.5736
-12.4873 -11.5736
-12.7919 -11.5736
-12.9442 -11.4213
-13.2487 -11.4213
-13.401 -11.269
-13.7056 -11.269
-13.8579 -11.269
-14.1624 -11.1168
-14.3147 -11.1168
-14.467 -10.9645
-14.7716 -10.9645
-14.9239 -10.8122
-15.2284 -10.6599
-15.3807 -10.6599
-15.533 -10.5076
-15.8376 -10.5076
-15.9898 -10.3553
-16.2944 -10.3553
-16.4467 -10.203
-16.599 -10.0508
-16.9036 -10.0508
-17.0558 -9.89848
-17.3604 -9.89848
-17.5127 -9.74619
-17.665 -9.74619
-17.9695 -9.59391
-18.1218 -9.59391
-18.4264 -9.44162
-18.5787 -9.44162
-18.8832 -9.28934
-19.0355 -9.28934
-19.3401 -9.28934
-19.6447 -9.13706
-19.797 -9.13706
-20.1015 -8.98477
-20.2538 -8.98477
-20.5584 -8.83249
-20.8629 -8.83249
-21.0152 -8.6802
-21.3198 -8.52792
-21.6244 -8.52792
-21.7766 -8.37563
-22.0812 -8.22335
-22.3858 -8.07107
-22.5381 -8.07107
-22.8426 -7.91878
-23.1472 -7.7665
-23.2995 -7.61421
-23.6041 -7.46193
-23.7563 -7.30964
-24.0609 -7.15736
-24.2132 -7.00508
-24.5178 -6.70051
-24.6701 -6.54822
-24.8223 -6.39594
-25.1269 -6.24365
-25.2792 -5.93909
-25.4315 -5.7868
-25.5838 -5.48223
-25.736 -5.32995
-26.0406 -5.02538
-26.1929 -4.8731
-26.3452 -4.56853
-26.4975 -4.41624
-26.6497 -4.11168
-26.6497 -3.80711
-26.802 -3.65482
-26.9543 -3.35025
-27.1066 -3.04569
-27.1066 -2.74112
-27.2589 -2.58883
-27.4112 -2.28426
-27.4112 -1.9797
-27.5635 -1.67513
-27.5635 -1.37056
-27.7157 -1.06599
-27.7157 -0.913706
-27.7157 -0.609137
-27.868 -0.304569
-27.868 0
-27.868 0.304569
-27.868 0.609137
-28.0203 0.913706
-28.0203 1.21827
-28.0203 1.52284
-28.0203 1.67513
-28.0203 1.9797
-28.0203 2.28426
-28.0203 2.58883
-28.0203 2.8934
-27.868 3.19797
-27.868 3.50254
-27.868 3.80711
-27.868 4.11168
-27.868 4.41624
-27.868 4.56853
-27.7157 4.8731
-27.7157 5.17766
-27.7157 5.48223
-27.7157 5.7868
-27.5635 6.09137
-27.5635 6.39594
-27.5635 6.70051
-27.4112 7.00508
-27.4112 7.30964
-27.2589 7.61421
-27.2589 7.7665
-27.1066 8.07107
-27.1066 8.37563
-26.9543 8.6802
-26.9543 8.98477
-26.802 9.28934
-26.6497 9.59391
-26.4975 9.74619
-26.3452 10.0508
-26.3452 10.3553
-26.1929 10.6599
-26.0406 10.8122
-25.8883 11.1168
-25.736 11.4213
-25.4315 11.5736
-25.2792 11.8782
-25.1269 12.0305
-24.9746 12.335
-24.6701 12.4873
-24.5178 12.7919
-24.2132 12.9442
-24.0609 13.0964
-23.7563 13.401
-23.6041 13.5533
-23.2995 13.7056
-23.1472 13.8579
-22.8426 14.0102
-22.5381 14.1624
-22.2335 14.3147
-22.0812 14.467
-21.7766 14.6193
-21.4721 14.7716
-21.1675 14.7716
-20.8629 14.9239
-20.7107 15.0761
-20.4061 15.0761
-20.1015 15.2284
-19.797 15.2284
-19.4924 15.3807
-19.1878 15.3807
-19.0355 15.533
-18.731 15.533
-18.4264 15.533
-18.1218 15.533
-17.8173 15.6853
-17.5127 15.6853
-17.2081 15.6853
-17.0558 15.6853
-16.7513 15.6853
-16.4467 15.6853
-16.1421 15.6853
-15.8376 15.6853
-15.6853 15.6853
-15.3807 15.6853
-15.0761 15.6853
-14.7716 15.6853
-14.6193 15.6853
-14.3147 15.6853
-14.0102 15.533
-13.8579 15.533
-13.5533 15.533
-13.2487 15.533
-13.0964 15.3807
-12.7919 15.3807
-12.4873 15.3807
-12.335 15.2284
-12.0305 15.2284
-11.8782 15.2284
-11.5736 15.0761
-11.4213 15.0761
-11.1168 15.0761
-10.9645 14.9239
-10.6599 14.9239
-10.5076 14.7716
-10.203 14.7716
-10.0508 14.6193
-9.74619 14.6193
-9.59391 14.467
-9.28934 14.467
-9.13706 14.467
-8.98477 14.3147
-8.6802 14.3147
-8.52792 14.1624
-8.22335 14.1624
-8.07107 14.0102
-7.91878 14.0102
-7.61421 13.8579
-7.46193 13.8579
-7.30964 13.7056
-7.00508 13.5533
-6.85279 13.5533
-6.70051 13.401
-6.39594 13.401
-6.24365 13.2487
-6.09137 13.2487
-5.7868 13.0964
-5.63452 13.0964
-5.32995 12.9442
-5.17766 12.7919
-5.02538 12.7919
-4.72081 12.6396
-4.56853 12.6396
-4.41624 12.4873
-4.11168 12.335
-3.95939 12.335
-3.80711 12.1827
-3.50254 12.0305
-3.35025 12.0305
-3.19797 11.8782
-2.8934 11.7259
-2.74112 11.7259
-2.58883 11.5736
-2.28426 11.4213
-2.13198 11.269
-1.82741 11.269
-1.67513 11.1168
-1.52284 10.9645
-1.21827 10.8122
-1.06599 10.6599
-0.761421 10.6599
-0.609137 10.5076
-0.456853 10.3553
-0.152284 10.203
0 10.0508
0.304569 9.89848
0.456853 9.74619
0.761421 9.59391
0.913706 9.44162
1.21827 9.28934
1.52284 9.13706
1.67513 8.98477
1.9797 8.83249
2.13198 8.6802
2.43655 8.52792
2.74112 8.37563
3.04569 8.07107
3.19797 7.91878
3.50254 7.7665
3.80711 7.61421
4.11168 7.30964
4.41624 7.15736
4.56853 7.00508
4.8731 6.70051
5.17766 6.54822
5.48223 6.24365
5.7868 5.93909
6.09137 5.7868
6.39594 5.48223
6.70051 5.17766
6.85279 5.02538
7.15736 4.72081
7.46193 4.41624
7.7665 4.11168
8.07107 3.80711
8.22335 3.50254
8.52792 3.19797
8.83249 2.74112
9.13706 2.43655
9.28934 2.13198
