9.59391 1.52284
9.89848 1.21827
10.203 0.913706
10.3553 0.456853
10.5076 0.152284
10.6599 -0.304569
10.8122 -0.609137
10.8122 -1.06599
10.8122 -1.37056
10.8122 -1.82741
10.8122 -2.13198
10.6599 -2.58883
10.5076 -2.8934
10.3553 -3.19797
10.203 -3.65482
10.0508 -3.95939
9.89848 -4.26396
9.59391 -4.56853
9.28934 -4.8731
9.13706 -5.17766
8.83249 -5.48223
8.52792 -5.7868
8.22335 -5.93909
7.91878 -6.24365
7.61421 -6.54822
7.30964 -6.70051
6.85279 -7.00508
6.54822 -7.15736
6.24365 -7.30964
5.93909 -7.61421
5.63452 -7.7665
5.17766 -7.91878
4.8731 -8.07107
4.56853 -8.22335
4.26396 -8.37563
3.80711 -8.52792
3.50254 -8.6802
3.19797 -8.83249
2.8934 -8.83249
2.58883 -8.98477
2.13198 -9.13706
1.82741 -9.13706
1.52284 -9.28934
1.21827 -9.44162
0.913706 -9.44162
0.609137 -9.59391
0.304569 -9.59391
0 -9.74619
-0.304569 -9.74619
-0.609137 -9.89848
-0.913706 -9.89848
-1.21827 -10.0508
-1.52284 -10.0508
-1.82741 -10.0508
-1.9797 -10.203
-2.28426 -10.203
-2.58883 -10.203
-2.8934 -10.3553
-3.04569 -10.3553
-3.35025 -10.5076
-3.65482 -10.5076
-3.80711 -10.5076
-4.11168 -10.6599
-4.26396 -10.6599
-4.56853 -10.6599
-4.8731 -10.8122
-5.02538 -10.8122
-5.32995 -10.8122
-5.48223 -10.9645
-5.7868 -10.9645
-5.93909 -10.9645
-6.24365 -11.1168
-6.39594 -11.1168
-6.70051 -11.269
-6.85279 -11.269
-7.15736 -11.269
-7.30964 -11.4213
-7.61421 -11.4213
-7.7665 -11.4213
-8.07107 -11.5736
-8.22335 -11.5736
-8.52792 -11.5736
-8.6802 -11.7259
-8.98477 -11.7259
-9.13706 -11.7259
-9.44162 -11.7259
-9.59391 -11.8782
-9.89848 -11.8782
-10.0508 -11.8782
-10.3553 -11.8782
-10.5076 -11.8782
-10.8122 -11.8782
-11.1168 -11.8782
-11.269 -11.8782
-11.5736 -11.8782
-11.7259 -11.8782
-12.0305 -11.8782
-12.1827 -11.7259
-12.4873 -11.7259
-12.6396 -11.7259
-12.9442 -11.5736
-13.0964 -11.5736
-13.401 -11.5736
-13.5533 -11.4213
-13.8579 -11.4213
-14.0102 -11.269
-14.3147 -11.269
-14.467 -11.1168
-14.6193 -11.1168
-14.9239 -10.9645
-15.0761 -10.8122
-15.3807 -10.8122
-15.533 -10.6599
-15.6853 -10.6599
-15.9898 -10.5076
-16.1421 -10.5076
-16.4467 -10.3553
-16.599 -10.203
-16.9036 -10.203
-17.0558 -10.0508
-17.3604 -10.0508
-17.5127 -9.89848
-17.8173 -9.89848
-17.9695 -9.74619
-18.2741 -9.74619
-18.4264 -9.74619
-18.731 -9.59391
-19.0355 -9.59391
-19.1878 -9.44162
-19.4924 -9.44162
-19.797 -9.28934
-19.9492 -9.28934
-20.2538 -9.13706
-20.5584 -9.13706
-20.7107 -8.98477
-21.0152 -8.83249
-21.3198 -8.83249
-21.6244 -8.6802
-21.7766 -8.52792
-22.0812 -8.37563
-22.3858 -8.22335
-22.6904 -8.22335
-22.8426 -8.07107
-23.1472 -7.91878
-23.4518 -7.7665
-23.6041 -7.46193
-23.9086 -7.30964
-24.0609 -7.15736
-24.3655 -7.00508
-24.5178 -6.85279
-24.8223 -6.54822
-24.9746 -6.39594
-25.1269 -6.09137
-25.4315 -5.93909
-25.5838 -5.63452
-25.736 -5.48223
-25.8883 -5.17766
-26.0406 -5.02538
-26.1929 -4.72081
-26.3452 -4.41624
-26.4975 -4.26396
-26.6497 -3.95939
-26.802 -3.65482
-26.9543 -3.35025
-27.1066 -3.19797
-27.2589 -2.8934
-27.2589 -2.58883
-27.4112 -2.28426
-27.4112 -1.9797
-27.5635 -1.67513
-27.5635 -1.37056
-27.7157 -1.06599
-27.7157 -0.761421
-27.7157 -0.456853
-27.868 -0.152284
-27.868 0.152284
-27.868 0.456853
-27.868 0.761421
-27.868 1.06599
-28.0203 1.37056
-28.0203 1.52284
-28.0203 1.82741
-27.868 2.13198
-27.868 2.43655
-27.868 2.74112
-27.868 3.04569
-27.868 3.35025
-27.868 3.65482
-27.868 3.95939
-27.7157 4.26396
-27.7157 4.56853
-27.7157 4.8731
-27.7157 5.17766
-27.5635 5.48223
-27.5635 5.7868
-27.5635 6.09137
-27.4112 6.39594
-27.4112 6.70051
-27.4112 7.00508
-27.2589 7.30964
-27.2589 7.61421
-27.1066 7.91878
-27.1066 8.22335
-26.9543 8.52792
-26.9543 8.83249
-26.802 9.13706
-26.6497 9.44162
-26.4975 9.74619
-26.4975 10.0508
-26.3452 10.3553
-26.1929 10.6599
-26.0406 10.8122
-25.8883 11.1168
-25.736 11.4213
-25.5838 11.7259
-25.2792 11.8782
-25.1269 12.1827
-24.9746 12.4873
-24.6701 12.6396
-24.5178 12.9442
-24.3655 13.0964
-24.0609 13.2487
-23.7563 13.5533
-23.6041 13.7056
-23.2995 13.8579
-22.9949 14.0102
-22.8426 14.3147
-22.5381 14.467
-22.2335 14.6193
-21.9289 14.7716
-21.6244 14.7716
-21.3198 14.9239
-21.1675 15.0761
-20.8629 15.2284
-20.5584 15.2284
-20.2538 15.3807
-19.9492 15.3807
-19.6447 15.533
-19.3401 15.533
-19.0355 15.6853
-18.731 15.6853
-18.4264 15.6853
-18.1218 15.6853
-17.8173 15.6853
-17.5127 15.6853
-17.2081 15.6853
-16.9036 15.6853
-16.599 15.6853
-16.2944 15.6853
-15.9898 15.6853
-15.6853 15.6853
-15.3807 15.6853
-15.0761 15.533
-14.7716 15.533
-14.6193 15.533
-14.3147 15.533
-14.0102 15.3807
-13.7056 15.3807
-13.5533 15.2284
-13.2487 15.2284
-12.9442 15.2284
-12.7919 15.0761
-12.4873 15.0761
-12.1827 15.0761
-12.0305 14.9239
-11.7259 14.9239
-11.5736 14.7716
-11.269 14.7716
-10.9645 14.7716
-10.8122 14.6193
-10.5076 14.6193
-10.3553 14.6193
-10.0508 14.467
-9.89848 14.467
-9.74619 14.467
-9.44162 14.3147
-9.28934 14.3147
-8.98477 14.3147
-8.83249 14.1624
-8.52792 14.1624
-8.37563 14.1624
-8.22335 14.0102
-7.91878 14.0102
-7.7665 13.8579
-7.46193 13.8579
-7.30964 13.8579
-7.15736 13.7056
-6.85279 13.7056
-6.70051 13.5533
-6.54822 13.5533
-6.24365 13.401
-6.09137 13.401
-5.93909 13.2487
-5.63452 13.0964
-5.48223 13.0964
-5.32995 12.9442
-5.02538 12.9442
-4.8731 12.7919
-4.72081 12.6396
-4.41624 12.6396
-4.26396 12.4873
-4.11168 12.335
-3.95939 12.335
-3.65482 12.1827
-3.50254 12.0305
-3.35025 12.0305
-3.04569 11.8782
-2.8934 11.7259
-2.74112 11.5736
-2.58883 11.5736
-2.28426 11.4213
-2.13198 11.269
-1.9797 11.1168
-1.67513 11.1168
-1.52284 10.9645
-1.37056 10.8122
-1.06599 10.6599
-0.913706 10.6599
-0.761421 10.5076
-0.456853 10.3553
-0.304569 10.203
-0.152284 10.0508
0.152284 9.89848
0.304569 9.89848
0.609137 9.74619
0.761421 9.59391
1.06599 9.44162
1.21827 9.28934
1.52284 9.13706
1.67513 8.98477
1.9797 8.83249
2.13198 8.6802
2.43655 8.52792
2.74112 8.37563
2.8934 8.22335
3.19797 8.07107
3.35025 7.7665
3.65482 7.61421
3.95939 7.46193
4.26396 7.30964
4.41624 7.00508
4.72081 6.85279
5.02538 6.70051
5.17766 6.39594
5.48223 6.24365
5.7868 5.93909
6.09137 5.7868
6.24365 5.48223
6.54822 5.17766
6.85279 5.02538
7.15736 4.72081
7.30964 4.41624
7.61421 4.11168
7.91878 3.80711
8.07107 3.50254
8.37563 3.19797
8.52792 2.8934
8.83249 2.58883
9.13706 2.28426
9.28934 1.9797
