9.59391 1.52284
9.89848 1.21827
10.203 0.761421
10.5076 0.456853
10.6599 0
10.8122 -0.304569
10.8122 -0.761421
10.9645 -1.06599
10.9645 -1.52284
10.9645 -1.82741
10.8122 -2.28426
10.8122 -2.58883
10.6599 -2.8934
10.5076 -3.35025
10.3553 -3.65482
10.203 -3.95939
9.89848 -4.26396
9.74619 -4.56853
9.44162 -4.8731
9.13706 -5.17766
8.83249 -5.48223
8.52792 -5.63452
8.22335 -5.93909
7.91878 -6.24365
7.61421 -6.39594
7.30964 -6.70051
7.00508 -6.85279
6.70051 -7.15736
6.24365 -7.30964
5.93909 -7.46193
5.63452 -7.61421
5.32995 -7.7665
5.02538 -7.91878
4.72081 -8.07107
4.26396 -8.22335
3.95939 -8.37563
3.65482 -8.52792
3.35025 -8.6802
3.04569 -8.83249
2.74112 -8.98477
2.28426 -8.98477
1.9797 -9.13706
1.67513 -9.28934
1.37056 -9.28934
1.06599 -9.44162
0.761421 -9.44162
0.456853 -9.59391
0.152284 -9.59391
-0.152284 -9.74619
-0.456853 -9.74619
-0.609137 -9.89848
-0.913706 -9.89848
-1.21827 -10.0508
-1.52284 -10.0508
-1.82741 -10.0508
-1.9797 -10.203
-2.28426 -10.203
-2.58883 -10.3553
-2.74112 -10.3553
-3.04569 -10.3553
-3.35025 -10.5076
-3.50254 -10.5076
-3.80711 -10.5076
-4.11168 -10.6599
-4.26396 -10.6599
-4.56853 -10.6599
-4.72081 -10.8122
-5.02538 -10.8122
-5.17766 -10.8122
-5.48223 -10.9645
-5.63452 -10.9645
-5.93909 -11.1168
-6.09137 -11.1168
-6.39594 -11.1168
-6.54822 -11.269
-6.85279 -11.269
-7.00508 -11.269
-7.30964 -11.4213
-7.46193 -11.4213
-7.61421 -11.4213
-7.91878 -11.5736
-8.07107 -11.5736
-8.37563 -11.5736
-8.52792 -11.7259
-8.83249 -11.7259
-8.98477 -11.7259
-9.28934 -11.7259
-9.44162 -11.8782
-9.74619 -11.8782
-10.0508 -11.8782
-10.203 -11.8782
-10.5076 -11.8782
-10.6599 -11.8782
-10.9645 -11.8782
-11.1168 -11.8782
-11.4213 -11.8782
-11.5736 -11.8782
-11.8782 -11.7259
-12.0305 -11.7259
-12.335 -11.7259
-12.4873 -11.5736
-12.7919 -11.5736
-12.9442 -11.5736
-13.2487 -11.4213
-13.401 -11.4213
-13.7056 -11.269
-13.8579 -11.269
-14.0102 -11.1168
-14.3147 -10.9645
-14.467 -10.9645
-14.7716 -10.8122
-14.9239 -10.8122
-15.0761 -10.6599
-15.3807 -10.6599
-15.533 -10.5076
-15.8376 -10.5076
-15.9898 -10.3553
-16.2944 -10.3553
-16.4467 -10.203
-16.7513 -10.203
-16.9036 -10.0508
-17.2081 -10.0508
-17.3604 -9.89848
-17.665 -9.89848
-17.8173 -9.89848
-18.1218 -9.74619
-18.4264 -9.74619
-18.5787 -9.74619
-18.8832 -9.59391
-19.1878 -9.59391
-19.4924 -9.44162
-19.6447 -9.44162
-19.9492 -9.28934
-20.2538 -9.28934
-20.5584 -9.13706
-20.8629 -9.13706
-21.1675 -8.98477
-21.3198 -8.83249
-21.6244 -8.83249
-21.9289 -8.6802
-22.2335 -8.52792
-22.5381 -8.37563
-22.6904 -8.22335
-22.9949 -8.07107
-23.2995 -7.91878
-23.4518 -7.7665
-23.7563 -7.61421
-24.0609 -7.46193
-24.2132 -7.30964
-24.5178 -7.00508
-24.6701 -6.85279
-24.9746 -6.70051
-25.1269 -6.39594
-25.2792 -6.24365
-25.4315 -5.93909
-25.736 -5.63452
-25.8883 -5.48223
-26.0406 -5.17766
-26.1929 -4.8731
-26.3452 -4.72081
-26.4975 -4.41624
-26.6497 -4.11168
-26.802 -3.80711
-26.9543 -3.65482
-26.9543 -3.35025
-27.1066 -3.04569
-27.2589 -2.74112
-27.2589 -2.43655
-27.4112 -2.13198
-27.4112 -1.82741
-27.5635 -1.52284
-27.5635 -1.21827
-27.7157 -0.913706
-27.7157 -0.609137
-27.7157 -0.304569
-27.868 0
-27.868 0.304569
-27.868 0.609137
-27.868 0.913706
-27.868 1.21827
-27.868 1.52284
-27.868 1.82741
-27.868 2.13198
-27.868 2.43655
-27.868 2.74112
-27.868 3.04569
-27.868 3.35025
-27.868 3.65482
-27.7157 3.95939
-27.7157 4.26396
-27.7157 4.56853
-27.7157 4.8731
-27.7157 5.17766
-27.5635 5.48223
-27.5635 5.7868
-27.5635 6.09137
-27.4112 6.39594
-27.4112 6.70051
-27.4112 7.00508
-27.2589 7.30964
-27.2589 7.7665
-27.1066 8.07107
-27.1066 8.37563
-26.9543 8.6802
-26.802 8.98477
-26.802 9.28934
-26.6497 9.44162
-26.4975 9.74619
-26.3452 10.0508
-26.1929 10.3553
-26.0406 10.6599
-25.8883 10.9645
-25.736 11.269
-25.5838 11.4213
-25.4315 11.7259
-25.1269 12.0305
-24.9746 12.1827
-24.8223 12.4873
-24.5178 12.6396
-24.3655 12.9442
-24.0609 13.0964
-23.7563 13.401
-23.6041 13.5533
-23.2995 13.7056
-22.9949 13.8579
-22.6904 14.0102
-22.3858 14.1624
-22.2335 14.3147
-21.9289 14.467
-21.6244 14.6193
-21.3198 14.7716
-21.0152 14.7716
-20.7107 14.9239
-20.4061 15.0761
-20.1015 15.0761
-19.797 15.2284
-19.4924 15.2284
-19.1878 15.2284
-18.8832 15.3807
-18.5787 15.3807
-18.2741 15.3807
-17.9695 15.3807
-17.665 15.533
-17.3604 15.533
-17.0558 15.533
-16.7513 15.533
-16.4467 15.533
-16.1421 15.533
-15.8376 15.533
-15.533 15.533
-15.2284 15.533
-15.0761 15.533
-14.7716 15.3807
-14.467 15.3807
-14.1624 15.3807
-13.8579 15.3807
-13.7056 15.3807
-13.401 15.2284
-13.0964 15.2284
-12.9442 15.2284
-12.6396 15.0761
-12.335 15.0761
-12.1827 15.0761
-11.8782 14.9239
-11.5736 14.9239
-11.4213 14.9239
-11.1168 14.7716
-10.9645 14.7716
-10.6599 14.7716
-10.5076 14.6193
-10.203 14.6193
-10.0508 14.6193
-9.74619 14.467
-9.59391 14.467
-9.28934 14.3147
-9.13706 14.3147
-8.83249 14.1624
-8.6802 14.1624
-8.37563 14.1624
-8.22335 14.0102
-8.07107 14.0102
-7.7665 13.8579
-7.61421 13.8579
-7.46193 13.7056
-7.15736 13.7056
-7.00508 13.5533
-6.70051 13.5533
-6.54822 13.401
-6.39594 13.401
-6.09137 13.2487
-5.93909 13.2487
-5.7868 13.0964
-5.63452 12.9442
-5.32995 12.9442
-5.17766 12.7919
-5.02538 12.7919
-4.72081 12.6396
-4.56853 12.4873
-4.41624 12.4873
-4.26396 12.335
-3.95939 12.335
-3.80711 12.1827
-3.65482 12.0305
-3.50254 12.0305
-3.19797 11.8782
-3.04569 11.7259
-2.8934 11.5736
-2.58883 11.5736
-2.43655 11.4213
-2.28426 11.269
-2.13198 11.269
-1.82741 11.1168
-1.67513 10.9645
-1.52284 10.8122
-1.37056 10.8122
-1.06599 10.6599
-0.913706 10.5076
-0.761421 10.3553
-0.456853 10.203
-0.304569 10.203
-0.152284 10.0508
0.152284 9.89848
0.304569 9.74619
0.609137 9.59391
0.761421 9.44162
0.913706 9.28934
1.21827 9.28934
1.37056 9.13706
1.67513 8.98477
1.82741 8.83249
2.13198 8.6802
2.43655 8.52792
2.58883 8.37563
2.8934 8.22335
3.04569 8.07107
3.35025 7.7665
3.65482 7.61421
3.80711 7.46193
4.11168 7.30964
4.41624 7.15736
4.72081 7.00508
5.02538 6.70051
5.17766 6.54822
5.48223 6.24365
5.7868 6.09137
6.09137 5.93909
6.24365 5.63452
6.54822 5.32995
6.85279 5.17766
7.15736 4.8731
7.30964 4.56853
7.61421 4.26396
7.91878 4.11168
8.07107 3.80711
8.37563 3.50254
8.52792 3.19797
8.83249 2.8934
8.98477 2.58883
9.13706 2.13198
9.28934 1.82741
