9.44162 1.67513
9.89848 1.21827
10.203 0.913706
10.5076 0.456853
10.8122 0.152284
10.9645 -0.304569
11.1168 -0.609137
11.269 -1.06599
11.269 -1.52284
11.269 -1.82741
11.269 -2.28426
11.1168 -2.58883
11.1168 -3.04569
10.8122 -3.35025
10.6599 -3.65482
10.5076 -4.11168
10.203 -4.41624
9.89848 -4.72081
9.59391 -5.02538
9.28934 -5.32995
8.98477 -5.63452
8.6802 -5.7868
8.37563 -6.09137
8.07107 -6.39594
7.61421 -6.54822
7.30964 -6.85279
6.85279 -7.00508
6.54822 -7.15736
6.24365 -7.46193
5.7868 -7.61421
5.48223 -7.7665
5.02538 -7.91878
4.72081 -8.07107
4.41624 -8.22335
3.95939 -8.37563
3.65482 -8.52792
3.35025 -8.6802
2.8934 -8.6802
2.58883 -8.83249
2.28426 -8.98477
1.9797 -8.98477
1.52284 -9.13706
1.21827 -9.28934
0.913706 -9.28934
0.609137 -9.44162
0.304569 -9.44162
0 -9.59391
-0.304569 -9.59391
-0.609137 -9.74619
-0.913706 -9.74619
-1.21827 -9.89848
-1.52284 -9.89848
-1.67513 -10.0508
-1.9797 -10.0508
-2.28426 -10.0508
-2.58883 -10.203
-2.74112 -10.203
-3.04569 -10.3553
-3.19797 -10.3553
-3.50254 -10.5076
-3.80711 -10.5076
-3.95939 -10.6599
-4.26396 -10.6599
-4.41624 -10.8122
-4.72081 -10.8122
-5.02538 -10.9645
-5.17766 -10.9645
-5.48223 -10.9645
-5.63452 -11.1168
-5.93909 -11.1168
-6.09137 -11.269
-6.39594 -11.269
-6.54822 -11.269
-6.85279 -11.4213
-7.00508 -11.4213
-7.30964 -11.5736
-7.46193 -11.5736
-7.7665 -11.5736
-7.91878 -11.5736
-8.22335 -11.7259
-8.37563 -11.7259
-8.6802 -11.7259
-8.98477 -11.7259
-9.13706 -11.8782
-9.44162 -11.8782
-9.59391 -11.8782
-9.89848 -11.8782
-10.0508 -11.8782
-10.3553 -11.8782
-10.5076 -11.8782
-10.8122 -11.8782
-10.9645 -11.8782
-11.269 -11.8782
-11.5736 -11.8782
-11.7259 -11.8782
-12.0305 -11.8782
-12.1827 -11.7259
-12.4873 -11.7259
-12.6396 -11.7259
-12.9442 -11.5736
-13.0964 -11.5736
-13.401 -11.5736
-13.5533 -11.4213
-13.8579 -11.4213
-14.0102 -11.269
-14.3147 -11.269
-14.467 -11.1168
-14.6193 -11.1168
-14.9239 -10.9645
-15.0761 -10.9645
-15.3807 -10.8122
-15.533 -10.8122
-15.8376 -10.6599
-15.9898 -10.6599
-16.2944 -10.5076
-16.4467 -10.5076
-16.599 -10.3553
-16.9036 -10.3553
-17.0558 -10.203
-17.3604 -10.203
-17.5127 -10.0508
-17.8173 -10.0508
-17.9695 -9.89848
-18.2741 -9.89848
-18.5787 -9.74619
-18.731 -9.74619
-19.0355 -9.59391
-19.1878 -9.59391
-19.4924 -9.44162
-19.797 -9.44162
-19.9492 -9.28934
-20.2538 -9.28934
-20.5584 -9.13706
-20.8629 -9.13706
-21.0152 -8.98477
-21.3198 -8.83249
-21.6244 -8.83249
-21.7766 -8.6802
-22.0812 -8.52792
-22.3858 -8.37563
-22.5381 -8.22335
-22.8426 -8.07107
-23.1472 -7.91878
-23.2995 -7.7665
-23.6041 -7.61421
-23.7563 -7.46193
-24.0609 -7.30964
-24.2132 -7.15736
-24.5178 -6.85279
-24.6701 -6.70051
-24.9746 -6.54822
-25.1269 -6.24365
-25.2792 -6.09137
-25.5838 -5.93909
-25.736 -5.63452
-25.8883 -5.32995
-26.0406 -5.17766
-26.1929 -4.8731
-26.3452 -4.72081
-26.4975 -4.41624
-26.6497 -4.11168
-26.802 -3.80711
-26.9543 -3.65482
-27.1066 -3.35025
-27.1066 -3.04569
-27.2589 -2.74112
-27.4112 -2.43655
-27.4112 -2.28426
-27.5635 -1.9797
-27.5635 -1.67513
-27.7157 -1.37056
-27.7157 -1.06599
-27.868 -0.761421
-27.868 -0.456853
-27.868 -0.152284
-28.0203 0.152284
-28.0203 0.456853
-28.0203 0.761421
-28.0203 1.06599
-28.0203 1.37056
-28.0203 1.67513
-28.0203 1.9797
-28.0203 2.28426
-28.0203 2.58883
-28.0203 2.8934
-28.0203 3.19797
-28.0203 3.50254
-28.0203 3.80711
-27.868 4.11168
-27.868 4.41624
-27.868 4.56853
-27.868 4.8731
-27.7157 5.17766
-27.7157 5.48223
-27.7157 5.7868
-27.5635 6.09137
-27.5635 6.39594
-27.5635 6.70051
-27.4112 7.00508
-27.4112 7.30964
-27.2589 7.61421
-27.2589 7.91878
-27.1066 8.22335
-26.9543 8.52792
-26.9543 8.83249
-26.802 9.13706
-26.6497 9.44162
-26.4975 9.59391
-26.4975 9.89848
-26.3452 10.203
-26.1929 10.5076
-26.0406 10.8122
-25.8883 10.9645
-25.736 11.269
-25.4315 11.5736
-25.2792 11.8782
-25.1269 12.0305
-24.9746 12.335
-24.6701 12.4873
-24.5178 12.7919
-24.2132 12.9442
-24.0609 13.0964
-23.7563 13.401
-23.6041 13.5533
-23.2995 13.7056
-23.1472 13.8579
-22.8426 14.1624
-22.5381 14.3147
-22.2335 14.467
-22.0812 14.6193
-21.7766 14.6193
-21.4721 14.7716
-21.1675 14.9239
-20.8629 15.0761
-20.5584 15.0761
-20.2538 15.2284
-20.1015 15.3807
-19.797 15.3807
-19.4924 15.533
-19.1878 15.533
-18.8832 15.533
-18.5787 15.533
-18.2741 15.6853
-17.9695 15.6853
-17.665 15.6853
-17.3604 15.6853
-17.0558 15.6853
-16.7513 15.6853
-16.4467 15.6853
-16.1421 15.6853
-15.8376 15.6853
-15.6853 15.6853
-15.3807 15.533
-15.0761 15.533
-14.7716 15.533
-14.467 15.533
-14.1624 15.3807
-14.0102 15.3807
-13.7056 15.3807
-13.401 15.2284
-13.2487 15.2284
-12.9442 15.2284
-12.6396 15.0761
-12.4873 15.0761
-12.1827 14.9239
-12.0305 14.9239
-11.7259 14.9239
-11.4213 14.7716
-11.269 14.7716
-10.9645 14.7716
-10.8122 14.6193
-10.5076 14.6193
-10.3553 14.6193
-10.0508 14.467
-9.89848 14.467
-9.74619 14.467
-9.44162 14.3147
-9.28934 14.3147
-8.98477 14.3147
-8.83249 14.1624
-8.52792 14.1624
-8.37563 14.1624
-8.22335 14.0102
-7.91878 14.0102
-7.7665 13.8579
-7.46193 13.8579
-7.30964 13.8579
-7.15736 13.7056
-6.85279 13.7056
-6.70051 13.5533
-6.54822 13.5533
-6.24365 13.401
-6.09137 13.2487
-5.93909 13.2487
-5.63452 13.0964
-5.48223 13.0964
-5.32995 12.9442
-5.02538 12.7919
-4.8731 12.7919
-4.72081 12.6396
-4.56853 12.4873
-4.26396 12.4873
-4.11168 12.335
-3.95939 12.1827
-3.65482 12.1827
-3.50254 12.0305
-3.35025 11.8782
-3.19797 11.7259
-2.8934 11.7259
-2.74112 11.5736
-2.58883 11.4213
-2.43655 11.269
-2.13198 11.269
-1.9797 11.1168
-1.82741 10.9645
-1.52284 10.8122
-1.37056 10.8122
-1.06599 10.6599
-0.913706 10.5076
-0.761421 10.3553
-0.456853 10.203
-0.304569 10.203
0 10.0508
0.152284 9.89848
0.456853 9.74619
0.609137 9.59391
0.913706 9.44162
1.06599 9.28934
1.37056 9.13706
1.52284 9.13706
1.82741 8.98477
2.13198 8.83249
2.28426 8.52792
2.58883 8.37563
2.8934 8.22335
3.04569 8.07107
3.35025 7.91878
3.65482 7.7665
3.95939 7.61421
4.11168 7.30964
4.41624 7.15736
4.72081 7.00508
5.02538 6.70051
5.32995 6.54822
5.48223 6.24365
5.7868 6.09137
6.09137 5.7868
6.39594 5.63452
6.70051 5.32995
6.85279 5.02538
7.15736 4.8731
7.46193 4.56853
7.61421 4.26396
7.91878 3.95939
8.07107 3.65482
8.37563 3.35025
8.52792 3.04569
8.83249 2.58883
8.98477 2.28426
9.13706 1.9797
