9.74619 1.82741
9.89848 1.52284
10.0508 1.06599
10.203 0.761421
10.203 0.456853
10.203 0
10.3553 -0.304569
10.203 -0.761421
10.203 -1.06599
10.203 -1.52284
10.0508 -1.82741
9.89848 -2.13198
9.89848 -2.58883
9.74619 -2.8934
9.44162 -3.19797
9.28934 -3.50254
9.13706 -3.80711
8.83249 -4.11168
8.6802 -4.41624
8.37563 -4.72081
8.07107 -5.02538
7.7665 -5.32995
7.61421 -5.63452
7.30964 -5.7868
7.00508 -6.09137
6.70051 -6.24365
6.39594 -6.54822
6.09137 -6.70051
5.7868 -7.00508
5.48223 -7.15736
5.17766 -7.30964
4.8731 -7.61421
4.56853 -7.7665
4.26396 -7.91878
3.80711 -8.07107
3.50254 -8.22335
3.19797 -8.37563
2.8934 -8.52792
2.58883 -8.6802
2.28426 -8.83249
1.9797 -8.83249
1.67513 -8.98477
1.37056 -9.13706
1.06599 -9.28934
0.761421 -9.28934
0.456853 -9.44162
0.152284 -9.59391
-0.152284 -9.59391
-0.456853 -9.74619
-0.761421 -9.74619
-0.913706 -9.89848
-1.21827 -10.0508
-1.52284 -10.0508
-1.82741 -10.203
-2.13198 -10.203
-2.28426 -10.3553
-2.58883 -10.3553
-2.8934 -10.5076
-3.04569 -10.5076
-3.35025 -10.5076
-3.65482 -10.6599
-3.80711 -10.6599
-4.11168 -10.8122
-4.41624 -10.8122
-4.56853 -10.9645
-4.8731 -10.9645
-5.02538 -10.9645
-5.32995 -11.1168
-5.63452 -11.1168
-5.7868 -11.269
-6.09137 -11.269
-6.24365 -11.269
-6.54822 -11.4213
-6.70051 -11.4213
-7.00508 -11.4213
-7.30964 -11.5736
-7.46193 -11.5736
-7.7665 -11.5736
-7.91878 -11.7259
-8.22335 -11.7259
-8.37563 -11.7259
-8.6802 -11.7259
-8.83249 -11.8782
-9.13706 -11.8782
-9.44162 -11.8782
-9.59391 -11.8782
-9.89848 -11.8782
-10.0508 -11.8782
-10.3553 -12.0305
-10.6599 -12.0305
-10.8122 -12.0305
-11.1168 -12.0305
-11.269 -11.8782
-11.5736 -11.8782
-11.7259 -11.8782
-12.0305 -11.8782
-12.335 -11.8782
-12.4873 -11.7259
-12.7919 -11.7259
-12.9442 -11.7259
-13.2487 -11.5736
-13.401 -11.5736
-13.7056 -11.5736
-13.8579 -11.4213
-14.1624 -11.4213
-14.3147 -11.269
-14.6193 -11.269
-14.7716 -11.1168
-15.0761 -10.9645
-15.2284 -10.9645
-15.533 -10.8122
-15.6853 -10.8122
-15.8376 -10.6599
-16.1421 -10.6599
-16.2944 -10.5076
-16.599 -10.5076
-16.7513 -10.3553
-17.0558 -10.203
-17.2081 -10.203
-17.5127 -10.0508
-17.665 -10.0508
-17.9695 -10.0508
-18.1218 -9.89848
-18.4264 -9.89848
-18.731 -9.74619
-18.8832 -9.74619
-19.1878 -9.59391
-19.4924 -9.59391
-19.6447 -9.44162
-19.9492 -9.44162
-20.2538 -9.28934
-20.5584 -9.28934
-20.7107 -9.13706
-21.0152 -9.13706
-21.3198 -8.98477
-21.6244 -8.83249
-21.7766 -8.83249
-22.0812 -8.6802
-22.3858 -8.52792
-22.6904 -8.37563
-22.8426 -8.22335
-23.1472 -8.07107
-23.4518 -7.91878
-23.6041 -7.7665
-23.9086 -7.61421
-24.0609 -7.46193
-24.3655 -7.30964
-24.5178 -7.00508
-24.8223 -6.85279
-24.9746 -6.70051
-25.1269 -6.39594
-25.4315 -6.24365
-25.5838 -5.93909
-25.736 -5.7868
-25.8883 -5.48223
-26.0406 -5.32995
-26.1929 -5.02538
-26.3452 -4.72081
-26.4975 -4.41624
-26.6497 -4.26396
-26.802 -3.95939
-26.9543 -3.65482
-27.1066 -3.35025
-27.1066 -3.19797
-27.2589 -2.8934
-27.2589 -2.58883
-27.4112 -2.28426
-27.5635 -1.9797
-27.5635 -1.67513
-27.7157 -1.37056
-27.7157 -1.06599
-27.7157 -0.761421
-27.868 -0.456853
-27.868 -0.304569
-27.868 0
-27.868 0.304569
-28.0203 0.609137
-28.0203 0.913706
-28.0203 1.21827
-28.0203 1.52284
-28.0203 1.82741
-28.0203 2.13198
-28.0203 2.43655
-28.0203 2.74112
-28.0203 3.04569
-28.0203 3.35025
-27.868 3.65482
-27.868 3.95939
-27.868 4.26396
-27.868 4.56853
-27.868 4.8731
-27.7157 5.17766
-27.7157 5.48223
-27.7157 5.7868
-27.5635 6.09137
-27.5635 6.39594
-27.5635 6.70051
-27.4112 7.00508
-27.4112 7.15736
-27.2589 7.46193
-27.2589 7.7665
-27.1066 8.07107
-26.9543 8.37563
-26.9543 8.6802
-26.802 8.98477
-26.6497 9.28934
-26.6497 9.59391
-26.4975 9.89848
-26.3452 10.0508
-26.1929 10.3553
-26.0406 10.6599
-25.8883 10.9645
-25.736 11.269
-25.5838 11.4213
-25.4315 11.7259
-25.2792 12.0305
-25.1269 12.1827
-24.9746 12.4873
-24.6701 12.6396
-24.5178 12.9442
-24.2132 13.0964
-24.0609 13.401
-23.9086 13.5533
-23.6041 13.8579
-23.4518 14.0102
-23.1472 14.1624
-22.8426 14.3147
-22.6904 14.467
-22.3858 14.6193
-22.0812 14.9239
-21.9289 14.9239
-21.6244 15.0761
-21.3198 15.2284
-21.0152 15.3807
-20.7107 15.533
-20.4061 15.533
-20.1015 15.6853
-19.797 15.8376
-19.6447 15.8376
-19.3401 15.8376
-19.0355 15.9898
-18.731 15.9898
-18.4264 15.9898
-18.1218 15.9898
-17.8173 15.9898
-17.5127 15.9898
-17.2081 15.9898
-16.9036 15.9898
-16.599 15.9898
-16.2944 15.9898
-15.9898 15.9898
-15.6853 15.8376
-15.3807 15.8376
-15.0761 15.8376
-14.7716 15.6853
-14.467 15.6853
-14.3147 15.6853
-14.0102 15.533
-13.7056 15.533
-13.401 15.3807
-13.2487 15.3807
-12.9442 15.2284
-12.6396 15.2284
-12.4873 15.0761
-12.1827 15.0761
-12.0305 15.0761
-11.7259 14.9239
-11.5736 14.9239
-11.269 14.7716
-11.1168 14.7716
-10.8122 14.7716
-10.6599 14.6193
-10.3553 14.6193
-10.203 14.6193
-9.89848 14.467
-9.74619 14.467
-9.44162 14.467
-9.28934 14.3147
-9.13706 14.3147
-8.83249 14.3147
-8.6802 14.1624
-8.37563 14.1624
-8.22335 14.1624
-8.07107 14.0102
-7.7665 14.0102
-7.61421 13.8579
-7.46193 13.8579
-7.15736 13.7056
-7.00508 13.7056
-6.85279 13.5533
-6.54822 13.5533
-6.39594 13.401
-6.24365 13.401
-5.93909 13.2487
-5.7868 13.0964
-5.63452 13.0964
-5.48223 12.9442
-5.17766 12.7919
-5.02538 12.7919
-4.8731 12.6396
-4.72081 12.4873
-4.41624 12.4873
-4.26396 12.335
-4.11168 12.1827
-3.95939 12.0305
-3.80711 12.0305
-3.50254 11.8782
-3.35025 11.7259
-3.19797 11.5736
-3.04569 11.5736
-2.74112 11.4213
-2.58883 11.269
-2.43655 11.1168
-2.28426 11.1168
-1.9797 10.9645
-1.82741 10.8122
-1.67513 10.6599
-1.52284 10.6599
-1.21827 10.5076
-1.06599 10.3553
-0.761421 10.203
-0.609137 10.0508
-0.456853 10.0508
-0.152284 9.89848
0 9.74619
0.304569 9.59391
0.456853 9.44162
0.761421 9.28934
0.913706 9.28934
1.21827 9.13706
1.52284 8.98477
1.67513 8.83249
1.9797 8.6802
2.28426 8.52792
2.43655 8.37563
2.74112 8.22335
3.04569 8.07107
3.35025 7.91878
3.65482 7.7665
3.95939 7.46193
4.26396 7.30964
4.41624 7.15736
4.72081 7.00508
5.02538 6.70051
5.32995 6.54822
5.63452 6.24365
5.93909 6.09137
6.24365 5.7868
6.54822 5.48223
6.85279 5.32995
7.15736 5.02538
7.46193 4.72081
7.61421 4.41624
7.91878 4.11168
8.22335 3.80711
8.37563 3.50254
8.6802 3.19797
8.83249 2.8934
9.13706 2.58883
9.28934 2.13198
