9.44162 1.67513
9.59391 1.37056
9.59391 1.06599
9.59391 0.609137
9.59391 0.304569
9.59391 -0.152284
9.59391 -0.456853
9.59391 -0.913706
9.44162 -1.21827
9.44162 -1.52284
9.28934 -1.9797
9.28934 -2.28426
9.13706 -2.58883
8.98477 -3.04569
8.83249 -3.35025
8.6802 -3.65482
8.52792 -3.95939
8.37563 -4.26396
8.07107 -4.56853
7.91878 -5.02538
7.61421 -5.17766
7.46193 -5.48223
7.15736 -5.7868
7.00508 -6.09137
6.70051 -6.39594
6.39594 -6.54822
6.09137 -6.85279
5.7868 -7.15736
5.48223 -7.30964
5.17766 -7.46193
4.8731 -7.7665
4.56853 -7.91878
4.26396 -8.07107
3.80711 -8.22335
3.50254 -8.37563
3.19797 -8.52792
2.8934 -8.6802
2.58883 -8.83249
2.13198 -8.98477
1.82741 -9.13706
1.52284 -9.13706
1.21827 -9.28934
0.913706 -9.44162
0.456853 -9.44162
0.152284 -9.59391
-0.152284 -9.59391
-0.456853 -9.74619
-0.761421 -9.74619
-1.06599 -9.89848
-1.37056 -9.89848
-1.67513 -10.0508
-1.9797 -10.0508
-2.28426 -10.203
-2.43655 -10.203
-2.74112 -10.3553
-3.04569 -10.3553
-3.35025 -10.3553
-3.50254 -10.5076
-3.80711 -10.5076
-4.11168 -10.6599
-4.26396 -10.6599
-4.56853 -10.8122
-4.8731 -10.8122
-5.02538 -10.8122
-5.32995 -10.9645
-5.63452 -10.9645
-5.7868 -11.1168
-6.09137 -11.1168
-6.24365 -11.1168
-6.54822 -11.269
-6.70051 -11.269
-7.00508 -11.269
-7.30964 -11.4213
-7.46193 -11.4213
-7.7665 -11.4213
-7.91878 -11.5736
-8.22335 -11.5736
-8.37563 -11.5736
-8.6802 -11.7259
-8.83249 -11.7259
-9.13706 -11.7259
-9.44162 -11.7259
-9.59391 -11.7259
-9.89848 -11.7259
-10.0508 -11.8782
-10.3553 -11.8782
-10.5076 -11.8782
-10.8122 -11.8782
-10.9645 -11.8782
-11.269 -11.8782
-11.5736 -11.8782
-11.7259 -11.8782
-12.0305 -11.8782
-12.1827 -11.7259
-12.4873 -11.7259
-12.6396 -11.7259
-12.9442 -11.7259
-13.0964 -11.5736
-13.401 -11.5736
-13.5533 -11.5736
-13.8579 -11.4213
-14.0102 -11.4213
-14.3147 -11.4213
-14.467 -11.269
-14.7716 -11.269
-14.9239 -11.1168
-15.2284 -11.1168
-15.3807 -10.9645
-15.6853 -10.9645
-15.8376 -10.8122
-15.9898 -10.8122
-16.2944 -10.6599
-16.4467 -10.6599
-16.7513 -10.5076
-16.9036 -10.5076
-17.2081 -10.3553
-17.3604 -10.3553
-17.665 -10.203
-17.8173 -10.203
-18.1218 -10.0508
-18.2741 -10.0508
-18.5787 -9.89848
-18.731 -9.89848
-19.0355 -9.89848
-19.3401 -9.74619
-19.4924 -9.74619
-19.797 -9.59391
-20.1015 -9.59391
-20.2538 -9.44162
-20.5584 -9.44162
-20.8629 -9.28934
-21.0152 -9.28934
-21.3198 -9.13706
-21.6244 -9.13706
-21.9289 -8.98477
-22.0812 -8.83249
-22.3858 -8.83249
-22.6904 -8.6802
-22.8426 -8.52792
-23.1472 -8.37563
-23.4518 -8.22335
-23.6041 -8.07107
-23.9086 -7.91878
-24.0609 -7.7665
-24.3655 -7.61421
-24.5178 -7.46193
-24.8223 -7.15736
-24.9746 -7.00508
-25.1269 -6.85279
-25.2792 -6.54822
-25.4315 -6.39594
-25.736 -6.09137
-25.8883 -5.93909
-26.0406 -5.63452
-26.0406 -5.32995
-26.1929 -5.17766
-26.3452 -4.8731
-26.4975 -4.56853
-26.6497 -4.41624
-26.6497 -4.11168
-26.802 -3.80711
-26.9543 -3.50254
-26.9543 -3.35025
-27.1066 -3.04569
-27.2589 -2.74112
-27.2589 -2.43655
-27.4112 -2.28426
-27.4112 -1.9797
-27.4112 -1.67513
-27.5635 -1.37056
-27.5635 -1.06599
-27.7157 -0.761421
-27.7157 -0.609137
-27.7157 -0.304569
-27.868 0
-27.868 0.304569
-27.868 0.609137
-27.868 0.913706
-28.0203 1.21827
-28.0203 1.52284
-28.0203 1.67513
-28.0203 1.9797
-28.0203 2.28426
-28.0203 2.58883
-28.0203 2.8934
-28.0203 3.19797
-28.0203 3.50254
-28.0203 3.80711
-28.0203 4.11168
-28.0203 4.41624
-28.0203 4.56853
-28.0203 4.8731
-27.868 5.17766
-27.868 5.48223
-27.868 5.7868
-27.7157 6.09137
-27.7157 6.39594
-27.5635 6.70051
-27.5635 7.00508
-27.4112 7.30964
-27.4112 7.46193
-27.2589 7.7665
-27.2589 8.07107
-27.1066 8.37563
-26.9543 8.6802
-26.802 8.83249
-26.802 9.13706
-26.6497 9.44162
-26.4975 9.74619
-26.3452 9.89848
-26.1929 10.203
-26.0406 10.5076
-25.8883 10.6599
-25.736 10.9645
-25.5838 11.269
-25.4315 11.4213
-25.2792 11.7259
-24.9746 11.8782
-24.8223 12.1827
-24.6701 12.335
-24.5178 12.6396
-24.2132 12.7919
-24.0609 12.9442
-23.7563 13.2487
-23.6041 13.401
-23.4518 13.5533
-23.1472 13.8579
-22.9949 14.0102
-22.6904 14.1624
-22.3858 14.3147
-22.2335 14.467
-21.9289 14.6193
-21.6244 14.7716
-21.4721 14.9239
-21.1675 15.0761
-20.8629 15.2284
-20.7107 15.2284
-20.4061 15.3807
-20.1015 15.533
-19.797 15.533
-19.4924 15.6853
-19.1878 15.6853
-19.0355 15.6853
-18.731 15.8376
-18.4264 15.8376
-18.1218 15.8376
-17.8173 15.8376
-17.5127 15.9898
-17.2081 15.9898
-16.9036 15.9898
-16.7513 15.9898
-16.4467 15.9898
-16.1421 15.8376
-15.8376 15.8376
-15.533 15.8376
-15.2284 15.8376
-15.0761 15.8376
-14.7716 15.6853
-14.467 15.6853
-14.1624 15.6853
-14.0102 15.533
-13.7056 15.533
-13.401 15.533
-13.2487 15.3807
-12.9442 15.3807
-12.6396 15.2284
-12.4873 15.2284
-12.1827 15.2284
-12.0305 15.0761
-11.7259 15.0761
-11.5736 14.9239
-11.269 14.9239
-11.1168 14.9239
-10.8122 14.7716
-10.6599 14.7716
-10.3553 14.6193
-10.203 14.6193
-9.89848 14.467
-9.74619 14.467
-9.44162 14.3147
-9.28934 14.3147
-9.13706 14.3147
-8.83249 14.1624
-8.6802 14.1624
-8.37563 14.0102
-8.22335 14.0102
-8.07107 13.8579
-7.7665 13.8579
-7.61421 13.7056
-7.46193 13.7056
-7.15736 13.5533
-7.00508 13.5533
-6.85279 13.401
-6.54822 13.2487
-6.39594 13.2487
-6.24365 13.0964
-5.93909 13.0964
-5.7868 12.9442
-5.63452 12.9442
-5.32995 12.7919
-5.17766 12.6396
-5.02538 12.6396
-4.72081 12.4873
-4.56853 12.335
-4.41624 12.335
-4.26396 12.1827
-3.95939 12.0305
-3.80711 12.0305
-3.65482 11.8782
-3.35025 11.7259
-3.19797 11.5736
-3.04569 11.5736
-2.74112 11.4213
-2.58883 11.269
-2.43655 11.1168
-2.28426 10.9645
-1.9797 10.9645
-1.82741 10.8122
-1.67513 10.6599
-1.37056 10.5076
-1.21827 10.3553
-1.06599 10.203
-0.761421 10.0508
-0.609137 10.0508
-0.304569 9.89848
-0.152284 9.74619
0.152284 9.59391
0.304569 9.44162
0.609137 9.28934
0.761421 9.13706
1.06599 8.98477
1.37056 8.83249
1.52284 8.6802
1.82741 8.52792
2.13198 8.37563
2.43655 8.22335
2.74112 8.07107
3.04569 7.91878
3.35025 7.7665
3.65482 7.61421
3.95939 7.30964
4.26396 7.15736
4.72081 7.00508
5.02538 6.85279
5.32995 6.54822
5.63452 6.39594
6.09137 6.09137
6.39594 5.7868
6.70051 5.63452
7.00508 5.32995
7.30964 5.02538
7.61421 4.72081
7.91878 4.41624
8.22335 4.11168
8.37563 3.80711
8.6802 3.50254
8.83249 3.19797
9.13706 2.74112
9.28934 2.43655
9.44162 2.13198
