9.74619 1.37056
9.74619 0.913706
9.74619 0.609137
9.89848 0.152284
9.89848 -0.152284
9.74619 -0.609137
9.74619 -0.913706
9.74619 -1.37056
9.59391 -1.67513
9.44162 -1.9797
9.44162 -2.43655
9.28934 -2.74112
9.13706 -3.04569
8.83249 -3.50254
8.6802 -3.80711
8.52792 -4.11168
8.22335 -4.41624
8.07107 -4.72081
7.7665 -5.02538
7.61421 -5.32995
7.30964 -5.63452
7.00508 -5.93909
6.70051 -6.09137
6.39594 -6.39594
6.09137 -6.70051
5.7868 -6.85279
5.48223 -7.15736
5.17766 -7.30964
4.8731 -7.46193
4.56853 -7.7665
4.26396 -7.91878
3.95939 -8.07107
3.50254 -8.22335
3.19797 -8.37563
2.8934 -8.52792
2.58883 -8.6802
2.28426 -8.83249
1.9797 -8.98477
1.52284 -9.13706
1.21827 -9.28934
0.913706 -9.28934
0.609137 -9.44162
0.304569 -9.59391
0 -9.59391
-0.304569 -9.74619
-0.609137 -9.74619
-0.913706 -9.89848
-1.21827 -9.89848
-1.52284 -10.0508
-1.82741 -10.0508
-2.13198 -10.203
-2.43655 -10.203
-2.74112 -10.3553
-2.8934 -10.3553
-3.19797 -10.5076
-3.50254 -10.5076
-3.80711 -10.6599
-3.95939 -10.6599
-4.26396 -10.6599
-4.56853 -10.8122
-4.72081 -10.8122
-5.02538 -10.9645
-5.32995 -10.9645
-5.48223 -10.9645
-5.7868 -11.1168
-5.93909 -11.1168
-6.24365 -11.1168
-6.39594 -11.269
-6.70051 -11.269
-7.00508 -11.269
-7.15736 -11.4213
-7.46193 -11.4213
-7.61421 -11.4213
-7.91878 -11.4213
-8.07107 -11.5736
-8.37563 -11.5736
-8.52792 -11.5736
-8.83249 -11.5736
-8.98477 -11.5736
-9.28934 -11.5736
-9.44162 -11.7259
-9.74619 -11.7259
-9.89848 -11.7259
-10.203 -11.7259
-10.3553 -11.7259
-10.6599 -11.7259
-10.8122 -11.7259
-11.1168 -11.7259
-11.269 -11.7259
-11.5736 -11.7259
-11.7259 -11.7259
-12.0305 -11.5736
-12.1827 -11.5736
-12.4873 -11.5736
-12.6396 -11.5736
-12.9442 -11.5736
-13.0964 -11.4213
-13.401 -11.4213
-13.5533 -11.4213
-13.8579 -11.4213
-14.0102 -11.269
-14.3147 -11.269
-14.467 -11.269
-14.6193 -11.1168
-14.9239 -11.1168
-15.0761 -11.1168
-15.3807 -10.9645
-15.533 -10.9645
-15.6853 -10.8122
-15.9898 -10.8122
-16.1421 -10.8122
-16.4467 -10.6599
-16.599 -10.6599
-16.9036 -10.5076
-17.0558 -10.5076
-17.2081 -10.3553
-17.5127 -10.3553
-17.665 -10.3553
-17.9695 -10.203
-18.1218 -10.203
-18.4264 -10.0508
-18.5787 -10.0508
-18.8832 -9.89848
-19.0355 -9.89848
-19.3401 -9.89848
-19.4924 -9.74619
-19.797 -9.74619
-20.1015 -9.59391
-20.2538 -9.59391
-20.5584 -9.44162
-20.8629 -9.44162
-21.0152 -9.28934
-21.3198 -9.13706
-21.4721 -9.13706
-21.7766 -8.98477
-22.0812 -8.83249
-22.2335 -8.83249
-22.5381 -8.6802
-22.6904 -8.52792
-22.9949 -8.37563
-23.2995 -8.22335
-23.4518 -8.07107
-23.7563 -7.91878
-23.9086 -7.7665
-24.2132 -7.61421
-24.3655 -7.46193
-24.5178 -7.30964
-24.8223 -7.15736
-24.9746 -6.85279
-25.1269 -6.70051
-25.2792 -6.54822
-25.5838 -6.24365
-25.736 -6.09137
-25.8883 -5.7868
-26.0406 -5.63452
-26.1929 -5.32995
-26.3452 -5.17766
-26.4975 -4.8731
-26.6497 -4.56853
-26.6497 -4.41624
-26.802 -4.11168
-26.9543 -3.95939
-27.1066 -3.65482
-27.1066 -3.35025
-27.2589 -3.04569
-27.4112 -2.8934
-27.4112 -2.58883
-27.5635 -2.28426
-27.5635 -1.9797
-27.7157 -1.82741
-27.7157 -1.52284
-27.868 -1.21827
-27.868 -0.913706
-27.868 -0.609137
-28.0203 -0.304569
-28.0203 -0.152284
-28.0203 0.152284
-28.0203 0.456853
-28.0203 0.761421
-28.1726 1.06599
-28.1726 1.37056
-28.1726 1.67513
-28.1726 1.82741
-28.1726 2.13198
-28.1726 2.43655
-28.1726 2.74112
-28.1726 3.04569
-28.1726 3.35025
-28.0203 3.65482
-28.0203 3.95939
-28.0203 4.26396
-28.0203 4.41624
-28.0203 4.72081
-27.868 5.02538
-27.868 5.32995
-27.868 5.63452
-27.868 5.93909
-27.7157 6.24365
-27.7157 6.54822
-27.5635 6.85279
-27.5635 7.00508
-27.4112 7.30964
-27.4112 7.61421
-27.2589 7.91878
-27.2589 8.22335
-27.1066 8.52792
-26.9543 8.6802
-26.9543 8.98477
-26.802 9.28934
-26.6497 9.59391
-26.4975 9.89848
-26.3452 10.0508
-26.1929 10.3553
-26.0406 10.6599
-25.8883 10.8122
-25.736 11.1168
-25.5838 11.269
-25.4315 11.5736
-25.2792 11.8782
-24.9746 12.0305
-24.8223 12.1827
-24.6701 12.4873
-24.3655 12.6396
-24.2132 12.9442
-23.9086 13.0964
-23.7563 13.2487
-23.4518 13.401
-23.2995 13.5533
-22.9949 13.8579
-22.8426 14.0102
-22.5381 14.1624
-22.2335 14.3147
-22.0812 14.467
-21.7766 14.467
-21.4721 14.6193
-21.1675 14.7716
-21.0152 14.9239
-20.7107 15.0761
-20.4061 15.0761
-20.1015 15.2284
-19.797 15.2284
-19.4924 15.3807
-19.3401 15.3807
-19.0355 15.533
-18.731 15.533
-18.4264 15.533
-18.1218 15.533
-17.8173 15.6853
-17.5127 15.6853
-17.3604 15.6853
-17.0558 15.6853
-16.7513 15.6853
-16.4467 15.6853
-16.1421 15.6853
-15.8376 15.6853
-15.6853 15.6853
-15.3807 15.6853
-15.0761 15.6853
-14.7716 15.533
-14.6193 15.533
-14.3147 15.533
-14.0102 15.533
-13.7056 15.3807
-13.5533 15.3807
-13.2487 15.3807
-12.9442 15.2284
-12.7919 15.2284
-12.4873 15.2284
-12.335 15.0761
-12.0305 15.0761
-11.7259 14.9239
-11.5736 14.9239
-11.269 14.9239
-11.1168 14.7716
-10.8122 14.7716
-10.6599 14.6193
-10.3553 14.6193
-10.203 14.467
-9.89848 14.467
-9.74619 14.3147
-9.44162 14.3147
-9.28934 14.1624
-9.13706 14.1624
-8.83249 14.0102
-8.6802 14.0102
-8.37563 13.8579
-8.22335 13.8579
-8.07107 13.7056
-7.7665 13.7056
-7.61421 13.5533
-7.30964 13.5533
-7.15736 13.401
-7.00508 13.2487
-6.70051 13.2487
-6.54822 13.0964
-6.39594 13.0964
-6.09137 12.9442
-5.93909 12.9442
-5.63452 12.7919
-5.48223 12.7919
-5.32995 12.6396
-5.02538 12.4873
-4.8731 12.4873
-4.56853 12.335
-4.41624 12.1827
-4.26396 12.1827
-3.95939 12.0305
-3.80711 11.8782
-3.65482 11.8782
-3.35025 11.7259
-3.19797 11.5736
-2.8934 11.5736
-2.74112 11.4213
-2.58883 11.269
-2.28426 11.1168
-2.13198 10.9645
-1.82741 10.9645
-1.67513 10.8122
-1.52284 10.6599
-1.21827 10.5076
-1.06599 10.3553
-0.761421 10.203
-0.609137 10.0508
-0.304569 9.89848
-0.152284 9.74619
0.152284 9.59391
0.304569 9.44162
0.609137 9.28934
0.761421 9.28934
1.06599 9.13706
1.37056 8.83249
1.52284 8.6802
1.82741 8.52792
2.13198 8.37563
2.43655 8.22335
2.74112 8.07107
3.04569 7.91878
3.35025 7.7665
3.65482 7.61421
3.95939 7.30964
4.26396 7.15736
4.56853 7.00508
4.8731 6.70051
5.32995 6.54822
5.63452 6.39594
5.93909 6.09137
6.24365 5.7868
6.54822 5.63452
6.85279 5.32995
7.15736 5.02538
7.61421 4.72081
7.7665 4.41624
8.07107 4.11168
8.37563 3.80711
8.6802 3.50254
8.83249 3.19797
9.13706 2.74112
9.28934 2.43655
9.59391 2.13198
9.74619 1.67513
