10.0508 1.67513
10.0508 1.21827
10.0508 0.913706
10.0508 0.456853
10.0508 0.152284
9.89848 -0.304569
9.89848 -0.609137
9.74619 -1.06599
9.74619 -1.37056
9.59391 -1.82741
9.44162 -2.13198
9.28934 -2.58883
8.98477 -2.8934
8.83249 -3.19797
8.6802 -3.50254
8.37563 -3.80711
8.07107 -4.26396
7.91878 -4.56853
7.61421 -4.8731
7.30964 -5.02538
7.00508 -5.32995
6.85279 -5.63452
6.54822 -5.93909
6.24365 -6.09137
5.93909 -6.39594
5.63452 -6.70051
5.17766 -6.85279
4.8731 -7.15736
4.56853 -7.30964
4.26396 -7.46193
3.95939 -7.7665
3.65482 -7.91878
3.35025 -8.07107
3.04569 -8.22335
2.74112 -8.37563
2.28426 -8.52792
1.9797 -8.6802
1.67513 -8.83249
1.37056 -8.98477
1.06599 -9.13706
0.761421 -9.28934
0.456853 -9.28934
0.152284 -9.44162
-0.152284 -9.59391
-0.456853 -9.59391
-0.913706 -9.74619
-1.21827 -9.89848
-1.37056 -9.89848
-1.67513 -10.0508
-1.9797 -10.0508
-2.28426 -10.203
-2.58883 -10.203
-2.8934 -10.3553
-3.19797 -10.3553
-3.50254 -10.5076
-3.80711 -10.5076
-3.95939 -10.5076
-4.26396 -10.6599
-4.56853 -10.6599
-4.8731 -10.6599
-5.02538 -10.8122
-5.32995 -10.8122
-5.63452 -10.8122
-5.7868 -10.9645
-6.09137 -10.9645
-6.39594 -10.9645
-6.54822 -11.1168
-6.85279 -11.1168
-7.00508 -11.1168
-7.30964 -11.1168
-7.61421 -11.269
-7.7665 -11.269
-8.07107 -11.269
-8.22335 -11.269
-8.52792 -11.269
-8.83249 -11.4213
-8.98477 -11.4213
-9.28934 -11.4213
-9.44162 -11.4213
-9.74619 -11.4213
-9.89848 -11.4213
-10.203 -11.4213
-10.3553 -11.4213
-10.6599 -11.4213
-10.8122 -11.5736
-11.1168 -11.5736
-11.269 -11.5736
-11.5736 -11.5736
-11.7259 -11.5736
-12.0305 -11.4213
-12.1827 -11.4213
-12.4873 -11.4213
-12.6396 -11.4213
-12.9442 -11.4213
-13.0964 -11.4213
-13.401 -11.4213
-13.5533 -11.269
-13.8579 -11.269
-14.0102 -11.269
-14.3147 -11.269
-14.467 -11.1168
-14.7716 -11.1168
-14.9239 -11.1168
-15.2284 -10.9645
-15.3807 -10.9645
-15.533 -10.8122
-15.8376 -10.8122
-15.9898 -10.8122
-16.2944 -10.6599
-16.4467 -10.6599
-16.7513 -10.5076
-16.9036 -10.5076
-17.0558 -10.3553
-17.3604 -10.3553
-17.5127 -10.203
-17.8173 -10.203
-17.9695 -10.0508
-18.2741 -10.0508
-18.4264 -10.0508
-18.731 -9.89848
-18.8832 -9.89848
-19.0355 -9.74619
-19.3401 -9.74619
-19.6447 -9.59391
-19.797 -9.59391
-20.1015 -9.44162
-20.2538 -9.44162
-20.5584 -9.28934
-20.7107 -9.28934
-21.0152 -9.13706
-21.3198 -9.13706
-21.4721 -8.98477
-21.7766 -8.83249
-21.9289 -8.83249
-22.2335 -8.6802
-22.5381 -8.52792
-22.6904 -8.37563
-22.9949 -8.37563
-23.1472 -8.22335
-23.4518 -8.07107
-23.6041 -7.91878
-23.9086 -7.7665
-24.0609 -7.61421
-24.3655 -7.46193
-24.5178 -7.30964
-24.6701 -7.15736
-24.9746 -6.85279
-25.1269 -6.70051
-25.2792 -6.54822
-25.4315 -6.24365
-25.5838 -6.09137
-25.8883 -5.7868
-26.0406 -5.63452
-26.1929 -5.48223
-26.1929 -5.17766
-26.3452 -4.8731
-26.4975 -4.72081
-26.6497 -4.41624
-26.802 -4.26396
-26.9543 -3.95939
-26.9543 -3.65482
-27.1066 -3.50254
-27.2589 -3.19797
-27.2589 -2.8934
-27.4112 -2.74112
-27.4112 -2.43655
-27.5635 -2.13198
-27.5635 -1.82741
-27.7157 -1.67513
-27.7157 -1.37056
-27.868 -1.06599
-27.868 -0.761421
-27.868 -0.609137
-28.0203 -0.304569
-28.0203 0
-28.0203 0.304569
-28.1726 0.609137
-28.1726 0.761421
-28.1726 1.06599
-28.1726 1.37056
-28.1726 1.67513
-28.1726 1.9797
-28.1726 2.28426
-28.1726 2.43655
-28.1726 2.74112
-28.1726 3.04569
-28.1726 3.35025
-28.1726 3.65482
-28.1726 3.95939
-28.1726 4.11168
-28.1726 4.41624
-28.1726 4.72081
-28.1726 5.02538
-28.0203 5.32995
-28.0203 5.63452
-28.0203 5.93909
-28.0203 6.09137
-27.868 6.39594
-27.868 6.70051
-27.7157 7.00508
-27.7157 7.30964
-27.7157 7.61421
-27.5635 7.91878
-27.4112 8.07107
-27.4112 8.37563
-27.2589 8.6802
-27.2589 8.98477
-27.1066 9.28934
-26.9543 9.44162
-26.802 9.74619
-26.6497 10.0508
-26.4975 10.203
-26.4975 10.5076
-26.1929 10.8122
-26.0406 10.9645
-25.8883 11.269
-25.736 11.4213
-25.5838 11.7259
-25.4315 11.8782
-25.1269 12.1827
-24.9746 12.335
-24.8223 12.4873
-24.5178 12.7919
-24.3655 12.9442
-24.0609 13.0964
-23.9086 13.2487
-23.6041 13.401
-23.4518 13.5533
-23.1472 13.7056
-22.8426 13.8579
-22.6904 14.0102
-22.3858 14.1624
-22.0812 14.3147
-21.9289 14.467
-21.6244 14.6193
-21.3198 14.6193
-21.1675 14.7716
-20.8629 14.9239
-20.5584 14.9239
-20.2538 15.0761
-20.1015 15.0761
-19.797 15.2284
-19.4924 15.2284
-19.1878 15.3807
-18.8832 15.3807
-18.731 15.3807
-18.4264 15.533
-18.1218 15.533
-17.8173 15.533
-17.5127 15.533
-17.3604 15.533
-17.0558 15.6853
-16.7513 15.6853
-16.4467 15.6853
-16.2944 15.6853
-15.9898 15.6853
-15.6853 15.6853
-15.533 15.533
-15.2284 15.533
-14.9239 15.533
-14.6193 15.533
-14.467 15.533
-14.1624 15.533
-14.0102 15.3807
-13.7056 15.3807
-13.401 15.3807
-13.2487 15.2284
-12.9442 15.2284
-12.7919 15.2284
-12.4873 15.0761
-12.1827 15.0761
-12.0305 14.9239
-11.7259 14.9239
-11.5736 14.7716
-11.269 14.7716
-11.1168 14.6193
-10.8122 14.6193
-10.6599 14.467
-10.5076 14.467
-10.203 14.3147
-10.0508 14.3147
-9.74619 14.1624
-9.59391 14.1624
-9.44162 14.0102
-9.13706 14.0102
-8.98477 13.8579
-8.83249 13.8579
-8.52792 13.7056
-8.37563 13.7056
-8.07107 13.5533
-7.91878 13.5533
-7.7665 13.401
-7.46193 13.401
-7.30964 13.2487
-7.15736 13.2487
-6.85279 13.0964
-6.70051 13.0964
-6.54822 12.9442
-6.24365 12.9442
-6.09137 12.7919
-5.7868 12.7919
-5.63452 12.6396
-5.48223 12.4873
-5.17766 12.4873
-5.02538 12.335
-4.8731 12.335
-4.56853 12.1827
-4.41624 12.0305
-4.11168 12.0305
-3.95939 11.8782
-3.80711 11.7259
-3.50254 11.7259
-3.35025 11.5736
-3.04569 11.4213
-2.8934 11.269
-2.74112 11.269
-2.43655 11.1168
-2.28426 10.9645
-1.9797 10.8122
-1.82741 10.6599
-1.67513 10.6599
-1.37056 10.5076
-1.21827 10.3553
-0.913706 10.203
-0.761421 10.0508
-0.456853 9.89848
-0.304569 9.74619
0 9.59391
0.304569 9.44162
0.456853 9.28934
0.761421 9.13706
1.06599 8.98477
1.21827 8.83249
1.52284 8.6802
1.82741 8.52792
2.13198 8.37563
2.43655 8.22335
2.74112 8.07107
3.04569 7.7665
3.35025 7.61421
3.65482 7.46193
3.95939 7.30964
4.26396 7.00508
4.72081 6.85279
5.02538 6.54822
5.32995 6.39594
5.63452 6.09137
6.09137 5.93909
6.39594 5.63452
6.70051 5.32995
7.00508 5.02538
7.46193 4.72081
7.7665 4.41624
8.07107 4.11168
8.37563 3.80711
8.6802 3.50254
8.98477 3.19797
9.28934 2.74112
9.59391 2.43655
9.89848 1.9797
