10.0508 1.67513
10.0508 1.21827
10.0508 0.913706
10.0508 0.456853
10.0508 0.152284
10.0508 -0.304569
9.89848 -0.761421
9.89848 -1.06599
9.74619 -1.52284
9.59391 -1.82741
9.44162 -2.28426
9.28934 -2.58883
9.13706 -2.8934
8.83249 -3.19797
8.6802 -3.65482
8.37563 -3.95939
8.07107 -4.26396
7.91878 -4.56853
7.61421 -4.8731
7.30964 -5.17766
7.00508 -5.48223
6.70051 -5.63452
6.39594 -5.93909
6.09137 -6.24365
5.7868 -6.39594
5.48223 -6.70051
5.17766 -7.00508
4.8731 -7.15736
4.41624 -7.30964
4.11168 -7.61421
3.80711 -7.7665
3.50254 -7.91878
3.19797 -8.07107
2.8934 -8.22335
2.58883 -8.52792
2.13198 -8.6802
1.82741 -8.83249
1.52284 -8.83249
1.21827 -8.98477
0.913706 -9.13706
0.609137 -9.28934
0.304569 -9.44162
0 -9.44162
-0.304569 -9.59391
-0.761421 -9.74619
-1.06599 -9.74619
-1.37056 -9.89848
-1.67513 -10.0508
-1.9797 -10.0508
-2.13198 -10.203
-2.43655 -10.203
-2.74112 -10.3553
-3.04569 -10.3553
-3.35025 -10.5076
-3.65482 -10.5076
-3.95939 -10.5076
-4.26396 -10.6599
-4.41624 -10.6599
-4.72081 -10.6599
-5.02538 -10.8122
-5.32995 -10.8122
-5.48223 -10.8122
-5.7868 -10.9645
-6.09137 -10.9645
-6.24365 -10.9645
-6.54822 -11.1168
-6.85279 -11.1168
-7.00508 -11.1168
-7.30964 -11.1168
-7.46193 -11.269
-7.7665 -11.269
-8.07107 -11.269
-8.22335 -11.269
-8.52792 -11.269
-8.6802 -11.4213
-8.98477 -11.4213
-9.13706 -11.4213
-9.44162 -11.4213
-9.74619 -11.4213
-9.89848 -11.4213
-10.203 -11.5736
-10.3553 -11.5736
-10.6599 -11.5736
-10.8122 -11.5736
-11.1168 -11.5736
-11.269 -11.5736
-11.5736 -11.5736
-11.7259 -11.5736
-12.0305 -11.5736
-12.1827 -11.5736
-12.4873 -11.5736
-12.6396 -11.5736
-12.9442 -11.5736
-13.0964 -11.5736
-13.401 -11.5736
-13.5533 -11.4213
-13.8579 -11.4213
-14.0102 -11.4213
-14.3147 -11.4213
-14.467 -11.269
-14.7716 -11.269
-14.9239 -11.1168
-15.2284 -11.1168
-15.3807 -11.1168
-15.6853 -10.9645
-15.8376 -10.9645
-15.9898 -10.8122
-16.2944 -10.8122
-16.4467 -10.6599
-16.7513 -10.6599
-16.9036 -10.5076
-17.0558 -10.5076
-17.3604 -10.3553
-17.5127 -10.3553
-17.8173 -10.203
-17.9695 -10.203
-18.1218 -10.0508
-18.4264 -10.0508
-18.5787 -9.89848
-18.8832 -9.89848
-19.0355 -9.74619
-19.3401 -9.74619
-19.4924 -9.59391
-19.797 -9.59391
-19.9492 -9.44162
-20.2538 -9.44162
-20.4061 -9.28934
-20.7107 -9.28934
-20.8629 -9.13706
-21.1675 -9.13706
-21.4721 -8.98477
-21.6244 -8.98477
-21.9289 -8.83249
-22.0812 -8.6802
-22.3858 -8.6802
-22.6904 -8.52792
-22.8426 -8.37563
-23.1472 -8.22335
-23.2995 -8.07107
-23.6041 -8.07107
-23.7563 -7.91878
-24.0609 -7.7665
-24.2132 -7.61421
-24.5178 -7.46193
-24.6701 -7.15736
-24.8223 -7.00508
-25.1269 -6.85279
-25.2792 -6.70051
-25.4315 -6.39594
-25.5838 -6.24365
-25.8883 -6.09137
-26.0406 -5.7868
-26.1929 -5.63452
-26.3452 -5.32995
-26.4975 -5.17766
-26.4975 -4.8731
-26.6497 -4.72081
-26.802 -4.41624
-26.9543 -4.26396
-27.1066 -3.95939
-27.1066 -3.65482
-27.2589 -3.50254
-27.4112 -3.19797
-27.4112 -2.8934
-27.5635 -2.74112
-27.5635 -2.43655
-27.7157 -2.13198
-27.7157 -1.82741
-27.868 -1.67513
-27.868 -1.37056
-27.868 -1.06599
-28.0203 -0.761421
-28.0203 -0.609137
-28.0203 -0.304569
-28.1726 0
-28.1726 0.304569
-28.1726 0.609137
-28.1726 0.761421
-28.3249 1.06599
-28.3249 1.37056
-28.3249 1.67513
-28.3249 1.9797
-28.3249 2.13198
-28.3249 2.43655
-28.3249 2.74112
-28.3249 3.04569
-28.3249 3.35025
-28.3249 3.65482
-28.3249 3.80711
-28.3249 4.11168
-28.3249 4.41624
-28.3249 4.72081
-28.1726 5.02538
-28.1726 5.32995
-28.1726 5.63452
-28.1726 5.7868
-28.1726 6.09137
-28.0203 6.39594
-28.0203 6.70051
-28.0203 7.00508
-27.868 7.30964
-27.868 7.61421
-27.7157 7.7665
-27.7157 8.07107
-27.5635 8.37563
-27.5635 8.6802
-27.4112 8.98477
-27.2589 9.13706
-27.2589 9.44162
-27.1066 9.74619
-26.9543 10.0508
-26.802 10.203
-26.6497 10.5076
-26.4975 10.8122
-26.3452 10.9645
-26.1929 11.269
-26.0406 11.4213
-25.736 11.7259
-25.5838 11.8782
-25.4315 12.1827
-25.1269 12.335
-24.9746 12.4873
-24.8223 12.7919
-24.5178 12.9442
-24.3655 13.0964
-24.0609 13.2487
-23.7563 13.401
-23.6041 13.5533
-23.2995 13.7056
-22.9949 13.8579
-22.8426 14.0102
-22.5381 14.1624
-22.2335 14.1624
-22.0812 14.3147
-21.7766 14.467
-21.4721 14.6193
-21.1675 14.6193
-21.0152 14.7716
-20.7107 14.7716
-20.4061 14.9239
-20.1015 14.9239
-19.9492 15.0761
-19.6447 15.0761
-19.3401 15.2284
-19.0355 15.2284
-18.8832 15.3807
-18.5787 15.3807
-18.2741 15.3807
-17.9695 15.3807
-17.8173 15.533
-17.5127 15.533
-17.2081 15.533
-17.0558 15.533
-16.7513 15.533
-16.4467 15.6853
-16.1421 15.6853
-15.9898 15.6853
-15.6853 15.6853
-15.3807 15.6853
-15.2284 15.6853
-14.9239 15.533
-14.6193 15.533
-14.467 15.533
-14.1624 15.533
-13.8579 15.533
-13.7056 15.3807
-13.401 15.3807
-13.2487 15.3807
-12.9442 15.2284
-12.6396 15.2284
-12.4873 15.2284
-12.1827 15.0761
-12.0305 15.0761
-11.7259 14.9239
-11.5736 14.9239
-11.269 14.7716
-11.1168 14.7716
-10.8122 14.6193
-10.6599 14.467
-10.5076 14.467
-10.203 14.3147
-10.0508 14.3147
-9.74619 14.1624
-9.59391 14.1624
-9.44162 14.0102
-9.13706 13.8579
-8.98477 13.8579
-8.83249 13.7056
-8.52792 13.7056
-8.37563 13.5533
-8.22335 13.5533
-7.91878 13.401
-7.7665 13.401
-7.61421 13.2487
-7.30964 13.2487
-7.15736 13.0964
-6.85279 13.0964
-6.70051 12.9442
-6.54822 12.9442
-6.24365 12.7919
-6.09137 12.6396
-5.93909 12.6396
-5.63452 12.4873
-5.48223 12.4873
-5.17766 12.335
-5.02538 12.335
-4.8731 12.1827
-4.56853 12.1827
-4.41624 12.0305
-4.11168 11.8782
-3.95939 11.8782
-3.65482 11.7259
-3.50254 11.5736
-3.35025 11.4213
-3.04569 11.4213
-2.8934 11.269
-2.58883 11.1168
-2.43655 10.9645
-2.13198 10.9645
-1.9797 10.8122
-1.82741 10.6599
-1.52284 10.5076
-1.37056 10.3553
-1.06599 10.203
-0.913706 10.0508
-0.609137 9.89848
-0.304569 9.74619
-0.152284 9.59391
0.152284 9.59391
0.304569 9.44162
0.609137 9.28934
0.913706 9.13706
1.21827 8.83249
1.52284 8.6802
1.67513 8.52792
1.9797 8.37563
2.28426 8.22335
2.58883 8.07107
2.8934 7.91878
3.35025 7.7665
3.65482 7.46193
3.95939 7.30964
4.26396 7.15736
4.72081 6.85279
5.02538 6.70051
5.32995 6.39594
5.63452 6.24365
6.09137 5.93909
6.39594 5.63452
6.70051 5.32995
7.15736 5.17766
7.46193 4.8731
7.7665 4.56853
8.07107 4.11168
8.37563 3.80711
8.83249 3.50254
9.13706 3.19797
9.44162 2.74112
9.59391 2.43655
9.89848 1.9797
