10.203 1.52284
10.203 1.21827
10.203 0.761421
10.203 0.456853
10.203 0
10.0508 -0.456853
10.0508 -0.761421
9.89848 -1.21827
9.74619 -1.52284
9.59391 -1.9797
9.44162 -2.28426
9.28934 -2.58883
8.98477 -3.04569
8.83249 -3.35025
8.52792 -3.65482
8.22335 -3.95939
8.07107 -4.26396
7.7665 -4.56853
7.46193 -4.8731
7.15736 -5.17766
6.85279 -5.48223
6.54822 -5.7868
6.24365 -5.93909
5.93909 -6.24365
5.63452 -6.39594
5.32995 -6.70051
5.02538 -6.85279
4.72081 -7.15736
4.26396 -7.30964
3.95939 -7.46193
3.65482 -7.7665
3.35025 -7.91878
3.04569 -8.07107
2.74112 -8.22335
2.43655 -8.37563
1.9797 -8.52792
1.67513 -8.6802
1.37056 -8.83249
1.06599 -8.98477
0.761421 -9.13706
0.456853 -9.28934
0.152284 -9.44162
-0.152284 -9.44162
-0.456853 -9.59391
-0.761421 -9.74619
-1.06599 -9.74619
-1.37056 -9.89848
-1.67513 -9.89848
-1.9797 -10.0508
-2.28426 -10.203
-2.58883 -10.203
-2.8934 -10.3553
-3.19797 -10.3553
-3.35025 -10.3553
-3.65482 -10.5076
-3.95939 -10.5076
-4.26396 -10.6599
-4.56853 -10.6599
-4.72081 -10.6599
-5.02538 -10.8122
-5.32995 -10.8122
-5.63452 -10.8122
-5.7868 -10.8122
-6.09137 -10.9645
-6.39594 -10.9645
-6.54822 -10.9645
-6.85279 -10.9645
-7.00508 -11.1168
-7.30964 -11.1168
-7.61421 -11.1168
-7.7665 -11.1168
-8.07107 -11.269
-8.22335 -11.269
-8.52792 -11.269
-8.83249 -11.269
-8.98477 -11.269
-9.28934 -11.269
-9.44162 -11.4213
-9.74619 -11.4213
-9.89848 -11.4213
-10.203 -11.4213
-10.3553 -11.4213
-10.6599 -11.4213
-10.8122 -11.4213
-11.1168 -11.4213
-11.269 -11.4213
-11.5736 -11.4213
-11.7259 -11.4213
-12.0305 -11.4213
-12.1827 -11.4213
-12.4873 -11.4213
-12.6396 -11.4213
-12.9442 -11.4213
-13.0964 -11.4213
-13.401 -11.4213
-13.5533 -11.4213
-13.8579 -11.269
-14.0102 -11.269
-14.3147 -11.269
-14.467 -11.269
-14.6193 -11.1168
-14.9239 -11.1168
-15.0761 -10.9645
-15.3807 -10.9645
-15.533 -10.9645
-15.8376 -10.8122
-15.9898 -10.8122
-16.1421 -10.6599
-16.4467 -10.6599
-16.599 -10.5076
-16.9036 -10.5076
-17.0558 -10.3553
-17.2081 -10.3553
-17.5127 -10.203
-17.665 -10.203
-17.9695 -10.203
-18.1218 -10.0508
-18.2741 -10.0508
-18.5787 -9.89848
-18.731 -9.89848
-19.0355 -9.74619
-19.1878 -9.74619
-19.4924 -9.59391
-19.6447 -9.59391
-19.9492 -9.44162
-20.1015 -9.44162
-20.4061 -9.44162
-20.7107 -9.28934
-20.8629 -9.28934
-21.1675 -9.13706
-21.3198 -8.98477
-21.6244 -8.98477
-21.9289 -8.83249
-22.0812 -8.83249
-22.3858 -8.6802
-22.5381 -8.52792
-22.8426 -8.37563
-22.9949 -8.37563
-23.2995 -8.22335
-23.6041 -8.07107
-23.7563 -7.91878
-23.9086 -7.7665
-24.2132 -7.61421
-24.3655 -7.46193
-24.6701 -7.30964
-24.8223 -7.00508
-24.9746 -6.85279
-25.1269 -6.70051
-25.4315 -6.54822
-25.5838 -6.24365
-25.736 -6.09137
-25.8883 -5.7868
-26.0406 -5.63452
-26.0406 -5.32995
-26.1929 -5.17766
-26.3452 -4.8731
-26.4975 -4.72081
-26.6497 -4.41624
-26.6497 -4.11168
-26.802 -3.95939
-26.9543 -3.65482
-26.9543 -3.35025
-27.1066 -3.19797
-27.1066 -2.8934
-27.2589 -2.58883
-27.2589 -2.43655
-27.4112 -2.13198
-27.4112 -1.82741
-27.4112 -1.67513
-27.5635 -1.37056
-27.5635 -1.06599
-27.5635 -0.761421
-27.7157 -0.609137
-27.7157 -0.304569
-27.7157 0
-27.7157 0.304569
-27.868 0.456853
-27.868 0.761421
-27.868 1.06599
-27.868 1.37056
-27.868 1.52284
-27.868 1.82741
-27.868 2.13198
-27.868 2.43655
-27.868 2.58883
-27.868 2.8934
-27.868 3.19797
-27.868 3.50254
-27.868 3.80711
-27.868 3.95939
-27.868 4.26396
-27.868 4.56853
-27.868 4.8731
-27.7157 5.17766
-27.7157 5.32995
-27.7157 5.63452
-27.7157 5.93909
-27.5635 6.24365
-27.5635 6.54822
-27.5635 6.70051
-27.4112 7.00508
-27.4112 7.30964
-27.2589 7.61421
-27.2589 7.91878
-27.1066 8.07107
-27.1066 8.37563
-26.9543 8.6802
-26.802 8.98477
-26.802 9.13706
-26.6497 9.44162
-26.4975 9.74619
-26.3452 9.89848
-26.1929 10.203
-26.0406 10.5076
-25.8883 10.6599
-25.736 10.9645
-25.5838 11.1168
-25.4315 11.4213
-25.2792 11.5736
-25.1269 11.7259
-24.8223 12.0305
-24.6701 12.1827
-24.5178 12.335
-24.2132 12.6396
-24.0609 12.7919
-23.7563 12.9442
-23.6041 13.0964
-23.4518 13.2487
-23.1472 13.401
-22.8426 13.5533
-22.6904 13.7056
-22.3858 13.8579
-22.2335 14.0102
-21.9289 14.1624
-21.6244 14.3147
-21.4721 14.467
-21.1675 14.6193
-20.8629 14.6193
-20.7107 14.7716
-20.4061 14.9239
-20.1015 14.9239
-19.9492 15.0761
-19.6447 15.0761
-19.3401 15.2284
-19.1878 15.2284
-18.8832 15.3807
-18.5787 15.3807
-18.2741 15.533
-18.1218 15.533
-17.8173 15.533
-17.5127 15.533
-17.3604 15.6853
-17.0558 15.6853
-16.7513 15.6853
-16.4467 15.6853
-16.2944 15.6853
-15.9898 15.6853
-15.6853 15.6853
-15.533 15.6853
-15.2284 15.6853
-14.9239 15.6853
-14.6193 15.6853
-14.467 15.6853
-14.1624 15.6853
-13.8579 15.6853
-13.7056 15.533
-13.401 15.533
-13.2487 15.533
-12.9442 15.3807
-12.6396 15.3807
-12.4873 15.2284
-12.1827 15.2284
-12.0305 15.0761
-11.7259 15.0761
-11.5736 14.9239
-11.269 14.9239
-11.1168 14.7716
-10.8122 14.7716
-10.6599 14.6193
-10.3553 14.6193
-10.203 14.467
-9.89848 14.3147
-9.74619 14.3147
-9.59391 14.1624
-9.28934 14.1624
-9.13706 14.0102
-8.83249 13.8579
-8.6802 13.8579
-8.52792 13.7056
-8.22335 13.7056
-8.07107 13.5533
-7.91878 13.5533
-7.61421 13.401
-7.46193 13.401
-7.30964 13.2487
-7.00508 13.0964
-6.85279 13.0964
-6.54822 12.9442
-6.39594 12.9442
-6.24365 12.7919
-5.93909 12.7919
-5.7868 12.6396
-5.63452 12.6396
-5.32995 12.4873
-5.17766 12.335
-4.8731 12.335
-4.72081 12.1827
-4.56853 12.1827
-4.26396 12.0305
-4.11168 11.8782
-3.80711 11.8782
-3.65482 11.7259
-3.50254 11.5736
-3.19797 11.4213
-3.04569 11.4213
-2.74112 11.269
-2.58883 11.1168
-2.28426 10.9645
-2.13198 10.8122
-1.9797 10.6599
-1.67513 10.6599
-1.52284 10.5076
-1.21827 10.3553
-1.06599 10.203
-0.761421 10.0508
-0.609137 9.89848
-0.304569 9.74619
-0.152284 9.59391
0.152284 9.44162
0.456853 9.28934
0.609137 9.13706
0.913706 8.98477
1.21827 8.83249
1.52284 8.6802
1.82741 8.52792
2.13198 8.37563
2.43655 8.22335
2.74112 8.07107
3.04569 7.7665
3.35025 7.61421
3.65482 7.46193
3.95939 7.30964
4.41624 7.00508
4.72081 6.85279
5.02538 6.54822
5.32995 6.39594
5.7868 6.09137
6.09137 5.7868
6.39594 5.63452
6.85279 5.32995
7.15736 5.02538
7.46193 4.72081
7.91878 4.41624
8.22335 4.11168
8.52792 3.80711
8.83249 3.50254
9.13706 3.04569
9.44162 2.74112
9.74619 2.28426
10.0508 1.9797
