6.39594 1.9797
6.54822 1.52284
6.54822 1.21827
6.54822 0.913706
6.54822 0.609137
6.54822 0.304569
6.54822 -0.152284
6.54822 -0.456853
6.39594 -0.761421
6.39594 -1.06599
6.24365 -1.37056
6.09137 -1.67513
5.93909 -1.9797
5.7868 -2.28426
5.63452 -2.58883
5.48223 -2.8934
5.32995 -3.19797
5.02538 -3.50254
4.8731 -3.65482
4.72081 -3.95939
4.41624 -4.26396
4.11168 -4.41624
3.95939 -4.72081
3.65482 -4.8731
3.35025 -5.17766
3.19797 -5.32995
2.8934 -5.63452
2.58883 -5.7868
2.28426 -5.93909
2.13198 -6.09137
1.82741 -6.24365
1.52284 -6.54822
1.21827 -6.70051
0.913706 -6.85279
0.761421 -7.00508
0.456853 -7.15736
0.152284 -7.15736
-0.152284 -7.30964
-0.456853 -7.46193
-0.761421 -7.61421
-0.913706 -7.7665
-1.21827 -7.91878
-1.52284 -7.91878
-1.67513 -8.07107
-1.9797 -8.22335
-2.28426 -8.22335
-2.43655 -8.37563
-2.74112 -8.52792
-3.04569 -8.6802
-3.19797 -8.6802
-3.50254 -8.83249
-3.65482 -8.98477
-3.95939 -8.98477
-4.11168 -9.13706
-4.26396 -9.28934
-4.56853 -9.44162
-4.72081 -9.44162
-5.02538 -9.59391
-5.17766 -9.74619
-5.32995 -9.89848
-5.63452 -9.89848
-5.7868 -10.0508
-6.09137 -10.203
-6.24365 -10.203
-6.54822 -10.3553
-6.70051 -10.5076
-6.85279 -10.5076
-7.15736 -10.6599
-7.30964 -10.6599
-7.61421 -10.8122
-7.7665 -10.8122
-8.07107 -10.9645
-8.22335 -10.9645
-8.52792 -11.1168
-8.6802 -11.1168
-8.98477 -11.1168
-9.13706 -11.269
-9.44162 -11.269
-9.59391 -11.269
-9.89848 -11.269
-10.203 -11.269
-10.3553 -11.269
-10.6599 -11.269
-10.8122 -11.269
-11.1168 -11.269
-11.269 -11.269
-11.5736 -11.269
-11.7259 -11.269
-12.0305 -11.269
-12.1827 -11.269
-12.4873 -11.269
-12.6396 -11.269
-12.9442 -11.269
-13.0964 -11.269
-13.401 -11.1168
-13.5533 -11.1168
-13.8579 -11.1168
-14.0102 -11.1168
-14.3147 -11.1168
-14.467 -10.9645
-14.7716 -10.9645
-14.9239 -10.9645
-15.2284 -10.9645
-15.3807 -10.8122
-15.6853 -10.8122
-15.8376 -10.8122
-16.1421 -10.8122
-16.2944 -10.6599
-16.599 -10.6599
-16.7513 -10.6599
-17.0558 -10.6599
-17.2081 -10.5076
-17.5127 -10.5076
-17.665 -10.5076
-17.9695 -10.3553
-18.1218 -10.3553
-18.4264 -10.203
-18.5787 -10.203
-18.8832 -10.203
-19.0355 -10.0508
-19.3401 -10.0508
-19.6447 -9.89848
-19.797 -9.89848
-20.1015 -9.74619
-20.2538 -9.74619
-20.5584 -9.59391
-20.7107 -9.44162
-21.0152 -9.44162
-21.1675 -9.28934
-21.4721 -9.13706
-21.7766 -9.13706
-21.9289 -8.98477
-22.2335 -8.83249
-22.3858 -8.6802
-22.6904 -8.6802
-22.8426 -8.52792
-23.1472 -8.37563
-23.2995 -8.22335
-23.6041 -8.07107
-23.7563 -7.91878
-23.9086 -7.7665
-24.2132 -7.61421
-24.3655 -7.46193
-24.6701 -7.15736
-24.8223 -7.00508
-24.9746 -6.85279
-25.1269 -6.70051
-25.4315 -6.39594
-25.5838 -6.24365
-25.736 -6.09137
-25.8883 -5.7868
-26.0406 -5.63452
-26.1929 -5.48223
-26.3452 -5.17766
-26.4975 -5.02538
-26.6497 -4.72081
-26.802 -4.41624
-26.9543 -4.26396
-27.1066 -3.95939
-27.2589 -3.80711
-27.4112 -3.50254
-27.4112 -3.19797
-27.5635 -3.04569
-27.7157 -2.74112
-27.7157 -2.43655
-27.868 -2.13198
-27.868 -1.9797
-28.0203 -1.67513
-28.0203 -1.37056
-28.1726 -1.06599
-28.1726 -0.913706
-28.1726 -0.609137
-28.1726 -0.304569
-28.3249 0
-28.3249 0.304569
-28.3249 0.456853
-28.3249 0.761421
-28.3249 1.06599
-28.3249 1.37056
-28.3249 1.67513
-28.3249 1.9797
-28.3249 2.13198
-28.3249 2.43655
-28.3249 2.74112
-28.1726 3.04569
-28.1726 3.35025
-28.1726 3.50254
-28.1726 3.80711
-28.0203 4.11168
-28.0203 4.41624
-27.868 4.72081
-27.868 4.8731
-27.868 5.17766
-27.7157 5.48223
-27.7157 5.63452
-27.5635 5.93909
-27.4112 6.24365
-27.4112 6.54822
-27.2589 6.70051
-27.2589 7.00508
-27.1066 7.30964
-26.9543 7.46193
-26.9543 7.7665
-26.802 8.07107
-26.6497 8.22335
-26.4975 8.52792
-26.4975 8.6802
-26.3452 8.98477
-26.1929 9.13706
-26.0406 9.44162
-25.8883 9.74619
-25.736 9.89848
-25.5838 10.203
-25.4315 10.3553
-25.2792 10.5076
-25.1269 10.8122
-24.9746 10.9645
-24.8223 11.269
-24.6701 11.4213
-24.5178 11.5736
-24.3655 11.8782
-24.0609 12.0305
-23.9086 12.1827
-23.7563 12.4873
-23.6041 12.6396
-23.2995 12.7919
-23.1472 12.9442
-22.9949 13.0964
-22.6904 13.401
-22.5381 13.5533
-22.3858 13.7056
-22.0812 13.8579
-21.9289 14.0102
-21.6244 14.1624
-21.4721 14.1624
-21.1675 14.3147
-20.8629 14.467
-20.7107 14.6193
-20.4061 14.6193
-20.1015 14.7716
-19.9492 14.7716
-19.6447 14.9239
-19.3401 14.9239
-19.1878 15.0761
-18.8832 15.0761
-18.5787 15.0761
-18.2741 15.0761
-18.1218 15.0761
-17.8173 15.0761
-17.5127 15.0761
-17.2081 15.0761
-17.0558 15.0761
-16.7513 15.0761
-16.4467 15.0761
-16.2944 15.0761
-15.9898 15.0761
-15.6853 15.0761
-15.533 14.9239
-15.2284 14.9239
-14.9239 14.9239
-14.7716 14.9239
-14.467 14.7716
-14.3147 14.7716
-14.0102 14.7716
-13.8579 14.7716
-13.5533 14.6193
-13.401 14.6193
-13.0964 14.6193
-12.9442 14.6193
-12.6396 14.6193
-12.4873 14.467
-12.1827 14.467
-12.0305 14.467
-11.8782 14.467
-11.5736 14.467
-11.4213 14.3147
-11.1168 14.3147
-10.9645 14.3147
-10.6599 14.3147
-10.5076 14.3147
-10.3553 14.1624
-10.0508 14.1624
-9.89848 14.1624
-9.59391 14.1624
-9.44162 14.0102
-9.28934 14.0102
-8.98477 14.0102
-8.83249 14.0102
-8.52792 13.8579
-8.37563 13.8579
-8.07107 13.8579
-7.91878 13.7056
-7.7665 13.7056
-7.46193 13.7056
-7.30964 13.5533
-7.00508 13.5533
-6.85279 13.401
-6.54822 13.401
-6.39594 13.401
-6.24365 13.2487
-5.93909 13.2487
-5.7868 13.0964
-5.48223 13.0964
-5.32995 12.9442
-5.02538 12.9442
-4.8731 12.7919
-4.56853 12.6396
-4.41624 12.6396
-4.11168 12.4873
-3.95939 12.4873
-3.80711 12.335
-3.50254 12.1827
-3.35025 12.1827
-3.04569 12.0305
-2.8934 11.8782
-2.58883 11.7259
-2.43655 11.7259
-2.13198 11.5736
-1.82741 11.4213
-1.67513 11.269
-1.37056 11.1168
-1.21827 10.9645
-0.913706 10.9645
-0.761421 10.8122
-0.456853 10.6599
-0.304569 10.5076
0 10.3553
0.152284 10.203
0.456853 10.0508
0.761421 9.89848
0.913706 9.59391
1.21827 9.44162
1.37056 9.28934
1.67513 9.13706
1.82741 8.98477
2.13198 8.6802
2.28426 8.52792
2.58883 8.37563
2.74112 8.07107
3.04569 7.91878
3.19797 7.61421
3.50254 7.46193
3.65482 7.15736
3.95939 7.00508
4.11168 6.70051
4.41624 6.39594
4.56853 6.09137
4.72081 5.93909
4.8731 5.63452
5.17766 5.32995
5.32995 5.02538
5.48223 4.72081
5.63452 4.41624
5.7868 4.11168
5.93909 3.80711
5.93909 3.50254
6.09137 3.19797
6.24365 2.8934
6.24365 2.58883
6.39594 2.28426
