9.74619 1.82741
9.89848 1.37056
10.203 1.06599
10.3553 0.609137
10.5076 0.152284
10.5076 -0.152284
10.5076 -0.609137
10.5076 -1.06599
10.5076 -1.37056
10.3553 -1.82741
10.203 -2.13198
10.0508 -2.58883
9.89848 -2.8934
9.74619 -3.35025
9.44162 -3.65482
9.13706 -3.95939
8.98477 -4.41624
8.6802 -4.72081
8.22335 -5.02538
7.91878 -5.32995
7.61421 -5.48223
7.30964 -5.7868
6.85279 -6.09137
6.54822 -6.24365
6.24365 -6.54822
5.7868 -6.70051
5.48223 -7.00508
5.02538 -7.15736
4.72081 -7.46193
4.41624 -7.61421
3.95939 -7.7665
3.65482 -7.91878
3.35025 -8.07107
2.8934 -8.22335
2.58883 -8.37563
2.28426 -8.52792
1.82741 -8.6802
1.52284 -8.83249
1.21827 -8.98477
0.913706 -9.13706
0.609137 -9.28934
0.152284 -9.28934
-0.152284 -9.44162
-0.456853 -9.59391
-0.761421 -9.59391
-1.06599 -9.74619
-1.37056 -9.89848
-1.67513 -9.89848
-1.9797 -10.0508
-2.28426 -10.0508
-2.58883 -10.203
-2.8934 -10.203
-3.19797 -10.3553
-3.50254 -10.3553
-3.80711 -10.5076
-3.95939 -10.5076
-4.26396 -10.5076
-4.56853 -10.6599
-4.8731 -10.6599
-5.17766 -10.6599
-5.32995 -10.8122
-5.63452 -10.8122
-5.93909 -10.8122
-6.09137 -10.9645
-6.39594 -10.9645
-6.70051 -10.9645
-6.85279 -11.1168
-7.15736 -11.1168
-7.46193 -11.1168
-7.61421 -11.1168
-7.91878 -11.1168
-8.22335 -11.269
-8.37563 -11.269
-8.6802 -11.269
-8.83249 -11.269
-9.13706 -11.269
-9.44162 -11.269
-9.59391 -11.269
-9.89848 -11.269
-10.0508 -11.269
-10.3553 -11.269
-10.5076 -11.269
-10.8122 -11.269
-10.9645 -11.269
-11.269 -11.269
-11.5736 -11.269
-11.7259 -11.269
-12.0305 -11.269
-12.1827 -11.269
-12.4873 -11.269
-12.6396 -11.269
-12.9442 -11.269
-13.0964 -11.269
-13.401 -11.269
-13.5533 -11.269
-13.8579 -11.1168
-14.0102 -11.1168
-14.3147 -11.1168
-14.467 -11.1168
-14.7716 -11.1168
-14.9239 -11.1168
-15.2284 -10.9645
-15.3807 -10.9645
-15.533 -10.9645
-15.8376 -10.9645
-15.9898 -10.8122
-16.2944 -10.8122
-16.4467 -10.8122
-16.7513 -10.8122
-16.9036 -10.6599
-17.2081 -10.6599
-17.3604 -10.6599
-17.665 -10.5076
-17.8173 -10.5076
-18.1218 -10.5076
-18.4264 -10.3553
-18.5787 -10.3553
-18.8832 -10.203
-19.0355 -10.203
-19.3401 -10.0508
-19.4924 -10.0508
-19.797 -9.89848
-19.9492 -9.89848
-20.2538 -9.74619
-20.4061 -9.74619
-20.7107 -9.59391
-20.8629 -9.59391
-21.1675 -9.44162
-21.3198 -9.28934
-21.6244 -9.28934
-21.7766 -9.13706
-22.0812 -8.98477
-22.2335 -8.83249
-22.5381 -8.6802
-22.6904 -8.6802
-22.9949 -8.52792
-23.1472 -8.37563
-23.4518 -8.22335
-23.6041 -8.07107
-23.9086 -7.91878
-24.0609 -7.7665
-24.2132 -7.61421
-24.5178 -7.30964
-24.6701 -7.15736
-24.8223 -7.00508
-24.9746 -6.85279
-25.2792 -6.70051
-25.4315 -6.39594
-25.5838 -6.24365
-25.736 -5.93909
-25.8883 -5.7868
-26.0406 -5.63452
-26.1929 -5.32995
-26.3452 -5.17766
-26.4975 -4.8731
-26.6497 -4.72081
-26.6497 -4.41624
-26.802 -4.11168
-26.9543 -3.95939
-27.1066 -3.65482
-27.1066 -3.50254
-27.2589 -3.19797
-27.4112 -2.8934
-27.4112 -2.74112
-27.5635 -2.43655
-27.5635 -2.13198
-27.7157 -1.82741
-27.7157 -1.67513
-27.7157 -1.37056
-27.868 -1.06599
-27.868 -0.913706
-28.0203 -0.609137
-28.0203 -0.304569
-28.0203 0
-28.0203 0.152284
-28.0203 0.456853
-28.1726 0.761421
-28.1726 1.06599
-28.1726 1.37056
-28.1726 1.52284
-28.1726 1.82741
-28.1726 2.13198
-28.1726 2.43655
-28.1726 2.58883
-28.1726 2.8934
-28.1726 3.19797
-28.1726 3.50254
-28.1726 3.80711
-28.1726 3.95939
-28.1726 4.26396
-28.1726 4.56853
-28.1726 4.8731
-28.0203 5.17766
-28.0203 5.32995
-28.0203 5.63452
-28.0203 5.93909
-28.0203 6.24365
-27.868 6.54822
-27.868 6.85279
-27.868 7.00508
-27.7157 7.30964
-27.7157 7.61421
-27.7157 7.91878
-27.5635 8.22335
-27.5635 8.52792
-27.4112 8.6802
-27.4112 8.98477
-27.2589 9.28934
-27.1066 9.59391
-27.1066 9.74619
-26.9543 10.0508
-26.802 10.3553
-26.6497 10.6599
-26.4975 10.8122
-26.3452 11.1168
-26.1929 11.269
-26.0406 11.5736
-25.8883 11.7259
-25.5838 12.0305
-25.4315 12.1827
-25.2792 12.4873
-24.9746 12.6396
-24.8223 12.7919
-24.6701 12.9442
-24.3655 13.0964
-24.2132 13.401
-23.9086 13.5533
-23.6041 13.7056
-23.4518 13.8579
-23.1472 14.0102
-22.9949 14.1624
-22.6904 14.1624
-22.3858 14.3147
-22.2335 14.467
-21.9289 14.6193
-21.6244 14.6193
-21.3198 14.7716
-21.1675 14.9239
-20.8629 14.9239
-20.5584 15.0761
-20.4061 15.0761
-20.1015 15.2284
-19.797 15.3807
-19.4924 15.3807
-19.3401 15.3807
-19.0355 15.533
-18.731 15.533
-18.5787 15.6853
-18.2741 15.6853
-17.9695 15.6853
-17.665 15.8376
-17.5127 15.8376
-17.2081 15.8376
-16.9036 15.8376
-16.7513 15.9898
-16.4467 15.9898
-16.1421 15.9898
-15.8376 15.9898
-15.6853 15.9898
-15.3807 15.9898
-15.0761 15.9898
-14.9239 15.9898
-14.6193 15.8376
-14.3147 15.8376
-14.1624 15.8376
-13.8579 15.8376
-13.5533 15.6853
-13.401 15.6853
-13.0964 15.6853
-12.9442 15.533
-12.6396 15.533
-12.4873 15.3807
-12.1827 15.3807
-11.8782 15.2284
-11.7259 15.2284
-11.4213 15.0761
-11.269 15.0761
-11.1168 14.9239
-10.8122 14.7716
-10.6599 14.7716
-10.3553 14.6193
-10.203 14.6193
-9.89848 14.467
-9.74619 14.3147
-9.59391 14.3147
-9.28934 14.1624
-9.13706 14.0102
-8.98477 14.0102
-8.6802 13.8579
-8.52792 13.8579
-8.37563 13.7056
-8.07107 13.5533
-7.91878 13.5533
-7.7665 13.401
-7.46193 13.401
-7.30964 13.2487
-7.15736 13.2487
-6.85279 13.0964
-6.70051 13.0964
-6.54822 12.9442
-6.24365 12.9442
-6.09137 12.7919
-5.93909 12.6396
-5.63452 12.6396
-5.48223 12.4873
-5.17766 12.4873
-5.02538 12.335
-4.8731 12.1827
-4.56853 12.1827
-4.41624 12.0305
-4.11168 11.8782
-3.95939 11.8782
-3.80711 11.7259
-3.50254 11.5736
-3.35025 11.5736
-3.04569 11.4213
-2.8934 11.269
-2.74112 11.1168
-2.43655 10.9645
-2.28426 10.8122
-1.9797 10.8122
-1.82741 10.6599
-1.67513 10.5076
-1.37056 10.3553
-1.21827 10.203
-0.913706 10.0508
-0.761421 9.89848
-0.456853 9.74619
-0.152284 9.59391
0 9.44162
0.304569 9.28934
0.456853 9.13706
0.761421 8.98477
1.06599 8.83249
1.37056 8.6802
1.67513 8.52792
1.9797 8.37563
2.28426 8.22335
2.58883 7.91878
2.8934 7.7665
3.19797 7.61421
3.50254 7.46193
3.80711 7.15736
4.11168 7.00508
4.56853 6.70051
4.8731 6.54822
5.17766 6.24365
5.48223 6.09137
5.93909 5.7868
6.24365 5.48223
6.54822 5.17766
7.00508 4.8731
7.30964 4.72081
7.61421 4.26396
8.07107 3.95939
8.37563 3.65482
8.6802 3.35025
8.98477 3.04569
9.44162 2.58883
9.74619 2.28426
