9.74619 1.82741
9.89848 1.37056
10.203 1.06599
10.3553 0.609137
10.5076 0.152284
10.5076 -0.304569
10.6599 -0.609137
10.5076 -1.06599
10.5076 -1.52284
10.3553 -1.9797
10.3553 -2.28426
10.0508 -2.74112
9.89848 -3.04569
9.74619 -3.50254
9.44162 -3.80711
9.13706 -4.11168
8.83249 -4.56853
8.52792 -4.8731
8.22335 -5.17766
7.7665 -5.48223
7.46193 -5.63452
7.00508 -5.93909
6.70051 -6.24365
6.24365 -6.39594
5.93909 -6.70051
5.48223 -6.85279
5.17766 -7.15736
4.72081 -7.30964
4.41624 -7.61421
3.95939 -7.7665
3.65482 -7.91878
3.35025 -8.07107
2.8934 -8.22335
2.58883 -8.37563
2.13198 -8.52792
1.82741 -8.6802
1.52284 -8.83249
1.06599 -8.98477
0.761421 -9.13706
0.456853 -9.28934
0.152284 -9.44162
-0.152284 -9.44162
-0.609137 -9.59391
-0.913706 -9.74619
-1.21827 -9.74619
-1.52284 -9.89848
-1.82741 -9.89848
-2.13198 -10.0508
-2.43655 -10.0508
-2.74112 -10.203
-3.04569 -10.203
-3.35025 -10.3553
-3.65482 -10.3553
-3.95939 -10.5076
-4.26396 -10.5076
-4.56853 -10.6599
-4.8731 -10.6599
-5.17766 -10.6599
-5.32995 -10.8122
-5.63452 -10.8122
-5.93909 -10.8122
-6.24365 -10.8122
-6.39594 -10.9645
-6.70051 -10.9645
-7.00508 -10.9645
-7.30964 -11.1168
-7.46193 -11.1168
-7.7665 -11.1168
-8.07107 -11.1168
-8.22335 -11.1168
-8.52792 -11.269
-8.6802 -11.269
-8.98477 -11.269
-9.28934 -11.269
-9.44162 -11.269
-9.74619 -11.4213
-9.89848 -11.4213
-10.203 -11.4213
-10.3553 -11.4213
-10.6599 -11.4213
-10.9645 -11.4213
-11.1168 -11.5736
-11.4213 -11.5736
-11.5736 -11.5736
-11.8782 -11.5736
-12.0305 -11.5736
-12.335 -11.5736
-12.4873 -11.5736
-12.7919 -11.5736
-12.9442 -11.5736
-13.2487 -11.5736
-13.5533 -11.5736
-13.7056 -11.5736
-14.0102 -11.4213
-14.1624 -11.4213
-14.467 -11.4213
-14.6193 -11.4213
-14.9239 -11.4213
-15.0761 -11.269
-15.3807 -11.269
-15.533 -11.269
-15.8376 -11.1168
-15.9898 -11.1168
-16.2944 -11.1168
-16.4467 -10.9645
-16.599 -10.9645
-16.9036 -10.8122
-17.0558 -10.8122
-17.3604 -10.6599
-17.5127 -10.6599
-17.8173 -10.5076
-17.9695 -10.5076
-18.1218 -10.3553
-18.4264 -10.3553
-18.5787 -10.203
-18.8832 -10.0508
-19.0355 -10.0508
-19.1878 -9.89848
-19.4924 -9.89848
-19.6447 -9.74619
-19.9492 -9.74619
-20.1015 -9.59391
-20.4061 -9.44162
-20.5584 -9.44162
-20.7107 -9.28934
-21.0152 -9.28934
-21.1675 -9.13706
-21.4721 -8.98477
-21.6244 -8.98477
-21.9289 -8.83249
-22.0812 -8.6802
-22.3858 -8.6802
-22.5381 -8.52792
-22.8426 -8.37563
-22.9949 -8.22335
-23.2995 -8.22335
-23.4518 -8.07107
-23.6041 -7.91878
-23.9086 -7.7665
-24.0609 -7.61421
-24.2132 -7.46193
-24.5178 -7.30964
-24.6701 -7.15736
-24.8223 -6.85279
-24.9746 -6.70051
-25.1269 -6.54822
-25.4315 -6.39594
-25.5838 -6.09137
-25.736 -5.93909
-25.736 -5.7868
-25.8883 -5.48223
-26.0406 -5.32995
-26.1929 -5.02538
-26.3452 -4.8731
-26.4975 -4.56853
-26.4975 -4.41624
-26.6497 -4.11168
-26.802 -3.95939
-26.802 -3.65482
-26.9543 -3.35025
-26.9543 -3.19797
-27.1066 -2.8934
-27.1066 -2.74112
-27.2589 -2.43655
-27.2589 -2.13198
-27.4112 -1.9797
-27.4112 -1.67513
-27.4112 -1.52284
-27.5635 -1.21827
-27.5635 -0.913706
-27.7157 -0.761421
-27.7157 -0.456853
-27.7157 -0.152284
-27.868 0
-27.868 0.304569
-27.868 0.609137
-27.868 0.761421
-28.0203 1.06599
-28.0203 1.37056
-28.0203 1.52284
-28.0203 1.82741
-28.1726 2.13198
-28.1726 2.28426
-28.1726 2.58883
-28.1726 2.8934
-28.1726 3.19797
-28.1726 3.35025
-28.1726 3.65482
-28.1726 3.95939
-28.1726 4.26396
-28.1726 4.41624
-28.1726 4.72081
-28.1726 5.02538
-28.1726 5.32995
-28.1726 5.48223
-28.0203 5.7868
-28.0203 6.09137
-28.0203 6.39594
-27.868 6.54822
-27.868 6.85279
-27.868 7.15736
-27.7157 7.46193
-27.7157 7.61421
-27.5635 7.91878
-27.5635 8.22335
-27.4112 8.37563
-27.4112 8.6802
-27.2589 8.98477
-27.1066 9.28934
-26.9543 9.44162
-26.9543 9.74619
-26.802 9.89848
-26.6497 10.203
-26.4975 10.5076
-26.3452 10.6599
-26.1929 10.9645
-26.0406 11.1168
-25.8883 11.4213
-25.736 11.5736
-25.5838 11.7259
-25.4315 12.0305
-25.1269 12.1827
-24.9746 12.4873
-24.8223 12.6396
-24.6701 12.7919
-24.3655 12.9442
-24.2132 13.0964
-23.9086 13.401
-23.7563 13.5533
-23.6041 13.7056
-23.2995 13.8579
-23.1472 14.0102
-22.8426 14.1624
-22.6904 14.3147
-22.3858 14.467
-22.0812 14.467
-21.9289 14.6193
-21.6244 14.7716
-21.3198 14.9239
-21.1675 14.9239
-20.8629 15.0761
-20.5584 15.0761
-20.4061 15.2284
-20.1015 15.2284
-19.797 15.3807
-19.6447 15.3807
-19.3401 15.533
-19.0355 15.533
-18.731 15.533
-18.5787 15.6853
-18.2741 15.6853
-17.9695 15.6853
-17.8173 15.6853
-17.5127 15.6853
-17.2081 15.6853
-16.9036 15.6853
-16.7513 15.6853
-16.4467 15.6853
-16.1421 15.6853
-15.9898 15.6853
-15.6853 15.6853
-15.3807 15.6853
-15.2284 15.6853
-14.9239 15.6853
-14.7716 15.533
-14.467 15.533
-14.1624 15.533
-14.0102 15.533
-13.7056 15.533
-13.5533 15.3807
-13.2487 15.3807
-12.9442 15.3807
-12.7919 15.2284
-12.4873 15.2284
-12.335 15.2284
-12.0305 15.0761
-11.8782 15.0761
-11.5736 15.0761
-11.4213 14.9239
-11.1168 14.9239
-10.9645 14.7716
-10.6599 14.7716
-10.5076 14.7716
-10.3553 14.6193
-10.0508 14.6193
-9.89848 14.467
-9.59391 14.467
-9.44162 14.3147
-9.13706 14.3147
-8.98477 14.1624
-8.83249 14.1624
-8.52792 14.0102
-8.37563 14.0102
-8.22335 13.8579
-7.91878 13.7056
-7.7665 13.7056
-7.46193 13.5533
-7.30964 13.5533
-7.15736 13.401
-6.85279 13.2487
-6.70051 13.2487
-6.54822 13.0964
-6.24365 12.9442
-6.09137 12.9442
-5.7868 12.7919
-5.63452 12.6396
-5.48223 12.6396
-5.17766 12.4873
-5.02538 12.335
-4.8731 12.335
-4.56853 12.1827
-4.41624 12.0305
-4.11168 11.8782
-3.95939 11.8782
-3.80711 11.7259
-3.50254 11.5736
-3.35025 11.4213
-3.04569 11.269
-2.8934 11.1168
-2.58883 11.1168
-2.43655 10.9645
-2.13198 10.8122
-1.9797 10.6599
-1.67513 10.5076
-1.52284 10.3553
-1.21827 10.203
-1.06599 10.0508
-0.761421 9.89848
-0.456853 9.74619
-0.152284 9.59391
0 9.44162
0.304569 9.28934
0.609137 9.13706
0.913706 8.98477
1.21827 8.83249
1.52284 8.6802
1.82741 8.52792
2.13198 8.37563
2.43655 8.22335
2.74112 7.91878
3.04569 7.7665
3.35025 7.61421
3.65482 7.30964
4.11168 7.15736
4.41624 6.85279
4.72081 6.70051
5.02538 6.39594
5.48223 6.09137
5.7868 5.93909
6.09137 5.63452
6.54822 5.32995
6.85279 5.02538
7.30964 4.72081
7.61421 4.41624
7.91878 4.11168
8.37563 3.65482
8.6802 3.35025
8.98477 3.04569
9.28934 2.58883
9.74619 2.28426
