6.70051 1.67513
6.70051 1.37056
6.70051 1.06599
6.70051 0.761421
6.70051 0.456853
6.70051 0
6.70051 -0.304569
6.70051 -0.609137
6.70051 -0.913706
6.54822 -1.21827
6.54822 -1.52284
6.54822 -1.82741
6.39594 -2.13198
6.39594 -2.43655
6.24365 -2.74112
6.24365 -3.04569
6.09137 -3.35025
5.93909 -3.65482
5.7868 -3.95939
5.7868 -4.26396
5.63452 -4.56853
5.48223 -4.8731
5.32995 -5.17766
5.02538 -5.48223
4.8731 -5.63452
4.72081 -5.93909
4.56853 -6.24365
4.26396 -6.39594
4.11168 -6.70051
3.80711 -7.00508
3.65482 -7.15736
3.35025 -7.30964
3.19797 -7.61421
2.8934 -7.7665
2.58883 -7.91878
2.43655 -8.22335
2.13198 -8.37563
1.82741 -8.52792
1.52284 -8.6802
1.21827 -8.83249
0.913706 -8.98477
0.761421 -9.13706
0.456853 -9.28934
0.152284 -9.28934
-0.152284 -9.44162
-0.456853 -9.59391
-0.761421 -9.74619
-1.06599 -9.74619
-1.21827 -9.89848
-1.52284 -9.89848
-1.82741 -10.0508
-2.13198 -10.0508
-2.43655 -10.203
-2.74112 -10.203
-3.04569 -10.3553
-3.19797 -10.3553
-3.50254 -10.5076
-3.80711 -10.5076
-4.11168 -10.5076
-4.26396 -10.5076
-4.56853 -10.6599
-4.8731 -10.6599
-5.17766 -10.6599
-5.32995 -10.6599
-5.63452 -10.8122
-5.93909 -10.8122
-6.09137 -10.8122
-6.39594 -10.8122
-6.54822 -10.9645
-6.85279 -10.9645
-7.15736 -10.9645
-7.30964 -10.9645
-7.61421 -10.9645
-7.7665 -10.9645
-8.07107 -11.1168
-8.22335 -11.1168
-8.52792 -11.1168
-8.6802 -11.1168
-8.98477 -11.269
-9.13706 -11.269
-9.44162 -11.269
-9.59391 -11.269
-9.89848 -11.269
-10.0508 -11.4213
-10.3553 -11.4213
-10.5076 -11.4213
-10.8122 -11.4213
-10.9645 -11.4213
-11.269 -11.4213
-11.4213 -11.4213
-11.7259 -11.4213
-11.8782 -11.4213
-12.1827 -11.4213
-12.335 -11.4213
-12.6396 -11.4213
-12.7919 -11.4213
-13.0964 -11.4213
-13.2487 -11.4213
-13.5533 -11.4213
-13.7056 -11.4213
-14.0102 -11.4213
-14.1624 -11.269
-14.467 -11.269
-14.6193 -11.269
-14.9239 -11.1168
-15.0761 -11.1168
-15.3807 -11.1168
-15.533 -10.9645
-15.8376 -10.9645
-15.9898 -10.9645
-16.2944 -10.8122
-16.4467 -10.8122
-16.7513 -10.6599
-16.9036 -10.6599
-17.2081 -10.6599
-17.3604 -10.5076
-17.665 -10.5076
-17.8173 -10.3553
-18.1218 -10.3553
-18.2741 -10.203
-18.5787 -10.203
-18.731 -10.0508
-19.0355 -10.0508
-19.3401 -9.89848
-19.4924 -9.89848
-19.797 -9.74619
-19.9492 -9.74619
-20.2538 -9.59391
-20.5584 -9.59391
-20.7107 -9.44162
-21.0152 -9.44162
-21.3198 -9.28934
-21.4721 -9.13706
-21.7766 -9.13706
-22.0812 -8.98477
-22.2335 -8.83249
-22.5381 -8.6802
-22.6904 -8.6802
-22.9949 -8.52792
-23.2995 -8.37563
-23.4518 -8.22335
-23.7563 -8.07107
-23.9086 -7.91878
-24.2132 -7.7665
-24.3655 -7.46193
-24.5178 -7.30964
-24.8223 -7.15736
-24.9746 -7.00508
-25.1269 -6.70051
-25.2792 -6.54822
-25.5838 -6.24365
-25.736 -6.09137
-25.8883 -5.7868
-26.0406 -5.63452
-26.1929 -5.32995
-26.3452 -5.17766
-26.4975 -4.8731
-26.4975 -4.56853
-26.6497 -4.41624
-26.802 -4.11168
-26.9543 -3.80711
-26.9543 -3.65482
-27.1066 -3.35025
-27.2589 -3.04569
-27.2589 -2.74112
-27.4112 -2.58883
-27.4112 -2.28426
-27.5635 -1.9797
-27.5635 -1.67513
-27.7157 -1.37056
-27.7157 -1.06599
-27.868 -0.913706
-27.868 -0.609137
-27.868 -0.304569
-27.868 0
-28.0203 0.304569
-28.0203 0.609137
-28.0203 0.761421
-28.0203 1.06599
-28.0203 1.37056
-28.0203 1.67513
-28.1726 1.9797
-28.1726 2.28426
-28.1726 2.58883
-28.1726 2.8934
-28.1726 3.19797
-28.1726 3.35025
-28.1726 3.65482
-28.0203 3.95939
-28.0203 4.26396
-28.0203 4.56853
-28.0203 4.8731
-28.0203 5.17766
-28.0203 5.48223
-28.0203 5.7868
-27.868 6.09137
-27.868 6.39594
-27.868 6.54822
-27.868 6.85279
-27.7157 7.15736
-27.7157 7.46193
-27.5635 7.7665
-27.5635 8.07107
-27.4112 8.37563
-27.4112 8.6802
-27.2589 8.98477
-27.2589 9.28934
-27.1066 9.59391
-26.9543 9.74619
-26.802 10.0508
-26.6497 10.3553
-26.4975 10.6599
-26.3452 10.8122
-26.1929 11.1168
-26.0406 11.4213
-25.8883 11.5736
-25.736 11.8782
-25.5838 12.1827
-25.2792 12.335
-25.1269 12.4873
-24.9746 12.7919
-24.6701 12.9442
-24.5178 13.0964
-24.2132 13.401
-23.9086 13.5533
-23.7563 13.7056
-23.4518 13.8579
-23.1472 14.0102
-22.9949 14.1624
-22.6904 14.3147
-22.3858 14.467
-22.0812 14.6193
-21.9289 14.7716
-21.6244 14.7716
-21.3198 14.9239
-21.0152 15.0761
-20.7107 15.0761
-20.4061 15.2284
-20.2538 15.2284
-19.9492 15.3807
-19.6447 15.3807
-19.3401 15.533
-19.0355 15.533
-18.731 15.6853
-18.5787 15.6853
-18.2741 15.6853
-17.9695 15.8376
-17.665 15.8376
-17.3604 15.8376
-17.2081 15.8376
-16.9036 15.8376
-16.599 15.8376
-16.2944 15.8376
-15.9898 15.9898
-15.8376 15.9898
-15.533 15.9898
-15.2284 15.8376
-14.9239 15.8376
-14.7716 15.8376
-14.467 15.8376
-14.1624 15.8376
-13.8579 15.8376
-13.7056 15.6853
-13.401 15.6853
-13.0964 15.6853
-12.9442 15.533
-12.6396 15.533
-12.4873 15.3807
-12.1827 15.3807
-11.8782 15.2284
-11.7259 15.2284
-11.4213 15.0761
-11.269 14.9239
-10.9645 14.9239
-10.8122 14.7716
-10.5076 14.7716
-10.3553 14.6193
-10.203 14.467
-9.89848 14.467
-9.74619 14.3147
-9.44162 14.1624
-9.28934 14.1624
-9.13706 14.0102
-8.83249 13.8579
-8.6802 13.8579
-8.52792 13.7056
-8.22335 13.5533
-8.07107 13.5533
-7.91878 13.401
-7.61421 13.401
-7.46193 13.2487
-7.30964 13.2487
-7.15736 13.0964
-6.85279 13.0964
-6.70051 12.9442
-6.54822 12.9442
-6.24365 12.7919
-6.09137 12.7919
-5.93909 12.6396
-5.63452 12.6396
-5.48223 12.4873
-5.32995 12.4873
-5.02538 12.335
-4.8731 12.1827
-4.56853 12.1827
-4.41624 12.0305
-4.26396 12.0305
-3.95939 11.8782
-3.80711 11.7259
-3.65482 11.7259
-3.35025 11.5736
-3.19797 11.4213
-3.04569 11.4213
-2.74112 11.269
-2.58883 11.1168
-2.43655 10.9645
-2.28426 10.8122
-1.9797 10.6599
-1.82741 10.5076
-1.67513 10.5076
-1.37056 10.3553
-1.21827 10.203
-1.06599 10.0508
-0.761421 9.89848
-0.609137 9.74619
-0.456853 9.59391
-0.152284 9.44162
0 9.28934
0.304569 9.13706
0.456853 8.98477
0.761421 8.83249
1.06599 8.6802
1.21827 8.52792
1.52284 8.37563
1.82741 8.22335
2.13198 8.22335
2.43655 8.07107
2.74112 7.91878
3.19797 7.61421
3.50254 7.46193
3.80711 7.30964
4.26396 7.15736
4.56853 7.00508
4.8731 6.70051
5.32995 6.54822
5.63452 6.39594
5.93909 6.09137
6.24365 5.7868
6.54822 5.63452
6.85279 5.32995
7.00508 5.02538
7.15736 4.72081
7.30964 4.41624
7.46193 4.11168
7.61421 3.65482
7.61421 3.35025
7.61421 3.04569
7.46193 2.74112
7.30964 2.28426
7.15736 1.9797
