9.28934 1.9797
9.44162 1.67513
9.59391 1.21827
9.59391 0.761421
9.59391 0.456853
9.59391 0
9.59391 -0.456853
9.44162 -0.761421
9.28934 -1.21827
9.28934 -1.52284
9.13706 -1.9797
8.83249 -2.28426
8.6802 -2.74112
8.52792 -3.04569
8.22335 -3.50254
8.07107 -3.80711
7.7665 -4.11168
7.46193 -4.41624
7.15736 -4.72081
6.85279 -5.02538
6.54822 -5.32995
6.24365 -5.63452
5.93909 -5.93909
5.63452 -6.09137
5.32995 -6.39594
4.8731 -6.70051
4.56853 -6.85279
4.26396 -7.15736
3.95939 -7.30964
3.65482 -7.46193
3.19797 -7.7665
2.8934 -7.91878
2.58883 -8.07107
2.28426 -8.22335
1.82741 -8.37563
1.52284 -8.52792
1.21827 -8.83249
0.913706 -8.83249
0.609137 -8.98477
0.152284 -9.13706
-0.152284 -9.28934
-0.456853 -9.44162
-0.761421 -9.59391
-1.06599 -9.59391
-1.37056 -9.74619
-1.67513 -9.89848
-1.9797 -9.89848
-2.28426 -10.0508
-2.58883 -10.203
-2.8934 -10.203
-3.19797 -10.3553
-3.50254 -10.3553
-3.80711 -10.5076
-4.11168 -10.5076
-4.41624 -10.6599
-4.72081 -10.6599
-5.02538 -10.6599
-5.32995 -10.8122
-5.63452 -10.8122
-5.93909 -10.8122
-6.09137 -10.9645
-6.39594 -10.9645
-6.70051 -10.9645
-7.00508 -11.1168
-7.15736 -11.1168
-7.46193 -11.1168
-7.7665 -11.1168
-8.07107 -11.269
-8.22335 -11.269
-8.52792 -11.269
-8.83249 -11.269
-8.98477 -11.269
-9.28934 -11.269
-9.59391 -11.269
-9.74619 -11.4213
-10.0508 -11.4213
-10.203 -11.4213
-10.5076 -11.4213
-10.8122 -11.4213
-10.9645 -11.4213
-11.269 -11.4213
-11.4213 -11.4213
-11.7259 -11.4213
-12.0305 -11.4213
-12.1827 -11.4213
-12.4873 -11.4213
-12.6396 -11.4213
-12.9442 -11.4213
-13.0964 -11.4213
-13.401 -11.4213
-13.5533 -11.4213
-13.8579 -11.4213
-14.0102 -11.269
-14.3147 -11.269
-14.6193 -11.269
-14.7716 -11.269
-15.0761 -11.269
-15.2284 -11.269
-15.533 -11.1168
-15.6853 -11.1168
-15.9898 -11.1168
-16.1421 -10.9645
-16.4467 -10.9645
-16.599 -10.9645
-16.9036 -10.8122
-17.0558 -10.8122
-17.3604 -10.8122
-17.5127 -10.6599
-17.665 -10.6599
-17.9695 -10.5076
-18.1218 -10.5076
-18.4264 -10.3553
-18.5787 -10.3553
-18.8832 -10.3553
-19.0355 -10.203
-19.3401 -10.0508
-19.4924 -10.0508
-19.797 -9.89848
-19.9492 -9.89848
-20.1015 -9.74619
-20.4061 -9.74619
-20.5584 -9.59391
-20.8629 -9.44162
-21.0152 -9.44162
-21.3198 -9.28934
-21.4721 -9.13706
-21.6244 -9.13706
-21.9289 -8.98477
-22.0812 -8.83249
-22.3858 -8.6802
-22.5381 -8.6802
-22.6904 -8.52792
-22.9949 -8.37563
-23.1472 -8.22335
-23.4518 -8.07107
-23.6041 -7.91878
-23.7563 -7.7665
-24.0609 -7.61421
-24.2132 -7.46193
-24.3655 -7.30964
-24.5178 -7.15736
-24.8223 -7.00508
-24.9746 -6.85279
-25.1269 -6.70051
-25.2792 -6.39594
-25.4315 -6.24365
-25.5838 -6.09137
-25.736 -5.93909
-25.8883 -5.63452
-26.0406 -5.48223
-26.1929 -5.32995
-26.3452 -5.02538
-26.4975 -4.8731
-26.6497 -4.56853
-26.802 -4.41624
-26.9543 -4.11168
-26.9543 -3.95939
-27.1066 -3.65482
-27.2589 -3.50254
-27.2589 -3.19797
-27.4112 -3.04569
-27.5635 -2.74112
-27.5635 -2.58883
-27.7157 -2.28426
-27.7157 -1.9797
-27.868 -1.82741
-27.868 -1.52284
-28.0203 -1.21827
-28.0203 -1.06599
-28.0203 -0.761421
-28.1726 -0.609137
-28.1726 -0.304569
-28.1726 0
-28.3249 0.152284
-28.3249 0.456853
-28.3249 0.761421
-28.3249 1.06599
-28.3249 1.21827
-28.3249 1.52284
-28.4772 1.82741
-28.4772 1.9797
-28.4772 2.28426
-28.4772 2.58883
-28.4772 2.74112
-28.4772 3.04569
-28.4772 3.35025
-28.3249 3.50254
-28.3249 3.80711
-28.3249 4.11168
-28.3249 4.41624
-28.3249 4.56853
-28.3249 4.8731
-28.1726 5.17766
-28.1726 5.32995
-28.1726 5.63452
-28.1726 5.93909
-28.0203 6.09137
-28.0203 6.39594
-28.0203 6.70051
-27.868 7.00508
-27.868 7.15736
-27.7157 7.46193
-27.7157 7.7665
-27.5635 7.91878
-27.5635 8.22335
-27.4112 8.52792
-27.2589 8.6802
-27.2589 8.98477
-27.1066 9.13706
-26.9543 9.44162
-26.9543 9.74619
-26.802 9.89848
-26.6497 10.203
-26.4975 10.3553
-26.3452 10.6599
-26.1929 10.8122
-26.0406 11.1168
-25.8883 11.269
-25.736 11.4213
-25.5838 11.7259
-25.4315 11.8782
-25.1269 12.0305
-24.9746 12.335
-24.8223 12.4873
-24.6701 12.6396
-24.3655 12.7919
-24.2132 12.9442
-24.0609 13.0964
-23.7563 13.2487
-23.6041 13.401
-23.2995 13.5533
-23.1472 13.7056
-22.8426 13.8579
-22.6904 14.0102
-22.3858 14.1624
-22.2335 14.3147
-21.9289 14.467
-21.7766 14.467
-21.4721 14.6193
-21.3198 14.7716
-21.0152 14.7716
-20.7107 14.9239
-20.5584 15.0761
-20.2538 15.0761
-20.1015 15.2284
-19.797 15.2284
-19.4924 15.3807
-19.3401 15.3807
-19.0355 15.3807
-18.731 15.533
-18.5787 15.533
-18.2741 15.533
-17.9695 15.6853
-17.8173 15.6853
-17.5127 15.6853
-17.3604 15.6853
-17.0558 15.6853
-16.7513 15.6853
-16.599 15.6853
-16.2944 15.6853
-15.9898 15.6853
-15.8376 15.6853
-15.533 15.6853
-15.2284 15.6853
-15.0761 15.6853
-14.7716 15.6853
-14.6193 15.6853
-14.3147 15.533
-14.1624 15.533
-13.8579 15.533
-13.5533 15.3807
-13.401 15.3807
-13.0964 15.3807
-12.9442 15.2284
-12.6396 15.2284
-12.4873 15.0761
-12.1827 15.0761
-12.0305 14.9239
-11.8782 14.9239
-11.5736 14.7716
-11.4213 14.7716
-11.1168 14.6193
-10.9645 14.6193
-10.8122 14.467
-10.5076 14.467
-10.3553 14.3147
-10.0508 14.3147
-9.89848 14.1624
-9.74619 14.1624
-9.44162 14.0102
-9.28934 14.0102
-9.13706 13.8579
-8.83249 13.8579
-8.6802 13.7056
-8.37563 13.5533
-8.22335 13.5533
-8.07107 13.401
-7.7665 13.401
-7.61421 13.2487
-7.46193 13.2487
-7.15736 13.0964
-7.00508 13.0964
-6.70051 12.9442
-6.54822 12.9442
-6.39594 12.7919
-6.09137 12.7919
-5.93909 12.6396
-5.63452 12.4873
-5.48223 12.4873
-5.32995 12.335
-5.02538 12.1827
-4.8731 12.1827
-4.56853 12.0305
-4.41624 11.8782
-4.11168 11.7259
-3.95939 11.7259
-3.80711 11.5736
-3.50254 11.4213
-3.35025 11.269
-3.04569 11.269
-2.8934 11.1168
-2.58883 10.9645
-2.43655 10.8122
-2.13198 10.6599
-1.9797 10.5076
-1.67513 10.3553
-1.37056 10.203
-1.21827 10.0508
-0.913706 9.89848
-0.609137 9.74619
-0.456853 9.59391
-0.152284 9.44162
0.152284 9.28934
0.456853 9.13706
0.609137 8.98477
0.913706 8.83249
1.21827 8.6802
1.52284 8.52792
1.82741 8.22335
2.13198 8.07107
2.58883 7.91878
2.8934 7.61421
3.19797 7.46193
3.50254 7.30964
3.80711 7.00508
4.26396 6.85279
4.56853 6.54822
4.8731 6.24365
5.32995 6.09137
5.63452 5.7868
5.93909 5.48223
6.39594 5.17766
6.70051 4.8731
7.15736 4.56853
7.46193 4.26396
7.91878 3.95939
8.22335 3.50254
8.52792 3.19797
8.98477 2.74112
9.28934 2.43655
