9.44162 1.67513
9.74619 1.37056
10.0508 0.913706
10.203 0.609137
10.3553 0.152284
10.5076 -0.304569
10.5076 -0.761421
10.5076 -1.06599
10.3553 -1.52284
10.3553 -1.9797
10.203 -2.28426
10.0508 -2.74112
9.74619 -3.04569
9.59391 -3.35025
9.28934 -3.80711
8.98477 -4.11168
8.6802 -4.41624
8.37563 -4.72081
8.07107 -5.02538
7.7665 -5.32995
7.30964 -5.63452
7.00508 -5.7868
6.54822 -6.09137
6.24365 -6.39594
5.7868 -6.54822
5.48223 -6.85279
5.02538 -7.00508
4.72081 -7.15736
4.41624 -7.46193
3.95939 -7.61421
3.65482 -7.7665
3.35025 -7.91878
2.8934 -8.07107
2.58883 -8.22335
2.28426 -8.37563
1.82741 -8.52792
1.52284 -8.6802
1.21827 -8.83249
0.913706 -8.98477
0.609137 -9.13706
0.304569 -9.13706
0 -9.28934
-0.456853 -9.44162
-0.761421 -9.59391
-1.06599 -9.59391
-1.37056 -9.74619
-1.67513 -9.89848
-1.9797 -9.89848
-2.28426 -10.0508
-2.58883 -10.0508
-2.8934 -10.203
-3.04569 -10.203
-3.35025 -10.3553
-3.65482 -10.3553
-3.95939 -10.3553
-4.26396 -10.5076
-4.56853 -10.5076
-4.8731 -10.5076
-5.02538 -10.6599
-5.32995 -10.6599
-5.63452 -10.6599
-5.93909 -10.8122
-6.09137 -10.8122
-6.39594 -10.8122
-6.70051 -10.8122
-6.85279 -10.9645
-7.15736 -10.9645
-7.46193 -10.9645
-7.61421 -10.9645
-7.91878 -10.9645
-8.22335 -10.9645
-8.37563 -11.1168
-8.6802 -11.1168
-8.83249 -11.1168
-9.13706 -11.1168
-9.28934 -11.1168
-9.59391 -11.1168
-9.89848 -11.1168
-10.0508 -11.269
-10.3553 -11.269
-10.5076 -11.269
-10.8122 -11.269
-10.9645 -11.269
-11.269 -11.269
-11.4213 -11.269
-11.7259 -11.269
-11.8782 -11.269
-12.1827 -11.269
-12.335 -11.269
-12.6396 -11.269
-12.7919 -11.269
-13.0964 -11.269
-13.2487 -11.269
-13.5533 -11.269
-13.7056 -11.269
-14.0102 -11.269
-14.1624 -11.269
-14.467 -11.1168
-14.6193 -11.1168
-14.9239 -11.1168
-15.0761 -11.1168
-15.2284 -11.1168
-15.533 -10.9645
-15.6853 -10.9645
-15.9898 -10.9645
-16.1421 -10.9645
-16.4467 -10.8122
-16.599 -10.8122
-16.9036 -10.8122
-17.0558 -10.6599
-17.3604 -10.6599
-17.5127 -10.6599
-17.8173 -10.5076
-17.9695 -10.5076
-18.2741 -10.5076
-18.4264 -10.3553
-18.731 -10.3553
-18.8832 -10.203
-19.1878 -10.203
-19.3401 -10.0508
-19.6447 -10.0508
-19.797 -9.89848
-20.1015 -9.89848
-20.2538 -9.74619
-20.5584 -9.74619
-20.7107 -9.59391
-21.0152 -9.59391
-21.1675 -9.44162
-21.4721 -9.28934
-21.6244 -9.28934
-21.9289 -9.13706
-22.2335 -8.98477
-22.3858 -8.83249
-22.5381 -8.83249
-22.8426 -8.6802
-22.9949 -8.52792
-23.2995 -8.37563
-23.4518 -8.22335
-23.7563 -8.07107
-23.9086 -7.91878
-24.0609 -7.7665
-24.3655 -7.61421
-24.5178 -7.46193
-24.6701 -7.15736
-24.9746 -7.00508
-25.1269 -6.85279
-25.2792 -6.70051
-25.4315 -6.39594
-25.5838 -6.24365
-25.736 -6.09137
-25.8883 -5.7868
-26.0406 -5.63452
-26.1929 -5.32995
-26.3452 -5.17766
-26.4975 -4.8731
-26.6497 -4.72081
-26.6497 -4.41624
-26.802 -4.26396
-26.9543 -3.95939
-27.1066 -3.65482
-27.1066 -3.50254
-27.2589 -3.19797
-27.2589 -2.8934
-27.4112 -2.74112
-27.4112 -2.43655
-27.5635 -2.13198
-27.5635 -1.9797
-27.7157 -1.67513
-27.7157 -1.37056
-27.7157 -1.21827
-27.868 -0.913706
-27.868 -0.609137
-27.868 -0.304569
-27.868 -0.152284
-28.0203 0.152284
-28.0203 0.456853
-28.0203 0.609137
-28.0203 0.913706
-28.0203 1.21827
-28.0203 1.52284
-28.0203 1.67513
-28.0203 1.9797
-28.0203 2.28426
-28.0203 2.58883
-28.0203 2.74112
-28.0203 3.04569
-28.0203 3.35025
-28.0203 3.65482
-28.0203 3.80711
-27.868 4.11168
-27.868 4.41624
-27.868 4.72081
-27.868 4.8731
-27.7157 5.17766
-27.7157 5.48223
-27.7157 5.7868
-27.5635 5.93909
-27.5635 6.24365
-27.4112 6.54822
-27.4112 6.70051
-27.4112 7.00508
-27.2589 7.30964
-27.2589 7.61421
-27.1066 7.7665
-26.9543 8.07107
-26.9543 8.37563
-26.802 8.52792
-26.6497 8.83249
-26.6497 9.13706
-26.4975 9.28934
-26.3452 9.59391
-26.1929 9.74619
-26.0406 10.0508
-25.8883 10.203
-25.736 10.5076
-25.5838 10.6599
-25.4315 10.9645
-25.2792 11.1168
-25.1269 11.4213
-24.9746 11.5736
-24.8223 11.7259
-24.5178 12.0305
-24.3655 12.1827
-24.2132 12.335
-23.9086 12.4873
-23.7563 12.6396
-23.6041 12.7919
-23.2995 13.0964
-23.1472 13.2487
-22.8426 13.401
-22.6904 13.5533
-22.3858 13.7056
-22.2335 13.8579
-21.9289 13.8579
-21.7766 14.0102
-21.4721 14.1624
-21.3198 14.3147
-21.0152 14.467
-20.8629 14.6193
-20.5584 14.6193
-20.2538 14.7716
-20.1015 14.9239
-19.797 14.9239
-19.6447 15.0761
-19.3401 15.0761
-19.0355 15.2284
-18.8832 15.3807
-18.5787 15.3807
-18.4264 15.3807
-18.1218 15.533
-17.8173 15.533
-17.665 15.6853
-17.3604 15.6853
-17.0558 15.6853
-16.9036 15.8376
-16.599 15.8376
-16.2944 15.8376
-16.1421 15.8376
-15.8376 15.8376
-15.533 15.8376
-15.2284 15.8376
-15.0761 15.8376
-14.7716 15.8376
-14.467 15.8376
-14.3147 15.8376
-14.0102 15.8376
-13.8579 15.6853
-13.5533 15.6853
-13.2487 15.6853
-13.0964 15.533
-12.7919 15.533
-12.6396 15.3807
-12.335 15.3807
-12.0305 15.2284
-11.8782 15.2284
-11.5736 15.0761
-11.4213 15.0761
-11.1168 14.9239
-10.9645 14.9239
-10.8122 14.7716
-10.5076 14.6193
-10.3553 14.6193
-10.0508 14.467
-9.89848 14.467
-9.74619 14.3147
-9.44162 14.1624
-9.28934 14.1624
-8.98477 14.0102
-8.83249 13.8579
-8.6802 13.8579
-8.37563 13.7056
-8.22335 13.7056
-8.07107 13.5533
-7.7665 13.401
-7.61421 13.401
-7.46193 13.2487
-7.15736 13.2487
-7.00508 13.0964
-6.85279 12.9442
-6.54822 12.9442
-6.39594 12.7919
-6.24365 12.7919
-5.93909 12.6396
-5.7868 12.4873
-5.63452 12.4873
-5.32995 12.335
-5.17766 12.335
-5.02538 12.1827
-4.72081 12.0305
-4.56853 12.0305
-4.26396 11.8782
-4.11168 11.7259
-3.95939 11.7259
-3.65482 11.5736
-3.50254 11.4213
-3.19797 11.269
-3.04569 11.1168
-2.74112 11.1168
-2.58883 10.9645
-2.43655 10.8122
-2.13198 10.6599
-1.9797 10.5076
-1.67513 10.3553
-1.52284 10.3553
-1.21827 10.203
-1.06599 10.0508
-0.761421 9.89848
-0.456853 9.74619
-0.304569 9.59391
0 9.44162
0.304569 9.28934
0.456853 9.13706
0.761421 8.98477
1.06599 8.83249
1.37056 8.6802
1.52284 8.52792
1.82741 8.22335
2.13198 8.07107
2.43655 7.91878
2.74112 7.7665
3.04569 7.46193
3.35025 7.30964
3.65482 7.15736
4.11168 6.85279
4.41624 6.70051
4.72081 6.39594
5.02538 6.24365
5.32995 5.93909
5.7868 5.63452
6.09137 5.48223
6.39594 5.17766
6.70051 4.8731
7.15736 4.56853
7.46193 4.26396
7.7665 3.95939
8.22335 3.65482
8.52792 3.19797
8.83249 2.8934
9.28934 2.58883
9.59391 2.13198
