9.74619 1.82741
9.59391 1.52284
9.59391 1.06599
9.44162 0.761421
9.28934 0.304569
9.13706 0
8.98477 -0.456853
8.83249 -0.761421
8.6802 -1.06599
8.52792 -1.52284
8.37563 -1.82741
8.22335 -2.13198
7.91878 -2.43655
7.7665 -2.8934
7.46193 -3.19797
7.30964 -3.50254
7.15736 -3.80711
6.85279 -4.11168
6.54822 -4.41624
6.39594 -4.56853
6.09137 -4.8731
5.7868 -5.17766
5.63452 -5.48223
5.32995 -5.63452
5.02538 -5.93909
4.72081 -6.24365
4.56853 -6.39594
4.26396 -6.70051
3.95939 -6.85279
3.65482 -7.15736
3.35025 -7.30964
3.19797 -7.46193
2.8934 -7.7665
2.58883 -7.91878
2.28426 -8.07107
1.9797 -8.22335
1.67513 -8.37563
1.37056 -8.52792
1.06599 -8.6802
0.761421 -8.83249
0.456853 -8.98477
0.304569 -9.13706
0 -9.28934
-0.304569 -9.44162
-0.609137 -9.59391
-0.913706 -9.74619
-1.21827 -9.74619
-1.52284 -9.89848
-1.82741 -10.0508
-2.13198 -10.0508
-2.43655 -10.203
-2.58883 -10.203
-2.8934 -10.3553
-3.19797 -10.3553
-3.50254 -10.5076
-3.80711 -10.5076
-4.11168 -10.5076
-4.41624 -10.6599
-4.56853 -10.6599
-4.8731 -10.6599
-5.17766 -10.8122
-5.48223 -10.8122
-5.63452 -10.8122
-5.93909 -10.8122
-6.24365 -10.9645
-6.54822 -10.9645
-6.70051 -10.9645
-7.00508 -10.9645
-7.30964 -10.9645
-7.46193 -10.9645
-7.7665 -11.1168
-7.91878 -11.1168
-8.22335 -11.1168
-8.52792 -11.1168
-8.6802 -11.1168
-8.98477 -11.1168
-9.13706 -11.269
-9.44162 -11.269
-9.59391 -11.269
-9.89848 -11.269
-10.0508 -11.269
-10.3553 -11.269
-10.5076 -11.269
-10.8122 -11.4213
-11.1168 -11.4213
-11.269 -11.4213
-11.5736 -11.4213
-11.7259 -11.4213
-12.0305 -11.4213
-12.1827 -11.4213
-12.4873 -11.4213
-12.6396 -11.4213
-12.9442 -11.4213
-13.0964 -11.4213
-13.401 -11.4213
-13.5533 -11.4213
-13.8579 -11.4213
-14.0102 -11.4213
-14.3147 -11.269
-14.467 -11.269
-14.7716 -11.269
-14.9239 -11.269
-15.2284 -11.269
-15.3807 -11.1168
-15.6853 -11.1168
-15.8376 -11.1168
-16.1421 -10.9645
-16.2944 -10.9645
-16.599 -10.9645
-16.7513 -10.8122
-17.0558 -10.8122
-17.2081 -10.8122
-17.5127 -10.6599
-17.665 -10.6599
-17.9695 -10.5076
-18.1218 -10.5076
-18.4264 -10.3553
-18.5787 -10.3553
-18.8832 -10.203
-19.0355 -10.203
-19.3401 -10.0508
-19.4924 -10.0508
-19.797 -9.89848
-19.9492 -9.89848
-20.2538 -9.74619
-20.4061 -9.59391
-20.7107 -9.59391
-21.0152 -9.44162
-21.1675 -9.28934
-21.4721 -9.28934
-21.6244 -9.13706
-21.9289 -8.98477
-22.0812 -8.83249
-22.3858 -8.83249
-22.5381 -8.6802
-22.8426 -8.52792
-22.9949 -8.37563
-23.1472 -8.22335
-23.4518 -8.07107
-23.6041 -7.91878
-23.9086 -7.7665
-24.0609 -7.61421
-24.2132 -7.46193
-24.5178 -7.15736
-24.6701 -7.00508
-24.8223 -6.85279
-24.9746 -6.70051
-25.1269 -6.39594
-25.4315 -6.24365
-25.5838 -6.09137
-25.736 -5.7868
-25.8883 -5.63452
-26.0406 -5.32995
-26.1929 -5.17766
-26.1929 -4.8731
-26.3452 -4.72081
-26.4975 -4.41624
-26.6497 -4.26396
-26.802 -3.95939
-26.802 -3.65482
-26.9543 -3.50254
-27.1066 -3.19797
-27.1066 -2.8934
-27.2589 -2.74112
-27.2589 -2.43655
-27.4112 -2.13198
-27.4112 -1.9797
-27.5635 -1.67513
-27.5635 -1.37056
-27.7157 -1.06599
-27.7157 -0.913706
-27.7157 -0.609137
-27.868 -0.304569
-27.868 0
-27.868 0.152284
-27.868 0.456853
-27.868 0.761421
-27.868 1.06599
-28.0203 1.21827
-28.0203 1.52284
-28.0203 1.82741
-28.0203 2.13198
-28.0203 2.43655
-28.0203 2.58883
-28.0203 2.8934
-28.0203 3.19797
-27.868 3.50254
-27.868 3.80711
-27.868 3.95939
-27.868 4.26396
-27.868 4.56853
-27.868 4.8731
-27.7157 5.02538
-27.7157 5.32995
-27.7157 5.63452
-27.7157 5.93909
-27.5635 6.24365
-27.5635 6.39594
-27.4112 6.70051
-27.4112 7.00508
-27.4112 7.30964
-27.2589 7.46193
-27.2589 7.7665
-27.1066 8.07107
-26.9543 8.37563
-26.9543 8.52792
-26.802 8.83249
-26.6497 9.13706
-26.6497 9.44162
-26.4975 9.59391
-26.3452 9.89848
-26.1929 10.0508
-26.0406 10.3553
-25.8883 10.6599
-25.736 10.8122
-25.5838 11.1168
-25.4315 11.269
-25.2792 11.5736
-25.1269 11.7259
-24.9746 12.0305
-24.8223 12.1827
-24.5178 12.335
-24.3655 12.6396
-24.2132 12.7919
-23.9086 12.9442
-23.7563 13.0964
-23.4518 13.2487
-23.2995 13.401
-22.9949 13.7056
-22.8426 13.8579
-22.5381 14.0102
-22.3858 14.0102
-22.0812 14.1624
-21.9289 14.3147
-21.6244 14.467
-21.3198 14.6193
-21.1675 14.7716
-20.8629 14.7716
-20.5584 14.9239
-20.4061 15.0761
-20.1015 15.0761
-19.797 15.2284
-19.4924 15.2284
-19.3401 15.3807
-19.0355 15.3807
-18.731 15.3807
-18.5787 15.533
-18.2741 15.533
-17.9695 15.533
-17.665 15.6853
-17.5127 15.6853
-17.2081 15.6853
-16.9036 15.6853
-16.599 15.6853
-16.4467 15.6853
-16.1421 15.6853
-15.8376 15.6853
-15.6853 15.6853
-15.3807 15.6853
-15.0761 15.6853
-14.9239 15.6853
-14.6193 15.533
-14.3147 15.533
-14.1624 15.533
-13.8579 15.533
-13.5533 15.3807
-13.401 15.3807
-13.0964 15.3807
-12.9442 15.2284
-12.6396 15.2284
-12.4873 15.0761
-12.1827 15.0761
-12.0305 14.9239
-11.7259 14.9239
-11.5736 14.7716
-11.269 14.7716
-11.1168 14.6193
-10.8122 14.6193
-10.6599 14.467
-10.5076 14.3147
-10.203 14.3147
-10.0508 14.1624
-9.74619 14.1624
-9.59391 14.0102
-9.44162 14.0102
-9.13706 13.8579
-8.98477 13.8579
-8.83249 13.7056
-8.52792 13.5533
-8.37563 13.5533
-8.22335 13.401
-8.07107 13.401
-7.7665 13.2487
-7.61421 13.2487
-7.46193 13.0964
-7.15736 13.0964
-7.00508 12.9442
-6.70051 12.9442
-6.54822 12.9442
-6.39594 12.7919
-6.09137 12.7919
-5.93909 12.6396
-5.7868 12.4873
-5.48223 12.4873
-5.32995 12.335
-5.17766 12.335
-4.8731 12.1827
-4.72081 12.1827
-4.41624 12.0305
-4.26396 11.8782
-4.11168 11.8782
-3.80711 11.7259
-3.65482 11.5736
-3.35025 11.4213
-3.19797 11.4213
-3.04569 11.269
-2.74112 11.1168
-2.58883 10.9645
-2.43655 10.8122
-2.13198 10.8122
-1.9797 10.6599
-1.82741 10.5076
-1.52284 10.3553
-1.37056 10.203
-1.06599 10.0508
-0.913706 9.89848
-0.609137 9.74619
-0.456853 9.59391
-0.152284 9.44162
0 9.28934
0.304569 9.13706
0.456853 8.98477
0.761421 8.83249
1.06599 8.6802
1.21827 8.52792
1.52284 8.37563
1.82741 8.22335
2.13198 8.07107
2.43655 7.91878
2.74112 7.61421
3.04569 7.46193
3.35025 7.30964
3.65482 7.00508
3.95939 6.85279
4.41624 6.70051
4.72081 6.39594
5.02538 6.24365
5.32995 5.93909
5.7868 5.63452
6.09137 5.48223
6.39594 5.17766
6.70051 4.8731
7.15736 4.56853
7.46193 4.26396
7.7665 3.95939
8.07107 3.65482
8.52792 3.35025
8.83249 2.8934
9.13706 2.58883
9.44162 2.28426
