9.59391 1.52284
9.44162 1.06599
9.28934 0.761421
9.28934 0.456853
9.13706 0
8.98477 -0.304569
8.83249 -0.609137
8.6802 -1.06599
8.52792 -1.37056
8.37563 -1.67513
8.22335 -1.9797
8.07107 -2.28426
7.91878 -2.58883
7.61421 -2.8934
7.46193 -3.19797
7.15736 -3.50254
7.00508 -3.80711
6.70051 -4.11168
6.54822 -4.26396
6.24365 -4.56853
6.09137 -4.8731
5.7868 -5.17766
5.63452 -5.32995
5.32995 -5.63452
5.02538 -5.7868
4.8731 -6.09137
4.56853 -6.24365
4.26396 -6.54822
4.11168 -6.70051
3.80711 -6.85279
3.50254 -7.15736
3.19797 -7.30964
3.04569 -7.46193
2.74112 -7.61421
2.43655 -7.7665
2.28426 -7.91878
1.9797 -8.22335
1.67513 -8.37563
1.37056 -8.52792
1.21827 -8.6802
0.913706 -8.83249
0.609137 -8.83249
0.304569 -8.98477
0.152284 -9.13706
-0.152284 -9.28934
-0.456853 -9.44162
-0.761421 -9.44162
-0.913706 -9.59391
-1.21827 -9.74619
-1.52284 -9.74619
-1.67513 -9.89848
-1.9797 -10.0508
-2.28426 -10.0508
-2.58883 -10.203
-2.74112 -10.203
-3.04569 -10.3553
-3.35025 -10.3553
-3.50254 -10.5076
-3.80711 -10.5076
-4.11168 -10.5076
-4.26396 -10.6599
-4.56853 -10.6599
-4.8731 -10.6599
-5.02538 -10.8122
-5.32995 -10.8122
-5.48223 -10.8122
-5.7868 -10.9645
-6.09137 -10.9645
-6.24365 -10.9645
-6.54822 -10.9645
-6.70051 -10.9645
-7.00508 -11.1168
-7.15736 -11.1168
-7.46193 -11.1168
-7.61421 -11.1168
-7.91878 -11.1168
-8.07107 -11.269
-8.37563 -11.269
-8.52792 -11.269
-8.83249 -11.269
-8.98477 -11.269
-9.28934 -11.269
-9.44162 -11.269
-9.74619 -11.4213
-9.89848 -11.4213
-10.203 -11.4213
-10.3553 -11.4213
-10.6599 -11.4213
-10.8122 -11.4213
-11.1168 -11.4213
-11.269 -11.4213
-11.5736 -11.4213
-11.7259 -11.4213
-12.0305 -11.4213
-12.1827 -11.4213
-12.4873 -11.4213
-12.6396 -11.4213
-12.9442 -11.4213
-13.0964 -11.4213
-13.2487 -11.4213
-13.5533 -11.4213
-13.7056 -11.4213
-14.0102 -11.4213
-14.3147 -11.269
-14.467 -11.269
-14.7716 -11.269
-14.9239 -11.269
-15.2284 -11.269
-15.3807 -11.1168
-15.6853 -11.1168
-15.8376 -11.1168
-16.1421 -11.1168
-16.2944 -10.9645
-16.599 -10.9645
-16.7513 -10.9645
-17.0558 -10.8122
-17.2081 -10.8122
-17.5127 -10.8122
-17.8173 -10.6599
-17.9695 -10.6599
-18.2741 -10.5076
-18.4264 -10.5076
-18.731 -10.3553
-18.8832 -10.3553
-19.1878 -10.203
-19.3401 -10.203
-19.6447 -10.0508
-19.9492 -9.89848
-20.1015 -9.89848
-20.4061 -9.74619
-20.5584 -9.59391
-20.8629 -9.44162
-21.0152 -9.44162
-21.3198 -9.28934
-21.4721 -9.13706
-21.7766 -8.98477
-21.9289 -8.83249
-22.2335 -8.6802
-22.3858 -8.52792
-22.6904 -8.37563
-22.8426 -8.22335
-23.1472 -8.07107
-23.2995 -7.91878
-23.6041 -7.7665
-23.7563 -7.61421
-23.9086 -7.46193
-24.2132 -7.30964
-24.3655 -7.00508
-24.5178 -6.85279
-24.8223 -6.70051
-24.9746 -6.39594
-25.1269 -6.24365
-25.4315 -6.09137
-25.5838 -5.7868
-25.736 -5.63452
-25.8883 -5.32995
-26.0406 -5.17766
-26.1929 -4.8731
-26.3452 -4.56853
-26.4975 -4.41624
-26.6497 -4.11168
-26.802 -3.80711
-26.9543 -3.65482
-27.1066 -3.35025
-27.1066 -3.04569
-27.2589 -2.8934
-27.4112 -2.58883
-27.4112 -2.28426
-27.5635 -1.9797
-27.5635 -1.67513
-27.7157 -1.37056
-27.7157 -1.21827
-27.7157 -0.913706
-27.868 -0.609137
-27.868 -0.304569
-27.868 0
-27.868 0.304569
-27.868 0.609137
-27.868 0.913706
-27.868 1.21827
-27.868 1.52284
-27.868 1.67513
-27.868 1.9797
-27.868 2.28426
-27.868 2.58883
-27.7157 2.8934
-27.7157 3.19797
-27.7157 3.50254
-27.5635 3.80711
-27.5635 4.11168
-27.5635 4.26396
-27.4112 4.56853
-27.4112 4.8731
-27.2589 5.17766
-27.2589 5.48223
-27.1066 5.63452
-26.9543 5.93909
-26.9543 6.24365
-26.802 6.54822
-26.6497 6.70051
-26.6497 7.00508
-26.4975 7.30964
-26.3452 7.61421
-26.3452 7.7665
-26.1929 8.07107
-26.0406 8.37563
-25.8883 8.52792
-25.736 8.83249
-25.5838 9.13706
-25.4315 9.28934
-25.2792 9.59391
-25.1269 9.74619
-24.9746 10.0508
-24.8223 10.3553
-24.6701 10.5076
-24.5178 10.8122
-24.3655 10.9645
-24.2132 11.269
-24.0609 11.4213
-23.9086 11.5736
-23.7563 11.8782
-23.4518 12.0305
-23.2995 12.335
-23.1472 12.4873
-22.8426 12.6396
-22.6904 12.9442
-22.5381 13.0964
-22.2335 13.2487
-22.0812 13.401
-21.7766 13.5533
-21.6244 13.8579
-21.4721 14.0102
-21.1675 14.1624
-20.8629 14.3147
-20.7107 14.467
-20.4061 14.6193
-20.2538 14.6193
-19.9492 14.7716
-19.6447 14.9239
-19.4924 15.0761
-19.1878 15.2284
-18.8832 15.2284
-18.731 15.3807
-18.4264 15.3807
-18.1218 15.533
-17.8173 15.533
-17.665 15.6853
-17.3604 15.6853
-17.0558 15.8376
-16.7513 15.8376
-16.599 15.8376
-16.2944 15.8376
-15.9898 15.8376
-15.6853 15.8376
-15.3807 15.8376
-15.2284 15.8376
-14.9239 15.8376
-14.6193 15.8376
-14.3147 15.8376
-14.0102 15.8376
-13.8579 15.8376
-13.5533 15.6853
-13.2487 15.6853
-13.0964 15.6853
-12.7919 15.533
-12.4873 15.533
-12.335 15.3807
-12.0305 15.2284
-11.7259 15.2284
-11.5736 15.0761
-11.269 15.0761
-11.1168 14.9239
-10.8122 14.7716
-10.6599 14.6193
-10.3553 14.6193
-10.203 14.467
-9.89848 14.3147
-9.74619 14.1624
-9.44162 14.1624
-9.28934 14.0102
-9.13706 13.8579
-8.83249 13.7056
-8.6802 13.7056
-8.52792 13.5533
-8.37563 13.401
-8.07107 13.2487
-7.91878 13.2487
-7.7665 13.0964
-7.46193 13.0964
-7.30964 12.9442
-7.15736 12.7919
-7.00508 12.7919
-6.70051 12.6396
-6.54822 12.6396
-6.39594 12.4873
-6.09137 12.4873
-5.93909 12.335
-5.7868 12.335
-5.48223 12.335
-5.32995 12.1827
-5.17766 12.1827
-4.8731 12.0305
-4.72081 12.0305
-4.56853 11.8782
-4.26396 11.8782
-4.11168 11.7259
-3.80711 11.7259
-3.65482 11.5736
-3.50254 11.4213
-3.19797 11.4213
-3.04569 11.269
-2.8934 11.1168
-2.58883 11.1168
-2.43655 10.9645
-2.28426 10.8122
-1.9797 10.6599
-1.82741 10.6599
-1.67513 10.5076
-1.37056 10.3553
-1.21827 10.203
-1.06599 10.0508
-0.913706 9.89848
-0.609137 9.74619
-0.456853 9.59391
-0.304569 9.44162
0 9.28934
0.152284 9.13706
0.304569 8.98477
0.609137 8.83249
0.761421 8.6802
1.06599 8.52792
1.21827 8.37563
1.52284 8.22335
1.67513 8.07107
1.9797 7.91878
2.28426 7.7665
2.58883 7.61421
2.8934 7.46193
3.19797 7.30964
3.50254 7.15736
3.80711 7.00508
4.11168 6.70051
4.41624 6.54822
4.72081 6.39594
5.02538 6.09137
5.32995 5.93909
5.63452 5.63452
6.09137 5.48223
6.39594 5.17766
6.70051 5.02538
7.00508 4.72081
7.30964 4.41624
7.61421 4.11168
7.91878 3.80711
8.22335 3.50254
8.37563 3.19797
8.6802 2.8934
8.98477 2.58883
9.13706 2.13198
9.28934 1.82741
