9.59391 1.52284
9.44162 1.21827
9.44162 0.761421
9.28934 0.456853
9.13706 0.152284
8.98477 -0.304569
8.83249 -0.609137
8.6802 -0.913706
8.52792 -1.21827
8.37563 -1.67513
8.22335 -1.9797
8.07107 -2.28426
7.7665 -2.58883
7.61421 -2.8934
7.46193 -3.19797
7.15736 -3.50254
7.00508 -3.80711
6.70051 -4.11168
6.54822 -4.26396
6.24365 -4.56853
5.93909 -4.8731
5.7868 -5.02538
5.48223 -5.32995
5.17766 -5.63452
5.02538 -5.7868
4.72081 -6.09137
4.41624 -6.24365
4.26396 -6.39594
3.95939 -6.70051
3.65482 -6.85279
3.35025 -7.15736
3.19797 -7.30964
2.8934 -7.46193
2.58883 -7.61421
2.28426 -7.7665
2.13198 -8.07107
1.82741 -8.22335
1.52284 -8.37563
1.37056 -8.52792
1.06599 -8.6802
0.761421 -8.83249
0.456853 -8.98477
0.304569 -8.98477
0 -9.13706
-0.304569 -9.28934
-0.609137 -9.44162
-0.761421 -9.59391
-1.06599 -9.59391
-1.37056 -9.74619
-1.67513 -9.89848
-1.82741 -9.89848
-2.13198 -10.0508
-2.43655 -10.203
-2.74112 -10.203
-2.8934 -10.3553
-3.19797 -10.3553
-3.50254 -10.5076
-3.65482 -10.5076
-3.95939 -10.5076
-4.26396 -10.6599
-4.41624 -10.6599
-4.72081 -10.6599
-5.02538 -10.8122
-5.17766 -10.8122
-5.48223 -10.8122
-5.7868 -10.9645
-5.93909 -10.9645
-6.24365 -10.9645
-6.39594 -10.9645
-6.70051 -10.9645
-7.00508 -11.1168
-7.15736 -11.1168
-7.46193 -11.1168
-7.61421 -11.1168
-7.91878 -11.1168
-8.07107 -11.1168
-8.37563 -11.1168
-8.52792 -11.1168
-8.83249 -11.269
-8.98477 -11.269
-9.28934 -11.269
-9.44162 -11.269
-9.74619 -11.269
-9.89848 -11.269
-10.203 -11.269
-10.3553 -11.269
-10.6599 -11.269
-10.8122 -11.269
-11.1168 -11.269
-11.269 -11.269
-11.5736 -11.269
-11.7259 -11.269
-12.0305 -11.269
-12.1827 -11.269
-12.4873 -11.269
-12.6396 -11.269
-12.9442 -11.269
-13.0964 -11.269
-13.401 -11.269
-13.5533 -11.269
-13.8579 -11.269
-14.0102 -11.269
-14.3147 -11.269
-14.467 -11.269
-14.7716 -11.269
-14.9239 -11.269
-15.2284 -11.1168
-15.3807 -11.1168
-15.6853 -11.1168
-15.8376 -11.1168
-16.1421 -11.1168
-16.2944 -11.1168
-16.599 -10.9645
-16.9036 -10.9645
-17.0558 -10.9645
-17.3604 -10.8122
-17.5127 -10.8122
-17.8173 -10.8122
-18.1218 -10.6599
-18.2741 -10.6599
-18.5787 -10.6599
-18.731 -10.5076
-19.0355 -10.5076
-19.1878 -10.3553
-19.4924 -10.203
-19.797 -10.203
-19.9492 -10.0508
-20.2538 -10.0508
-20.4061 -9.89848
-20.7107 -9.74619
-20.8629 -9.59391
-21.1675 -9.59391
-21.3198 -9.44162
-21.6244 -9.28934
-21.7766 -9.13706
-22.0812 -8.98477
-22.2335 -8.83249
-22.5381 -8.6802
-22.6904 -8.52792
-22.9949 -8.37563
-23.1472 -8.22335
-23.4518 -8.07107
-23.6041 -7.91878
-23.7563 -7.7665
-24.0609 -7.46193
-24.2132 -7.30964
-24.3655 -7.15736
-24.6701 -7.00508
-24.8223 -6.70051
-24.9746 -6.54822
-25.1269 -6.39594
-25.4315 -6.09137
-25.5838 -5.93909
-25.736 -5.63452
-25.8883 -5.48223
-26.0406 -5.17766
-26.1929 -5.02538
-26.3452 -4.72081
-26.4975 -4.56853
-26.6497 -4.26396
-26.802 -3.95939
-26.9543 -3.80711
-27.1066 -3.50254
-27.1066 -3.19797
-27.2589 -2.8934
-27.4112 -2.74112
-27.4112 -2.43655
-27.5635 -2.13198
-27.7157 -1.82741
-27.7157 -1.67513
-27.7157 -1.37056
-27.868 -1.06599
-27.868 -0.761421
-28.0203 -0.456853
-28.0203 -0.152284
-28.0203 0.152284
-28.0203 0.456853
-28.0203 0.609137
-28.0203 0.913706
-28.1726 1.21827
-28.1726 1.52284
-28.1726 1.82741
-28.1726 2.13198
-28.0203 2.43655
-28.0203 2.74112
-28.0203 3.04569
-28.0203 3.35025
-28.0203 3.50254
-28.0203 3.80711
-27.868 4.11168
-27.868 4.41624
-27.868 4.72081
-27.868 5.02538
-27.7157 5.32995
-27.7157 5.63452
-27.5635 5.7868
-27.5635 6.09137
-27.5635 6.39594
-27.4112 6.70051
-27.4112 7.00508
-27.2589 7.30964
-27.2589 7.61421
-27.1066 7.91878
-27.1066 8.07107
-26.9543 8.37563
-26.802 8.6802
-26.802 8.98477
-26.6497 9.28934
-26.4975 9.44162
-26.3452 9.74619
-26.1929 10.0508
-26.0406 10.3553
-25.8883 10.5076
-25.736 10.8122
-25.5838 11.1168
-25.4315 11.269
-25.2792 11.5736
-25.1269 11.7259
-24.9746 12.0305
-24.8223 12.335
-24.5178 12.4873
-24.3655 12.6396
-24.2132 12.9442
-23.9086 13.0964
-23.7563 13.2487
-23.4518 13.5533
-23.2995 13.7056
-22.9949 13.8579
-22.8426 14.0102
-22.5381 14.1624
-22.2335 14.3147
-22.0812 14.467
-21.7766 14.6193
-21.4721 14.7716
-21.3198 14.9239
-21.0152 15.0761
-20.7107 15.2284
-20.4061 15.2284
-20.2538 15.3807
-19.9492 15.533
-19.6447 15.533
-19.3401 15.6853
-19.0355 15.6853
-18.731 15.8376
-18.5787 15.8376
-18.2741 15.8376
-17.9695 15.9898
-17.665 15.9898
-17.3604 15.9898
-17.0558 15.9898
-16.7513 15.9898
-16.4467 15.9898
-16.2944 15.9898
-15.9898 15.9898
-15.6853 15.9898
-15.3807 15.9898
-15.0761 15.9898
-14.9239 15.8376
-14.6193 15.8376
-14.3147 15.8376
-14.0102 15.8376
-13.7056 15.6853
-13.5533 15.6853
-13.2487 15.533
-12.9442 15.533
-12.7919 15.3807
-12.4873 15.3807
-12.1827 15.2284
-12.0305 15.2284
-11.7259 15.0761
-11.5736 14.9239
-11.269 14.9239
-11.1168 14.7716
-10.8122 14.6193
-10.6599 14.6193
-10.3553 14.467
-10.203 14.3147
-9.89848 14.3147
-9.74619 14.1624
-9.59391 14.0102
-9.28934 14.0102
-9.13706 13.8579
-8.98477 13.7056
-8.6802 13.7056
-8.52792 13.5533
-8.37563 13.401
-8.22335 13.401
-7.91878 13.2487
-7.7665 13.2487
-7.61421 13.0964
-7.30964 12.9442
-7.15736 12.9442
-7.00508 12.7919
-6.70051 12.7919
-6.54822 12.7919
-6.39594 12.6396
-6.09137 12.6396
-5.93909 12.4873
-5.7868 12.4873
-5.48223 12.335
-5.32995 12.335
-5.17766 12.1827
-4.8731 12.1827
-4.72081 12.0305
-4.56853 12.0305
-4.26396 11.8782
-4.11168 11.7259
-3.80711 11.7259
-3.65482 11.5736
-3.50254 11.5736
-3.19797 11.4213
-3.04569 11.269
-2.8934 11.1168
-2.58883 11.1168
-2.43655 10.9645
-2.28426 10.8122
-2.13198 10.6599
-1.82741 10.5076
-1.67513 10.3553
-1.52284 10.203
-1.37056 10.0508
-1.06599 9.89848
-0.913706 9.74619
-0.761421 9.74619
-0.609137 9.59391
-0.304569 9.44162
-0.152284 9.28934
0 9.13706
0.304569 8.98477
0.456853 8.83249
0.761421 8.6802
0.913706 8.52792
1.21827 8.37563
1.37056 8.22335
1.67513 7.91878
1.9797 7.7665
2.28426 7.61421
2.43655 7.46193
2.74112 7.30964
3.04569 7.15736
3.50254 7.00508
3.80711 6.85279
4.11168 6.54822
4.41624 6.39594
4.72081 6.24365
5.02538 5.93909
5.48223 5.7868
5.7868 5.48223
6.09137 5.32995
6.39594 5.02538
6.70051 4.72081
7.15736 4.56853
7.46193 4.26396
7.7665 3.95939
8.07107 3.65482
8.22335 3.35025
8.52792 2.8934
8.83249 2.58883
9.13706 2.28426
9.28934 1.9797
