9.59391 1.67513
9.44162 1.21827
9.44162 0.913706
9.28934 0.456853
9.13706 0.152284
8.98477 -0.152284
8.83249 -0.609137
8.6802 -0.913706
8.52792 -1.21827
8.37563 -1.52284
8.22335 -1.82741
7.91878 -2.28426
7.7665 -2.58883
7.61421 -2.8934
7.30964 -3.19797
7.15736 -3.35025
6.85279 -3.65482
6.54822 -3.95939
6.39594 -4.26396
6.09137 -4.56853
5.7868 -4.72081
5.63452 -5.02538
5.32995 -5.32995
5.02538 -5.48223
4.8731 -5.7868
4.56853 -5.93909
4.26396 -6.24365
4.11168 -6.39594
3.80711 -6.70051
3.50254 -6.85279
3.35025 -7.00508
3.04569 -7.30964
2.74112 -7.46193
2.43655 -7.61421
2.28426 -7.7665
1.9797 -7.91878
1.67513 -8.22335
1.52284 -8.37563
1.21827 -8.52792
0.913706 -8.6802
0.609137 -8.83249
0.456853 -8.98477
0.152284 -9.13706
-0.152284 -9.13706
-0.304569 -9.28934
-0.609137 -9.44162
-0.913706 -9.59391
-1.21827 -9.74619
-1.37056 -9.74619
-1.67513 -9.89848
-1.9797 -10.0508
-2.28426 -10.0508
-2.43655 -10.203
-2.74112 -10.203
-3.04569 -10.3553
-3.35025 -10.3553
-3.50254 -10.5076
-3.80711 -10.5076
-4.11168 -10.6599
-4.41624 -10.6599
-4.56853 -10.6599
-4.8731 -10.6599
-5.17766 -10.8122
-5.32995 -10.8122
-5.63452 -10.8122
-5.93909 -10.8122
-6.09137 -10.9645
-6.39594 -10.9645
-6.70051 -10.9645
-6.85279 -10.9645
-7.15736 -10.9645
-7.30964 -10.9645
-7.61421 -11.1168
-7.91878 -11.1168
-8.07107 -11.1168
-8.37563 -11.1168
-8.52792 -11.1168
-8.83249 -11.1168
-8.98477 -11.1168
-9.28934 -11.1168
-9.44162 -11.1168
-9.74619 -11.269
-9.89848 -11.269
-10.203 -11.269
-10.3553 -11.269
-10.6599 -11.269
-10.8122 -11.269
-11.1168 -11.269
-11.269 -11.269
-11.4213 -11.269
-11.7259 -11.269
-11.8782 -11.269
-12.1827 -11.4213
-12.335 -11.4213
-12.6396 -11.4213
-12.7919 -11.4213
-13.0964 -11.4213
-13.2487 -11.4213
-13.5533 -11.4213
-13.8579 -11.4213
-14.0102 -11.4213
-14.3147 -11.4213
-14.467 -11.4213
-14.7716 -11.4213
-14.9239 -11.4213
-15.2284 -11.4213
-15.3807 -11.4213
-15.6853 -11.4213
-15.9898 -11.4213
-16.1421 -11.269
-16.4467 -11.269
-16.7513 -11.269
-16.9036 -11.269
-17.2081 -11.269
-17.3604 -11.1168
-17.665 -11.1168
-17.9695 -11.1168
-18.1218 -10.9645
-18.4264 -10.9645
-18.5787 -10.8122
-18.8832 -10.8122
-19.1878 -10.6599
-19.3401 -10.6599
-19.6447 -10.5076
-19.797 -10.5076
-20.1015 -10.3553
-20.2538 -10.203
-20.5584 -10.0508
-20.7107 -10.0508
-21.0152 -9.89848
-21.1675 -9.74619
-21.4721 -9.59391
-21.6244 -9.44162
-21.9289 -9.28934
-22.0812 -9.13706
-22.3858 -8.98477
-22.5381 -8.83249
-22.6904 -8.6802
-22.9949 -8.52792
-23.1472 -8.37563
-23.2995 -8.22335
-23.6041 -7.91878
-23.7563 -7.7665
-23.9086 -7.61421
-24.2132 -7.46193
-24.3655 -7.15736
-24.5178 -7.00508
-24.6701 -6.85279
-24.9746 -6.54822
-25.1269 -6.39594
-25.2792 -6.24365
-25.4315 -5.93909
-25.5838 -5.7868
-25.736 -5.48223
-25.8883 -5.32995
-26.0406 -5.02538
-26.1929 -4.8731
-26.3452 -4.56853
-26.4975 -4.41624
-26.6497 -4.11168
-26.802 -3.80711
-26.9543 -3.65482
-27.1066 -3.35025
-27.2589 -3.04569
-27.2589 -2.8934
-27.4112 -2.58883
-27.5635 -2.28426
-27.5635 -1.9797
-27.7157 -1.82741
-27.7157 -1.52284
-27.868 -1.21827
-27.868 -0.913706
-28.0203 -0.609137
-28.0203 -0.304569
-28.0203 -0.152284
-28.0203 0.152284
-28.1726 0.456853
-28.1726 0.761421
-28.1726 1.06599
-28.1726 1.37056
-28.1726 1.67513
-28.1726 1.9797
-28.1726 2.13198
-28.1726 2.43655
-28.1726 2.74112
-28.1726 3.04569
-28.1726 3.35025
-28.0203 3.65482
-28.0203 3.95939
-28.0203 4.26396
-28.0203 4.41624
-27.868 4.72081
-27.868 5.02538
-27.868 5.32995
-27.7157 5.63452
-27.7157 5.93909
-27.7157 6.24365
-27.5635 6.54822
-27.5635 6.70051
-27.4112 7.00508
-27.4112 7.30964
-27.2589 7.61421
-27.2589 7.91878
-27.1066 8.22335
-26.9543 8.37563
-26.9543 8.6802
-26.802 8.98477
-26.6497 9.28934
-26.4975 9.44162
-26.4975 9.74619
-26.3452 10.0508
-26.1929 10.3553
-26.0406 10.5076
-25.8883 10.8122
-25.736 11.1168
-25.5838 11.269
-25.4315 11.5736
-25.2792 11.7259
-25.1269 12.0305
-24.8223 12.335
-24.6701 12.4873
-24.5178 12.6396
-24.2132 12.9442
-24.0609 13.0964
-23.9086 13.401
-23.6041 13.5533
-23.4518 13.7056
-23.1472 13.8579
-22.9949 14.1624
-22.6904 14.3147
-22.5381 14.467
-22.2335 14.6193
-21.9289 14.7716
-21.7766 14.9239
-21.4721 15.0761
-21.1675 15.2284
-21.0152 15.2284
-20.7107 15.3807
-20.4061 15.533
-20.1015 15.6853
-19.797 15.6853
-19.6447 15.8376
-19.3401 15.8376
-19.0355 15.9898
-18.731 15.9898
-18.4264 15.9898
-18.1218 16.1421
-17.8173 16.1421
-17.665 16.1421
-17.3604 16.1421
-17.0558 16.1421
-16.7513 16.1421
-16.4467 16.1421
-16.1421 16.1421
-15.8376 16.1421
-15.6853 16.1421
-15.3807 16.1421
-15.0761 16.1421
-14.7716 15.9898
-14.467 15.9898
-14.3147 15.9898
-14.0102 15.8376
-13.7056 15.8376
-13.401 15.6853
-13.2487 15.6853
-12.9442 15.533
-12.6396 15.533
-12.4873 15.3807
-12.1827 15.3807
-12.0305 15.2284
-11.7259 15.0761
-11.4213 15.0761
-11.269 14.9239
-10.9645 14.7716
-10.8122 14.7716
-10.6599 14.6193
-10.3553 14.467
-10.203 14.467
-9.89848 14.3147
-9.74619 14.1624
-9.59391 14.0102
-9.28934 14.0102
-9.13706 13.8579
-8.98477 13.7056
-8.6802 13.7056
-8.52792 13.5533
-8.37563 13.5533
-8.07107 13.401
-7.91878 13.2487
-7.7665 13.2487
-7.46193 13.0964
-7.30964 13.0964
-7.15736 12.9442
-6.85279 12.9442
-6.70051 12.7919
-6.54822 12.7919
-6.24365 12.6396
-6.09137 12.6396
-5.93909 12.4873
-5.63452 12.4873
-5.48223 12.335
-5.32995 12.335
-5.02538 12.1827
-4.8731 12.1827
-4.72081 12.0305
-4.41624 12.0305
-4.26396 11.8782
-3.95939 11.8782
-3.80711 11.7259
-3.65482 11.5736
-3.35025 11.5736
-3.19797 11.4213
-3.04569 11.269
-2.74112 11.1168
-2.58883 11.1168
-2.43655 10.9645
-2.13198 10.8122
-1.9797 10.6599
-1.82741 10.5076
-1.67513 10.3553
-1.37056 10.203
-1.21827 10.0508
-1.06599 9.89848
-0.761421 9.89848
-0.609137 9.74619
-0.456853 9.59391
-0.152284 9.44162
0 9.28934
0.152284 9.13706
0.456853 8.98477
0.609137 8.83249
0.913706 8.52792
1.06599 8.37563
1.37056 8.22335
1.67513 8.07107
1.82741 7.91878
2.13198 7.7665
2.43655 7.61421
2.74112 7.46193
3.04569 7.30964
3.35025 7.15736
3.65482 6.85279
3.95939 6.70051
4.26396 6.54822
4.56853 6.24365
4.8731 6.09137
5.17766 5.7868
5.48223 5.63452
5.93909 5.32995
6.24365 5.17766
6.54822 4.8731
6.85279 4.56853
7.15736 4.26396
7.46193 3.95939
7.7665 3.65482
8.07107 3.35025
8.37563 3.04569
8.6802 2.74112
8.98477 2.28426
9.28934 1.9797
