9.13706 1.67513
9.13706 1.21827
9.13706 0.913706
8.98477 0.609137
8.83249 0.152284
8.83249 -0.152284
8.6802 -0.456853
8.52792 -0.913706
8.37563 -1.21827
8.22335 -1.52284
8.07107 -1.82741
7.91878 -2.13198
7.7665 -2.43655
7.46193 -2.74112
7.30964 -3.04569
7.00508 -3.35025
6.85279 -3.65482
6.54822 -3.95939
6.39594 -4.26396
6.09137 -4.56853
5.93909 -4.72081
5.63452 -5.02538
5.32995 -5.32995
5.17766 -5.48223
4.8731 -5.7868
4.56853 -5.93909
4.41624 -6.24365
4.11168 -6.39594
3.80711 -6.70051
3.65482 -6.85279
3.35025 -7.00508
3.04569 -7.30964
2.74112 -7.46193
2.58883 -7.61421
2.28426 -7.7665
1.9797 -7.91878
1.67513 -8.22335
1.52284 -8.37563
1.21827 -8.52792
0.913706 -8.6802
0.609137 -8.83249
0.456853 -8.98477
0.152284 -9.13706
-0.152284 -9.13706
-0.456853 -9.28934
-0.609137 -9.44162
-0.913706 -9.59391
-1.21827 -9.59391
-1.52284 -9.74619
-1.67513 -9.89848
-1.9797 -9.89848
-2.28426 -10.0508
-2.58883 -10.203
-2.74112 -10.203
-3.04569 -10.3553
-3.35025 -10.3553
-3.65482 -10.3553
-3.80711 -10.5076
-4.11168 -10.5076
-4.41624 -10.6599
-4.72081 -10.6599
-4.8731 -10.6599
-5.17766 -10.6599
-5.48223 -10.8122
-5.63452 -10.8122
-5.93909 -10.8122
-6.09137 -10.8122
-6.39594 -10.9645
-6.70051 -10.9645
-6.85279 -10.9645
-7.15736 -10.9645
-7.30964 -10.9645
-7.61421 -10.9645
-7.91878 -10.9645
-8.07107 -11.1168
-8.37563 -11.1168
-8.52792 -11.1168
-8.83249 -11.1168
-8.98477 -11.1168
-9.28934 -11.1168
-9.44162 -11.1168
-9.74619 -11.1168
-9.89848 -11.1168
-10.203 -11.269
-10.3553 -11.269
-10.6599 -11.269
-10.8122 -11.269
-11.1168 -11.269
-11.269 -11.269
-11.5736 -11.269
-11.7259 -11.269
-12.0305 -11.269
-12.1827 -11.269
-12.335 -11.269
-12.6396 -11.269
-12.7919 -11.269
-13.0964 -11.269
-13.2487 -11.269
-13.5533 -11.269
-13.7056 -11.269
-14.0102 -11.269
-14.3147 -11.269
-14.467 -11.269
-14.7716 -11.269
-14.9239 -11.269
-15.2284 -11.269
-15.3807 -11.269
-15.6853 -11.269
-15.8376 -11.1168
-16.1421 -11.1168
-16.4467 -11.1168
-16.599 -11.1168
-16.9036 -10.9645
-17.0558 -10.9645
-17.3604 -10.9645
-17.5127 -10.9645
-17.8173 -10.8122
-18.1218 -10.8122
-18.2741 -10.6599
-18.5787 -10.6599
-18.731 -10.5076
-19.0355 -10.5076
-19.1878 -10.3553
-19.4924 -10.3553
-19.6447 -10.203
-19.9492 -10.0508
-20.2538 -10.0508
-20.4061 -9.89848
-20.7107 -9.74619
-20.8629 -9.59391
-21.1675 -9.59391
-21.3198 -9.44162
-21.6244 -9.28934
-21.7766 -9.13706
-21.9289 -8.98477
-22.2335 -8.83249
-22.3858 -8.6802
-22.6904 -8.52792
-22.8426 -8.37563
-22.9949 -8.22335
-23.2995 -8.07107
-23.4518 -7.91878
-23.7563 -7.7665
-23.9086 -7.46193
-24.0609 -7.30964
-24.2132 -7.15736
-24.5178 -7.00508
-24.6701 -6.70051
-24.8223 -6.54822
-24.9746 -6.39594
-25.2792 -6.09137
-25.4315 -5.93909
-25.5838 -5.7868
-25.736 -5.48223
-25.8883 -5.32995
-26.0406 -5.02538
-26.1929 -4.8731
-26.3452 -4.56853
-26.4975 -4.41624
-26.6497 -4.11168
-26.802 -3.80711
-26.9543 -3.65482
-27.1066 -3.35025
-27.2589 -3.04569
-27.2589 -2.8934
-27.4112 -2.58883
-27.5635 -2.28426
-27.5635 -1.9797
-27.7157 -1.82741
-27.7157 -1.52284
-27.868 -1.21827
-27.868 -0.913706
-28.0203 -0.609137
-28.0203 -0.304569
-28.0203 -0.152284
-28.0203 0.152284
-28.1726 0.456853
-28.1726 0.761421
-28.1726 1.06599
-28.1726 1.37056
-28.1726 1.67513
-28.1726 1.9797
-28.1726 2.28426
-28.1726 2.43655
-28.1726 2.74112
-28.1726 3.04569
-28.1726 3.35025
-28.1726 3.65482
-28.0203 3.95939
-28.0203 4.26396
-28.0203 4.56853
-28.0203 4.72081
-27.868 5.02538
-27.868 5.32995
-27.868 5.63452
-27.7157 5.93909
-27.7157 6.24365
-27.7157 6.54822
-27.5635 6.85279
-27.5635 7.15736
-27.4112 7.30964
-27.4112 7.61421
-27.2589 7.91878
-27.2589 8.22335
-27.1066 8.52792
-27.1066 8.83249
-26.9543 9.13706
-26.802 9.28934
-26.802 9.59391
-26.6497 9.89848
-26.4975 10.203
-26.3452 10.3553
-26.1929 10.6599
-26.0406 10.9645
-25.8883 11.269
-25.736 11.4213
-25.5838 11.7259
-25.4315 12.0305
-25.2792 12.1827
-25.1269 12.4873
-24.8223 12.6396
-24.6701 12.9442
-24.5178 13.0964
-24.2132 13.2487
-24.0609 13.5533
-23.7563 13.7056
-23.6041 13.8579
-23.2995 14.1624
-23.1472 14.3147
-22.8426 14.467
-22.6904 14.6193
-22.3858 14.7716
-22.0812 14.9239
-21.9289 15.0761
-21.6244 15.2284
-21.3198 15.3807
-21.0152 15.533
-20.7107 15.533
-20.5584 15.6853
-20.2538 15.8376
-19.9492 15.8376
-19.6447 15.9898
-19.3401 15.9898
-19.0355 15.9898
-18.731 16.1421
-18.4264 16.1421
-18.2741 16.1421
-17.9695 16.1421
-17.665 16.2944
-17.3604 16.2944
-17.0558 16.2944
-16.7513 16.2944
-16.4467 16.2944
-16.1421 16.1421
-15.8376 16.1421
-15.6853 16.1421
-15.3807 16.1421
-15.0761 16.1421
-14.7716 15.9898
-14.467 15.9898
-14.3147 15.8376
-14.0102 15.8376
-13.7056 15.8376
-13.401 15.6853
-13.2487 15.6853
-12.9442 15.533
-12.6396 15.3807
-12.4873 15.3807
-12.1827 15.2284
-12.0305 15.2284
-11.7259 15.0761
-11.5736 14.9239
-11.269 14.9239
-11.1168 14.7716
-10.8122 14.6193
-10.6599 14.6193
-10.3553 14.467
-10.203 14.3147
-9.89848 14.3147
-9.74619 14.1624
-9.59391 14.0102
-9.28934 14.0102
-9.13706 13.8579
-8.98477 13.7056
-8.6802 13.7056
-8.52792 13.5533
-8.37563 13.5533
-8.07107 13.401
-7.91878 13.2487
-7.7665 13.2487
-7.61421 13.0964
-7.30964 13.0964
-7.15736 12.9442
-7.00508 12.9442
-6.70051 12.7919
-6.54822 12.7919
-6.39594 12.6396
-6.09137 12.6396
-5.93909 12.4873
-5.7868 12.4873
-5.48223 12.335
-5.32995 12.335
-5.17766 12.1827
-4.8731 12.1827
-4.72081 12.0305
-4.41624 12.0305
-4.26396 11.8782
-4.11168 11.8782
-3.80711 11.7259
-3.65482 11.5736
-3.50254 11.5736
-3.19797 11.4213
-3.04569 11.269
-2.8934 11.1168
-2.58883 11.1168
-2.43655 10.9645
-2.28426 10.8122
-1.9797 10.6599
-1.82741 10.5076
-1.67513 10.3553
-1.37056 10.3553
-1.21827 10.203
-1.06599 10.0508
-0.761421 9.89848
-0.609137 9.74619
-0.456853 9.59391
-0.152284 9.44162
0 9.28934
0.152284 9.13706
0.456853 8.98477
0.609137 8.83249
0.913706 8.6802
1.06599 8.52792
1.37056 8.37563
1.67513 8.22335
1.82741 7.91878
2.13198 7.7665
2.43655 7.61421
2.74112 7.46193
3.04569 7.30964
3.35025 7.15736
3.65482 6.85279
3.80711 6.70051
4.26396 6.54822
4.56853 6.24365
4.8731 6.09137
5.17766 5.7868
5.48223 5.63452
5.7868 5.32995
6.09137 5.02538
6.39594 4.8731
6.70051 4.56853
7.00508 4.26396
7.30964 3.95939
7.61421 3.65482
7.91878 3.35025
8.22335 3.04569
8.37563 2.74112
8.6802 2.28426
8.98477 1.9797
