2.74112 2.58883
2.8934 2.28426
3.19797 2.13198
3.50254 1.82741
3.65482 1.52284
3.95939 1.21827
4.11168 0.913706
4.26396 0.609137
4.41624 0.304569
4.56853 0
4.72081 -0.304569
4.8731 -0.761421
4.8731 -1.06599
5.02538 -1.37056
5.02538 -1.67513
5.02538 -1.9797
5.02538 -2.28426
5.02538 -2.74112
5.02538 -3.04569
5.02538 -3.35025
5.02538 -3.65482
4.8731 -3.95939
4.72081 -4.26396
4.72081 -4.56853
4.56853 -4.8731
4.41624 -5.02538
4.11168 -5.32995
3.95939 -5.63452
3.80711 -5.7868
3.50254 -6.09137
3.35025 -6.24365
3.04569 -6.54822
2.74112 -6.70051
2.43655 -6.85279
2.13198 -7.00508
1.82741 -7.15736
1.52284 -7.30964
1.21827 -7.46193
0.913706 -7.61421
0.609137 -7.7665
0.304569 -7.91878
0 -7.91878
-0.304569 -8.07107
-0.609137 -8.07107
-0.913706 -8.22335
-1.21827 -8.22335
-1.67513 -8.37563
-1.9797 -8.37563
-2.28426 -8.37563
-2.58883 -8.52792
-2.8934 -8.52792
-3.04569 -8.52792
-3.35025 -8.52792
-3.65482 -8.6802
-3.95939 -8.6802
-4.26396 -8.6802
-4.56853 -8.6802
-4.72081 -8.6802
-5.02538 -8.83249
-5.32995 -8.83249
-5.48223 -8.83249
-5.7868 -8.83249
-6.09137 -8.83249
-6.24365 -8.83249
-6.54822 -8.83249
-6.70051 -8.98477
-7.00508 -8.98477
-7.30964 -8.98477
-7.46193 -8.98477
-7.7665 -8.98477
-7.91878 -8.98477
-8.22335 -8.98477
-8.37563 -8.98477
-8.52792 -8.98477
-8.83249 -8.98477
-8.98477 -8.98477
-9.28934 -8.98477
-9.44162 -8.98477
-9.74619 -8.98477
-9.89848 -8.98477
-10.0508 -8.98477
-10.3553 -8.98477
-10.5076 -8.98477
-10.6599 -8.98477
-10.9645 -8.98477
-11.1168 -8.98477
-11.269 -8.98477
-11.5736 -8.98477
-11.7259 -8.98477
-11.8782 -8.98477
-12.1827 -8.98477
-12.335 -8.98477
-12.4873 -8.98477
-12.7919 -8.98477
-12.9442 -8.98477
-13.0964 -8.98477
-13.401 -8.98477
-13.5533 -8.98477
-13.7056 -8.98477
-14.0102 -8.98477
-14.1624 -8.98477
-14.3147 -8.83249
-14.6193 -8.83249
-14.7716 -8.83249
-15.0761 -8.83249
-15.2284 -8.83249
-15.3807 -8.83249
-15.6853 -8.83249
-15.8376 -8.83249
-16.1421 -8.83249
-16.2944 -8.83249
-16.4467 -8.6802
-16.7513 -8.6802
-16.9036 -8.6802
-17.2081 -8.6802
-17.3604 -8.52792
-17.5127 -8.52792
-17.8173 -8.52792
-17.9695 -8.37563
-18.2741 -8.37563
-18.4264 -8.22335
-18.5787 -8.22335
-18.8832 -8.07107
-19.0355 -8.07107
-19.3401 -7.91878
-19.4924 -7.91878
-19.6447 -7.7665
-19.9492 -7.61421
-20.1015 -7.61421
-20.2538 -7.46193
-20.5584 -7.30964
-20.7107 -7.15736
-20.8629 -7.15736
-21.0152 -7.00508
-21.3198 -6.85279
-21.4721 -6.70051
-21.6244 -6.54822
-21.7766 -6.39594
-22.0812 -6.24365
-22.2335 -6.09137
-22.3858 -5.93909
-22.5381 -5.7868
-22.6904 -5.63452
-22.9949 -5.48223
-23.1472 -5.32995
-23.2995 -5.17766
-23.4518 -5.02538
-23.6041 -4.8731
-23.7563 -4.72081
-23.9086 -4.41624
-24.0609 -4.26396
-24.2132 -4.11168
-24.3655 -3.95939
-24.5178 -3.80711
-24.6701 -3.50254
-24.8223 -3.35025
-24.9746 -3.19797
-25.1269 -2.8934
-25.2792 -2.74112
-25.4315 -2.43655
-25.5838 -2.28426
-25.736 -2.13198
-25.8883 -1.82741
-25.8883 -1.67513
-26.0406 -1.37056
-26.1929 -1.21827
-26.3452 -0.913706
-26.3452 -0.761421
-26.4975 -0.456853
-26.6497 -0.152284
-26.6497 0
-26.802 0.304569
-26.802 0.609137
-26.9543 0.761421
-26.9543 1.06599
-26.9543 1.37056
-27.1066 1.52284
-27.1066 1.82741
-27.1066 2.13198
-27.2589 2.28426
-27.2589 2.58883
-27.2589 2.8934
-27.2589 3.19797
-27.2589 3.35025
-27.4112 3.65482
-27.4112 3.95939
-27.4112 4.26396
-27.4112 4.41624
-27.4112 4.72081
-27.4112 5.02538
-27.2589 5.32995
-27.2589 5.48223
-27.2589 5.7868
-27.2589 6.09137
-27.2589 6.39594
-27.2589 6.70051
-27.1066 6.85279
-27.1066 7.15736
-27.1066 7.46193
-26.9543 7.7665
-26.9543 7.91878
-26.802 8.22335
-26.802 8.52792
-26.6497 8.83249
-26.6497 8.98477
-26.4975 9.28934
-26.3452 9.59391
-26.3452 9.74619
-26.1929 10.0508
-26.0406 10.3553
-25.8883 10.5076
-25.736 10.8122
-25.5838 11.1168
-25.5838 11.269
-25.4315 11.5736
-25.1269 11.7259
-24.9746 12.0305
-24.8223 12.1827
-24.6701 12.335
-24.5178 12.6396
-24.3655 12.7919
-24.0609 12.9442
-23.9086 13.2487
-23.7563 13.401
-23.4518 13.5533
-23.2995 13.7056
-22.9949 13.8579
-22.8426 14.0102
-22.5381 14.1624
-22.3858 14.3147
-22.0812 14.467
-21.9289 14.6193
-21.6244 14.7716
-21.4721 14.9239
-21.1675 15.0761
-20.8629 15.0761
-20.7107 15.2284
-20.4061 15.3807
-20.1015 15.3807
-19.9492 15.533
-19.6447 15.533
-19.3401 15.6853
-19.1878 15.6853
-18.8832 15.8376
-18.5787 15.8376
-18.4264 15.8376
-18.1218 15.9898
-17.8173 15.9898
-17.5127 15.9898
-17.3604 15.9898
-17.0558 16.1421
-16.7513 16.1421
-16.599 16.1421
-16.2944 16.1421
-15.9898 16.1421
-15.8376 16.1421
-15.533 16.1421
-15.2284 16.1421
-15.0761 15.9898
-14.7716 15.9898
-14.467 15.9898
-14.3147 15.9898
-14.0102 15.9898
-13.7056 15.8376
-13.5533 15.8376
-13.2487 15.8376
-13.0964 15.6853
-12.7919 15.6853
-12.6396 15.533
-12.335 15.533
-12.1827 15.3807
-11.8782 15.3807
-11.7259 15.2284
-11.4213 15.2284
-11.269 15.0761
-11.1168 15.0761
-10.8122 14.9239
-10.6599 14.9239
-10.5076 14.7716
-10.203 14.6193
-10.0508 14.6193
-9.89848 14.467
-9.59391 14.467
-9.44162 14.3147
-9.28934 14.1624
-8.98477 14.1624
-8.83249 14.0102
-8.6802 13.8579
-8.52792 13.8579
-8.37563 13.7056
-8.07107 13.7056
-7.91878 13.5533
-7.7665 13.401
-7.61421 13.401
-7.46193 13.2487
-7.15736 13.0964
-7.00508 13.0964
-6.85279 12.9442
-6.70051 12.9442
-6.54822 12.7919
-6.39594 12.6396
-6.09137 12.4873
-5.93909 12.4873
-5.7868 12.335
-5.63452 12.1827
-5.48223 12.1827
-5.32995 12.0305
-5.17766 11.8782
-5.02538 11.7259
-4.8731 11.7259
-4.56853 11.5736
-4.41624 11.4213
-4.26396 11.269
-4.11168 11.1168
-3.95939 10.9645
-3.80711 10.9645
-3.65482 10.8122
-3.50254 10.6599
-3.35025 10.5076
-3.19797 10.3553
-3.04569 10.203
-2.8934 10.0508
-2.74112 9.89848
-2.58883 9.74619
-2.58883 9.59391
-2.43655 9.44162
-2.28426 9.28934
-2.13198 9.13706
-1.9797 8.98477
-1.82741 8.83249
-1.67513 8.6802
-1.52284 8.52792
-1.37056 8.37563
-1.21827 8.22335
-1.06599 8.07107
-0.913706 7.7665
-0.761421 7.61421
-0.609137 7.46193
-0.456853 7.30964
-0.304569 7.15736
-0.152284 7.00508
0 6.70051
0.152284 6.54822
0.304569 6.39594
0.456853 6.24365
0.609137 5.93909
0.761421 5.7868
0.913706 5.63452
1.06599 5.48223
1.21827 5.17766
1.37056 5.02538
1.52284 4.72081
1.67513 4.56853
1.82741 4.26396
1.9797 4.11168
2.13198 3.80711
2.28426 3.65482
2.43655 3.35025
2.58883 3.04569
2.74112 2.8934
