2.13198 2.74112
2.58883 2.43655
3.04569 2.28426
3.50254 1.9797
3.80711 1.67513
4.11168 1.37056
4.41624 1.06599
4.72081 0.609137
4.8731 0.304569
5.17766 0
5.32995 -0.304569
5.48223 -0.609137
5.48223 -1.06599
5.63452 -1.37056
5.63452 -1.67513
5.63452 -1.9797
5.63452 -2.28426
5.48223 -2.74112
5.48223 -3.04569
5.32995 -3.35025
5.32995 -3.65482
5.17766 -3.95939
5.02538 -4.11168
4.8731 -4.41624
4.56853 -4.72081
4.41624 -5.02538
4.26396 -5.17766
3.95939 -5.48223
3.65482 -5.63452
3.50254 -5.93909
3.19797 -6.09137
2.8934 -6.39594
2.58883 -6.54822
2.28426 -6.70051
1.9797 -6.85279
1.82741 -7.00508
1.37056 -7.15736
1.06599 -7.30964
0.761421 -7.46193
0.456853 -7.46193
0.152284 -7.61421
-0.152284 -7.7665
-0.456853 -7.7665
-0.761421 -7.91878
-1.06599 -7.91878
-1.37056 -8.07107
-1.67513 -8.07107
-1.9797 -8.22335
-2.28426 -8.22335
-2.58883 -8.22335
-2.8934 -8.37563
-3.19797 -8.37563
-3.50254 -8.37563
-3.65482 -8.52792
-3.95939 -8.52792
-4.26396 -8.52792
-4.56853 -8.6802
-4.72081 -8.6802
-5.02538 -8.6802
-5.32995 -8.6802
-5.48223 -8.6802
-5.7868 -8.83249
-6.09137 -8.83249
-6.24365 -8.83249
-6.54822 -8.83249
-6.70051 -8.83249
-7.00508 -8.83249
-7.30964 -8.83249
-7.46193 -8.83249
-7.7665 -8.98477
-7.91878 -8.98477
-8.22335 -8.98477
-8.37563 -8.98477
-8.6802 -8.98477
-8.83249 -8.98477
-8.98477 -8.98477
-9.28934 -8.98477
-9.44162 -8.98477
-9.74619 -8.98477
-9.89848 -8.98477
-10.0508 -8.98477
-10.3553 -8.98477
-10.5076 -8.98477
-10.8122 -8.83249
-10.9645 -8.83249
-11.1168 -8.83249
-11.4213 -8.83249
-11.5736 -8.83249
-11.7259 -8.83249
-12.0305 -8.83249
-12.1827 -8.83249
-12.335 -8.83249
-12.6396 -8.83249
-12.7919 -8.83249
-12.9442 -8.83249
-13.2487 -8.83249
-13.401 -8.83249
-13.5533 -8.83249
-13.8579 -8.6802
-14.0102 -8.6802
-14.1624 -8.6802
-14.467 -8.6802
-14.6193 -8.6802
-14.7716 -8.6802
-15.0761 -8.6802
-15.2284 -8.6802
-15.533 -8.6802
-15.6853 -8.6802
-15.8376 -8.6802
-16.1421 -8.52792
-16.2944 -8.52792
-16.4467 -8.52792
-16.7513 -8.52792
-16.9036 -8.52792
-17.2081 -8.37563
-17.3604 -8.37563
-17.665 -8.37563
-17.8173 -8.22335
-17.9695 -8.22335
-18.2741 -8.22335
-18.4264 -8.07107
-18.731 -8.07107
-18.8832 -7.91878
-19.0355 -7.91878
-19.3401 -7.7665
-19.4924 -7.7665
-19.797 -7.61421
-19.9492 -7.46193
-20.1015 -7.46193
-20.4061 -7.30964
-20.5584 -7.15736
-20.7107 -7.15736
-21.0152 -7.00508
-21.1675 -6.85279
-21.3198 -6.70051
-21.6244 -6.54822
-21.7766 -6.54822
-21.9289 -6.39594
-22.0812 -6.24365
-22.3858 -6.09137
-22.5381 -5.93909
-22.6904 -5.7868
-22.8426 -5.63452
-23.1472 -5.48223
-23.2995 -5.32995
-23.4518 -5.17766
-23.6041 -5.02538
-23.7563 -4.72081
-24.0609 -4.56853
-24.2132 -4.41624
-24.3655 -4.26396
-24.5178 -4.11168
-24.6701 -3.80711
-24.8223 -3.65482
-24.9746 -3.50254
-25.1269 -3.35025
-25.2792 -3.04569
-25.4315 -2.8934
-25.5838 -2.58883
-25.736 -2.43655
-25.8883 -2.28426
-26.0406 -1.9797
-26.1929 -1.82741
-26.1929 -1.52284
-26.3452 -1.37056
-26.4975 -1.06599
-26.6497 -0.761421
-26.6497 -0.609137
-26.802 -0.304569
-26.802 -0.152284
-26.9543 0.152284
-26.9543 0.456853
-27.1066 0.609137
-27.1066 0.913706
-27.2589 1.21827
-27.2589 1.37056
-27.2589 1.67513
-27.4112 1.9797
-27.4112 2.28426
-27.4112 2.43655
-27.4112 2.74112
-27.4112 3.04569
-27.4112 3.35025
-27.4112 3.50254
-27.4112 3.80711
-27.4112 4.11168
-27.4112 4.41624
-27.4112 4.56853
-27.4112 4.8731
-27.4112 5.17766
-27.4112 5.48223
-27.2589 5.63452
-27.2589 5.93909
-27.2589 6.24365
-27.1066 6.54822
-27.1066 6.70051
-27.1066 7.00508
-26.9543 7.30964
-26.9543 7.61421
-26.802 7.7665
-26.802 8.07107
-26.6497 8.37563
-26.6497 8.52792
-26.4975 8.83249
-26.4975 9.13706
-26.3452 9.28934
-26.1929 9.59391
-26.0406 9.89848
-26.0406 10.0508
-25.8883 10.3553
-25.736 10.5076
-25.5838 10.8122
-25.4315 11.1168
-25.2792 11.269
-25.1269 11.5736
-24.9746 11.7259
-24.8223 12.0305
-24.6701 12.1827
-24.5178 12.335
-24.3655 12.6396
-24.2132 12.7919
-24.0609 12.9442
-23.7563 13.2487
-23.6041 13.401
-23.4518 13.5533
-23.1472 13.7056
-22.9949 14.0102
-22.8426 14.1624
-22.5381 14.3147
-22.3858 14.467
-22.0812 14.6193
-21.9289 14.7716
-21.6244 14.9239
-21.4721 15.0761
-21.1675 15.2284
-21.0152 15.2284
-20.7107 15.3807
-20.4061 15.533
-20.2538 15.6853
-19.9492 15.6853
-19.797 15.8376
-19.4924 15.8376
-19.1878 15.9898
-19.0355 15.9898
-18.731 16.1421
-18.4264 16.1421
-18.1218 16.2944
-17.9695 16.2944
-17.665 16.2944
-17.3604 16.2944
-17.2081 16.4467
-16.9036 16.4467
-16.599 16.4467
-16.2944 16.4467
-16.1421 16.4467
-15.8376 16.4467
-15.533 16.4467
-15.3807 16.4467
-15.0761 16.4467
-14.7716 16.2944
-14.6193 16.2944
-14.3147 16.2944
-14.0102 16.2944
-13.8579 16.1421
-13.5533 16.1421
-13.401 16.1421
-13.0964 15.9898
-12.9442 15.9898
-12.6396 15.9898
-12.4873 15.8376
-12.1827 15.8376
-12.0305 15.6853
-11.7259 15.6853
-11.5736 15.533
-11.269 15.533
-11.1168 15.3807
-10.8122 15.3807
-10.6599 15.2284
-10.5076 15.2284
-10.203 15.0761
-10.0508 14.9239
-9.89848 14.9239
-9.59391 14.7716
-9.44162 14.7716
-9.28934 14.6193
-8.98477 14.467
-8.83249 14.467
-8.6802 14.3147
-8.52792 14.1624
-8.22335 14.1624
-8.07107 14.0102
-7.91878 14.0102
-7.7665 13.8579
-7.46193 13.7056
-7.30964 13.7056
-7.15736 13.5533
-7.00508 13.401
-6.85279 13.401
-6.54822 13.2487
-6.39594 13.0964
-6.24365 12.9442
-6.09137 12.9442
-5.93909 12.7919
-5.7868 12.6396
-5.63452 12.4873
-5.32995 12.4873
-5.17766 12.335
-5.02538 12.1827
-4.8731 12.0305
-4.72081 11.8782
-4.56853 11.7259
-4.41624 11.7259
-4.26396 11.5736
-4.11168 11.4213
-3.95939 11.269
-3.80711 11.1168
-3.80711 10.9645
-3.65482 10.8122
-3.50254 10.6599
-3.35025 10.5076
-3.19797 10.3553
-3.04569 10.0508
-2.8934 9.89848
-2.8934 9.74619
-2.74112 9.59391
-2.58883 9.44162
-2.43655 9.28934
-2.28426 9.13706
-2.13198 8.98477
-2.13198 8.83249
-1.9797 8.6802
-1.82741 8.52792
-1.67513 8.37563
-1.52284 8.22335
-1.37056 8.07107
-1.21827 7.91878
-1.06599 7.7665
-0.913706 7.61421
-0.761421 7.46193
-0.456853 7.30964
-0.304569 7.00508
-0.152284 6.85279
0 6.70051
0.304569 6.54822
0.456853 6.39594
0.609137 6.24365
0.761421 5.93909
0.913706 5.7868
1.21827 5.63452
1.37056 5.32995
1.52284 5.17766
1.67513 4.8731
1.82741 4.72081
1.9797 4.41624
2.13198 4.26396
2.13198 3.95939
2.28426 3.80711
2.43655 3.50254
2.43655 3.19797
2.43655 3.04569
