1.9797 2.8934
2.43655 2.58883
2.74112 2.28426
3.19797 2.13198
3.50254 1.82741
3.80711 1.52284
3.95939 1.21827
4.26396 0.913706
4.56853 0.456853
4.72081 0.152284
4.8731 -0.152284
5.02538 -0.456853
5.17766 -0.761421
5.32995 -1.21827
5.48223 -1.52284
5.48223 -1.82741
5.48223 -2.28426
5.63452 -2.58883
5.63452 -2.8934
5.48223 -3.19797
5.48223 -3.50254
5.48223 -3.95939
5.32995 -4.26396
5.17766 -4.56853
5.17766 -4.8731
5.02538 -5.17766
4.72081 -5.48223
4.56853 -5.63452
4.41624 -5.93909
4.11168 -6.24365
3.95939 -6.39594
3.65482 -6.70051
3.35025 -6.85279
3.19797 -7.15736
2.8934 -7.30964
2.58883 -7.46193
2.28426 -7.61421
1.9797 -7.7665
1.67513 -7.91878
1.21827 -8.07107
0.913706 -8.22335
0.609137 -8.22335
0.304569 -8.37563
0 -8.52792
-0.304569 -8.52792
-0.761421 -8.6802
-1.06599 -8.6802
-1.37056 -8.83249
-1.67513 -8.83249
-1.9797 -8.83249
-2.28426 -8.98477
-2.58883 -8.98477
-2.8934 -8.98477
-3.19797 -8.98477
-3.50254 -9.13706
-3.80711 -9.13706
-4.11168 -9.13706
-4.41624 -9.13706
-4.72081 -9.13706
-5.02538 -9.13706
-5.32995 -9.13706
-5.48223 -9.13706
-5.7868 -9.13706
-6.09137 -9.13706
-6.39594 -9.13706
-6.54822 -9.13706
-6.85279 -9.13706
-7.15736 -9.13706
-7.30964 -9.13706
-7.61421 -9.13706
-7.91878 -9.13706
-8.07107 -9.13706
-8.37563 -9.13706
-8.52792 -9.13706
-8.83249 -8.98477
-8.98477 -8.98477
-9.28934 -8.98477
-9.44162 -8.98477
-9.74619 -8.98477
-9.89848 -8.98477
-10.203 -8.98477
-10.3553 -8.98477
-10.5076 -8.98477
-10.8122 -8.83249
-10.9645 -8.83249
-11.269 -8.83249
-11.4213 -8.83249
-11.5736 -8.83249
-11.8782 -8.83249
-12.0305 -8.83249
-12.1827 -8.83249
-12.4873 -8.83249
-12.6396 -8.83249
-12.7919 -8.83249
-13.0964 -8.6802
-13.2487 -8.6802
-13.401 -8.6802
-13.7056 -8.6802
-13.8579 -8.6802
-14.0102 -8.6802
-14.3147 -8.6802
-14.467 -8.6802
-14.6193 -8.6802
-14.9239 -8.6802
-15.0761 -8.6802
-15.3807 -8.6802
-15.533 -8.6802
-15.6853 -8.52792
-15.9898 -8.52792
-16.1421 -8.52792
-16.4467 -8.52792
-16.599 -8.52792
-16.7513 -8.52792
-17.0558 -8.37563
-17.2081 -8.37563
-17.5127 -8.37563
-17.665 -8.37563
-17.9695 -8.22335
-18.1218 -8.22335
-18.4264 -8.22335
-18.5787 -8.07107
-18.731 -8.07107
-19.0355 -7.91878
-19.1878 -7.91878
-19.4924 -7.7665
-19.6447 -7.7665
-19.797 -7.61421
-20.1015 -7.46193
-20.2538 -7.46193
-20.4061 -7.30964
-20.7107 -7.15736
-20.8629 -7.00508
-21.0152 -7.00508
-21.3198 -6.85279
-21.4721 -6.70051
-21.6244 -6.54822
-21.9289 -6.39594
-22.0812 -6.24365
-22.2335 -6.09137
-22.3858 -5.93909
-22.6904 -5.7868
-22.8426 -5.63452
-22.9949 -5.48223
-23.1472 -5.32995
-23.4518 -5.17766
-23.6041 -5.02538
-23.7563 -4.8731
-23.9086 -4.72081
-24.0609 -4.56853
-24.2132 -4.26396
-24.3655 -4.11168
-24.5178 -3.95939
-24.8223 -3.80711
-24.9746 -3.50254
-25.1269 -3.35025
-25.2792 -3.19797
-25.4315 -2.8934
-25.5838 -2.74112
-25.736 -2.58883
-25.736 -2.28426
-25.8883 -2.13198
-26.0406 -1.82741
-26.1929 -1.67513
-26.3452 -1.37056
-26.4975 -1.21827
-26.4975 -0.913706
-26.6497 -0.761421
-26.802 -0.456853
-26.802 -0.152284
-26.9543 0
-26.9543 0.304569
-27.1066 0.456853
-27.1066 0.761421
-27.2589 1.06599
-27.2589 1.37056
-27.4112 1.52284
-27.4112 1.82741
-27.4112 2.13198
-27.4112 2.28426
-27.5635 2.58883
-27.5635 2.8934
-27.5635 3.19797
-27.5635 3.35025
-27.5635 3.65482
-27.5635 3.95939
-27.5635 4.26396
-27.5635 4.56853
-27.5635 4.72081
-27.5635 5.02538
-27.5635 5.32995
-27.5635 5.63452
-27.4112 5.7868
-27.4112 6.09137
-27.4112 6.39594
-27.4112 6.70051
-27.2589 6.85279
-27.2589 7.15736
-27.2589 7.46193
-27.1066 7.7665
-27.1066 7.91878
-26.9543 8.22335
-26.9543 8.52792
-26.802 8.83249
-26.802 8.98477
-26.6497 9.28934
-26.4975 9.59391
-26.4975 9.74619
-26.3452 10.0508
-26.1929 10.3553
-26.0406 10.5076
-25.8883 10.8122
-25.736 10.9645
-25.736 11.269
-25.5838 11.5736
-25.4315 11.7259
-25.2792 12.0305
-24.9746 12.1827
-24.8223 12.335
-24.6701 12.6396
-24.5178 12.7919
-24.3655 13.0964
-24.0609 13.2487
-23.9086 13.401
-23.7563 13.5533
-23.6041 13.8579
-23.2995 14.0102
-23.1472 14.1624
-22.8426 14.3147
-22.6904 14.467
-22.3858 14.6193
-22.2335 14.7716
-21.9289 14.9239
-21.7766 15.0761
-21.4721 15.2284
-21.3198 15.2284
-21.0152 15.3807
-20.7107 15.533
-20.5584 15.6853
-20.2538 15.6853
-19.9492 15.8376
-19.797 15.9898
-19.4924 15.9898
-19.1878 16.1421
-19.0355 16.1421
-18.731 16.1421
-18.4264 16.2944
-18.2741 16.2944
-17.9695 16.2944
-17.665 16.4467
-17.3604 16.4467
-17.2081 16.4467
-16.9036 16.4467
-16.599 16.4467
-16.4467 16.4467
-16.1421 16.4467
-15.8376 16.4467
-15.6853 16.4467
-15.3807 16.4467
-15.0761 16.4467
-14.9239 16.4467
-14.6193 16.4467
-14.3147 16.2944
-14.1624 16.2944
-13.8579 16.2944
-13.7056 16.1421
-13.401 16.1421
-13.0964 16.1421
-12.9442 15.9898
-12.6396 15.9898
-12.4873 15.9898
-12.1827 15.8376
-12.0305 15.8376
-11.7259 15.6853
-11.5736 15.6853
-11.4213 15.533
-11.1168 15.533
-10.9645 15.3807
-10.6599 15.2284
-10.5076 15.2284
-10.3553 15.0761
-10.0508 15.0761
-9.89848 14.9239
-9.74619 14.7716
-9.44162 14.7716
-9.28934 14.6193
-9.13706 14.6193
-8.98477 14.467
-8.6802 14.3147
-8.52792 14.3147
-8.37563 14.1624
-8.22335 14.1624
-7.91878 14.0102
-7.7665 13.8579
-7.61421 13.8579
-7.46193 13.7056
-7.15736 13.5533
-7.00508 13.5533
-6.85279 13.401
-6.70051 13.401
-6.54822 13.2487
-6.39594 13.0964
-6.09137 12.9442
-5.93909 12.9442
-5.7868 12.7919
-5.63452 12.6396
-5.48223 12.4873
-5.32995 12.4873
-5.17766 12.335
-5.02538 12.1827
-4.8731 12.0305
-4.72081 11.8782
-4.56853 11.7259
-4.41624 11.5736
-4.26396 11.4213
-4.11168 11.269
-3.95939 11.1168
-3.80711 10.9645
-3.65482 10.8122
-3.50254 10.6599
-3.50254 10.5076
-3.35025 10.3553
-3.19797 10.203
-3.04569 10.0508
-2.8934 9.89848
-2.8934 9.74619
-2.74112 9.59391
-2.58883 9.44162
-2.43655 9.28934
-2.28426 9.13706
-2.13198 8.98477
-2.13198 8.6802
-1.9797 8.52792
-1.82741 8.37563
-1.67513 8.22335
-1.52284 8.07107
-1.37056 7.91878
-1.21827 7.7665
-1.06599 7.61421
-0.913706 7.46193
-0.609137 7.30964
-0.456853 7.15736
-0.304569 7.00508
-0.152284 6.85279
0.152284 6.70051
0.304569 6.39594
0.456853 6.24365
0.609137 6.09137
0.761421 5.93909
1.06599 5.63452
1.21827 5.48223
1.37056 5.32995
1.52284 5.02538
1.67513 4.8731
1.82741 4.56853
1.9797 4.41624
1.9797 4.11168
2.13198 3.95939
2.28426 3.65482
2.28426 3.35025
2.28426 3.19797
