2.8934 2.8934
3.19797 2.58883
3.50254 2.43655
3.80711 2.13198
3.95939 1.82741
4.26396 1.52284
4.41624 1.21827
4.56853 0.913706
4.72081 0.609137
4.8731 0.152284
5.02538 -0.152284
5.02538 -0.456853
5.17766 -0.761421
5.17766 -1.06599
5.17766 -1.37056
5.17766 -1.82741
5.17766 -2.13198
5.17766 -2.43655
5.02538 -2.74112
5.02538 -3.04569
4.8731 -3.35025
4.8731 -3.65482
4.72081 -3.95939
4.56853 -4.26396
4.41624 -4.41624
4.11168 -4.72081
3.95939 -5.02538
3.80711 -5.17766
3.50254 -5.48223
3.19797 -5.63452
3.04569 -5.93909
2.74112 -6.09137
2.43655 -6.24365
2.13198 -6.39594
1.82741 -6.54822
1.67513 -6.70051
1.37056 -6.85279
1.06599 -7.00508
0.609137 -7.15736
0.304569 -7.30964
0 -7.46193
-0.304569 -7.46193
-0.609137 -7.61421
-0.913706 -7.61421
-1.21827 -7.7665
-1.52284 -7.7665
-1.82741 -7.91878
-2.13198 -7.91878
-2.43655 -8.07107
-2.74112 -8.07107
-2.8934 -8.22335
-3.19797 -8.22335
-3.50254 -8.22335
-3.80711 -8.37563
-4.11168 -8.37563
-4.26396 -8.37563
-4.56853 -8.52792
-4.8731 -8.52792
-5.02538 -8.52792
-5.32995 -8.52792
-5.63452 -8.6802
-5.7868 -8.6802
-6.09137 -8.6802
-6.24365 -8.6802
-6.54822 -8.83249
-6.70051 -8.83249
-7.00508 -8.83249
-7.30964 -8.83249
-7.46193 -8.83249
-7.7665 -8.98477
-7.91878 -8.98477
-8.22335 -8.98477
-8.37563 -8.98477
-8.6802 -8.98477
-8.83249 -8.98477
-8.98477 -8.98477
-9.28934 -8.98477
-9.44162 -8.98477
-9.74619 -8.98477
-9.89848 -8.98477
-10.203 -8.98477
-10.3553 -8.98477
-10.5076 -8.98477
-10.8122 -8.98477
-10.9645 -8.83249
-11.269 -8.83249
-11.4213 -8.83249
-11.5736 -8.83249
-11.8782 -8.83249
-12.0305 -8.83249
-12.1827 -8.83249
-12.4873 -8.83249
-12.6396 -8.83249
-12.7919 -8.83249
-13.0964 -8.6802
-13.2487 -8.6802
-13.401 -8.6802
-13.7056 -8.6802
-13.8579 -8.6802
-14.0102 -8.6802
-14.3147 -8.6802
-14.467 -8.6802
-14.7716 -8.6802
-14.9239 -8.6802
-15.0761 -8.6802
-15.3807 -8.6802
-15.533 -8.52792
-15.6853 -8.52792
-15.9898 -8.52792
-16.1421 -8.52792
-16.4467 -8.52792
-16.599 -8.52792
-16.9036 -8.37563
-17.0558 -8.37563
-17.2081 -8.37563
-17.5127 -8.37563
-17.665 -8.22335
-17.9695 -8.22335
-18.1218 -8.22335
-18.4264 -8.07107
-18.5787 -8.07107
-18.731 -7.91878
-19.0355 -7.91878
-19.1878 -7.7665
-19.4924 -7.7665
-19.6447 -7.61421
-19.797 -7.61421
-20.1015 -7.46193
-20.2538 -7.30964
-20.4061 -7.15736
-20.7107 -7.15736
-20.8629 -7.00508
-21.0152 -6.85279
-21.3198 -6.70051
-21.4721 -6.54822
-21.6244 -6.54822
-21.7766 -6.39594
-22.0812 -6.24365
-22.2335 -6.09137
-22.3858 -5.93909
-22.5381 -5.7868
-22.8426 -5.63452
-22.9949 -5.48223
-23.1472 -5.32995
-23.2995 -5.17766
-23.4518 -5.02538
-23.6041 -4.72081
-23.9086 -4.56853
-24.0609 -4.41624
-24.2132 -4.26396
-24.3655 -4.11168
-24.5178 -3.95939
-24.6701 -3.65482
-24.8223 -3.50254
-24.9746 -3.35025
-25.1269 -3.04569
-25.2792 -2.8934
-25.4315 -2.74112
-25.5838 -2.43655
-25.736 -2.28426
-25.8883 -2.13198
-26.0406 -1.82741
-26.1929 -1.67513
-26.3452 -1.37056
-26.3452 -1.21827
-26.4975 -0.913706
-26.6497 -0.609137
-26.6497 -0.456853
-26.802 -0.152284
-26.9543 0
-26.9543 0.304569
-27.1066 0.609137
-27.1066 0.761421
-27.2589 1.06599
-27.2589 1.37056
-27.2589 1.67513
-27.2589 1.82741
-27.4112 2.13198
-27.4112 2.43655
-27.4112 2.58883
-27.4112 2.8934
-27.4112 3.19797
-27.4112 3.50254
-27.4112 3.65482
-27.4112 3.95939
-27.4112 4.26396
-27.4112 4.56853
-27.4112 4.72081
-27.4112 5.02538
-27.4112 5.32995
-27.2589 5.63452
-27.2589 5.7868
-27.2589 6.09137
-27.1066 6.39594
-27.1066 6.70051
-27.1066 6.85279
-26.9543 7.15736
-26.9543 7.46193
-26.802 7.61421
-26.802 7.91878
-26.6497 8.22335
-26.6497 8.37563
-26.4975 8.6802
-26.4975 8.98477
-26.3452 9.13706
-26.1929 9.44162
-26.1929 9.74619
-26.0406 9.89848
-25.8883 10.203
-25.736 10.3553
-25.5838 10.6599
-25.5838 10.9645
-25.4315 11.1168
-25.2792 11.4213
-25.1269 11.5736
-24.9746 11.8782
-24.8223 12.0305
-24.6701 12.1827
-24.5178 12.4873
-24.3655 12.6396
-24.0609 12.9442
-23.9086 13.0964
-23.7563 13.2487
-23.6041 13.5533
-23.4518 13.7056
-23.1472 13.8579
-22.9949 14.0102
-22.8426 14.3147
-22.5381 14.467
-22.3858 14.6193
-22.2335 14.7716
-21.9289 14.9239
-21.7766 15.0761
-21.4721 15.2284
-21.3198 15.3807
-21.0152 15.533
-20.8629 15.533
-20.5584 15.6853
-20.2538 15.8376
-20.1015 15.8376
-19.797 15.9898
-19.4924 16.1421
-19.3401 16.1421
-19.0355 16.2944
-18.731 16.2944
-18.5787 16.2944
-18.2741 16.4467
-17.9695 16.4467
-17.665 16.4467
-17.5127 16.4467
-17.2081 16.4467
-16.9036 16.4467
-16.599 16.4467
-16.4467 16.4467
-16.1421 16.4467
-15.8376 16.4467
-15.6853 16.4467
-15.3807 16.4467
-15.0761 16.4467
-14.9239 16.4467
-14.6193 16.2944
-14.3147 16.2944
-14.1624 16.2944
-13.8579 16.1421
-13.7056 16.1421
-13.401 16.1421
-13.0964 15.9898
-12.9442 15.9898
-12.6396 15.8376
-12.4873 15.8376
-12.1827 15.8376
-12.0305 15.6853
-11.7259 15.6853
-11.5736 15.533
-11.4213 15.533
-11.1168 15.3807
-10.9645 15.3807
-10.6599 15.2284
-10.5076 15.2284
-10.3553 15.0761
-10.0508 15.0761
-9.89848 14.9239
-9.74619 14.7716
-9.44162 14.7716
-9.28934 14.6193
-9.13706 14.6193
-8.98477 14.467
-8.6802 14.3147
-8.52792 14.3147
-8.37563 14.1624
-8.22335 14.1624
-7.91878 14.0102
-7.7665 13.8579
-7.61421 13.8579
-7.46193 13.7056
-7.30964 13.5533
-7.00508 13.5533
-6.85279 13.401
-6.70051 13.2487
-6.54822 13.2487
-6.39594 13.0964
-6.24365 12.9442
-6.09137 12.9442
-5.7868 12.7919
-5.63452 12.6396
-5.48223 12.4873
-5.32995 12.335
-5.17766 12.335
-5.02538 12.1827
-4.8731 12.0305
-4.72081 11.8782
-4.56853 11.7259
-4.41624 11.5736
-4.26396 11.4213
-4.11168 11.269
-3.95939 11.1168
-3.80711 10.9645
-3.65482 10.8122
-3.65482 10.6599
-3.50254 10.5076
-3.35025 10.3553
-3.19797 10.203
-3.04569 10.0508
-2.8934 9.89848
-2.8934 9.74619
-2.74112 9.59391
-2.58883 9.44162
-2.43655 9.28934
-2.28426 9.13706
-2.13198 8.98477
-1.9797 8.83249
-1.9797 8.6802
-1.82741 8.52792
-1.67513 8.37563
-1.52284 8.22335
-1.37056 8.07107
-1.21827 7.7665
-1.06599 7.61421
-0.913706 7.46193
-0.761421 7.30964
-0.609137 7.15736
-0.304569 7.00508
-0.152284 6.85279
0 6.70051
0.152284 6.54822
0.304569 6.24365
0.609137 6.09137
0.761421 5.93909
0.913706 5.7868
1.21827 5.48223
1.37056 5.32995
1.67513 5.17766
1.82741 4.8731
1.9797 4.72081
2.28426 4.41624
2.43655 4.26396
2.74112 3.95939
2.8934 3.65482
3.19797 3.50254
3.35025 3.19797
