4.8731 -0.609137
5.48223 -0.761421
5.93909 -1.06599
6.39594 -1.37056
6.85279 -1.82741
7.30964 -2.13198
7.61421 -2.43655
7.7665 -2.74112
8.07107 -3.19797
8.22335 -3.50254
8.37563 -3.95939
8.37563 -4.26396
8.52792 -4.56853
8.52792 -5.02538
8.52792 -5.32995
8.37563 -5.63452
8.37563 -5.93909
8.22335 -6.24365
8.07107 -6.70051
7.91878 -7.00508
7.7665 -7.30964
7.61421 -7.61421
7.46193 -7.7665
7.15736 -8.07107
7.00508 -8.37563
6.85279 -8.6802
6.54822 -8.98477
6.39594 -9.13706
6.09137 -9.44162
5.93909 -9.74619
5.63452 -9.89848
5.48223 -10.203
5.17766 -10.5076
5.02538 -10.6599
4.72081 -10.9645
4.41624 -11.1168
4.26396 -11.269
3.95939 -11.5736
3.65482 -11.7259
3.50254 -12.0305
3.19797 -12.1827
2.8934 -12.335
2.74112 -12.4873
2.43655 -12.7919
2.13198 -12.9442
1.9797 -13.0964
1.67513 -13.2487
1.37056 -13.401
1.06599 -13.5533
0.913706 -13.7056
0.609137 -13.8579
0.304569 -14.0102
0 -14.1624
-0.304569 -14.3147
-0.456853 -14.467
-0.761421 -14.6193
-1.06599 -14.7716
-1.37056 -14.9239
-1.67513 -15.0761
-1.82741 -15.0761
-2.13198 -15.2284
-2.43655 -15.3807
-2.74112 -15.3807
-3.04569 -15.533
-3.35025 -15.6853
-3.50254 -15.6853
-3.80711 -15.8376
-4.11168 -15.8376
-4.41624 -15.9898
-4.72081 -15.9898
-5.02538 -15.9898
-5.32995 -16.1421
-5.63452 -16.1421
-5.93909 -16.1421
-6.09137 -16.1421
-6.39594 -16.1421
-6.70051 -16.1421
-7.00508 -16.1421
-7.30964 -16.2944
-7.61421 -16.1421
-7.91878 -16.1421
-8.22335 -16.1421
-8.52792 -16.1421
-8.6802 -16.1421
-8.98477 -16.1421
-9.28934 -16.1421
-9.59391 -15.9898
-9.89848 -15.9898
-10.0508 -15.9898
-10.3553 -15.8376
-10.6599 -15.8376
-10.9645 -15.6853
-11.1168 -15.6853
-11.4213 -15.6853
-11.7259 -15.533
-12.0305 -15.533
-12.1827 -15.3807
-12.4873 -15.3807
-12.7919 -15.2284
-12.9442 -15.2284
-13.2487 -15.0761
-13.401 -14.9239
-13.7056 -14.9239
-14.0102 -14.7716
-14.1624 -14.7716
-14.467 -14.6193
-14.6193 -14.467
-14.9239 -14.3147
-15.0761 -14.3147
-15.3807 -14.1624
-15.533 -14.0102
-15.8376 -13.8579
-15.9898 -13.7056
-16.1421 -13.5533
-16.4467 -13.5533
-16.599 -13.401
-16.7513 -13.2487
-17.0558 -12.9442
-17.2081 -12.7919
-17.3604 -12.6396
-17.5127 -12.4873
-17.665 -12.335
-17.9695 -12.1827
-18.1218 -11.8782
-18.2741 -11.7259
-18.4264 -11.5736
-18.5787 -11.4213
-18.5787 -11.1168
-18.731 -10.9645
-18.8832 -10.8122
-19.0355 -10.5076
-19.1878 -10.3553
-19.3401 -10.203
-19.3401 -9.89848
-19.4924 -9.74619
-19.6447 -9.59391
-19.797 -9.28934
-19.797 -9.13706
-19.9492 -8.98477
-20.1015 -8.6802
-20.2538 -8.52792
-20.2538 -8.37563
-20.4061 -8.22335
-20.5584 -8.07107
-20.7107 -7.7665
-20.8629 -7.61421
-21.0152 -7.46193
-21.1675 -7.30964
-21.3198 -7.15736
-21.4721 -7.00508
-21.6244 -6.85279
-21.7766 -6.70051
-21.9289 -6.54822
-22.0812 -6.39594
-22.2335 -6.24365
-22.3858 -5.93909
-22.5381 -5.7868
-22.6904 -5.63452
-22.8426 -5.48223
-23.1472 -5.32995
-23.2995 -5.17766
-23.4518 -5.02538
-23.6041 -4.72081
-23.7563 -4.56853
-24.0609 -4.41624
-24.2132 -4.11168
-24.3655 -3.95939
-24.5178 -3.80711
-24.6701 -3.50254
-24.9746 -3.35025
-25.1269 -3.04569
-25.2792 -2.8934
-25.4315 -2.58883
-25.5838 -2.43655
-25.736 -2.13198
-25.8883 -1.82741
-26.0406 -1.67513
-26.1929 -1.37056
-26.3452 -1.06599
-26.4975 -0.761421
-26.6497 -0.609137
-26.802 -0.304569
-26.9543 0
-26.9543 0.304569
-27.1066 0.609137
-27.2589 0.913706
-27.2589 1.21827
-27.4112 1.52284
-27.4112 1.82741
-27.5635 2.13198
-27.5635 2.43655
-27.7157 2.74112
-27.7157 3.04569
-27.7157 3.35025
-27.7157 3.65482
-27.7157 4.11168
-27.7157 4.41624
-27.7157 4.72081
-27.7157 5.02538
-27.7157 5.32995
-27.7157 5.63452
-27.7157 5.93909
-27.5635 6.24365
-27.5635 6.70051
-27.4112 7.00508
-27.4112 7.30964
-27.2589 7.61421
-27.2589 7.91878
-27.1066 8.22335
-26.9543 8.52792
-26.9543 8.83249
-26.802 9.13706
-26.6497 9.44162
-26.4975 9.74619
-26.3452 10.0508
-26.1929 10.3553
-26.0406 10.6599
-25.8883 10.9645
-25.736 11.269
-25.4315 11.4213
-25.2792 11.7259
-25.1269 12.0305
-24.9746 12.335
-24.6701 12.4873
-24.5178 12.7919
-24.2132 13.0964
-24.0609 13.2487
-23.7563 13.5533
-23.6041 13.7056
-23.2995 14.0102
-22.9949 14.1624
-22.6904 14.467
-22.5381 14.6193
-22.2335 14.7716
-21.9289 15.0761
-21.6244 15.2284
-21.3198 15.3807
-21.0152 15.533
-20.7107 15.6853
-20.4061 15.8376
-20.1015 15.9898
-19.797 16.1421
-19.4924 16.1421
-19.1878 16.2944
-18.8832 16.4467
-18.5787 16.4467
-18.2741 16.599
-17.9695 16.599
-17.665 16.7513
-17.3604 16.7513
-16.9036 16.7513
-16.599 16.7513
-16.2944 16.9036
-15.9898 16.9036
-15.6853 16.9036
-15.3807 16.9036
-14.9239 16.9036
-14.6193 16.9036
-14.3147 16.7513
-14.0102 16.7513
-13.7056 16.7513
-13.401 16.599
-13.0964 16.599
-12.7919 16.4467
-12.4873 16.4467
-12.1827 16.2944
-11.8782 16.2944
-11.5736 16.1421
-11.269 15.9898
-10.9645 15.9898
-10.6599 15.8376
-10.3553 15.6853
-10.0508 15.533
-9.74619 15.3807
-9.59391 15.2284
-9.28934 15.0761
-8.98477 14.9239
-8.83249 14.7716
-8.52792 14.6193
-8.22335 14.467
-8.07107 14.3147
-7.7665 14.1624
-7.61421 14.0102
-7.30964 13.8579
-7.15736 13.7056
-6.85279 13.5533
-6.70051 13.401
-6.39594 13.0964
-6.24365 12.9442
-6.09137 12.7919
-5.7868 12.6396
-5.63452 12.4873
-5.48223 12.335
-5.32995 12.1827
-5.02538 12.0305
-4.8731 11.8782
-4.72081 11.5736
-4.56853 11.4213
-4.41624 11.269
-4.11168 11.1168
-3.95939 10.9645
-3.80711 10.8122
-3.65482 10.6599
-3.50254 10.5076
-3.35025 10.3553
-3.19797 10.203
-3.04569 10.0508
-2.8934 9.74619
-2.74112 9.59391
-2.58883 9.44162
-2.43655 9.28934
-2.28426 9.13706
-2.13198 8.98477
-1.9797 8.83249
-1.82741 8.6802
-1.67513 8.52792
-1.52284 8.37563
-1.37056 8.22335
-1.21827 7.91878
-1.06599 7.7665
-0.913706 7.61421
-0.761421 7.46193
-0.609137 7.30964
-0.456853 7.15736
-0.304569 7.00508
-0.152284 6.70051
0 6.54822
0 6.39594
0.152284 6.24365
0.304569 6.09137
0.456853 5.93909
0.609137 5.63452
0.761421 5.48223
0.761421 5.32995
0.913706 5.17766
1.06599 4.8731
1.21827 4.72081
1.21827 4.56853
1.37056 4.26396
1.52284 4.11168
1.67513 3.95939
1.67513 3.65482
1.82741 3.50254
1.9797 3.35025
2.13198 3.04569
2.13198 2.8934
2.28426 2.74112
2.43655 2.43655
2.58883 2.28426
2.74112 2.13198
2.8934 1.82741
3.04569 1.67513
3.19797 1.37056
3.35025 1.21827
3.65482 0.913706
3.80711 0.761421
3.95939 0.456853
4.26396 0.304569
4.56853 0
4.72081 -0.304569
