6.39594 2.28426
6.54822 1.9797
6.70051 1.67513
6.70051 1.37056
6.70051 1.06599
6.85279 0.761421
6.85279 0.304569
6.85279 0
6.70051 -0.304569
6.70051 -0.609137
6.54822 -0.913706
6.54822 -1.21827
6.39594 -1.67513
6.24365 -1.9797
6.09137 -2.28426
5.93909 -2.43655
5.7868 -2.74112
5.63452 -3.04569
5.48223 -3.35025
5.17766 -3.65482
5.02538 -3.95939
4.72081 -4.11168
4.56853 -4.41624
4.26396 -4.56853
3.95939 -4.8731
3.80711 -5.02538
3.50254 -5.32995
3.19797 -5.48223
3.04569 -5.63452
2.74112 -5.93909
2.43655 -6.09137
2.13198 -6.24365
1.82741 -6.39594
1.67513 -6.54822
1.37056 -6.70051
1.06599 -6.85279
0.761421 -7.00508
0.456853 -7.15736
0.304569 -7.30964
0 -7.46193
-0.304569 -7.61421
-0.609137 -7.7665
-0.761421 -7.91878
-1.06599 -7.91878
-1.37056 -8.07107
-1.67513 -8.22335
-1.82741 -8.37563
-2.13198 -8.37563
-2.28426 -8.52792
-2.58883 -8.6802
-2.8934 -8.83249
-3.04569 -8.83249
-3.35025 -8.98477
-3.50254 -9.13706
-3.80711 -9.28934
-3.95939 -9.44162
-4.11168 -9.44162
-4.41624 -9.59391
-4.56853 -9.74619
-4.8731 -9.89848
-5.02538 -9.89848
-5.32995 -10.0508
-5.48223 -10.203
-5.7868 -10.203
-5.93909 -10.3553
-6.24365 -10.5076
-6.39594 -10.5076
-6.70051 -10.6599
-6.85279 -10.6599
-7.15736 -10.8122
-7.30964 -10.8122
-7.61421 -10.9645
-7.7665 -10.9645
-8.07107 -11.1168
-8.37563 -11.1168
-8.52792 -11.1168
-8.83249 -11.1168
-8.98477 -11.269
-9.28934 -11.269
-9.59391 -11.269
-9.74619 -11.269
-10.0508 -11.269
-10.203 -11.269
-10.5076 -11.269
-10.8122 -11.269
-10.9645 -11.269
-11.269 -11.269
-11.4213 -11.1168
-11.7259 -11.1168
-11.8782 -11.1168
-12.1827 -11.1168
-12.335 -11.1168
-12.6396 -11.1168
-12.7919 -10.9645
-13.0964 -10.9645
-13.401 -10.9645
-13.5533 -10.9645
-13.8579 -10.9645
-14.0102 -10.9645
-14.3147 -10.8122
-14.467 -10.8122
-14.7716 -10.8122
-14.9239 -10.8122
-15.2284 -10.8122
-15.3807 -10.6599
-15.6853 -10.6599
-15.8376 -10.6599
-16.1421 -10.6599
-16.4467 -10.6599
-16.599 -10.5076
-16.9036 -10.5076
-17.0558 -10.5076
-17.3604 -10.5076
-17.5127 -10.3553
-17.8173 -10.3553
-18.1218 -10.3553
-18.2741 -10.203
-18.5787 -10.203
-18.8832 -10.203
-19.0355 -10.0508
-19.3401 -10.0508
-19.4924 -9.89848
-19.797 -9.89848
-20.1015 -9.74619
-20.2538 -9.74619
-20.5584 -9.59391
-20.7107 -9.44162
-21.0152 -9.44162
-21.3198 -9.28934
-21.4721 -9.13706
-21.7766 -8.98477
-21.9289 -8.98477
-22.2335 -8.83249
-22.3858 -8.6802
-22.6904 -8.52792
-22.8426 -8.37563
-23.1472 -8.22335
-23.2995 -8.07107
-23.6041 -7.91878
-23.7563 -7.7665
-24.0609 -7.61421
-24.2132 -7.46193
-24.5178 -7.30964
-24.6701 -7.00508
-24.8223 -6.85279
-25.1269 -6.70051
-25.2792 -6.54822
-25.4315 -6.24365
-25.5838 -6.09137
-25.8883 -5.93909
-26.0406 -5.63452
-26.1929 -5.48223
-26.3452 -5.17766
-26.4975 -5.02538
-26.6497 -4.72081
-26.802 -4.41624
-26.9543 -4.26396
-27.1066 -3.95939
-27.2589 -3.80711
-27.4112 -3.50254
-27.5635 -3.19797
-27.5635 -3.04569
-27.7157 -2.74112
-27.868 -2.43655
-27.868 -2.13198
-28.0203 -1.82741
-28.0203 -1.67513
-28.1726 -1.37056
-28.1726 -1.06599
-28.1726 -0.761421
-28.3249 -0.456853
-28.3249 -0.152284
-28.3249 0
-28.3249 0.304569
-28.3249 0.609137
-28.3249 0.913706
-28.3249 1.21827
-28.3249 1.52284
-28.3249 1.82741
-28.3249 2.13198
-28.3249 2.28426
-28.3249 2.58883
-28.1726 2.8934
-28.1726 3.19797
-28.1726 3.50254
-28.0203 3.80711
-28.0203 3.95939
-28.0203 4.26396
-27.868 4.56853
-27.868 4.8731
-27.7157 5.02538
-27.7157 5.32995
-27.5635 5.63452
-27.5635 5.93909
-27.4112 6.09137
-27.4112 6.39594
-27.2589 6.70051
-27.1066 7.00508
-27.1066 7.15736
-26.9543 7.46193
-26.802 7.7665
-26.802 7.91878
-26.6497 8.22335
-26.4975 8.37563
-26.4975 8.6802
-26.3452 8.98477
-26.1929 9.13706
-26.0406 9.44162
-25.8883 9.59391
-25.736 9.89848
-25.5838 10.0508
-25.4315 10.3553
-25.2792 10.5076
-25.1269 10.8122
-24.9746 10.9645
-24.8223 11.269
-24.6701 11.4213
-24.5178 11.7259
-24.3655 11.8782
-24.2132 12.0305
-23.9086 12.1827
-23.7563 12.4873
-23.6041 12.6396
-23.2995 12.7919
-23.1472 12.9442
-22.9949 13.0964
-22.6904 13.2487
-22.5381 13.401
-22.2335 13.5533
-22.0812 13.7056
-21.7766 13.8579
-21.6244 14.0102
-21.3198 14.1624
-21.1675 14.1624
-20.8629 14.3147
-20.5584 14.467
-20.4061 14.467
-20.1015 14.6193
-19.797 14.6193
-19.6447 14.7716
-19.3401 14.7716
-19.0355 14.9239
-18.8832 14.9239
-18.5787 14.9239
-18.2741 14.9239
-18.1218 14.9239
-17.8173 14.9239
-17.5127 14.9239
-17.2081 14.9239
-17.0558 14.9239
-16.7513 14.9239
-16.4467 14.9239
-16.2944 14.9239
-15.9898 14.9239
-15.6853 14.9239
-15.533 14.9239
-15.2284 14.7716
-15.0761 14.7716
-14.7716 14.7716
-14.6193 14.7716
-14.3147 14.6193
-14.1624 14.6193
-13.8579 14.6193
-13.7056 14.6193
-13.401 14.467
-13.2487 14.467
-12.9442 14.467
-12.7919 14.467
-12.6396 14.467
-12.335 14.467
-12.1827 14.3147
-12.0305 14.3147
-11.7259 14.3147
-11.5736 14.3147
-11.269 14.3147
-11.1168 14.3147
-10.9645 14.3147
-10.6599 14.3147
-10.5076 14.1624
-10.3553 14.1624
-10.0508 14.1624
-9.89848 14.1624
-9.59391 14.1624
-9.44162 14.1624
-9.28934 14.0102
-8.98477 14.0102
-8.83249 14.0102
-8.6802 14.0102
-8.37563 14.0102
-8.22335 13.8579
-7.91878 13.8579
-7.7665 13.8579
-7.61421 13.7056
-7.30964 13.7056
-7.15736 13.7056
-7.00508 13.5533
-6.70051 13.5533
-6.54822 13.401
-6.24365 13.401
-6.09137 13.2487
-5.93909 13.2487
-5.63452 13.0964
-5.48223 13.0964
-5.32995 12.9442
-5.02538 12.9442
-4.8731 12.7919
-4.56853 12.7919
-4.41624 12.6396
-4.26396 12.4873
-3.95939 12.4873
-3.80711 12.335
-3.50254 12.1827
-3.35025 12.1827
-3.04569 12.0305
-2.8934 11.8782
-2.74112 11.8782
-2.43655 11.7259
-2.28426 11.5736
-1.9797 11.4213
-1.82741 11.4213
-1.52284 11.269
-1.37056 11.1168
-1.06599 10.9645
-0.913706 10.8122
-0.609137 10.6599
-0.456853 10.6599
-0.152284 10.5076
0 10.3553
0.304569 10.203
0.609137 10.0508
0.761421 9.74619
1.06599 9.59391
1.21827 9.44162
1.52284 9.28934
1.67513 9.13706
1.9797 8.98477
2.13198 8.6802
2.43655 8.52792
2.58883 8.37563
2.8934 8.07107
3.04569 7.91878
3.35025 7.61421
3.50254 7.46193
3.65482 7.15736
3.95939 7.00508
4.11168 6.70051
4.26396 6.39594
4.56853 6.24365
4.72081 5.93909
4.8731 5.63452
5.02538 5.32995
5.17766 5.17766
5.32995 4.8731
5.63452 4.56853
5.63452 4.26396
5.7868 3.95939
5.93909 3.65482
6.09137 3.35025
6.24365 3.04569
6.24365 2.74112
