2.74112 2.8934
3.04569 2.58883
3.35025 2.28426
3.50254 1.9797
3.80711 1.67513
3.95939 1.37056
4.26396 1.06599
4.41624 0.761421
4.56853 0.456853
4.8731 0.152284
5.02538 -0.152284
5.17766 -0.609137
5.32995 -0.913706
5.48223 -1.21827
5.63452 -1.52284
5.63452 -1.9797
5.7868 -2.28426
5.7868 -2.74112
5.93909 -3.04569
5.93909 -3.35025
5.93909 -3.80711
5.7868 -4.11168
5.7868 -4.41624
5.7868 -4.72081
5.63452 -5.02538
5.48223 -5.48223
5.32995 -5.7868
5.17766 -5.93909
5.02538 -6.24365
4.72081 -6.54822
4.56853 -6.85279
4.26396 -7.00508
3.95939 -7.30964
3.65482 -7.46193
3.35025 -7.7665
3.04569 -7.91878
2.74112 -8.07107
2.43655 -8.22335
2.13198 -8.37563
1.82741 -8.52792
1.52284 -8.6802
1.06599 -8.83249
0.761421 -8.83249
0.456853 -8.98477
0.152284 -9.13706
-0.304569 -9.13706
-0.609137 -9.28934
-0.913706 -9.28934
-1.21827 -9.44162
-1.52284 -9.44162
-1.82741 -9.44162
-2.13198 -9.59391
-2.43655 -9.59391
-2.74112 -9.74619
-3.04569 -9.74619
-3.35025 -9.74619
-3.65482 -9.89848
-3.95939 -9.89848
-4.26396 -9.89848
-4.56853 -9.89848
-4.8731 -10.0508
-5.17766 -10.0508
-5.32995 -10.0508
-5.63452 -10.0508
-5.93909 -10.0508
-6.24365 -10.0508
-6.54822 -10.0508
-6.70051 -10.0508
-7.00508 -10.0508
-7.30964 -10.0508
-7.61421 -10.0508
-7.7665 -10.0508
-8.07107 -10.0508
-8.37563 -10.0508
-8.52792 -9.89848
-8.83249 -9.89848
-9.13706 -9.89848
-9.28934 -9.74619
-9.59391 -9.74619
-9.74619 -9.59391
-10.0508 -9.59391
-10.3553 -9.59391
-10.5076 -9.44162
-10.8122 -9.44162
-10.9645 -9.28934
-11.1168 -9.28934
-11.4213 -9.13706
-11.5736 -9.13706
-11.8782 -8.98477
-12.0305 -8.98477
-12.1827 -8.98477
-12.4873 -8.83249
-12.6396 -8.83249
-12.7919 -8.83249
-13.0964 -8.6802
-13.2487 -8.6802
-13.401 -8.6802
-13.7056 -8.52792
-13.8579 -8.52792
-14.0102 -8.52792
-14.3147 -8.52792
-14.467 -8.52792
-14.6193 -8.52792
-14.9239 -8.52792
-15.0761 -8.52792
-15.2284 -8.52792
-15.533 -8.52792
-15.6853 -8.37563
-15.9898 -8.37563
-16.1421 -8.37563
-16.2944 -8.37563
-16.599 -8.37563
-16.7513 -8.37563
-17.0558 -8.37563
-17.2081 -8.37563
-17.5127 -8.37563
-17.665 -8.22335
-17.9695 -8.22335
-18.1218 -8.22335
-18.2741 -8.07107
-18.5787 -8.07107
-18.731 -8.07107
-19.0355 -7.91878
-19.1878 -7.91878
-19.3401 -7.7665
-19.6447 -7.61421
-19.797 -7.61421
-20.1015 -7.46193
-20.2538 -7.30964
-20.4061 -7.30964
-20.7107 -7.15736
-20.8629 -7.00508
-21.0152 -6.85279
-21.1675 -6.70051
-21.4721 -6.70051
-21.6244 -6.54822
-21.7766 -6.39594
-21.9289 -6.24365
-22.0812 -6.09137
-22.3858 -5.93909
-22.5381 -5.7868
-22.6904 -5.63452
-22.8426 -5.48223
-22.9949 -5.32995
-23.2995 -5.17766
-23.4518 -5.02538
-23.6041 -4.72081
-23.7563 -4.56853
-23.9086 -4.41624
-24.0609 -4.26396
-24.2132 -4.11168
-24.5178 -3.95939
-24.6701 -3.65482
-24.8223 -3.50254
-24.9746 -3.35025
-25.1269 -3.19797
-25.2792 -2.8934
-25.4315 -2.74112
-25.5838 -2.58883
-25.736 -2.28426
-25.8883 -2.13198
-26.0406 -1.82741
-26.1929 -1.67513
-26.3452 -1.52284
-26.4975 -1.21827
-26.6497 -0.913706
-26.6497 -0.761421
-26.802 -0.456853
-26.9543 -0.304569
-26.9543 0
-27.1066 0.152284
-27.2589 0.456853
-27.2589 0.761421
-27.4112 1.06599
-27.4112 1.21827
-27.5635 1.52284
-27.5635 1.82741
-27.5635 1.9797
-27.7157 2.28426
-27.7157 2.58883
-27.7157 2.8934
-27.7157 3.04569
-27.7157 3.35025
-27.868 3.65482
-27.868 3.95939
-27.868 4.26396
-27.868 4.41624
-27.868 4.72081
-27.868 5.02538
-27.7157 5.32995
-27.7157 5.63452
-27.7157 5.7868
-27.7157 6.09137
-27.7157 6.39594
-27.5635 6.70051
-27.5635 7.00508
-27.5635 7.15736
-27.4112 7.46193
-27.4112 7.7665
-27.2589 8.07107
-27.2589 8.22335
-27.1066 8.52792
-27.1066 8.83249
-26.9543 9.13706
-26.802 9.28934
-26.802 9.59391
-26.6497 9.89848
-26.4975 10.0508
-26.3452 10.3553
-26.1929 10.6599
-26.1929 10.8122
-26.0406 11.1168
-25.8883 11.4213
-25.736 11.5736
-25.5838 11.8782
-25.4315 12.0305
-25.2792 12.335
-24.9746 12.4873
-24.8223 12.6396
-24.6701 12.9442
-24.5178 13.0964
-24.3655 13.401
-24.0609 13.5533
-23.9086 13.7056
-23.7563 13.8579
-23.4518 14.1624
-23.2995 14.3147
-23.1472 14.467
-22.8426 14.6193
-22.6904 14.7716
-22.3858 14.9239
-22.2335 15.0761
-21.9289 15.2284
-21.7766 15.3807
-21.4721 15.533
-21.1675 15.6853
-21.0152 15.8376
-20.7107 15.8376
-20.5584 15.9898
-20.2538 16.1421
-19.9492 16.2944
-19.797 16.2944
-19.4924 16.4467
-19.1878 16.4467
-18.8832 16.599
-18.731 16.599
-18.4264 16.7513
-18.1218 16.7513
-17.9695 16.9036
-17.665 16.9036
-17.3604 16.9036
-17.0558 16.9036
-16.9036 17.0558
-16.599 17.0558
-16.2944 17.0558
-15.9898 17.0558
-15.8376 17.0558
-15.533 17.0558
-15.2284 17.0558
-15.0761 17.0558
-14.7716 17.0558
-14.467 16.9036
-14.1624 16.9036
-14.0102 16.9036
-13.7056 16.9036
-13.401 16.7513
-13.2487 16.7513
-12.9442 16.599
-12.7919 16.599
-12.4873 16.4467
-12.1827 16.4467
-12.0305 16.2944
-11.7259 16.2944
-11.5736 16.1421
-11.269 15.9898
-11.1168 15.9898
-10.8122 15.8376
-10.6599 15.6853
-10.5076 15.6853
-10.203 15.533
-10.0508 15.3807
-9.89848 15.2284
-9.59391 15.2284
-9.44162 15.0761
-9.28934 14.9239
-8.98477 14.7716
-8.83249 14.7716
-8.6802 14.6193
-8.52792 14.467
-8.22335 14.3147
-8.07107 14.3147
-7.91878 14.1624
-7.7665 14.0102
-7.61421 14.0102
-7.30964 13.8579
-7.15736 13.7056
-7.00508 13.5533
-6.85279 13.5533
-6.70051 13.401
-6.39594 13.2487
-6.24365 13.0964
-6.09137 13.0964
-5.93909 12.9442
-5.7868 12.7919
-5.63452 12.6396
-5.48223 12.6396
-5.32995 12.4873
-5.17766 12.335
-5.02538 12.1827
-4.8731 12.0305
-4.56853 11.8782
-4.56853 11.7259
-4.41624 11.5736
-4.26396 11.4213
-4.11168 11.269
-3.95939 11.1168
-3.80711 10.9645
-3.65482 10.8122
-3.50254 10.6599
-3.35025 10.5076
-3.35025 10.3553
-3.19797 10.203
-3.04569 10.0508
-2.8934 9.89848
-2.74112 9.74619
-2.58883 9.59391
-2.58883 9.44162
-2.43655 9.28934
-2.28426 9.13706
-2.13198 8.98477
-1.9797 8.6802
-1.82741 8.52792
-1.82741 8.37563
-1.67513 8.22335
-1.52284 8.07107
-1.37056 7.91878
-1.21827 7.7665
-1.06599 7.61421
-0.913706 7.46193
-0.609137 7.30964
-0.456853 7.15736
-0.304569 7.00508
-0.152284 6.85279
0 6.54822
0.304569 6.39594
0.456853 6.24365
0.609137 6.09137
0.913706 5.93909
1.06599 5.63452
1.21827 5.48223
1.52284 5.32995
1.67513 5.02538
1.82741 4.8731
2.13198 4.56853
2.28426 4.41624
2.43655 4.11168
2.74112 3.95939
2.8934 3.65482
3.04569 3.35025
3.19797 3.04569
