6.39594 2.13198
6.54822 1.82741
6.54822 1.52284
6.70051 1.21827
6.70051 0.761421
6.70051 0.456853
6.70051 0.152284
6.70051 -0.152284
6.54822 -0.456853
6.54822 -0.761421
6.39594 -1.06599
6.39594 -1.37056
6.24365 -1.67513
6.09137 -1.9797
5.93909 -2.28426
5.7868 -2.58883
5.63452 -2.8934
5.48223 -3.19797
5.17766 -3.50254
5.02538 -3.80711
4.8731 -3.95939
4.56853 -4.26396
4.41624 -4.56853
4.11168 -4.72081
3.95939 -5.02538
3.65482 -5.17766
3.35025 -5.32995
3.04569 -5.63452
2.8934 -5.7868
2.58883 -5.93909
2.28426 -6.09137
1.9797 -6.39594
1.82741 -6.54822
1.52284 -6.70051
1.21827 -6.85279
0.913706 -7.00508
0.609137 -7.15736
0.456853 -7.15736
0.152284 -7.30964
-0.152284 -7.46193
-0.456853 -7.61421
-0.609137 -7.7665
-0.913706 -7.91878
-1.21827 -7.91878
-1.52284 -8.07107
-1.67513 -8.22335
-1.9797 -8.37563
-2.13198 -8.37563
-2.43655 -8.52792
-2.58883 -8.6802
-2.8934 -8.83249
-3.04569 -8.83249
-3.35025 -8.98477
-3.50254 -9.13706
-3.80711 -9.28934
-3.95939 -9.28934
-4.26396 -9.44162
-4.41624 -9.59391
-4.56853 -9.74619
-4.8731 -9.89848
-5.02538 -9.89848
-5.32995 -10.0508
-5.48223 -10.203
-5.63452 -10.3553
-5.93909 -10.3553
-6.09137 -10.5076
-6.39594 -10.6599
-6.54822 -10.6599
-6.85279 -10.8122
-7.00508 -10.8122
-7.30964 -10.9645
-7.46193 -10.9645
-7.7665 -11.1168
-7.91878 -11.1168
-8.22335 -11.1168
-8.37563 -11.269
-8.6802 -11.269
-8.98477 -11.269
-9.13706 -11.269
-9.44162 -11.269
-9.59391 -11.269
-9.89848 -11.269
-10.203 -11.269
-10.3553 -11.269
-10.6599 -11.269
-10.8122 -11.269
-11.1168 -11.269
-11.269 -11.1168
-11.5736 -11.1168
-11.7259 -11.1168
-12.0305 -11.1168
-12.1827 -11.1168
-12.4873 -10.9645
-12.6396 -10.9645
-12.9442 -10.9645
-13.0964 -10.9645
-13.401 -10.9645
-13.5533 -10.8122
-13.8579 -10.8122
-14.0102 -10.8122
-14.3147 -10.8122
-14.467 -10.8122
-14.7716 -10.8122
-14.9239 -10.6599
-15.2284 -10.6599
-15.3807 -10.6599
-15.6853 -10.6599
-15.9898 -10.6599
-16.1421 -10.6599
-16.4467 -10.5076
-16.599 -10.5076
-16.9036 -10.5076
-17.0558 -10.5076
-17.3604 -10.3553
-17.665 -10.3553
-17.8173 -10.3553
-18.1218 -10.3553
-18.2741 -10.203
-18.5787 -10.203
-18.8832 -10.203
-19.0355 -10.0508
-19.3401 -10.0508
-19.6447 -9.89848
-19.797 -9.89848
-20.1015 -9.74619
-20.2538 -9.74619
-20.5584 -9.59391
-20.8629 -9.59391
-21.0152 -9.44162
-21.3198 -9.28934
-21.6244 -9.28934
-21.7766 -9.13706
-22.0812 -8.98477
-22.2335 -8.83249
-22.5381 -8.83249
-22.8426 -8.6802
-22.9949 -8.52792
-23.2995 -8.37563
-23.4518 -8.22335
-23.7563 -8.07107
-23.9086 -7.91878
-24.2132 -7.7665
-24.3655 -7.46193
-24.5178 -7.30964
-24.8223 -7.15736
-24.9746 -7.00508
-25.1269 -6.70051
-25.4315 -6.54822
-25.5838 -6.39594
-25.736 -6.09137
-25.8883 -5.93909
-26.0406 -5.63452
-26.1929 -5.48223
-26.3452 -5.17766
-26.4975 -5.02538
-26.6497 -4.72081
-26.802 -4.41624
-26.9543 -4.26396
-27.1066 -3.95939
-27.2589 -3.65482
-27.2589 -3.50254
-27.4112 -3.19797
-27.5635 -2.8934
-27.5635 -2.58883
-27.7157 -2.43655
-27.7157 -2.13198
-27.868 -1.82741
-27.868 -1.52284
-28.0203 -1.21827
-28.0203 -0.913706
-28.0203 -0.761421
-28.1726 -0.456853
-28.1726 -0.152284
-28.1726 0.152284
-28.1726 0.456853
-28.1726 0.761421
-28.1726 1.06599
-28.1726 1.21827
-28.1726 1.52284
-28.1726 1.82741
-28.1726 2.13198
-28.1726 2.43655
-28.1726 2.74112
-28.1726 3.04569
-28.1726 3.19797
-28.0203 3.50254
-28.0203 3.80711
-28.0203 4.11168
-28.0203 4.41624
-27.868 4.56853
-27.868 4.8731
-27.7157 5.17766
-27.7157 5.48223
-27.5635 5.7868
-27.5635 5.93909
-27.4112 6.24365
-27.4112 6.54822
-27.2589 6.85279
-27.1066 7.00508
-27.1066 7.30964
-26.9543 7.61421
-26.802 7.7665
-26.802 8.07107
-26.6497 8.37563
-26.4975 8.52792
-26.3452 8.83249
-26.1929 9.13706
-26.0406 9.28934
-25.8883 9.59391
-25.8883 9.74619
-25.736 10.0508
-25.5838 10.203
-25.4315 10.5076
-25.1269 10.6599
-24.9746 10.9645
-24.8223 11.1168
-24.6701 11.269
-24.5178 11.5736
-24.3655 11.7259
-24.2132 11.8782
-23.9086 12.1827
-23.7563 12.335
-23.6041 12.4873
-23.2995 12.6396
-23.1472 12.9442
-22.9949 13.0964
-22.6904 13.2487
-22.5381 13.401
-22.2335 13.5533
-22.0812 13.7056
-21.7766 13.8579
-21.6244 14.0102
-21.3198 14.1624
-21.1675 14.1624
-20.8629 14.3147
-20.5584 14.467
-20.4061 14.467
-20.1015 14.6193
-19.9492 14.7716
-19.6447 14.7716
-19.3401 14.7716
-19.0355 14.9239
-18.8832 14.9239
-18.5787 14.9239
-18.2741 15.0761
-17.9695 15.0761
-17.8173 15.0761
-17.5127 15.0761
-17.2081 15.0761
-16.9036 15.0761
-16.7513 15.0761
-16.4467 15.0761
-16.1421 14.9239
-15.9898 14.9239
-15.6853 14.9239
-15.3807 14.9239
-15.2284 14.9239
-14.9239 14.7716
-14.7716 14.7716
-14.467 14.7716
-14.1624 14.7716
-14.0102 14.6193
-13.7056 14.6193
-13.5533 14.6193
-13.401 14.6193
-13.0964 14.467
-12.9442 14.467
-12.6396 14.467
-12.4873 14.467
-12.1827 14.467
-12.0305 14.467
-11.8782 14.3147
-11.5736 14.3147
-11.4213 14.3147
-11.1168 14.3147
-10.9645 14.3147
-10.8122 14.3147
-10.5076 14.1624
-10.3553 14.1624
-10.0508 14.1624
-9.89848 14.1624
-9.74619 14.1624
-9.44162 14.1624
-9.28934 14.0102
-8.98477 14.0102
-8.83249 14.0102
-8.6802 14.0102
-8.37563 14.0102
-8.22335 13.8579
-7.91878 13.8579
-7.7665 13.8579
-7.61421 13.7056
-7.30964 13.7056
-7.15736 13.5533
-6.85279 13.5533
-6.70051 13.5533
-6.54822 13.401
-6.24365 13.401
-6.09137 13.2487
-5.93909 13.2487
-5.63452 13.0964
-5.48223 13.0964
-5.17766 12.9442
-5.02538 12.9442
-4.8731 12.7919
-4.56853 12.7919
-4.41624 12.6396
-4.11168 12.4873
-3.95939 12.4873
-3.80711 12.335
-3.50254 12.1827
-3.35025 12.1827
-3.04569 12.0305
-2.8934 11.8782
-2.58883 11.8782
-2.43655 11.7259
-2.13198 11.5736
-1.9797 11.5736
-1.67513 11.4213
-1.52284 11.269
-1.21827 11.1168
-1.06599 10.9645
-0.761421 10.9645
-0.609137 10.8122
-0.304569 10.6599
-0.152284 10.5076
0.152284 10.3553
0.304569 10.203
0.609137 10.0508
0.761421 9.89848
1.06599 9.74619
1.21827 9.44162
1.52284 9.28934
1.67513 9.13706
1.9797 8.98477
2.13198 8.83249
2.43655 8.52792
2.58883 8.37563
2.8934 8.07107
3.04569 7.91878
3.19797 7.7665
3.50254 7.46193
3.65482 7.15736
3.80711 7.00508
4.11168 6.70051
4.26396 6.54822
4.41624 6.24365
4.56853 5.93909
4.8731 5.63452
5.02538 5.48223
5.17766 5.17766
5.32995 4.8731
5.48223 4.56853
5.63452 4.26396
5.7868 3.95939
5.93909 3.65482
5.93909 3.35025
6.09137 3.04569
6.24365 2.74112
6.39594 2.43655
