2.8934 2.8934
3.19797 2.58883
3.35025 2.43655
3.50254 2.13198
3.65482 1.82741
3.95939 1.52284
4.11168 1.21827
4.26396 0.913706
4.56853 0.609137
4.72081 0.304569
4.8731 -0.152284
5.02538 -0.456853
5.17766 -0.761421
5.32995 -1.21827
5.48223 -1.52284
5.63452 -1.82741
5.7868 -2.28426
5.7868 -2.58883
5.93909 -3.04569
5.93909 -3.35025
5.93909 -3.65482
5.93909 -4.11168
5.93909 -4.41624
5.7868 -4.72081
5.7868 -5.17766
5.63452 -5.48223
5.48223 -5.7868
5.32995 -6.09137
5.17766 -6.39594
4.8731 -6.54822
4.72081 -6.85279
4.41624 -7.15736
4.11168 -7.30964
3.95939 -7.61421
3.65482 -7.7665
3.35025 -7.91878
3.04569 -8.22335
2.58883 -8.37563
2.28426 -8.52792
1.9797 -8.6802
1.67513 -8.6802
1.21827 -8.83249
0.913706 -8.98477
0.609137 -8.98477
0.304569 -9.13706
-0.152284 -9.28934
-0.456853 -9.28934
-0.761421 -9.44162
-1.21827 -9.44162
-1.52284 -9.44162
-1.82741 -9.59391
-2.13198 -9.59391
-2.43655 -9.59391
-2.74112 -9.74619
-3.04569 -9.74619
-3.35025 -9.74619
-3.65482 -9.89848
-3.95939 -9.89848
-4.26396 -9.89848
-4.56853 -9.89848
-4.8731 -10.0508
-5.17766 -10.0508
-5.32995 -10.0508
-5.63452 -10.0508
-5.93909 -10.0508
-6.24365 -10.0508
-6.54822 -10.0508
-6.70051 -10.0508
-7.00508 -10.0508
-7.30964 -10.0508
-7.61421 -10.0508
-7.7665 -10.0508
-8.07107 -10.0508
-8.37563 -9.89848
-8.52792 -9.89848
-8.83249 -9.89848
-9.13706 -9.74619
-9.28934 -9.74619
-9.59391 -9.74619
-9.89848 -9.59391
-10.0508 -9.59391
-10.3553 -9.44162
-10.5076 -9.44162
-10.8122 -9.44162
-10.9645 -9.28934
-11.269 -9.28934
-11.4213 -9.13706
-11.5736 -9.13706
-11.8782 -8.98477
-12.0305 -8.98477
-12.335 -8.98477
-12.4873 -8.83249
-12.6396 -8.83249
-12.9442 -8.6802
-13.0964 -8.6802
-13.2487 -8.6802
-13.5533 -8.6802
-13.7056 -8.52792
-13.8579 -8.52792
-14.1624 -8.52792
-14.3147 -8.52792
-14.467 -8.52792
-14.7716 -8.52792
-14.9239 -8.52792
-15.0761 -8.52792
-15.3807 -8.52792
-15.533 -8.52792
-15.6853 -8.52792
-15.9898 -8.52792
-16.1421 -8.52792
-16.4467 -8.37563
-16.599 -8.37563
-16.9036 -8.37563
-17.0558 -8.37563
-17.3604 -8.37563
-17.5127 -8.37563
-17.8173 -8.37563
-17.9695 -8.22335
-18.1218 -8.22335
-18.4264 -8.22335
-18.5787 -8.07107
-18.8832 -8.07107
-19.0355 -7.91878
-19.3401 -7.91878
-19.4924 -7.7665
-19.6447 -7.61421
-19.9492 -7.61421
-20.1015 -7.46193
-20.2538 -7.30964
-20.5584 -7.15736
-20.7107 -7.15736
-20.8629 -7.00508
-21.0152 -6.85279
-21.3198 -6.70051
-21.4721 -6.54822
-21.6244 -6.39594
-21.7766 -6.24365
-21.9289 -6.09137
-22.2335 -5.93909
-22.3858 -5.7868
-22.5381 -5.63452
-22.6904 -5.48223
-22.8426 -5.32995
-22.9949 -5.17766
-23.1472 -5.02538
-23.4518 -4.8731
-23.6041 -4.72081
-23.7563 -4.56853
-23.9086 -4.41624
-24.0609 -4.11168
-24.2132 -3.95939
-24.3655 -3.80711
-24.5178 -3.65482
-24.8223 -3.50254
-24.9746 -3.19797
-25.1269 -3.04569
-25.2792 -2.8934
-25.4315 -2.58883
-25.5838 -2.43655
-25.736 -2.28426
-25.8883 -1.9797
-26.0406 -1.82741
-26.1929 -1.52284
-26.3452 -1.37056
-26.3452 -1.06599
-26.4975 -0.913706
-26.6497 -0.609137
-26.802 -0.456853
-26.802 -0.152284
-26.9543 0
-27.1066 0.304569
-27.1066 0.609137
-27.2589 0.761421
-27.2589 1.06599
-27.4112 1.37056
-27.4112 1.52284
-27.5635 1.82741
-27.5635 2.13198
-27.5635 2.43655
-27.7157 2.58883
-27.7157 2.8934
-27.7157 3.19797
-27.7157 3.50254
-27.7157 3.80711
-27.7157 3.95939
-27.7157 4.26396
-27.7157 4.56853
-27.7157 4.8731
-27.7157 5.17766
-27.7157 5.32995
-27.7157 5.63452
-27.7157 5.93909
-27.7157 6.24365
-27.5635 6.54822
-27.5635 6.70051
-27.5635 7.00508
-27.4112 7.30964
-27.4112 7.61421
-27.4112 7.7665
-27.2589 8.07107
-27.2589 8.37563
-27.1066 8.6802
-27.1066 8.83249
-26.9543 9.13706
-26.802 9.44162
-26.802 9.74619
-26.6497 9.89848
-26.4975 10.203
-26.3452 10.5076
-26.3452 10.6599
-26.1929 10.9645
-26.0406 11.1168
-25.8883 11.4213
-25.736 11.7259
-25.5838 11.8782
-25.4315 12.1827
-25.2792 12.335
-25.1269 12.6396
-24.9746 12.7919
-24.8223 13.0964
-24.5178 13.2487
-24.3655 13.401
-24.2132 13.7056
-24.0609 13.8579
-23.7563 14.0102
-23.6041 14.3147
-23.4518 14.467
-23.1472 14.6193
-22.9949 14.7716
-22.6904 14.9239
-22.5381 15.0761
-22.2335 15.2284
-22.0812 15.3807
-21.7766 15.533
-21.6244 15.6853
-21.3198 15.8376
-21.1675 15.9898
-20.8629 16.1421
-20.5584 16.2944
-20.4061 16.2944
-20.1015 16.4467
-19.797 16.599
-19.6447 16.599
-19.3401 16.7513
-19.0355 16.7513
-18.731 16.9036
-18.5787 16.9036
-18.2741 17.0558
-17.9695 17.0558
-17.665 17.0558
-17.5127 17.2081
-17.2081 17.2081
-16.9036 17.2081
-16.599 17.2081
-16.4467 17.2081
-16.1421 17.2081
-15.8376 17.2081
-15.533 17.2081
-15.3807 17.2081
-15.0761 17.2081
-14.7716 17.2081
-14.467 17.0558
-14.3147 17.0558
-14.0102 17.0558
-13.7056 16.9036
-13.5533 16.9036
-13.2487 16.9036
-12.9442 16.7513
-12.7919 16.7513
-12.4873 16.599
-12.335 16.599
-12.0305 16.4467
-11.8782 16.2944
-11.5736 16.2944
-11.4213 16.1421
-11.1168 15.9898
-10.9645 15.9898
-10.6599 15.8376
-10.5076 15.6853
-10.203 15.533
-10.0508 15.533
-9.89848 15.3807
-9.59391 15.2284
-9.44162 15.0761
-9.28934 15.0761
-9.13706 14.9239
-8.83249 14.7716
-8.6802 14.6193
-8.52792 14.6193
-8.37563 14.467
-8.07107 14.3147
-7.91878 14.1624
-7.7665 14.1624
-7.61421 14.0102
-7.30964 13.8579
-7.15736 13.8579
-7.00508 13.7056
-6.85279 13.5533
-6.70051 13.5533
-6.54822 13.401
-6.24365 13.2487
-6.09137 13.0964
-5.93909 13.0964
-5.7868 12.9442
-5.63452 12.7919
-5.48223 12.6396
-5.32995 12.4873
-5.17766 12.4873
-5.02538 12.335
-4.8731 12.1827
-4.56853 12.0305
-4.41624 11.8782
-4.41624 11.7259
-4.26396 11.5736
-4.11168 11.4213
-3.95939 11.269
-3.80711 11.1168
-3.65482 10.9645
-3.50254 10.8122
-3.35025 10.6599
-3.35025 10.5076
-3.19797 10.3553
-3.04569 10.203
-2.8934 10.0508
-2.74112 9.74619
-2.74112 9.59391
-2.58883 9.44162
-2.43655 9.28934
-2.28426 9.13706
-2.13198 8.98477
-1.9797 8.83249
-1.9797 8.6802
-1.82741 8.52792
-1.67513 8.37563
-1.52284 8.22335
-1.37056 8.07107
-1.21827 7.91878
-1.06599 7.7665
-0.913706 7.46193
-0.761421 7.30964
-0.456853 7.15736
-0.304569 7.00508
-0.152284 6.85279
0 6.70051
0.304569 6.54822
0.456853 6.39594
0.609137 6.09137
0.913706 5.93909
1.06599 5.7868
1.21827 5.63452
1.52284 5.32995
1.67513 5.17766
1.9797 4.8731
2.13198 4.72081
2.43655 4.41624
2.58883 4.26396
2.74112 3.95939
3.04569 3.65482
3.19797 3.50254
3.35025 3.19797
