1.82741 3.04569
2.28426 2.74112
2.74112 2.43655
3.04569 2.13198
3.50254 1.82741
3.80711 1.52284
3.95939 1.21827
4.11168 0.913706
4.26396 0.609137
4.41624 0.304569
4.41624 0
4.41624 -0.456853
4.41624 -0.761421
4.41624 -1.06599
4.41624 -1.37056
4.26396 -1.67513
4.11168 -1.82741
3.95939 -2.13198
3.80711 -2.43655
3.65482 -2.74112
3.50254 -2.8934
3.19797 -3.19797
3.04569 -3.50254
2.8934 -3.65482
2.58883 -3.95939
2.43655 -4.11168
2.13198 -4.26396
1.9797 -4.56853
1.67513 -4.72081
1.52284 -5.02538
1.21827 -5.17766
0.913706 -5.32995
0.761421 -5.48223
0.456853 -5.63452
0.304569 -5.93909
0 -6.09137
-0.304569 -6.24365
-0.456853 -6.39594
-0.761421 -6.54822
-0.913706 -6.70051
-1.21827 -6.85279
-1.52284 -7.00508
-1.67513 -7.00508
-1.9797 -7.15736
-2.13198 -7.30964
-2.43655 -7.46193
-2.74112 -7.61421
-2.8934 -7.61421
-3.19797 -7.7665
-3.50254 -7.91878
-3.65482 -7.91878
-3.95939 -8.07107
-4.11168 -8.22335
-4.41624 -8.22335
-4.72081 -8.37563
-4.8731 -8.37563
-5.17766 -8.52792
-5.32995 -8.52792
-5.63452 -8.52792
-5.93909 -8.6802
-6.09137 -8.6802
-6.39594 -8.83249
-6.54822 -8.83249
-6.85279 -8.83249
-7.15736 -8.83249
-7.30964 -8.98477
-7.61421 -8.98477
-7.7665 -8.98477
-8.07107 -8.98477
-8.22335 -8.98477
-8.52792 -8.98477
-8.6802 -8.98477
-8.98477 -9.13706
-9.13706 -9.13706
-9.44162 -9.13706
-9.59391 -8.98477
-9.89848 -8.98477
-10.0508 -8.98477
-10.3553 -8.98477
-10.5076 -8.98477
-10.8122 -8.98477
-10.9645 -8.98477
-11.269 -8.98477
-11.4213 -8.98477
-11.5736 -8.83249
-11.8782 -8.83249
-12.0305 -8.83249
-12.335 -8.83249
-12.4873 -8.83249
-12.6396 -8.83249
-12.9442 -8.6802
-13.0964 -8.6802
-13.2487 -8.6802
-13.5533 -8.6802
-13.7056 -8.6802
-13.8579 -8.6802
-14.1624 -8.6802
-14.3147 -8.52792
-14.467 -8.52792
-14.7716 -8.52792
-14.9239 -8.52792
-15.0761 -8.52792
-15.3807 -8.52792
-15.533 -8.52792
-15.6853 -8.52792
-15.9898 -8.52792
-16.1421 -8.52792
-16.4467 -8.37563
-16.599 -8.37563
-16.7513 -8.37563
-17.0558 -8.37563
-17.2081 -8.37563
-17.5127 -8.37563
-17.665 -8.22335
-17.8173 -8.22335
-18.1218 -8.22335
-18.2741 -8.07107
-18.5787 -8.07107
-18.731 -8.07107
-18.8832 -7.91878
-19.1878 -7.91878
-19.3401 -7.7665
-19.4924 -7.61421
-19.797 -7.61421
-19.9492 -7.46193
-20.1015 -7.46193
-20.4061 -7.30964
-20.5584 -7.15736
-20.7107 -7.00508
-20.8629 -6.85279
-21.0152 -6.85279
-21.3198 -6.70051
-21.4721 -6.54822
-21.6244 -6.39594
-21.7766 -6.24365
-21.9289 -6.09137
-22.0812 -5.93909
-22.3858 -5.7868
-22.5381 -5.63452
-22.6904 -5.48223
-22.8426 -5.32995
-22.9949 -5.17766
-23.1472 -5.02538
-23.2995 -4.8731
-23.4518 -4.72081
-23.6041 -4.56853
-23.7563 -4.41624
-23.9086 -4.26396
-24.2132 -4.11168
-24.3655 -3.80711
-24.5178 -3.65482
-24.6701 -3.50254
-24.8223 -3.35025
-24.9746 -3.19797
-25.1269 -2.8934
-25.2792 -2.74112
-25.4315 -2.58883
-25.5838 -2.43655
-25.736 -2.13198
-25.8883 -1.9797
-26.0406 -1.82741
-26.0406 -1.52284
-26.1929 -1.37056
-26.3452 -1.06599
-26.4975 -0.913706
-26.4975 -0.609137
-26.6497 -0.456853
-26.802 -0.152284
-26.802 0
-26.9543 0.304569
-26.9543 0.456853
-27.1066 0.761421
-27.1066 0.913706
-27.2589 1.21827
-27.2589 1.52284
-27.2589 1.67513
-27.2589 1.9797
-27.4112 2.28426
-27.4112 2.43655
-27.4112 2.74112
-27.4112 3.04569
-27.4112 3.19797
-27.4112 3.50254
-27.4112 3.80711
-27.4112 3.95939
-27.4112 4.26396
-27.4112 4.56853
-27.4112 4.72081
-27.2589 5.02538
-27.2589 5.32995
-27.2589 5.48223
-27.2589 5.7868
-27.2589 6.09137
-27.1066 6.24365
-27.1066 6.54822
-27.1066 6.85279
-27.1066 7.00508
-26.9543 7.30964
-26.9543 7.61421
-26.802 7.7665
-26.802 8.07107
-26.802 8.37563
-26.6497 8.52792
-26.6497 8.83249
-26.4975 9.13706
-26.4975 9.28934
-26.3452 9.59391
-26.1929 9.74619
-26.1929 10.0508
-26.0406 10.3553
-25.8883 10.5076
-25.8883 10.8122
-25.736 10.9645
-25.5838 11.269
-25.4315 11.4213
-25.2792 11.7259
-25.1269 11.8782
-25.1269 12.1827
-24.9746 12.335
-24.8223 12.6396
-24.5178 12.7919
-24.3655 13.0964
-24.2132 13.2487
-24.0609 13.401
-23.9086 13.7056
-23.7563 13.8579
-23.4518 14.0102
-23.2995 14.1624
-23.1472 14.3147
-22.9949 14.6193
-22.6904 14.7716
-22.5381 14.9239
-22.2335 15.0761
-22.0812 15.2284
-21.9289 15.3807
-21.6244 15.533
-21.4721 15.6853
-21.1675 15.6853
-20.8629 15.8376
-20.7107 15.9898
-20.4061 16.1421
-20.2538 16.2944
-19.9492 16.2944
-19.797 16.4467
-19.4924 16.4467
-19.1878 16.599
-19.0355 16.599
-18.731 16.7513
-18.4264 16.7513
-18.2741 16.9036
-17.9695 16.9036
-17.665 16.9036
-17.3604 17.0558
-17.2081 17.0558
-16.9036 17.0558
-16.599 17.0558
-16.4467 17.0558
-16.1421 17.0558
-15.8376 17.0558
-15.6853 17.0558
-15.3807 17.0558
-15.0761 17.0558
-14.9239 17.0558
-14.6193 17.0558
-14.3147 17.0558
-14.1624 16.9036
-13.8579 16.9036
-13.5533 16.9036
-13.401 16.7513
-13.0964 16.7513
-12.9442 16.7513
-12.6396 16.599
-12.335 16.599
-12.1827 16.4467
-11.8782 16.4467
-11.7259 16.2944
-11.4213 16.2944
-11.269 16.1421
-11.1168 16.1421
-10.8122 15.9898
-10.6599 15.8376
-10.3553 15.8376
-10.203 15.6853
-9.89848 15.533
-9.74619 15.533
-9.59391 15.3807
-9.28934 15.2284
-9.13706 15.2284
-8.98477 15.0761
-8.83249 14.9239
-8.52792 14.7716
-8.37563 14.7716
-8.22335 14.6193
-8.07107 14.467
-7.7665 14.3147
-7.61421 14.1624
-7.46193 14.1624
-7.30964 14.0102
-7.15736 13.8579
-7.00508 13.7056
-6.70051 13.5533
-6.54822 13.401
-6.39594 13.401
-6.24365 13.2487
-6.09137 13.0964
-5.93909 12.9442
-5.7868 12.7919
-5.63452 12.6396
-5.48223 12.4873
-5.32995 12.335
-5.17766 12.335
-4.8731 12.1827
-4.72081 12.0305
-4.56853 11.8782
-4.41624 11.7259
-4.26396 11.5736
-4.11168 11.4213
-3.95939 11.269
-3.80711 11.1168
-3.65482 10.9645
-3.50254 10.8122
-3.35025 10.6599
-3.19797 10.5076
-3.19797 10.3553
-3.04569 10.203
-2.8934 10.0508
-2.74112 9.89848
-2.58883 9.74619
-2.43655 9.59391
-2.28426 9.44162
-2.13198 9.28934
-1.9797 8.98477
-1.82741 8.83249
-1.67513 8.6802
-1.52284 8.52792
-1.37056 8.37563
-1.21827 8.22335
-1.06599 8.07107
-0.913706 7.7665
-0.761421 7.61421
-0.609137 7.46193
-0.456853 7.30964
-0.304569 7.00508
-0.304569 6.85279
-0.152284 6.70051
0 6.39594
0.152284 6.24365
0.304569 6.09137
0.456853 5.7868
0.609137 5.63452
0.761421 5.32995
0.913706 5.17766
1.06599 4.8731
1.06599 4.72081
1.21827 4.41624
1.37056 4.26396
1.52284 3.95939
1.67513 3.80711
1.67513 3.50254
1.82741 3.19797
