1.67513 3.19797
2.13198 3.04569
2.43655 2.74112
2.74112 2.43655
3.04569 2.13198
3.35025 1.82741
3.50254 1.52284
3.65482 1.21827
3.80711 0.913706
3.95939 0.609137
4.11168 0.304569
4.11168 0
4.11168 -0.304569
4.11168 -0.609137
4.11168 -0.913706
3.95939 -1.21827
3.95939 -1.52284
3.80711 -1.82741
3.80711 -2.13198
3.65482 -2.43655
3.50254 -2.58883
3.35025 -2.8934
3.04569 -3.19797
2.8934 -3.35025
2.74112 -3.65482
2.43655 -3.80711
2.28426 -4.11168
1.9797 -4.26396
1.82741 -4.41624
1.52284 -4.72081
1.37056 -4.8731
1.06599 -5.02538
0.761421 -5.17766
0.609137 -5.32995
0.304569 -5.48223
0 -5.63452
-0.304569 -5.7868
-0.456853 -5.93909
-0.761421 -6.09137
-1.06599 -6.24365
-1.37056 -6.39594
-1.52284 -6.39594
-1.82741 -6.54822
-2.13198 -6.70051
-2.43655 -6.70051
-2.58883 -6.85279
-2.8934 -7.00508
-3.04569 -7.15736
-3.35025 -7.15736
-3.65482 -7.30964
-3.80711 -7.46193
-4.11168 -7.46193
-4.26396 -7.61421
-4.41624 -7.7665
-4.72081 -7.7665
-4.8731 -7.91878
-5.17766 -8.07107
-5.32995 -8.07107
-5.63452 -8.22335
-5.7868 -8.37563
-5.93909 -8.37563
-6.24365 -8.52792
-6.39594 -8.6802
-6.70051 -8.6802
-6.85279 -8.83249
-7.15736 -8.83249
-7.30964 -8.98477
-7.61421 -8.98477
-7.7665 -9.13706
-7.91878 -9.13706
-8.22335 -9.13706
-8.37563 -9.28934
-8.6802 -9.28934
-8.98477 -9.28934
-9.13706 -9.28934
-9.44162 -9.28934
-9.59391 -9.28934
-9.89848 -9.28934
-10.0508 -9.28934
-10.3553 -9.28934
-10.5076 -9.28934
-10.8122 -9.13706
-10.9645 -9.13706
-11.269 -9.13706
-11.4213 -9.13706
-11.7259 -8.98477
-11.8782 -8.98477
-12.1827 -8.98477
-12.335 -8.83249
-12.4873 -8.83249
-12.7919 -8.83249
-12.9442 -8.83249
-13.0964 -8.6802
-13.401 -8.6802
-13.5533 -8.6802
-13.8579 -8.52792
-14.0102 -8.52792
-14.1624 -8.52792
-14.467 -8.52792
-14.6193 -8.52792
-14.7716 -8.37563
-15.0761 -8.37563
-15.2284 -8.37563
-15.3807 -8.37563
-15.6853 -8.37563
-15.8376 -8.37563
-16.1421 -8.37563
-16.2944 -8.37563
-16.4467 -8.37563
-16.7513 -8.22335
-16.9036 -8.22335
-17.2081 -8.22335
-17.3604 -8.22335
-17.665 -8.22335
-17.8173 -8.07107
-17.9695 -8.07107
-18.2741 -8.07107
-18.4264 -7.91878
-18.731 -7.91878
-18.8832 -7.91878
-19.1878 -7.7665
-19.3401 -7.7665
-19.4924 -7.61421
-19.797 -7.46193
-19.9492 -7.46193
-20.1015 -7.30964
-20.4061 -7.15736
-20.5584 -7.15736
-20.7107 -7.00508
-21.0152 -6.85279
-21.1675 -6.70051
-21.3198 -6.54822
-21.4721 -6.39594
-21.6244 -6.39594
-21.9289 -6.24365
-22.0812 -6.09137
-22.2335 -5.93909
-22.3858 -5.7868
-22.5381 -5.63452
-22.6904 -5.48223
-22.8426 -5.32995
-22.9949 -5.02538
-23.2995 -4.8731
-23.4518 -4.72081
-23.6041 -4.56853
-23.7563 -4.41624
-23.9086 -4.26396
-24.0609 -4.11168
-24.2132 -3.95939
-24.3655 -3.80711
-24.5178 -3.50254
-24.6701 -3.35025
-24.8223 -3.19797
-24.9746 -3.04569
-25.1269 -2.74112
-25.2792 -2.58883
-25.4315 -2.43655
-25.5838 -2.28426
-25.736 -1.9797
-25.8883 -1.82741
-26.0406 -1.52284
-26.1929 -1.37056
-26.3452 -1.21827
-26.3452 -0.913706
-26.4975 -0.761421
-26.6497 -0.456853
-26.802 -0.304569
-26.802 0
-26.9543 0.304569
-26.9543 0.456853
-27.1066 0.761421
-27.1066 0.913706
-27.2589 1.21827
-27.2589 1.52284
-27.4112 1.67513
-27.4112 1.9797
-27.4112 2.28426
-27.4112 2.43655
-27.5635 2.74112
-27.5635 3.04569
-27.5635 3.19797
-27.5635 3.50254
-27.5635 3.80711
-27.5635 3.95939
-27.5635 4.26396
-27.5635 4.56853
-27.5635 4.8731
-27.5635 5.02538
-27.5635 5.32995
-27.5635 5.63452
-27.5635 5.7868
-27.4112 6.09137
-27.4112 6.39594
-27.4112 6.70051
-27.4112 6.85279
-27.2589 7.15736
-27.2589 7.46193
-27.2589 7.61421
-27.2589 7.91878
-27.1066 8.22335
-27.1066 8.52792
-26.9543 8.6802
-26.9543 8.98477
-26.802 9.28934
-26.802 9.44162
-26.6497 9.74619
-26.6497 10.0508
-26.4975 10.203
-26.4975 10.5076
-26.3452 10.8122
-26.1929 10.9645
-26.0406 11.269
-26.0406 11.5736
-25.8883 11.7259
-25.736 12.0305
-25.5838 12.1827
-25.4315 12.4873
-25.2792 12.6396
-25.1269 12.9442
-24.9746 13.0964
-24.8223 13.401
-24.5178 13.5533
-24.3655 13.7056
-24.2132 13.8579
-24.0609 14.1624
-23.7563 14.3147
-23.6041 14.467
-23.4518 14.6193
-23.1472 14.7716
-22.9949 14.9239
-22.6904 15.2284
-22.5381 15.3807
-22.2335 15.3807
-22.0812 15.533
-21.7766 15.6853
-21.6244 15.8376
-21.3198 15.9898
-21.0152 16.1421
-20.8629 16.1421
-20.5584 16.2944
-20.4061 16.4467
-20.1015 16.4467
-19.797 16.599
-19.6447 16.599
-19.3401 16.7513
-19.0355 16.7513
-18.731 16.9036
-18.5787 16.9036
-18.2741 16.9036
-17.9695 17.0558
-17.8173 17.0558
-17.5127 17.0558
-17.2081 17.0558
-17.0558 17.0558
-16.7513 17.0558
-16.4467 17.0558
-16.1421 17.0558
-15.9898 17.0558
-15.6853 17.0558
-15.3807 17.0558
-15.2284 17.0558
-14.9239 17.0558
-14.6193 17.0558
-14.467 16.9036
-14.1624 16.9036
-14.0102 16.9036
-13.7056 16.7513
-13.401 16.7513
-13.2487 16.7513
-12.9442 16.599
-12.7919 16.599
-12.4873 16.4467
-12.335 16.4467
-12.0305 16.2944
-11.8782 16.2944
-11.5736 16.1421
-11.4213 16.1421
-11.1168 15.9898
-10.9645 15.8376
-10.8122 15.8376
-10.5076 15.6853
-10.3553 15.533
-10.203 15.533
-9.89848 15.3807
-9.74619 15.2284
-9.59391 15.2284
-9.28934 15.0761
-9.13706 14.9239
-8.98477 14.9239
-8.83249 14.7716
-8.52792 14.6193
-8.37563 14.6193
-8.22335 14.467
-8.07107 14.3147
-7.91878 14.3147
-7.61421 14.1624
-7.46193 14.0102
-7.30964 13.8579
-7.15736 13.8579
-7.00508 13.7056
-6.85279 13.5533
-6.54822 13.401
-6.39594 13.401
-6.24365 13.2487
-6.09137 13.0964
-5.93909 12.9442
-5.7868 12.9442
-5.63452 12.7919
-5.48223 12.6396
-5.32995 12.4873
-5.17766 12.335
-5.02538 12.1827
-4.8731 12.0305
-4.72081 11.8782
-4.56853 11.7259
-4.41624 11.5736
-4.26396 11.5736
-4.11168 11.4213
-3.95939 11.269
-3.80711 11.1168
-3.65482 10.9645
-3.50254 10.8122
-3.35025 10.5076
-3.19797 10.3553
-3.04569 10.203
-2.8934 10.0508
-2.8934 9.89848
-2.74112 9.74619
-2.58883 9.59391
-2.43655 9.44162
-2.28426 9.28934
-2.13198 9.13706
-1.9797 8.98477
-1.82741 8.83249
-1.67513 8.6802
-1.52284 8.52792
-1.37056 8.22335
-1.21827 8.07107
-1.21827 7.91878
-1.06599 7.7665
-0.761421 7.61421
-0.609137 7.46193
-0.456853 7.15736
-0.304569 7.00508
-0.152284 6.85279
0 6.70051
0.152284 6.39594
0.304569 6.24365
0.456853 6.09137
0.609137 5.7868
0.609137 5.63452
0.761421 5.32995
0.913706 5.17766
1.06599 5.02538
1.21827 4.72081
1.37056 4.41624
1.37056 4.26396
1.52284 3.95939
1.67513 3.80711
1.67513 3.50254
