2.8934 3.04569
3.19797 2.74112
3.35025 2.43655
3.50254 2.13198
3.65482 1.82741
3.95939 1.52284
4.11168 1.21827
4.26396 0.913706
4.56853 0.609137
4.72081 0.304569
4.8731 0
5.02538 -0.456853
5.32995 -0.761421
5.48223 -1.06599
5.63452 -1.52284
5.63452 -1.82741
5.7868 -2.13198
5.93909 -2.58883
5.93909 -2.8934
6.09137 -3.35025
6.09137 -3.65482
6.09137 -4.11168
6.09137 -4.41624
5.93909 -4.72081
5.93909 -5.17766
5.7868 -5.48223
5.63452 -5.7868
5.48223 -6.09137
5.32995 -6.39594
5.17766 -6.70051
4.8731 -7.00508
4.56853 -7.15736
4.41624 -7.46193
4.11168 -7.61421
3.80711 -7.91878
3.50254 -8.07107
3.19797 -8.22335
2.74112 -8.37563
2.43655 -8.52792
2.13198 -8.6802
1.82741 -8.83249
1.37056 -8.98477
1.06599 -8.98477
0.761421 -9.13706
0.304569 -9.28934
0 -9.28934
-0.304569 -9.44162
-0.761421 -9.44162
-1.06599 -9.59391
-1.37056 -9.59391
-1.67513 -9.59391
-1.9797 -9.74619
-2.28426 -9.74619
-2.58883 -9.74619
-2.8934 -9.89848
-3.35025 -9.89848
-3.50254 -9.89848
-3.80711 -10.0508
-4.11168 -10.0508
-4.41624 -10.0508
-4.72081 -10.0508
-5.02538 -10.0508
-5.32995 -10.0508
-5.63452 -10.203
-5.93909 -10.203
-6.09137 -10.203
-6.39594 -10.203
-6.70051 -10.203
-7.00508 -10.203
-7.30964 -10.203
-7.46193 -10.203
-7.7665 -10.0508
-8.07107 -10.0508
-8.37563 -10.0508
-8.52792 -10.0508
-8.83249 -9.89848
-9.13706 -9.89848
-9.28934 -9.89848
-9.59391 -9.74619
-9.89848 -9.74619
-10.0508 -9.59391
-10.3553 -9.59391
-10.5076 -9.59391
-10.8122 -9.44162
-10.9645 -9.44162
-11.269 -9.28934
-11.4213 -9.28934
-11.7259 -9.13706
-11.8782 -9.13706
-12.0305 -8.98477
-12.335 -8.98477
-12.4873 -8.83249
-12.6396 -8.83249
-12.9442 -8.83249
-13.0964 -8.6802
-13.2487 -8.6802
-13.5533 -8.6802
-13.7056 -8.52792
-13.8579 -8.52792
-14.1624 -8.52792
-14.3147 -8.52792
-14.467 -8.52792
-14.7716 -8.52792
-14.9239 -8.52792
-15.0761 -8.37563
-15.3807 -8.37563
-15.533 -8.37563
-15.8376 -8.37563
-15.9898 -8.37563
-16.1421 -8.37563
-16.4467 -8.37563
-16.599 -8.37563
-16.9036 -8.37563
-17.0558 -8.22335
-17.3604 -8.22335
-17.5127 -8.22335
-17.665 -8.22335
-17.9695 -8.07107
-18.1218 -8.07107
-18.4264 -8.07107
-18.5787 -7.91878
-18.8832 -7.91878
-19.0355 -7.7665
-19.1878 -7.7665
-19.4924 -7.61421
-19.6447 -7.46193
-19.797 -7.46193
-20.1015 -7.30964
-20.2538 -7.15736
-20.4061 -7.15736
-20.7107 -7.00508
-20.8629 -6.85279
-21.0152 -6.70051
-21.1675 -6.54822
-21.4721 -6.39594
-21.6244 -6.24365
-21.7766 -6.09137
-21.9289 -6.09137
-22.0812 -5.93909
-22.2335 -5.7868
-22.5381 -5.63452
-22.6904 -5.48223
-22.8426 -5.17766
-22.9949 -5.02538
-23.1472 -4.8731
-23.2995 -4.72081
-23.6041 -4.56853
-23.7563 -4.41624
-23.9086 -4.26396
-24.0609 -4.11168
-24.2132 -3.95939
-24.3655 -3.80711
-24.6701 -3.50254
-24.8223 -3.35025
-24.9746 -3.19797
-25.1269 -3.04569
-25.2792 -2.74112
-25.4315 -2.58883
-25.5838 -2.43655
-25.736 -2.13198
-25.8883 -1.9797
-26.0406 -1.67513
-26.1929 -1.52284
-26.3452 -1.21827
-26.3452 -1.06599
-26.4975 -0.761421
-26.6497 -0.609137
-26.802 -0.304569
-26.802 -0.152284
-26.9543 0.152284
-26.9543 0.456853
-27.1066 0.609137
-27.1066 0.913706
-27.2589 1.21827
-27.2589 1.37056
-27.2589 1.67513
-27.4112 1.9797
-27.4112 2.13198
-27.4112 2.43655
-27.4112 2.74112
-27.4112 3.04569
-27.4112 3.19797
-27.4112 3.50254
-27.4112 3.80711
-27.4112 4.11168
-27.4112 4.26396
-27.4112 4.56853
-27.4112 4.8731
-27.4112 5.17766
-27.4112 5.32995
-27.4112 5.63452
-27.2589 5.93909
-27.2589 6.24365
-27.2589 6.39594
-27.2589 6.70051
-27.1066 7.00508
-27.1066 7.30964
-27.1066 7.46193
-27.1066 7.7665
-26.9543 8.07107
-26.9543 8.37563
-26.802 8.52792
-26.802 8.83249
-26.802 9.13706
-26.6497 9.44162
-26.6497 9.59391
-26.4975 9.89848
-26.3452 10.203
-26.3452 10.5076
-26.1929 10.6599
-26.0406 10.9645
-26.0406 11.269
-25.8883 11.4213
-25.736 11.7259
-25.5838 12.0305
-25.4315 12.1827
-25.2792 12.4873
-25.1269 12.6396
-24.9746 12.9442
-24.8223 13.0964
-24.6701 13.401
-24.5178 13.5533
-24.3655 13.8579
-24.2132 14.0102
-23.9086 14.1624
-23.7563 14.467
-23.6041 14.6193
-23.2995 14.7716
-23.1472 14.9239
-22.8426 15.2284
-22.6904 15.3807
-22.3858 15.533
-22.2335 15.6853
-21.9289 15.8376
-21.7766 15.9898
-21.4721 16.1421
-21.1675 16.2944
-21.0152 16.2944
-20.7107 16.4467
-20.4061 16.599
-20.2538 16.599
-19.9492 16.7513
-19.6447 16.9036
-19.3401 16.9036
-19.1878 16.9036
-18.8832 17.0558
-18.5787 17.0558
-18.2741 17.0558
-17.9695 17.2081
-17.8173 17.2081
-17.5127 17.2081
-17.2081 17.2081
-16.9036 17.2081
-16.599 17.2081
-16.4467 17.2081
-16.1421 17.2081
-15.8376 17.2081
-15.533 17.2081
-15.3807 17.2081
-15.0761 17.0558
-14.7716 17.0558
-14.467 17.0558
-14.3147 17.0558
-14.0102 16.9036
-13.7056 16.9036
-13.5533 16.7513
-13.2487 16.7513
-12.9442 16.599
-12.7919 16.599
-12.4873 16.4467
-12.335 16.4467
-12.0305 16.2944
-11.8782 16.2944
-11.5736 16.1421
-11.4213 16.1421
-11.1168 15.9898
-10.9645 15.8376
-10.6599 15.8376
-10.5076 15.6853
-10.3553 15.533
-10.0508 15.533
-9.89848 15.3807
-9.74619 15.2284
-9.44162 15.2284
-9.28934 15.0761
-9.13706 14.9239
-8.83249 14.7716
-8.6802 14.7716
-8.52792 14.6193
-8.37563 14.467
-8.07107 14.467
-7.91878 14.3147
-7.7665 14.1624
-7.61421 14.1624
-7.46193 14.0102
-7.15736 13.8579
-7.00508 13.8579
-6.85279 13.7056
-6.70051 13.5533
-6.54822 13.401
-6.24365 13.401
-6.09137 13.2487
-5.93909 13.0964
-5.7868 12.9442
-5.63452 12.7919
-5.48223 12.7919
-5.32995 12.6396
-5.17766 12.4873
-5.02538 12.335
-4.8731 12.1827
-4.72081 12.0305
-4.56853 11.8782
-4.41624 11.7259
-4.26396 11.5736
-4.11168 11.4213
-3.95939 11.269
-3.80711 11.1168
-3.65482 10.9645
-3.65482 10.8122
-3.50254 10.6599
-3.35025 10.5076
-3.19797 10.3553
-3.04569 10.203
-3.04569 10.0508
-2.8934 9.89848
-2.74112 9.74619
-2.58883 9.44162
-2.43655 9.28934
-2.28426 9.13706
-2.28426 8.98477
-2.13198 8.83249
-1.9797 8.6802
-1.82741 8.52792
-1.67513 8.37563
-1.52284 8.22335
-1.37056 8.07107
-1.06599 7.91878
-0.913706 7.7665
-0.761421 7.61421
-0.609137 7.46193
-0.304569 7.30964
-0.152284 7.15736
0.152284 7.00508
0.304569 6.85279
0.456853 6.70051
0.761421 6.54822
0.913706 6.24365
1.21827 6.09137
1.37056 5.93909
1.67513 5.63452
1.82741 5.48223
2.13198 5.32995
2.28426 5.02538
2.43655 4.8731
2.74112 4.56853
2.8934 4.26396
3.04569 4.11168
3.19797 3.80711
3.35025 3.50254
3.50254 3.19797
