1.67513 3.19797
2.13198 3.04569
2.58883 2.74112
2.8934 2.43655
3.19797 2.13198
3.35025 1.82741
3.65482 1.52284
3.80711 1.21827
3.95939 0.913706
4.11168 0.609137
4.11168 0.304569
4.11168 0
4.11168 -0.456853
4.11168 -0.761421
4.11168 -1.06599
3.95939 -1.21827
3.95939 -1.52284
3.80711 -1.82741
3.65482 -2.13198
3.50254 -2.43655
3.35025 -2.74112
3.19797 -2.8934
3.04569 -3.19797
2.8934 -3.50254
2.58883 -3.65482
2.43655 -3.95939
2.28426 -4.11168
1.9797 -4.41624
1.82741 -4.56853
1.52284 -4.72081
1.37056 -5.02538
1.06599 -5.17766
0.913706 -5.32995
0.609137 -5.48223
0.456853 -5.7868
0.152284 -5.93909
0 -6.09137
-0.304569 -6.24365
-0.609137 -6.39594
-0.761421 -6.54822
-1.06599 -6.70051
-1.37056 -6.85279
-1.52284 -7.00508
-1.82741 -7.15736
-1.9797 -7.15736
-2.28426 -7.30964
-2.58883 -7.46193
-2.74112 -7.61421
-3.04569 -7.61421
-3.35025 -7.7665
-3.50254 -7.91878
-3.80711 -7.91878
-4.11168 -8.07107
-4.26396 -8.07107
-4.56853 -8.22335
-4.8731 -8.22335
-5.02538 -8.37563
-5.32995 -8.37563
-5.63452 -8.52792
-5.7868 -8.52792
-6.09137 -8.52792
-6.39594 -8.52792
-6.54822 -8.6802
-6.85279 -8.6802
-7.00508 -8.6802
-7.30964 -8.6802
-7.61421 -8.83249
-7.7665 -8.83249
-8.07107 -8.83249
-8.22335 -8.83249
-8.52792 -8.83249
-8.6802 -8.83249
-8.98477 -8.83249
-9.13706 -8.83249
-9.44162 -8.83249
-9.59391 -8.83249
-9.89848 -8.83249
-10.0508 -8.83249
-10.3553 -8.83249
-10.5076 -8.83249
-10.8122 -8.83249
-10.9645 -8.83249
-11.269 -8.83249
-11.4213 -8.83249
-11.5736 -8.83249
-11.8782 -8.83249
-12.0305 -8.83249
-12.335 -8.6802
-12.4873 -8.6802
-12.6396 -8.6802
-12.9442 -8.6802
-13.0964 -8.6802
-13.2487 -8.6802
-13.5533 -8.6802
-13.7056 -8.6802
-13.8579 -8.52792
-14.1624 -8.52792
-14.3147 -8.52792
-14.6193 -8.52792
-14.7716 -8.52792
-14.9239 -8.52792
-15.2284 -8.52792
-15.3807 -8.52792
-15.533 -8.52792
-15.8376 -8.37563
-15.9898 -8.37563
-16.2944 -8.37563
-16.4467 -8.37563
-16.599 -8.37563
-16.9036 -8.22335
-17.0558 -8.22335
-17.3604 -8.22335
-17.5127 -8.22335
-17.665 -8.07107
-17.9695 -8.07107
-18.1218 -8.07107
-18.4264 -7.91878
-18.5787 -7.91878
-18.731 -7.7665
-19.0355 -7.7665
-19.1878 -7.61421
-19.3401 -7.61421
-19.6447 -7.46193
-19.797 -7.30964
-19.9492 -7.30964
-20.1015 -7.15736
-20.4061 -7.00508
-20.5584 -7.00508
-20.7107 -6.85279
-20.8629 -6.70051
-21.1675 -6.54822
-21.3198 -6.39594
-21.4721 -6.24365
-21.6244 -6.09137
-21.7766 -5.93909
-22.0812 -5.93909
-22.2335 -5.7868
-22.3858 -5.63452
-22.5381 -5.48223
-22.6904 -5.32995
-22.8426 -5.17766
-22.9949 -5.02538
-23.1472 -4.8731
-23.2995 -4.72081
-23.4518 -4.41624
-23.7563 -4.26396
-23.9086 -4.11168
-24.0609 -3.95939
-24.2132 -3.80711
-24.3655 -3.65482
-24.5178 -3.50254
-24.6701 -3.35025
-24.8223 -3.04569
-24.9746 -2.8934
-25.1269 -2.74112
-25.2792 -2.58883
-25.4315 -2.28426
-25.5838 -2.13198
-25.736 -1.9797
-25.8883 -1.67513
-26.0406 -1.52284
-26.1929 -1.37056
-26.3452 -1.06599
-26.3452 -0.913706
-26.4975 -0.609137
-26.6497 -0.456853
-26.802 -0.152284
-26.802 0
-26.9543 0.304569
-26.9543 0.456853
-27.1066 0.761421
-27.1066 0.913706
-27.2589 1.21827
-27.2589 1.52284
-27.4112 1.67513
-27.4112 1.9797
-27.4112 2.28426
-27.4112 2.43655
-27.5635 2.74112
-27.5635 3.04569
-27.5635 3.19797
-27.5635 3.50254
-27.5635 3.80711
-27.5635 3.95939
-27.5635 4.26396
-27.5635 4.56853
-27.5635 4.72081
-27.5635 5.02538
-27.5635 5.32995
-27.5635 5.48223
-27.5635 5.7868
-27.4112 6.09137
-27.4112 6.39594
-27.4112 6.54822
-27.4112 6.85279
-27.4112 7.15736
-27.4112 7.30964
-27.2589 7.61421
-27.2589 7.91878
-27.2589 8.22335
-27.1066 8.37563
-27.1066 8.6802
-27.1066 8.98477
-26.9543 9.28934
-26.9543 9.44162
-26.802 9.74619
-26.802 10.0508
-26.6497 10.203
-26.6497 10.5076
-26.4975 10.8122
-26.3452 10.9645
-26.1929 11.269
-26.1929 11.5736
-26.0406 11.7259
-25.8883 12.0305
-25.736 12.1827
-25.5838 12.4873
-25.4315 12.6396
-25.2792 12.9442
-25.1269 13.0964
-24.9746 13.401
-24.8223 13.5533
-24.5178 13.7056
-24.3655 14.0102
-24.2132 14.1624
-23.9086 14.3147
-23.7563 14.467
-23.6041 14.6193
-23.2995 14.9239
-23.1472 15.0761
-22.8426 15.2284
-22.6904 15.3807
-22.3858 15.533
-22.2335 15.533
-21.9289 15.6853
-21.7766 15.8376
-21.4721 15.9898
-21.1675 16.1421
-21.0152 16.1421
-20.7107 16.2944
-20.4061 16.4467
-20.2538 16.4467
-19.9492 16.599
-19.6447 16.599
-19.4924 16.7513
-19.1878 16.7513
-18.8832 16.7513
-18.731 16.9036
-18.4264 16.9036
-18.1218 16.9036
-17.9695 17.0558
-17.665 17.0558
-17.3604 17.0558
-17.0558 17.0558
-16.9036 17.0558
-16.599 17.0558
-16.2944 17.0558
-16.1421 17.0558
-15.8376 17.0558
-15.533 17.0558
-15.3807 17.0558
-15.0761 17.0558
-14.7716 17.0558
-14.6193 16.9036
-14.3147 16.9036
-14.1624 16.9036
-13.8579 16.9036
-13.5533 16.7513
-13.401 16.7513
-13.0964 16.599
-12.9442 16.599
-12.6396 16.599
-12.4873 16.4467
-12.1827 16.4467
-12.0305 16.2944
-11.7259 16.2944
-11.5736 16.1421
-11.269 16.1421
-11.1168 15.9898
-10.8122 15.8376
-10.6599 15.8376
-10.5076 15.6853
-10.203 15.6853
-10.0508 15.533
-9.89848 15.3807
-9.59391 15.3807
-9.44162 15.2284
-9.28934 15.0761
-8.98477 15.0761
-8.83249 14.9239
-8.6802 14.7716
-8.52792 14.7716
-8.22335 14.6193
-8.07107 14.467
-7.91878 14.467
-7.7665 14.3147
-7.61421 14.1624
-7.30964 14.1624
-7.15736 14.0102
-7.00508 13.8579
-6.85279 13.7056
-6.70051 13.7056
-6.54822 13.5533
-6.24365 13.401
-6.09137 13.2487
-5.93909 13.0964
-5.7868 12.9442
-5.63452 12.9442
-5.48223 12.7919
-5.32995 12.6396
-5.17766 12.4873
-5.02538 12.335
-4.8731 12.1827
-4.72081 12.0305
-4.56853 11.8782
-4.41624 11.7259
-4.26396 11.5736
-4.11168 11.4213
-3.95939 11.269
-3.80711 11.1168
-3.65482 10.9645
-3.50254 10.8122
-3.35025 10.6599
-3.19797 10.5076
-3.04569 10.3553
-3.04569 10.203
-2.8934 10.0508
-2.74112 9.89848
-2.58883 9.74619
-2.43655 9.59391
-2.28426 9.28934
-2.13198 9.13706
-1.9797 8.98477
-1.82741 8.83249
-1.67513 8.6802
-1.52284 8.52792
-1.37056 8.37563
-1.37056 8.22335
-1.21827 7.91878
-1.06599 7.7665
-0.913706 7.61421
-0.761421 7.46193
-0.609137 7.30964
-0.304569 7.00508
-0.152284 6.85279
0 6.70051
0.152284 6.54822
0.304569 6.24365
0.304569 6.09137
0.456853 5.7868
0.609137 5.63452
0.761421 5.48223
0.913706 5.17766
1.06599 5.02538
1.21827 4.72081
1.37056 4.41624
1.37056 4.26396
1.52284 3.95939
1.67513 3.80711
1.67513 3.50254
