2.8934 3.04569
3.19797 2.74112
3.35025 2.58883
3.50254 2.28426
3.80711 1.9797
3.95939 1.67513
4.11168 1.37056
4.41624 1.06599
4.56853 0.761421
4.72081 0.304569
4.8731 0
5.17766 -0.304569
5.32995 -0.609137
5.48223 -1.06599
5.63452 -1.37056
5.63452 -1.82741
5.7868 -2.13198
5.93909 -2.43655
5.93909 -2.8934
5.93909 -3.19797
5.93909 -3.65482
5.93909 -3.95939
5.93909 -4.26396
5.93909 -4.72081
5.7868 -5.02538
5.63452 -5.32995
5.48223 -5.63452
5.32995 -5.93909
5.17766 -6.24365
4.8731 -6.54822
4.72081 -6.70051
4.41624 -7.00508
4.11168 -7.15736
3.80711 -7.46193
3.50254 -7.61421
3.19797 -7.7665
2.8934 -7.91878
2.58883 -8.07107
2.13198 -8.22335
1.82741 -8.37563
1.52284 -8.52792
1.06599 -8.52792
0.761421 -8.6802
0.304569 -8.6802
0 -8.83249
-0.304569 -8.83249
-0.761421 -8.98477
-1.06599 -8.98477
-1.37056 -8.98477
-1.82741 -9.13706
-2.13198 -9.13706
-2.43655 -9.13706
-2.74112 -9.13706
-3.04569 -9.13706
-3.35025 -9.28934
-3.65482 -9.28934
-3.95939 -9.28934
-4.26396 -9.28934
-4.56853 -9.28934
-4.8731 -9.28934
-5.17766 -9.28934
-5.48223 -9.28934
-5.7868 -9.28934
-5.93909 -9.28934
-6.24365 -9.28934
-6.54822 -9.28934
-6.85279 -9.28934
-7.00508 -9.28934
-7.30964 -9.28934
-7.61421 -9.28934
-7.7665 -9.28934
-8.07107 -9.28934
-8.37563 -9.28934
-8.52792 -9.28934
-8.83249 -9.13706
-8.98477 -9.13706
-9.28934 -9.13706
-9.44162 -9.13706
-9.74619 -9.13706
-9.89848 -9.13706
-10.203 -8.98477
-10.3553 -8.98477
-10.6599 -8.98477
-10.8122 -8.98477
-11.1168 -8.98477
-11.269 -8.83249
-11.4213 -8.83249
-11.7259 -8.83249
-11.8782 -8.83249
-12.0305 -8.83249
-12.335 -8.6802
-12.4873 -8.6802
-12.6396 -8.6802
-12.9442 -8.6802
-13.0964 -8.6802
-13.401 -8.6802
-13.5533 -8.6802
-13.7056 -8.52792
-14.0102 -8.52792
-14.1624 -8.52792
-14.3147 -8.52792
-14.6193 -8.52792
-14.7716 -8.52792
-14.9239 -8.52792
-15.2284 -8.52792
-15.3807 -8.52792
-15.533 -8.37563
-15.8376 -8.37563
-15.9898 -8.37563
-16.2944 -8.37563
-16.4467 -8.37563
-16.599 -8.37563
-16.9036 -8.22335
-17.0558 -8.22335
-17.3604 -8.22335
-17.5127 -8.22335
-17.8173 -8.07107
-17.9695 -8.07107
-18.1218 -7.91878
-18.4264 -7.91878
-18.5787 -7.91878
-18.8832 -7.7665
-19.0355 -7.7665
-19.1878 -7.61421
-19.4924 -7.46193
-19.6447 -7.46193
-19.797 -7.30964
-20.1015 -7.15736
-20.2538 -7.15736
-20.4061 -7.00508
-20.7107 -6.85279
-20.8629 -6.70051
-21.0152 -6.70051
-21.1675 -6.54822
-21.4721 -6.39594
-21.6244 -6.24365
-21.7766 -6.09137
-21.9289 -5.93909
-22.2335 -5.7868
-22.3858 -5.63452
-22.5381 -5.48223
-22.6904 -5.32995
-22.8426 -5.17766
-22.9949 -5.02538
-23.2995 -4.8731
-23.4518 -4.72081
-23.6041 -4.56853
-23.7563 -4.41624
-23.9086 -4.26396
-24.0609 -4.11168
-24.3655 -3.80711
-24.5178 -3.65482
-24.6701 -3.50254
-24.8223 -3.35025
-24.9746 -3.04569
-25.1269 -2.8934
-25.2792 -2.74112
-25.4315 -2.58883
-25.5838 -2.28426
-25.736 -2.13198
-25.8883 -1.82741
-26.0406 -1.67513
-26.1929 -1.37056
-26.3452 -1.21827
-26.3452 -0.913706
-26.4975 -0.761421
-26.6497 -0.456853
-26.802 -0.304569
-26.802 0
-26.9543 0.152284
-26.9543 0.456853
-27.1066 0.761421
-27.1066 0.913706
-27.2589 1.21827
-27.2589 1.52284
-27.2589 1.82741
-27.4112 1.9797
-27.4112 2.28426
-27.4112 2.58883
-27.4112 2.74112
-27.4112 3.04569
-27.4112 3.35025
-27.5635 3.65482
-27.5635 3.80711
-27.5635 4.11168
-27.5635 4.41624
-27.5635 4.72081
-27.4112 4.8731
-27.4112 5.17766
-27.4112 5.48223
-27.4112 5.7868
-27.4112 5.93909
-27.4112 6.24365
-27.4112 6.54822
-27.2589 6.85279
-27.2589 7.00508
-27.2589 7.30964
-27.2589 7.61421
-27.1066 7.91878
-27.1066 8.22335
-27.1066 8.37563
-26.9543 8.6802
-26.9543 8.98477
-26.802 9.28934
-26.802 9.44162
-26.6497 9.74619
-26.6497 10.0508
-26.4975 10.3553
-26.3452 10.5076
-26.3452 10.8122
-26.1929 11.1168
-26.0406 11.269
-25.8883 11.5736
-25.8883 11.8782
-25.736 12.0305
-25.5838 12.335
-25.4315 12.6396
-25.2792 12.7919
-25.1269 13.0964
-24.9746 13.2487
-24.6701 13.5533
-24.5178 13.7056
-24.3655 13.8579
-24.2132 14.1624
-23.9086 14.3147
-23.7563 14.467
-23.6041 14.7716
-23.2995 14.9239
-23.1472 15.0761
-22.8426 15.2284
-22.6904 15.3807
-22.3858 15.533
-22.2335 15.6853
-21.9289 15.8376
-21.7766 15.9898
-21.4721 16.1421
-21.1675 16.2944
-21.0152 16.4467
-20.7107 16.4467
-20.4061 16.599
-20.2538 16.7513
-19.9492 16.7513
-19.6447 16.9036
-19.3401 16.9036
-19.1878 17.0558
-18.8832 17.0558
-18.5787 17.2081
-18.2741 17.2081
-18.1218 17.2081
-17.8173 17.3604
-17.5127 17.3604
-17.2081 17.3604
-16.9036 17.3604
-16.7513 17.3604
-16.4467 17.3604
-16.1421 17.3604
-15.8376 17.3604
-15.6853 17.3604
-15.3807 17.3604
-15.0761 17.3604
-14.7716 17.3604
-14.6193 17.3604
-14.3147 17.2081
-14.0102 17.2081
-13.8579 17.2081
-13.5533 17.0558
-13.2487 17.0558
-13.0964 16.9036
-12.7919 16.9036
-12.4873 16.7513
-12.335 16.7513
-12.0305 16.599
-11.8782 16.599
-11.5736 16.4467
-11.4213 16.2944
-11.1168 16.2944
-10.9645 16.1421
-10.6599 15.9898
-10.5076 15.9898
-10.3553 15.8376
-10.0508 15.6853
-9.89848 15.533
-9.59391 15.533
-9.44162 15.3807
-9.28934 15.2284
-9.13706 15.0761
-8.83249 15.0761
-8.6802 14.9239
-8.52792 14.7716
-8.37563 14.6193
-8.07107 14.6193
-7.91878 14.467
-7.7665 14.3147
-7.61421 14.1624
-7.46193 14.0102
-7.15736 14.0102
-7.00508 13.8579
-6.85279 13.7056
-6.70051 13.5533
-6.54822 13.5533
-6.39594 13.401
-6.24365 13.2487
-6.09137 13.0964
-5.7868 12.9442
-5.63452 12.9442
-5.48223 12.7919
-5.32995 12.6396
-5.17766 12.4873
-5.02538 12.335
-4.8731 12.1827
-4.72081 12.0305
-4.56853 11.8782
-4.41624 11.7259
-4.26396 11.5736
-4.11168 11.4213
-4.11168 11.269
-3.95939 11.1168
-3.80711 10.9645
-3.65482 10.8122
-3.50254 10.6599
-3.35025 10.5076
-3.19797 10.3553
-3.19797 10.203
-3.04569 10.0508
-2.8934 9.89848
-2.74112 9.74619
-2.58883 9.59391
-2.43655 9.44162
-2.28426 9.28934
-2.28426 9.13706
-2.13198 8.98477
-1.9797 8.83249
-1.82741 8.6802
-1.52284 8.52792
-1.37056 8.37563
-1.21827 8.22335
-1.06599 8.07107
-0.913706 7.91878
-0.761421 7.7665
-0.456853 7.61421
-0.304569 7.46193
0 7.30964
0.152284 7.15736
0.304569 7.00508
0.609137 6.70051
0.761421 6.54822
1.06599 6.39594
1.21827 6.24365
1.52284 5.93909
1.67513 5.7868
1.82741 5.63452
2.13198 5.32995
2.28426 5.17766
2.43655 4.8731
2.74112 4.56853
2.8934 4.41624
3.04569 4.11168
3.19797 3.80711
3.35025 3.65482
3.50254 3.35025
