1.9797 3.19797
2.13198 3.04569
2.28426 2.74112
2.43655 2.43655
2.43655 2.13198
2.58883 1.82741
2.74112 1.67513
2.74112 1.37056
2.74112 1.06599
2.74112 0.761421
2.8934 0.456853
2.8934 0.152284
2.8934 -0.152284
2.74112 -0.304569
2.74112 -0.609137
2.74112 -0.913706
2.74112 -1.21827
2.58883 -1.52284
2.58883 -1.67513
2.43655 -1.9797
2.28426 -2.28426
2.28426 -2.58883
2.13198 -2.74112
1.9797 -3.04569
1.82741 -3.35025
1.67513 -3.50254
1.52284 -3.80711
1.37056 -3.95939
1.21827 -4.26396
1.06599 -4.41624
0.913706 -4.72081
0.761421 -4.8731
0.456853 -5.02538
0.304569 -5.32995
0.152284 -5.48223
-0.152284 -5.63452
-0.304569 -5.7868
-0.456853 -6.09137
-0.761421 -6.24365
-0.913706 -6.39594
-1.21827 -6.54822
-1.37056 -6.70051
-1.67513 -6.85279
-1.82741 -7.00508
-2.13198 -7.15736
-2.28426 -7.30964
-2.58883 -7.46193
-2.74112 -7.46193
-3.04569 -7.61421
-3.19797 -7.7665
-3.50254 -7.91878
-3.65482 -7.91878
-3.95939 -8.07107
-4.26396 -8.22335
-4.41624 -8.22335
-4.72081 -8.37563
-4.8731 -8.37563
-5.17766 -8.52792
-5.48223 -8.52792
-5.63452 -8.6802
-5.93909 -8.6802
-6.09137 -8.6802
-6.39594 -8.83249
-6.70051 -8.83249
-6.85279 -8.83249
-7.15736 -8.98477
-7.30964 -8.98477
-7.61421 -8.98477
-7.91878 -8.98477
-8.07107 -8.98477
-8.37563 -8.98477
-8.52792 -9.13706
-8.83249 -9.13706
-8.98477 -9.13706
-9.28934 -9.13706
-9.44162 -9.13706
-9.74619 -9.13706
-9.89848 -9.13706
-10.203 -9.13706
-10.3553 -8.98477
-10.6599 -8.98477
-10.8122 -8.98477
-11.1168 -8.98477
-11.269 -8.98477
-11.5736 -8.98477
-11.7259 -8.98477
-11.8782 -8.83249
-12.1827 -8.83249
-12.335 -8.83249
-12.6396 -8.83249
-12.7919 -8.83249
-12.9442 -8.6802
-13.2487 -8.6802
-13.401 -8.6802
-13.7056 -8.6802
-13.8579 -8.6802
-14.0102 -8.6802
-14.3147 -8.52792
-14.467 -8.52792
-14.6193 -8.52792
-14.9239 -8.52792
-15.0761 -8.52792
-15.2284 -8.52792
-15.533 -8.37563
-15.6853 -8.37563
-15.9898 -8.37563
-16.1421 -8.37563
-16.2944 -8.37563
-16.599 -8.37563
-16.7513 -8.22335
-16.9036 -8.22335
-17.2081 -8.22335
-17.3604 -8.22335
-17.665 -8.07107
-17.8173 -8.07107
-17.9695 -8.07107
-18.2741 -7.91878
-18.4264 -7.91878
-18.731 -7.7665
-18.8832 -7.7665
-19.0355 -7.61421
-19.3401 -7.61421
-19.4924 -7.46193
-19.6447 -7.46193
-19.9492 -7.30964
-20.1015 -7.15736
-20.2538 -7.15736
-20.5584 -7.00508
-20.7107 -6.85279
-20.8629 -6.70051
-21.0152 -6.54822
-21.3198 -6.54822
-21.4721 -6.39594
-21.6244 -6.24365
-21.7766 -6.09137
-21.9289 -5.93909
-22.2335 -5.7868
-22.3858 -5.63452
-22.5381 -5.48223
-22.6904 -5.32995
-22.8426 -5.17766
-22.9949 -5.02538
-23.1472 -4.8731
-23.4518 -4.72081
-23.6041 -4.56853
-23.7563 -4.41624
-23.9086 -4.26396
-24.0609 -4.11168
-24.2132 -3.95939
-24.3655 -3.65482
-24.5178 -3.50254
-24.6701 -3.35025
-24.8223 -3.19797
-24.9746 -3.04569
-25.1269 -2.74112
-25.2792 -2.58883
-25.4315 -2.43655
-25.5838 -2.28426
-25.736 -1.9797
-25.8883 -1.82741
-26.0406 -1.52284
-26.1929 -1.37056
-26.3452 -1.21827
-26.3452 -0.913706
-26.4975 -0.761421
-26.6497 -0.456853
-26.802 -0.304569
-26.802 0
-26.9543 0.304569
-26.9543 0.456853
-27.1066 0.761421
-27.1066 0.913706
-27.2589 1.21827
-27.2589 1.52284
-27.4112 1.67513
-27.4112 1.9797
-27.4112 2.28426
-27.5635 2.43655
-27.5635 2.74112
-27.5635 3.04569
-27.5635 3.19797
-27.5635 3.50254
-27.5635 3.80711
-27.5635 3.95939
-27.5635 4.26396
-27.7157 4.56853
-27.5635 4.72081
-27.5635 5.02538
-27.5635 5.32995
-27.5635 5.63452
-27.5635 5.7868
-27.5635 6.09137
-27.5635 6.39594
-27.5635 6.70051
-27.4112 6.85279
-27.4112 7.15736
-27.4112 7.46193
-27.4112 7.61421
-27.2589 7.91878
-27.2589 8.22335
-27.2589 8.52792
-27.1066 8.6802
-27.1066 8.98477
-26.9543 9.28934
-26.9543 9.59391
-26.802 9.74619
-26.802 10.0508
-26.6497 10.3553
-26.6497 10.5076
-26.4975 10.8122
-26.3452 11.1168
-26.1929 11.269
-26.1929 11.5736
-26.0406 11.7259
-25.8883 12.0305
-25.736 12.335
-25.5838 12.4873
-25.4315 12.7919
-25.2792 12.9442
-25.1269 13.2487
-24.9746 13.401
-24.6701 13.5533
-24.5178 13.8579
-24.3655 14.0102
-24.2132 14.1624
-23.9086 14.3147
-23.7563 14.6193
-23.6041 14.7716
-23.2995 14.9239
-23.1472 15.0761
-22.8426 15.2284
-22.6904 15.3807
-22.3858 15.533
-22.2335 15.6853
-21.9289 15.8376
-21.6244 15.9898
-21.4721 15.9898
-21.1675 16.1421
-21.0152 16.2944
-20.7107 16.4467
-20.4061 16.4467
-20.2538 16.599
-19.9492 16.599
-19.6447 16.7513
-19.4924 16.7513
-19.1878 16.9036
-18.8832 16.9036
-18.5787 16.9036
-18.4264 17.0558
-18.1218 17.0558
-17.8173 17.0558
-17.5127 17.0558
-17.3604 17.2081
-17.0558 17.2081
-16.7513 17.2081
-16.599 17.2081
-16.2944 17.2081
-15.9898 17.2081
-15.6853 17.2081
-15.533 17.2081
-15.2284 17.0558
-14.9239 17.0558
-14.7716 17.0558
-14.467 17.0558
-14.3147 17.0558
-14.0102 16.9036
-13.7056 16.9036
-13.5533 16.9036
-13.2487 16.7513
-13.0964 16.7513
-12.7919 16.7513
-12.6396 16.599
-12.335 16.599
-12.0305 16.4467
-11.8782 16.4467
-11.7259 16.4467
-11.4213 16.2944
-11.269 16.1421
-10.9645 16.1421
-10.8122 15.9898
-10.5076 15.9898
-10.3553 15.8376
-10.203 15.8376
-9.89848 15.6853
-9.74619 15.533
-9.59391 15.533
-9.28934 15.3807
-9.13706 15.2284
-8.98477 15.2284
-8.6802 15.0761
-8.52792 14.9239
-8.37563 14.7716
-8.22335 14.7716
-7.91878 14.6193
-7.7665 14.467
-7.61421 14.3147
-7.46193 14.1624
-7.30964 14.1624
-7.15736 14.0102
-6.85279 13.8579
-6.70051 13.7056
-6.54822 13.5533
-6.39594 13.401
-6.24365 13.401
-6.09137 13.2487
-5.93909 13.0964
-5.7868 12.9442
-5.63452 12.7919
-5.48223 12.6396
-5.32995 12.4873
-5.17766 12.335
-5.02538 12.1827
-4.8731 12.0305
-4.72081 11.8782
-4.56853 11.8782
-4.41624 11.7259
-4.26396 11.5736
-4.11168 11.4213
-3.95939 11.269
-3.80711 11.1168
-3.65482 10.9645
-3.50254 10.8122
-3.35025 10.6599
-3.19797 10.5076
-3.04569 10.3553
-2.8934 10.203
-2.74112 10.0508
-2.58883 9.89848
-2.43655 9.74619
-2.28426 9.44162
-2.28426 9.28934
-2.13198 9.13706
-1.9797 8.98477
-1.82741 8.83249
-1.67513 8.6802
-1.52284 8.52792
-1.37056 8.37563
-1.21827 8.22335
-1.06599 7.91878
-0.913706 7.7665
-0.761421 7.61421
-0.609137 7.46193
-0.456853 7.30964
-0.304569 7.00508
-0.152284 6.85279
0 6.70051
0.152284 6.39594
0.304569 6.24365
0.304569 6.09137
0.456853 5.7868
0.609137 5.63452
0.761421 5.32995
0.913706 5.17766
1.06599 4.8731
1.21827 4.72081
1.21827 4.41624
1.37056 4.26396
1.52284 3.95939
1.67513 3.80711
1.67513 3.50254
