1.67513 3.35025
2.13198 3.19797
2.43655 2.8934
2.74112 2.58883
3.04569 2.28426
3.19797 1.9797
3.50254 1.67513
3.65482 1.37056
3.65482 1.06599
3.80711 0.761421
3.80711 0.456853
3.95939 0.152284
3.95939 -0.152284
3.95939 -0.456853
3.80711 -0.761421
3.80711 -1.06599
3.65482 -1.37056
3.65482 -1.67513
3.50254 -1.82741
3.35025 -2.13198
3.19797 -2.43655
3.04569 -2.74112
2.8934 -2.8934
2.74112 -3.19797
2.58883 -3.50254
2.28426 -3.65482
2.13198 -3.95939
1.9797 -4.11168
1.67513 -4.41624
1.52284 -4.56853
1.37056 -4.72081
1.06599 -5.02538
0.913706 -5.17766
0.609137 -5.32995
0.456853 -5.63452
0.152284 -5.7868
0 -5.93909
-0.304569 -6.09137
-0.456853 -6.24365
-0.761421 -6.39594
-1.06599 -6.54822
-1.21827 -6.70051
-1.52284 -6.85279
-1.67513 -7.00508
-1.9797 -7.15736
-2.28426 -7.30964
-2.43655 -7.46193
-2.74112 -7.46193
-2.8934 -7.61421
-3.19797 -7.7665
-3.50254 -7.91878
-3.65482 -7.91878
-3.95939 -8.07107
-4.11168 -8.22335
-4.41624 -8.22335
-4.72081 -8.37563
-4.8731 -8.37563
-5.17766 -8.52792
-5.48223 -8.52792
-5.63452 -8.6802
-5.93909 -8.6802
-6.09137 -8.83249
-6.39594 -8.83249
-6.70051 -8.83249
-6.85279 -8.98477
-7.15736 -8.98477
-7.30964 -8.98477
-7.61421 -9.13706
-7.91878 -9.13706
-8.07107 -9.13706
-8.37563 -9.13706
-8.52792 -9.13706
-8.83249 -9.13706
-8.98477 -9.13706
-9.28934 -9.13706
-9.59391 -9.13706
-9.74619 -9.13706
-10.0508 -9.13706
-10.203 -9.13706
-10.5076 -9.13706
-10.6599 -9.13706
-10.9645 -9.13706
-11.1168 -9.13706
-11.4213 -8.98477
-11.5736 -8.98477
-11.8782 -8.98477
-12.0305 -8.98477
-12.335 -8.98477
-12.4873 -8.83249
-12.6396 -8.83249
-12.9442 -8.83249
-13.0964 -8.83249
-13.401 -8.6802
-13.5533 -8.6802
-13.7056 -8.6802
-14.0102 -8.6802
-14.1624 -8.52792
-14.3147 -8.52792
-14.6193 -8.52792
-14.7716 -8.52792
-15.0761 -8.52792
-15.2284 -8.37563
-15.3807 -8.37563
-15.6853 -8.37563
-15.8376 -8.37563
-15.9898 -8.37563
-16.2944 -8.22335
-16.4467 -8.22335
-16.7513 -8.22335
-16.9036 -8.22335
-17.0558 -8.07107
-17.3604 -8.07107
-17.5127 -8.07107
-17.8173 -7.91878
-17.9695 -7.91878
-18.1218 -7.91878
-18.4264 -7.7665
-18.5787 -7.7665
-18.731 -7.61421
-19.0355 -7.61421
-19.1878 -7.46193
-19.4924 -7.46193
-19.6447 -7.30964
-19.797 -7.30964
-20.1015 -7.15736
-20.2538 -7.00508
-20.4061 -6.85279
-20.5584 -6.85279
-20.8629 -6.70051
-21.0152 -6.54822
-21.1675 -6.39594
-21.3198 -6.39594
-21.6244 -6.24365
-21.7766 -6.09137
-21.9289 -5.93909
-22.0812 -5.7868
-22.2335 -5.63452
-22.5381 -5.48223
-22.6904 -5.32995
-22.8426 -5.17766
-22.9949 -5.02538
-23.1472 -4.8731
-23.2995 -4.72081
-23.4518 -4.56853
-23.7563 -4.41624
-23.9086 -4.26396
-24.0609 -4.11168
-24.2132 -3.95939
-24.3655 -3.65482
-24.5178 -3.50254
-24.6701 -3.35025
-24.8223 -3.19797
-24.9746 -3.04569
-25.1269 -2.74112
-25.2792 -2.58883
-25.4315 -2.43655
-25.5838 -2.28426
-25.736 -1.9797
-25.8883 -1.82741
-26.0406 -1.67513
-26.1929 -1.37056
-26.3452 -1.21827
-26.3452 -0.913706
-26.4975 -0.761421
-26.6497 -0.456853
-26.802 -0.304569
-26.802 0
-26.9543 0.152284
-26.9543 0.456853
-27.1066 0.609137
-27.1066 0.913706
-27.2589 1.21827
-27.2589 1.37056
-27.4112 1.67513
-27.4112 1.82741
-27.4112 2.13198
-27.5635 2.43655
-27.5635 2.58883
-27.5635 2.8934
-27.5635 3.19797
-27.5635 3.35025
-27.5635 3.65482
-27.5635 3.95939
-27.7157 4.26396
-27.7157 4.41624
-27.7157 4.72081
-27.5635 5.02538
-27.5635 5.17766
-27.5635 5.48223
-27.5635 5.7868
-27.5635 5.93909
-27.5635 6.24365
-27.5635 6.54822
-27.5635 6.85279
-27.4112 7.00508
-27.4112 7.30964
-27.4112 7.61421
-27.4112 7.7665
-27.2589 8.07107
-27.2589 8.37563
-27.2589 8.6802
-27.1066 8.83249
-27.1066 9.13706
-26.9543 9.44162
-26.9543 9.59391
-26.802 9.89848
-26.802 10.203
-26.6497 10.5076
-26.6497 10.6599
-26.4975 10.9645
-26.3452 11.269
-26.1929 11.4213
-26.1929 11.7259
-26.0406 11.8782
-25.8883 12.1827
-25.736 12.335
-25.5838 12.6396
-25.4315 12.7919
-25.2792 13.0964
-25.1269 13.2487
-24.9746 13.5533
-24.8223 13.7056
-24.5178 13.8579
-24.3655 14.1624
-24.2132 14.3147
-23.9086 14.467
-23.7563 14.6193
-23.6041 14.9239
-23.2995 15.0761
-23.1472 15.2284
-22.8426 15.3807
-22.6904 15.533
-22.3858 15.6853
-22.2335 15.8376
-21.9289 15.8376
-21.7766 15.9898
-21.4721 16.1421
-21.3198 16.2944
-21.0152 16.2944
-20.7107 16.4467
-20.5584 16.599
-20.2538 16.599
-19.9492 16.7513
-19.6447 16.7513
-19.4924 16.9036
-19.1878 16.9036
-18.8832 16.9036
-18.731 17.0558
-18.4264 17.0558
-18.1218 17.0558
-17.8173 17.0558
-17.665 17.0558
-17.3604 17.0558
-17.0558 17.0558
-16.9036 17.0558
-16.599 17.0558
-16.2944 17.0558
-16.1421 17.0558
-15.8376 17.0558
-15.533 17.0558
-15.3807 17.0558
-15.0761 17.0558
-14.7716 17.0558
-14.6193 16.9036
-14.3147 16.9036
-14.1624 16.9036
-13.8579 16.9036
-13.5533 16.7513
-13.401 16.7513
-13.0964 16.7513
-12.9442 16.599
-12.6396 16.599
-12.4873 16.599
-12.1827 16.4467
-12.0305 16.4467
-11.7259 16.2944
-11.5736 16.2944
-11.269 16.1421
-11.1168 16.1421
-10.9645 15.9898
-10.6599 15.9898
-10.5076 15.8376
-10.203 15.8376
-10.0508 15.6853
-9.89848 15.6853
-9.59391 15.533
-9.44162 15.3807
-9.28934 15.3807
-9.13706 15.2284
-8.83249 15.0761
-8.6802 15.0761
-8.52792 14.9239
-8.37563 14.7716
-8.07107 14.6193
-7.91878 14.6193
-7.7665 14.467
-7.61421 14.3147
-7.46193 14.1624
-7.30964 14.0102
-7.00508 14.0102
-6.85279 13.8579
-6.70051 13.7056
-6.54822 13.5533
-6.39594 13.401
-6.24365 13.2487
-6.09137 13.0964
-5.93909 13.0964
-5.7868 12.9442
-5.63452 12.7919
-5.48223 12.6396
-5.32995 12.4873
-5.17766 12.335
-5.02538 12.1827
-4.8731 12.0305
-4.72081 11.8782
-4.56853 11.7259
-4.41624 11.5736
-4.26396 11.5736
-4.11168 11.4213
-3.95939 11.269
-3.80711 11.1168
-3.65482 10.9645
-3.50254 10.8122
-3.35025 10.6599
-3.19797 10.5076
-3.04569 10.3553
-2.8934 10.203
-2.74112 10.0508
-2.58883 9.89848
-2.43655 9.74619
-2.28426 9.59391
-2.13198 9.44162
-1.9797 9.28934
-1.82741 8.98477
-1.67513 8.83249
-1.52284 8.6802
-1.37056 8.52792
-1.21827 8.37563
-1.21827 8.22335
-1.06599 7.91878
-0.913706 7.7665
-0.761421 7.61421
-0.609137 7.46193
-0.456853 7.15736
-0.304569 7.00508
-0.152284 6.85279
0 6.70051
0 6.39594
0.152284 6.24365
0.304569 5.93909
0.456853 5.7868
0.609137 5.63452
0.761421 5.32995
0.913706 5.17766
1.06599 4.8731
1.21827 4.72081
1.21827 4.41624
1.37056 4.11168
1.52284 3.95939
1.67513 3.65482
