1.67513 3.50254
1.9797 3.19797
2.28426 2.8934
2.58883 2.58883
2.8934 2.28426
3.04569 2.13198
3.19797 1.82741
3.35025 1.52284
3.50254 1.21827
3.65482 0.913706
3.65482 0.609137
3.65482 0.304569
3.65482 0
3.65482 -0.304569
3.65482 -0.609137
3.65482 -0.913706
3.50254 -1.21827
3.35025 -1.52284
3.35025 -1.82741
3.19797 -1.9797
3.04569 -2.28426
2.8934 -2.58883
2.74112 -2.8934
2.58883 -3.04569
2.43655 -3.35025
2.13198 -3.50254
1.9797 -3.80711
1.82741 -3.95939
1.67513 -4.26396
1.37056 -4.41624
1.21827 -4.72081
1.06599 -4.8731
0.761421 -5.02538
0.609137 -5.32995
0.456853 -5.48223
0.152284 -5.63452
0 -5.7868
-0.304569 -5.93909
-0.456853 -6.24365
-0.761421 -6.39594
-0.913706 -6.54822
-1.21827 -6.70051
-1.37056 -6.85279
-1.67513 -7.00508
-1.82741 -7.15736
-2.13198 -7.15736
-2.43655 -7.30964
-2.58883 -7.46193
-2.8934 -7.61421
-3.04569 -7.7665
-3.35025 -7.7665
-3.65482 -7.91878
-3.80711 -8.07107
-4.11168 -8.07107
-4.26396 -8.22335
-4.56853 -8.37563
-4.8731 -8.37563
-5.02538 -8.52792
-5.32995 -8.52792
-5.48223 -8.6802
-5.7868 -8.6802
-6.09137 -8.6802
-6.24365 -8.83249
-6.54822 -8.83249
-6.85279 -8.83249
-7.00508 -8.98477
-7.30964 -8.98477
-7.46193 -8.98477
-7.7665 -8.98477
-8.07107 -9.13706
-8.22335 -9.13706
-8.52792 -9.13706
-8.6802 -9.13706
-8.98477 -9.13706
-9.13706 -9.13706
-9.44162 -9.13706
-9.74619 -9.13706
-9.89848 -9.13706
-10.203 -9.13706
-10.3553 -9.13706
-10.6599 -9.13706
-10.8122 -8.98477
-11.1168 -8.98477
-11.269 -8.98477
-11.5736 -8.98477
-11.7259 -8.98477
-11.8782 -8.98477
-12.1827 -8.83249
-12.335 -8.83249
-12.6396 -8.83249
-12.7919 -8.83249
-13.0964 -8.6802
-13.2487 -8.6802
-13.401 -8.6802
-13.7056 -8.6802
-13.8579 -8.6802
-14.0102 -8.52792
-14.3147 -8.52792
-14.467 -8.52792
-14.7716 -8.52792
-14.9239 -8.52792
-15.0761 -8.37563
-15.3807 -8.37563
-15.533 -8.37563
-15.6853 -8.37563
-15.9898 -8.37563
-16.1421 -8.22335
-16.4467 -8.22335
-16.599 -8.22335
-16.7513 -8.22335
-17.0558 -8.07107
-17.2081 -8.07107
-17.5127 -8.07107
-17.665 -8.07107
-17.8173 -7.91878
-18.1218 -7.91878
-18.2741 -7.7665
-18.5787 -7.7665
-18.731 -7.61421
-18.8832 -7.61421
-19.1878 -7.46193
-19.3401 -7.46193
-19.4924 -7.30964
-19.797 -7.30964
-19.9492 -7.15736
-20.1015 -7.00508
-20.4061 -7.00508
-20.5584 -6.85279
-20.7107 -6.70051
-20.8629 -6.54822
-21.1675 -6.39594
-21.3198 -6.39594
-21.4721 -6.24365
-21.6244 -6.09137
-21.9289 -5.93909
-22.0812 -5.7868
-22.2335 -5.63452
-22.3858 -5.48223
-22.5381 -5.32995
-22.6904 -5.17766
-22.9949 -5.02538
-23.1472 -4.8731
-23.2995 -4.72081
-23.4518 -4.56853
-23.6041 -4.41624
-23.7563 -4.26396
-23.9086 -4.11168
-24.0609 -3.95939
-24.3655 -3.65482
-24.5178 -3.50254
-24.6701 -3.35025
-24.8223 -3.19797
-24.9746 -3.04569
-25.1269 -2.74112
-25.2792 -2.58883
-25.4315 -2.43655
-25.5838 -2.28426
-25.736 -1.9797
-25.8883 -1.82741
-26.0406 -1.67513
-26.1929 -1.37056
-26.3452 -1.21827
-26.3452 -0.913706
-26.4975 -0.761421
-26.6497 -0.456853
-26.802 -0.304569
-26.802 0
-26.9543 0.152284
-27.1066 0.456853
-27.1066 0.609137
-27.2589 0.913706
-27.2589 1.21827
-27.4112 1.37056
-27.4112 1.67513
-27.4112 1.9797
-27.5635 2.13198
-27.5635 2.43655
-27.5635 2.74112
-27.5635 2.8934
-27.5635 3.19797
-27.7157 3.50254
-27.7157 3.65482
-27.7157 3.95939
-27.7157 4.26396
-27.7157 4.56853
-27.7157 4.72081
-27.7157 5.02538
-27.7157 5.32995
-27.5635 5.48223
-27.5635 5.7868
-27.5635 6.09137
-27.5635 6.39594
-27.5635 6.54822
-27.5635 6.85279
-27.4112 7.15736
-27.4112 7.30964
-27.4112 7.61421
-27.4112 7.91878
-27.2589 8.22335
-27.2589 8.37563
-27.2589 8.6802
-27.1066 8.98477
-27.1066 9.28934
-26.9543 9.44162
-26.9543 9.74619
-26.802 10.0508
-26.802 10.203
-26.6497 10.5076
-26.6497 10.8122
-26.4975 10.9645
-26.3452 11.269
-26.1929 11.5736
-26.1929 11.7259
-26.0406 12.0305
-25.8883 12.335
-25.736 12.4873
-25.5838 12.7919
-25.4315 12.9442
-25.2792 13.2487
-25.1269 13.401
-24.9746 13.5533
-24.6701 13.8579
-24.5178 14.0102
-24.3655 14.1624
-24.2132 14.467
-23.9086 14.6193
-23.7563 14.7716
-23.6041 14.9239
-23.2995 15.0761
-23.1472 15.2284
-22.8426 15.3807
-22.6904 15.533
-22.3858 15.6853
-22.0812 15.8376
-21.9289 15.9898
-21.6244 16.1421
-21.4721 16.1421
-21.1675 16.2944
-20.8629 16.4467
-20.7107 16.4467
-20.4061 16.599
-20.1015 16.599
-19.9492 16.7513
-19.6447 16.7513
-19.3401 16.9036
-19.0355 16.9036
-18.8832 16.9036
-18.5787 17.0558
-18.2741 17.0558
-17.9695 17.0558
-17.8173 17.0558
-17.5127 17.0558
-17.2081 17.0558
-17.0558 17.0558
-16.7513 17.0558
-16.4467 17.0558
-16.1421 17.0558
-15.9898 17.0558
-15.6853 17.0558
-15.3807 17.0558
-15.2284 17.0558
-14.9239 17.0558
-14.7716 16.9036
-14.467 16.9036
-14.1624 16.9036
-14.0102 16.9036
-13.7056 16.7513
-13.5533 16.7513
-13.2487 16.7513
-13.0964 16.7513
-12.7919 16.599
-12.6396 16.599
-12.335 16.599
-12.1827 16.4467
-11.8782 16.4467
-11.7259 16.2944
-11.4213 16.2944
-11.269 16.2944
-10.9645 16.1421
-10.8122 16.1421
-10.6599 15.9898
-10.3553 15.9898
-10.203 15.8376
-9.89848 15.8376
-9.74619 15.6853
-9.59391 15.533
-9.28934 15.533
-9.13706 15.3807
-8.98477 15.3807
-8.83249 15.2284
-8.52792 15.0761
-8.37563 14.9239
-8.22335 14.9239
-8.07107 14.7716
-7.7665 14.6193
-7.61421 14.467
-7.46193 14.3147
-7.30964 14.3147
-7.15736 14.1624
-7.00508 14.0102
-6.85279 13.8579
-6.70051 13.7056
-6.39594 13.5533
-6.24365 13.401
-6.09137 13.401
-5.93909 13.2487
-5.7868 13.0964
-5.63452 12.9442
-5.48223 12.7919
-5.32995 12.6396
-5.17766 12.4873
-5.02538 12.335
-4.8731 12.1827
-4.72081 12.0305
-4.56853 11.8782
-4.41624 11.7259
-4.26396 11.7259
-4.11168 11.5736
-3.95939 11.4213
-3.80711 11.269
-3.80711 11.1168
-3.65482 10.9645
-3.50254 10.8122
-3.35025 10.6599
-3.19797 10.5076
-3.04569 10.3553
-2.8934 10.203
-2.74112 10.0508
-2.58883 9.89848
-2.43655 9.74619
-2.28426 9.59391
-2.13198 9.44162
-1.9797 9.13706
-1.82741 8.98477
-1.67513 8.83249
-1.52284 8.6802
-1.37056 8.52792
-1.21827 8.37563
-1.06599 8.22335
-1.06599 7.91878
-0.913706 7.7665
-0.761421 7.61421
-0.609137 7.46193
-0.456853 7.30964
-0.304569 7.00508
-0.152284 6.85279
0 6.70051
0.152284 6.39594
0.152284 6.24365
0.304569 5.93909
0.456853 5.7868
0.609137 5.63452
0.761421 5.32995
0.913706 5.17766
0.913706 4.8731
1.06599 4.72081
1.21827 4.41624
1.37056 4.26396
1.52284 3.95939
1.52284 3.65482
