2.74112 3.04569
2.8934 2.8934
3.04569 2.58883
3.19797 2.28426
3.50254 1.9797
3.65482 1.67513
3.80711 1.37056
4.11168 1.06599
4.26396 0.761421
4.41624 0.456853
4.72081 0.152284
4.8731 -0.304569
5.02538 -0.609137
5.17766 -0.913706
5.32995 -1.37056
5.48223 -1.67513
5.63452 -1.9797
5.63452 -2.43655
5.7868 -2.74112
5.7868 -3.19797
5.7868 -3.50254
5.93909 -3.95939
5.7868 -4.26396
5.7868 -4.56853
5.7868 -4.8731
5.63452 -5.32995
5.48223 -5.63452
5.32995 -5.93909
5.02538 -6.24365
4.8731 -6.39594
4.56853 -6.70051
4.41624 -7.00508
4.11168 -7.15736
3.80711 -7.46193
3.50254 -7.61421
3.19797 -7.7665
2.8934 -7.91878
2.58883 -8.07107
2.13198 -8.22335
1.82741 -8.37563
1.52284 -8.52792
1.06599 -8.52792
0.761421 -8.6802
0.304569 -8.83249
0 -8.83249
-0.304569 -8.83249
-0.761421 -8.98477
-1.06599 -8.98477
-1.37056 -8.98477
-1.82741 -9.13706
-2.13198 -9.13706
-2.43655 -9.13706
-2.74112 -9.13706
-3.04569 -9.28934
-3.35025 -9.28934
-3.65482 -9.28934
-3.95939 -9.28934
-4.26396 -9.28934
-4.56853 -9.28934
-4.8731 -9.28934
-5.17766 -9.28934
-5.48223 -9.28934
-5.7868 -9.28934
-6.09137 -9.28934
-6.24365 -9.28934
-6.54822 -9.28934
-6.85279 -9.28934
-7.15736 -9.28934
-7.30964 -9.28934
-7.61421 -9.28934
-7.91878 -9.28934
-8.07107 -9.28934
-8.37563 -9.28934
-8.52792 -9.28934
-8.83249 -9.28934
-9.13706 -9.28934
-9.28934 -9.13706
-9.59391 -9.13706
-9.74619 -9.13706
-10.0508 -9.13706
-10.203 -9.13706
-10.5076 -8.98477
-10.6599 -8.98477
-10.9645 -8.98477
-11.1168 -8.98477
-11.269 -8.98477
-11.5736 -8.83249
-11.7259 -8.83249
-12.0305 -8.83249
-12.1827 -8.83249
-12.335 -8.83249
-12.6396 -8.6802
-12.7919 -8.6802
-12.9442 -8.6802
-13.2487 -8.6802
-13.401 -8.6802
-13.5533 -8.6802
-13.8579 -8.52792
-14.0102 -8.52792
-14.1624 -8.52792
-14.467 -8.52792
-14.6193 -8.52792
-14.9239 -8.52792
-15.0761 -8.52792
-15.2284 -8.52792
-15.533 -8.37563
-15.6853 -8.37563
-15.8376 -8.37563
-16.1421 -8.37563
-16.2944 -8.37563
-16.599 -8.22335
-16.7513 -8.22335
-16.9036 -8.22335
-17.2081 -8.22335
-17.3604 -8.07107
-17.665 -8.07107
-17.8173 -8.07107
-17.9695 -7.91878
-18.2741 -7.91878
-18.4264 -7.91878
-18.731 -7.7665
-18.8832 -7.7665
-19.0355 -7.61421
-19.3401 -7.46193
-19.4924 -7.46193
-19.6447 -7.30964
-19.9492 -7.30964
-20.1015 -7.15736
-20.2538 -7.00508
-20.5584 -6.85279
-20.7107 -6.85279
-20.8629 -6.70051
-21.0152 -6.54822
-21.3198 -6.39594
-21.4721 -6.24365
-21.6244 -6.09137
-21.7766 -6.09137
-22.0812 -5.93909
-22.2335 -5.7868
-22.3858 -5.63452
-22.5381 -5.48223
-22.6904 -5.32995
-22.9949 -5.17766
-23.1472 -5.02538
-23.2995 -4.8731
-23.4518 -4.72081
-23.6041 -4.41624
-23.7563 -4.26396
-24.0609 -4.11168
-24.2132 -3.95939
-24.3655 -3.80711
-24.5178 -3.65482
-24.6701 -3.50254
-24.8223 -3.19797
-24.9746 -3.04569
-25.1269 -2.8934
-25.2792 -2.74112
-25.4315 -2.43655
-25.5838 -2.28426
-25.736 -1.9797
-25.8883 -1.82741
-26.0406 -1.67513
-26.1929 -1.37056
-26.3452 -1.21827
-26.4975 -0.913706
-26.6497 -0.761421
-26.6497 -0.456853
-26.802 -0.152284
-26.9543 0
-26.9543 0.304569
-27.1066 0.456853
-27.2589 0.761421
-27.2589 1.06599
-27.2589 1.21827
-27.4112 1.52284
-27.4112 1.82741
-27.5635 1.9797
-27.5635 2.28426
-27.5635 2.58883
-27.5635 2.8934
-27.7157 3.04569
-27.7157 3.35025
-27.7157 3.65482
-27.7157 3.95939
-27.7157 4.11168
-27.7157 4.41624
-27.7157 4.72081
-27.7157 5.02538
-27.7157 5.32995
-27.7157 5.48223
-27.7157 5.7868
-27.5635 6.09137
-27.5635 6.39594
-27.5635 6.54822
-27.5635 6.85279
-27.5635 7.15736
-27.4112 7.46193
-27.4112 7.7665
-27.4112 7.91878
-27.2589 8.22335
-27.2589 8.52792
-27.1066 8.83249
-27.1066 8.98477
-27.1066 9.28934
-26.9543 9.59391
-26.802 9.89848
-26.802 10.203
-26.6497 10.3553
-26.6497 10.6599
-26.4975 10.9645
-26.3452 11.1168
-26.1929 11.4213
-26.0406 11.7259
-26.0406 11.8782
-25.8883 12.1827
-25.736 12.4873
-25.5838 12.6396
-25.4315 12.9442
-25.2792 13.0964
-24.9746 13.401
-24.8223 13.5533
-24.6701 13.8579
-24.5178 14.0102
-24.3655 14.1624
-24.0609 14.467
-23.9086 14.6193
-23.6041 14.7716
-23.4518 14.9239
-23.2995 15.2284
-22.9949 15.3807
-22.8426 15.533
-22.5381 15.6853
-22.2335 15.8376
-22.0812 15.9898
-21.7766 16.1421
-21.6244 16.1421
-21.3198 16.2944
-21.0152 16.4467
-20.7107 16.599
-20.5584 16.599
-20.2538 16.7513
-19.9492 16.7513
-19.6447 16.9036
-19.4924 16.9036
-19.1878 17.0558
-18.8832 17.0558
-18.5787 17.0558
-18.2741 17.2081
-18.1218 17.2081
-17.8173 17.2081
-17.5127 17.2081
-17.2081 17.2081
-16.9036 17.2081
-16.7513 17.2081
-16.4467 17.2081
-16.1421 17.2081
-15.8376 17.2081
-15.6853 17.0558
-15.3807 17.0558
-15.0761 17.0558
-14.7716 17.0558
-14.6193 16.9036
-14.3147 16.9036
-14.0102 16.9036
-13.8579 16.7513
-13.5533 16.7513
-13.401 16.7513
-13.0964 16.599
-12.7919 16.599
-12.6396 16.4467
-12.335 16.4467
-12.1827 16.4467
-11.8782 16.2944
-11.7259 16.2944
-11.4213 16.1421
-11.269 16.1421
-10.9645 15.9898
-10.8122 15.8376
-10.6599 15.8376
-10.3553 15.6853
-10.203 15.6853
-9.89848 15.533
-9.74619 15.533
-9.59391 15.3807
-9.28934 15.2284
-9.13706 15.2284
-8.98477 15.0761
-8.6802 14.9239
-8.52792 14.9239
-8.37563 14.7716
-8.22335 14.6193
-7.91878 14.6193
-7.7665 14.467
-7.61421 14.3147
-7.46193 14.1624
-7.30964 14.1624
-7.00508 14.0102
-6.85279 13.8579
-6.70051 13.7056
-6.54822 13.5533
-6.39594 13.5533
-6.24365 13.401
-6.09137 13.2487
-5.93909 13.0964
-5.7868 12.9442
-5.63452 12.7919
-5.48223 12.6396
-5.32995 12.4873
-5.17766 12.335
-5.02538 12.335
-4.8731 12.1827
-4.72081 12.0305
-4.56853 11.8782
-4.41624 11.7259
-4.26396 11.5736
-4.11168 11.4213
-3.95939 11.269
-3.80711 11.1168
-3.65482 10.9645
-3.65482 10.8122
-3.50254 10.6599
-3.35025 10.3553
-3.19797 10.203
-3.04569 10.0508
-2.8934 9.89848
-2.74112 9.74619
-2.74112 9.59391
-2.58883 9.44162
-2.43655 9.28934
-2.28426 9.13706
-2.13198 8.98477
-1.9797 8.83249
-1.82741 8.6802
-1.67513 8.52792
-1.52284 8.37563
-1.37056 8.22335
-1.21827 8.07107
-0.913706 7.91878
-0.761421 7.7665
-0.609137 7.61421
-0.456853 7.46193
-0.152284 7.30964
0 7.15736
0.152284 7.00508
0.456853 6.70051
0.609137 6.54822
0.761421 6.39594
1.06599 6.24365
1.21827 5.93909
1.37056 5.7868
1.67513 5.63452
1.82741 5.32995
1.9797 5.17766
2.13198 4.8731
2.43655 4.72081
2.58883 4.41624
2.74112 4.11168
2.8934 3.95939
3.04569 3.65482
3.19797 3.35025
