1.52284 3.65482
1.82741 3.35025
2.13198 3.04569
2.43655 2.74112
2.74112 2.43655
2.8934 2.13198
3.19797 1.82741
3.35025 1.52284
3.35025 1.21827
3.50254 0.913706
3.65482 0.609137
3.65482 0.304569
3.65482 0
3.65482 -0.304569
3.65482 -0.609137
3.65482 -0.913706
3.50254 -1.21827
3.35025 -1.52284
3.35025 -1.82741
3.19797 -2.13198
3.04569 -2.28426
2.8934 -2.58883
2.74112 -2.8934
2.43655 -3.04569
2.28426 -3.35025
2.13198 -3.50254
1.82741 -3.80711
1.67513 -3.95939
1.37056 -4.26396
1.21827 -4.41624
0.913706 -4.56853
0.609137 -4.72081
0.456853 -5.02538
0.152284 -5.17766
-0.152284 -5.32995
-0.304569 -5.48223
-0.609137 -5.63452
-0.913706 -5.7868
-1.21827 -5.7868
-1.52284 -5.93909
-1.67513 -6.09137
-1.9797 -6.24365
-2.28426 -6.24365
-2.58883 -6.39594
-2.74112 -6.54822
-3.04569 -6.54822
-3.35025 -6.70051
-3.65482 -6.85279
-3.80711 -6.85279
-4.11168 -7.00508
-4.26396 -7.00508
-4.56853 -7.15736
-4.8731 -7.30964
-5.02538 -7.30964
-5.32995 -7.46193
-5.48223 -7.46193
-5.7868 -7.61421
-5.93909 -7.61421
-6.24365 -7.7665
-6.39594 -7.7665
-6.70051 -7.91878
-6.85279 -7.91878
-7.15736 -8.07107
-7.30964 -8.07107
-7.61421 -8.22335
-7.7665 -8.22335
-8.07107 -8.22335
-8.22335 -8.37563
-8.37563 -8.37563
-8.6802 -8.37563
-8.83249 -8.52792
-9.13706 -8.52792
-9.28934 -8.52792
-9.59391 -8.6802
-9.74619 -8.6802
-10.0508 -8.6802
-10.203 -8.6802
-10.5076 -8.6802
-10.6599 -8.6802
-10.8122 -8.83249
-11.1168 -8.83249
-11.269 -8.83249
-11.5736 -8.83249
-11.7259 -8.83249
-12.0305 -8.83249
-12.1827 -8.83249
-12.4873 -8.83249
-12.6396 -8.83249
-12.7919 -8.6802
-13.0964 -8.6802
-13.2487 -8.6802
-13.5533 -8.6802
-13.7056 -8.6802
-13.8579 -8.6802
-14.1624 -8.6802
-14.3147 -8.6802
-14.6193 -8.52792
-14.7716 -8.52792
-14.9239 -8.52792
-15.2284 -8.52792
-15.3807 -8.52792
-15.6853 -8.52792
-15.8376 -8.37563
-15.9898 -8.37563
-16.2944 -8.37563
-16.4467 -8.37563
-16.7513 -8.22335
-16.9036 -8.22335
-17.0558 -8.22335
-17.3604 -8.07107
-17.5127 -8.07107
-17.8173 -8.07107
-17.9695 -7.91878
-18.1218 -7.91878
-18.4264 -7.7665
-18.5787 -7.7665
-18.731 -7.61421
-19.0355 -7.61421
-19.1878 -7.46193
-19.3401 -7.46193
-19.6447 -7.30964
-19.797 -7.30964
-19.9492 -7.15736
-20.2538 -7.00508
-20.4061 -7.00508
-20.5584 -6.85279
-20.7107 -6.70051
-21.0152 -6.54822
-21.1675 -6.54822
-21.3198 -6.39594
-21.4721 -6.24365
-21.7766 -6.09137
-21.9289 -5.93909
-22.0812 -5.7868
-22.2335 -5.63452
-22.3858 -5.48223
-22.5381 -5.32995
-22.8426 -5.17766
-22.9949 -5.02538
-23.1472 -4.8731
-23.2995 -4.72081
-23.4518 -4.56853
-23.6041 -4.41624
-23.7563 -4.26396
-23.9086 -4.11168
-24.0609 -3.95939
-24.2132 -3.80711
-24.3655 -3.65482
-24.5178 -3.50254
-24.6701 -3.35025
-24.8223 -3.04569
-24.9746 -2.8934
-25.1269 -2.74112
-25.2792 -2.58883
-25.4315 -2.28426
-25.5838 -2.13198
-25.736 -1.9797
-25.8883 -1.67513
-26.0406 -1.52284
-26.1929 -1.37056
-26.1929 -1.06599
-26.3452 -0.913706
-26.4975 -0.761421
-26.6497 -0.456853
-26.6497 -0.304569
-26.802 0
-26.9543 0.152284
-26.9543 0.456853
-27.1066 0.609137
-27.1066 0.913706
-27.2589 1.06599
-27.2589 1.37056
-27.4112 1.67513
-27.4112 1.82741
-27.5635 2.13198
-27.5635 2.28426
-27.5635 2.58883
-27.5635 2.8934
-27.7157 3.04569
-27.7157 3.35025
-27.7157 3.65482
-27.7157 3.80711
-27.7157 4.11168
-27.7157 4.41624
-27.7157 4.56853
-27.7157 4.8731
-27.7157 5.17766
-27.7157 5.32995
-27.7157 5.63452
-27.7157 5.93909
-27.7157 6.09137
-27.7157 6.39594
-27.7157 6.70051
-27.5635 6.85279
-27.5635 7.15736
-27.5635 7.46193
-27.5635 7.61421
-27.4112 7.91878
-27.4112 8.22335
-27.4112 8.37563
-27.2589 8.6802
-27.2589 8.98477
-27.1066 9.13706
-27.1066 9.44162
-27.1066 9.74619
-26.9543 9.89848
-26.802 10.203
-26.802 10.5076
-26.6497 10.6599
-26.4975 10.9645
-26.4975 11.269
-26.3452 11.4213
-26.1929 11.7259
-26.0406 11.8782
-25.8883 12.1827
-25.8883 12.335
-25.736 12.6396
-25.5838 12.7919
-25.4315 13.0964
-25.1269 13.2487
-24.9746 13.401
-24.8223 13.7056
-24.6701 13.8579
-24.5178 14.0102
-24.2132 14.1624
-24.0609 14.467
-23.9086 14.6193
-23.6041 14.7716
-23.4518 14.9239
-23.2995 15.0761
-22.9949 15.2284
-22.8426 15.3807
-22.5381 15.533
-22.3858 15.6853
-22.0812 15.6853
-21.9289 15.8376
-21.6244 15.9898
-21.4721 16.1421
-21.1675 16.1421
-20.8629 16.2944
-20.7107 16.2944
-20.4061 16.4467
-20.1015 16.4467
-19.9492 16.599
-19.6447 16.599
-19.3401 16.7513
-19.1878 16.7513
-18.8832 16.7513
-18.5787 16.7513
-18.4264 16.9036
-18.1218 16.9036
-17.8173 16.9036
-17.665 16.9036
-17.3604 16.9036
-17.0558 16.9036
-16.9036 16.9036
-16.599 16.9036
-16.2944 16.9036
-16.1421 16.9036
-15.8376 16.9036
-15.6853 16.9036
-15.3807 16.7513
-15.0761 16.7513
-14.9239 16.7513
-14.6193 16.7513
-14.467 16.7513
-14.1624 16.7513
-14.0102 16.599
-13.7056 16.599
-13.5533 16.599
-13.2487 16.599
-13.0964 16.4467
-12.7919 16.4467
-12.6396 16.4467
-12.335 16.4467
-12.1827 16.2944
-11.8782 16.2944
-11.7259 16.2944
-11.5736 16.1421
-11.269 16.1421
-11.1168 15.9898
-10.8122 15.9898
-10.6599 15.9898
-10.5076 15.8376
-10.203 15.8376
-10.0508 15.6853
-9.89848 15.533
-9.59391 15.533
-9.44162 15.3807
-9.28934 15.3807
-8.98477 15.2284
-8.83249 15.0761
-8.6802 15.0761
-8.52792 14.9239
-8.37563 14.7716
-8.07107 14.6193
-7.91878 14.6193
-7.7665 14.467
-7.61421 14.3147
-7.46193 14.1624
-7.30964 14.0102
-7.15736 13.8579
-6.85279 13.8579
-6.70051 13.7056
-6.54822 13.5533
-6.39594 13.401
-6.24365 13.2487
-6.09137 13.0964
-5.93909 12.9442
-5.7868 12.7919
-5.63452 12.6396
-5.48223 12.4873
-5.32995 12.335
-5.17766 12.335
-5.02538 12.1827
-4.8731 12.0305
-4.72081 11.8782
-4.56853 11.7259
-4.41624 11.5736
-4.26396 11.4213
-4.11168 11.269
-3.95939 11.1168
-3.80711 10.9645
-3.65482 10.8122
-3.65482 10.6599
-3.50254 10.5076
-3.35025 10.3553
-3.19797 10.203
-3.04569 10.0508
-2.8934 9.89848
-2.74112 9.74619
-2.58883 9.59391
-2.43655 9.44162
-2.28426 9.28934
-2.13198 9.13706
-1.9797 8.83249
-1.82741 8.6802
-1.67513 8.52792
-1.52284 8.37563
-1.37056 8.22335
-1.06599 8.07107
-0.913706 7.7665
-0.761421 7.61421
-0.609137 7.46193
-0.456853 7.30964
-0.304569 7.00508
-0.152284 6.85279
0 6.70051
0.152284 6.39594
0.152284 6.24365
0.304569 5.93909
0.456853 5.7868
0.609137 5.48223
0.761421 5.32995
0.913706 5.02538
1.06599 4.8731
1.06599 4.56853
1.21827 4.41624
1.37056 4.11168
1.37056 3.80711
