1.67513 3.50254
1.82741 3.19797
1.9797 3.04569
1.9797 2.74112
2.13198 2.43655
2.13198 2.13198
2.28426 1.82741
2.28426 1.52284
2.43655 1.37056
2.43655 1.06599
2.58883 0.761421
2.58883 0.456853
2.58883 0.152284
2.58883 -0.152284
2.58883 -0.456853
2.58883 -0.761421
2.58883 -1.06599
2.58883 -1.37056
2.58883 -1.67513
2.43655 -1.82741
2.43655 -2.13198
2.28426 -2.43655
2.13198 -2.74112
2.13198 -3.04569
1.9797 -3.19797
1.82741 -3.50254
1.52284 -3.65482
1.37056 -3.95939
1.21827 -4.11168
0.913706 -4.26396
0.761421 -4.56853
0.456853 -4.72081
0.152284 -4.8731
0 -5.02538
-0.304569 -5.17766
-0.609137 -5.32995
-0.913706 -5.48223
-1.21827 -5.63452
-1.37056 -5.63452
-1.67513 -5.7868
-1.9797 -5.93909
-2.28426 -5.93909
-2.58883 -6.09137
-2.8934 -6.09137
-3.04569 -6.24365
-3.35025 -6.24365
-3.65482 -6.39594
-3.95939 -6.39594
-4.11168 -6.54822
-4.41624 -6.54822
-4.72081 -6.70051
-4.8731 -6.70051
-5.17766 -6.85279
-5.32995 -6.85279
-5.63452 -7.00508
-5.7868 -7.00508
-6.09137 -7.15736
-6.24365 -7.15736
-6.39594 -7.30964
-6.70051 -7.30964
-6.85279 -7.46193
-7.00508 -7.46193
-7.30964 -7.61421
-7.46193 -7.61421
-7.61421 -7.7665
-7.91878 -7.7665
-8.07107 -7.91878
-8.22335 -7.91878
-8.52792 -8.07107
-8.6802 -8.07107
-8.98477 -8.22335
-9.13706 -8.22335
-9.28934 -8.37563
-9.59391 -8.37563
-9.74619 -8.37563
-9.89848 -8.52792
-10.203 -8.52792
-10.3553 -8.52792
-10.6599 -8.6802
-10.8122 -8.6802
-10.9645 -8.6802
-11.269 -8.6802
-11.4213 -8.6802
-11.7259 -8.6802
-11.8782 -8.83249
-12.0305 -8.83249
-12.335 -8.83249
-12.4873 -8.83249
-12.7919 -8.83249
-12.9442 -8.83249
-13.2487 -8.83249
-13.401 -8.83249
-13.5533 -8.83249
-13.8579 -8.83249
-14.0102 -8.6802
-14.3147 -8.6802
-14.467 -8.6802
-14.6193 -8.6802
-14.9239 -8.6802
-15.0761 -8.6802
-15.3807 -8.6802
-15.533 -8.52792
-15.6853 -8.52792
-15.9898 -8.52792
-16.1421 -8.52792
-16.2944 -8.37563
-16.599 -8.37563
-16.7513 -8.37563
-17.0558 -8.22335
-17.2081 -8.22335
-17.3604 -8.07107
-17.665 -8.07107
-17.8173 -8.07107
-17.9695 -7.91878
-18.2741 -7.91878
-18.4264 -7.7665
-18.5787 -7.7665
-18.8832 -7.61421
-19.0355 -7.61421
-19.1878 -7.46193
-19.4924 -7.30964
-19.6447 -7.30964
-19.797 -7.15736
-20.1015 -7.00508
-20.2538 -7.00508
-20.4061 -6.85279
-20.5584 -6.70051
-20.8629 -6.54822
-21.0152 -6.54822
-21.1675 -6.39594
-21.3198 -6.24365
-21.4721 -6.09137
-21.7766 -5.93909
-21.9289 -5.7868
-22.0812 -5.7868
-22.2335 -5.63452
-22.3858 -5.48223
-22.5381 -5.32995
-22.8426 -5.17766
-22.9949 -5.02538
-23.1472 -4.8731
-23.2995 -4.72081
-23.4518 -4.56853
-23.6041 -4.41624
-23.7563 -4.26396
-23.9086 -4.11168
-24.0609 -3.95939
-24.2132 -3.65482
-24.3655 -3.50254
-24.6701 -3.35025
-24.8223 -3.19797
-24.9746 -3.04569
-25.1269 -2.8934
-25.1269 -2.58883
-25.2792 -2.43655
-25.4315 -2.28426
-25.5838 -1.9797
-25.736 -1.82741
-25.8883 -1.67513
-26.0406 -1.37056
-26.1929 -1.21827
-26.1929 -1.06599
-26.3452 -0.761421
-26.4975 -0.609137
-26.6497 -0.304569
-26.6497 -0.152284
-26.802 0.152284
-26.802 0.304569
-26.9543 0.609137
-26.9543 0.761421
-27.1066 1.06599
-27.1066 1.21827
-27.2589 1.52284
-27.2589 1.82741
-27.2589 1.9797
-27.4112 2.28426
-27.4112 2.43655
-27.4112 2.74112
-27.4112 3.04569
-27.5635 3.19797
-27.5635 3.50254
-27.5635 3.80711
-27.5635 3.95939
-27.5635 4.26396
-27.5635 4.56853
-27.5635 4.72081
-27.5635 5.02538
-27.5635 5.32995
-27.5635 5.48223
-27.5635 5.7868
-27.5635 6.09137
-27.5635 6.24365
-27.5635 6.54822
-27.4112 6.85279
-27.4112 7.00508
-27.4112 7.30964
-27.4112 7.61421
-27.4112 7.7665
-27.2589 8.07107
-27.2589 8.37563
-27.2589 8.6802
-27.1066 8.83249
-27.1066 9.13706
-27.1066 9.44162
-26.9543 9.59391
-26.9543 9.89848
-26.802 10.203
-26.802 10.3553
-26.6497 10.6599
-26.4975 10.9645
-26.4975 11.1168
-26.3452 11.4213
-26.1929 11.7259
-26.0406 11.8782
-26.0406 12.1827
-25.8883 12.335
-25.736 12.6396
-25.5838 12.7919
-25.4315 13.0964
-25.2792 13.2487
-24.9746 13.401
-24.8223 13.7056
-24.6701 13.8579
-24.5178 14.0102
-24.3655 14.1624
-24.0609 14.467
-23.9086 14.6193
-23.7563 14.7716
-23.4518 14.9239
-23.2995 15.0761
-22.9949 15.2284
-22.8426 15.3807
-22.5381 15.533
-22.3858 15.6853
-22.0812 15.8376
-21.9289 15.8376
-21.6244 15.9898
-21.3198 16.1421
-21.1675 16.1421
-20.8629 16.2944
-20.5584 16.4467
-20.4061 16.4467
-20.1015 16.599
-19.797 16.599
-19.6447 16.599
-19.3401 16.7513
-19.0355 16.7513
-18.8832 16.7513
-18.5787 16.9036
-18.2741 16.9036
-18.1218 16.9036
-17.8173 16.9036
-17.5127 16.9036
-17.2081 16.9036
-17.0558 16.9036
-16.7513 16.9036
-16.599 16.9036
-16.2944 16.9036
-15.9898 16.9036
-15.8376 16.9036
-15.533 16.9036
-15.2284 16.9036
-15.0761 16.9036
-14.7716 16.9036
-14.6193 16.7513
-14.3147 16.7513
-14.1624 16.7513
-13.8579 16.7513
-13.7056 16.7513
-13.401 16.599
-13.2487 16.599
-12.9442 16.599
-12.7919 16.599
-12.4873 16.4467
-12.335 16.4467
-12.0305 16.4467
-11.8782 16.2944
-11.5736 16.2944
-11.4213 16.2944
-11.1168 16.1421
-10.9645 16.1421
-10.8122 15.9898
-10.5076 15.9898
-10.3553 15.8376
-10.0508 15.8376
-9.89848 15.6853
-9.74619 15.6853
-9.44162 15.533
-9.28934 15.3807
-9.13706 15.3807
-8.83249 15.2284
-8.6802 15.0761
-8.52792 15.0761
-8.37563 14.9239
-8.22335 14.7716
-7.91878 14.6193
-7.7665 14.467
-7.61421 14.467
-7.46193 14.3147
-7.30964 14.1624
-7.15736 14.0102
-7.00508 13.8579
-6.70051 13.7056
-6.54822 13.5533
-6.39594 13.401
-6.24365 13.401
-6.09137 13.2487
-5.93909 13.0964
-5.7868 12.9442
-5.63452 12.7919
-5.48223 12.6396
-5.32995 12.4873
-5.17766 12.335
-5.02538 12.1827
-4.8731 12.0305
-4.72081 11.8782
-4.56853 11.7259
-4.41624 11.5736
-4.41624 11.4213
-4.26396 11.269
-4.11168 11.1168
-3.95939 10.9645
-3.80711 10.8122
-3.65482 10.6599
-3.50254 10.5076
-3.35025 10.3553
-3.19797 10.203
-3.04569 10.0508
-2.8934 9.89848
-2.74112 9.74619
-2.58883 9.59391
-2.43655 9.44162
-2.28426 9.28934
-2.13198 9.13706
-1.9797 8.98477
-1.82741 8.83249
-1.67513 8.6802
-1.52284 8.37563
-1.37056 8.22335
-1.21827 8.07107
-1.06599 7.91878
-0.913706 7.7665
-0.761421 7.46193
-0.609137 7.30964
-0.456853 7.15736
-0.304569 7.00508
-0.152284 6.70051
0 6.54822
0.152284 6.39594
0.304569 6.09137
0.456853 5.93909
0.456853 5.63452
0.609137 5.48223
0.761421 5.17766
0.913706 5.02538
1.06599 4.72081
1.21827 4.56853
1.21827 4.26396
1.37056 3.95939
1.52284 3.80711
