1.52284 3.35025
1.9797 3.04569
2.28426 2.74112
2.74112 2.43655
3.04569 2.28426
3.19797 1.9797
3.35025 1.67513
3.50254 1.21827
3.65482 0.913706
3.80711 0.609137
3.80711 0.304569
3.80711 0
3.80711 -0.304569
3.80711 -0.609137
3.80711 -0.913706
3.65482 -1.21827
3.65482 -1.37056
3.50254 -1.67513
3.35025 -1.9797
3.19797 -2.28426
3.04569 -2.43655
2.8934 -2.74112
2.74112 -3.04569
2.43655 -3.19797
2.28426 -3.50254
2.13198 -3.65482
1.82741 -3.95939
1.67513 -4.11168
1.52284 -4.41624
1.21827 -4.56853
1.06599 -4.72081
0.761421 -5.02538
0.609137 -5.17766
0.304569 -5.32995
0.152284 -5.48223
-0.152284 -5.63452
-0.304569 -5.93909
-0.609137 -6.09137
-0.761421 -6.24365
-1.06599 -6.39594
-1.21827 -6.54822
-1.52284 -6.70051
-1.67513 -6.85279
-1.9797 -7.00508
-2.28426 -7.15736
-2.43655 -7.15736
-2.74112 -7.30964
-2.8934 -7.46193
-3.19797 -7.61421
-3.35025 -7.61421
-3.65482 -7.7665
-3.95939 -7.91878
-4.11168 -8.07107
-4.41624 -8.07107
-4.56853 -8.22335
-4.8731 -8.22335
-5.17766 -8.37563
-5.32995 -8.37563
-5.63452 -8.52792
-5.7868 -8.52792
-6.09137 -8.6802
-6.39594 -8.6802
-6.54822 -8.83249
-6.85279 -8.83249
-7.00508 -8.83249
-7.30964 -8.83249
-7.46193 -8.98477
-7.7665 -8.98477
-8.07107 -8.98477
-8.22335 -8.98477
-8.52792 -8.98477
-8.6802 -9.13706
-8.98477 -9.13706
-9.13706 -9.13706
-9.44162 -9.13706
-9.59391 -9.13706
-9.89848 -9.13706
-10.203 -9.13706
-10.3553 -9.13706
-10.6599 -9.13706
-10.8122 -8.98477
-11.1168 -8.98477
-11.269 -8.98477
-11.4213 -8.98477
-11.7259 -8.98477
-11.8782 -8.98477
-12.1827 -8.98477
-12.335 -8.83249
-12.6396 -8.83249
-12.7919 -8.83249
-12.9442 -8.83249
-13.2487 -8.83249
-13.401 -8.6802
-13.5533 -8.6802
-13.8579 -8.6802
-14.0102 -8.6802
-14.3147 -8.6802
-14.467 -8.52792
-14.6193 -8.52792
-14.9239 -8.52792
-15.0761 -8.52792
-15.2284 -8.52792
-15.533 -8.52792
-15.6853 -8.37563
-15.9898 -8.37563
-16.1421 -8.37563
-16.2944 -8.37563
-16.599 -8.37563
-16.7513 -8.22335
-17.0558 -8.22335
-17.2081 -8.22335
-17.3604 -8.22335
-17.665 -8.07107
-17.8173 -8.07107
-17.9695 -8.07107
-18.2741 -7.91878
-18.4264 -7.91878
-18.731 -7.7665
-18.8832 -7.7665
-19.0355 -7.61421
-19.3401 -7.61421
-19.4924 -7.46193
-19.6447 -7.46193
-19.9492 -7.30964
-20.1015 -7.15736
-20.2538 -7.15736
-20.4061 -7.00508
-20.7107 -6.85279
-20.8629 -6.70051
-21.0152 -6.54822
-21.1675 -6.54822
-21.4721 -6.39594
-21.6244 -6.24365
-21.7766 -6.09137
-21.9289 -5.93909
-22.0812 -5.7868
-22.2335 -5.63452
-22.3858 -5.48223
-22.6904 -5.32995
-22.8426 -5.17766
-22.9949 -5.02538
-23.1472 -4.8731
-23.2995 -4.72081
-23.4518 -4.56853
-23.6041 -4.41624
-23.7563 -4.26396
-23.9086 -4.11168
-24.0609 -3.95939
-24.2132 -3.65482
-24.3655 -3.50254
-24.6701 -3.35025
-24.8223 -3.19797
-24.9746 -3.04569
-25.1269 -2.8934
-25.2792 -2.58883
-25.4315 -2.43655
-25.5838 -2.28426
-25.736 -1.9797
-25.8883 -1.82741
-25.8883 -1.67513
-26.0406 -1.37056
-26.1929 -1.21827
-26.3452 -1.06599
-26.4975 -0.761421
-26.6497 -0.609137
-26.6497 -0.304569
-26.802 -0.152284
-26.9543 0.152284
-26.9543 0.304569
-27.1066 0.609137
-27.1066 0.761421
-27.2589 1.06599
-27.2589 1.37056
-27.4112 1.52284
-27.4112 1.82741
-27.4112 2.13198
-27.5635 2.28426
-27.5635 2.58883
-27.5635 2.74112
-27.5635 3.04569
-27.7157 3.35025
-27.7157 3.65482
-27.7157 3.80711
-27.7157 4.11168
-27.7157 4.41624
-27.7157 4.56853
-27.7157 4.8731
-27.7157 5.17766
-27.7157 5.32995
-27.7157 5.63452
-27.7157 5.93909
-27.5635 6.24365
-27.5635 6.39594
-27.5635 6.70051
-27.5635 7.00508
-27.5635 7.15736
-27.5635 7.46193
-27.4112 7.7665
-27.4112 8.07107
-27.4112 8.22335
-27.2589 8.52792
-27.2589 8.83249
-27.2589 9.13706
-27.1066 9.28934
-27.1066 9.59391
-26.9543 9.89848
-26.9543 10.0508
-26.802 10.3553
-26.6497 10.6599
-26.6497 10.8122
-26.4975 11.1168
-26.3452 11.4213
-26.3452 11.5736
-26.1929 11.8782
-26.0406 12.1827
-25.8883 12.335
-25.736 12.6396
-25.5838 12.7919
-25.4315 13.0964
-25.2792 13.2487
-25.1269 13.401
-24.8223 13.7056
-24.6701 13.8579
-24.5178 14.0102
-24.3655 14.3147
-24.0609 14.467
-23.9086 14.6193
-23.7563 14.7716
-23.4518 14.9239
-23.2995 15.0761
-22.9949 15.2284
-22.8426 15.3807
-22.5381 15.533
-22.3858 15.6853
-22.0812 15.8376
-21.7766 15.9898
-21.6244 16.1421
-21.3198 16.1421
-21.0152 16.2944
-20.8629 16.4467
-20.5584 16.4467
-20.2538 16.599
-20.1015 16.599
-19.797 16.599
-19.4924 16.7513
-19.3401 16.7513
-19.0355 16.9036
-18.731 16.9036
-18.4264 16.9036
-18.2741 16.9036
-17.9695 16.9036
-17.665 16.9036
-17.3604 16.9036
-17.2081 17.0558
-16.9036 17.0558
-16.599 17.0558
-16.4467 16.9036
-16.1421 16.9036
-15.8376 16.9036
-15.6853 16.9036
-15.3807 16.9036
-15.0761 16.9036
-14.9239 16.9036
-14.6193 16.7513
-14.467 16.7513
-14.1624 16.7513
-14.0102 16.7513
-13.7056 16.7513
-13.401 16.599
-13.2487 16.599
-12.9442 16.599
-12.7919 16.4467
-12.4873 16.4467
-12.335 16.4467
-12.0305 16.2944
-11.8782 16.2944
-11.5736 16.2944
-11.4213 16.1421
-11.269 16.1421
-10.9645 15.9898
-10.8122 15.9898
-10.5076 15.8376
-10.3553 15.8376
-10.203 15.6853
-9.89848 15.6853
-9.74619 15.533
-9.44162 15.533
-9.28934 15.3807
-9.13706 15.2284
-8.98477 15.2284
-8.6802 15.0761
-8.52792 14.9239
-8.37563 14.9239
-8.22335 14.7716
-7.91878 14.6193
-7.7665 14.467
-7.61421 14.3147
-7.46193 14.3147
-7.30964 14.1624
-7.15736 14.0102
-6.85279 13.8579
-6.70051 13.7056
-6.54822 13.5533
-6.39594 13.401
-6.24365 13.2487
-6.09137 13.2487
-5.93909 13.0964
-5.7868 12.9442
-5.63452 12.7919
-5.48223 12.6396
-5.32995 12.4873
-5.17766 12.335
-5.02538 12.1827
-4.8731 12.0305
-4.72081 11.8782
-4.56853 11.7259
-4.41624 11.5736
-4.26396 11.4213
-4.11168 11.269
-3.95939 11.1168
-3.80711 10.9645
-3.65482 10.8122
-3.50254 10.6599
-3.35025 10.5076
-3.19797 10.3553
-3.19797 10.203
-3.04569 10.0508
-2.8934 9.89848
-2.74112 9.74619
-2.58883 9.59391
-2.43655 9.44162
-2.28426 9.28934
-2.13198 9.13706
-1.9797 8.98477
-1.82741 8.83249
-1.67513 8.52792
-1.52284 8.37563
-1.37056 8.22335
-1.21827 8.07107
-1.06599 7.91878
-0.913706 7.7665
-0.761421 7.46193
-0.609137 7.30964
-0.609137 7.15736
-0.456853 7.00508
-0.304569 6.70051
-0.152284 6.54822
0 6.39594
0.152284 6.09137
0.304569 5.93909
0.456853 5.63452
0.609137 5.48223
0.761421 5.17766
0.761421 5.02538
0.913706 4.72081
1.06599 4.56853
1.21827 4.26396
1.37056 4.11168
1.52284 3.80711
1.52284 3.65482
