1.52284 3.35025
1.9797 3.04569
2.43655 2.74112
2.74112 2.43655
3.04569 2.13198
3.35025 1.82741
3.50254 1.52284
3.65482 1.21827
3.80711 0.913706
3.95939 0.609137
3.95939 0.304569
3.95939 0
3.95939 -0.304569
3.95939 -0.609137
3.80711 -0.913706
3.80711 -1.21827
3.65482 -1.52284
3.50254 -1.82741
3.35025 -1.9797
3.19797 -2.28426
3.04569 -2.58883
2.74112 -2.74112
2.58883 -3.04569
2.43655 -3.35025
2.13198 -3.50254
1.9797 -3.80711
1.82741 -3.95939
1.52284 -4.11168
1.37056 -4.41624
1.06599 -4.56853
0.913706 -4.72081
0.609137 -5.02538
0.456853 -5.17766
0.152284 -5.32995
0 -5.48223
-0.304569 -5.7868
-0.456853 -5.93909
-0.761421 -6.09137
-0.913706 -6.24365
-1.21827 -6.39594
-1.37056 -6.54822
-1.67513 -6.70051
-1.82741 -6.85279
-2.13198 -7.00508
-2.43655 -7.15736
-2.58883 -7.15736
-2.8934 -7.30964
-3.04569 -7.46193
-3.35025 -7.61421
-3.50254 -7.7665
-3.80711 -7.7665
-4.11168 -7.91878
-4.26396 -8.07107
-4.56853 -8.07107
-4.72081 -8.22335
-5.02538 -8.37563
-5.17766 -8.37563
-5.48223 -8.52792
-5.7868 -8.52792
-5.93909 -8.6802
-6.24365 -8.6802
-6.39594 -8.83249
-6.70051 -8.83249
-6.85279 -8.83249
-7.15736 -8.98477
-7.46193 -8.98477
-7.61421 -8.98477
-7.91878 -9.13706
-8.07107 -9.13706
-8.37563 -9.13706
-8.6802 -9.13706
-8.83249 -9.13706
-9.13706 -9.13706
-9.28934 -9.13706
-9.59391 -9.13706
-9.74619 -9.13706
-10.0508 -9.13706
-10.203 -9.13706
-10.5076 -9.13706
-10.6599 -9.13706
-10.9645 -9.13706
-11.1168 -9.13706
-11.4213 -9.13706
-11.5736 -8.98477
-11.8782 -8.98477
-12.0305 -8.98477
-12.335 -8.98477
-12.4873 -8.83249
-12.7919 -8.83249
-12.9442 -8.83249
-13.0964 -8.83249
-13.401 -8.83249
-13.5533 -8.6802
-13.7056 -8.6802
-14.0102 -8.6802
-14.1624 -8.6802
-14.467 -8.52792
-14.6193 -8.52792
-14.7716 -8.52792
-15.0761 -8.52792
-15.2284 -8.52792
-15.3807 -8.52792
-15.6853 -8.37563
-15.8376 -8.37563
-15.9898 -8.37563
-16.2944 -8.37563
-16.4467 -8.37563
-16.7513 -8.22335
-16.9036 -8.22335
-17.0558 -8.22335
-17.3604 -8.22335
-17.5127 -8.07107
-17.8173 -8.07107
-17.9695 -8.07107
-18.1218 -7.91878
-18.4264 -7.91878
-18.5787 -7.91878
-18.8832 -7.7665
-19.0355 -7.7665
-19.1878 -7.61421
-19.4924 -7.61421
-19.6447 -7.46193
-19.797 -7.46193
-20.1015 -7.30964
-20.2538 -7.15736
-20.4061 -7.00508
-20.5584 -7.00508
-20.8629 -6.85279
-21.0152 -6.70051
-21.1675 -6.54822
-21.3198 -6.39594
-21.4721 -6.39594
-21.7766 -6.24365
-21.9289 -6.09137
-22.0812 -5.93909
-22.2335 -5.7868
-22.3858 -5.63452
-22.5381 -5.48223
-22.6904 -5.32995
-22.8426 -5.17766
-22.9949 -5.02538
-23.2995 -4.8731
-23.4518 -4.72081
-23.6041 -4.56853
-23.7563 -4.41624
-23.9086 -4.26396
-24.0609 -3.95939
-24.2132 -3.80711
-24.3655 -3.65482
-24.5178 -3.50254
-24.6701 -3.35025
-24.8223 -3.19797
-24.9746 -2.8934
-25.1269 -2.74112
-25.2792 -2.58883
-25.4315 -2.43655
-25.5838 -2.13198
-25.736 -1.9797
-25.8883 -1.82741
-25.8883 -1.67513
-26.0406 -1.37056
-26.1929 -1.21827
-26.3452 -0.913706
-26.4975 -0.761421
-26.4975 -0.609137
-26.6497 -0.304569
-26.802 -0.152284
-26.9543 0.152284
-26.9543 0.304569
-27.1066 0.609137
-27.1066 0.913706
-27.2589 1.06599
-27.2589 1.37056
-27.4112 1.52284
-27.4112 1.82741
-27.5635 2.13198
-27.5635 2.28426
-27.5635 2.58883
-27.5635 2.74112
-27.7157 3.04569
-27.7157 3.35025
-27.7157 3.50254
-27.7157 3.80711
-27.7157 4.11168
-27.7157 4.26396
-27.7157 4.56853
-27.7157 4.8731
-27.7157 5.17766
-27.7157 5.32995
-27.7157 5.63452
-27.7157 5.93909
-27.7157 6.09137
-27.7157 6.39594
-27.5635 6.70051
-27.5635 6.85279
-27.5635 7.15736
-27.5635 7.46193
-27.4112 7.61421
-27.4112 7.91878
-27.4112 8.22335
-27.2589 8.52792
-27.2589 8.6802
-27.1066 8.98477
-27.1066 9.13706
-26.9543 9.44162
-26.9543 9.74619
-26.802 9.89848
-26.6497 10.203
-26.6497 10.5076
-26.4975 10.6599
-26.3452 10.9645
-26.1929 11.1168
-26.1929 11.4213
-26.0406 11.7259
-25.8883 11.8782
-25.736 12.1827
-25.5838 12.335
-25.4315 12.6396
-25.2792 12.7919
-25.2792 13.0964
-25.1269 13.2487
-24.8223 13.5533
-24.6701 13.7056
-24.5178 14.0102
-24.3655 14.1624
-24.2132 14.3147
-24.0609 14.6193
-23.9086 14.7716
-23.6041 14.9239
-23.4518 15.2284
-23.2995 15.3807
-22.9949 15.533
-22.8426 15.6853
-22.5381 15.8376
-22.3858 15.9898
-22.0812 16.1421
-21.9289 16.2944
-21.6244 16.4467
-21.4721 16.4467
-21.1675 16.599
-20.8629 16.7513
-20.5584 16.7513
-20.4061 16.9036
-20.1015 16.9036
-19.797 17.0558
-19.4924 17.0558
-19.3401 17.0558
-19.0355 17.2081
-18.731 17.2081
-18.4264 17.2081
-18.1218 17.2081
-17.9695 17.2081
-17.665 17.2081
-17.3604 17.2081
-17.0558 17.2081
-16.9036 17.0558
-16.599 17.0558
-16.2944 17.0558
-15.9898 17.0558
-15.8376 17.0558
-15.533 16.9036
-15.2284 16.9036
-15.0761 16.9036
-14.7716 16.7513
-14.6193 16.7513
-14.3147 16.7513
-14.0102 16.7513
-13.8579 16.599
-13.5533 16.599
-13.401 16.599
-13.0964 16.4467
-12.9442 16.4467
-12.6396 16.4467
-12.4873 16.4467
-12.1827 16.2944
-12.0305 16.2944
-11.7259 16.2944
-11.5736 16.1421
-11.4213 16.1421
-11.1168 15.9898
-10.9645 15.9898
-10.6599 15.9898
-10.5076 15.8376
-10.203 15.8376
-10.0508 15.6853
-9.89848 15.6853
-9.59391 15.533
-9.44162 15.3807
-9.28934 15.3807
-8.98477 15.2284
-8.83249 15.0761
-8.6802 15.0761
-8.52792 14.9239
-8.22335 14.7716
-8.07107 14.6193
-7.91878 14.6193
-7.7665 14.467
-7.61421 14.3147
-7.30964 14.1624
-7.15736 14.0102
-7.00508 13.8579
-6.85279 13.7056
-6.70051 13.5533
-6.54822 13.401
-6.39594 13.401
-6.24365 13.2487
-6.09137 13.0964
-5.93909 12.9442
-5.7868 12.7919
-5.63452 12.6396
-5.48223 12.4873
-5.32995 12.335
-5.17766 12.1827
-5.02538 12.0305
-4.8731 11.8782
-4.72081 11.7259
-4.56853 11.5736
-4.41624 11.4213
-4.26396 11.269
-4.11168 11.1168
-3.95939 10.9645
-3.80711 10.8122
-3.65482 10.6599
-3.50254 10.6599
-3.35025 10.5076
-3.19797 10.3553
-3.04569 10.203
-2.8934 10.0508
-2.74112 9.74619
-2.58883 9.59391
-2.43655 9.44162
-2.28426 9.28934
-2.13198 9.13706
-1.9797 8.98477
-1.82741 8.83249
-1.67513 8.6802
-1.52284 8.52792
-1.37056 8.37563
-1.21827 8.07107
-1.06599 7.91878
-0.913706 7.7665
-0.761421 7.61421
-0.609137 7.30964
-0.609137 7.15736
-0.456853 7.00508
-0.304569 6.70051
-0.152284 6.54822
0 6.39594
0.152284 6.09137
0.304569 5.93909
0.456853 5.63452
0.609137 5.48223
0.609137 5.32995
0.761421 5.02538
0.913706 4.72081
1.06599 4.56853
1.21827 4.26396
1.37056 4.11168
1.52284 3.80711
1.52284 3.50254
