5.63452 4.11168
5.7868 3.95939
5.93909 3.65482
6.09137 3.35025
6.24365 3.04569
6.24365 2.74112
6.39594 2.58883
6.54822 2.28426
6.54822 1.9797
6.54822 1.67513
6.70051 1.37056
6.70051 1.06599
6.70051 0.761421
6.70051 0.456853
6.54822 0.152284
6.54822 -0.152284
6.54822 -0.456853
6.54822 -0.609137
6.39594 -0.913706
6.39594 -1.21827
6.24365 -1.52284
6.09137 -1.82741
6.09137 -1.9797
5.93909 -2.28426
5.7868 -2.58883
5.63452 -2.8934
5.48223 -3.04569
5.32995 -3.35025
5.17766 -3.50254
5.02538 -3.80711
4.8731 -4.11168
4.72081 -4.26396
4.56853 -4.41624
4.26396 -4.72081
4.11168 -4.8731
3.95939 -5.17766
3.65482 -5.32995
3.50254 -5.48223
3.19797 -5.63452
3.04569 -5.7868
2.74112 -5.93909
2.43655 -6.09137
2.28426 -6.24365
1.9797 -6.39594
1.67513 -6.54822
1.52284 -6.70051
1.21827 -6.70051
0.913706 -6.85279
0.609137 -6.85279
0.304569 -7.00508
0 -7.00508
-0.304569 -7.00508
-0.609137 -7.15736
-0.913706 -7.15736
-1.21827 -7.15736
-1.37056 -7.15736
-1.67513 -7.15736
-1.9797 -7.15736
-2.28426 -7.15736
-2.58883 -7.00508
-2.8934 -7.00508
-3.19797 -7.00508
-3.35025 -7.00508
-3.65482 -7.00508
-3.95939 -7.00508
-4.11168 -7.00508
-4.41624 -6.85279
-4.72081 -6.85279
-4.8731 -6.85279
-5.17766 -6.85279
-5.32995 -6.85279
-5.48223 -6.85279
-5.7868 -6.85279
-5.93909 -7.00508
-6.09137 -7.00508
-6.39594 -7.00508
-6.54822 -7.15736
-6.70051 -7.15736
-6.85279 -7.30964
-7.15736 -7.30964
-7.30964 -7.46193
-7.46193 -7.46193
-7.7665 -7.61421
-7.91878 -7.7665
-8.07107 -7.7665
-8.22335 -7.91878
-8.52792 -8.07107
-8.6802 -8.07107
-8.98477 -8.22335
-9.13706 -8.37563
-9.28934 -8.37563
-9.59391 -8.52792
-9.74619 -8.52792
-10.0508 -8.6802
-10.203 -8.6802
-10.5076 -8.83249
-10.6599 -8.83249
-10.9645 -8.83249
-11.1168 -8.98477
-11.4213 -8.98477
-11.7259 -8.98477
-11.8782 -8.98477
-12.1827 -8.98477
-12.335 -8.98477
-12.6396 -8.98477
-12.7919 -8.98477
-13.0964 -8.83249
-13.401 -8.83249
-13.5533 -8.83249
-13.8579 -8.6802
-14.0102 -8.6802
-14.3147 -8.6802
-14.467 -8.52792
-14.7716 -8.52792
-14.9239 -8.37563
-15.2284 -8.37563
-15.3807 -8.22335
-15.6853 -8.22335
-15.8376 -8.07107
-16.1421 -8.07107
-16.2944 -7.91878
-16.599 -7.7665
-16.7513 -7.7665
-17.0558 -7.61421
-17.2081 -7.61421
-17.5127 -7.46193
-17.665 -7.30964
-17.9695 -7.30964
-18.1218 -7.15736
-18.4264 -7.00508
-18.5787 -6.85279
-18.8832 -6.85279
-19.1878 -6.70051
-19.3401 -6.54822
-19.6447 -6.39594
-19.797 -6.24365
-19.9492 -6.09137
-20.2538 -5.93909
-20.4061 -5.7868
-20.7107 -5.63452
-20.8629 -5.48223
-21.1675 -5.32995
-21.3198 -5.17766
-21.4721 -5.02538
-21.7766 -4.8731
-21.9289 -4.56853
-22.0812 -4.41624
-22.2335 -4.26396
-22.5381 -4.11168
-22.6904 -3.80711
-22.8426 -3.65482
-22.9949 -3.35025
-23.1472 -3.19797
-23.2995 -2.8934
-23.4518 -2.74112
-23.6041 -2.43655
-23.7563 -2.28426
-23.9086 -1.9797
-24.0609 -1.82741
-24.2132 -1.52284
-24.3655 -1.37056
-24.5178 -1.06599
-24.6701 -0.761421
-24.8223 -0.609137
-24.8223 -0.304569
-24.9746 0
-25.1269 0.304569
-25.2792 0.456853
-25.4315 0.761421
-25.4315 1.06599
-25.5838 1.37056
-25.736 1.52284
-25.736 1.82741
-25.8883 2.13198
-25.8883 2.43655
-26.0406 2.74112
-26.1929 3.04569
-26.1929 3.35025
-26.3452 3.50254
-26.3452 3.80711
-26.3452 4.11168
-26.4975 4.41624
-26.4975 4.72081
-26.4975 5.02538
-26.4975 5.32995
-26.4975 5.63452
-26.6497 5.93909
-26.6497 6.24365
-26.6497 6.54822
-26.4975 6.85279
-26.4975 7.15736
-26.4975 7.46193
-26.4975 7.7665
-26.3452 8.07107
-26.3452 8.37563
-26.1929 8.6802
-26.1929 8.98477
-26.0406 9.28934
-26.0406 9.59391
-25.8883 9.89848
-25.736 10.203
-25.5838 10.3553
-25.4315 10.6599
-25.2792 10.9645
-25.1269 11.1168
-24.9746 11.4213
-24.8223 11.7259
-24.5178 11.8782
-24.3655 12.1827
-24.2132 12.335
-23.9086 12.6396
-23.7563 12.7919
-23.4518 12.9442
-23.1472 13.2487
-22.9949 13.401
-22.6904 13.5533
-22.3858 13.7056
-22.2335 13.8579
-21.9289 14.0102
-21.6244 14.1624
-21.3198 14.1624
-21.0152 14.3147
-20.7107 14.467
-20.4061 14.467
-20.1015 14.6193
-19.797 14.6193
-19.4924 14.7716
-19.3401 14.7716
-19.0355 14.9239
-18.731 14.9239
-18.4264 14.9239
-18.1218 14.9239
-17.8173 14.9239
-17.5127 14.9239
-17.2081 14.9239
-16.9036 14.9239
-16.599 14.9239
-16.2944 14.9239
-16.1421 14.9239
-15.8376 14.9239
-15.533 14.9239
-15.3807 14.9239
-15.0761 14.9239
-14.7716 14.9239
-14.6193 14.9239
-14.3147 14.7716
-14.0102 14.7716
-13.8579 14.7716
-13.5533 14.7716
-13.401 14.7716
-13.2487 14.7716
-12.9442 14.6193
-12.7919 14.6193
-12.4873 14.6193
-12.335 14.6193
-12.1827 14.6193
-11.8782 14.467
-11.7259 14.467
-11.5736 14.467
-11.269 14.467
-11.1168 14.3147
-10.9645 14.3147
-10.8122 14.3147
-10.6599 14.3147
-10.3553 14.3147
-10.203 14.1624
-10.0508 14.1624
-9.89848 14.1624
-9.74619 14.1624
-9.59391 14.1624
-9.28934 14.0102
-9.13706 14.0102
-8.98477 14.0102
-8.83249 14.0102
-8.6802 13.8579
-8.52792 13.8579
-8.37563 13.8579
-8.22335 13.8579
-8.07107 13.7056
-7.7665 13.7056
-7.61421 13.7056
-7.46193 13.7056
-7.30964 13.5533
-7.15736 13.5533
-7.00508 13.5533
-6.85279 13.401
-6.70051 13.401
-6.54822 13.401
-6.39594 13.401
-6.24365 13.2487
-6.09137 13.2487
-5.93909 13.0964
-5.7868 13.0964
-5.63452 13.0964
-5.48223 12.9442
-5.32995 12.9442
-5.02538 12.9442
-4.8731 12.7919
-4.72081 12.7919
-4.56853 12.6396
-4.41624 12.6396
-4.26396 12.4873
-4.11168 12.4873
-3.95939 12.4873
-3.80711 12.335
-3.65482 12.335
-3.50254 12.1827
-3.35025 12.1827
-3.19797 12.0305
-3.04569 12.0305
-2.8934 11.8782
-2.74112 11.8782
-2.58883 11.7259
-2.43655 11.5736
-2.28426 11.5736
-2.13198 11.4213
-1.82741 11.4213
-1.67513 11.269
-1.52284 11.1168
-1.37056 11.1168
-1.21827 10.9645
-1.06599 10.8122
-0.913706 10.8122
-0.761421 10.6599
-0.609137 10.5076
-0.304569 10.5076
-0.152284 10.3553
0 10.203
0.152284 10.0508
0.304569 10.0508
0.456853 9.89848
0.761421 9.74619
0.913706 9.59391
1.06599 9.44162
1.21827 9.28934
1.37056 9.13706
1.67513 8.98477
1.82741 8.83249
1.9797 8.6802
2.13198 8.52792
2.43655 8.37563
2.58883 8.22335
2.74112 8.07107
2.8934 7.91878
3.04569 7.7665
3.35025 7.61421
3.50254 7.30964
3.65482 7.15736
3.80711 7.00508
3.95939 6.70051
4.26396 6.54822
4.41624 6.39594
4.56853 6.09137
4.72081 5.93909
4.8731 5.63452
5.02538 5.48223
5.17766 5.17766
5.32995 4.8731
5.32995 4.72081
5.48223 4.41624
