1.52284 3.35025
1.9797 3.04569
2.43655 2.74112
2.74112 2.43655
3.04569 2.13198
3.35025 1.82741
3.50254 1.52284
3.65482 1.21827
3.80711 0.913706
3.95939 0.609137
3.95939 0.304569
3.95939 0
3.95939 -0.456853
3.95939 -0.761421
3.80711 -1.06599
3.80711 -1.21827
3.65482 -1.52284
3.50254 -1.82741
3.35025 -2.13198
3.19797 -2.43655
3.04569 -2.58883
2.74112 -2.8934
2.58883 -3.19797
2.43655 -3.35025
2.13198 -3.65482
1.9797 -3.80711
1.82741 -4.11168
1.52284 -4.26396
1.37056 -4.56853
1.06599 -4.72081
0.913706 -4.8731
0.609137 -5.17766
0.456853 -5.32995
0.152284 -5.48223
0 -5.63452
-0.304569 -5.7868
-0.456853 -6.09137
-0.761421 -6.24365
-0.913706 -6.39594
-1.21827 -6.54822
-1.37056 -6.70051
-1.67513 -6.85279
-1.82741 -7.00508
-2.13198 -7.15736
-2.43655 -7.30964
-2.58883 -7.46193
-2.8934 -7.46193
-3.04569 -7.61421
-3.35025 -7.7665
-3.65482 -7.91878
-3.80711 -8.07107
-4.11168 -8.07107
-4.26396 -8.22335
-4.56853 -8.37563
-4.8731 -8.37563
-5.02538 -8.52792
-5.32995 -8.52792
-5.63452 -8.6802
-5.7868 -8.6802
-6.09137 -8.83249
-6.24365 -8.83249
-6.54822 -8.83249
-6.85279 -8.98477
-7.00508 -8.98477
-7.30964 -8.98477
-7.46193 -9.13706
-7.7665 -9.13706
-8.07107 -9.13706
-8.22335 -9.13706
-8.52792 -9.13706
-8.83249 -9.13706
-8.98477 -9.28934
-9.28934 -9.28934
-9.44162 -9.28934
-9.74619 -9.28934
-9.89848 -9.13706
-10.203 -9.13706
-10.3553 -9.13706
-10.6599 -9.13706
-10.9645 -9.13706
-11.1168 -9.13706
-11.4213 -9.13706
-11.5736 -8.98477
-11.7259 -8.98477
-12.0305 -8.98477
-12.1827 -8.98477
-12.4873 -8.98477
-12.6396 -8.83249
-12.9442 -8.83249
-13.0964 -8.83249
-13.2487 -8.83249
-13.5533 -8.6802
-13.7056 -8.6802
-13.8579 -8.6802
-14.1624 -8.6802
-14.3147 -8.52792
-14.6193 -8.52792
-14.7716 -8.52792
-14.9239 -8.52792
-15.2284 -8.52792
-15.3807 -8.52792
-15.533 -8.37563
-15.8376 -8.37563
-15.9898 -8.37563
-16.1421 -8.37563
-16.4467 -8.37563
-16.599 -8.37563
-16.9036 -8.22335
-17.0558 -8.22335
-17.2081 -8.22335
-17.5127 -8.22335
-17.665 -8.07107
-17.9695 -8.07107
-18.1218 -8.07107
-18.2741 -8.07107
-18.5787 -7.91878
-18.731 -7.91878
-19.0355 -7.7665
-19.1878 -7.7665
-19.3401 -7.61421
-19.6447 -7.61421
-19.797 -7.46193
-19.9492 -7.46193
-20.1015 -7.30964
-20.4061 -7.15736
-20.5584 -7.00508
-20.7107 -7.00508
-20.8629 -6.85279
-21.1675 -6.70051
-21.3198 -6.54822
-21.4721 -6.39594
-21.6244 -6.24365
-21.7766 -6.09137
-21.9289 -6.09137
-22.0812 -5.93909
-22.3858 -5.7868
-22.5381 -5.63452
-22.6904 -5.48223
-22.8426 -5.32995
-22.9949 -5.17766
-23.1472 -5.02538
-23.2995 -4.72081
-23.4518 -4.56853
-23.6041 -4.41624
-23.7563 -4.26396
-23.9086 -4.11168
-24.0609 -3.95939
-24.2132 -3.80711
-24.3655 -3.65482
-24.5178 -3.50254
-24.6701 -3.19797
-24.8223 -3.04569
-24.9746 -2.8934
-25.1269 -2.74112
-25.2792 -2.58883
-25.4315 -2.28426
-25.5838 -2.13198
-25.736 -1.9797
-25.8883 -1.82741
-25.8883 -1.52284
-26.0406 -1.37056
-26.1929 -1.21827
-26.3452 -0.913706
-26.4975 -0.761421
-26.4975 -0.456853
-26.6497 -0.304569
-26.802 -0.152284
-26.9543 0.152284
-26.9543 0.304569
-27.1066 0.609137
-27.1066 0.913706
-27.2589 1.06599
-27.2589 1.37056
-27.4112 1.52284
-27.4112 1.82741
-27.5635 1.9797
-27.5635 2.28426
-27.5635 2.58883
-27.7157 2.74112
-27.7157 3.04569
-27.7157 3.35025
-27.7157 3.50254
-27.7157 3.80711
-27.7157 4.11168
-27.868 4.26396
-27.868 4.56853
-27.868 4.8731
-27.868 5.02538
-27.868 5.32995
-27.7157 5.63452
-27.7157 5.7868
-27.7157 6.09137
-27.7157 6.39594
-27.7157 6.54822
-27.7157 6.85279
-27.5635 7.15736
-27.5635 7.30964
-27.5635 7.61421
-27.4112 7.91878
-27.4112 8.07107
-27.2589 8.37563
-27.2589 8.6802
-27.2589 8.83249
-27.1066 9.13706
-27.1066 9.44162
-26.9543 9.59391
-26.802 9.89848
-26.802 10.203
-26.6497 10.3553
-26.4975 10.6599
-26.4975 10.8122
-26.3452 11.1168
-26.1929 11.4213
-26.1929 11.5736
-26.0406 11.8782
-25.8883 12.0305
-25.736 12.335
-25.5838 12.4873
-25.4315 12.7919
-25.2792 13.0964
-25.1269 13.2487
-24.9746 13.5533
-24.8223 13.7056
-24.6701 13.8579
-24.5178 14.1624
-24.3655 14.3147
-24.2132 14.6193
-24.0609 14.7716
-23.7563 14.9239
-23.6041 15.2284
-23.4518 15.3807
-23.1472 15.533
-22.9949 15.6853
-22.8426 15.8376
-22.5381 15.9898
-22.3858 16.1421
-22.0812 16.2944
-21.9289 16.4467
-21.6244 16.599
-21.3198 16.7513
-21.1675 16.7513
-20.8629 16.9036
-20.5584 16.9036
-20.2538 17.0558
-20.1015 17.0558
-19.797 17.0558
-19.4924 17.2081
-19.1878 17.2081
-18.8832 17.2081
-18.731 17.2081
-18.4264 17.2081
-18.1218 17.2081
-17.8173 17.2081
-17.5127 17.2081
-17.3604 17.2081
-17.0558 17.2081
-16.7513 17.0558
-16.4467 17.0558
-16.2944 17.0558
-15.9898 17.0558
-15.6853 16.9036
-15.533 16.9036
-15.2284 16.9036
-14.9239 16.9036
-14.7716 16.7513
-14.467 16.7513
-14.3147 16.7513
-14.0102 16.599
-13.7056 16.599
-13.5533 16.599
-13.2487 16.599
-13.0964 16.4467
-12.7919 16.4467
-12.6396 16.4467
-12.335 16.2944
-12.1827 16.2944
-11.8782 16.2944
-11.7259 16.1421
-11.5736 16.1421
-11.269 16.1421
-11.1168 15.9898
-10.8122 15.9898
-10.6599 15.8376
-10.3553 15.8376
-10.203 15.6853
-10.0508 15.6853
-9.74619 15.533
-9.59391 15.533
-9.44162 15.3807
-9.13706 15.2284
-8.98477 15.2284
-8.83249 15.0761
-8.52792 14.9239
-8.37563 14.7716
-8.22335 14.7716
-8.07107 14.6193
-7.91878 14.467
-7.61421 14.3147
-7.46193 14.1624
-7.30964 14.0102
-7.15736 13.8579
-7.00508 13.8579
-6.85279 13.7056
-6.70051 13.5533
-6.54822 13.401
-6.39594 13.2487
-6.24365 13.0964
-6.09137 12.9442
-5.93909 12.7919
-5.7868 12.6396
-5.63452 12.4873
-5.48223 12.335
-5.32995 12.1827
-5.17766 12.0305
-5.02538 11.8782
-4.8731 11.7259
-4.72081 11.5736
-4.56853 11.4213
-4.41624 11.269
-4.26396 11.269
-4.11168 11.1168
-3.95939 10.9645
-3.80711 10.8122
-3.65482 10.6599
-3.50254 10.5076
-3.19797 10.3553
-3.04569 10.203
-2.8934 10.0508
-2.74112 9.89848
-2.58883 9.74619
-2.43655 9.59391
-2.28426 9.28934
-2.13198 9.13706
-1.9797 8.98477
-1.82741 8.83249
-1.67513 8.6802
-1.52284 8.52792
-1.37056 8.37563
-1.37056 8.07107
-1.21827 7.91878
-1.06599 7.7665
-0.913706 7.61421
-0.761421 7.30964
-0.609137 7.15736
-0.456853 7.00508
-0.304569 6.70051
-0.152284 6.54822
0 6.39594
0.152284 6.09137
0.304569 5.93909
0.304569 5.63452
0.456853 5.48223
0.609137 5.17766
0.761421 5.02538
0.913706 4.72081
1.06599 4.56853
1.21827 4.26396
1.21827 4.11168
1.37056 3.80711
1.52284 3.50254
