2.74112 3.04569
2.8934 2.8934
3.04569 2.58883
3.19797 2.28426
3.35025 1.9797
3.65482 1.67513
3.80711 1.37056
3.95939 1.06599
4.26396 0.761421
4.41624 0.304569
4.56853 0
4.8731 -0.304569
5.02538 -0.761421
5.17766 -1.06599
5.32995 -1.37056
5.48223 -1.82741
5.63452 -2.13198
5.63452 -2.58883
5.7868 -2.8934
5.7868 -3.35025
5.7868 -3.65482
5.7868 -4.11168
5.7868 -4.41624
5.7868 -4.8731
5.7868 -5.17766
5.63452 -5.48223
5.48223 -5.7868
5.32995 -6.09137
5.17766 -6.39594
4.8731 -6.70051
4.72081 -7.00508
4.41624 -7.30964
4.11168 -7.46193
3.80711 -7.7665
3.50254 -7.91878
3.19797 -8.07107
2.8934 -8.22335
2.58883 -8.52792
2.13198 -8.6802
1.82741 -8.83249
1.52284 -8.83249
1.06599 -8.98477
0.761421 -9.13706
0.456853 -9.28934
0 -9.28934
-0.304569 -9.44162
-0.609137 -9.44162
-1.06599 -9.59391
-1.37056 -9.59391
-1.67513 -9.74619
-1.9797 -9.74619
-2.28426 -9.89848
-2.74112 -9.89848
-3.04569 -9.89848
-3.35025 -10.0508
-3.65482 -10.0508
-3.95939 -10.203
-4.26396 -10.203
-4.41624 -10.203
-4.72081 -10.3553
-5.02538 -10.3553
-5.32995 -10.3553
-5.63452 -10.3553
-5.93909 -10.5076
-6.24365 -10.5076
-6.54822 -10.5076
-6.70051 -10.5076
-7.00508 -10.5076
-7.30964 -10.5076
-7.61421 -10.5076
-7.91878 -10.5076
-8.22335 -10.5076
-8.37563 -10.5076
-8.6802 -10.3553
-8.98477 -10.3553
-9.28934 -10.3553
-9.44162 -10.203
-9.74619 -10.203
-10.0508 -10.0508
-10.203 -10.0508
-10.5076 -9.89848
-10.8122 -9.89848
-10.9645 -9.74619
-11.269 -9.59391
-11.4213 -9.59391
-11.7259 -9.44162
-11.8782 -9.44162
-12.1827 -9.28934
-12.335 -9.13706
-12.6396 -9.13706
-12.7919 -8.98477
-13.0964 -8.98477
-13.2487 -8.83249
-13.401 -8.83249
-13.7056 -8.6802
-13.8579 -8.6802
-14.0102 -8.52792
-14.3147 -8.52792
-14.467 -8.52792
-14.6193 -8.37563
-14.9239 -8.37563
-15.0761 -8.37563
-15.2284 -8.37563
-15.533 -8.37563
-15.6853 -8.37563
-15.8376 -8.22335
-16.1421 -8.22335
-16.2944 -8.22335
-16.4467 -8.22335
-16.7513 -8.22335
-16.9036 -8.22335
-17.2081 -8.22335
-17.3604 -8.22335
-17.665 -8.22335
-17.8173 -8.07107
-17.9695 -8.07107
-18.2741 -8.07107
-18.4264 -8.07107
-18.731 -7.91878
-18.8832 -7.91878
-19.1878 -7.7665
-19.3401 -7.7665
-19.4924 -7.61421
-19.797 -7.61421
-19.9492 -7.46193
-20.1015 -7.30964
-20.4061 -7.30964
-20.5584 -7.15736
-20.7107 -7.00508
-20.8629 -6.85279
-21.1675 -6.85279
-21.3198 -6.70051
-21.4721 -6.54822
-21.6244 -6.39594
-21.7766 -6.24365
-21.9289 -6.09137
-22.2335 -5.93909
-22.3858 -5.7868
-22.5381 -5.63452
-22.6904 -5.48223
-22.8426 -5.32995
-22.9949 -5.17766
-23.1472 -5.02538
-23.2995 -4.8731
-23.4518 -4.56853
-23.6041 -4.41624
-23.7563 -4.26396
-23.9086 -4.11168
-24.0609 -3.95939
-24.2132 -3.80711
-24.3655 -3.65482
-24.6701 -3.35025
-24.8223 -3.19797
-24.9746 -3.04569
-25.1269 -2.8934
-25.2792 -2.74112
-25.4315 -2.43655
-25.4315 -2.28426
-25.5838 -2.13198
-25.736 -1.82741
-25.8883 -1.67513
-26.0406 -1.52284
-26.1929 -1.21827
-26.3452 -1.06599
-26.4975 -0.761421
-26.4975 -0.609137
-26.6497 -0.304569
-26.802 -0.152284
-26.9543 0.152284
-26.9543 0.304569
-27.1066 0.609137
-27.1066 0.761421
-27.2589 1.06599
-27.2589 1.37056
-27.4112 1.52284
-27.4112 1.82741
-27.5635 2.13198
-27.5635 2.28426
-27.5635 2.58883
-27.7157 2.8934
-27.7157 3.04569
-27.7157 3.35025
-27.7157 3.65482
-27.7157 3.80711
-27.7157 4.11168
-27.7157 4.41624
-27.7157 4.72081
-27.7157 4.8731
-27.7157 5.17766
-27.7157 5.48223
-27.7157 5.7868
-27.7157 5.93909
-27.7157 6.24365
-27.7157 6.54822
-27.7157 6.85279
-27.5635 7.00508
-27.5635 7.30964
-27.5635 7.61421
-27.4112 7.91878
-27.4112 8.07107
-27.4112 8.37563
-27.2589 8.6802
-27.2589 8.98477
-27.1066 9.13706
-27.1066 9.44162
-26.9543 9.74619
-26.802 9.89848
-26.802 10.203
-26.6497 10.5076
-26.4975 10.6599
-26.4975 10.9645
-26.3452 11.269
-26.1929 11.4213
-26.0406 11.7259
-25.8883 12.0305
-25.8883 12.1827
-25.736 12.4873
-25.5838 12.6396
-25.4315 12.9442
-25.2792 13.0964
-25.1269 13.401
-24.9746 13.5533
-24.8223 13.8579
-24.5178 14.0102
-24.3655 14.3147
-24.2132 14.467
-24.0609 14.7716
-23.7563 14.9239
-23.6041 15.0761
-23.4518 15.2284
-23.1472 15.533
-22.9949 15.6853
-22.6904 15.8376
-22.5381 15.9898
-22.2335 16.1421
-22.0812 16.2944
-21.7766 16.4467
-21.6244 16.599
-21.3198 16.599
-21.0152 16.7513
-20.7107 16.9036
-20.5584 16.9036
-20.2538 17.0558
-19.9492 17.0558
-19.6447 17.2081
-19.3401 17.2081
-19.1878 17.2081
-18.8832 17.3604
-18.5787 17.3604
-18.2741 17.3604
-17.9695 17.3604
-17.665 17.3604
-17.5127 17.3604
-17.2081 17.3604
-16.9036 17.3604
-16.599 17.2081
-16.2944 17.2081
-16.1421 17.2081
-15.8376 17.2081
-15.533 17.2081
-15.2284 17.0558
-15.0761 17.0558
-14.7716 17.0558
-14.467 16.9036
-14.3147 16.9036
-14.0102 16.9036
-13.8579 16.7513
-13.5533 16.7513
-13.2487 16.7513
-13.0964 16.599
-12.7919 16.599
-12.6396 16.599
-12.335 16.4467
-12.1827 16.4467
-11.8782 16.2944
-11.7259 16.2944
-11.4213 16.2944
-11.269 16.1421
-10.9645 16.1421
-10.8122 15.9898
-10.5076 15.9898
-10.3553 15.8376
-10.203 15.8376
-9.89848 15.6853
-9.74619 15.533
-9.44162 15.533
-9.28934 15.3807
-9.13706 15.3807
-8.83249 15.2284
-8.6802 15.0761
-8.52792 14.9239
-8.37563 14.9239
-8.07107 14.7716
-7.91878 14.6193
-7.7665 14.467
-7.61421 14.3147
-7.46193 14.1624
-7.15736 14.0102
-7.00508 14.0102
-6.85279 13.8579
-6.70051 13.7056
-6.54822 13.5533
-6.39594 13.401
-6.24365 13.2487
-6.09137 13.0964
-5.93909 12.9442
-5.7868 12.7919
-5.63452 12.6396
-5.48223 12.4873
-5.32995 12.335
-5.17766 12.1827
-5.02538 12.0305
-4.8731 11.8782
-4.72081 11.7259
-4.56853 11.5736
-4.41624 11.4213
-4.26396 11.269
-4.11168 11.269
-3.95939 11.1168
-3.80711 10.9645
-3.65482 10.8122
-3.50254 10.6599
-3.35025 10.5076
-3.19797 10.3553
-3.04569 10.203
-2.8934 10.0508
-2.74112 9.89848
-2.58883 9.74619
-2.43655 9.59391
-2.28426 9.44162
-2.28426 9.28934
-2.13198 9.13706
-1.9797 8.83249
-1.82741 8.6802
-1.67513 8.52792
-1.52284 8.37563
-1.37056 8.22335
-1.21827 8.07107
-1.06599 7.7665
-1.06599 7.61421
-0.913706 7.46193
-0.761421 7.30964
-0.609137 7.00508
-0.456853 6.85279
-0.456853 6.70051
-0.304569 6.39594
-0.152284 6.24365
0 6.09137
0.152284 5.93909
0.304569 5.63452
0.456853 5.48223
0.761421 5.17766
0.913706 5.02538
1.06599 4.8731
1.21827 4.56853
1.52284 4.41624
1.82741 4.11168
1.9797 3.80711
2.28426 3.65482
2.58883 3.35025
