1.52284 3.19797
1.82741 2.8934
2.28426 2.74112
2.58883 2.43655
2.8934 2.13198
3.35025 1.82741
3.65482 1.52284
3.95939 1.06599
4.26396 0.761421
4.41624 0.456853
4.72081 0
5.02538 -0.304569
5.17766 -0.609137
5.32995 -1.06599
5.48223 -1.37056
5.63452 -1.82741
5.7868 -2.28426
5.93909 -2.58883
5.93909 -3.04569
5.93909 -3.35025
5.93909 -3.80711
5.93909 -4.11168
5.93909 -4.41624
5.7868 -4.8731
5.7868 -5.17766
5.63452 -5.48223
5.48223 -5.7868
5.32995 -6.24365
5.02538 -6.54822
4.8731 -6.70051
4.56853 -7.00508
4.26396 -7.30964
3.95939 -7.46193
3.65482 -7.7665
3.35025 -7.91878
3.04569 -8.22335
2.74112 -8.37563
2.43655 -8.52792
1.9797 -8.6802
1.67513 -8.83249
1.37056 -8.98477
0.913706 -9.13706
0.609137 -9.13706
0.304569 -9.28934
-0.152284 -9.44162
-0.456853 -9.44162
-0.913706 -9.59391
-1.21827 -9.59391
-1.52284 -9.74619
-1.82741 -9.74619
-2.28426 -9.89848
-2.58883 -9.89848
-2.8934 -9.89848
-3.19797 -10.0508
-3.50254 -10.0508
-3.80711 -10.203
-4.11168 -10.203
-4.41624 -10.203
-4.72081 -10.203
-5.02538 -10.3553
-5.32995 -10.3553
-5.63452 -10.3553
-5.93909 -10.3553
-6.24365 -10.5076
-6.54822 -10.5076
-6.85279 -10.5076
-7.15736 -10.5076
-7.30964 -10.5076
-7.61421 -10.5076
-7.91878 -10.5076
-8.22335 -10.5076
-8.52792 -10.3553
-8.83249 -10.3553
-8.98477 -10.3553
-9.28934 -10.203
-9.59391 -10.203
-9.89848 -10.203
-10.0508 -10.0508
-10.3553 -10.0508
-10.6599 -9.89848
-10.8122 -9.74619
-11.1168 -9.74619
-11.4213 -9.59391
-11.5736 -9.59391
-11.8782 -9.44162
-12.0305 -9.28934
-12.335 -9.28934
-12.4873 -9.13706
-12.7919 -9.13706
-12.9442 -8.98477
-13.2487 -8.83249
-13.401 -8.83249
-13.5533 -8.6802
-13.8579 -8.6802
-14.0102 -8.52792
-14.1624 -8.52792
-14.467 -8.52792
-14.6193 -8.37563
-14.7716 -8.37563
-15.0761 -8.37563
-15.2284 -8.37563
-15.3807 -8.22335
-15.6853 -8.22335
-15.8376 -8.22335
-15.9898 -8.22335
-16.2944 -8.22335
-16.4467 -8.22335
-16.7513 -8.22335
-16.9036 -8.22335
-17.0558 -8.22335
-17.3604 -8.07107
-17.5127 -8.07107
-17.8173 -8.07107
-17.9695 -8.07107
-18.2741 -8.07107
-18.4264 -8.07107
-18.5787 -7.91878
-18.8832 -7.91878
-19.0355 -7.91878
-19.3401 -7.7665
-19.4924 -7.7665
-19.6447 -7.61421
-19.9492 -7.46193
-20.1015 -7.46193
-20.2538 -7.30964
-20.5584 -7.15736
-20.7107 -7.15736
-20.8629 -7.00508
-21.0152 -6.85279
-21.1675 -6.70051
-21.4721 -6.54822
-21.6244 -6.39594
-21.7766 -6.24365
-21.9289 -6.09137
-22.0812 -5.93909
-22.2335 -5.7868
-22.3858 -5.63452
-22.5381 -5.48223
-22.6904 -5.32995
-22.8426 -5.17766
-22.9949 -5.02538
-23.1472 -4.8731
-23.2995 -4.72081
-23.4518 -4.56853
-23.6041 -4.41624
-23.7563 -4.11168
-23.9086 -3.95939
-24.0609 -3.80711
-24.2132 -3.65482
-24.3655 -3.50254
-24.5178 -3.35025
-24.6701 -3.19797
-24.8223 -3.04569
-24.9746 -2.74112
-25.2792 -2.58883
-25.4315 -2.43655
-25.5838 -2.28426
-25.736 -2.13198
-25.8883 -1.82741
-26.0406 -1.67513
-26.0406 -1.52284
-26.1929 -1.21827
-26.3452 -1.06599
-26.4975 -0.913706
-26.6497 -0.609137
-26.802 -0.456853
-26.802 -0.152284
-26.9543 0
-27.1066 0.304569
-27.1066 0.456853
-27.2589 0.761421
-27.2589 1.06599
-27.4112 1.21827
-27.4112 1.52284
-27.4112 1.67513
-27.5635 1.9797
-27.5635 2.28426
-27.5635 2.43655
-27.5635 2.74112
-27.5635 3.04569
-27.5635 3.19797
-27.7157 3.50254
-27.7157 3.80711
-27.7157 3.95939
-27.5635 4.26396
-27.5635 4.56853
-27.5635 4.72081
-27.5635 5.02538
-27.5635 5.17766
-27.5635 5.48223
-27.5635 5.7868
-27.5635 5.93909
-27.4112 6.24365
-27.4112 6.54822
-27.4112 6.70051
-27.4112 7.00508
-27.2589 7.30964
-27.2589 7.46193
-27.2589 7.7665
-27.1066 8.07107
-27.1066 8.22335
-27.1066 8.52792
-26.9543 8.83249
-26.9543 8.98477
-26.802 9.28934
-26.802 9.59391
-26.6497 9.89848
-26.6497 10.0508
-26.4975 10.3553
-26.4975 10.6599
-26.3452 10.8122
-26.3452 11.1168
-26.1929 11.269
-26.0406 11.5736
-25.8883 11.8782
-25.8883 12.0305
-25.736 12.335
-25.5838 12.6396
-25.4315 12.7919
-25.2792 13.0964
-25.1269 13.2487
-24.9746 13.5533
-24.8223 13.7056
-24.6701 14.0102
-24.5178 14.1624
-24.3655 14.467
-24.2132 14.6193
-24.0609 14.9239
-23.9086 15.0761
-23.6041 15.2284
-23.4518 15.3807
-23.2995 15.6853
-22.9949 15.8376
-22.8426 15.9898
-22.5381 16.1421
-22.3858 16.2944
-22.0812 16.4467
-21.7766 16.599
-21.6244 16.599
-21.3198 16.7513
-21.0152 16.9036
-20.8629 16.9036
-20.5584 17.0558
-20.2538 17.0558
-19.9492 17.0558
-19.6447 17.2081
-19.3401 17.2081
-19.1878 17.2081
-18.8832 17.2081
-18.5787 17.2081
-18.2741 17.2081
-17.9695 17.2081
-17.665 17.2081
-17.3604 17.0558
-17.2081 17.0558
-16.9036 17.0558
-16.599 17.0558
-16.2944 16.9036
-16.1421 16.9036
-15.8376 16.9036
-15.533 16.7513
-15.3807 16.7513
-15.0761 16.7513
-14.7716 16.599
-14.6193 16.599
-14.3147 16.599
-14.1624 16.4467
-13.8579 16.4467
-13.7056 16.4467
-13.401 16.4467
-13.2487 16.2944
-12.9442 16.2944
-12.7919 16.2944
-12.4873 16.2944
-12.335 16.1421
-12.0305 16.1421
-11.8782 16.1421
-11.5736 16.1421
-11.4213 15.9898
-11.1168 15.9898
-10.9645 15.9898
-10.6599 15.8376
-10.5076 15.8376
-10.3553 15.8376
-10.0508 15.6853
-9.89848 15.6853
-9.59391 15.533
-9.44162 15.533
-9.28934 15.3807
-8.98477 15.2284
-8.83249 15.2284
-8.6802 15.0761
-8.37563 14.9239
-8.22335 14.7716
-8.07107 14.7716
-7.91878 14.6193
-7.7665 14.467
-7.61421 14.3147
-7.30964 14.1624
-7.15736 14.0102
-7.00508 13.8579
-6.85279 13.7056
-6.70051 13.5533
-6.54822 13.401
-6.39594 13.2487
-6.24365 13.0964
-6.09137 12.9442
-5.93909 12.7919
-5.7868 12.6396
-5.63452 12.4873
-5.48223 12.335
-5.32995 12.1827
-5.17766 12.0305
-5.02538 11.8782
-4.8731 11.8782
-4.72081 11.7259
-4.56853 11.5736
-4.41624 11.4213
-4.26396 11.269
-4.11168 11.1168
-3.95939 10.9645
-3.80711 10.8122
-3.65482 10.6599
-3.50254 10.5076
-3.35025 10.3553
-3.19797 10.203
-3.04569 10.0508
-2.8934 9.89848
-2.74112 9.74619
-2.58883 9.59391
-2.43655 9.44162
-2.28426 9.28934
-2.13198 9.13706
-1.9797 8.98477
-1.82741 8.83249
-1.67513 8.6802
-1.52284 8.37563
-1.37056 8.22335
-1.21827 8.07107
-1.06599 7.91878
-0.913706 7.7665
-0.761421 7.46193
-0.609137 7.30964
-0.456853 7.15736
-0.456853 6.85279
-0.304569 6.70051
-0.152284 6.54822
0 6.24365
0.152284 6.09137
0.304569 5.7868
0.304569 5.63452
0.456853 5.32995
0.609137 5.17766
0.761421 4.8731
0.913706 4.72081
1.06599 4.41624
1.06599 4.26396
1.21827 3.95939
1.37056 3.80711
1.52284 3.50254
