1.06599 3.95939
1.52284 3.65482
1.9797 3.35025
2.28426 3.04569
2.58883 2.74112
2.8934 2.28426
3.04569 1.9797
3.19797 1.67513
3.35025 1.21827
3.50254 0.913706
3.50254 0.609137
3.50254 0.152284
3.50254 -0.152284
3.50254 -0.456853
3.50254 -0.913706
3.35025 -1.21827
3.35025 -1.52284
3.19797 -1.82741
3.04569 -2.13198
2.74112 -2.43655
2.58883 -2.74112
2.43655 -3.04569
2.13198 -3.35025
1.9797 -3.50254
1.67513 -3.80711
1.37056 -4.11168
1.06599 -4.26396
0.761421 -4.56853
0.456853 -4.72081
0.152284 -4.8731
-0.152284 -5.02538
-0.456853 -5.32995
-0.761421 -5.48223
-1.21827 -5.63452
-1.52284 -5.7868
-1.82741 -5.7868
-2.13198 -5.93909
-2.43655 -6.09137
-2.8934 -6.24365
-3.19797 -6.24365
-3.50254 -6.39594
-3.80711 -6.39594
-4.11168 -6.54822
-4.41624 -6.54822
-4.8731 -6.70051
-5.17766 -6.70051
-5.48223 -6.85279
-5.63452 -6.85279
-5.93909 -7.00508
-6.24365 -7.00508
-6.54822 -7.15736
-6.85279 -7.15736
-7.00508 -7.30964
-7.30964 -7.30964
-7.61421 -7.46193
-7.7665 -7.46193
-8.07107 -7.61421
-8.22335 -7.61421
-8.52792 -7.7665
-8.83249 -7.7665
-8.98477 -7.91878
-9.28934 -7.91878
-9.44162 -8.07107
-9.74619 -8.07107
-9.89848 -8.22335
-10.203 -8.22335
-10.3553 -8.37563
-10.6599 -8.37563
-10.8122 -8.52792
-11.1168 -8.52792
-11.269 -8.52792
-11.5736 -8.6802
-11.7259 -8.6802
-12.0305 -8.6802
-12.1827 -8.6802
-12.4873 -8.83249
-12.6396 -8.83249
-12.9442 -8.83249
-13.0964 -8.83249
-13.401 -8.83249
-13.5533 -8.83249
-13.8579 -8.83249
-14.0102 -8.83249
-14.3147 -8.83249
-14.467 -8.6802
-14.7716 -8.6802
-14.9239 -8.6802
-15.2284 -8.6802
-15.3807 -8.6802
-15.6853 -8.52792
-15.8376 -8.52792
-15.9898 -8.52792
-16.2944 -8.37563
-16.4467 -8.37563
-16.7513 -8.37563
-16.9036 -8.22335
-17.0558 -8.22335
-17.3604 -8.22335
-17.5127 -8.07107
-17.665 -8.07107
-17.9695 -7.91878
-18.1218 -7.91878
-18.2741 -7.91878
-18.5787 -7.7665
-18.731 -7.7665
-18.8832 -7.61421
-19.1878 -7.61421
-19.3401 -7.46193
-19.4924 -7.46193
-19.797 -7.30964
-19.9492 -7.30964
-20.1015 -7.15736
-20.2538 -7.15736
-20.5584 -7.00508
-20.7107 -6.85279
-20.8629 -6.85279
-21.0152 -6.70051
-21.1675 -6.70051
-21.4721 -6.54822
-21.6244 -6.39594
-21.7766 -6.39594
-21.9289 -6.24365
-22.0812 -6.09137
-22.2335 -5.93909
-22.5381 -5.93909
-22.6904 -5.7868
-22.8426 -5.63452
-22.9949 -5.48223
-23.1472 -5.48223
-23.2995 -5.32995
-23.4518 -5.17766
-23.6041 -5.02538
-23.7563 -4.8731
-24.0609 -4.72081
-24.2132 -4.72081
-24.3655 -4.56853
-24.5178 -4.41624
-24.6701 -4.26396
-24.8223 -4.11168
-24.9746 -3.95939
-25.1269 -3.80711
-25.2792 -3.65482
-25.4315 -3.50254
-25.4315 -3.35025
-25.5838 -3.19797
-25.736 -3.04569
-25.8883 -2.8934
-26.0406 -2.74112
-26.1929 -2.43655
-26.3452 -2.28426
-26.4975 -2.13198
-26.4975 -1.9797
-26.6497 -1.82741
-26.802 -1.67513
-26.9543 -1.37056
-27.1066 -1.21827
-27.1066 -1.06599
-27.2589 -0.913706
-27.4112 -0.761421
-27.4112 -0.456853
-27.5635 -0.304569
-27.7157 -0.152284
-27.7157 0.152284
-27.868 0.304569
-27.868 0.456853
-28.0203 0.761421
-28.0203 0.913706
-28.1726 1.06599
-28.1726 1.37056
-28.3249 1.52284
-28.3249 1.67513
-28.4772 1.9797
-28.4772 2.13198
-28.4772 2.43655
-28.6294 2.58883
-28.6294 2.8934
-28.6294 3.04569
-28.7817 3.35025
-28.7817 3.50254
-28.7817 3.80711
-28.7817 3.95939
-28.7817 4.11168
-28.7817 4.41624
-28.7817 4.56853
-28.7817 4.8731
-28.934 5.02538
-28.7817 5.32995
-28.7817 5.63452
-28.7817 5.7868
-28.7817 6.09137
-28.7817 6.24365
-28.7817 6.54822
-28.7817 6.70051
-28.7817 7.00508
-28.6294 7.15736
-28.6294 7.46193
-28.6294 7.61421
-28.4772 7.7665
-28.4772 8.07107
-28.3249 8.22335
-28.3249 8.52792
-28.3249 8.6802
-28.1726 8.98477
-28.1726 9.13706
-28.0203 9.44162
-27.868 9.59391
-27.868 9.89848
-27.7157 10.0508
-27.7157 10.203
-27.5635 10.5076
-27.4112 10.6599
-27.4112 10.9645
-27.2589 11.1168
-27.1066 11.269
-27.1066 11.5736
-26.9543 11.7259
-26.802 11.8782
-26.6497 12.1827
-26.6497 12.335
-26.4975 12.6396
-26.3452 12.7919
-26.1929 12.9442
-26.0406 13.2487
-25.8883 13.401
-25.736 13.5533
-25.736 13.8579
-25.5838 14.0102
-25.4315 14.1624
-25.2792 14.3147
-24.9746 14.6193
-24.8223 14.7716
-24.6701 14.9239
-24.5178 15.0761
-24.3655 15.2284
-24.2132 15.3807
-23.9086 15.533
-23.7563 15.6853
-23.6041 15.8376
-23.2995 15.9898
-23.1472 16.1421
-22.9949 16.2944
-22.6904 16.2944
-22.5381 16.4467
-22.2335 16.599
-22.0812 16.599
-21.7766 16.7513
-21.6244 16.7513
-21.3198 16.9036
-21.0152 16.9036
-20.8629 17.0558
-20.5584 17.0558
-20.4061 17.0558
-20.1015 17.0558
-19.797 17.0558
-19.6447 17.2081
-19.3401 17.2081
-19.1878 17.2081
-18.8832 17.2081
-18.5787 17.2081
-18.4264 17.2081
-18.1218 17.2081
-17.9695 17.2081
-17.665 17.2081
-17.5127 17.2081
-17.2081 17.2081
-17.0558 17.0558
-16.7513 17.0558
-16.4467 17.0558
-16.2944 17.0558
-15.9898 17.0558
-15.8376 17.0558
-15.533 17.0558
-15.3807 16.9036
-15.2284 16.9036
-14.9239 16.9036
-14.7716 16.9036
-14.467 16.9036
-14.3147 16.7513
-14.0102 16.7513
-13.8579 16.7513
-13.5533 16.7513
-13.401 16.599
-13.0964 16.599
-12.9442 16.599
-12.6396 16.4467
-12.4873 16.4467
-12.335 16.4467
-12.0305 16.2944
-11.8782 16.2944
-11.5736 16.1421
-11.4213 16.1421
-11.269 15.9898
-10.9645 15.9898
-10.8122 15.8376
-10.5076 15.8376
-10.3553 15.6853
-10.203 15.6853
-9.89848 15.533
-9.74619 15.3807
-9.59391 15.3807
-9.28934 15.2284
-9.13706 15.0761
-8.98477 15.0761
-8.6802 14.9239
-8.52792 14.7716
-8.37563 14.6193
-8.07107 14.6193
-7.91878 14.467
-7.7665 14.3147
-7.61421 14.1624
-7.30964 14.0102
-7.15736 13.8579
-7.00508 13.8579
-6.85279 13.7056
-6.54822 13.5533
-6.39594 13.401
-6.24365 13.2487
-6.09137 13.0964
-5.93909 12.9442
-5.7868 12.7919
-5.48223 12.6396
-5.32995 12.4873
-5.17766 12.335
-5.02538 12.1827
-4.8731 11.8782
-4.72081 11.7259
-4.56853 11.5736
-4.26396 11.4213
-4.11168 11.269
-3.95939 11.1168
-3.80711 10.9645
-3.65482 10.6599
-3.50254 10.5076
-3.35025 10.3553
-3.19797 10.203
-2.8934 9.89848
-2.74112 9.74619
-2.58883 9.59391
-2.43655 9.44162
-2.28426 9.13706
-2.13198 8.98477
-1.9797 8.6802
-1.67513 8.52792
-1.52284 8.37563
-1.37056 8.07107
-1.21827 7.91878
-1.06599 7.61421
-0.913706 7.46193
-0.609137 7.15736
-0.456853 7.00508
-0.304569 6.70051
-0.152284 6.39594
0 6.24365
0.152284 5.93909
0.304569 5.63452
0.456853 5.32995
0.609137 5.17766
0.761421 4.8731
0.913706 4.56853
1.06599 4.26396
