0.609137 4.8731
0.913706 4.56853
1.21827 4.26396
1.52284 3.95939
1.67513 3.65482
1.82741 3.35025
2.13198 3.04569
2.28426 2.58883
2.43655 2.28426
2.58883 1.9797
2.58883 1.67513
2.74112 1.21827
2.74112 0.913706
2.8934 0.609137
2.8934 0.304569
2.8934 -0.152284
2.8934 -0.456853
2.8934 -0.761421
2.74112 -1.06599
2.74112 -1.52284
2.58883 -1.82741
2.58883 -2.13198
2.43655 -2.43655
2.28426 -2.74112
2.13198 -3.04569
1.82741 -3.35025
1.67513 -3.50254
1.37056 -3.80711
1.21827 -4.11168
0.913706 -4.26396
0.609137 -4.56853
0.304569 -4.72081
0 -4.8731
-0.304569 -5.02538
-0.609137 -5.32995
-0.913706 -5.48223
-1.21827 -5.63452
-1.52284 -5.7868
-1.82741 -5.7868
-2.13198 -5.93909
-2.43655 -6.09137
-2.8934 -6.24365
-3.19797 -6.24365
-3.50254 -6.39594
-3.80711 -6.54822
-4.11168 -6.54822
-4.41624 -6.70051
-4.72081 -6.70051
-5.02538 -6.85279
-5.32995 -6.85279
-5.63452 -7.00508
-5.93909 -7.00508
-6.09137 -7.15736
-6.39594 -7.15736
-6.70051 -7.30964
-7.00508 -7.46193
-7.15736 -7.46193
-7.46193 -7.61421
-7.7665 -7.61421
-7.91878 -7.7665
-8.22335 -7.7665
-8.52792 -7.91878
-8.6802 -7.91878
-8.98477 -8.07107
-9.13706 -8.07107
-9.44162 -8.22335
-9.74619 -8.22335
-9.89848 -8.37563
-10.203 -8.37563
-10.3553 -8.37563
-10.6599 -8.52792
-10.9645 -8.52792
-11.1168 -8.6802
-11.4213 -8.6802
-11.5736 -8.6802
-11.8782 -8.6802
-12.1827 -8.6802
-12.335 -8.83249
-12.6396 -8.83249
-12.9442 -8.83249
-13.0964 -8.83249
-13.401 -8.83249
-13.5533 -8.83249
-13.8579 -8.83249
-14.1624 -8.83249
-14.3147 -8.83249
-14.6193 -8.6802
-14.7716 -8.6802
-15.0761 -8.6802
-15.2284 -8.6802
-15.533 -8.6802
-15.6853 -8.52792
-15.9898 -8.52792
-16.1421 -8.52792
-16.4467 -8.52792
-16.599 -8.37563
-16.9036 -8.37563
-17.0558 -8.22335
-17.3604 -8.22335
-17.5127 -8.22335
-17.8173 -8.07107
-17.9695 -8.07107
-18.2741 -7.91878
-18.4264 -7.91878
-18.731 -7.7665
-18.8832 -7.7665
-19.0355 -7.61421
-19.3401 -7.61421
-19.4924 -7.46193
-19.6447 -7.30964
-19.9492 -7.30964
-20.1015 -7.15736
-20.2538 -7.00508
-20.5584 -7.00508
-20.7107 -6.85279
-20.8629 -6.70051
-21.1675 -6.54822
-21.3198 -6.54822
-21.4721 -6.39594
-21.6244 -6.24365
-21.7766 -6.09137
-22.0812 -5.93909
-22.2335 -5.7868
-22.3858 -5.7868
-22.5381 -5.63452
-22.6904 -5.48223
-22.8426 -5.32995
-22.9949 -5.17766
-23.1472 -5.02538
-23.2995 -4.8731
-23.4518 -4.72081
-23.6041 -4.56853
-23.7563 -4.41624
-23.9086 -4.26396
-24.0609 -4.11168
-24.2132 -3.80711
-24.3655 -3.65482
-24.5178 -3.50254
-24.6701 -3.35025
-24.8223 -3.19797
-24.9746 -3.04569
-24.9746 -2.8934
-25.1269 -2.74112
-25.2792 -2.58883
-25.4315 -2.43655
-25.5838 -2.13198
-25.736 -1.9797
-25.736 -1.82741
-25.8883 -1.67513
-26.0406 -1.52284
-26.1929 -1.37056
-26.3452 -1.06599
-26.3452 -0.913706
-26.4975 -0.761421
-26.6497 -0.609137
-26.6497 -0.456853
-26.802 -0.152284
-26.9543 0
-27.1066 0.152284
-27.1066 0.304569
-27.2589 0.609137
-27.2589 0.761421
-27.4112 0.913706
-27.5635 1.21827
-27.5635 1.37056
-27.7157 1.52284
-27.7157 1.82741
-27.868 1.9797
-27.868 2.13198
-28.0203 2.43655
-28.0203 2.58883
-28.0203 2.8934
-28.1726 3.04569
-28.1726 3.19797
-28.1726 3.50254
-28.1726 3.65482
-28.3249 3.95939
-28.3249 4.11168
-28.3249 4.41624
-28.3249 4.56853
-28.3249 4.8731
-28.3249 5.02538
-28.3249 5.32995
-28.3249 5.48223
-28.3249 5.7868
-28.3249 5.93909
-28.3249 6.24365
-28.3249 6.39594
-28.3249 6.54822
-28.3249 6.85279
-28.1726 7.00508
-28.1726 7.30964
-28.1726 7.46193
-28.0203 7.7665
-28.0203 7.91878
-28.0203 8.22335
-27.868 8.37563
-27.868 8.52792
-27.7157 8.83249
-27.7157 8.98477
-27.5635 9.28934
-27.5635 9.44162
-27.4112 9.59391
-27.4112 9.89848
-27.2589 10.0508
-27.2589 10.203
-27.1066 10.5076
-26.9543 10.6599
-26.9543 10.8122
-26.802 11.1168
-26.6497 11.269
-26.6497 11.4213
-26.4975 11.7259
-26.3452 11.8782
-26.1929 12.0305
-26.1929 12.1827
-26.0406 12.4873
-25.8883 12.6396
-25.736 12.7919
-25.5838 13.0964
-25.5838 13.2487
-25.4315 13.401
-25.2792 13.5533
-25.1269 13.8579
-24.9746 14.0102
-24.8223 14.1624
-24.6701 14.3147
-24.5178 14.467
-24.3655 14.7716
-24.2132 14.9239
-24.0609 15.0761
-23.9086 15.2284
-23.7563 15.3807
-23.6041 15.533
-23.4518 15.6853
-23.1472 15.8376
-22.9949 15.9898
-22.8426 16.1421
-22.6904 16.1421
-22.3858 16.2944
-22.2335 16.4467
-22.0812 16.599
-21.7766 16.599
-21.6244 16.7513
-21.3198 16.7513
-21.1675 16.9036
-20.8629 16.9036
-20.7107 17.0558
-20.4061 17.0558
-20.2538 17.0558
-19.9492 17.0558
-19.797 17.2081
-19.4924 17.2081
-19.3401 17.2081
-19.0355 17.2081
-18.8832 17.2081
-18.5787 17.2081
-18.4264 17.2081
-18.1218 17.2081
-17.9695 17.2081
-17.665 17.2081
-17.5127 17.2081
-17.2081 17.2081
-17.0558 17.2081
-16.7513 17.0558
-16.599 17.0558
-16.4467 17.0558
-16.1421 17.0558
-15.9898 17.0558
-15.6853 17.0558
-15.533 16.9036
-15.3807 16.9036
-15.0761 16.9036
-14.9239 16.9036
-14.6193 16.9036
-14.467 16.7513
-14.3147 16.7513
-14.0102 16.7513
-13.8579 16.7513
-13.7056 16.599
-13.401 16.599
-13.2487 16.599
-13.0964 16.4467
-12.7919 16.4467
-12.6396 16.4467
-12.4873 16.2944
-12.1827 16.2944
-12.0305 16.2944
-11.8782 16.1421
-11.5736 16.1421
-11.4213 15.9898
-11.269 15.9898
-10.9645 15.9898
-10.8122 15.8376
-10.6599 15.8376
-10.5076 15.6853
-10.203 15.6853
-10.0508 15.533
-9.89848 15.533
-9.74619 15.3807
-9.44162 15.2284
-9.28934 15.2284
-9.13706 15.0761
-8.98477 15.0761
-8.6802 14.9239
-8.52792 14.7716
-8.37563 14.6193
-8.22335 14.6193
-7.91878 14.467
-7.7665 14.3147
-7.61421 14.1624
-7.46193 14.1624
-7.30964 14.0102
-7.15736 13.8579
-6.85279 13.7056
-6.70051 13.5533
-6.54822 13.401
-6.39594 13.2487
-6.24365 13.2487
-6.09137 13.0964
-5.93909 12.9442
-5.7868 12.7919
-5.63452 12.6396
-5.48223 12.4873
-5.32995 12.335
-5.02538 12.1827
-4.8731 12.0305
-4.72081 11.8782
-4.56853 11.5736
-4.41624 11.4213
-4.26396 11.269
-4.11168 11.1168
-3.95939 10.9645
-3.80711 10.8122
-3.65482 10.6599
-3.50254 10.5076
-3.35025 10.203
-3.04569 10.0508
-2.8934 9.89848
-2.74112 9.74619
-2.58883 9.59391
-2.43655 9.28934
-2.28426 9.13706
-2.13198 8.98477
-1.82741 8.6802
-1.67513 8.52792
-1.52284 8.37563
-1.37056 8.07107
-1.21827 7.91878
-1.06599 7.61421
-0.761421 7.46193
-0.609137 7.15736
-0.456853 7.00508
-0.304569 6.70051
-0.152284 6.39594
0 6.24365
0.152284 5.93909
0.304569 5.63452
0.456853 5.32995
0.609137 5.17766
