1.52284 3.19797
1.82741 2.8934
2.28426 2.58883
2.58883 2.28426
2.8934 1.9797
3.19797 1.67513
3.50254 1.37056
3.80711 1.06599
4.11168 0.761421
4.41624 0.456853
4.72081 0
4.8731 -0.304569
5.17766 -0.761421
5.32995 -1.06599
5.48223 -1.52284
5.63452 -1.82741
5.63452 -2.28426
5.7868 -2.58883
5.93909 -3.04569
5.93909 -3.35025
5.93909 -3.80711
5.93909 -4.11168
5.7868 -4.41624
5.7868 -4.8731
5.63452 -5.17766
5.48223 -5.48223
5.32995 -5.7868
5.17766 -6.09137
5.02538 -6.39594
4.72081 -6.70051
4.56853 -7.00508
4.26396 -7.30964
3.95939 -7.46193
3.65482 -7.7665
3.35025 -7.91878
3.04569 -8.07107
2.74112 -8.37563
2.43655 -8.52792
1.9797 -8.6802
1.67513 -8.83249
1.37056 -8.98477
0.913706 -8.98477
0.609137 -9.13706
0.304569 -9.28934
-0.152284 -9.44162
-0.456853 -9.44162
-0.761421 -9.59391
-1.21827 -9.59391
-1.52284 -9.74619
-1.82741 -9.74619
-2.13198 -9.89848
-2.58883 -9.89848
-2.8934 -9.89848
-3.19797 -10.0508
-3.50254 -10.0508
-3.80711 -10.203
-4.11168 -10.203
-4.41624 -10.203
-4.72081 -10.3553
-5.02538 -10.3553
-5.32995 -10.3553
-5.63452 -10.3553
-5.93909 -10.3553
-6.09137 -10.5076
-6.39594 -10.5076
-6.70051 -10.5076
-7.00508 -10.5076
-7.30964 -10.5076
-7.61421 -10.5076
-7.91878 -10.5076
-8.07107 -10.5076
-8.37563 -10.5076
-8.6802 -10.3553
-8.98477 -10.3553
-9.28934 -10.3553
-9.44162 -10.203
-9.74619 -10.203
-10.0508 -10.0508
-10.3553 -10.0508
-10.5076 -9.89848
-10.8122 -9.89848
-11.1168 -9.74619
-11.269 -9.74619
-11.5736 -9.59391
-11.7259 -9.44162
-12.0305 -9.44162
-12.1827 -9.28934
-12.4873 -9.28934
-12.6396 -9.13706
-12.9442 -8.98477
-13.0964 -8.98477
-13.2487 -8.83249
-13.5533 -8.83249
-13.7056 -8.6802
-13.8579 -8.6802
-14.1624 -8.52792
-14.3147 -8.52792
-14.467 -8.52792
-14.7716 -8.37563
-14.9239 -8.37563
-15.0761 -8.37563
-15.3807 -8.37563
-15.533 -8.37563
-15.6853 -8.22335
-15.9898 -8.22335
-16.1421 -8.22335
-16.4467 -8.22335
-16.599 -8.22335
-16.7513 -8.22335
-17.0558 -8.22335
-17.2081 -8.22335
-17.5127 -8.22335
-17.665 -8.07107
-17.8173 -8.07107
-18.1218 -8.07107
-18.2741 -8.07107
-18.5787 -8.07107
-18.731 -7.91878
-19.0355 -7.91878
-19.1878 -7.7665
-19.3401 -7.7665
-19.6447 -7.61421
-19.797 -7.61421
-20.1015 -7.46193
-20.2538 -7.46193
-20.4061 -7.30964
-20.5584 -7.15736
-20.8629 -7.00508
-21.0152 -7.00508
-21.1675 -6.85279
-21.3198 -6.70051
-21.4721 -6.54822
-21.7766 -6.39594
-21.9289 -6.24365
-22.0812 -6.09137
-22.2335 -5.93909
-22.3858 -5.7868
-22.5381 -5.63452
-22.6904 -5.48223
-22.8426 -5.32995
-22.9949 -5.17766
-23.1472 -5.02538
-23.2995 -4.8731
-23.4518 -4.72081
-23.6041 -4.56853
-23.7563 -4.26396
-23.9086 -4.11168
-24.0609 -3.95939
-24.2132 -3.80711
-24.3655 -3.65482
-24.5178 -3.50254
-24.6701 -3.35025
-24.8223 -3.04569
-24.9746 -2.8934
-25.1269 -2.74112
-25.2792 -2.58883
-25.4315 -2.28426
-25.5838 -2.13198
-25.736 -1.9797
-25.8883 -1.67513
-26.0406 -1.52284
-26.1929 -1.37056
-26.3452 -1.06599
-26.3452 -0.913706
-26.4975 -0.609137
-26.6497 -0.456853
-26.802 -0.304569
-26.802 0
-26.9543 0.304569
-26.9543 0.456853
-27.1066 0.761421
-27.2589 0.913706
-27.2589 1.21827
-27.2589 1.37056
-27.4112 1.67513
-27.4112 1.9797
-27.4112 2.13198
-27.5635 2.43655
-27.5635 2.74112
-27.5635 2.8934
-27.5635 3.19797
-27.5635 3.35025
-27.7157 3.65482
-27.7157 3.95939
-27.7157 4.26396
-27.7157 4.41624
-27.7157 4.72081
-27.7157 5.02538
-27.5635 5.17766
-27.5635 5.48223
-27.5635 5.7868
-27.5635 5.93909
-27.5635 6.24365
-27.5635 6.54822
-27.4112 6.70051
-27.4112 7.00508
-27.4112 7.30964
-27.4112 7.46193
-27.2589 7.7665
-27.2589 8.07107
-27.2589 8.22335
-27.1066 8.52792
-27.1066 8.83249
-26.9543 9.13706
-26.9543 9.28934
-26.802 9.59391
-26.802 9.89848
-26.6497 10.0508
-26.6497 10.3553
-26.4975 10.6599
-26.3452 10.8122
-26.3452 11.1168
-26.1929 11.269
-26.0406 11.5736
-25.8883 11.8782
-25.8883 12.0305
-25.736 12.335
-25.5838 12.6396
-25.4315 12.7919
-25.2792 13.0964
-25.1269 13.2487
-24.9746 13.5533
-24.8223 13.7056
-24.6701 14.0102
-24.5178 14.1624
-24.3655 14.467
-24.2132 14.6193
-24.0609 14.9239
-23.7563 15.0761
-23.6041 15.2284
-23.4518 15.533
-23.1472 15.6853
-22.9949 15.8376
-22.8426 15.9898
-22.5381 16.1421
-22.3858 16.2944
-22.0812 16.4467
-21.7766 16.599
-21.6244 16.7513
-21.3198 16.9036
-21.0152 16.9036
-20.7107 17.0558
-20.5584 17.0558
-20.2538 17.2081
-19.9492 17.2081
-19.6447 17.2081
-19.3401 17.2081
-19.0355 17.2081
-18.731 17.2081
-18.5787 17.2081
-18.2741 17.2081
-17.9695 17.2081
-17.665 17.2081
-17.3604 17.2081
-17.0558 17.2081
-16.9036 17.0558
-16.599 17.0558
-16.2944 17.0558
-15.9898 16.9036
-15.8376 16.9036
-15.533 16.9036
-15.2284 16.7513
-15.0761 16.7513
-14.7716 16.7513
-14.467 16.599
-14.3147 16.599
-14.0102 16.599
-13.8579 16.4467
-13.5533 16.4467
-13.401 16.4467
-13.0964 16.4467
-12.9442 16.2944
-12.6396 16.2944
-12.4873 16.2944
-12.1827 16.2944
-12.0305 16.1421
-11.7259 16.1421
-11.5736 16.1421
-11.269 15.9898
-11.1168 15.9898
-10.8122 15.9898
-10.6599 15.8376
-10.3553 15.8376
-10.203 15.8376
-9.89848 15.6853
-9.74619 15.6853
-9.59391 15.533
-9.28934 15.533
-9.13706 15.3807
-8.98477 15.2284
-8.6802 15.2284
-8.52792 15.0761
-8.37563 14.9239
-8.07107 14.7716
-7.91878 14.7716
-7.7665 14.6193
-7.61421 14.467
-7.46193 14.3147
-7.30964 14.1624
-7.00508 14.0102
-6.85279 13.8579
-6.70051 13.7056
-6.54822 13.5533
-6.39594 13.401
-6.24365 13.2487
-6.09137 13.0964
-5.93909 12.9442
-5.7868 12.7919
-5.63452 12.6396
-5.48223 12.4873
-5.32995 12.335
-5.17766 12.1827
-5.02538 12.0305
-4.8731 11.8782
-4.72081 11.7259
-4.56853 11.5736
-4.41624 11.4213
-4.26396 11.269
-4.26396 11.1168
-4.11168 11.1168
-3.95939 10.9645
-3.80711 10.8122
-3.65482 10.6599
-3.50254 10.5076
-3.35025 10.3553
-3.19797 10.203
-3.04569 9.89848
-2.8934 9.74619
-2.74112 9.59391
-2.58883 9.44162
-2.43655 9.28934
-2.28426 9.13706
-2.13198 8.98477
-1.9797 8.83249
-1.82741 8.6802
-1.67513 8.52792
-1.52284 8.37563
-1.37056 8.07107
-1.21827 7.91878
-1.06599 7.7665
-0.913706 7.61421
-0.761421 7.46193
-0.761421 7.15736
-0.609137 7.00508
-0.456853 6.85279
-0.304569 6.54822
-0.152284 6.39594
0 6.24365
0.152284 5.93909
0.304569 5.7868
0.456853 5.48223
0.456853 5.32995
0.609137 5.17766
0.761421 4.8731
0.913706 4.56853
1.06599 4.41624
1.21827 4.11168
1.21827 3.95939
1.37056 3.65482
1.52284 3.35025
