1.21827 3.35025
1.67513 3.19797
2.13198 2.8934
2.43655 2.58883
2.8934 2.28426
3.19797 1.9797
3.50254 1.67513
3.80711 1.21827
4.11168 0.913706
4.41624 0.609137
4.56853 0.152284
4.8731 -0.152284
5.02538 -0.609137
5.17766 -0.913706
5.32995 -1.37056
5.48223 -1.67513
5.48223 -2.13198
5.63452 -2.43655
5.63452 -2.8934
5.63452 -3.19797
5.63452 -3.50254
5.63452 -3.95939
5.63452 -4.26396
5.48223 -4.72081
5.32995 -5.02538
5.17766 -5.32995
5.02538 -5.63452
4.8731 -5.93909
4.56853 -6.24365
4.41624 -6.54822
4.11168 -6.85279
3.80711 -7.00508
3.50254 -7.30964
3.19797 -7.46193
2.8934 -7.7665
2.58883 -7.91878
2.28426 -8.07107
1.9797 -8.22335
1.52284 -8.37563
1.21827 -8.52792
0.913706 -8.6802
0.456853 -8.83249
0.152284 -8.83249
-0.304569 -8.98477
-0.609137 -8.98477
-0.913706 -9.13706
-1.37056 -9.13706
-1.67513 -9.28934
-2.13198 -9.28934
-2.43655 -9.28934
-2.74112 -9.44162
-3.04569 -9.44162
-3.50254 -9.44162
-3.80711 -9.44162
-4.11168 -9.59391
-4.41624 -9.59391
-4.72081 -9.59391
-5.02538 -9.59391
-5.32995 -9.59391
-5.63452 -9.59391
-5.93909 -9.59391
-6.24365 -9.59391
-6.54822 -9.59391
-6.85279 -9.59391
-7.15736 -9.59391
-7.46193 -9.59391
-7.7665 -9.59391
-7.91878 -9.59391
-8.22335 -9.59391
-8.52792 -9.59391
-8.83249 -9.59391
-8.98477 -9.59391
-9.28934 -9.44162
-9.59391 -9.44162
-9.74619 -9.44162
-10.0508 -9.44162
-10.3553 -9.44162
-10.5076 -9.28934
-10.8122 -9.28934
-10.9645 -9.28934
-11.269 -9.28934
-11.5736 -9.13706
-11.7259 -9.13706
-12.0305 -9.13706
-12.1827 -9.13706
-12.4873 -8.98477
-12.6396 -8.98477
-12.7919 -8.98477
-13.0964 -8.98477
-13.2487 -8.83249
-13.5533 -8.83249
-13.7056 -8.83249
-13.8579 -8.83249
-14.1624 -8.6802
-14.3147 -8.6802
-14.6193 -8.6802
-14.7716 -8.6802
-14.9239 -8.52792
-15.2284 -8.52792
-15.3807 -8.52792
-15.533 -8.52792
-15.8376 -8.52792
-15.9898 -8.37563
-16.2944 -8.37563
-16.4467 -8.37563
-16.599 -8.37563
-16.9036 -8.22335
-17.0558 -8.22335
-17.2081 -8.22335
-17.5127 -8.22335
-17.665 -8.07107
-17.9695 -8.07107
-18.1218 -8.07107
-18.2741 -7.91878
-18.5787 -7.91878
-18.731 -7.91878
-18.8832 -7.7665
-19.1878 -7.7665
-19.3401 -7.61421
-19.6447 -7.61421
-19.797 -7.46193
-19.9492 -7.30964
-20.1015 -7.30964
-20.4061 -7.15736
-20.5584 -7.00508
-20.7107 -6.85279
-20.8629 -6.85279
-21.1675 -6.70051
-21.3198 -6.54822
-21.4721 -6.39594
-21.6244 -6.24365
-21.7766 -6.09137
-21.9289 -5.93909
-22.0812 -5.7868
-22.2335 -5.63452
-22.5381 -5.48223
-22.6904 -5.48223
-22.8426 -5.32995
-22.9949 -5.02538
-23.1472 -4.8731
-23.2995 -4.72081
-23.4518 -4.56853
-23.6041 -4.41624
-23.7563 -4.26396
-23.9086 -4.11168
-24.0609 -3.95939
-24.2132 -3.80711
-24.3655 -3.65482
-24.5178 -3.50254
-24.6701 -3.35025
-24.8223 -3.19797
-24.9746 -2.8934
-25.1269 -2.74112
-25.2792 -2.58883
-25.4315 -2.43655
-25.5838 -2.28426
-25.736 -1.9797
-25.8883 -1.82741
-26.0406 -1.67513
-26.1929 -1.52284
-26.3452 -1.21827
-26.4975 -1.06599
-26.4975 -0.913706
-26.6497 -0.609137
-26.802 -0.456853
-26.9543 -0.152284
-27.1066 0
-27.1066 0.304569
-27.2589 0.456853
-27.2589 0.761421
-27.4112 0.913706
-27.5635 1.21827
-27.5635 1.37056
-27.5635 1.67513
-27.7157 1.9797
-27.7157 2.13198
-27.868 2.43655
-27.868 2.58883
-27.868 2.8934
-27.868 3.19797
-27.868 3.35025
-28.0203 3.65482
-28.0203 3.95939
-28.0203 4.11168
-28.0203 4.41624
-28.0203 4.72081
-28.0203 4.8731
-28.0203 5.17766
-28.0203 5.48223
-28.0203 5.63452
-27.868 5.93909
-27.868 6.24365
-27.868 6.39594
-27.868 6.70051
-27.868 7.00508
-27.7157 7.15736
-27.7157 7.46193
-27.7157 7.7665
-27.5635 7.91878
-27.5635 8.22335
-27.4112 8.52792
-27.4112 8.6802
-27.2589 8.98477
-27.2589 9.28934
-27.1066 9.44162
-27.1066 9.74619
-26.9543 10.0508
-26.9543 10.203
-26.802 10.5076
-26.6497 10.6599
-26.6497 10.9645
-26.4975 11.269
-26.3452 11.4213
-26.1929 11.7259
-26.1929 11.8782
-26.0406 12.1827
-25.8883 12.335
-25.736 12.6396
-25.5838 12.9442
-25.4315 13.0964
-25.2792 13.401
-25.1269 13.5533
-24.9746 13.8579
-24.8223 14.0102
-24.6701 14.1624
-24.5178 14.467
-24.3655 14.6193
-24.2132 14.9239
-24.0609 15.0761
-23.7563 15.2284
-23.6041 15.3807
-23.4518 15.6853
-23.1472 15.8376
-22.9949 15.9898
-22.6904 16.1421
-22.5381 16.2944
-22.2335 16.4467
-22.0812 16.599
-21.7766 16.7513
-21.6244 16.7513
-21.3198 16.9036
-21.0152 17.0558
-20.8629 17.0558
-20.5584 17.2081
-20.2538 17.2081
-19.9492 17.3604
-19.6447 17.3604
-19.4924 17.3604
-19.1878 17.3604
-18.8832 17.3604
-18.5787 17.3604
-18.2741 17.3604
-18.1218 17.3604
-17.8173 17.3604
-17.5127 17.3604
-17.2081 17.3604
-17.0558 17.3604
-16.7513 17.3604
-16.4467 17.2081
-16.1421 17.2081
-15.9898 17.2081
-15.6853 17.2081
-15.3807 17.0558
-15.2284 17.0558
-14.9239 17.0558
-14.6193 16.9036
-14.467 16.9036
-14.1624 16.9036
-14.0102 16.7513
-13.7056 16.7513
-13.5533 16.7513
-13.2487 16.599
-13.0964 16.599
-12.7919 16.599
-12.6396 16.4467
-12.335 16.4467
-12.1827 16.4467
-11.8782 16.2944
-11.7259 16.2944
-11.4213 16.1421
-11.269 16.1421
-11.1168 15.9898
-10.8122 15.9898
-10.6599 15.8376
-10.3553 15.8376
-10.203 15.6853
-10.0508 15.6853
-9.74619 15.533
-9.59391 15.3807
-9.44162 15.3807
-9.13706 15.2284
-8.98477 15.0761
-8.83249 15.0761
-8.6802 14.9239
-8.37563 14.7716
-8.22335 14.6193
-8.07107 14.467
-7.91878 14.467
-7.7665 14.3147
-7.61421 14.1624
-7.30964 14.0102
-7.15736 13.8579
-7.00508 13.7056
-6.85279 13.5533
-6.70051 13.401
-6.54822 13.401
-6.39594 13.2487
-6.24365 13.0964
-6.09137 12.9442
-5.93909 12.7919
-5.7868 12.6396
-5.63452 12.4873
-5.48223 12.335
-5.32995 12.1827
-5.17766 12.0305
-5.02538 11.8782
-4.8731 11.7259
-4.72081 11.7259
-4.56853 11.5736
-4.26396 11.4213
-4.11168 11.269
-3.95939 11.1168
-3.80711 10.9645
-3.65482 10.8122
-3.50254 10.6599
-3.35025 10.5076
-3.19797 10.3553
-3.04569 10.203
-2.8934 10.0508
-2.74112 9.89848
-2.58883 9.74619
-2.43655 9.59391
-2.28426 9.28934
-2.13198 9.13706
-1.9797 8.98477
-1.82741 8.83249
-1.67513 8.6802
-1.52284 8.52792
-1.37056 8.22335
-1.37056 8.07107
-1.21827 7.91878
-1.06599 7.7665
-0.913706 7.46193
-0.761421 7.30964
-0.609137 7.15736
-0.456853 6.85279
-0.304569 6.70051
-0.152284 6.39594
-0.152284 6.24365
0 6.09137
0.152284 5.7868
0.304569 5.63452
0.456853 5.32995
0.609137 5.17766
0.761421 4.8731
0.761421 4.72081
0.913706 4.41624
1.06599 4.11168
1.21827 3.95939
1.37056 3.65482
