0.761421 4.72081
1.06599 4.41624
1.52284 4.11168
1.82741 3.65482
2.13198 3.35025
2.28426 3.04569
2.58883 2.58883
2.74112 2.28426
2.8934 1.82741
3.04569 1.52284
3.19797 1.06599
3.19797 0.609137
3.19797 0.304569
3.35025 -0.152284
3.35025 -0.456853
3.19797 -0.913706
3.19797 -1.21827
3.19797 -1.52284
3.04569 -1.9797
2.8934 -2.28426
2.74112 -2.58883
2.58883 -3.04569
2.28426 -3.35025
2.13198 -3.65482
1.82741 -3.95939
1.67513 -4.26396
1.37056 -4.41624
1.06599 -4.72081
0.761421 -5.02538
0.304569 -5.17766
0 -5.32995
-0.304569 -5.63452
-0.761421 -5.7868
-1.06599 -5.93909
-1.52284 -6.09137
-1.82741 -6.24365
-2.28426 -6.39594
-2.58883 -6.54822
-3.04569 -6.54822
-3.35025 -6.70051
-3.80711 -6.85279
-4.11168 -6.85279
-4.56853 -7.00508
-4.8731 -7.00508
-5.32995 -7.00508
-5.63452 -7.15736
-5.93909 -7.15736
-6.24365 -7.30964
-6.70051 -7.30964
-7.00508 -7.46193
-7.30964 -7.46193
-7.61421 -7.46193
-7.91878 -7.61421
-8.07107 -7.61421
-8.37563 -7.7665
-8.6802 -7.7665
-8.98477 -7.91878
-9.28934 -7.91878
-9.44162 -8.07107
-9.74619 -8.22335
-10.0508 -8.22335
-10.203 -8.37563
-10.5076 -8.37563
-10.8122 -8.52792
-10.9645 -8.52792
-11.269 -8.6802
-11.5736 -8.6802
-11.7259 -8.83249
-12.0305 -8.83249
-12.335 -8.83249
-12.4873 -8.98477
-12.7919 -8.98477
-13.0964 -8.98477
-13.2487 -8.98477
-13.5533 -8.98477
-13.8579 -8.98477
-14.0102 -8.98477
-14.3147 -8.98477
-14.6193 -8.98477
-14.7716 -8.98477
-15.0761 -8.98477
-15.3807 -8.83249
-15.533 -8.83249
-15.8376 -8.83249
-15.9898 -8.6802
-16.2944 -8.6802
-16.599 -8.52792
-16.7513 -8.52792
-17.0558 -8.52792
-17.2081 -8.37563
-17.5127 -8.22335
-17.665 -8.22335
-17.9695 -8.07107
-18.1218 -8.07107
-18.4264 -7.91878
-18.5787 -7.7665
-18.731 -7.7665
-19.0355 -7.61421
-19.1878 -7.61421
-19.3401 -7.46193
-19.6447 -7.30964
-19.797 -7.30964
-19.9492 -7.15736
-20.2538 -7.00508
-20.4061 -7.00508
-20.5584 -6.85279
-20.7107 -6.70051
-21.0152 -6.70051
-21.1675 -6.54822
-21.3198 -6.39594
-21.4721 -6.39594
-21.6244 -6.24365
-21.9289 -6.09137
-22.0812 -6.09137
-22.2335 -5.93909
-22.3858 -5.7868
-22.5381 -5.7868
-22.6904 -5.63452
-22.8426 -5.48223
-22.9949 -5.32995
-23.2995 -5.32995
-23.4518 -5.17766
-23.6041 -5.02538
-23.7563 -4.8731
-23.9086 -4.72081
-24.0609 -4.72081
-24.2132 -4.56853
-24.3655 -4.41624
-24.5178 -4.26396
-24.6701 -4.11168
-24.8223 -3.95939
-24.9746 -3.95939
-25.1269 -3.80711
-25.2792 -3.65482
-25.4315 -3.50254
-25.5838 -3.35025
-25.736 -3.19797
-25.8883 -3.04569
-25.8883 -2.8934
-26.0406 -2.74112
-26.1929 -2.58883
-26.3452 -2.43655
-26.4975 -2.28426
-26.6497 -2.13198
-26.802 -1.9797
-26.9543 -1.82741
-26.9543 -1.67513
-27.1066 -1.52284
-27.2589 -1.37056
-27.4112 -1.21827
-27.5635 -1.06599
-27.5635 -0.913706
-27.7157 -0.761421
-27.868 -0.609137
-28.0203 -0.456853
-28.0203 -0.152284
-28.1726 0
-28.3249 0.152284
-28.3249 0.304569
-28.4772 0.456853
-28.4772 0.609137
-28.6294 0.913706
-28.7817 1.06599
-28.7817 1.21827
-28.934 1.37056
-28.934 1.67513
-28.934 1.82741
-29.0863 1.9797
-29.0863 2.28426
-29.2386 2.43655
-29.2386 2.58883
-29.2386 2.8934
-29.3909 3.04569
-29.3909 3.19797
-29.3909 3.50254
-29.3909 3.65482
-29.3909 3.80711
-29.5431 4.11168
-29.5431 4.26396
-29.5431 4.56853
-29.5431 4.72081
-29.5431 4.8731
-29.5431 5.17766
-29.5431 5.32995
-29.5431 5.48223
-29.5431 5.7868
-29.5431 5.93909
-29.5431 6.24365
-29.3909 6.39594
-29.3909 6.54822
-29.3909 6.85279
-29.3909 7.00508
-29.3909 7.15736
-29.2386 7.46193
-29.2386 7.61421
-29.2386 7.91878
-29.2386 8.07107
-29.0863 8.22335
-29.0863 8.52792
-29.0863 8.6802
-28.934 8.83249
-28.934 9.13706
-28.7817 9.28934
-28.7817 9.44162
-28.6294 9.74619
-28.6294 9.89848
-28.4772 10.0508
-28.4772 10.3553
-28.3249 10.5076
-28.3249 10.6599
-28.1726 10.9645
-28.0203 11.1168
-28.0203 11.269
-27.868 11.4213
-27.7157 11.7259
-27.7157 11.8782
-27.5635 12.0305
-27.4112 12.1827
-27.2589 12.335
-27.1066 12.4873
-27.1066 12.7919
-26.9543 12.9442
-26.802 13.0964
-26.6497 13.2487
-26.4975 13.401
-26.3452 13.5533
-26.1929 13.7056
-26.0406 13.8579
-25.8883 14.0102
-25.736 14.1624
-25.5838 14.3147
-25.4315 14.467
-25.2792 14.6193
-25.1269 14.7716
-24.8223 14.9239
-24.6701 15.0761
-24.5178 15.2284
-24.3655 15.3807
-24.2132 15.3807
-24.0609 15.533
-23.7563 15.6853
-23.6041 15.8376
-23.4518 15.9898
-23.2995 15.9898
-22.9949 16.1421
-22.8426 16.2944
-22.6904 16.4467
-22.5381 16.4467
-22.2335 16.599
-22.0812 16.7513
-21.9289 16.7513
-21.6244 16.9036
-21.4721 16.9036
-21.3198 17.0558
-21.0152 17.0558
-20.8629 17.2081
-20.5584 17.2081
-20.4061 17.3604
-20.1015 17.3604
-19.9492 17.3604
-19.797 17.5127
-19.4924 17.5127
-19.3401 17.5127
-19.0355 17.5127
-18.8832 17.665
-18.5787 17.665
-18.4264 17.665
-18.1218 17.665
-17.9695 17.665
-17.665 17.665
-17.5127 17.5127
-17.2081 17.5127
-17.0558 17.5127
-16.7513 17.5127
-16.599 17.5127
-16.2944 17.5127
-16.1421 17.3604
-15.9898 17.3604
-15.6853 17.3604
-15.533 17.2081
-15.2284 17.2081
-15.0761 17.2081
-14.7716 17.0558
-14.6193 17.0558
-14.467 17.0558
-14.1624 16.9036
-14.0102 16.9036
-13.7056 16.9036
-13.5533 16.7513
-13.401 16.7513
-13.0964 16.7513
-12.9442 16.599
-12.6396 16.599
-12.4873 16.599
-12.1827 16.4467
-12.0305 16.4467
-11.7259 16.2944
-11.5736 16.2944
-11.4213 16.2944
-11.1168 16.1421
-10.9645 16.1421
-10.6599 15.9898
-10.5076 15.9898
-10.203 15.8376
-10.0508 15.8376
-9.74619 15.6853
-9.59391 15.533
-9.28934 15.533
-9.13706 15.3807
-8.98477 15.2284
-8.6802 15.0761
-8.52792 15.0761
-8.22335 14.9239
-8.07107 14.7716
-7.91878 14.6193
-7.7665 14.467
-7.46193 14.3147
-7.30964 14.1624
-7.15736 14.0102
-7.00508 13.8579
-6.70051 13.7056
-6.54822 13.5533
-6.39594 13.401
-6.24365 13.2487
-6.09137 13.0964
-5.7868 12.7919
-5.63452 12.6396
-5.48223 12.4873
-5.32995 12.335
-5.17766 12.1827
-5.02538 11.8782
-4.72081 11.7259
-4.56853 11.5736
-4.41624 11.4213
-4.26396 11.1168
-4.11168 10.9645
-3.80711 10.8122
-3.65482 10.5076
-3.50254 10.3553
-3.19797 10.203
-3.04569 9.89848
-2.8934 9.74619
-2.58883 9.59391
-2.43655 9.28934
-2.28426 9.13706
-1.9797 8.83249
-1.82741 8.6802
-1.67513 8.37563
-1.37056 8.07107
-1.21827 7.91878
-1.06599 7.61421
-0.761421 7.30964
-0.609137 7.00508
-0.456853 6.85279
-0.152284 6.54822
0 6.24365
0.152284 5.93909
0.304569 5.63452
0.609137 5.32995
0.761421 5.02538
