6.39594 1.9797
6.54822 1.67513
6.54822 1.37056
6.54822 1.06599
6.54822 0.609137
6.54822 0.304569
6.54822 0
6.54822 -0.304569
6.39594 -0.609137
6.39594 -0.913706
6.24365 -1.21827
6.24365 -1.52284
6.09137 -1.82741
5.93909 -2.13198
5.7868 -2.43655
5.63452 -2.74112
5.32995 -3.04569
5.17766 -3.35025
5.02538 -3.65482
4.8731 -3.80711
4.56853 -4.11168
4.41624 -4.41624
4.11168 -4.56853
3.80711 -4.8731
3.65482 -5.02538
3.35025 -5.32995
3.04569 -5.48223
2.8934 -5.63452
2.58883 -5.93909
2.28426 -6.09137
1.9797 -6.24365
1.82741 -6.39594
1.52284 -6.54822
1.21827 -6.70051
0.913706 -6.85279
0.609137 -7.00508
0.304569 -7.15736
0.152284 -7.30964
-0.152284 -7.46193
-0.456853 -7.61421
-0.761421 -7.61421
-0.913706 -7.7665
-1.21827 -7.91878
-1.52284 -8.07107
-1.82741 -8.07107
-1.9797 -8.22335
-2.28426 -8.37563
-2.43655 -8.37563
-2.74112 -8.52792
-3.04569 -8.6802
-3.19797 -8.83249
-3.35025 -8.83249
-3.65482 -8.98477
-3.80711 -9.13706
-4.11168 -9.28934
-4.26396 -9.28934
-4.56853 -9.44162
-4.72081 -9.59391
-4.8731 -9.74619
-5.17766 -9.74619
-5.32995 -9.89848
-5.63452 -10.0508
-5.7868 -10.203
-5.93909 -10.203
-6.24365 -10.3553
-6.39594 -10.5076
-6.70051 -10.5076
-6.85279 -10.6599
-7.15736 -10.8122
-7.30964 -10.8122
-7.61421 -10.9645
-7.7665 -10.9645
-8.07107 -10.9645
-8.22335 -11.1168
-8.52792 -11.1168
-8.6802 -11.1168
-8.98477 -11.269
-9.13706 -11.269
-9.44162 -11.269
-9.59391 -11.269
-9.89848 -11.269
-10.203 -11.269
-10.3553 -11.269
-10.6599 -11.269
-10.8122 -11.269
-11.1168 -11.269
-11.269 -11.269
-11.5736 -11.1168
-11.7259 -11.1168
-12.0305 -11.1168
-12.1827 -11.1168
-12.4873 -11.1168
-12.6396 -11.1168
-12.9442 -10.9645
-13.0964 -10.9645
-13.401 -10.9645
-13.5533 -10.9645
-13.8579 -10.9645
-14.0102 -10.8122
-14.3147 -10.8122
-14.467 -10.8122
-14.7716 -10.8122
-14.9239 -10.8122
-15.2284 -10.6599
-15.3807 -10.6599
-15.6853 -10.6599
-15.8376 -10.6599
-16.1421 -10.6599
-16.2944 -10.6599
-16.599 -10.5076
-16.7513 -10.5076
-17.0558 -10.5076
-17.2081 -10.5076
-17.5127 -10.3553
-17.8173 -10.3553
-17.9695 -10.3553
-18.2741 -10.203
-18.4264 -10.203
-18.731 -10.203
-18.8832 -10.0508
-19.1878 -10.0508
-19.4924 -10.0508
-19.6447 -9.89848
-19.9492 -9.89848
-20.1015 -9.74619
-20.4061 -9.74619
-20.7107 -9.59391
-20.8629 -9.44162
-21.1675 -9.44162
-21.3198 -9.28934
-21.6244 -9.13706
-21.9289 -9.13706
-22.0812 -8.98477
-22.3858 -8.83249
-22.5381 -8.6802
-22.8426 -8.52792
-22.9949 -8.37563
-23.2995 -8.22335
-23.4518 -8.07107
-23.7563 -7.91878
-23.9086 -7.7665
-24.2132 -7.61421
-24.3655 -7.46193
-24.5178 -7.30964
-24.8223 -7.15736
-24.9746 -7.00508
-25.1269 -6.70051
-25.4315 -6.54822
-25.5838 -6.39594
-25.736 -6.09137
-25.8883 -5.93909
-26.0406 -5.63452
-26.1929 -5.48223
-26.3452 -5.17766
-26.6497 -5.02538
-26.6497 -4.72081
-26.802 -4.56853
-26.9543 -4.26396
-27.1066 -3.95939
-27.2589 -3.80711
-27.4112 -3.50254
-27.5635 -3.19797
-27.5635 -3.04569
-27.7157 -2.74112
-27.7157 -2.43655
-27.868 -2.13198
-28.0203 -1.9797
-28.0203 -1.67513
-28.0203 -1.37056
-28.1726 -1.06599
-28.1726 -0.761421
-28.1726 -0.609137
-28.3249 -0.304569
-28.3249 0
-28.3249 0.304569
-28.3249 0.609137
-28.3249 0.913706
-28.3249 1.21827
-28.3249 1.37056
-28.3249 1.67513
-28.3249 1.9797
-28.3249 2.28426
-28.3249 2.58883
-28.3249 2.8934
-28.1726 3.04569
-28.1726 3.35025
-28.1726 3.65482
-28.0203 3.95939
-28.0203 4.26396
-28.0203 4.41624
-27.868 4.72081
-27.868 5.02538
-27.7157 5.32995
-27.7157 5.63452
-27.5635 5.7868
-27.5635 6.09137
-27.4112 6.39594
-27.4112 6.54822
-27.2589 6.85279
-27.2589 7.15736
-27.1066 7.46193
-26.9543 7.61421
-26.9543 7.91878
-26.802 8.22335
-26.6497 8.37563
-26.4975 8.6802
-26.3452 8.83249
-26.3452 9.13706
-26.1929 9.44162
-26.0406 9.59391
-25.8883 9.89848
-25.736 10.0508
-25.5838 10.3553
-25.4315 10.5076
-25.2792 10.8122
-25.1269 10.9645
-24.9746 11.269
-24.6701 11.4213
-24.5178 11.5736
-24.3655 11.8782
-24.2132 12.0305
-24.0609 12.1827
-23.7563 12.335
-23.6041 12.6396
-23.4518 12.7919
-23.1472 12.9442
-22.9949 13.0964
-22.6904 13.2487
-22.5381 13.401
-22.2335 13.5533
-22.0812 13.7056
-21.7766 13.8579
-21.6244 14.0102
-21.3198 14.1624
-21.1675 14.1624
-20.8629 14.3147
-20.5584 14.467
-20.4061 14.467
-20.1015 14.6193
-19.797 14.6193
-19.6447 14.7716
-19.3401 14.7716
-19.0355 14.9239
-18.8832 14.9239
-18.5787 14.9239
-18.2741 14.9239
-17.9695 14.9239
-17.8173 15.0761
-17.5127 15.0761
-17.2081 15.0761
-16.9036 15.0761
-16.7513 14.9239
-16.4467 14.9239
-16.1421 14.9239
-15.9898 14.9239
-15.6853 14.9239
-15.3807 14.9239
-15.2284 14.9239
-14.9239 14.7716
-14.7716 14.7716
-14.467 14.7716
-14.3147 14.7716
-14.0102 14.6193
-13.8579 14.6193
-13.5533 14.6193
-13.401 14.6193
-13.0964 14.6193
-12.9442 14.467
-12.6396 14.467
-12.4873 14.467
-12.1827 14.467
-12.0305 14.467
-11.8782 14.467
-11.5736 14.3147
-11.4213 14.3147
-11.1168 14.3147
-10.9645 14.3147
-10.6599 14.3147
-10.5076 14.3147
-10.3553 14.1624
-10.0508 14.1624
-9.89848 14.1624
-9.59391 14.1624
-9.44162 14.1624
-9.28934 14.0102
-8.98477 14.0102
-8.83249 14.0102
-8.52792 14.0102
-8.37563 13.8579
-8.22335 13.8579
-7.91878 13.8579
-7.7665 13.7056
-7.46193 13.7056
-7.30964 13.7056
-7.15736 13.5533
-6.85279 13.5533
-6.70051 13.401
-6.39594 13.401
-6.24365 13.2487
-5.93909 13.2487
-5.7868 13.0964
-5.63452 13.0964
-5.32995 12.9442
-5.17766 12.9442
-4.8731 12.7919
-4.72081 12.7919
-4.56853 12.6396
-4.26396 12.4873
-4.11168 12.4873
-3.80711 12.335
-3.65482 12.335
-3.35025 12.1827
-3.19797 12.0305
-2.8934 12.0305
-2.74112 11.8782
-2.43655 11.7259
-2.28426 11.5736
-1.9797 11.5736
-1.82741 11.4213
-1.52284 11.269
-1.37056 11.1168
-1.06599 10.9645
-0.913706 10.8122
-0.609137 10.8122
-0.456853 10.6599
-0.152284 10.5076
0 10.3553
0.304569 10.203
0.609137 10.0508
0.761421 9.74619
1.06599 9.59391
1.21827 9.44162
1.52284 9.28934
1.67513 9.13706
1.9797 8.83249
2.13198 8.6802
2.43655 8.52792
2.58883 8.22335
2.74112 8.07107
3.04569 7.91878
3.19797 7.61421
3.50254 7.46193
3.65482 7.15736
3.80711 6.85279
4.11168 6.70051
4.26396 6.39594
4.41624 6.09137
4.56853 5.93909
4.8731 5.63452
5.02538 5.32995
5.17766 5.02538
5.32995 4.72081
5.48223 4.41624
5.63452 4.11168
5.7868 3.95939
5.93909 3.65482
6.09137 3.19797
6.09137 2.8934
6.24365 2.58883
6.39594 2.28426
