1.21827 3.80711
1.52284 3.50254
1.82741 3.35025
1.9797 3.04569
2.13198 2.74112
2.43655 2.43655
2.58883 2.13198
2.58883 1.82741
2.74112 1.52284
2.8934 1.21827
2.8934 0.913706
3.04569 0.456853
3.04569 0.152284
3.04569 -0.152284
3.04569 -0.456853
3.04569 -0.761421
3.04569 -1.06599
2.8934 -1.37056
2.8934 -1.67513
2.74112 -1.9797
2.58883 -2.28426
2.43655 -2.43655
2.28426 -2.74112
2.13198 -3.04569
1.9797 -3.35025
1.82741 -3.50254
1.67513 -3.80711
1.37056 -3.95939
1.21827 -4.26396
0.913706 -4.41624
0.609137 -4.72081
0.456853 -4.8731
0.152284 -5.02538
-0.152284 -5.17766
-0.456853 -5.32995
-0.761421 -5.48223
-1.06599 -5.63452
-1.21827 -5.7868
-1.52284 -5.93909
-1.82741 -5.93909
-2.13198 -6.09137
-2.43655 -6.24365
-2.74112 -6.39594
-3.04569 -6.39594
-3.35025 -6.54822
-3.65482 -6.54822
-3.95939 -6.70051
-4.11168 -6.70051
-4.41624 -6.85279
-4.72081 -6.85279
-5.02538 -7.00508
-5.17766 -7.00508
-5.48223 -7.15736
-5.7868 -7.15736
-5.93909 -7.30964
-6.24365 -7.30964
-6.39594 -7.46193
-6.70051 -7.46193
-6.85279 -7.61421
-7.15736 -7.61421
-7.30964 -7.7665
-7.61421 -7.7665
-7.7665 -7.91878
-8.07107 -7.91878
-8.22335 -8.07107
-8.52792 -8.07107
-8.6802 -8.07107
-8.98477 -8.22335
-9.13706 -8.22335
-9.44162 -8.37563
-9.59391 -8.37563
-9.89848 -8.37563
-10.0508 -8.52792
-10.203 -8.52792
-10.5076 -8.52792
-10.6599 -8.6802
-10.9645 -8.6802
-11.1168 -8.6802
-11.4213 -8.6802
-11.5736 -8.83249
-11.8782 -8.83249
-12.0305 -8.83249
-12.335 -8.83249
-12.4873 -8.83249
-12.7919 -8.83249
-12.9442 -8.83249
-13.0964 -8.83249
-13.401 -8.83249
-13.5533 -8.83249
-13.8579 -8.83249
-14.0102 -8.83249
-14.3147 -8.83249
-14.467 -8.83249
-14.7716 -8.83249
-14.9239 -8.83249
-15.2284 -8.83249
-15.3807 -8.83249
-15.533 -8.6802
-15.8376 -8.6802
-15.9898 -8.6802
-16.2944 -8.6802
-16.4467 -8.6802
-16.7513 -8.52792
-16.9036 -8.52792
-17.0558 -8.52792
-17.3604 -8.37563
-17.5127 -8.37563
-17.8173 -8.22335
-17.9695 -8.22335
-18.1218 -8.22335
-18.4264 -8.07107
-18.5787 -8.07107
-18.8832 -7.91878
-19.0355 -7.91878
-19.1878 -7.7665
-19.4924 -7.61421
-19.6447 -7.61421
-19.797 -7.46193
-20.1015 -7.46193
-20.2538 -7.30964
-20.4061 -7.15736
-20.5584 -7.15736
-20.8629 -7.00508
-21.0152 -6.85279
-21.1675 -6.70051
-21.3198 -6.54822
-21.6244 -6.54822
-21.7766 -6.39594
-21.9289 -6.24365
-22.0812 -6.09137
-22.2335 -5.93909
-22.5381 -5.7868
-22.6904 -5.63452
-22.8426 -5.48223
-22.9949 -5.32995
-23.1472 -5.17766
-23.2995 -5.02538
-23.4518 -4.8731
-23.6041 -4.72081
-23.7563 -4.56853
-23.9086 -4.41624
-24.0609 -4.26396
-24.2132 -4.11168
-24.3655 -3.95939
-24.5178 -3.80711
-24.6701 -3.65482
-24.8223 -3.50254
-24.9746 -3.19797
-25.1269 -3.04569
-25.2792 -2.8934
-25.4315 -2.74112
-25.5838 -2.58883
-25.736 -2.28426
-25.736 -2.13198
-25.8883 -1.9797
-26.0406 -1.67513
-26.1929 -1.52284
-26.3452 -1.37056
-26.3452 -1.06599
-26.4975 -0.913706
-26.6497 -0.761421
-26.6497 -0.456853
-26.802 -0.304569
-26.9543 -0.152284
-26.9543 0.152284
-27.1066 0.304569
-27.2589 0.609137
-27.2589 0.761421
-27.4112 1.06599
-27.4112 1.21827
-27.5635 1.52284
-27.5635 1.67513
-27.5635 1.9797
-27.7157 2.13198
-27.7157 2.43655
-27.868 2.58883
-27.868 2.8934
-27.868 3.19797
-27.868 3.35025
-28.0203 3.65482
-28.0203 3.80711
-28.0203 4.11168
-28.0203 4.26396
-28.0203 4.56853
-28.0203 4.8731
-28.0203 5.02538
-28.0203 5.32995
-28.0203 5.63452
-28.0203 5.7868
-28.0203 6.09137
-28.0203 6.24365
-28.0203 6.54822
-28.0203 6.85279
-28.0203 7.00508
-27.868 7.30964
-27.868 7.61421
-27.868 7.7665
-27.7157 8.07107
-27.7157 8.22335
-27.5635 8.52792
-27.5635 8.83249
-27.5635 8.98477
-27.4112 9.28934
-27.2589 9.44162
-27.2589 9.74619
-27.1066 9.89848
-27.1066 10.203
-26.9543 10.3553
-26.802 10.6599
-26.802 10.9645
-26.6497 11.1168
-26.4975 11.4213
-26.4975 11.5736
-26.3452 11.8782
-26.1929 12.0305
-26.0406 12.335
-26.0406 12.4873
-25.8883 12.7919
-25.736 12.9442
-25.5838 13.2487
-25.4315 13.401
-25.2792 13.7056
-25.1269 13.8579
-24.9746 14.1624
-24.8223 14.3147
-24.6701 14.467
-24.5178 14.7716
-24.3655 14.9239
-24.2132 15.2284
-24.0609 15.3807
-23.9086 15.533
-23.7563 15.6853
-23.4518 15.9898
-23.2995 16.1421
-23.1472 16.2944
-22.8426 16.4467
-22.6904 16.599
-22.3858 16.7513
-22.2335 16.9036
-21.9289 16.9036
-21.6244 17.0558
-21.4721 17.2081
-21.1675 17.2081
-20.8629 17.3604
-20.7107 17.3604
-20.4061 17.3604
-20.1015 17.5127
-19.797 17.5127
-19.6447 17.5127
-19.3401 17.5127
-19.0355 17.5127
-18.731 17.5127
-18.4264 17.5127
-18.2741 17.5127
-17.9695 17.5127
-17.665 17.5127
-17.5127 17.3604
-17.2081 17.3604
-16.9036 17.3604
-16.599 17.3604
-16.4467 17.2081
-16.1421 17.2081
-15.9898 17.2081
-15.6853 17.0558
-15.3807 17.0558
-15.2284 17.0558
-14.9239 17.0558
-14.7716 16.9036
-14.467 16.9036
-14.3147 16.9036
-14.0102 16.9036
-13.8579 16.7513
-13.5533 16.7513
-13.401 16.7513
-13.0964 16.7513
-12.9442 16.599
-12.7919 16.599
-12.4873 16.599
-12.335 16.599
-12.0305 16.4467
-11.8782 16.4467
-11.5736 16.4467
-11.4213 16.2944
-11.269 16.2944
-10.9645 16.1421
-10.8122 16.1421
-10.5076 15.9898
-10.3553 15.9898
-10.203 15.8376
-9.89848 15.8376
-9.74619 15.6853
-9.59391 15.533
-9.28934 15.533
-9.13706 15.3807
-8.98477 15.2284
-8.83249 15.2284
-8.52792 15.0761
-8.37563 14.9239
-8.22335 14.7716
-8.07107 14.6193
-7.91878 14.467
-7.7665 14.467
-7.61421 14.3147
-7.30964 14.1624
-7.15736 14.0102
-7.00508 13.8579
-6.85279 13.7056
-6.70051 13.5533
-6.54822 13.401
-6.39594 13.2487
-6.24365 13.0964
-6.09137 12.9442
-5.93909 12.7919
-5.7868 12.6396
-5.63452 12.4873
-5.48223 12.335
-5.32995 12.1827
-5.17766 12.0305
-5.02538 11.8782
-4.8731 11.7259
-4.72081 11.5736
-4.56853 11.4213
-4.41624 11.269
-4.26396 11.1168
-4.11168 10.9645
-3.95939 10.8122
-3.80711 10.6599
-3.65482 10.5076
-3.50254 10.3553
-3.35025 10.203
-3.19797 10.0508
-3.04569 9.89848
-2.8934 9.74619
-2.74112 9.59391
-2.58883 9.44162
-2.43655 9.28934
-2.28426 9.13706
-2.13198 8.83249
-1.9797 8.6802
-1.82741 8.52792
-1.67513 8.37563
-1.52284 8.22335
-1.37056 7.91878
-1.21827 7.7665
-1.06599 7.61421
-0.913706 7.30964
-0.761421 7.15736
-0.609137 7.00508
-0.456853 6.70051
-0.304569 6.54822
-0.152284 6.24365
0 6.09137
0.152284 5.7868
0.304569 5.63452
0.456853 5.32995
0.609137 5.17766
0.609137 4.8731
0.761421 4.56853
0.913706 4.41624
1.06599 4.11168
