0.761421 4.26396
1.06599 3.95939
1.37056 3.65482
1.67513 3.35025
1.82741 3.04569
2.13198 2.74112
2.28426 2.43655
2.43655 2.13198
2.58883 1.82741
2.74112 1.52284
2.8934 1.06599
2.8934 0.761421
2.8934 0.456853
3.04569 0.152284
3.04569 -0.152284
3.04569 -0.456853
2.8934 -0.913706
2.8934 -1.21827
2.8934 -1.52284
2.74112 -1.82741
2.58883 -2.13198
2.43655 -2.43655
2.28426 -2.74112
2.13198 -2.8934
1.9797 -3.19797
1.82741 -3.50254
1.52284 -3.80711
1.37056 -3.95939
1.06599 -4.26396
0.761421 -4.41624
0.609137 -4.56853
0.304569 -4.8731
0 -5.02538
-0.304569 -5.17766
-0.609137 -5.32995
-0.913706 -5.48223
-1.21827 -5.63452
-1.52284 -5.7868
-1.82741 -5.93909
-2.13198 -5.93909
-2.43655 -6.09137
-2.74112 -6.24365
-3.04569 -6.39594
-3.35025 -6.39594
-3.65482 -6.54822
-3.95939 -6.54822
-4.26396 -6.70051
-4.56853 -6.70051
-4.8731 -6.85279
-5.02538 -6.85279
-5.32995 -7.00508
-5.63452 -7.15736
-5.93909 -7.15736
-6.09137 -7.30964
-6.39594 -7.30964
-6.54822 -7.46193
-6.85279 -7.61421
-7.15736 -7.61421
-7.30964 -7.7665
-7.61421 -7.7665
-7.7665 -7.91878
-8.07107 -7.91878
-8.22335 -8.07107
-8.52792 -8.07107
-8.6802 -8.22335
-8.98477 -8.22335
-9.13706 -8.37563
-9.44162 -8.37563
-9.59391 -8.52792
-9.89848 -8.52792
-10.0508 -8.6802
-10.3553 -8.6802
-10.6599 -8.6802
-10.8122 -8.6802
-11.1168 -8.83249
-11.269 -8.83249
-11.5736 -8.83249
-11.7259 -8.83249
-12.0305 -8.83249
-12.335 -8.83249
-12.4873 -8.83249
-12.7919 -8.83249
-12.9442 -8.83249
-13.2487 -8.83249
-13.401 -8.6802
-13.7056 -8.6802
-13.8579 -8.6802
-14.1624 -8.6802
-14.3147 -8.6802
-14.6193 -8.52792
-14.7716 -8.52792
-15.0761 -8.52792
-15.2284 -8.37563
-15.533 -8.37563
-15.6853 -8.37563
-15.8376 -8.37563
-16.1421 -8.22335
-16.2944 -8.22335
-16.599 -8.22335
-16.7513 -8.07107
-17.0558 -8.07107
-17.2081 -8.07107
-17.3604 -8.07107
-17.665 -7.91878
-17.8173 -7.91878
-18.1218 -7.91878
-18.2741 -7.7665
-18.4264 -7.7665
-18.731 -7.7665
-18.8832 -7.61421
-19.0355 -7.61421
-19.3401 -7.46193
-19.4924 -7.46193
-19.797 -7.30964
-19.9492 -7.30964
-20.1015 -7.15736
-20.4061 -7.15736
-20.5584 -7.00508
-20.7107 -7.00508
-21.0152 -6.85279
-21.1675 -6.70051
-21.3198 -6.70051
-21.6244 -6.54822
-21.7766 -6.39594
-21.9289 -6.39594
-22.0812 -6.24365
-22.2335 -6.09137
-22.5381 -5.93909
-22.6904 -5.7868
-22.8426 -5.63452
-22.9949 -5.48223
-23.1472 -5.32995
-23.2995 -5.17766
-23.4518 -5.02538
-23.6041 -4.8731
-23.7563 -4.72081
-23.9086 -4.56853
-24.0609 -4.41624
-24.2132 -4.26396
-24.3655 -4.11168
-24.5178 -3.95939
-24.6701 -3.80711
-24.8223 -3.65482
-24.9746 -3.50254
-25.1269 -3.19797
-25.2792 -3.04569
-25.4315 -2.8934
-25.5838 -2.74112
-25.736 -2.58883
-25.736 -2.28426
-25.8883 -2.13198
-26.0406 -1.9797
-26.1929 -1.82741
-26.3452 -1.67513
-26.3452 -1.37056
-26.4975 -1.21827
-26.6497 -1.06599
-26.802 -0.761421
-26.802 -0.609137
-26.9543 -0.456853
-27.1066 -0.152284
-27.1066 0
-27.2589 0.152284
-27.4112 0.456853
-27.4112 0.609137
-27.5635 0.913706
-27.5635 1.06599
-27.7157 1.21827
-27.7157 1.52284
-27.868 1.67513
-27.868 1.9797
-28.0203 2.13198
-28.0203 2.43655
-28.1726 2.58883
-28.1726 2.8934
-28.1726 3.04569
-28.3249 3.35025
-28.3249 3.50254
-28.3249 3.80711
-28.3249 3.95939
-28.4772 4.26396
-28.4772 4.41624
-28.4772 4.72081
-28.4772 5.02538
-28.4772 5.17766
-28.4772 5.48223
-28.4772 5.63452
-28.4772 5.93909
-28.4772 6.24365
-28.4772 6.39594
-28.4772 6.70051
-28.4772 6.85279
-28.3249 7.15736
-28.3249 7.30964
-28.3249 7.61421
-28.3249 7.91878
-28.1726 8.07107
-28.1726 8.37563
-28.1726 8.52792
-28.0203 8.83249
-28.0203 8.98477
-27.868 9.28934
-27.868 9.44162
-27.7157 9.74619
-27.7157 9.89848
-27.5635 10.203
-27.4112 10.5076
-27.4112 10.6599
-27.2589 10.9645
-27.2589 11.1168
-27.1066 11.269
-26.9543 11.5736
-26.9543 11.7259
-26.802 12.0305
-26.6497 12.1827
-26.4975 12.4873
-26.4975 12.6396
-26.3452 12.9442
-26.1929 13.0964
-26.0406 13.401
-25.8883 13.5533
-25.736 13.8579
-25.736 14.0102
-25.5838 14.3147
-25.4315 14.467
-25.2792 14.6193
-25.1269 14.9239
-24.9746 15.0761
-24.8223 15.3807
-24.6701 15.533
-24.3655 15.6853
-24.2132 15.8376
-24.0609 16.1421
-23.9086 16.2944
-23.6041 16.4467
-23.4518 16.599
-23.2995 16.7513
-22.9949 16.9036
-22.8426 17.0558
-22.5381 17.2081
-22.3858 17.2081
-22.0812 17.3604
-21.7766 17.5127
-21.6244 17.5127
-21.3198 17.665
-21.0152 17.665
-20.8629 17.8173
-20.5584 17.8173
-20.2538 17.8173
-20.1015 17.8173
-19.797 17.8173
-19.4924 17.8173
-19.1878 17.9695
-19.0355 17.8173
-18.731 17.8173
-18.4264 17.8173
-18.2741 17.8173
-17.9695 17.8173
-17.665 17.8173
-17.5127 17.8173
-17.2081 17.8173
-16.9036 17.665
-16.7513 17.665
-16.4467 17.665
-16.1421 17.665
-15.9898 17.665
-15.6853 17.5127
-15.533 17.5127
-15.2284 17.5127
-15.0761 17.5127
-14.7716 17.5127
-14.6193 17.3604
-14.3147 17.3604
-14.1624 17.3604
-13.8579 17.3604
-13.7056 17.3604
-13.401 17.2081
-13.2487 17.2081
-12.9442 17.2081
-12.7919 17.2081
-12.4873 17.0558
-12.335 17.0558
-12.0305 16.9036
-11.8782 16.9036
-11.7259 16.9036
-11.4213 16.7513
-11.269 16.7513
-10.9645 16.599
-10.8122 16.599
-10.6599 16.4467
-10.3553 16.2944
-10.203 16.2944
-10.0508 16.1421
-9.74619 15.9898
-9.59391 15.8376
-9.44162 15.8376
-9.28934 15.6853
-8.98477 15.533
-8.83249 15.3807
-8.6802 15.2284
-8.52792 15.0761
-8.37563 14.9239
-8.22335 14.9239
-8.07107 14.7716
-7.91878 14.6193
-7.61421 14.467
-7.46193 14.3147
-7.30964 14.1624
-7.15736 14.0102
-7.00508 13.8579
-6.85279 13.7056
-6.70051 13.5533
-6.54822 13.401
-6.39594 13.2487
-6.24365 13.0964
-6.09137 12.9442
-5.93909 12.7919
-5.7868 12.6396
-5.63452 12.4873
-5.48223 12.335
-5.32995 12.1827
-5.17766 12.0305
-5.02538 11.8782
-4.8731 11.7259
-4.72081 11.5736
-4.56853 11.4213
-4.41624 11.269
-4.26396 11.1168
-4.11168 10.9645
-3.95939 10.8122
-3.80711 10.6599
-3.65482 10.3553
-3.50254 10.203
-3.35025 10.0508
-3.19797 9.89848
-3.04569 9.74619
-2.8934 9.59391
-2.74112 9.44162
-2.58883 9.13706
-2.43655 8.98477
-2.28426 8.83249
-2.13198 8.6802
-1.9797 8.37563
-1.67513 8.22335
-1.52284 8.07107
-1.37056 7.7665
-1.21827 7.61421
-1.06599 7.46193
-0.913706 7.15736
-0.761421 7.00508
-0.609137 6.70051
-0.456853 6.54822
-0.304569 6.24365
-0.152284 6.09137
0 5.7868
0.152284 5.48223
0.304569 5.32995
0.304569 5.02538
0.456853 4.72081
0.609137 4.56853
