0.761421 4.41624
1.06599 4.11168
1.37056 3.80711
1.52284 3.50254
1.82741 3.19797
1.9797 2.8934
2.13198 2.58883
2.28426 2.28426
2.58883 1.9797
2.58883 1.52284
2.74112 1.21827
2.8934 0.913706
2.8934 0.609137
3.04569 0.152284
3.04569 -0.152284
3.04569 -0.456853
3.04569 -0.761421
3.04569 -1.06599
3.04569 -1.52284
2.8934 -1.82741
2.8934 -2.13198
2.74112 -2.43655
2.58883 -2.74112
2.43655 -3.04569
2.28426 -3.19797
2.13198 -3.50254
1.82741 -3.80711
1.67513 -4.11168
1.37056 -4.26396
1.06599 -4.56853
0.913706 -4.72081
0.609137 -4.8731
0.304569 -5.02538
0 -5.32995
-0.304569 -5.48223
-0.761421 -5.63452
-1.06599 -5.63452
-1.37056 -5.7868
-1.67513 -5.93909
-1.9797 -6.09137
-2.28426 -6.09137
-2.58883 -6.24365
-3.04569 -6.39594
-3.35025 -6.39594
-3.65482 -6.54822
-3.95939 -6.54822
-4.26396 -6.70051
-4.56853 -6.70051
-4.8731 -6.85279
-5.02538 -6.85279
-5.32995 -7.00508
-5.63452 -7.00508
-5.93909 -7.15736
-6.09137 -7.15736
-6.39594 -7.30964
-6.54822 -7.46193
-6.85279 -7.46193
-7.15736 -7.61421
-7.30964 -7.61421
-7.61421 -7.7665
-7.7665 -7.91878
-8.07107 -7.91878
-8.22335 -8.07107
-8.52792 -8.07107
-8.6802 -8.22335
-8.98477 -8.22335
-9.13706 -8.37563
-9.44162 -8.52792
-9.59391 -8.52792
-9.89848 -8.52792
-10.0508 -8.6802
-10.3553 -8.6802
-10.6599 -8.6802
-10.8122 -8.83249
-11.1168 -8.83249
-11.269 -8.83249
-11.5736 -8.83249
-11.8782 -8.83249
-12.0305 -8.83249
-12.335 -8.83249
-12.4873 -8.83249
-12.7919 -8.83249
-12.9442 -8.83249
-13.2487 -8.83249
-13.401 -8.6802
-13.7056 -8.6802
-14.0102 -8.6802
-14.1624 -8.6802
-14.467 -8.52792
-14.6193 -8.52792
-14.9239 -8.52792
-15.0761 -8.37563
-15.2284 -8.37563
-15.533 -8.37563
-15.6853 -8.22335
-15.9898 -8.22335
-16.1421 -8.22335
-16.4467 -8.07107
-16.599 -8.07107
-16.7513 -8.07107
-17.0558 -7.91878
-17.2081 -7.91878
-17.5127 -7.91878
-17.665 -7.91878
-17.8173 -7.7665
-18.1218 -7.7665
-18.2741 -7.7665
-18.5787 -7.61421
-18.731 -7.61421
-18.8832 -7.46193
-19.1878 -7.46193
-19.3401 -7.46193
-19.6447 -7.30964
-19.797 -7.30964
-19.9492 -7.15736
-20.2538 -7.15736
-20.4061 -7.00508
-20.5584 -7.00508
-20.8629 -6.85279
-21.0152 -6.85279
-21.1675 -6.70051
-21.4721 -6.54822
-21.6244 -6.39594
-21.7766 -6.39594
-21.9289 -6.24365
-22.2335 -6.09137
-22.3858 -5.93909
-22.5381 -5.7868
-22.6904 -5.7868
-22.8426 -5.63452
-22.9949 -5.48223
-23.2995 -5.32995
-23.4518 -5.17766
-23.6041 -5.02538
-23.7563 -4.8731
-23.9086 -4.72081
-24.0609 -4.56853
-24.2132 -4.41624
-24.3655 -4.11168
-24.5178 -3.95939
-24.6701 -3.80711
-24.8223 -3.65482
-24.8223 -3.50254
-24.9746 -3.35025
-25.1269 -3.19797
-25.2792 -2.8934
-25.4315 -2.74112
-25.5838 -2.58883
-25.736 -2.43655
-25.736 -2.28426
-25.8883 -1.9797
-26.0406 -1.82741
-26.1929 -1.67513
-26.3452 -1.52284
-26.3452 -1.21827
-26.4975 -1.06599
-26.6497 -0.913706
-26.6497 -0.609137
-26.802 -0.456853
-26.9543 -0.304569
-26.9543 0
-27.1066 0.152284
-27.2589 0.304569
-27.2589 0.609137
-27.4112 0.761421
-27.4112 0.913706
-27.5635 1.21827
-27.5635 1.37056
-27.7157 1.67513
-27.7157 1.82741
-27.868 2.13198
-27.868 2.28426
-28.0203 2.43655
-28.0203 2.74112
-28.1726 2.8934
-28.1726 3.19797
-28.1726 3.35025
-28.3249 3.65482
-28.3249 3.95939
-28.3249 4.11168
-28.3249 4.41624
-28.4772 4.56853
-28.4772 4.8731
-28.4772 5.02538
-28.4772 5.32995
-28.4772 5.48223
-28.4772 5.7868
-28.4772 6.09137
-28.4772 6.24365
-28.4772 6.54822
-28.4772 6.70051
-28.4772 7.00508
-28.3249 7.15736
-28.3249 7.46193
-28.3249 7.7665
-28.3249 7.91878
-28.1726 8.22335
-28.1726 8.37563
-28.0203 8.6802
-28.0203 8.83249
-27.868 9.13706
-27.868 9.28934
-27.7157 9.59391
-27.7157 9.74619
-27.5635 10.0508
-27.5635 10.203
-27.4112 10.5076
-27.2589 10.6599
-27.2589 10.9645
-27.1066 11.1168
-26.9543 11.4213
-26.9543 11.5736
-26.802 11.8782
-26.6497 12.0305
-26.6497 12.335
-26.4975 12.4873
-26.3452 12.7919
-26.1929 12.9442
-26.1929 13.2487
-26.0406 13.401
-25.8883 13.7056
-25.736 13.8579
-25.736 14.1624
-25.5838 14.3147
-25.4315 14.6193
-25.2792 14.7716
-25.1269 15.0761
-24.9746 15.2284
-24.8223 15.3807
-24.6701 15.6853
-24.5178 15.8376
-24.3655 16.1421
-24.2132 16.2944
-23.9086 16.4467
-23.7563 16.599
-23.6041 16.9036
-23.4518 17.0558
-23.1472 17.2081
-22.9949 17.3604
-22.6904 17.5127
-22.5381 17.665
-22.2335 17.665
-22.0812 17.8173
-21.7766 17.9695
-21.4721 17.9695
-21.3198 18.1218
-21.0152 18.1218
-20.7107 18.2741
-20.5584 18.2741
-20.2538 18.2741
-19.9492 18.4264
-19.6447 18.4264
-19.4924 18.4264
-19.1878 18.4264
-18.8832 18.4264
-18.5787 18.4264
-18.4264 18.4264
-18.1218 18.4264
-17.8173 18.4264
-17.5127 18.2741
-17.3604 18.2741
-17.0558 18.2741
-16.7513 18.2741
-16.599 18.1218
-16.2944 18.1218
-15.9898 18.1218
-15.8376 18.1218
-15.533 17.9695
-15.3807 17.9695
-15.0761 17.9695
-14.9239 17.8173
-14.6193 17.8173
-14.3147 17.665
-14.1624 17.665
-13.8579 17.665
-13.7056 17.5127
-13.401 17.5127
-13.2487 17.3604
-13.0964 17.3604
-12.7919 17.2081
-12.6396 17.2081
-12.335 17.0558
-12.1827 17.0558
-11.8782 16.9036
-11.7259 16.9036
-11.5736 16.7513
-11.269 16.7513
-11.1168 16.599
-10.9645 16.4467
-10.6599 16.4467
-10.5076 16.2944
-10.3553 16.1421
-10.0508 16.1421
-9.89848 15.9898
-9.74619 15.8376
-9.59391 15.6853
-9.28934 15.533
-9.13706 15.533
-8.98477 15.3807
-8.83249 15.2284
-8.6802 15.0761
-8.52792 14.9239
-8.22335 14.9239
-8.07107 14.7716
-7.91878 14.6193
-7.7665 14.467
-7.61421 14.3147
-7.46193 14.1624
-7.30964 14.0102
-7.15736 13.8579
-7.00508 13.7056
-6.85279 13.7056
-6.54822 13.5533
-6.39594 13.401
-6.24365 13.2487
-6.09137 13.0964
-5.93909 12.9442
-5.7868 12.7919
-5.63452 12.6396
-5.48223 12.4873
-5.32995 12.335
-5.17766 12.1827
-5.02538 12.0305
-4.8731 11.8782
-4.72081 11.7259
-4.56853 11.5736
-4.41624 11.4213
-4.26396 11.269
-4.11168 11.1168
-3.80711 10.9645
-3.65482 10.8122
-3.50254 10.6599
-3.35025 10.5076
-3.19797 10.203
-3.04569 10.0508
-2.8934 9.89848
-2.74112 9.74619
-2.58883 9.59391
-2.43655 9.28934
-2.28426 9.13706
-2.13198 8.98477
-1.9797 8.83249
-1.9797 8.52792
-1.82741 8.37563
-1.67513 8.22335
-1.52284 7.91878
-1.37056 7.7665
-1.21827 7.46193
-1.06599 7.30964
-0.913706 7.00508
-0.761421 6.85279
-0.609137 6.54822
-0.456853 6.39594
-0.304569 6.09137
-0.152284 5.93909
0 5.63452
0.152284 5.32995
0.304569 5.17766
0.456853 4.8731
0.609137 4.56853
