0.609137 4.41624
0.913706 4.11168
1.37056 3.80711
1.67513 3.50254
1.9797 3.19797
2.13198 2.8934
2.43655 2.58883
2.74112 2.13198
2.8934 1.82741
3.04569 1.52284
3.19797 1.21827
3.35025 0.761421
3.50254 0.456853
3.65482 0
3.65482 -0.304569
3.80711 -0.609137
3.80711 -1.06599
3.80711 -1.37056
3.80711 -1.67513
3.65482 -1.9797
3.65482 -2.43655
3.50254 -2.74112
3.35025 -3.04569
3.19797 -3.35025
3.04569 -3.65482
2.74112 -3.95939
2.58883 -4.11168
2.28426 -4.41624
1.9797 -4.56853
1.67513 -4.8731
1.37056 -5.02538
1.06599 -5.17766
0.761421 -5.32995
0.304569 -5.48223
0 -5.63452
-0.456853 -5.7868
-0.761421 -5.93909
-1.06599 -5.93909
-1.52284 -6.09137
-1.82741 -6.24365
-2.28426 -6.24365
-2.58883 -6.39594
-2.8934 -6.39594
-3.35025 -6.39594
-3.65482 -6.54822
-3.95939 -6.54822
-4.26396 -6.54822
-4.56853 -6.70051
-4.8731 -6.70051
-5.17766 -6.70051
-5.48223 -6.85279
-5.7868 -6.85279
-6.09137 -7.00508
-6.24365 -7.15736
-6.54822 -7.15736
-6.70051 -7.30964
-7.00508 -7.30964
-7.15736 -7.46193
-7.46193 -7.61421
-7.61421 -7.7665
-7.91878 -7.7665
-8.07107 -7.91878
-8.37563 -8.07107
-8.52792 -8.07107
-8.6802 -8.22335
-8.98477 -8.37563
-9.13706 -8.52792
-9.44162 -8.52792
-9.59391 -8.6802
-9.89848 -8.6802
-10.0508 -8.83249
-10.3553 -8.83249
-10.5076 -8.98477
-10.8122 -8.98477
-11.1168 -8.98477
-11.269 -8.98477
-11.5736 -9.13706
-11.7259 -9.13706
-12.0305 -9.13706
-12.335 -9.13706
-12.4873 -9.13706
-12.7919 -8.98477
-12.9442 -8.98477
-13.2487 -8.98477
-13.5533 -8.98477
-13.7056 -8.83249
-14.0102 -8.83249
-14.1624 -8.83249
-14.467 -8.6802
-14.6193 -8.6802
-14.9239 -8.6802
-15.0761 -8.52792
-15.3807 -8.52792
-15.533 -8.37563
-15.8376 -8.37563
-15.9898 -8.22335
-16.1421 -8.22335
-16.4467 -8.22335
-16.599 -8.07107
-16.9036 -8.07107
-17.0558 -7.91878
-17.2081 -7.91878
-17.5127 -7.91878
-17.665 -7.7665
-17.9695 -7.7665
-18.1218 -7.7665
-18.2741 -7.61421
-18.5787 -7.61421
-18.731 -7.61421
-18.8832 -7.46193
-19.1878 -7.46193
-19.3401 -7.30964
-19.6447 -7.30964
-19.797 -7.15736
-19.9492 -7.15736
-20.2538 -7.00508
-20.4061 -7.00508
-20.5584 -6.85279
-20.8629 -6.85279
-21.0152 -6.70051
-21.1675 -6.54822
-21.4721 -6.54822
-21.6244 -6.39594
-21.7766 -6.24365
-21.9289 -6.09137
-22.0812 -6.09137
-22.3858 -5.93909
-22.5381 -5.7868
-22.6904 -5.63452
-22.8426 -5.48223
-22.9949 -5.32995
-23.1472 -5.17766
-23.2995 -5.02538
-23.6041 -4.8731
-23.7563 -4.72081
-23.9086 -4.56853
-24.0609 -4.41624
-24.2132 -4.26396
-24.3655 -4.11168
-24.5178 -3.95939
-24.6701 -3.80711
-24.8223 -3.65482
-24.9746 -3.50254
-24.9746 -3.35025
-25.1269 -3.19797
-25.2792 -2.8934
-25.4315 -2.74112
-25.5838 -2.58883
-25.736 -2.43655
-25.8883 -2.28426
-25.8883 -1.9797
-26.0406 -1.82741
-26.1929 -1.67513
-26.3452 -1.52284
-26.4975 -1.21827
-26.4975 -1.06599
-26.6497 -0.913706
-26.802 -0.761421
-26.9543 -0.456853
-26.9543 -0.304569
-27.1066 -0.152284
-27.2589 0.152284
-27.2589 0.304569
-27.4112 0.456853
-27.4112 0.761421
-27.5635 0.913706
-27.5635 1.21827
-27.7157 1.37056
-27.7157 1.67513
-27.868 1.82741
-27.868 1.9797
-28.0203 2.28426
-28.0203 2.43655
-28.1726 2.74112
-28.1726 2.8934
-28.1726 3.19797
-28.1726 3.35025
-28.3249 3.65482
-28.3249 3.80711
-28.3249 4.11168
-28.3249 4.41624
-28.3249 4.56853
-28.4772 4.8731
-28.4772 5.02538
-28.4772 5.32995
-28.4772 5.48223
-28.4772 5.7868
-28.4772 5.93909
-28.4772 6.24365
-28.3249 6.54822
-28.3249 6.70051
-28.3249 7.00508
-28.3249 7.15736
-28.3249 7.46193
-28.1726 7.61421
-28.1726 7.91878
-28.1726 8.22335
-28.0203 8.37563
-28.0203 8.6802
-28.0203 8.83249
-27.868 9.13706
-27.868 9.28934
-27.7157 9.59391
-27.7157 9.74619
-27.5635 10.0508
-27.5635 10.203
-27.4112 10.5076
-27.2589 10.6599
-27.2589 10.9645
-27.1066 11.1168
-26.9543 11.4213
-26.9543 11.5736
-26.802 11.7259
-26.6497 12.0305
-26.6497 12.1827
-26.4975 12.4873
-26.3452 12.6396
-26.1929 12.9442
-26.0406 13.0964
-26.0406 13.401
-25.8883 13.5533
-25.736 13.7056
-25.5838 14.0102
-25.4315 14.1624
-25.2792 14.467
-25.1269 14.6193
-24.9746 14.7716
-24.8223 15.0761
-24.6701 15.2284
-24.5178 15.533
-24.3655 15.6853
-24.2132 15.8376
-24.0609 15.9898
-23.9086 16.2944
-23.6041 16.4467
-23.4518 16.599
-23.2995 16.7513
-22.9949 16.9036
-22.8426 17.0558
-22.6904 17.2081
-22.3858 17.3604
-22.2335 17.5127
-21.9289 17.665
-21.7766 17.8173
-21.4721 17.9695
-21.3198 18.1218
-21.0152 18.1218
-20.8629 18.2741
-20.5584 18.4264
-20.2538 18.4264
-20.1015 18.5787
-19.797 18.5787
-19.4924 18.731
-19.3401 18.731
-19.0355 18.731
-18.731 18.8832
-18.5787 18.8832
-18.2741 18.8832
-17.9695 18.8832
-17.665 18.8832
-17.5127 18.8832
-17.2081 18.8832
-16.9036 18.8832
-16.599 18.8832
-16.4467 18.8832
-16.1421 18.731
-15.8376 18.731
-15.6853 18.731
-15.3807 18.5787
-15.0761 18.5787
-14.9239 18.4264
-14.6193 18.4264
-14.467 18.2741
-14.1624 18.1218
-13.8579 18.1218
-13.7056 17.9695
-13.401 17.8173
-13.2487 17.8173
-12.9442 17.665
-12.7919 17.5127
-12.6396 17.3604
-12.335 17.3604
-12.1827 17.2081
-11.8782 17.0558
-11.7259 16.9036
-11.5736 16.7513
-11.4213 16.7513
-11.1168 16.599
-10.9645 16.4467
-10.8122 16.2944
-10.5076 16.1421
-10.3553 16.1421
-10.203 15.9898
-10.0508 15.8376
-9.74619 15.6853
-9.59391 15.6853
-9.44162 15.533
-9.28934 15.3807
-9.13706 15.2284
-8.83249 15.2284
-8.6802 15.0761
-8.52792 14.9239
-8.37563 14.7716
-8.22335 14.7716
-7.91878 14.6193
-7.7665 14.467
-7.61421 14.3147
-7.46193 14.1624
-7.30964 14.1624
-7.15736 14.0102
-6.85279 13.8579
-6.70051 13.7056
-6.54822 13.5533
-6.39594 13.401
-6.24365 13.2487
-6.09137 13.0964
-5.93909 12.9442
-5.7868 12.7919
-5.63452 12.7919
-5.48223 12.6396
-5.32995 12.4873
-5.17766 12.335
-4.8731 12.1827
-4.72081 11.8782
-4.56853 11.7259
-4.41624 11.5736
-4.26396 11.4213
-4.11168 11.269
-3.95939 11.1168
-3.80711 10.9645
-3.65482 10.8122
-3.50254 10.6599
-3.35025 10.5076
-3.19797 10.203
-3.04569 10.0508
-2.8934 9.89848
-2.74112 9.74619
-2.58883 9.59391
-2.58883 9.28934
-2.43655 9.13706
-2.28426 8.98477
-2.13198 8.83249
-1.9797 8.52792
-1.82741 8.37563
-1.67513 8.22335
-1.52284 7.91878
-1.37056 7.7665
-1.21827 7.46193
-1.06599 7.30964
-0.913706 7.00508
-0.761421 6.85279
-0.609137 6.54822
-0.456853 6.39594
-0.304569 6.09137
-0.152284 5.93909
0 5.63452
0.152284 5.32995
0.304569 5.17766
0.456853 4.8731
0.609137 4.56853
