0.456853 4.41624
0.913706 4.11168
1.21827 3.95939
1.52284 3.65482
1.82741 3.35025
2.13198 2.8934
2.43655 2.58883
2.58883 2.28426
2.8934 1.9797
3.04569 1.52284
3.19797 1.21827
3.35025 0.913706
3.50254 0.456853
3.65482 0.152284
3.65482 -0.152284
3.65482 -0.609137
3.65482 -0.913706
3.65482 -1.21827
3.65482 -1.67513
3.65482 -1.9797
3.50254 -2.28426
3.35025 -2.58883
3.19797 -2.8934
3.04569 -3.19797
2.8934 -3.50254
2.74112 -3.80711
2.43655 -4.11168
2.13198 -4.26396
1.82741 -4.56853
1.52284 -4.72081
1.21827 -5.02538
0.913706 -5.17766
0.609137 -5.32995
0.304569 -5.48223
-0.152284 -5.63452
-0.456853 -5.7868
-0.913706 -5.7868
-1.21827 -5.93909
-1.67513 -6.09137
-1.9797 -6.09137
-2.28426 -6.24365
-2.74112 -6.24365
-3.04569 -6.39594
-3.35025 -6.39594
-3.80711 -6.39594
-4.11168 -6.54822
-4.41624 -6.54822
-4.72081 -6.54822
-5.02538 -6.70051
-5.32995 -6.70051
-5.63452 -6.85279
-5.7868 -6.85279
-6.09137 -7.00508
-6.39594 -7.00508
-6.54822 -7.15736
-6.85279 -7.30964
-7.00508 -7.30964
-7.30964 -7.46193
-7.46193 -7.61421
-7.7665 -7.61421
-7.91878 -7.7665
-8.22335 -7.91878
-8.37563 -8.07107
-8.6802 -8.07107
-8.83249 -8.22335
-9.13706 -8.37563
-9.28934 -8.37563
-9.44162 -8.52792
-9.74619 -8.6802
-9.89848 -8.6802
-10.203 -8.83249
-10.5076 -8.83249
-10.6599 -8.98477
-10.9645 -8.98477
-11.1168 -9.13706
-11.4213 -9.13706
-11.5736 -9.13706
-11.8782 -9.13706
-12.1827 -9.13706
-12.335 -9.13706
-12.6396 -9.13706
-12.9442 -9.13706
-13.0964 -9.13706
-13.401 -9.13706
-13.5533 -8.98477
-13.8579 -8.98477
-14.1624 -8.98477
-14.3147 -8.98477
-14.6193 -8.83249
-14.7716 -8.83249
-15.0761 -8.83249
-15.2284 -8.6802
-15.533 -8.6802
-15.6853 -8.52792
-15.9898 -8.52792
-16.1421 -8.37563
-16.4467 -8.37563
-16.599 -8.37563
-16.7513 -8.22335
-17.0558 -8.22335
-17.2081 -8.07107
-17.5127 -8.07107
-17.665 -8.07107
-17.9695 -7.91878
-18.1218 -7.91878
-18.2741 -7.7665
-18.5787 -7.7665
-18.731 -7.61421
-18.8832 -7.61421
-19.1878 -7.46193
-19.3401 -7.46193
-19.6447 -7.30964
-19.797 -7.30964
-19.9492 -7.15736
-20.2538 -7.15736
-20.4061 -7.00508
-20.5584 -7.00508
-20.8629 -6.85279
-21.0152 -6.70051
-21.1675 -6.70051
-21.3198 -6.54822
-21.6244 -6.39594
-21.7766 -6.24365
-21.9289 -6.24365
-22.0812 -6.09137
-22.3858 -5.93909
-22.5381 -5.7868
-22.6904 -5.63452
-22.8426 -5.48223
-22.9949 -5.32995
-23.1472 -5.32995
-23.2995 -5.17766
-23.4518 -5.02538
-23.6041 -4.8731
-23.9086 -4.72081
-24.0609 -4.56853
-24.2132 -4.26396
-24.3655 -4.11168
-24.5178 -3.95939
-24.5178 -3.80711
-24.6701 -3.65482
-24.8223 -3.50254
-24.9746 -3.35025
-25.1269 -3.19797
-25.2792 -3.04569
-25.4315 -2.74112
-25.5838 -2.58883
-25.736 -2.43655
-25.736 -2.28426
-25.8883 -2.13198
-26.0406 -1.9797
-26.1929 -1.67513
-26.3452 -1.52284
-26.3452 -1.37056
-26.4975 -1.21827
-26.6497 -0.913706
-26.802 -0.761421
-26.802 -0.609137
-26.9543 -0.304569
-27.1066 -0.152284
-27.1066 0
-27.2589 0.304569
-27.4112 0.456853
-27.4112 0.609137
-27.5635 0.913706
-27.5635 1.06599
-27.7157 1.37056
-27.7157 1.52284
-27.868 1.67513
-27.868 1.9797
-28.0203 2.13198
-28.0203 2.43655
-28.0203 2.58883
-28.1726 2.8934
-28.1726 3.04569
-28.1726 3.35025
-28.3249 3.50254
-28.3249 3.80711
-28.3249 3.95939
-28.3249 4.26396
-28.4772 4.41624
-28.4772 4.72081
-28.4772 4.8731
-28.4772 5.17766
-28.4772 5.32995
-28.4772 5.63452
-28.4772 5.93909
-28.4772 6.09137
-28.4772 6.39594
-28.4772 6.54822
-28.4772 6.85279
-28.4772 7.00508
-28.4772 7.30964
-28.3249 7.46193
-28.3249 7.7665
-28.3249 8.07107
-28.3249 8.22335
-28.1726 8.52792
-28.1726 8.6802
-28.0203 8.98477
-28.0203 9.13706
-28.0203 9.44162
-27.868 9.59391
-27.868 9.89848
-27.7157 10.0508
-27.5635 10.3553
-27.5635 10.5076
-27.4112 10.8122
-27.4112 10.9645
-27.2589 11.269
-27.1066 11.4213
-27.1066 11.7259
-26.9543 11.8782
-26.802 12.1827
-26.802 12.335
-26.6497 12.6396
-26.4975 12.7919
-26.3452 12.9442
-26.3452 13.2487
-26.1929 13.401
-26.0406 13.7056
-25.8883 13.8579
-25.736 14.1624
-25.5838 14.3147
-25.4315 14.6193
-25.2792 14.7716
-25.1269 14.9239
-24.9746 15.2284
-24.8223 15.3807
-24.6701 15.533
-24.5178 15.8376
-24.3655 15.9898
-24.2132 16.1421
-24.0609 16.4467
-23.7563 16.599
-23.6041 16.7513
-23.4518 16.9036
-23.2995 17.0558
-22.9949 17.2081
-22.8426 17.3604
-22.6904 17.665
-22.3858 17.8173
-22.2335 17.8173
-21.9289 17.9695
-21.7766 18.1218
-21.4721 18.2741
-21.3198 18.4264
-21.0152 18.5787
-20.7107 18.5787
-20.5584 18.731
-20.2538 18.8832
-19.9492 18.8832
-19.797 19.0355
-19.4924 19.0355
-19.1878 19.0355
-19.0355 19.1878
-18.731 19.1878
-18.4264 19.1878
-18.1218 19.1878
-17.9695 19.1878
-17.665 19.1878
-17.3604 19.1878
-17.0558 19.1878
-16.9036 19.1878
-16.599 19.1878
-16.2944 19.0355
-15.9898 19.0355
-15.8376 18.8832
-15.533 18.8832
-15.2284 18.731
-15.0761 18.731
-14.7716 18.5787
-14.6193 18.4264
-14.3147 18.4264
-14.0102 18.2741
-13.8579 18.1218
-13.5533 17.9695
-13.401 17.9695
-13.0964 17.8173
-12.9442 17.665
-12.7919 17.5127
-12.4873 17.3604
-12.335 17.2081
-12.1827 17.0558
-11.8782 17.0558
-11.7259 16.9036
-11.5736 16.7513
-11.269 16.599
-11.1168 16.4467
-10.9645 16.2944
-10.8122 16.2944
-10.5076 16.1421
-10.3553 15.9898
-10.203 15.8376
-10.0508 15.8376
-9.74619 15.6853
-9.59391 15.533
-9.44162 15.533
-9.28934 15.3807
-8.98477 15.2284
-8.83249 15.0761
-8.6802 15.0761
-8.52792 14.9239
-8.37563 14.7716
-8.07107 14.7716
-7.91878 14.6193
-7.7665 14.467
-7.61421 14.3147
-7.46193 14.3147
-7.15736 14.1624
-7.00508 14.0102
-6.85279 13.8579
-6.70051 13.7056
-6.54822 13.5533
-6.39594 13.401
-6.24365 13.2487
-5.93909 13.0964
-5.7868 13.0964
-5.63452 12.9442
-5.48223 12.7919
-5.32995 12.6396
-5.17766 12.335
-5.02538 12.1827
-4.8731 12.0305
-4.72081 11.8782
-4.56853 11.7259
-4.41624 11.5736
-4.26396 11.4213
-4.11168 11.269
-3.95939 11.1168
-3.80711 10.9645
-3.65482 10.6599
-3.50254 10.5076
-3.35025 10.3553
-3.19797 10.203
-3.04569 10.0508
-2.8934 9.89848
-2.74112 9.59391
-2.58883 9.44162
-2.43655 9.28934
-2.28426 9.13706
-2.13198 8.83249
-1.9797 8.6802
-1.82741 8.52792
-1.67513 8.22335
-1.52284 8.07107
-1.37056 7.91878
-1.21827 7.61421
-1.06599 7.46193
-0.913706 7.15736
-0.761421 7.00508
-0.609137 6.70051
-0.456853 6.54822
-0.304569 6.24365
-0.152284 6.09137
0 5.7868
0.152284 5.48223
0.152284 5.32995
0.304569 5.02538
0.456853 4.72081
