0.456853 4.41624
0.913706 4.11168
1.21827 3.80711
1.52284 3.50254
1.82741 3.19797
2.13198 2.8934
2.43655 2.58883
2.74112 2.28426
2.8934 1.82741
3.04569 1.52284
3.19797 1.21827
3.35025 0.761421
3.50254 0.456853
3.65482 0.152284
3.65482 -0.304569
3.65482 -0.609137
3.65482 -0.913706
3.65482 -1.37056
3.65482 -1.67513
3.50254 -1.9797
3.50254 -2.28426
3.35025 -2.58883
3.19797 -2.8934
3.04569 -3.19797
2.74112 -3.50254
2.58883 -3.80711
2.28426 -4.11168
2.13198 -4.26396
1.82741 -4.56853
1.52284 -4.72081
1.21827 -4.8731
0.913706 -5.17766
0.456853 -5.32995
0.152284 -5.48223
-0.152284 -5.63452
-0.609137 -5.7868
-0.913706 -5.7868
-1.21827 -5.93909
-1.67513 -6.09137
-1.9797 -6.09137
-2.43655 -6.24365
-2.74112 -6.24365
-3.04569 -6.39594
-3.35025 -6.39594
-3.80711 -6.54822
-4.11168 -6.54822
-4.41624 -6.54822
-4.72081 -6.70051
-5.02538 -6.70051
-5.32995 -6.70051
-5.63452 -6.85279
-5.93909 -6.85279
-6.09137 -7.00508
-6.39594 -7.00508
-6.70051 -7.15736
-6.85279 -7.30964
-7.15736 -7.30964
-7.30964 -7.46193
-7.61421 -7.46193
-7.7665 -7.61421
-8.07107 -7.7665
-8.22335 -7.7665
-8.52792 -7.91878
-8.6802 -8.07107
-8.98477 -8.07107
-9.13706 -8.22335
-9.44162 -8.22335
-9.59391 -8.37563
-9.89848 -8.37563
-10.0508 -8.52792
-10.3553 -8.52792
-10.5076 -8.6802
-10.8122 -8.6802
-10.9645 -8.6802
-11.269 -8.83249
-11.4213 -8.83249
-11.7259 -8.83249
-12.0305 -8.83249
-12.1827 -8.83249
-12.4873 -8.83249
-12.6396 -8.83249
-12.9442 -8.83249
-13.2487 -8.6802
-13.401 -8.6802
-13.7056 -8.6802
-13.8579 -8.6802
-14.1624 -8.6802
-14.3147 -8.52792
-14.6193 -8.52792
-14.7716 -8.52792
-15.0761 -8.37563
-15.2284 -8.37563
-15.533 -8.37563
-15.6853 -8.22335
-15.8376 -8.22335
-16.1421 -8.22335
-16.2944 -8.07107
-16.599 -8.07107
-16.7513 -8.07107
-17.0558 -7.91878
-17.2081 -7.91878
-17.3604 -7.91878
-17.665 -7.91878
-17.8173 -7.7665
-18.1218 -7.7665
-18.2741 -7.7665
-18.4264 -7.61421
-18.731 -7.61421
-18.8832 -7.61421
-19.1878 -7.46193
-19.3401 -7.46193
-19.4924 -7.30964
-19.797 -7.30964
-19.9492 -7.30964
-20.1015 -7.15736
-20.4061 -7.15736
-20.5584 -7.00508
-20.8629 -7.00508
-21.0152 -6.85279
-21.1675 -6.70051
-21.4721 -6.70051
-21.6244 -6.54822
-21.7766 -6.39594
-21.9289 -6.24365
-22.2335 -6.24365
-22.3858 -6.09137
-22.5381 -5.93909
-22.6904 -5.7868
-22.8426 -5.63452
-22.9949 -5.48223
-23.1472 -5.32995
-23.2995 -5.17766
-23.6041 -5.02538
-23.7563 -4.8731
-23.9086 -4.72081
-24.0609 -4.56853
-24.2132 -4.41624
-24.3655 -4.26396
-24.3655 -4.11168
-24.5178 -3.95939
-24.6701 -3.80711
-24.8223 -3.50254
-24.9746 -3.35025
-25.1269 -3.19797
-25.2792 -3.04569
-25.4315 -2.8934
-25.5838 -2.74112
-25.5838 -2.43655
-25.736 -2.28426
-25.8883 -2.13198
-26.0406 -1.9797
-26.1929 -1.82741
-26.1929 -1.52284
-26.3452 -1.37056
-26.4975 -1.21827
-26.6497 -1.06599
-26.6497 -0.761421
-26.802 -0.609137
-26.9543 -0.456853
-26.9543 -0.152284
-27.1066 0
-27.2589 0.152284
-27.2589 0.456853
-27.4112 0.609137
-27.5635 0.761421
-27.5635 1.06599
-27.7157 1.21827
-27.7157 1.52284
-27.868 1.67513
-27.868 1.82741
-28.0203 2.13198
-28.0203 2.28426
-28.0203 2.58883
-28.1726 2.74112
-28.1726 3.04569
-28.1726 3.19797
-28.3249 3.50254
-28.3249 3.65482
-28.3249 3.95939
-28.3249 4.11168
-28.4772 4.41624
-28.4772 4.56853
-28.4772 4.8731
-28.4772 5.17766
-28.4772 5.32995
-28.4772 5.63452
-28.4772 5.7868
-28.4772 6.09137
-28.4772 6.24365
-28.4772 6.54822
-28.4772 6.70051
-28.3249 7.00508
-28.3249 7.30964
-28.3249 7.46193
-28.3249 7.7665
-28.3249 7.91878
-28.1726 8.22335
-28.1726 8.37563
-28.1726 8.6802
-28.0203 8.83249
-28.0203 9.13706
-27.868 9.28934
-27.868 9.59391
-27.7157 9.74619
-27.7157 10.0508
-27.5635 10.203
-27.5635 10.5076
-27.4112 10.6599
-27.4112 10.9645
-27.2589 11.1168
-27.1066 11.4213
-27.1066 11.5736
-26.9543 11.8782
-26.802 12.0305
-26.6497 12.335
-26.6497 12.4873
-26.4975 12.7919
-26.3452 12.9442
-26.1929 13.0964
-26.0406 13.401
-26.0406 13.5533
-25.8883 13.8579
-25.736 14.0102
-25.5838 14.1624
-25.4315 14.467
-25.2792 14.6193
-25.1269 14.9239
-24.9746 15.0761
-24.8223 15.2284
-24.6701 15.533
-24.5178 15.6853
-24.3655 15.8376
-24.0609 15.9898
-23.9086 16.2944
-23.7563 16.4467
-23.6041 16.599
-23.2995 16.7513
-23.1472 16.9036
-22.9949 17.0558
-22.6904 17.2081
-22.5381 17.3604
-22.3858 17.5127
-22.0812 17.665
-21.9289 17.8173
-21.6244 17.9695
-21.4721 18.1218
-21.1675 18.2741
-21.0152 18.4264
-20.7107 18.4264
-20.4061 18.5787
-20.2538 18.731
-19.9492 18.731
-19.6447 18.8832
-19.4924 18.8832
-19.1878 19.0355
-18.8832 19.0355
-18.731 19.0355
-18.4264 19.0355
-18.1218 19.1878
-17.8173 19.1878
-17.665 19.1878
-17.3604 19.1878
-17.0558 19.1878
-16.9036 19.1878
-16.599 19.0355
-16.2944 19.0355
-15.9898 19.0355
-15.8376 18.8832
-15.533 18.8832
-15.2284 18.731
-15.0761 18.731
-14.7716 18.5787
-14.467 18.4264
-14.3147 18.4264
-14.0102 18.2741
-13.8579 18.1218
-13.5533 17.9695
-13.401 17.8173
-13.0964 17.8173
-12.9442 17.665
-12.6396 17.5127
-12.4873 17.3604
-12.335 17.2081
-12.0305 17.0558
-11.8782 16.9036
-11.7259 16.9036
-11.4213 16.7513
-11.269 16.599
-11.1168 16.4467
-10.9645 16.2944
-10.6599 16.1421
-10.5076 16.1421
-10.3553 15.9898
-10.203 15.8376
-9.89848 15.6853
-9.74619 15.6853
-9.59391 15.533
-9.44162 15.3807
-9.28934 15.3807
-8.98477 15.2284
-8.83249 15.0761
-8.6802 14.9239
-8.52792 14.9239
-8.22335 14.7716
-8.07107 14.6193
-7.91878 14.6193
-7.7665 14.467
-7.61421 14.3147
-7.30964 14.1624
-7.15736 14.0102
-7.00508 14.0102
-6.85279 13.8579
-6.70051 13.7056
-6.39594 13.5533
-6.24365 13.401
-6.09137 13.2487
-5.93909 13.0964
-5.7868 13.0964
-5.63452 12.9442
-5.48223 12.7919
-5.32995 12.6396
-5.17766 12.4873
-5.02538 12.335
-4.72081 12.1827
-4.56853 11.8782
-4.41624 11.7259
-4.26396 11.5736
-4.11168 11.4213
-3.95939 11.269
-3.80711 11.1168
-3.65482 10.9645
-3.50254 10.8122
-3.35025 10.5076
-3.19797 10.3553
-3.04569 10.203
-2.8934 10.0508
-2.74112 9.89848
-2.58883 9.59391
-2.43655 9.44162
-2.28426 9.28934
-2.13198 9.13706
-1.9797 8.83249
-1.9797 8.6802
-1.82741 8.52792
-1.67513 8.22335
-1.52284 8.07107
-1.37056 7.7665
-1.21827 7.61421
-1.06599 7.30964
-0.913706 7.15736
-0.761421 6.85279
-0.609137 6.70051
-0.456853 6.39594
-0.304569 6.24365
-0.152284 5.93909
0 5.63452
0.152284 5.48223
0.304569 5.17766
0.304569 4.8731
0.456853 4.72081
