0.456853 4.41624
0.913706 4.11168
1.21827 3.95939
1.52284 3.65482
1.82741 3.19797
2.13198 2.8934
2.43655 2.58883
2.74112 2.28426
2.8934 1.9797
3.04569 1.52284
3.19797 1.21827
3.35025 0.913706
3.50254 0.456853
3.65482 0.152284
3.65482 -0.304569
3.65482 -0.609137
3.65482 -0.913706
3.65482 -1.37056
3.65482 -1.67513
3.50254 -1.9797
3.50254 -2.28426
3.35025 -2.58883
3.19797 -3.04569
3.04569 -3.19797
2.74112 -3.50254
2.58883 -3.80711
2.28426 -4.11168
1.9797 -4.26396
1.67513 -4.56853
1.37056 -4.72081
1.06599 -5.02538
0.761421 -5.17766
0.456853 -5.32995
0 -5.48223
-0.304569 -5.63452
-0.609137 -5.7868
-1.06599 -5.7868
-1.37056 -5.93909
-1.82741 -6.09137
-2.13198 -6.09137
-2.58883 -6.24365
-2.8934 -6.24365
-3.19797 -6.39594
-3.65482 -6.39594
-3.95939 -6.39594
-4.26396 -6.54822
-4.56853 -6.54822
-4.8731 -6.54822
-5.17766 -6.70051
-5.48223 -6.70051
-5.7868 -6.85279
-6.09137 -6.85279
-6.24365 -7.00508
-6.54822 -7.00508
-6.85279 -7.15736
-7.00508 -7.15736
-7.30964 -7.30964
-7.46193 -7.46193
-7.7665 -7.46193
-7.91878 -7.61421
-8.22335 -7.7665
-8.37563 -7.7665
-8.6802 -7.91878
-8.83249 -8.07107
-9.13706 -8.22335
-9.28934 -8.22335
-9.59391 -8.37563
-9.74619 -8.37563
-10.0508 -8.52792
-10.203 -8.6802
-10.5076 -8.6802
-10.6599 -8.83249
-10.9645 -8.83249
-11.1168 -8.83249
-11.4213 -8.98477
-11.5736 -8.98477
-11.8782 -8.98477
-12.1827 -8.98477
-12.335 -8.98477
-12.6396 -8.98477
-12.7919 -8.98477
-13.0964 -8.98477
-13.401 -8.98477
-13.5533 -8.98477
-13.8579 -8.98477
-14.0102 -8.98477
-14.3147 -8.83249
-14.6193 -8.83249
-14.7716 -8.83249
-15.0761 -8.83249
-15.2284 -8.6802
-15.533 -8.6802
-15.6853 -8.6802
-15.9898 -8.52792
-16.1421 -8.52792
-16.4467 -8.37563
-16.599 -8.37563
-16.7513 -8.37563
-17.0558 -8.22335
-17.2081 -8.22335
-17.5127 -8.22335
-17.665 -8.07107
-17.9695 -8.07107
-18.1218 -7.91878
-18.2741 -7.91878
-18.5787 -7.91878
-18.731 -7.7665
-19.0355 -7.7665
-19.1878 -7.61421
-19.3401 -7.61421
-19.6447 -7.46193
-19.797 -7.46193
-19.9492 -7.30964
-20.2538 -7.30964
-20.4061 -7.15736
-20.5584 -7.00508
-20.8629 -7.00508
-21.0152 -6.85279
-21.1675 -6.70051
-21.4721 -6.70051
-21.6244 -6.54822
-21.7766 -6.39594
-21.9289 -6.24365
-22.0812 -6.24365
-22.3858 -6.09137
-22.5381 -5.93909
-22.6904 -5.7868
-22.8426 -5.63452
-22.9949 -5.48223
-23.1472 -5.32995
-23.2995 -5.17766
-23.4518 -5.02538
-23.6041 -4.8731
-23.7563 -4.72081
-23.9086 -4.56853
-24.0609 -4.41624
-24.2132 -4.26396
-24.3655 -4.11168
-24.5178 -3.95939
-24.6701 -3.80711
-24.8223 -3.65482
-24.9746 -3.35025
-25.1269 -3.19797
-25.2792 -3.04569
-25.4315 -2.8934
-25.5838 -2.74112
-25.736 -2.58883
-25.8883 -2.43655
-26.0406 -2.28426
-26.0406 -2.13198
-26.1929 -1.82741
-26.3452 -1.67513
-26.4975 -1.52284
-26.6497 -1.37056
-26.802 -1.21827
-26.9543 -0.913706
-27.1066 -0.761421
-27.2589 -0.609137
-27.2589 -0.456853
-27.4112 -0.152284
-27.5635 0
-27.7157 0.152284
-27.868 0.304569
-27.868 0.609137
-28.0203 0.761421
-28.1726 1.06599
-28.1726 1.21827
-28.3249 1.37056
-28.4772 1.67513
-28.4772 1.82741
-28.6294 2.13198
-28.6294 2.28426
-28.6294 2.58883
-28.7817 2.74112
-28.7817 3.04569
-28.934 3.19797
-28.934 3.50254
-28.934 3.80711
-28.934 3.95939
-28.934 4.26396
-29.0863 4.41624
-29.0863 4.72081
-29.0863 4.8731
-29.0863 5.17766
-29.0863 5.48223
-29.0863 5.63452
-29.0863 5.93909
-29.0863 6.09137
-28.934 6.39594
-28.934 6.70051
-28.934 6.85279
-28.934 7.15736
-28.934 7.30964
-28.7817 7.61421
-28.7817 7.7665
-28.7817 8.07107
-28.6294 8.37563
-28.6294 8.52792
-28.6294 8.83249
-28.4772 8.98477
-28.4772 9.28934
-28.3249 9.44162
-28.3249 9.74619
-28.1726 9.89848
-28.1726 10.203
-28.0203 10.5076
-28.0203 10.6599
-27.868 10.9645
-27.7157 11.1168
-27.7157 11.4213
-27.5635 11.5736
-27.4112 11.8782
-27.4112 12.0305
-27.2589 12.335
-27.1066 12.4873
-26.9543 12.7919
-26.9543 12.9442
-26.802 13.0964
-26.6497 13.401
-26.4975 13.5533
-26.3452 13.8579
-26.1929 14.0102
-26.0406 14.3147
-26.0406 14.467
-25.8883 14.6193
-25.736 14.9239
-25.5838 15.0761
-25.2792 15.2284
-25.1269 15.533
-24.9746 15.6853
-24.8223 15.8376
-24.6701 16.1421
-24.5178 16.2944
-24.2132 16.4467
-24.0609 16.599
-23.9086 16.7513
-23.7563 17.0558
-23.4518 17.2081
-23.2995 17.3604
-22.9949 17.5127
-22.8426 17.665
-22.5381 17.8173
-22.3858 17.8173
-22.0812 17.9695
-21.9289 18.1218
-21.6244 18.2741
-21.4721 18.4264
-21.1675 18.4264
-20.8629 18.5787
-20.7107 18.5787
-20.4061 18.731
-20.2538 18.731
-19.9492 18.8832
-19.6447 18.8832
-19.3401 19.0355
-19.1878 19.0355
-18.8832 19.0355
-18.5787 19.0355
-18.4264 19.0355
-18.1218 19.0355
-17.8173 19.0355
-17.5127 19.0355
-17.3604 19.0355
-17.0558 19.0355
-16.7513 19.0355
-16.4467 19.0355
-16.2944 18.8832
-15.9898 18.8832
-15.6853 18.731
-15.533 18.731
-15.2284 18.731
-14.9239 18.5787
-14.7716 18.4264
-14.467 18.4264
-14.3147 18.2741
-14.0102 18.2741
-13.8579 18.1218
-13.5533 17.9695
-13.401 17.8173
-13.0964 17.8173
-12.9442 17.665
-12.6396 17.5127
-12.4873 17.3604
-12.335 17.3604
-12.0305 17.2081
-11.8782 17.0558
-11.7259 16.9036
-11.4213 16.9036
-11.269 16.7513
-11.1168 16.599
-10.8122 16.4467
-10.6599 16.4467
-10.5076 16.2944
-10.203 16.1421
-10.0508 15.9898
-9.89848 15.9898
-9.74619 15.8376
-9.44162 15.6853
-9.28934 15.6853
-9.13706 15.533
-8.98477 15.3807
-8.6802 15.2284
-8.52792 15.2284
-8.37563 15.0761
-8.22335 14.9239
-7.91878 14.7716
-7.7665 14.7716
-7.61421 14.6193
-7.46193 14.467
-7.30964 14.3147
-7.00508 14.1624
-6.85279 14.0102
-6.70051 13.8579
-6.54822 13.8579
-6.39594 13.7056
-6.24365 13.5533
-6.09137 13.401
-5.93909 13.2487
-5.7868 13.0964
-5.63452 12.9442
-5.32995 12.7919
-5.17766 12.6396
-5.02538 12.335
-4.8731 12.1827
-4.72081 12.0305
-4.56853 11.8782
-4.41624 11.7259
-4.26396 11.5736
-4.11168 11.4213
-3.95939 11.269
-3.80711 10.9645
-3.65482 10.8122
-3.50254 10.6599
-3.35025 10.5076
-3.19797 10.3553
-3.04569 10.0508
-2.8934 9.89848
-2.74112 9.74619
-2.58883 9.59391
-2.43655 9.28934
-2.28426 9.13706
-2.13198 8.98477
-1.9797 8.6802
-1.82741 8.52792
-1.67513 8.37563
-1.52284 8.07107
-1.37056 7.91878
-1.21827 7.61421
-1.06599 7.46193
-0.913706 7.30964
-0.761421 7.00508
-0.609137 6.70051
-0.456853 6.54822
-0.304569 6.24365
-0.152284 6.09137
-0.152284 5.7868
0 5.48223
0.152284 5.32995
0.304569 5.02538
0.456853 4.72081
