0.456853 4.41624
0.913706 4.11168
1.21827 3.80711
1.52284 3.50254
1.82741 3.19797
2.13198 2.8934
2.43655 2.58883
2.74112 2.28426
2.8934 1.82741
3.04569 1.52284
3.19797 1.21827
3.35025 0.761421
3.50254 0.456853
3.65482 0.152284
3.65482 -0.304569
3.65482 -0.609137
3.65482 -0.913706
3.65482 -1.37056
3.65482 -1.67513
3.50254 -1.9797
3.50254 -2.28426
3.35025 -2.74112
3.19797 -3.04569
3.04569 -3.35025
2.74112 -3.65482
2.58883 -3.80711
2.28426 -4.11168
1.9797 -4.41624
1.82741 -4.56853
1.52284 -4.8731
1.06599 -5.02538
0.761421 -5.17766
0.456853 -5.32995
0.152284 -5.48223
-0.304569 -5.63452
-0.609137 -5.7868
-1.06599 -5.93909
-1.37056 -5.93909
-1.82741 -6.09137
-2.13198 -6.09137
-2.43655 -6.24365
-2.8934 -6.24365
-3.19797 -6.39594
-3.50254 -6.39594
-3.95939 -6.39594
-4.26396 -6.54822
-4.56853 -6.54822
-4.8731 -6.54822
-5.17766 -6.70051
-5.48223 -6.70051
-5.7868 -6.85279
-6.09137 -6.85279
-6.24365 -7.00508
-6.54822 -7.00508
-6.85279 -7.15736
-7.00508 -7.15736
-7.30964 -7.30964
-7.46193 -7.46193
-7.7665 -7.46193
-7.91878 -7.61421
-8.22335 -7.7665
-8.37563 -7.91878
-8.6802 -7.91878
-8.83249 -8.07107
-8.98477 -8.22335
-9.28934 -8.22335
-9.44162 -8.37563
-9.74619 -8.52792
-9.89848 -8.52792
-10.203 -8.6802
-10.3553 -8.6802
-10.6599 -8.83249
-10.8122 -8.83249
-11.1168 -8.98477
-11.4213 -8.98477
-11.5736 -8.98477
-11.8782 -8.98477
-12.0305 -8.98477
-12.335 -8.98477
-12.6396 -8.98477
-12.7919 -8.98477
-13.0964 -8.98477
-13.2487 -8.98477
-13.5533 -8.98477
-13.8579 -8.98477
-14.0102 -8.98477
-14.3147 -8.83249
-14.467 -8.83249
-14.7716 -8.83249
-14.9239 -8.83249
-15.2284 -8.6802
-15.3807 -8.6802
-15.6853 -8.6802
-15.8376 -8.52792
-16.1421 -8.52792
-16.2944 -8.37563
-16.599 -8.37563
-16.7513 -8.37563
-17.0558 -8.22335
-17.2081 -8.22335
-17.3604 -8.07107
-17.665 -8.07107
-17.8173 -8.07107
-18.1218 -7.91878
-18.2741 -7.91878
-18.4264 -7.91878
-18.731 -7.7665
-18.8832 -7.7665
-19.1878 -7.61421
-19.3401 -7.61421
-19.4924 -7.46193
-19.797 -7.46193
-19.9492 -7.30964
-20.1015 -7.30964
-20.4061 -7.15736
-20.5584 -7.15736
-20.7107 -7.00508
-21.0152 -6.85279
-21.1675 -6.85279
-21.3198 -6.70051
-21.6244 -6.54822
-21.7766 -6.39594
-21.9289 -6.39594
-22.0812 -6.24365
-22.2335 -6.09137
-22.5381 -5.93909
-22.6904 -5.7868
-22.8426 -5.63452
-22.9949 -5.48223
-23.1472 -5.48223
-23.2995 -5.32995
-23.4518 -5.17766
-23.6041 -5.02538
-23.7563 -4.8731
-23.9086 -4.72081
-24.0609 -4.41624
-24.2132 -4.26396
-24.3655 -4.11168
-24.5178 -3.95939
-24.6701 -3.80711
-24.8223 -3.65482
-24.9746 -3.50254
-25.1269 -3.35025
-25.2792 -3.19797
-25.4315 -3.04569
-25.5838 -2.74112
-25.5838 -2.58883
-25.736 -2.43655
-25.8883 -2.28426
-26.0406 -2.13198
-26.1929 -1.82741
-26.3452 -1.67513
-26.3452 -1.52284
-26.4975 -1.37056
-26.6497 -1.21827
-26.802 -0.913706
-26.802 -0.761421
-26.9543 -0.609137
-27.1066 -0.304569
-27.2589 -0.152284
-27.2589 0
-27.4112 0.304569
-27.5635 0.456853
-27.5635 0.609137
-27.7157 0.913706
-27.7157 1.06599
-27.868 1.21827
-27.868 1.52284
-28.0203 1.67513
-28.0203 1.9797
-28.1726 2.13198
-28.1726 2.43655
-28.3249 2.58883
-28.3249 2.8934
-28.4772 3.04569
-28.4772 3.19797
-28.4772 3.50254
-28.4772 3.80711
-28.6294 3.95939
-28.6294 4.26396
-28.6294 4.41624
-28.6294 4.72081
-28.6294 4.8731
-28.6294 5.17766
-28.7817 5.32995
-28.7817 5.63452
-28.7817 5.7868
-28.7817 6.09137
-28.7817 6.39594
-28.6294 6.54822
-28.6294 6.85279
-28.6294 7.00508
-28.6294 7.30964
-28.6294 7.46193
-28.6294 7.7665
-28.4772 8.07107
-28.4772 8.22335
-28.4772 8.52792
-28.3249 8.6802
-28.3249 8.98477
-28.3249 9.13706
-28.1726 9.44162
-28.1726 9.59391
-28.0203 9.89848
-28.0203 10.0508
-27.868 10.3553
-27.868 10.5076
-27.7157 10.8122
-27.5635 10.9645
-27.5635 11.269
-27.4112 11.4213
-27.2589 11.7259
-27.2589 11.8782
-27.1066 12.1827
-26.9543 12.335
-26.802 12.6396
-26.802 12.7919
-26.6497 13.0964
-26.4975 13.2487
-26.3452 13.5533
-26.1929 13.7056
-26.1929 13.8579
-26.0406 14.1624
-25.8883 14.3147
-25.736 14.6193
-25.5838 14.7716
-25.4315 14.9239
-25.2792 15.2284
-25.1269 15.3807
-24.9746 15.533
-24.6701 15.8376
-24.5178 15.9898
-24.3655 16.1421
-24.2132 16.2944
-24.0609 16.599
-23.7563 16.7513
-23.6041 16.9036
-23.4518 17.0558
-23.1472 17.2081
-22.9949 17.3604
-22.8426 17.5127
-22.5381 17.665
-22.3858 17.8173
-22.0812 17.9695
-21.9289 18.1218
-21.6244 18.2741
-21.3198 18.2741
-21.1675 18.4264
-20.8629 18.5787
-20.7107 18.5787
-20.4061 18.731
-20.1015 18.731
-19.9492 18.8832
-19.6447 18.8832
-19.3401 19.0355
-19.1878 19.0355
-18.8832 19.0355
-18.5787 19.0355
-18.2741 19.1878
-18.1218 19.1878
-17.8173 19.1878
-17.5127 19.1878
-17.2081 19.1878
-17.0558 19.0355
-16.7513 19.0355
-16.4467 19.0355
-16.1421 19.0355
-15.9898 18.8832
-15.6853 18.8832
-15.3807 18.731
-15.2284 18.731
-14.9239 18.5787
-14.7716 18.5787
-14.467 18.4264
-14.1624 18.2741
-14.0102 18.2741
-13.7056 18.1218
-13.5533 17.9695
-13.2487 17.8173
-13.0964 17.8173
-12.9442 17.665
-12.6396 17.5127
-12.4873 17.3604
-12.1827 17.2081
-12.0305 17.2081
-11.8782 17.0558
-11.5736 16.9036
-11.4213 16.7513
-11.269 16.7513
-10.9645 16.599
-10.8122 16.4467
-10.6599 16.2944
-10.3553 16.2944
-10.203 16.1421
-10.0508 15.9898
-9.89848 15.9898
-9.59391 15.8376
-9.44162 15.6853
-9.28934 15.6853
-8.98477 15.533
-8.83249 15.3807
-8.6802 15.3807
-8.52792 15.2284
-8.22335 15.0761
-8.07107 14.9239
-7.91878 14.9239
-7.7665 14.7716
-7.46193 14.6193
-7.30964 14.467
-7.15736 14.3147
-7.00508 14.3147
-6.85279 14.1624
-6.54822 14.0102
-6.39594 13.8579
-6.24365 13.7056
-6.09137 13.5533
-5.93909 13.401
-5.7868 13.2487
-5.63452 13.0964
-5.48223 12.9442
-5.32995 12.7919
-5.17766 12.6396
-5.02538 12.4873
-4.8731 12.335
-4.72081 12.0305
-4.56853 11.8782
-4.41624 11.7259
-4.26396 11.5736
-4.11168 11.4213
-3.95939 11.269
-3.80711 10.9645
-3.65482 10.8122
-3.50254 10.6599
-3.35025 10.5076
-3.19797 10.3553
-3.04569 10.0508
-2.8934 9.89848
-2.74112 9.74619
-2.58883 9.44162
-2.43655 9.28934
-2.28426 9.13706
-2.13198 8.98477
-1.9797 8.6802
-1.82741 8.52792
-1.67513 8.22335
-1.52284 8.07107
-1.37056 7.91878
-1.21827 7.61421
-1.06599 7.46193
-0.913706 7.15736
-0.761421 7.00508
-0.609137 6.70051
-0.456853 6.54822
-0.304569 6.24365
-0.152284 5.93909
-0.152284 5.7868
0 5.48223
0.152284 5.17766
0.304569 5.02538
0.456853 4.72081
