0.761421 4.26396
1.06599 3.95939
1.37056 3.65482
1.67513 3.35025
1.82741 3.04569
2.13198 2.74112
2.28426 2.43655
2.43655 2.13198
2.58883 1.82741
2.74112 1.52284
2.8934 1.06599
2.8934 0.761421
2.8934 0.456853
3.04569 0.152284
3.04569 -0.152284
3.04569 -0.609137
2.8934 -0.913706
2.8934 -1.21827
2.8934 -1.52284
2.74112 -1.82741
2.58883 -2.13198
2.43655 -2.43655
2.28426 -2.74112
2.13198 -3.04569
1.9797 -3.35025
1.67513 -3.50254
1.52284 -3.80711
1.21827 -3.95939
1.06599 -4.26396
0.761421 -4.41624
0.456853 -4.72081
0.152284 -4.8731
-0.152284 -5.02538
-0.456853 -5.17766
-0.761421 -5.32995
-1.06599 -5.48223
-1.37056 -5.63452
-1.67513 -5.7868
-1.9797 -5.93909
-2.28426 -6.09137
-2.58883 -6.09137
-2.8934 -6.24365
-3.19797 -6.39594
-3.50254 -6.39594
-3.80711 -6.54822
-4.11168 -6.54822
-4.41624 -6.70051
-4.72081 -6.70051
-5.02538 -6.85279
-5.32995 -7.00508
-5.63452 -7.00508
-5.7868 -7.15736
-6.09137 -7.15736
-6.39594 -7.30964
-6.54822 -7.30964
-6.85279 -7.46193
-7.00508 -7.61421
-7.30964 -7.61421
-7.46193 -7.7665
-7.7665 -7.91878
-7.91878 -7.91878
-8.22335 -8.07107
-8.37563 -8.07107
-8.6802 -8.22335
-8.83249 -8.37563
-9.13706 -8.37563
-9.44162 -8.52792
-9.59391 -8.52792
-9.89848 -8.6802
-10.0508 -8.6802
-10.3553 -8.6802
-10.5076 -8.83249
-10.8122 -8.83249
-10.9645 -8.83249
-11.269 -8.98477
-11.5736 -8.98477
-11.7259 -8.98477
-12.0305 -8.98477
-12.1827 -8.98477
-12.4873 -8.98477
-12.6396 -8.98477
-12.9442 -8.98477
-13.2487 -8.98477
-13.401 -8.98477
-13.7056 -8.98477
-13.8579 -8.83249
-14.1624 -8.83249
-14.3147 -8.83249
-14.6193 -8.83249
-14.7716 -8.6802
-15.0761 -8.6802
-15.2284 -8.6802
-15.533 -8.52792
-15.6853 -8.52792
-15.9898 -8.52792
-16.1421 -8.37563
-16.4467 -8.37563
-16.599 -8.37563
-16.7513 -8.22335
-17.0558 -8.22335
-17.2081 -8.22335
-17.5127 -8.07107
-17.665 -8.07107
-17.8173 -7.91878
-18.1218 -7.91878
-18.2741 -7.91878
-18.5787 -7.7665
-18.731 -7.7665
-18.8832 -7.61421
-19.1878 -7.61421
-19.3401 -7.46193
-19.4924 -7.46193
-19.797 -7.30964
-19.9492 -7.30964
-20.1015 -7.15736
-20.4061 -7.15736
-20.5584 -7.00508
-20.7107 -6.85279
-21.0152 -6.85279
-21.1675 -6.70051
-21.3198 -6.54822
-21.4721 -6.54822
-21.7766 -6.39594
-21.9289 -6.24365
-22.0812 -6.09137
-22.2335 -6.09137
-22.3858 -5.93909
-22.6904 -5.7868
-22.8426 -5.63452
-22.9949 -5.48223
-23.1472 -5.32995
-23.2995 -5.17766
-23.4518 -5.02538
-23.6041 -4.8731
-23.7563 -4.72081
-23.9086 -4.56853
-24.0609 -4.41624
-24.2132 -4.26396
-24.3655 -4.11168
-24.5178 -3.95939
-24.6701 -3.80711
-24.8223 -3.65482
-24.9746 -3.50254
-25.1269 -3.35025
-25.2792 -3.19797
-25.4315 -3.04569
-25.5838 -2.8934
-25.736 -2.58883
-25.8883 -2.43655
-26.0406 -2.28426
-26.1929 -2.13198
-26.1929 -1.9797
-26.3452 -1.67513
-26.4975 -1.52284
-26.6497 -1.37056
-26.802 -1.21827
-26.802 -0.913706
-26.9543 -0.761421
-27.1066 -0.609137
-27.1066 -0.304569
-27.2589 -0.152284
-27.4112 0
-27.4112 0.304569
-27.5635 0.456853
-27.7157 0.609137
-27.7157 0.913706
-27.868 1.06599
-27.868 1.37056
-28.0203 1.52284
-28.0203 1.82741
-28.1726 1.9797
-28.1726 2.28426
-28.1726 2.43655
-28.3249 2.58883
-28.3249 2.8934
-28.3249 3.19797
-28.4772 3.35025
-28.4772 3.65482
-28.4772 3.80711
-28.4772 4.11168
-28.6294 4.26396
-28.6294 4.56853
-28.6294 4.72081
-28.6294 5.02538
-28.6294 5.17766
-28.6294 5.48223
-28.6294 5.7868
-28.6294 5.93909
-28.6294 6.24365
-28.6294 6.39594
-28.6294 6.70051
-28.4772 6.85279
-28.4772 7.15736
-28.4772 7.46193
-28.4772 7.61421
-28.4772 7.91878
-28.3249 8.07107
-28.3249 8.37563
-28.3249 8.52792
-28.1726 8.83249
-28.1726 8.98477
-28.0203 9.28934
-28.0203 9.44162
-27.868 9.74619
-27.868 10.0508
-27.7157 10.203
-27.7157 10.5076
-27.5635 10.6599
-27.4112 10.9645
-27.4112 11.1168
-27.2589 11.4213
-27.2589 11.5736
-27.1066 11.8782
-26.9543 12.0305
-26.802 12.1827
-26.802 12.4873
-26.6497 12.6396
-26.4975 12.9442
-26.3452 13.0964
-26.1929 13.401
-26.0406 13.5533
-26.0406 13.7056
-25.8883 14.0102
-25.736 14.1624
-25.5838 14.467
-25.4315 14.6193
-25.2792 14.7716
-25.1269 15.0761
-24.9746 15.2284
-24.6701 15.3807
-24.5178 15.6853
-24.3655 15.8376
-24.2132 15.9898
-24.0609 16.1421
-23.9086 16.4467
-23.6041 16.599
-23.4518 16.7513
-23.2995 16.9036
-22.9949 17.0558
-22.8426 17.2081
-22.6904 17.3604
-22.3858 17.5127
-22.2335 17.665
-21.9289 17.8173
-21.7766 17.9695
-21.4721 18.1218
-21.3198 18.2741
-21.0152 18.4264
-20.8629 18.4264
-20.5584 18.5787
-20.2538 18.731
-20.1015 18.731
-19.797 18.8832
-19.4924 18.8832
-19.3401 19.0355
-19.0355 19.0355
-18.731 19.1878
-18.4264 19.1878
-18.2741 19.1878
-17.9695 19.1878
-17.665 19.1878
-17.3604 19.1878
-17.2081 19.1878
-16.9036 19.1878
-16.599 19.1878
-16.2944 19.0355
-16.1421 19.0355
-15.8376 19.0355
-15.533 18.8832
-15.3807 18.8832
-15.0761 18.731
-14.7716 18.5787
-14.6193 18.5787
-14.3147 18.4264
-14.0102 18.2741
-13.8579 18.1218
-13.5533 18.1218
-13.401 17.9695
-13.0964 17.8173
-12.9442 17.665
-12.7919 17.5127
-12.4873 17.3604
-12.335 17.2081
-12.0305 17.0558
-11.8782 16.9036
-11.7259 16.7513
-11.4213 16.7513
-11.269 16.599
-11.1168 16.4467
-10.9645 16.2944
-10.6599 16.1421
-10.5076 15.9898
-10.3553 15.9898
-10.203 15.8376
-9.89848 15.6853
-9.74619 15.533
-9.59391 15.533
-9.44162 15.3807
-9.28934 15.2284
-8.98477 15.0761
-8.83249 15.0761
-8.6802 14.9239
-8.52792 14.7716
-8.37563 14.6193
-8.07107 14.6193
-7.91878 14.467
-7.7665 14.3147
-7.61421 14.1624
-7.46193 14.0102
-7.15736 14.0102
-7.00508 13.8579
-6.85279 13.7056
-6.70051 13.5533
-6.54822 13.401
-6.39594 13.2487
-6.24365 13.0964
-6.09137 12.9442
-5.93909 12.7919
-5.7868 12.6396
-5.63452 12.4873
-5.48223 12.335
-5.32995 12.1827
-5.17766 12.0305
-5.02538 11.8782
-4.8731 11.7259
-4.72081 11.5736
-4.56853 11.269
-4.41624 11.1168
-4.26396 10.9645
-4.11168 10.8122
-3.95939 10.6599
-3.80711 10.5076
-3.80711 10.3553
-3.65482 10.203
-3.50254 9.89848
-3.35025 9.74619
-3.04569 9.59391
-2.8934 9.44162
-2.74112 9.28934
-2.58883 8.98477
-2.43655 8.83249
-2.28426 8.6802
-2.13198 8.52792
-1.9797 8.22335
-1.82741 8.07107
-1.52284 7.91878
-1.37056 7.61421
-1.21827 7.46193
-1.06599 7.30964
-0.913706 7.00508
-0.761421 6.85279
-0.609137 6.54822
-0.456853 6.39594
-0.304569 6.09137
-0.152284 5.7868
0 5.63452
0.152284 5.32995
0.304569 5.02538
0.456853 4.8731
0.609137 4.56853
