0.456853 4.41624
0.913706 4.11168
1.21827 3.80711
1.52284 3.50254
1.9797 3.19797
2.28426 2.8934
2.43655 2.58883
2.74112 2.13198
2.8934 1.82741
3.19797 1.52284
3.35025 1.06599
3.35025 0.761421
3.50254 0.456853
3.65482 0
3.65482 -0.304569
3.65482 -0.609137
3.65482 -1.06599
3.65482 -1.37056
3.50254 -1.67513
3.50254 -2.13198
3.35025 -2.43655
3.19797 -2.74112
3.04569 -3.04569
2.8934 -3.35025
2.58883 -3.65482
2.43655 -3.80711
2.13198 -4.11168
1.82741 -4.41624
1.67513 -4.56853
1.37056 -4.8731
0.913706 -5.02538
0.609137 -5.17766
0.304569 -5.32995
0 -5.48223
-0.456853 -5.63452
-0.761421 -5.7868
-1.06599 -5.93909
-1.52284 -6.09137
-1.82741 -6.09137
-2.28426 -6.24365
-2.58883 -6.39594
-2.8934 -6.39594
-3.35025 -6.39594
-3.65482 -6.54822
-3.95939 -6.54822
-4.26396 -6.70051
-4.56853 -6.70051
-4.8731 -6.70051
-5.17766 -6.85279
-5.48223 -6.85279
-5.7868 -7.00508
-6.09137 -7.00508
-6.39594 -7.15736
-6.70051 -7.15736
-6.85279 -7.30964
-7.15736 -7.30964
-7.30964 -7.46193
-7.61421 -7.46193
-7.91878 -7.61421
-8.07107 -7.7665
-8.37563 -7.7665
-8.52792 -7.91878
-8.83249 -8.07107
-8.98477 -8.07107
-9.28934 -8.22335
-9.44162 -8.22335
-9.74619 -8.37563
-9.89848 -8.52792
-10.203 -8.52792
-10.3553 -8.6802
-10.6599 -8.6802
-10.8122 -8.83249
-11.1168 -8.83249
-11.269 -8.83249
-11.5736 -8.98477
-11.7259 -8.98477
-12.0305 -8.98477
-12.335 -8.98477
-12.4873 -8.98477
-12.7919 -8.98477
-12.9442 -8.98477
-13.2487 -8.98477
-13.5533 -8.98477
-13.7056 -8.98477
-14.0102 -8.98477
-14.1624 -8.98477
-14.467 -8.98477
-14.6193 -8.83249
-14.9239 -8.83249
-15.0761 -8.83249
-15.3807 -8.83249
-15.533 -8.6802
-15.8376 -8.6802
-15.9898 -8.6802
-16.2944 -8.52792
-16.4467 -8.52792
-16.7513 -8.52792
-16.9036 -8.37563
-17.2081 -8.37563
-17.3604 -8.22335
-17.665 -8.22335
-17.8173 -8.22335
-17.9695 -8.07107
-18.2741 -8.07107
-18.4264 -7.91878
-18.731 -7.91878
-18.8832 -7.7665
-19.0355 -7.7665
-19.3401 -7.61421
-19.4924 -7.61421
-19.797 -7.46193
-19.9492 -7.46193
-20.1015 -7.30964
-20.4061 -7.30964
-20.5584 -7.15736
-20.7107 -7.15736
-20.8629 -7.00508
-21.1675 -6.85279
-21.3198 -6.85279
-21.4721 -6.70051
-21.7766 -6.54822
-21.9289 -6.39594
-22.0812 -6.39594
-22.2335 -6.24365
-22.3858 -6.09137
-22.6904 -5.93909
-22.8426 -5.7868
-22.9949 -5.63452
-23.1472 -5.48223
-23.2995 -5.48223
-23.4518 -5.32995
-23.6041 -5.17766
-23.9086 -5.02538
-24.0609 -4.8731
-24.2132 -4.72081
-24.3655 -4.56853
-24.5178 -4.41624
-24.6701 -4.26396
-24.8223 -4.11168
-24.9746 -3.95939
-25.1269 -3.65482
-25.2792 -3.50254
-25.4315 -3.35025
-25.4315 -3.19797
-25.5838 -3.04569
-25.736 -2.8934
-25.8883 -2.74112
-26.0406 -2.58883
-26.1929 -2.28426
-26.3452 -2.13198
-26.4975 -1.9797
-26.6497 -1.82741
-26.6497 -1.67513
-26.802 -1.37056
-26.9543 -1.21827
-27.1066 -1.06599
-27.2589 -0.913706
-27.2589 -0.609137
-27.4112 -0.456853
-27.5635 -0.304569
-27.7157 0
-27.7157 0.152284
-27.868 0.304569
-27.868 0.609137
-28.0203 0.761421
-28.1726 1.06599
-28.1726 1.21827
-28.3249 1.37056
-28.3249 1.67513
-28.4772 1.82741
-28.4772 2.13198
-28.6294 2.28426
-28.6294 2.58883
-28.6294 2.74112
-28.7817 3.04569
-28.7817 3.19797
-28.7817 3.50254
-28.934 3.65482
-28.934 3.95939
-28.934 4.11168
-28.934 4.41624
-28.934 4.72081
-29.0863 4.8731
-29.0863 5.17766
-29.0863 5.32995
-29.0863 5.63452
-29.0863 5.7868
-29.0863 6.09137
-29.0863 6.39594
-28.934 6.54822
-28.934 6.85279
-28.934 7.00508
-28.934 7.30964
-28.934 7.46193
-28.7817 7.7665
-28.7817 8.07107
-28.7817 8.22335
-28.6294 8.52792
-28.6294 8.6802
-28.4772 8.98477
-28.4772 9.13706
-28.4772 9.44162
-28.3249 9.59391
-28.1726 9.89848
-28.1726 10.0508
-28.0203 10.3553
-28.0203 10.5076
-27.868 10.8122
-27.7157 10.9645
-27.7157 11.269
-27.5635 11.4213
-27.4112 11.7259
-27.4112 11.8782
-27.2589 12.1827
-27.1066 12.335
-26.9543 12.6396
-26.9543 12.7919
-26.802 12.9442
-26.6497 13.2487
-26.4975 13.401
-26.3452 13.7056
-26.1929 13.8579
-26.0406 14.0102
-25.8883 14.3147
-25.736 14.467
-25.5838 14.7716
-25.4315 14.9239
-25.2792 15.0761
-25.1269 15.3807
-24.9746 15.533
-24.8223 15.6853
-24.6701 15.8376
-24.5178 16.1421
-24.3655 16.2944
-24.0609 16.4467
-23.9086 16.599
-23.7563 16.7513
-23.4518 16.9036
-23.2995 17.2081
-23.1472 17.3604
-22.8426 17.5127
-22.6904 17.665
-22.3858 17.665
-22.2335 17.8173
-21.9289 17.9695
-21.7766 18.1218
-21.4721 18.2741
-21.3198 18.2741
-21.0152 18.4264
-20.8629 18.5787
-20.5584 18.5787
-20.2538 18.731
-20.1015 18.731
-19.797 18.8832
-19.4924 18.8832
-19.1878 18.8832
-19.0355 19.0355
-18.731 19.0355
-18.4264 19.0355
-18.2741 19.0355
-17.9695 19.0355
-17.665 19.0355
-17.3604 19.0355
-17.2081 19.0355
-16.9036 19.0355
-16.599 18.8832
-16.4467 18.8832
-16.1421 18.8832
-15.8376 18.731
-15.6853 18.731
-15.3807 18.5787
-15.0761 18.5787
-14.9239 18.4264
-14.6193 18.2741
-14.467 18.2741
-14.1624 18.1218
-14.0102 17.9695
-13.7056 17.9695
-13.5533 17.8173
-13.2487 17.665
-13.0964 17.5127
-12.7919 17.5127
-12.6396 17.3604
-12.4873 17.2081
-12.1827 17.0558
-12.0305 16.9036
-11.8782 16.9036
-11.5736 16.7513
-11.4213 16.599
-11.269 16.4467
-10.9645 16.4467
-10.8122 16.2944
-10.6599 16.1421
-10.3553 15.9898
-10.203 15.9898
-10.0508 15.8376
-9.89848 15.6853
-9.59391 15.6853
-9.44162 15.533
-9.28934 15.3807
-9.13706 15.3807
-8.83249 15.2284
-8.6802 15.0761
-8.52792 15.0761
-8.37563 14.9239
-8.07107 14.7716
-7.91878 14.6193
-7.7665 14.467
-7.61421 14.467
-7.30964 14.3147
-7.15736 14.1624
-7.00508 14.0102
-6.85279 13.8579
-6.70051 13.7056
-6.54822 13.5533
-6.39594 13.401
-6.09137 13.2487
-5.93909 13.0964
-5.7868 12.9442
-5.63452 12.7919
-5.48223 12.6396
-5.32995 12.4873
-5.17766 12.335
-5.02538 12.1827
-4.8731 12.0305
-4.72081 11.8782
-4.56853 11.7259
-4.41624 11.5736
-4.26396 11.269
-4.11168 11.1168
-3.95939 10.9645
-3.80711 10.8122
-3.65482 10.6599
-3.50254 10.5076
-3.35025 10.203
-3.19797 10.0508
-3.04569 9.89848
-2.8934 9.74619
-2.8934 9.44162
-2.74112 9.28934
-2.58883 9.13706
-2.43655 8.83249
-2.13198 8.6802
-1.9797 8.52792
-1.82741 8.22335
-1.67513 8.07107
-1.52284 7.91878
-1.37056 7.61421
-1.21827 7.46193
-1.06599 7.15736
-0.913706 7.00508
-0.761421 6.70051
-0.609137 6.54822
-0.456853 6.24365
-0.304569 5.93909
-0.152284 5.7868
0 5.48223
0.152284 5.17766
0.304569 5.02538
0.456853 4.72081
