0.609137 4.41624
0.913706 4.11168
1.21827 3.80711
1.52284 3.50254
1.82741 3.19797
1.9797 2.8934
2.13198 2.58883
2.43655 2.13198
2.58883 1.82741
2.74112 1.52284
2.74112 1.21827
2.8934 0.761421
2.8934 0.456853
2.8934 0.152284
3.04569 -0.152284
3.04569 -0.609137
2.8934 -0.913706
2.8934 -1.21827
2.74112 -1.52284
2.74112 -1.82741
2.58883 -2.13198
2.43655 -2.43655
2.28426 -2.74112
2.13198 -3.04569
1.9797 -3.35025
1.67513 -3.65482
1.52284 -3.95939
1.21827 -4.11168
0.913706 -4.41624
0.609137 -4.56853
0.456853 -4.72081
0.152284 -5.02538
-0.152284 -5.17766
-0.456853 -5.32995
-0.761421 -5.48223
-1.21827 -5.63452
-1.52284 -5.7868
-1.82741 -5.93909
-2.13198 -6.09137
-2.43655 -6.24365
-2.74112 -6.24365
-3.04569 -6.39594
-3.50254 -6.39594
-3.80711 -6.54822
-4.11168 -6.70051
-4.41624 -6.70051
-4.72081 -6.85279
-5.02538 -6.85279
-5.32995 -7.00508
-5.63452 -7.00508
-5.7868 -7.15736
-6.09137 -7.15736
-6.39594 -7.30964
-6.70051 -7.30964
-6.85279 -7.46193
-7.15736 -7.46193
-7.46193 -7.61421
-7.61421 -7.7665
-7.91878 -7.7665
-8.07107 -7.91878
-8.37563 -7.91878
-8.6802 -8.07107
-8.83249 -8.07107
-9.13706 -8.22335
-9.28934 -8.22335
-9.59391 -8.37563
-9.74619 -8.37563
-10.0508 -8.52792
-10.203 -8.52792
-10.5076 -8.6802
-10.8122 -8.6802
-10.9645 -8.6802
-11.269 -8.83249
-11.4213 -8.83249
-11.7259 -8.83249
-11.8782 -8.83249
-12.1827 -8.98477
-12.4873 -8.98477
-12.6396 -8.98477
-12.9442 -8.98477
-13.0964 -8.98477
-13.401 -8.98477
-13.7056 -8.98477
-13.8579 -8.98477
-14.1624 -8.98477
-14.3147 -8.83249
-14.6193 -8.83249
-14.7716 -8.83249
-15.0761 -8.83249
-15.2284 -8.83249
-15.533 -8.6802
-15.6853 -8.6802
-15.9898 -8.6802
-16.1421 -8.6802
-16.4467 -8.52792
-16.599 -8.52792
-16.9036 -8.52792
-17.0558 -8.37563
-17.3604 -8.37563
-17.5127 -8.37563
-17.665 -8.22335
-17.9695 -8.22335
-18.1218 -8.07107
-18.4264 -8.07107
-18.5787 -8.07107
-18.8832 -7.91878
-19.0355 -7.91878
-19.1878 -7.7665
-19.4924 -7.7665
-19.6447 -7.61421
-19.797 -7.61421
-20.1015 -7.46193
-20.2538 -7.30964
-20.4061 -7.30964
-20.7107 -7.15736
-20.8629 -7.15736
-21.0152 -7.00508
-21.3198 -6.85279
-21.4721 -6.85279
-21.6244 -6.70051
-21.7766 -6.54822
-22.0812 -6.39594
-22.2335 -6.39594
-22.3858 -6.24365
-22.5381 -6.09137
-22.6904 -5.93909
-22.9949 -5.7868
-23.1472 -5.63452
-23.2995 -5.48223
-23.4518 -5.32995
-23.6041 -5.17766
-23.7563 -5.02538
-23.9086 -4.8731
-24.0609 -4.72081
-24.2132 -4.56853
-24.3655 -4.41624
-24.5178 -4.26396
-24.6701 -4.11168
-24.8223 -3.95939
-24.9746 -3.80711
-25.1269 -3.65482
-25.2792 -3.50254
-25.4315 -3.35025
-25.5838 -3.19797
-25.736 -3.04569
-25.8883 -2.8934
-25.8883 -2.58883
-26.0406 -2.43655
-26.1929 -2.28426
-26.3452 -2.13198
-26.4975 -1.9797
-26.6497 -1.82741
-26.802 -1.52284
-26.802 -1.37056
-26.9543 -1.21827
-27.1066 -1.06599
-27.2589 -0.761421
-27.2589 -0.609137
-27.4112 -0.456853
-27.5635 -0.152284
-27.7157 0
-27.7157 0.152284
-27.868 0.456853
-27.868 0.609137
-28.0203 0.761421
-28.1726 1.06599
-28.1726 1.21827
-28.3249 1.37056
-28.3249 1.67513
-28.4772 1.82741
-28.4772 2.13198
-28.6294 2.28426
-28.6294 2.58883
-28.7817 2.74112
-28.7817 3.04569
-28.7817 3.19797
-28.934 3.50254
-28.934 3.65482
-28.934 3.95939
-28.934 4.11168
-29.0863 4.41624
-29.0863 4.56853
-29.0863 4.8731
-29.0863 5.17766
-29.0863 5.32995
-29.0863 5.63452
-29.0863 5.7868
-29.0863 6.09137
-29.0863 6.24365
-29.0863 6.54822
-29.0863 6.85279
-29.0863 7.00508
-29.0863 7.30964
-28.934 7.46193
-28.934 7.7665
-28.934 7.91878
-28.934 8.22335
-28.7817 8.52792
-28.7817 8.6802
-28.6294 8.98477
-28.6294 9.13706
-28.6294 9.44162
-28.4772 9.59391
-28.4772 9.89848
-28.3249 10.0508
-28.3249 10.3553
-28.1726 10.5076
-28.0203 10.8122
-28.0203 10.9645
-27.868 11.269
-27.7157 11.4213
-27.7157 11.7259
-27.5635 11.8782
-27.4112 12.1827
-27.4112 12.335
-27.2589 12.6396
-27.1066 12.7919
-26.9543 13.0964
-26.802 13.2487
-26.802 13.5533
-26.6497 13.7056
-26.4975 14.0102
-26.3452 14.1624
-26.1929 14.3147
-26.0406 14.6193
-25.8883 14.7716
-25.736 15.0761
-25.5838 15.2284
-25.4315 15.3807
-25.2792 15.6853
-25.1269 15.8376
-24.9746 15.9898
-24.6701 16.1421
-24.5178 16.4467
-24.3655 16.599
-24.2132 16.7513
-23.9086 16.9036
-23.7563 17.0558
-23.6041 17.2081
-23.2995 17.3604
-23.1472 17.5127
-22.8426 17.665
-22.6904 17.8173
-22.3858 17.9695
-22.2335 18.1218
-21.9289 18.1218
-21.6244 18.2741
-21.4721 18.4264
-21.1675 18.4264
-21.0152 18.5787
-20.7107 18.5787
-20.4061 18.731
-20.2538 18.731
-19.9492 18.8832
-19.6447 18.8832
-19.3401 18.8832
-19.1878 18.8832
-18.8832 18.8832
-18.5787 19.0355
-18.2741 19.0355
-18.1218 19.0355
-17.8173 18.8832
-17.5127 18.8832
-17.3604 18.8832
-17.0558 18.8832
-16.7513 18.8832
-16.4467 18.731
-16.2944 18.731
-15.9898 18.731
-15.6853 18.5787
-15.533 18.5787
-15.2284 18.4264
-15.0761 18.2741
-14.7716 18.2741
-14.6193 18.1218
-14.3147 18.1218
-14.0102 17.9695
-13.8579 17.8173
-13.7056 17.8173
-13.401 17.665
-13.2487 17.5127
-12.9442 17.3604
-12.7919 17.3604
-12.4873 17.2081
-12.335 17.0558
-12.1827 16.9036
-11.8782 16.9036
-11.7259 16.7513
-11.5736 16.599
-11.269 16.599
-11.1168 16.4467
-10.9645 16.2944
-10.6599 16.2944
-10.5076 16.1421
-10.3553 15.9898
-10.203 15.9898
-9.89848 15.8376
-9.74619 15.6853
-9.59391 15.6853
-9.28934 15.533
-9.13706 15.3807
-8.98477 15.3807
-8.6802 15.2284
-8.52792 15.0761
-8.37563 15.0761
-8.22335 14.9239
-7.91878 14.7716
-7.7665 14.6193
-7.61421 14.467
-7.46193 14.467
-7.15736 14.3147
-7.00508 14.1624
-6.85279 14.0102
-6.70051 13.8579
-6.54822 13.7056
-6.39594 13.5533
-6.09137 13.401
-5.93909 13.2487
-5.7868 13.0964
-5.63452 12.9442
-5.48223 12.7919
-5.32995 12.6396
-5.17766 12.4873
-5.02538 12.335
-4.8731 12.1827
-4.72081 11.8782
-4.56853 11.7259
-4.41624 11.5736
-4.26396 11.4213
-4.11168 11.269
-3.95939 11.1168
-3.80711 10.8122
-3.65482 10.6599
-3.50254 10.5076
-3.35025 10.3553
-3.19797 10.0508
-3.04569 9.89848
-3.04569 9.74619
-2.8934 9.59391
-2.74112 9.28934
-2.58883 9.13706
-2.43655 8.98477
-2.28426 8.6802
-2.13198 8.52792
-1.9797 8.22335
-1.82741 8.07107
-1.67513 7.91878
-1.52284 7.61421
-1.37056 7.46193
-1.21827 7.15736
-1.06599 7.00508
-0.913706 6.70051
-0.761421 6.54822
-0.609137 6.24365
-0.304569 5.93909
-0.152284 5.7868
0 5.48223
0.152284 5.17766
0.304569 4.8731
0.456853 4.72081
