0.609137 4.26396
0.913706 3.95939
1.21827 3.65482
1.52284 3.35025
1.82741 3.04569
2.13198 2.74112
2.28426 2.43655
2.43655 2.13198
2.58883 1.67513
2.74112 1.37056
2.8934 1.06599
2.8934 0.761421
2.8934 0.304569
3.04569 0
3.04569 -0.304569
2.8934 -0.609137
2.8934 -0.913706
2.8934 -1.21827
2.74112 -1.67513
2.58883 -1.9797
2.58883 -2.28426
2.43655 -2.58883
2.13198 -2.74112
1.9797 -3.04569
1.82741 -3.35025
1.67513 -3.65482
1.37056 -3.80711
1.06599 -4.11168
0.913706 -4.26396
0.609137 -4.56853
0.304569 -4.72081
0 -4.8731
-0.304569 -5.17766
-0.609137 -5.32995
-0.913706 -5.48223
-1.21827 -5.63452
-1.52284 -5.7868
-1.82741 -5.93909
-2.13198 -6.09137
-2.43655 -6.09137
-2.74112 -6.24365
-3.04569 -6.39594
-3.35025 -6.39594
-3.65482 -6.54822
-3.95939 -6.70051
-4.26396 -6.70051
-4.56853 -6.85279
-4.8731 -6.85279
-5.17766 -7.00508
-5.48223 -7.00508
-5.7868 -7.15736
-5.93909 -7.15736
-6.24365 -7.30964
-6.54822 -7.30964
-6.70051 -7.46193
-7.00508 -7.61421
-7.30964 -7.61421
-7.46193 -7.7665
-7.7665 -7.7665
-7.91878 -7.91878
-8.22335 -7.91878
-8.52792 -8.07107
-8.6802 -8.22335
-8.98477 -8.22335
-9.13706 -8.37563
-9.44162 -8.37563
-9.59391 -8.52792
-9.89848 -8.52792
-10.0508 -8.6802
-10.3553 -8.6802
-10.5076 -8.6802
-10.8122 -8.83249
-10.9645 -8.83249
-11.269 -8.83249
-11.5736 -8.98477
-11.7259 -8.98477
-12.0305 -8.98477
-12.1827 -8.98477
-12.4873 -8.98477
-12.6396 -8.98477
-12.9442 -8.98477
-13.2487 -8.98477
-13.401 -8.98477
-13.7056 -8.98477
-13.8579 -8.98477
-14.1624 -8.98477
-14.3147 -8.98477
-14.6193 -8.98477
-14.7716 -8.98477
-15.0761 -8.83249
-15.2284 -8.83249
-15.533 -8.83249
-15.6853 -8.83249
-15.9898 -8.83249
-16.1421 -8.6802
-16.4467 -8.6802
-16.599 -8.6802
-16.9036 -8.52792
-17.0558 -8.52792
-17.3604 -8.52792
-17.5127 -8.37563
-17.665 -8.37563
-17.9695 -8.22335
-18.1218 -8.22335
-18.4264 -8.22335
-18.5787 -8.07107
-18.8832 -8.07107
-19.0355 -7.91878
-19.1878 -7.91878
-19.4924 -7.7665
-19.6447 -7.7665
-19.797 -7.61421
-20.1015 -7.61421
-20.2538 -7.46193
-20.4061 -7.30964
-20.7107 -7.30964
-20.8629 -7.15736
-21.0152 -7.00508
-21.1675 -7.00508
-21.4721 -6.85279
-21.6244 -6.70051
-21.7766 -6.54822
-21.9289 -6.54822
-22.2335 -6.39594
-22.3858 -6.24365
-22.5381 -6.09137
-22.6904 -5.93909
-22.8426 -5.7868
-22.9949 -5.63452
-23.1472 -5.48223
-23.2995 -5.32995
-23.6041 -5.17766
-23.7563 -5.02538
-23.9086 -4.8731
-24.0609 -4.72081
-24.2132 -4.56853
-24.3655 -4.41624
-24.5178 -4.26396
-24.6701 -4.11168
-24.8223 -3.95939
-24.8223 -3.80711
-24.9746 -3.65482
-25.1269 -3.50254
-25.2792 -3.35025
-25.4315 -3.19797
-25.5838 -3.04569
-25.736 -2.74112
-25.8883 -2.58883
-26.0406 -2.43655
-26.1929 -2.28426
-26.3452 -2.13198
-26.4975 -1.9797
-26.6497 -1.82741
-26.6497 -1.52284
-26.802 -1.37056
-26.9543 -1.21827
-27.1066 -1.06599
-27.2589 -0.761421
-27.4112 -0.609137
-27.4112 -0.456853
-27.5635 -0.152284
-27.7157 0
-27.868 0.152284
-27.868 0.456853
-28.0203 0.609137
-28.1726 0.761421
-28.1726 1.06599
-28.3249 1.21827
-28.4772 1.52284
-28.4772 1.67513
-28.6294 1.9797
-28.6294 2.13198
-28.7817 2.43655
-28.7817 2.58883
-28.934 2.8934
-28.934 3.04569
-28.934 3.35025
-29.0863 3.50254
-29.0863 3.80711
-29.0863 3.95939
-29.0863 4.26396
-29.2386 4.56853
-29.2386 4.72081
-29.2386 5.02538
-29.2386 5.17766
-29.2386 5.48223
-29.2386 5.7868
-29.2386 5.93909
-29.2386 6.24365
-29.2386 6.39594
-29.2386 6.70051
-29.2386 7.00508
-29.0863 7.15736
-29.0863 7.46193
-29.0863 7.7665
-29.0863 7.91878
-28.934 8.22335
-28.934 8.37563
-28.934 8.6802
-28.7817 8.98477
-28.7817 9.13706
-28.6294 9.44162
-28.6294 9.59391
-28.4772 9.89848
-28.4772 10.0508
-28.3249 10.3553
-28.3249 10.6599
-28.1726 10.8122
-28.0203 11.1168
-28.0203 11.269
-27.868 11.5736
-27.7157 11.7259
-27.7157 12.0305
-27.5635 12.1827
-27.4112 12.4873
-27.4112 12.6396
-27.2589 12.9442
-27.1066 13.0964
-26.9543 13.401
-26.802 13.5533
-26.6497 13.8579
-26.4975 14.0102
-26.4975 14.3147
-26.3452 14.467
-26.1929 14.7716
-26.0406 14.9239
-25.8883 15.2284
-25.5838 15.3807
-25.4315 15.533
-25.2792 15.8376
-25.1269 15.9898
-24.9746 16.1421
-24.8223 16.4467
-24.5178 16.599
-24.3655 16.7513
-24.2132 16.9036
-23.9086 17.0558
-23.7563 17.3604
-23.6041 17.5127
-23.2995 17.665
-23.1472 17.8173
-22.8426 17.9695
-22.6904 17.9695
-22.3858 18.1218
-22.0812 18.2741
-21.9289 18.4264
-21.6244 18.5787
-21.3198 18.5787
-21.1675 18.731
-20.8629 18.731
-20.5584 18.8832
-20.4061 18.8832
-20.1015 19.0355
-19.797 19.0355
-19.4924 19.0355
-19.1878 19.0355
-19.0355 19.0355
-18.731 19.1878
-18.4264 19.1878
-18.1218 19.1878
-17.9695 19.1878
-17.665 19.0355
-17.3604 19.0355
-17.0558 19.0355
-16.9036 19.0355
-16.599 18.8832
-16.2944 18.8832
-15.9898 18.8832
-15.8376 18.731
-15.533 18.731
-15.2284 18.5787
-15.0761 18.4264
-14.7716 18.4264
-14.6193 18.2741
-14.3147 18.1218
-14.0102 18.1218
-13.8579 17.9695
-13.5533 17.8173
-13.401 17.8173
-13.0964 17.665
-12.9442 17.5127
-12.7919 17.3604
-12.4873 17.2081
-12.335 17.2081
-12.0305 17.0558
-11.8782 16.9036
-11.7259 16.7513
-11.4213 16.599
-11.269 16.599
-11.1168 16.4467
-10.9645 16.2944
-10.6599 16.1421
-10.5076 16.1421
-10.3553 15.9898
-10.0508 15.8376
-9.89848 15.8376
-9.74619 15.6853
-9.59391 15.533
-9.28934 15.3807
-9.13706 15.3807
-8.98477 15.2284
-8.83249 15.0761
-8.52792 14.9239
-8.37563 14.9239
-8.22335 14.7716
-8.07107 14.6193
-7.7665 14.467
-7.61421 14.3147
-7.46193 14.3147
-7.30964 14.1624
-7.15736 14.0102
-7.00508 13.8579
-6.85279 13.7056
-6.54822 13.5533
-6.39594 13.401
-6.24365 13.2487
-6.09137 13.0964
-5.93909 12.9442
-5.7868 12.7919
-5.63452 12.6396
-5.48223 12.4873
-5.32995 12.335
-5.17766 12.1827
-5.02538 12.0305
-4.8731 11.7259
-4.72081 11.5736
-4.56853 11.4213
-4.41624 11.269
-4.26396 11.1168
-4.11168 10.9645
-3.95939 10.8122
-3.80711 10.5076
-3.80711 10.3553
-3.65482 10.203
-3.50254 10.0508
-3.35025 9.89848
-3.04569 9.74619
-2.8934 9.44162
-2.74112 9.28934
-2.58883 9.13706
-2.43655 8.98477
-2.28426 8.6802
-2.13198 8.52792
-1.9797 8.37563
-1.82741 8.07107
-1.67513 7.91878
-1.52284 7.7665
-1.21827 7.46193
-1.06599 7.30964
-0.913706 7.00508
-0.761421 6.85279
-0.609137 6.54822
-0.456853 6.39594
-0.304569 6.09137
-0.152284 5.7868
0 5.63452
0.152284 5.32995
0.304569 5.02538
0.304569 4.8731
0.456853 4.56853
