0.304569 4.56853
0.761421 4.26396
1.21827 3.95939
1.52284 3.65482
1.82741 3.19797
2.13198 2.8934
2.43655 2.58883
2.74112 2.28426
2.8934 1.82741
3.19797 1.52284
3.35025 1.21827
3.35025 0.761421
3.50254 0.456853
3.65482 0
3.65482 -0.304569
3.65482 -0.609137
3.65482 -1.06599
3.50254 -1.37056
3.50254 -1.67513
3.35025 -2.13198
3.35025 -2.43655
3.19797 -2.74112
3.04569 -3.04569
2.74112 -3.35025
2.58883 -3.65482
2.28426 -3.95939
2.13198 -4.11168
1.82741 -4.41624
1.52284 -4.56853
1.21827 -4.8731
0.913706 -5.02538
0.609137 -5.17766
0.152284 -5.48223
-0.152284 -5.63452
-0.456853 -5.7868
-0.913706 -5.93909
-1.21827 -5.93909
-1.52284 -6.09137
-1.9797 -6.24365
-2.28426 -6.39594
-2.58883 -6.39594
-3.04569 -6.54822
-3.35025 -6.54822
-3.65482 -6.70051
-4.11168 -6.70051
-4.41624 -6.85279
-4.72081 -6.85279
-5.02538 -6.85279
-5.32995 -7.00508
-5.63452 -7.00508
-5.93909 -7.15736
-6.24365 -7.15736
-6.54822 -7.30964
-6.70051 -7.30964
-7.00508 -7.46193
-7.30964 -7.46193
-7.46193 -7.61421
-7.7665 -7.7665
-8.07107 -7.7665
-8.22335 -7.91878
-8.52792 -7.91878
-8.6802 -8.07107
-8.98477 -8.07107
-9.13706 -8.22335
-9.44162 -8.37563
-9.59391 -8.37563
-9.89848 -8.52792
-10.0508 -8.52792
-10.3553 -8.6802
-10.6599 -8.6802
-10.8122 -8.83249
-11.1168 -8.83249
-11.269 -8.83249
-11.5736 -8.83249
-11.8782 -8.98477
-12.0305 -8.98477
-12.335 -8.98477
-12.4873 -8.98477
-12.7919 -8.98477
-13.0964 -8.98477
-13.2487 -8.98477
-13.5533 -8.98477
-13.8579 -8.83249
-14.0102 -8.83249
-14.3147 -8.83249
-14.467 -8.83249
-14.7716 -8.6802
-14.9239 -8.6802
-15.2284 -8.6802
-15.3807 -8.6802
-15.6853 -8.52792
-15.8376 -8.52792
-16.1421 -8.37563
-16.2944 -8.37563
-16.599 -8.37563
-16.7513 -8.22335
-17.0558 -8.22335
-17.2081 -8.07107
-17.5127 -8.07107
-17.665 -8.07107
-17.8173 -7.91878
-18.1218 -7.91878
-18.2741 -7.7665
-18.5787 -7.7665
-18.731 -7.7665
-18.8832 -7.61421
-19.1878 -7.61421
-19.3401 -7.46193
-19.4924 -7.46193
-19.797 -7.30964
-19.9492 -7.30964
-20.1015 -7.15736
-20.4061 -7.15736
-20.5584 -7.00508
-20.7107 -7.00508
-21.0152 -6.85279
-21.1675 -6.85279
-21.3198 -6.70051
-21.6244 -6.54822
-21.7766 -6.54822
-21.9289 -6.39594
-22.0812 -6.24365
-22.3858 -6.09137
-22.5381 -6.09137
-22.6904 -5.93909
-22.8426 -5.7868
-22.9949 -5.63452
-23.1472 -5.48223
-23.4518 -5.32995
-23.6041 -5.17766
-23.7563 -5.02538
-23.9086 -4.8731
-24.0609 -4.72081
-24.2132 -4.56853
-24.3655 -4.41624
-24.5178 -4.26396
-24.6701 -4.11168
-24.8223 -3.95939
-24.9746 -3.80711
-25.1269 -3.65482
-25.2792 -3.50254
-25.2792 -3.35025
-25.4315 -3.19797
-25.5838 -3.04569
-25.736 -2.8934
-25.8883 -2.58883
-26.0406 -2.43655
-26.1929 -2.28426
-26.3452 -2.13198
-26.3452 -1.9797
-26.4975 -1.82741
-26.6497 -1.52284
-26.802 -1.37056
-26.802 -1.21827
-26.9543 -1.06599
-27.1066 -0.761421
-27.2589 -0.609137
-27.2589 -0.456853
-27.4112 -0.304569
-27.5635 0
-27.7157 0.152284
-27.7157 0.304569
-27.868 0.609137
-27.868 0.761421
-28.0203 0.913706
-28.1726 1.21827
-28.1726 1.37056
-28.3249 1.52284
-28.3249 1.82741
-28.4772 1.9797
-28.4772 2.28426
-28.6294 2.43655
-28.6294 2.74112
-28.6294 2.8934
-28.7817 3.19797
-28.7817 3.35025
-28.7817 3.65482
-28.934 3.80711
-28.934 4.11168
-28.934 4.26396
-28.934 4.56853
-29.0863 4.72081
-29.0863 5.02538
-29.0863 5.17766
-29.0863 5.48223
-29.0863 5.63452
-29.0863 5.93909
-29.0863 6.09137
-29.0863 6.39594
-29.0863 6.54822
-29.0863 6.85279
-29.0863 7.15736
-28.934 7.30964
-28.934 7.61421
-28.934 7.7665
-28.934 8.07107
-28.7817 8.22335
-28.7817 8.52792
-28.7817 8.6802
-28.6294 8.98477
-28.6294 9.13706
-28.4772 9.44162
-28.4772 9.74619
-28.3249 9.89848
-28.3249 10.203
-28.1726 10.3553
-28.1726 10.5076
-28.0203 10.8122
-28.0203 10.9645
-27.868 11.269
-27.7157 11.4213
-27.7157 11.7259
-27.5635 11.8782
-27.4112 12.1827
-27.2589 12.335
-27.2589 12.6396
-27.1066 12.7919
-26.9543 12.9442
-26.802 13.2487
-26.6497 13.401
-26.6497 13.7056
-26.4975 13.8579
-26.3452 14.0102
-26.1929 14.3147
-26.0406 14.467
-25.8883 14.7716
-25.736 14.9239
-25.5838 15.0761
-25.4315 15.3807
-25.2792 15.533
-25.1269 15.6853
-24.9746 15.8376
-24.6701 16.1421
-24.5178 16.2944
-24.3655 16.4467
-24.2132 16.599
-23.9086 16.7513
-23.7563 16.9036
-23.6041 17.0558
-23.2995 17.2081
-23.1472 17.3604
-22.8426 17.5127
-22.6904 17.665
-22.3858 17.8173
-22.2335 17.9695
-21.9289 17.9695
-21.7766 18.1218
-21.4721 18.2741
-21.3198 18.2741
-21.0152 18.4264
-20.7107 18.4264
-20.5584 18.5787
-20.2538 18.5787
-19.9492 18.731
-19.797 18.731
-19.4924 18.731
-19.1878 18.8832
-19.0355 18.8832
-18.731 18.8832
-18.4264 18.8832
-18.2741 18.8832
-17.9695 18.8832
-17.665 18.8832
-17.3604 18.8832
-17.2081 18.731
-16.9036 18.731
-16.599 18.731
-16.4467 18.5787
-16.1421 18.5787
-15.9898 18.5787
-15.6853 18.4264
-15.3807 18.4264
-15.2284 18.2741
-14.9239 18.2741
-14.7716 18.1218
-14.467 17.9695
-14.3147 17.9695
-14.0102 17.8173
-13.8579 17.8173
-13.5533 17.665
-13.401 17.5127
-13.0964 17.3604
-12.9442 17.3604
-12.7919 17.2081
-12.4873 17.0558
-12.335 17.0558
-12.1827 16.9036
-11.8782 16.7513
-11.7259 16.599
-11.5736 16.599
-11.269 16.4467
-11.1168 16.2944
-10.9645 16.2944
-10.6599 16.1421
-10.5076 15.9898
-10.3553 15.9898
-10.203 15.8376
-9.89848 15.6853
-9.74619 15.6853
-9.59391 15.533
-9.28934 15.3807
-9.13706 15.3807
-8.98477 15.2284
-8.83249 15.0761
-8.52792 14.9239
-8.37563 14.9239
-8.22335 14.7716
-8.07107 14.6193
-7.91878 14.467
-7.61421 14.467
-7.46193 14.3147
-7.30964 14.1624
-7.15736 14.0102
-7.00508 13.8579
-6.70051 13.7056
-6.54822 13.5533
-6.39594 13.401
-6.24365 13.2487
-6.09137 13.0964
-5.93909 12.9442
-5.7868 12.7919
-5.63452 12.6396
-5.48223 12.4873
-5.32995 12.335
-5.02538 12.1827
-4.8731 12.0305
-4.72081 11.8782
-4.56853 11.7259
-4.41624 11.5736
-4.26396 11.269
-4.11168 11.1168
-3.95939 10.9645
-3.80711 10.8122
-3.65482 10.6599
-3.50254 10.3553
-3.35025 10.203
-3.19797 10.0508
-3.04569 9.89848
-2.8934 9.59391
-2.74112 9.44162
-2.58883 9.28934
-2.43655 8.98477
-2.28426 8.83249
-2.13198 8.6802
-1.9797 8.37563
-1.82741 8.22335
-1.67513 8.07107
-1.52284 7.7665
-1.37056 7.61421
-1.21827 7.30964
-1.06599 7.15736
-0.913706 6.85279
-0.761421 6.54822
-0.609137 6.39594
-0.456853 6.09137
-0.304569 5.7868
-0.152284 5.63452
0 5.32995
0.152284 5.02538
0.304569 4.72081
