-0.456853 5.48223
0 5.17766
0.456853 4.8731
0.913706 4.56853
1.21827 4.11168
1.52284 3.80711
1.82741 3.35025
2.13198 3.04569
2.43655 2.58883
2.58883 2.28426
2.74112 1.82741
2.8934 1.37056
3.04569 1.06599
3.19797 0.609137
3.19797 0.152284
3.19797 -0.152284
3.19797 -0.609137
3.19797 -1.06599
3.19797 -1.37056
3.04569 -1.82741
3.04569 -2.13198
2.8934 -2.43655
2.74112 -2.8934
2.43655 -3.19797
2.28426 -3.50254
1.9797 -3.80711
1.67513 -4.11168
1.52284 -4.41624
1.21827 -4.72081
0.761421 -4.8731
0.456853 -5.17766
0.152284 -5.32995
-0.304569 -5.63452
-0.609137 -5.7868
-1.06599 -5.93909
-1.37056 -6.09137
-1.82741 -6.24365
-2.13198 -6.39594
-2.58883 -6.54822
-3.04569 -6.70051
-3.35025 -6.70051
-3.80711 -6.85279
-4.26396 -6.85279
-4.56853 -7.00508
-5.02538 -7.00508
-5.32995 -7.15736
-5.63452 -7.15736
-6.09137 -7.30964
-6.39594 -7.30964
-6.70051 -7.46193
-7.00508 -7.46193
-7.46193 -7.61421
-7.7665 -7.61421
-8.07107 -7.7665
-8.22335 -7.7665
-8.52792 -7.91878
-8.83249 -8.07107
-9.13706 -8.07107
-9.44162 -8.22335
-9.74619 -8.22335
-9.89848 -8.37563
-10.203 -8.37563
-10.5076 -8.52792
-10.8122 -8.6802
-11.1168 -8.6802
-11.269 -8.83249
-11.5736 -8.83249
-11.8782 -8.83249
-12.1827 -8.98477
-12.335 -8.98477
-12.6396 -8.98477
-12.9442 -9.13706
-13.2487 -9.13706
-13.5533 -9.13706
-13.7056 -9.13706
-14.0102 -9.13706
-14.3147 -9.13706
-14.6193 -9.13706
-14.9239 -9.13706
-15.0761 -8.98477
-15.3807 -8.98477
-15.6853 -8.98477
-15.9898 -8.83249
-16.1421 -8.83249
-16.4467 -8.83249
-16.7513 -8.6802
-16.9036 -8.6802
-17.2081 -8.52792
-17.5127 -8.37563
-17.665 -8.37563
-17.9695 -8.22335
-18.2741 -8.22335
-18.4264 -8.07107
-18.731 -7.91878
-18.8832 -7.7665
-19.1878 -7.7665
-19.3401 -7.61421
-19.4924 -7.46193
-19.797 -7.46193
-19.9492 -7.30964
-20.2538 -7.15736
-20.4061 -7.15736
-20.5584 -7.00508
-20.8629 -6.85279
-21.0152 -6.85279
-21.1675 -6.70051
-21.4721 -6.54822
-21.6244 -6.39594
-21.7766 -6.39594
-21.9289 -6.24365
-22.2335 -6.09137
-22.3858 -5.93909
-22.5381 -5.93909
-22.6904 -5.7868
-22.9949 -5.63452
-23.1472 -5.48223
-23.2995 -5.48223
-23.4518 -5.32995
-23.6041 -5.17766
-23.7563 -5.02538
-23.9086 -4.8731
-24.2132 -4.8731
-24.3655 -4.72081
-24.5178 -4.56853
-24.6701 -4.41624
-24.8223 -4.26396
-24.9746 -4.11168
-25.1269 -3.95939
-25.2792 -3.80711
-25.4315 -3.65482
-25.5838 -3.50254
-25.736 -3.35025
-25.8883 -3.19797
-26.0406 -3.19797
-26.1929 -3.04569
-26.3452 -2.8934
-26.3452 -2.74112
-26.4975 -2.58883
-26.6497 -2.43655
-26.802 -2.28426
-26.9543 -2.13198
-27.1066 -1.82741
-27.2589 -1.67513
-27.4112 -1.52284
-27.4112 -1.37056
-27.5635 -1.21827
-27.7157 -1.06599
-27.868 -0.913706
-28.0203 -0.761421
-28.0203 -0.609137
-28.1726 -0.456853
-28.3249 -0.304569
-28.4772 -0.152284
-28.6294 0.152284
-28.6294 0.304569
-28.7817 0.456853
-28.934 0.609137
-28.934 0.761421
-29.0863 0.913706
-29.2386 1.21827
-29.2386 1.37056
-29.3909 1.52284
-29.5431 1.67513
-29.5431 1.9797
-29.6954 2.13198
-29.6954 2.28426
-29.8477 2.58883
-29.8477 2.74112
-29.8477 2.8934
-30 3.19797
-30 3.35025
-30 3.50254
-30.1523 3.80711
-30.1523 3.95939
-30.1523 4.26396
-30.1523 4.41624
-30.1523 4.56853
-30.3046 4.8731
-30.3046 5.02538
-30.3046 5.32995
-30.3046 5.48223
-30.3046 5.63452
-30.3046 5.93909
-30.3046 6.09137
-30.3046 6.39594
-30.3046 6.54822
-30.3046 6.70051
-30.3046 7.00508
-30.1523 7.15736
-30.1523 7.46193
-30.1523 7.61421
-30.1523 7.91878
-30.1523 8.07107
-30.1523 8.22335
-30 8.52792
-30 8.6802
-30 8.98477
-30 9.13706
-29.8477 9.44162
-29.8477 9.59391
-29.8477 9.74619
-29.8477 10.0508
-29.6954 10.203
-29.6954 10.5076
-29.5431 10.6599
-29.5431 10.8122
-29.3909 11.1168
-29.3909 11.269
-29.2386 11.5736
-29.2386 11.7259
-29.0863 11.8782
-28.934 12.1827
-28.934 12.335
-28.7817 12.4873
-28.6294 12.7919
-28.6294 12.9442
-28.4772 13.0964
-28.3249 13.2487
-28.1726 13.401
-28.0203 13.7056
-27.868 13.8579
-27.7157 14.0102
-27.5635 14.1624
-27.4112 14.3147
-27.2589 14.467
-27.1066 14.6193
-26.9543 14.7716
-26.802 14.9239
-26.6497 15.0761
-26.4975 15.2284
-26.3452 15.3807
-26.0406 15.533
-25.8883 15.6853
-25.736 15.8376
-25.5838 15.9898
-25.4315 16.1421
-25.2792 16.2944
-24.9746 16.4467
-24.8223 16.4467
-24.6701 16.599
-24.5178 16.7513
-24.3655 16.9036
-24.0609 17.0558
-23.9086 17.2081
-23.7563 17.3604
-23.6041 17.5127
-23.4518 17.665
-23.1472 17.8173
-22.9949 17.9695
-22.8426 18.1218
-22.5381 18.2741
-22.3858 18.2741
-22.2335 18.4264
-21.9289 18.5787
-21.7766 18.731
-21.4721 18.8832
-21.3198 18.8832
-21.0152 19.0355
-20.8629 19.0355
-20.5584 19.1878
-20.4061 19.1878
-20.1015 19.3401
-19.9492 19.3401
-19.6447 19.3401
-19.4924 19.4924
-19.1878 19.4924
-18.8832 19.4924
-18.731 19.4924
-18.4264 19.4924
-18.2741 19.3401
-17.9695 19.3401
-17.665 19.3401
-17.5127 19.1878
-17.2081 19.1878
-17.0558 19.1878
-16.7513 19.0355
-16.599 19.0355
-16.2944 18.8832
-16.1421 18.731
-15.8376 18.731
-15.6853 18.5787
-15.3807 18.5787
-15.2284 18.4264
-15.0761 18.2741
-14.7716 18.2741
-14.6193 18.1218
-14.3147 17.9695
-14.1624 17.8173
-14.0102 17.8173
-13.7056 17.665
-13.5533 17.5127
-13.401 17.5127
-13.0964 17.3604
-12.9442 17.3604
-12.7919 17.2081
-12.4873 17.0558
-12.335 17.0558
-12.1827 16.9036
-11.8782 16.7513
-11.7259 16.7513
-11.5736 16.599
-11.269 16.599
-11.1168 16.4467
-10.9645 16.2944
-10.6599 16.2944
-10.5076 16.1421
-10.3553 15.9898
-10.0508 15.9898
-9.89848 15.8376
-9.59391 15.6853
-9.44162 15.6853
-9.28934 15.533
-8.98477 15.3807
-8.83249 15.2284
-8.6802 15.2284
-8.37563 15.0761
-8.22335 14.9239
-8.07107 14.7716
-7.7665 14.6193
-7.61421 14.467
-7.30964 14.3147
-7.15736 14.1624
-7.00508 14.0102
-6.70051 13.8579
-6.54822 13.7056
-6.39594 13.5533
-6.24365 13.401
-5.93909 13.2487
-5.7868 13.0964
-5.63452 12.9442
-5.32995 12.7919
-5.17766 12.4873
-5.02538 12.335
-4.8731 12.1827
-4.72081 12.0305
-4.41624 11.7259
-4.26396 11.5736
-4.11168 11.4213
-3.95939 11.1168
-3.80711 10.9645
-3.65482 10.6599
-3.50254 10.5076
-3.35025 10.203
-3.19797 10.0508
-3.04569 9.74619
-2.8934 9.59391
-2.74112 9.28934
-2.58883 8.98477
-2.43655 8.83249
-2.28426 8.52792
-2.13198 8.22335
-1.82741 8.07107
-1.67513 7.7665
-1.52284 7.46193
-1.37056 7.15736
-1.21827 7.00508
-0.913706 6.70051
-0.761421 6.39594
-0.609137 6.09137
-0.304569 5.7868
