-0.304569 5.32995
0.152284 5.02538
0.609137 4.72081
0.913706 4.41624
1.21827 3.95939
1.67513 3.65482
1.9797 3.19797
2.13198 2.8934
2.43655 2.43655
2.58883 2.13198
2.8934 1.67513
3.04569 1.37056
3.04569 0.913706
3.19797 0.456853
3.19797 0.152284
3.35025 -0.304569
3.35025 -0.761421
3.19797 -1.06599
3.19797 -1.52284
3.19797 -1.82741
3.04569 -2.28426
2.8934 -2.58883
2.74112 -2.8934
2.58883 -3.19797
2.28426 -3.65482
2.13198 -3.95939
1.82741 -4.26396
1.52284 -4.41624
1.21827 -4.72081
0.913706 -5.02538
0.609137 -5.17766
0.304569 -5.48223
-0.152284 -5.63452
-0.456853 -5.7868
-0.913706 -6.09137
-1.21827 -6.24365
-1.67513 -6.39594
-1.9797 -6.39594
-2.43655 -6.54822
-2.8934 -6.70051
-3.19797 -6.85279
-3.65482 -6.85279
-3.95939 -7.00508
-4.41624 -7.00508
-4.8731 -7.15736
-5.17766 -7.15736
-5.48223 -7.30964
-5.93909 -7.30964
-6.24365 -7.30964
-6.54822 -7.46193
-7.00508 -7.46193
-7.30964 -7.61421
-7.61421 -7.61421
-7.91878 -7.61421
-8.22335 -7.7665
-8.52792 -7.7665
-8.83249 -7.91878
-9.13706 -7.91878
-9.28934 -8.07107
-9.59391 -8.07107
-9.89848 -8.07107
-10.203 -8.22335
-10.5076 -8.22335
-10.6599 -8.37563
-10.9645 -8.37563
-11.269 -8.37563
-11.5736 -8.52792
-11.7259 -8.52792
-12.0305 -8.52792
-12.335 -8.6802
-12.6396 -8.6802
-12.7919 -8.6802
-13.0964 -8.6802
-13.401 -8.6802
-13.7056 -8.6802
-13.8579 -8.6802
-14.1624 -8.6802
-14.467 -8.6802
-14.7716 -8.6802
-14.9239 -8.6802
-15.2284 -8.6802
-15.533 -8.6802
-15.6853 -8.52792
-15.9898 -8.52792
-16.2944 -8.52792
-16.4467 -8.37563
-16.7513 -8.37563
-16.9036 -8.37563
-17.2081 -8.22335
-17.5127 -8.22335
-17.665 -8.07107
-17.9695 -8.07107
-18.1218 -7.91878
-18.4264 -7.91878
-18.5787 -7.7665
-18.8832 -7.7665
-19.0355 -7.61421
-19.1878 -7.46193
-19.4924 -7.46193
-19.6447 -7.30964
-19.9492 -7.30964
-20.1015 -7.15736
-20.2538 -7.15736
-20.5584 -7.00508
-20.7107 -6.85279
-20.8629 -6.85279
-21.1675 -6.70051
-21.3198 -6.54822
-21.4721 -6.54822
-21.7766 -6.39594
-21.9289 -6.24365
-22.0812 -6.24365
-22.2335 -6.09137
-22.5381 -5.93909
-22.6904 -5.7868
-22.8426 -5.7868
-22.9949 -5.63452
-23.1472 -5.48223
-23.2995 -5.32995
-23.6041 -5.17766
-23.7563 -5.02538
-23.9086 -5.02538
-24.0609 -4.8731
-24.2132 -4.72081
-24.3655 -4.56853
-24.5178 -4.41624
-24.6701 -4.26396
-24.8223 -4.11168
-24.9746 -3.95939
-25.1269 -3.80711
-25.2792 -3.65482
-25.4315 -3.50254
-25.5838 -3.35025
-25.736 -3.19797
-25.8883 -3.04569
-25.8883 -2.8934
-26.0406 -2.74112
-26.1929 -2.58883
-26.3452 -2.43655
-26.4975 -2.28426
-26.6497 -2.13198
-26.802 -1.9797
-26.9543 -1.82741
-26.9543 -1.67513
-27.1066 -1.52284
-27.2589 -1.37056
-27.4112 -1.21827
-27.5635 -1.06599
-27.5635 -0.913706
-27.7157 -0.761421
-27.868 -0.609137
-28.0203 -0.456853
-28.1726 -0.304569
-28.1726 0
-28.3249 0.152284
-28.4772 0.304569
-28.6294 0.456853
-28.6294 0.609137
-28.7817 0.761421
-28.934 1.06599
-28.934 1.21827
-29.0863 1.37056
-29.2386 1.52284
-29.2386 1.82741
-29.3909 1.9797
-29.3909 2.13198
-29.5431 2.43655
-29.5431 2.58883
-29.6954 2.74112
-29.6954 3.04569
-29.6954 3.19797
-29.8477 3.35025
-29.8477 3.65482
-29.8477 3.80711
-30 3.95939
-30 4.26396
-30 4.41624
-30 4.72081
-30 4.8731
-30 5.17766
-30.1523 5.32995
-30.1523 5.48223
-30.1523 5.7868
-30.1523 5.93909
-30.1523 6.24365
-30.1523 6.39594
-30 6.54822
-30 6.85279
-30 7.00508
-30 7.30964
-30 7.46193
-30 7.7665
-30 7.91878
-29.8477 8.07107
-29.8477 8.37563
-29.8477 8.52792
-29.8477 8.83249
-29.6954 8.98477
-29.6954 9.28934
-29.6954 9.44162
-29.5431 9.59391
-29.5431 9.89848
-29.5431 10.0508
-29.3909 10.3553
-29.3909 10.5076
-29.2386 10.6599
-29.2386 10.9645
-29.0863 11.1168
-29.0863 11.4213
-28.934 11.5736
-28.7817 11.7259
-28.7817 12.0305
-28.6294 12.1827
-28.4772 12.335
-28.4772 12.6396
-28.3249 12.7919
-28.1726 12.9442
-28.0203 13.0964
-28.0203 13.401
-27.868 13.5533
-27.7157 13.7056
-27.5635 13.8579
-27.4112 14.0102
-27.2589 14.3147
-27.1066 14.467
-26.9543 14.6193
-26.802 14.7716
-26.6497 14.9239
-26.4975 15.0761
-26.3452 15.2284
-26.1929 15.3807
-26.0406 15.533
-25.736 15.6853
-25.5838 15.8376
-25.4315 15.9898
-25.2792 16.1421
-25.1269 16.2944
-24.9746 16.4467
-24.6701 16.599
-24.5178 16.7513
-24.3655 16.9036
-24.2132 17.0558
-23.9086 17.2081
-23.7563 17.3604
-23.6041 17.3604
-23.4518 17.5127
-23.1472 17.665
-22.9949 17.8173
-22.8426 17.9695
-22.5381 18.1218
-22.3858 18.1218
-22.0812 18.2741
-21.9289 18.4264
-21.7766 18.4264
-21.4721 18.5787
-21.3198 18.731
-21.0152 18.731
-20.8629 18.8832
-20.5584 18.8832
-20.4061 19.0355
-20.1015 19.0355
-19.797 19.0355
-19.6447 19.0355
-19.3401 19.1878
-19.1878 19.1878
-18.8832 19.1878
-18.5787 19.1878
-18.4264 19.1878
-18.1218 19.1878
-17.9695 19.1878
-17.665 19.0355
-17.5127 19.0355
-17.2081 19.0355
-16.9036 19.0355
-16.7513 18.8832
-16.4467 18.8832
-16.2944 18.731
-15.9898 18.731
-15.8376 18.5787
-15.533 18.5787
-15.3807 18.4264
-15.0761 18.4264
-14.9239 18.2741
-14.7716 18.2741
-14.467 18.1218
-14.3147 17.9695
-14.0102 17.9695
-13.8579 17.8173
-13.7056 17.665
-13.401 17.665
-13.2487 17.5127
-13.0964 17.3604
-12.7919 17.2081
-12.6396 17.2081
-12.4873 17.0558
-12.335 16.9036
-12.0305 16.9036
-11.8782 16.7513
-11.7259 16.599
-11.4213 16.4467
-11.269 16.4467
-11.1168 16.2944
-10.9645 16.1421
-10.6599 15.9898
-10.5076 15.9898
-10.3553 15.8376
-10.203 15.6853
-9.89848 15.533
-9.74619 15.533
-9.59391 15.3807
-9.28934 15.2284
-9.13706 15.0761
-8.98477 15.0761
-8.83249 14.9239
-8.52792 14.7716
-8.37563 14.6193
-8.22335 14.467
-7.91878 14.3147
-7.7665 14.3147
-7.61421 14.1624
-7.30964 14.0102
-7.15736 13.8579
-7.00508 13.7056
-6.70051 13.5533
-6.54822 13.401
-6.39594 13.2487
-6.09137 13.0964
-5.93909 12.9442
-5.7868 12.7919
-5.48223 12.6396
-5.32995 12.4873
-5.17766 12.335
-5.02538 12.0305
-4.72081 11.8782
-4.56853 11.7259
-4.41624 11.5736
-4.26396 11.269
-4.11168 11.1168
-3.95939 10.9645
-3.65482 10.6599
-3.50254 10.5076
-3.35025 10.203
-3.19797 10.0508
-3.04569 9.74619
-2.8934 9.59391
-2.74112 9.28934
-2.58883 9.13706
-2.43655 8.83249
-2.28426 8.52792
-2.13198 8.37563
-1.9797 8.07107
-1.82741 7.7665
-1.67513 7.61421
-1.37056 7.30964
-1.21827 7.00508
-1.06599 6.70051
-0.913706 6.54822
-0.609137 6.24365
-0.456853 5.93909
-0.304569 5.63452
