-0.152284 5.02538
0.304569 4.72081
0.609137 4.41624
1.06599 4.11168
1.37056 3.80711
1.67513 3.50254
1.9797 3.04569
2.28426 2.74112
2.43655 2.28426
2.58883 1.9797
2.74112 1.52284
2.8934 1.21827
3.04569 0.761421
3.19797 0.456853
3.19797 0
3.19797 -0.304569
3.19797 -0.761421
3.19797 -1.06599
3.19797 -1.52284
3.04569 -1.82741
3.04569 -2.28426
2.8934 -2.58883
2.74112 -2.8934
2.43655 -3.19797
2.28426 -3.50254
2.13198 -3.80711
1.82741 -4.11168
1.52284 -4.41624
1.21827 -4.72081
0.913706 -4.8731
0.609137 -5.17766
0.304569 -5.32995
-0.152284 -5.48223
-0.456853 -5.63452
-0.761421 -5.93909
-1.21827 -6.09137
-1.52284 -6.24365
-1.9797 -6.24365
-2.28426 -6.39594
-2.74112 -6.54822
-3.04569 -6.70051
-3.50254 -6.70051
-3.80711 -6.85279
-4.26396 -6.85279
-4.56853 -7.00508
-5.02538 -7.00508
-5.32995 -7.00508
-5.63452 -7.15736
-5.93909 -7.15736
-6.39594 -7.30964
-6.70051 -7.30964
-7.00508 -7.46193
-7.30964 -7.46193
-7.61421 -7.61421
-7.7665 -7.61421
-8.07107 -7.7665
-8.37563 -7.7665
-8.6802 -7.91878
-8.98477 -7.91878
-9.13706 -8.07107
-9.44162 -8.07107
-9.74619 -8.22335
-9.89848 -8.22335
-10.203 -8.37563
-10.5076 -8.37563
-10.6599 -8.52792
-10.9645 -8.52792
-11.269 -8.6802
-11.5736 -8.6802
-11.7259 -8.83249
-12.0305 -8.83249
-12.335 -8.83249
-12.4873 -8.83249
-12.7919 -8.98477
-13.0964 -8.98477
-13.2487 -8.98477
-13.5533 -8.98477
-13.8579 -8.98477
-14.1624 -8.98477
-14.3147 -8.98477
-14.6193 -8.83249
-14.9239 -8.83249
-15.0761 -8.83249
-15.3807 -8.83249
-15.6853 -8.6802
-15.8376 -8.6802
-16.1421 -8.6802
-16.2944 -8.52792
-16.599 -8.52792
-16.9036 -8.37563
-17.0558 -8.37563
-17.3604 -8.22335
-17.5127 -8.22335
-17.8173 -8.07107
-17.9695 -8.07107
-18.2741 -7.91878
-18.4264 -7.91878
-18.731 -7.7665
-18.8832 -7.7665
-19.0355 -7.61421
-19.3401 -7.46193
-19.4924 -7.46193
-19.6447 -7.30964
-19.9492 -7.30964
-20.1015 -7.15736
-20.4061 -7.00508
-20.5584 -7.00508
-20.7107 -6.85279
-20.8629 -6.70051
-21.1675 -6.70051
-21.3198 -6.54822
-21.4721 -6.39594
-21.6244 -6.39594
-21.9289 -6.24365
-22.0812 -6.09137
-22.2335 -6.09137
-22.3858 -5.93909
-22.6904 -5.7868
-22.8426 -5.63452
-22.9949 -5.63452
-23.1472 -5.48223
-23.2995 -5.32995
-23.4518 -5.17766
-23.7563 -5.02538
-23.9086 -5.02538
-24.0609 -4.8731
-24.2132 -4.72081
-24.3655 -4.56853
-24.5178 -4.41624
-24.6701 -4.26396
-24.8223 -4.26396
-24.9746 -4.11168
-25.1269 -3.95939
-25.4315 -3.80711
-25.5838 -3.65482
-25.736 -3.50254
-25.8883 -3.35025
-26.0406 -3.19797
-26.1929 -3.04569
-26.3452 -2.8934
-26.4975 -2.74112
-26.6497 -2.58883
-26.802 -2.43655
-26.802 -2.28426
-26.9543 -2.13198
-27.1066 -1.9797
-27.2589 -1.82741
-27.4112 -1.67513
-27.5635 -1.52284
-27.7157 -1.21827
-27.868 -1.06599
-28.0203 -0.913706
-28.0203 -0.761421
-28.1726 -0.609137
-28.3249 -0.456853
-28.4772 -0.152284
-28.6294 0
-28.6294 0.152284
-28.7817 0.304569
-28.934 0.609137
-28.934 0.761421
-29.0863 0.913706
-29.2386 1.21827
-29.2386 1.37056
-29.3909 1.52284
-29.3909 1.82741
-29.5431 1.9797
-29.5431 2.13198
-29.6954 2.43655
-29.6954 2.58883
-29.8477 2.8934
-29.8477 3.04569
-29.8477 3.35025
-30 3.50254
-30 3.80711
-30 3.95939
-30.1523 4.11168
-30.1523 4.41624
-30.1523 4.56853
-30.1523 4.8731
-30.1523 5.02538
-30.1523 5.32995
-30.1523 5.48223
-30.1523 5.7868
-30.1523 5.93909
-30.1523 6.24365
-30.1523 6.39594
-30.1523 6.70051
-30.1523 7.00508
-30.1523 7.15736
-30.1523 7.46193
-30.1523 7.61421
-30 7.91878
-30 8.07107
-30 8.37563
-30 8.52792
-29.8477 8.83249
-29.8477 8.98477
-29.8477 9.28934
-29.6954 9.44162
-29.6954 9.74619
-29.5431 9.89848
-29.5431 10.0508
-29.5431 10.3553
-29.3909 10.5076
-29.2386 10.8122
-29.2386 10.9645
-29.0863 11.269
-29.0863 11.4213
-28.934 11.7259
-28.7817 11.8782
-28.7817 12.0305
-28.6294 12.335
-28.4772 12.4873
-28.4772 12.7919
-28.3249 12.9442
-28.1726 13.0964
-28.0203 13.401
-27.868 13.5533
-27.868 13.7056
-27.7157 14.0102
-27.5635 14.1624
-27.4112 14.3147
-27.2589 14.6193
-27.1066 14.7716
-26.9543 14.9239
-26.802 15.2284
-26.6497 15.3807
-26.4975 15.533
-26.3452 15.6853
-26.1929 15.8376
-26.0406 16.1421
-25.736 16.2944
-25.5838 16.4467
-25.4315 16.599
-25.2792 16.7513
-24.9746 16.9036
-24.8223 17.0558
-24.6701 17.2081
-24.5178 17.3604
-24.2132 17.5127
-24.0609 17.665
-23.7563 17.8173
-23.6041 17.8173
-23.4518 17.9695
-23.1472 18.1218
-22.9949 18.2741
-22.6904 18.2741
-22.5381 18.4264
-22.2335 18.5787
-21.9289 18.5787
-21.7766 18.731
-21.4721 18.731
-21.3198 18.8832
-21.0152 18.8832
-20.8629 18.8832
-20.5584 19.0355
-20.2538 19.0355
-20.1015 19.0355
-19.797 19.0355
-19.4924 19.1878
-19.3401 19.1878
-19.0355 19.1878
-18.731 19.1878
-18.5787 19.0355
-18.2741 19.0355
-18.1218 19.0355
-17.8173 19.0355
-17.5127 18.8832
-17.3604 18.8832
-17.0558 18.8832
-16.9036 18.731
-16.599 18.731
-16.2944 18.5787
-16.1421 18.5787
-15.8376 18.4264
-15.6853 18.4264
-15.533 18.2741
-15.2284 18.1218
-15.0761 18.1218
-14.7716 17.9695
-14.6193 17.9695
-14.3147 17.8173
-14.1624 17.665
-14.0102 17.665
-13.7056 17.5127
-13.5533 17.3604
-13.401 17.3604
-13.0964 17.2081
-12.9442 17.2081
-12.7919 17.0558
-12.4873 16.9036
-12.335 16.9036
-12.1827 16.7513
-11.8782 16.7513
-11.7259 16.599
-11.4213 16.599
-11.269 16.4467
-11.1168 16.4467
-10.8122 16.2944
-10.6599 16.1421
-10.5076 16.1421
-10.203 15.9898
-10.0508 15.9898
-9.74619 15.8376
-9.59391 15.8376
-9.44162 15.6853
-9.13706 15.533
-8.98477 15.533
-8.83249 15.3807
-8.52792 15.2284
-8.37563 15.0761
-8.22335 15.0761
-7.91878 14.9239
-7.7665 14.7716
-7.61421 14.6193
-7.30964 14.467
-7.15736 14.3147
-7.00508 14.1624
-6.70051 14.0102
-6.54822 13.8579
-6.39594 13.7056
-6.24365 13.5533
-5.93909 13.401
-5.7868 13.2487
-5.63452 13.0964
-5.48223 12.9442
-5.32995 12.7919
-5.17766 12.6396
-4.8731 12.335
-4.72081 12.1827
-4.56853 12.0305
-4.41624 11.8782
-4.26396 11.5736
-4.11168 11.4213
-3.95939 11.269
-3.80711 10.9645
-3.65482 10.8122
-3.50254 10.6599
-3.35025 10.3553
-3.19797 10.203
-3.04569 9.89848
-2.8934 9.74619
-2.74112 9.44162
-2.58883 9.28934
-2.28426 8.98477
-2.13198 8.83249
-1.9797 8.52792
-1.82741 8.37563
-1.67513 8.07107
-1.52284 7.7665
-1.37056 7.61421
-1.21827 7.30964
-1.06599 7.00508
-0.913706 6.85279
-0.761421 6.54822
-0.609137 6.24365
-0.456853 5.93909
-0.304569 5.63452
0 5.32995
