0.304569 4.56853
0.761421 4.26396
1.21827 3.95939
1.52284 3.65482
1.82741 3.35025
2.13198 2.8934
2.43655 2.58883
2.74112 2.28426
2.8934 1.9797
3.04569 1.52284
3.19797 1.21827
3.35025 0.761421
3.50254 0.456853
3.50254 0
3.50254 -0.304569
3.50254 -0.609137
3.50254 -1.06599
3.50254 -1.37056
3.50254 -1.67513
3.35025 -1.9797
3.19797 -2.43655
3.04569 -2.74112
2.8934 -3.04569
2.74112 -3.35025
2.43655 -3.65482
2.28426 -3.95939
1.9797 -4.11168
1.67513 -4.41624
1.37056 -4.56853
1.06599 -4.8731
0.761421 -5.02538
0.456853 -5.17766
0.152284 -5.48223
-0.152284 -5.63452
-0.609137 -5.7868
-0.913706 -5.93909
-1.21827 -6.09137
-1.67513 -6.09137
-1.9797 -6.24365
-2.28426 -6.39594
-2.74112 -6.39594
-3.04569 -6.54822
-3.35025 -6.54822
-3.80711 -6.70051
-4.11168 -6.70051
-4.41624 -6.85279
-4.72081 -6.85279
-5.17766 -7.00508
-5.48223 -7.00508
-5.7868 -7.00508
-5.93909 -7.15736
-6.24365 -7.15736
-6.54822 -7.30964
-6.85279 -7.30964
-7.15736 -7.46193
-7.30964 -7.46193
-7.61421 -7.61421
-7.91878 -7.61421
-8.07107 -7.7665
-8.37563 -7.7665
-8.6802 -7.91878
-8.83249 -7.91878
-9.13706 -8.07107
-9.28934 -8.07107
-9.59391 -8.22335
-9.74619 -8.22335
-10.0508 -8.37563
-10.3553 -8.37563
-10.5076 -8.52792
-10.8122 -8.52792
-10.9645 -8.6802
-11.269 -8.6802
-11.5736 -8.6802
-11.7259 -8.6802
-12.0305 -8.83249
-12.1827 -8.83249
-12.4873 -8.83249
-12.7919 -8.83249
-12.9442 -8.83249
-13.2487 -8.83249
-13.401 -8.83249
-13.7056 -8.83249
-13.8579 -8.6802
-14.1624 -8.6802
-14.467 -8.6802
-14.6193 -8.6802
-14.9239 -8.6802
-15.0761 -8.52792
-15.3807 -8.52792
-15.533 -8.52792
-15.8376 -8.37563
-15.9898 -8.37563
-16.2944 -8.37563
-16.4467 -8.22335
-16.7513 -8.22335
-16.9036 -8.22335
-17.0558 -8.07107
-17.3604 -8.07107
-17.5127 -8.07107
-17.8173 -7.91878
-17.9695 -7.91878
-18.2741 -7.91878
-18.4264 -7.7665
-18.5787 -7.7665
-18.8832 -7.61421
-19.0355 -7.61421
-19.1878 -7.46193
-19.4924 -7.46193
-19.6447 -7.46193
-19.9492 -7.30964
-20.1015 -7.30964
-20.2538 -7.15736
-20.5584 -7.15736
-20.7107 -7.00508
-20.8629 -6.85279
-21.1675 -6.85279
-21.3198 -6.70051
-21.4721 -6.70051
-21.6244 -6.54822
-21.9289 -6.39594
-22.0812 -6.39594
-22.2335 -6.24365
-22.3858 -6.09137
-22.6904 -5.93909
-22.8426 -5.7868
-22.9949 -5.7868
-23.1472 -5.63452
-23.2995 -5.48223
-23.4518 -5.32995
-23.6041 -5.17766
-23.7563 -5.02538
-23.9086 -4.8731
-24.2132 -4.72081
-24.3655 -4.56853
-24.5178 -4.41624
-24.6701 -4.26396
-24.6701 -4.11168
-24.8223 -3.95939
-24.9746 -3.80711
-25.1269 -3.65482
-25.2792 -3.50254
-25.4315 -3.35025
-25.5838 -3.04569
-25.736 -2.8934
-25.8883 -2.74112
-26.0406 -2.58883
-26.0406 -2.43655
-26.1929 -2.28426
-26.3452 -1.9797
-26.4975 -1.82741
-26.6497 -1.67513
-26.6497 -1.52284
-26.802 -1.37056
-26.9543 -1.06599
-27.1066 -0.913706
-27.1066 -0.761421
-27.2589 -0.609137
-27.4112 -0.304569
-27.4112 -0.152284
-27.5635 0
-27.7157 0.152284
-27.7157 0.456853
-27.868 0.609137
-28.0203 0.761421
-28.0203 1.06599
-28.1726 1.21827
-28.1726 1.37056
-28.3249 1.67513
-28.3249 1.82741
-28.4772 2.13198
-28.4772 2.28426
-28.6294 2.43655
-28.6294 2.74112
-28.7817 2.8934
-28.7817 3.19797
-28.7817 3.35025
-28.934 3.65482
-28.934 3.80711
-28.934 4.11168
-28.934 4.26396
-29.0863 4.56853
-29.0863 4.72081
-29.0863 5.02538
-29.0863 5.17766
-29.0863 5.48223
-29.0863 5.63452
-29.0863 5.93909
-29.0863 6.24365
-29.0863 6.39594
-29.0863 6.70051
-29.0863 6.85279
-29.0863 7.15736
-29.0863 7.30964
-29.0863 7.61421
-29.0863 7.7665
-28.934 8.07107
-28.934 8.37563
-28.934 8.52792
-28.7817 8.83249
-28.7817 8.98477
-28.7817 9.28934
-28.6294 9.44162
-28.6294 9.74619
-28.4772 9.89848
-28.4772 10.203
-28.3249 10.3553
-28.3249 10.6599
-28.1726 10.8122
-28.0203 11.1168
-28.0203 11.269
-27.868 11.5736
-27.7157 11.7259
-27.7157 12.0305
-27.5635 12.1827
-27.4112 12.335
-27.4112 12.6396
-27.2589 12.7919
-27.1066 13.0964
-26.9543 13.2487
-26.9543 13.5533
-26.802 13.7056
-26.6497 14.0102
-26.4975 14.1624
-26.3452 14.3147
-26.1929 14.6193
-26.0406 14.7716
-25.8883 15.0761
-25.736 15.2284
-25.5838 15.3807
-25.4315 15.6853
-25.2792 15.8376
-25.1269 15.9898
-24.9746 16.2944
-24.8223 16.4467
-24.5178 16.599
-24.3655 16.7513
-24.2132 16.9036
-23.9086 17.0558
-23.7563 17.2081
-23.6041 17.3604
-23.2995 17.5127
-23.1472 17.665
-22.8426 17.8173
-22.6904 17.9695
-22.3858 18.1218
-22.2335 18.1218
-21.9289 18.2741
-21.6244 18.4264
-21.4721 18.4264
-21.1675 18.5787
-20.8629 18.5787
-20.7107 18.5787
-20.4061 18.731
-20.1015 18.731
-19.9492 18.731
-19.6447 18.8832
-19.3401 18.8832
-19.0355 18.8832
-18.8832 18.8832
-18.5787 18.8832
-18.2741 18.8832
-18.1218 18.8832
-17.8173 18.731
-17.5127 18.731
-17.3604 18.731
-17.0558 18.731
-16.7513 18.5787
-16.599 18.5787
-16.2944 18.5787
-15.9898 18.4264
-15.8376 18.4264
-15.533 18.2741
-15.3807 18.2741
-15.0761 18.1218
-14.9239 17.9695
-14.6193 17.9695
-14.467 17.8173
-14.1624 17.665
-14.0102 17.665
-13.7056 17.5127
-13.5533 17.3604
-13.2487 17.3604
-13.0964 17.2081
-12.9442 17.0558
-12.6396 17.0558
-12.4873 16.9036
-12.335 16.7513
-12.0305 16.7513
-11.8782 16.599
-11.7259 16.4467
-11.4213 16.4467
-11.269 16.2944
-11.1168 16.1421
-10.9645 16.1421
-10.6599 15.9898
-10.5076 15.8376
-10.3553 15.8376
-10.0508 15.6853
-9.89848 15.6853
-9.74619 15.533
-9.44162 15.3807
-9.28934 15.3807
-9.13706 15.2284
-8.98477 15.0761
-8.6802 15.0761
-8.52792 14.9239
-8.37563 14.7716
-8.07107 14.7716
-7.91878 14.6193
-7.7665 14.467
-7.61421 14.3147
-7.30964 14.3147
-7.15736 14.1624
-7.00508 14.0102
-6.85279 13.8579
-6.54822 13.7056
-6.39594 13.5533
-6.24365 13.401
-6.09137 13.2487
-5.7868 13.2487
-5.63452 13.0964
-5.48223 12.9442
-5.32995 12.7919
-5.17766 12.4873
-5.02538 12.335
-4.8731 12.1827
-4.56853 12.0305
-4.41624 11.8782
-4.26396 11.7259
-4.11168 11.5736
-3.95939 11.4213
-3.80711 11.1168
-3.65482 10.9645
-3.50254 10.8122
-3.35025 10.5076
-3.19797 10.3553
-3.19797 10.203
-3.04569 9.89848
-2.8934 9.74619
-2.74112 9.59391
-2.58883 9.28934
-2.43655 9.13706
-2.28426 8.83249
-2.28426 8.6802
-2.13198 8.52792
-1.9797 8.22335
-1.82741 8.07107
-1.67513 7.7665
-1.52284 7.61421
-1.52284 7.30964
-1.37056 7.15736
-1.21827 6.85279
-1.06599 6.54822
-0.913706 6.39594
-0.609137 6.09137
-0.456853 5.93909
-0.304569 5.63452
-0.152284 5.32995
0.152284 5.02538
0.304569 4.8731
