0.304569 4.56853
0.761421 4.26396
1.06599 3.95939
1.52284 3.65482
1.82741 3.35025
2.13198 3.04569
2.43655 2.74112
2.58883 2.28426
2.8934 1.9797
3.04569 1.67513
3.19797 1.21827
3.35025 0.913706
3.35025 0.456853
3.50254 0.152284
3.50254 -0.152284
3.50254 -0.609137
3.50254 -0.913706
3.50254 -1.37056
3.35025 -1.67513
3.35025 -1.9797
3.19797 -2.28426
3.04569 -2.58883
2.8934 -2.8934
2.74112 -3.19797
2.43655 -3.50254
2.28426 -3.80711
1.9797 -4.11168
1.67513 -4.41624
1.37056 -4.56853
1.06599 -4.8731
0.761421 -5.02538
0.456853 -5.17766
0.152284 -5.48223
-0.152284 -5.63452
-0.456853 -5.7868
-0.913706 -5.93909
-1.21827 -6.09137
-1.67513 -6.09137
-1.9797 -6.24365
-2.28426 -6.39594
-2.74112 -6.39594
-3.04569 -6.54822
-3.35025 -6.54822
-3.80711 -6.70051
-4.11168 -6.70051
-4.41624 -6.85279
-4.72081 -6.85279
-5.17766 -7.00508
-5.48223 -7.00508
-5.7868 -7.00508
-6.09137 -7.15736
-6.24365 -7.15736
-6.54822 -7.30964
-6.85279 -7.30964
-7.15736 -7.46193
-7.46193 -7.46193
-7.61421 -7.61421
-7.91878 -7.61421
-8.22335 -7.7665
-8.37563 -7.7665
-8.6802 -7.91878
-8.83249 -7.91878
-9.13706 -8.07107
-9.44162 -8.07107
-9.59391 -8.22335
-9.89848 -8.22335
-10.0508 -8.37563
-10.3553 -8.37563
-10.6599 -8.52792
-10.8122 -8.52792
-11.1168 -8.52792
-11.269 -8.6802
-11.5736 -8.6802
-11.8782 -8.6802
-12.0305 -8.6802
-12.335 -8.6802
-12.4873 -8.6802
-12.7919 -8.6802
-13.0964 -8.6802
-13.2487 -8.6802
-13.5533 -8.6802
-13.7056 -8.6802
-14.0102 -8.6802
-14.3147 -8.6802
-14.467 -8.6802
-14.7716 -8.6802
-14.9239 -8.52792
-15.2284 -8.52792
-15.3807 -8.52792
-15.6853 -8.37563
-15.8376 -8.37563
-16.1421 -8.37563
-16.2944 -8.22335
-16.599 -8.22335
-16.7513 -8.22335
-17.0558 -8.07107
-17.2081 -8.07107
-17.3604 -8.07107
-17.665 -7.91878
-17.8173 -7.91878
-18.1218 -7.7665
-18.2741 -7.7665
-18.4264 -7.7665
-18.731 -7.61421
-18.8832 -7.61421
-19.1878 -7.46193
-19.3401 -7.46193
-19.4924 -7.30964
-19.797 -7.30964
-19.9492 -7.15736
-20.1015 -7.15736
-20.4061 -7.00508
-20.5584 -7.00508
-20.7107 -6.85279
-21.0152 -6.85279
-21.1675 -6.70051
-21.3198 -6.70051
-21.6244 -6.54822
-21.7766 -6.39594
-21.9289 -6.39594
-22.0812 -6.24365
-22.3858 -6.09137
-22.5381 -6.09137
-22.6904 -5.93909
-22.8426 -5.7868
-23.1472 -5.63452
-23.2995 -5.48223
-23.4518 -5.32995
-23.6041 -5.32995
-23.7563 -5.17766
-23.9086 -5.02538
-24.0609 -4.8731
-24.2132 -4.72081
-24.3655 -4.56853
-24.6701 -4.41624
-24.8223 -4.26396
-24.9746 -4.11168
-25.1269 -3.95939
-25.2792 -3.80711
-25.2792 -3.65482
-25.4315 -3.50254
-25.5838 -3.35025
-25.736 -3.04569
-25.8883 -2.8934
-26.0406 -2.74112
-26.1929 -2.58883
-26.3452 -2.43655
-26.4975 -2.28426
-26.4975 -2.13198
-26.6497 -1.82741
-26.802 -1.67513
-26.9543 -1.52284
-26.9543 -1.37056
-27.1066 -1.06599
-27.2589 -0.913706
-27.4112 -0.761421
-27.4112 -0.609137
-27.5635 -0.304569
-27.7157 -0.152284
-27.7157 0
-27.868 0.304569
-27.868 0.456853
-28.0203 0.609137
-28.1726 0.913706
-28.1726 1.06599
-28.3249 1.21827
-28.3249 1.52284
-28.4772 1.67513
-28.4772 1.9797
-28.6294 2.13198
-28.6294 2.43655
-28.7817 2.58883
-28.7817 2.74112
-28.7817 3.04569
-28.934 3.19797
-28.934 3.50254
-28.934 3.65482
-29.0863 3.95939
-29.0863 4.11168
-29.0863 4.41624
-29.0863 4.56853
-29.2386 4.8731
-29.2386 5.02538
-29.2386 5.32995
-29.2386 5.48223
-29.2386 5.7868
-29.2386 6.09137
-29.2386 6.24365
-29.2386 6.54822
-29.2386 6.70051
-29.2386 7.00508
-29.2386 7.15736
-29.2386 7.46193
-29.2386 7.61421
-29.0863 7.91878
-29.0863 8.22335
-29.0863 8.37563
-29.0863 8.6802
-28.934 8.83249
-28.934 9.13706
-28.934 9.28934
-28.7817 9.59391
-28.7817 9.74619
-28.6294 10.0508
-28.6294 10.203
-28.4772 10.5076
-28.4772 10.6599
-28.3249 10.9645
-28.3249 11.1168
-28.1726 11.4213
-28.0203 11.5736
-28.0203 11.8782
-27.868 12.0305
-27.7157 12.335
-27.5635 12.4873
-27.5635 12.7919
-27.4112 12.9442
-27.2589 13.2487
-27.1066 13.401
-26.9543 13.7056
-26.9543 13.8579
-26.802 14.0102
-26.6497 14.3147
-26.4975 14.467
-26.3452 14.7716
-26.1929 14.9239
-26.0406 15.0761
-25.8883 15.3807
-25.736 15.533
-25.5838 15.6853
-25.2792 15.8376
-25.1269 16.1421
-24.9746 16.2944
-24.8223 16.4467
-24.6701 16.599
-24.3655 16.7513
-24.2132 16.9036
-24.0609 17.2081
-23.7563 17.3604
-23.6041 17.5127
-23.4518 17.665
-23.1472 17.8173
-22.9949 17.8173
-22.6904 17.9695
-22.5381 18.1218
-22.2335 18.2741
-21.9289 18.4264
-21.7766 18.4264
-21.4721 18.5787
-21.3198 18.5787
-21.0152 18.731
-20.7107 18.731
-20.5584 18.8832
-20.2538 18.8832
-19.9492 19.0355
-19.797 19.0355
-19.4924 19.0355
-19.1878 19.0355
-18.8832 19.0355
-18.731 19.0355
-18.4264 19.0355
-18.1218 19.0355
-17.9695 19.0355
-17.665 19.0355
-17.3604 19.0355
-17.2081 19.0355
-16.9036 18.8832
-16.599 18.8832
-16.4467 18.731
-16.1421 18.731
-15.8376 18.5787
-15.6853 18.5787
-15.3807 18.4264
-15.2284 18.4264
-14.9239 18.2741
-14.7716 18.1218
-14.467 18.1218
-14.3147 17.9695
-14.0102 17.8173
-13.8579 17.665
-13.5533 17.665
-13.401 17.5127
-13.0964 17.3604
-12.9442 17.2081
-12.7919 17.2081
-12.4873 17.0558
-12.335 16.9036
-12.1827 16.7513
-12.0305 16.7513
-11.7259 16.599
-11.5736 16.4467
-11.4213 16.2944
-11.1168 16.2944
-10.9645 16.1421
-10.8122 16.1421
-10.6599 15.9898
-10.3553 15.8376
-10.203 15.8376
-10.0508 15.6853
-9.74619 15.533
-9.59391 15.533
-9.44162 15.3807
-9.28934 15.2284
-8.98477 15.2284
-8.83249 15.0761
-8.6802 14.9239
-8.37563 14.9239
-8.22335 14.7716
-8.07107 14.6193
-7.91878 14.467
-7.61421 14.467
-7.46193 14.3147
-7.30964 14.1624
-7.15736 14.0102
-7.00508 13.8579
-6.70051 13.7056
-6.54822 13.5533
-6.39594 13.401
-6.24365 13.2487
-6.09137 13.0964
-5.93909 12.9442
-5.63452 12.7919
-5.48223 12.6396
-5.32995 12.4873
-5.17766 12.335
-5.02538 12.1827
-4.8731 12.0305
-4.72081 11.8782
-4.56853 11.7259
-4.41624 11.5736
-4.26396 11.269
-4.11168 11.1168
-3.95939 10.9645
-3.80711 10.8122
-3.65482 10.5076
-3.50254 10.3553
-3.35025 10.203
-3.19797 10.0508
-3.04569 9.74619
-2.8934 9.59391
-2.74112 9.44162
-2.58883 9.13706
-2.43655 8.98477
-2.28426 8.6802
-2.13198 8.52792
-1.9797 8.37563
-1.82741 8.07107
-1.67513 7.91878
-1.52284 7.61421
-1.37056 7.46193
-1.21827 7.15736
-1.06599 7.00508
-0.913706 6.70051
-0.761421 6.39594
-0.609137 6.24365
-0.456853 5.93909
-0.304569 5.63452
-0.152284 5.48223
0.152284 5.17766
0.304569 4.8731
