0.304569 4.41624
0.761421 4.11168
1.21827 3.80711
1.52284 3.50254
1.82741 3.19797
2.13198 2.8934
2.43655 2.58883
2.74112 2.13198
2.8934 1.82741
3.04569 1.52284
3.19797 1.06599
3.35025 0.761421
3.50254 0.304569
3.50254 0
3.50254 -0.304569
3.50254 -0.761421
3.50254 -1.06599
3.50254 -1.37056
3.35025 -1.82741
3.35025 -2.13198
3.19797 -2.43655
3.04569 -2.74112
2.8934 -3.04569
2.58883 -3.35025
2.43655 -3.65482
2.13198 -3.95939
1.9797 -4.11168
1.67513 -4.41624
1.37056 -4.56853
1.06599 -4.8731
0.761421 -5.02538
0.456853 -5.17766
0.152284 -5.48223
-0.304569 -5.63452
-0.609137 -5.7868
-0.913706 -5.93909
-1.37056 -5.93909
-1.67513 -6.09137
-1.9797 -6.24365
-2.43655 -6.39594
-2.74112 -6.39594
-3.19797 -6.54822
-3.50254 -6.54822
-3.80711 -6.70051
-4.11168 -6.70051
-4.56853 -6.70051
-4.8731 -6.85279
-5.17766 -6.85279
-5.48223 -7.00508
-5.7868 -7.00508
-6.09137 -7.15736
-6.24365 -7.15736
-6.54822 -7.30964
-6.85279 -7.30964
-7.15736 -7.46193
-7.30964 -7.46193
-7.61421 -7.61421
-7.91878 -7.61421
-8.07107 -7.7665
-8.37563 -7.7665
-8.52792 -7.91878
-8.83249 -8.07107
-8.98477 -8.07107
-9.28934 -8.22335
-9.44162 -8.22335
-9.74619 -8.37563
-10.0508 -8.37563
-10.203 -8.52792
-10.5076 -8.52792
-10.6599 -8.6802
-10.9645 -8.6802
-11.1168 -8.6802
-11.4213 -8.83249
-11.7259 -8.83249
-11.8782 -8.83249
-12.1827 -8.83249
-12.335 -8.83249
-12.6396 -8.83249
-12.9442 -8.83249
-13.0964 -8.83249
-13.401 -8.83249
-13.5533 -8.83249
-13.8579 -8.83249
-14.0102 -8.83249
-14.3147 -8.83249
-14.6193 -8.83249
-14.7716 -8.6802
-15.0761 -8.6802
-15.2284 -8.6802
-15.533 -8.52792
-15.6853 -8.52792
-15.9898 -8.52792
-16.1421 -8.37563
-16.4467 -8.37563
-16.599 -8.37563
-16.7513 -8.22335
-17.0558 -8.22335
-17.2081 -8.07107
-17.5127 -8.07107
-17.665 -8.07107
-17.9695 -7.91878
-18.1218 -7.91878
-18.2741 -7.7665
-18.5787 -7.7665
-18.731 -7.7665
-18.8832 -7.61421
-19.1878 -7.61421
-19.3401 -7.46193
-19.6447 -7.46193
-19.797 -7.30964
-19.9492 -7.30964
-20.2538 -7.30964
-20.4061 -7.15736
-20.5584 -7.00508
-20.8629 -7.00508
-21.0152 -6.85279
-21.1675 -6.85279
-21.4721 -6.70051
-21.6244 -6.70051
-21.7766 -6.54822
-21.9289 -6.39594
-22.2335 -6.24365
-22.3858 -6.24365
-22.5381 -6.09137
-22.6904 -5.93909
-22.8426 -5.7868
-23.1472 -5.7868
-23.2995 -5.63452
-23.4518 -5.48223
-23.6041 -5.32995
-23.7563 -5.17766
-23.9086 -5.02538
-24.0609 -4.8731
-24.2132 -4.72081
-24.3655 -4.56853
-24.5178 -4.41624
-24.6701 -4.26396
-24.8223 -4.11168
-24.9746 -3.95939
-25.1269 -3.80711
-25.2792 -3.65482
-25.4315 -3.50254
-25.5838 -3.35025
-25.736 -3.19797
-25.8883 -2.8934
-26.0406 -2.74112
-26.1929 -2.58883
-26.3452 -2.43655
-26.3452 -2.28426
-26.4975 -1.9797
-26.6497 -1.82741
-26.802 -1.67513
-26.802 -1.52284
-26.9543 -1.37056
-27.1066 -1.06599
-27.2589 -0.913706
-27.2589 -0.761421
-27.4112 -0.456853
-27.5635 -0.304569
-27.5635 -0.152284
-27.7157 0.152284
-27.868 0.304569
-27.868 0.456853
-28.0203 0.761421
-28.0203 0.913706
-28.1726 1.06599
-28.1726 1.37056
-28.3249 1.52284
-28.3249 1.67513
-28.4772 1.9797
-28.4772 2.13198
-28.6294 2.43655
-28.6294 2.58883
-28.7817 2.8934
-28.7817 3.04569
-28.7817 3.35025
-28.934 3.50254
-28.934 3.80711
-28.934 3.95939
-29.0863 4.26396
-29.0863 4.41624
-29.0863 4.72081
-29.0863 4.8731
-29.0863 5.17766
-29.0863 5.32995
-29.2386 5.63452
-29.2386 5.7868
-29.2386 6.09137
-29.2386 6.39594
-29.2386 6.54822
-29.2386 6.85279
-29.0863 7.00508
-29.0863 7.30964
-29.0863 7.46193
-29.0863 7.7665
-29.0863 8.07107
-28.934 8.22335
-28.934 8.52792
-28.934 8.6802
-28.7817 8.98477
-28.7817 9.13706
-28.6294 9.44162
-28.6294 9.59391
-28.4772 9.89848
-28.4772 10.0508
-28.3249 10.3553
-28.3249 10.5076
-28.1726 10.8122
-28.1726 10.9645
-28.0203 11.269
-27.868 11.4213
-27.868 11.7259
-27.7157 11.8782
-27.5635 12.1827
-27.4112 12.335
-27.4112 12.6396
-27.2589 12.7919
-27.1066 13.0964
-26.9543 13.2487
-26.9543 13.5533
-26.802 13.7056
-26.6497 14.0102
-26.4975 14.1624
-26.3452 14.3147
-26.1929 14.6193
-26.0406 14.7716
-25.8883 15.0761
-25.736 15.2284
-25.5838 15.533
-25.4315 15.6853
-25.2792 15.8376
-25.1269 16.1421
-24.9746 16.2944
-24.8223 16.4467
-24.5178 16.599
-24.3655 16.9036
-24.2132 17.0558
-23.9086 17.2081
-23.7563 17.3604
-23.6041 17.5127
-23.2995 17.665
-23.1472 17.8173
-22.8426 17.9695
-22.6904 17.9695
-22.3858 18.1218
-22.0812 18.2741
-21.9289 18.4264
-21.6244 18.4264
-21.4721 18.5787
-21.1675 18.5787
-20.8629 18.731
-20.5584 18.731
-20.4061 18.731
-20.1015 18.8832
-19.797 18.8832
-19.6447 18.8832
-19.3401 18.8832
-19.0355 18.8832
-18.731 18.8832
-18.5787 18.8832
-18.2741 18.8832
-17.9695 18.8832
-17.665 18.8832
-17.5127 18.8832
-17.2081 18.8832
-16.9036 18.731
-16.7513 18.731
-16.4467 18.5787
-16.1421 18.5787
-15.9898 18.5787
-15.6853 18.4264
-15.533 18.4264
-15.2284 18.2741
-14.9239 18.1218
-14.7716 18.1218
-14.467 17.9695
-14.3147 17.9695
-14.0102 17.8173
-13.8579 17.665
-13.5533 17.665
-13.401 17.5127
-13.2487 17.3604
-12.9442 17.2081
-12.7919 17.2081
-12.6396 17.0558
-12.335 16.9036
-12.1827 16.7513
-12.0305 16.7513
-11.7259 16.599
-11.5736 16.4467
-11.4213 16.2944
-11.1168 16.2944
-10.9645 16.1421
-10.8122 15.9898
-10.6599 15.9898
-10.3553 15.8376
-10.203 15.6853
-10.0508 15.533
-9.89848 15.533
-9.59391 15.3807
-9.44162 15.2284
-9.28934 15.2284
-9.13706 15.0761
-8.83249 14.9239
-8.6802 14.7716
-8.52792 14.7716
-8.37563 14.6193
-8.07107 14.467
-7.91878 14.3147
-7.7665 14.3147
-7.61421 14.1624
-7.46193 14.0102
-7.15736 13.8579
-7.00508 13.7056
-6.85279 13.5533
-6.70051 13.401
-6.54822 13.401
-6.39594 13.2487
-6.09137 13.0964
-5.93909 12.9442
-5.7868 12.7919
-5.63452 12.6396
-5.48223 12.4873
-5.32995 12.335
-5.17766 12.1827
-4.8731 12.0305
-4.72081 11.8782
-4.56853 11.7259
-4.41624 11.4213
-4.26396 11.269
-4.11168 11.1168
-3.95939 10.9645
-3.80711 10.8122
-3.65482 10.6599
-3.50254 10.3553
-3.35025 10.203
-3.19797 10.0508
-3.04569 9.74619
-2.8934 9.59391
-2.74112 9.44162
-2.58883 9.13706
-2.43655 8.98477
-2.28426 8.83249
-2.13198 8.52792
-2.13198 8.37563
-1.9797 8.07107
-1.82741 7.91878
-1.67513 7.7665
-1.52284 7.46193
-1.37056 7.30964
-1.21827 7.00508
-1.06599 6.70051
-0.913706 6.54822
-0.761421 6.24365
-0.609137 6.09137
-0.456853 5.7868
-0.152284 5.48223
0 5.32995
0.152284 5.02538
0.304569 4.72081
