0.304569 4.41624
0.761421 4.26396
1.21827 3.95939
1.52284 3.50254
1.82741 3.19797
2.28426 2.8934
2.43655 2.58883
2.74112 2.13198
2.8934 1.82741
3.19797 1.52284
3.19797 1.06599
3.35025 0.761421
3.50254 0.304569
3.50254 0
3.50254 -0.304569
3.50254 -0.761421
3.50254 -1.06599
3.50254 -1.37056
3.35025 -1.82741
3.19797 -2.13198
3.19797 -2.43655
3.04569 -2.74112
2.74112 -3.04569
2.58883 -3.35025
2.43655 -3.65482
2.13198 -3.95939
1.82741 -4.11168
1.52284 -4.41624
1.37056 -4.56853
0.913706 -4.8731
0.609137 -5.02538
0.304569 -5.17766
0 -5.48223
-0.304569 -5.63452
-0.761421 -5.7868
-1.06599 -5.93909
-1.37056 -5.93909
-1.82741 -6.09137
-2.13198 -6.24365
-2.43655 -6.24365
-2.8934 -6.39594
-3.19797 -6.54822
-3.50254 -6.54822
-3.95939 -6.70051
-4.26396 -6.70051
-4.56853 -6.70051
-4.8731 -6.85279
-5.17766 -6.85279
-5.48223 -7.00508
-5.7868 -7.00508
-6.09137 -7.15736
-6.39594 -7.15736
-6.70051 -7.30964
-7.00508 -7.30964
-7.15736 -7.46193
-7.46193 -7.46193
-7.7665 -7.61421
-7.91878 -7.61421
-8.22335 -7.7665
-8.52792 -7.7665
-8.6802 -7.91878
-8.98477 -7.91878
-9.13706 -8.07107
-9.44162 -8.07107
-9.59391 -8.22335
-9.89848 -8.22335
-10.0508 -8.37563
-10.3553 -8.37563
-10.6599 -8.52792
-10.8122 -8.52792
-11.1168 -8.6802
-11.269 -8.6802
-11.5736 -8.6802
-11.7259 -8.6802
-12.0305 -8.83249
-12.335 -8.83249
-12.4873 -8.83249
-12.7919 -8.83249
-12.9442 -8.83249
-13.2487 -8.83249
-13.5533 -8.83249
-13.7056 -8.83249
-14.0102 -8.83249
-14.1624 -8.6802
-14.467 -8.6802
-14.6193 -8.6802
-14.9239 -8.6802
-15.0761 -8.52792
-15.3807 -8.52792
-15.6853 -8.52792
-15.8376 -8.37563
-15.9898 -8.37563
-16.2944 -8.37563
-16.4467 -8.22335
-16.7513 -8.22335
-16.9036 -8.22335
-17.2081 -8.07107
-17.3604 -8.07107
-17.665 -7.91878
-17.8173 -7.91878
-17.9695 -7.91878
-18.2741 -7.7665
-18.4264 -7.7665
-18.5787 -7.61421
-18.8832 -7.61421
-19.0355 -7.61421
-19.3401 -7.46193
-19.4924 -7.46193
-19.6447 -7.30964
-19.9492 -7.30964
-20.1015 -7.15736
-20.2538 -7.15736
-20.5584 -7.00508
-20.7107 -7.00508
-20.8629 -6.85279
-21.1675 -6.85279
-21.3198 -6.70051
-21.4721 -6.54822
-21.6244 -6.54822
-21.9289 -6.39594
-22.0812 -6.24365
-22.2335 -6.24365
-22.3858 -6.09137
-22.6904 -5.93909
-22.8426 -5.7868
-22.9949 -5.7868
-23.1472 -5.63452
-23.2995 -5.48223
-23.4518 -5.32995
-23.7563 -5.17766
-23.9086 -5.02538
-24.0609 -4.8731
-24.2132 -4.72081
-24.3655 -4.72081
-24.5178 -4.56853
-24.6701 -4.41624
-24.8223 -4.26396
-24.9746 -4.11168
-25.1269 -3.80711
-25.2792 -3.65482
-25.4315 -3.50254
-25.5838 -3.35025
-25.736 -3.19797
-25.8883 -3.04569
-26.0406 -2.8934
-26.0406 -2.74112
-26.1929 -2.58883
-26.3452 -2.28426
-26.4975 -2.13198
-26.6497 -1.9797
-26.6497 -1.82741
-26.802 -1.67513
-26.9543 -1.37056
-27.1066 -1.21827
-27.1066 -1.06599
-27.2589 -0.761421
-27.4112 -0.609137
-27.4112 -0.456853
-27.5635 -0.304569
-27.5635 0
-27.7157 0.152284
-27.7157 0.304569
-27.868 0.609137
-28.0203 0.761421
-28.0203 1.06599
-28.0203 1.21827
-28.1726 1.37056
-28.1726 1.67513
-28.3249 1.82741
-28.3249 1.9797
-28.3249 2.28426
-28.4772 2.43655
-28.4772 2.74112
-28.4772 2.8934
-28.6294 3.19797
-28.6294 3.35025
-28.6294 3.65482
-28.6294 3.80711
-28.6294 3.95939
-28.7817 4.26396
-28.7817 4.41624
-28.7817 4.72081
-28.7817 4.8731
-28.7817 5.17766
-28.7817 5.32995
-28.7817 5.63452
-28.7817 5.7868
-28.7817 6.09137
-28.7817 6.24365
-28.7817 6.54822
-28.7817 6.70051
-28.6294 7.00508
-28.6294 7.15736
-28.6294 7.46193
-28.6294 7.61421
-28.6294 7.91878
-28.4772 8.07107
-28.4772 8.37563
-28.4772 8.52792
-28.3249 8.83249
-28.3249 8.98477
-28.3249 9.28934
-28.1726 9.44162
-28.1726 9.74619
-28.0203 9.89848
-28.0203 10.203
-27.868 10.3553
-27.868 10.5076
-27.7157 10.8122
-27.5635 10.9645
-27.5635 11.269
-27.4112 11.4213
-27.2589 11.5736
-27.1066 11.8782
-27.1066 12.0305
-26.9543 12.335
-26.802 12.4873
-26.6497 12.6396
-26.4975 12.7919
-26.3452 13.0964
-26.3452 13.2487
-26.1929 13.401
-26.0406 13.5533
-25.8883 13.8579
-25.736 14.0102
-25.5838 14.1624
-25.4315 14.3147
-25.1269 14.467
-24.9746 14.6193
-24.8223 14.9239
-24.6701 15.0761
-24.5178 15.2284
-24.3655 15.3807
-24.2132 15.533
-23.9086 15.6853
-23.7563 15.8376
-23.6041 15.9898
-23.4518 16.1421
-23.1472 16.2944
-22.9949 16.4467
-22.8426 16.599
-22.5381 16.7513
-22.3858 16.7513
-22.2335 16.9036
-21.9289 17.0558
-21.7766 17.2081
-21.6244 17.3604
-21.3198 17.5127
-21.1675 17.5127
-20.8629 17.665
-20.7107 17.8173
-20.4061 17.8173
-20.2538 17.9695
-19.9492 18.1218
-19.797 18.1218
-19.4924 18.2741
-19.3401 18.2741
-19.0355 18.2741
-18.731 18.4264
-18.5787 18.4264
-18.2741 18.4264
-18.1218 18.4264
-17.8173 18.4264
-17.5127 18.5787
-17.3604 18.5787
-17.0558 18.4264
-16.7513 18.4264
-16.599 18.4264
-16.2944 18.4264
-16.1421 18.4264
-15.8376 18.2741
-15.533 18.2741
-15.3807 18.1218
-15.0761 18.1218
-14.9239 17.9695
-14.6193 17.9695
-14.467 17.8173
-14.1624 17.8173
-14.0102 17.665
-13.7056 17.665
-13.5533 17.5127
-13.401 17.3604
-13.0964 17.3604
-12.9442 17.2081
-12.6396 17.0558
-12.4873 17.0558
-12.335 16.9036
-12.0305 16.7513
-11.8782 16.7513
-11.7259 16.599
-11.4213 16.4467
-11.269 16.4467
-11.1168 16.2944
-10.8122 16.2944
-10.6599 16.1421
-10.5076 15.9898
-10.203 15.9898
-10.0508 15.8376
-9.89848 15.8376
-9.59391 15.6853
-9.44162 15.533
-9.28934 15.533
-8.98477 15.3807
-8.83249 15.2284
-8.6802 15.2284
-8.37563 15.0761
-8.22335 14.9239
-8.07107 14.9239
-7.7665 14.7716
-7.61421 14.6193
-7.46193 14.467
-7.30964 14.3147
-7.00508 14.1624
-6.85279 14.1624
-6.70051 14.0102
-6.54822 13.8579
-6.39594 13.7056
-6.09137 13.5533
-5.93909 13.401
-5.7868 13.2487
-5.63452 13.0964
-5.48223 12.7919
-5.32995 12.6396
-5.17766 12.4873
-5.02538 12.335
-4.8731 12.1827
-4.72081 12.0305
-4.56853 11.8782
-4.41624 11.5736
-4.26396 11.4213
-4.11168 11.269
-3.95939 11.1168
-3.80711 10.8122
-3.65482 10.6599
-3.50254 10.5076
-3.35025 10.3553
-3.19797 10.0508
-3.04569 9.89848
-2.8934 9.74619
-2.74112 9.44162
-2.58883 9.28934
-2.43655 9.13706
-2.28426 8.83249
-2.13198 8.6802
-2.13198 8.37563
-1.9797 8.22335
-1.82741 7.91878
-1.67513 7.7665
-1.52284 7.61421
-1.37056 7.30964
-1.21827 7.00508
-1.06599 6.85279
-0.913706 6.54822
-0.609137 6.39594
-0.456853 6.09137
-0.304569 5.7868
-0.152284 5.63452
0 5.32995
0.152284 5.02538
0.304569 4.72081
