5.32995 4.26396
5.63452 3.95939
5.93909 3.65482
6.09137 3.50254
6.24365 3.19797
6.39594 2.8934
6.54822 2.58883
6.54822 2.28426
6.70051 1.9797
6.70051 1.67513
6.70051 1.37056
6.70051 1.21827
6.70051 0.913706
6.70051 0.609137
6.54822 0.304569
6.54822 0
6.39594 -0.304569
6.39594 -0.456853
6.24365 -0.761421
6.09137 -1.06599
6.09137 -1.37056
5.93909 -1.52284
5.7868 -1.82741
5.63452 -2.13198
5.48223 -2.28426
5.48223 -2.58883
5.32995 -2.8934
5.17766 -3.04569
5.02538 -3.35025
4.8731 -3.65482
4.72081 -3.80711
4.56853 -4.11168
4.41624 -4.26396
4.26396 -4.56853
4.11168 -4.72081
3.95939 -5.02538
3.80711 -5.17766
3.65482 -5.48223
3.35025 -5.63452
3.19797 -5.7868
3.04569 -5.93909
2.74112 -6.24365
2.58883 -6.39594
2.28426 -6.54822
1.9797 -6.70051
1.82741 -6.70051
1.52284 -6.85279
1.21827 -7.00508
0.913706 -7.00508
0.609137 -7.15736
0.304569 -7.15736
0 -7.15736
-0.304569 -7.15736
-0.609137 -7.15736
-0.913706 -7.15736
-1.21827 -7.15736
-1.52284 -7.00508
-1.82741 -7.00508
-2.28426 -7.00508
-2.58883 -6.85279
-2.8934 -6.85279
-3.19797 -6.70051
-3.50254 -6.70051
-3.65482 -6.54822
-3.95939 -6.39594
-4.26396 -6.39594
-4.56853 -6.24365
-4.72081 -6.24365
-5.02538 -6.09137
-5.32995 -6.09137
-5.48223 -5.93909
-5.7868 -5.93909
-5.93909 -5.93909
-6.09137 -5.7868
-6.39594 -5.7868
-6.54822 -5.7868
-6.70051 -5.7868
-6.85279 -5.93909
-7.00508 -5.93909
-7.15736 -5.93909
-7.46193 -6.09137
-7.61421 -6.09137
-7.7665 -6.09137
-7.91878 -6.24365
-8.07107 -6.39594
-8.22335 -6.39594
-8.52792 -6.54822
-8.6802 -6.54822
-8.83249 -6.70051
-8.98477 -6.85279
-9.28934 -6.85279
-9.44162 -7.00508
-9.59391 -7.00508
-9.74619 -7.15736
-10.0508 -7.30964
-10.203 -7.30964
-10.5076 -7.30964
-10.6599 -7.46193
-10.8122 -7.46193
-11.1168 -7.46193
-11.269 -7.61421
-11.5736 -7.61421
-11.7259 -7.61421
-12.0305 -7.61421
-12.1827 -7.61421
-12.335 -7.61421
-12.6396 -7.61421
-12.7919 -7.61421
-13.0964 -7.61421
-13.2487 -7.61421
-13.5533 -7.46193
-13.7056 -7.46193
-14.0102 -7.46193
-14.1624 -7.46193
-14.3147 -7.30964
-14.6193 -7.30964
-14.7716 -7.30964
-15.0761 -7.15736
-15.2284 -7.15736
-15.533 -7.00508
-15.6853 -7.00508
-15.9898 -7.00508
-16.1421 -6.85279
-16.4467 -6.85279
-16.599 -6.70051
-16.9036 -6.70051
-17.0558 -6.54822
-17.2081 -6.39594
-17.5127 -6.39594
-17.665 -6.24365
-17.9695 -6.24365
-18.1218 -6.09137
-18.4264 -5.93909
-18.5787 -5.7868
-18.8832 -5.7868
-19.0355 -5.63452
-19.3401 -5.48223
-19.4924 -5.32995
-19.6447 -5.17766
-19.9492 -5.02538
-20.1015 -4.8731
-20.4061 -4.72081
-20.5584 -4.56853
-20.7107 -4.41624
-21.0152 -4.26396
-21.1675 -4.11168
-21.3198 -3.95939
-21.4721 -3.80711
-21.7766 -3.50254
-21.9289 -3.35025
-22.0812 -3.19797
-22.2335 -3.04569
-22.3858 -2.74112
-22.5381 -2.58883
-22.6904 -2.28426
-22.8426 -2.13198
-22.9949 -1.9797
-23.1472 -1.67513
-23.2995 -1.52284
-23.4518 -1.21827
-23.6041 -1.06599
-23.7563 -0.761421
-23.9086 -0.609137
-24.0609 -0.304569
-24.2132 0
-24.3655 0.152284
-24.5178 0.456853
-24.6701 0.761421
-24.6701 0.913706
-24.8223 1.21827
-24.9746 1.52284
-25.1269 1.67513
-25.2792 1.9797
-25.2792 2.28426
-25.4315 2.58883
-25.5838 2.74112
-25.5838 3.04569
-25.736 3.35025
-25.736 3.65482
-25.8883 3.95939
-26.0406 4.26396
-26.0406 4.56853
-26.0406 4.8731
-26.1929 5.17766
-26.1929 5.48223
-26.1929 5.7868
-26.1929 6.09137
-26.3452 6.39594
-26.3452 6.70051
-26.3452 7.00508
-26.3452 7.30964
-26.1929 7.61421
-26.1929 7.91878
-26.1929 8.22335
-26.1929 8.52792
-26.0406 8.83249
-26.0406 8.98477
-25.8883 9.28934
-25.8883 9.59391
-25.736 9.89848
-25.5838 10.203
-25.4315 10.5076
-25.2792 10.8122
-25.1269 10.9645
-24.9746 11.269
-24.8223 11.5736
-24.6701 11.7259
-24.5178 12.0305
-24.2132 12.1827
-24.0609 12.4873
-23.9086 12.6396
-23.6041 12.9442
-23.4518 13.0964
-23.1472 13.2487
-22.8426 13.401
-22.6904 13.7056
-22.3858 13.8579
-22.0812 14.0102
-21.7766 14.1624
-21.4721 14.1624
-21.3198 14.3147
-21.0152 14.467
-20.7107 14.467
-20.4061 14.6193
-20.1015 14.7716
-19.797 14.7716
-19.4924 14.7716
-19.1878 14.9239
-18.8832 14.9239
-18.5787 14.9239
-18.2741 14.9239
-17.9695 14.9239
-17.665 15.0761
-17.3604 15.0761
-17.0558 15.0761
-16.7513 14.9239
-16.4467 14.9239
-16.1421 14.9239
-15.9898 14.9239
-15.6853 14.9239
-15.3807 14.9239
-15.0761 14.9239
-14.9239 14.9239
-14.6193 14.9239
-14.3147 14.7716
-14.1624 14.7716
-13.8579 14.7716
-13.7056 14.7716
-13.401 14.7716
-13.2487 14.7716
-12.9442 14.6193
-12.7919 14.6193
-12.6396 14.6193
-12.335 14.6193
-12.1827 14.6193
-12.0305 14.467
-11.7259 14.467
-11.5736 14.467
-11.4213 14.467
-11.269 14.467
-10.9645 14.3147
-10.8122 14.3147
-10.6599 14.3147
-10.5076 14.3147
-10.203 14.3147
-10.0508 14.1624
-9.89848 14.1624
-9.74619 14.1624
-9.59391 14.1624
-9.44162 14.0102
-9.28934 14.0102
-8.98477 14.0102
-8.83249 14.0102
-8.6802 13.8579
-8.52792 13.8579
-8.37563 13.8579
-8.22335 13.8579
-8.07107 13.7056
-7.91878 13.7056
-7.7665 13.7056
-7.61421 13.7056
-7.46193 13.5533
-7.30964 13.5533
-7.00508 13.5533
-6.85279 13.401
-6.70051 13.401
-6.54822 13.401
-6.39594 13.2487
-6.24365 13.2487
-6.09137 13.2487
-5.93909 13.0964
-5.7868 13.0964
-5.63452 13.0964
-5.48223 12.9442
-5.32995 12.9442
-5.17766 12.9442
-5.02538 12.7919
-4.8731 12.7919
-4.72081 12.6396
-4.56853 12.6396
-4.41624 12.6396
-4.26396 12.4873
-4.11168 12.4873
-3.95939 12.335
-3.80711 12.335
-3.65482 12.1827
-3.50254 12.1827
-3.35025 12.0305
-3.19797 12.0305
-3.04569 12.0305
-2.74112 11.8782
-2.58883 11.7259
-2.43655 11.7259
-2.28426 11.5736
-2.13198 11.5736
-1.9797 11.4213
-1.82741 11.4213
-1.67513 11.269
-1.52284 11.1168
-1.37056 11.1168
-1.21827 10.9645
-1.06599 10.8122
-0.913706 10.8122
-0.761421 10.6599
-0.456853 10.5076
-0.304569 10.5076
-0.152284 10.3553
0 10.203
0.152284 10.0508
0.304569 10.0508
0.456853 9.89848
0.761421 9.74619
0.913706 9.59391
1.06599 9.44162
1.21827 9.28934
1.37056 9.13706
1.52284 8.98477
1.82741 8.98477
1.9797 8.83249
2.13198 8.6802
2.28426 8.37563
2.58883 8.22335
2.74112 8.07107
2.8934 7.91878
3.04569 7.7665
3.35025 7.61421
3.50254 7.46193
3.65482 7.15736
3.80711 7.00508
3.95939 6.85279
4.11168 6.54822
4.26396 6.39594
4.41624 6.09137
4.56853 5.93909
4.72081 5.63452
4.8731 5.48223
5.02538 5.17766
5.17766 5.02538
5.17766 4.72081
5.32995 4.56853
