-0.304569 5.48223
0 5.17766
0.304569 4.8731
0.609137 4.56853
0.913706 4.26396
1.06599 3.80711
1.37056 3.50254
1.52284 3.19797
1.82741 2.74112
1.9797 2.43655
2.13198 2.13198
2.28426 1.67513
2.43655 1.37056
2.58883 0.913706
2.58883 0.456853
2.74112 0.152284
2.74112 -0.304569
2.74112 -0.609137
2.74112 -1.06599
2.74112 -1.37056
2.74112 -1.82741
2.58883 -2.13198
2.43655 -2.43655
2.43655 -2.8934
2.13198 -3.19797
1.9797 -3.50254
1.82741 -3.80711
1.52284 -4.11168
1.37056 -4.41624
1.06599 -4.56853
0.761421 -4.8731
0.456853 -5.17766
0 -5.32995
-0.304569 -5.48223
-0.609137 -5.7868
-0.913706 -5.93909
-1.37056 -6.09137
-1.67513 -6.24365
-2.13198 -6.39594
-2.43655 -6.39594
-2.8934 -6.54822
-3.19797 -6.70051
-3.65482 -6.85279
-3.95939 -6.85279
-4.26396 -7.00508
-4.72081 -7.00508
-5.02538 -7.15736
-5.32995 -7.15736
-5.7868 -7.30964
-6.09137 -7.30964
-6.39594 -7.46193
-6.70051 -7.46193
-7.00508 -7.61421
-7.30964 -7.61421
-7.61421 -7.7665
-7.91878 -7.7665
-8.22335 -7.91878
-8.52792 -7.91878
-8.6802 -8.07107
-8.98477 -8.07107
-9.28934 -8.22335
-9.59391 -8.22335
-9.89848 -8.37563
-10.0508 -8.37563
-10.3553 -8.52792
-10.6599 -8.52792
-10.9645 -8.6802
-11.269 -8.6802
-11.4213 -8.6802
-11.7259 -8.83249
-12.0305 -8.83249
-12.335 -8.83249
-12.4873 -8.83249
-12.7919 -8.83249
-13.0964 -8.83249
-13.401 -8.83249
-13.7056 -8.83249
-13.8579 -8.83249
-14.1624 -8.83249
-14.467 -8.83249
-14.7716 -8.6802
-14.9239 -8.6802
-15.2284 -8.6802
-15.533 -8.52792
-15.6853 -8.52792
-15.9898 -8.37563
-16.2944 -8.37563
-16.4467 -8.37563
-16.7513 -8.22335
-16.9036 -8.22335
-17.2081 -8.07107
-17.5127 -7.91878
-17.665 -7.91878
-17.9695 -7.7665
-18.1218 -7.7665
-18.4264 -7.61421
-18.5787 -7.61421
-18.8832 -7.46193
-19.0355 -7.46193
-19.1878 -7.30964
-19.4924 -7.30964
-19.6447 -7.15736
-19.9492 -7.15736
-20.1015 -7.00508
-20.2538 -7.00508
-20.5584 -6.85279
-20.7107 -6.85279
-21.0152 -6.70051
-21.1675 -6.54822
-21.3198 -6.54822
-21.6244 -6.39594
-21.7766 -6.39594
-21.9289 -6.24365
-22.0812 -6.09137
-22.3858 -6.09137
-22.5381 -5.93909
-22.6904 -5.7868
-22.9949 -5.7868
-23.1472 -5.63452
-23.2995 -5.48223
-23.4518 -5.32995
-23.6041 -5.17766
-23.7563 -5.17766
-24.0609 -5.02538
-24.2132 -4.8731
-24.3655 -4.72081
-24.5178 -4.56853
-24.6701 -4.41624
-24.8223 -4.26396
-24.9746 -4.11168
-25.1269 -3.95939
-25.2792 -3.80711
-25.4315 -3.65482
-25.5838 -3.50254
-25.736 -3.35025
-25.8883 -3.04569
-25.8883 -2.8934
-26.0406 -2.74112
-26.1929 -2.58883
-26.3452 -2.43655
-26.4975 -2.28426
-26.6497 -2.13198
-26.6497 -1.9797
-26.802 -1.82741
-26.9543 -1.67513
-27.1066 -1.37056
-27.2589 -1.21827
-27.4112 -1.06599
-27.4112 -0.913706
-27.5635 -0.761421
-27.7157 -0.609137
-27.868 -0.456853
-28.0203 -0.152284
-28.0203 0
-28.1726 0.152284
-28.3249 0.304569
-28.4772 0.456853
-28.4772 0.609137
-28.6294 0.913706
-28.7817 1.06599
-28.7817 1.21827
-28.934 1.52284
-29.0863 1.67513
-29.0863 1.82741
-29.2386 1.9797
-29.2386 2.28426
-29.3909 2.43655
-29.3909 2.58883
-29.5431 2.8934
-29.5431 3.04569
-29.6954 3.35025
-29.6954 3.50254
-29.6954 3.65482
-29.8477 3.95939
-29.8477 4.11168
-29.8477 4.41624
-30 4.56853
-30 4.8731
-30 5.02538
-30 5.32995
-30 5.48223
-30 5.63452
-30 5.93909
-30 6.09137
-30 6.39594
-30 6.54822
-30 6.85279
-30 7.00508
-30 7.30964
-30 7.46193
-30 7.7665
-29.8477 7.91878
-29.8477 8.22335
-29.8477 8.37563
-29.8477 8.6802
-29.8477 8.83249
-29.6954 9.13706
-29.6954 9.28934
-29.6954 9.59391
-29.5431 9.74619
-29.5431 9.89848
-29.5431 10.203
-29.3909 10.3553
-29.3909 10.6599
-29.2386 10.8122
-29.2386 11.1168
-29.0863 11.269
-29.0863 11.5736
-28.934 11.7259
-28.934 11.8782
-28.7817 12.1827
-28.6294 12.335
-28.6294 12.6396
-28.4772 12.7919
-28.3249 12.9442
-28.1726 13.2487
-28.1726 13.401
-28.0203 13.5533
-27.868 13.8579
-27.7157 14.0102
-27.5635 14.1624
-27.4112 14.3147
-27.2589 14.6193
-27.1066 14.7716
-26.9543 14.9239
-26.802 15.0761
-26.6497 15.2284
-26.4975 15.3807
-26.3452 15.6853
-26.1929 15.8376
-26.0406 15.9898
-25.8883 16.1421
-25.736 16.2944
-25.4315 16.4467
-25.2792 16.599
-25.1269 16.7513
-24.9746 16.9036
-24.6701 17.0558
-24.5178 17.2081
-24.3655 17.3604
-24.2132 17.5127
-23.9086 17.665
-23.7563 17.8173
-23.6041 17.9695
-23.2995 18.1218
-23.1472 18.2741
-22.9949 18.4264
-22.6904 18.4264
-22.5381 18.5787
-22.2335 18.731
-22.0812 18.8832
-21.7766 18.8832
-21.6244 19.0355
-21.3198 19.1878
-21.1675 19.1878
-20.8629 19.3401
-20.7107 19.3401
-20.4061 19.4924
-20.2538 19.4924
-19.9492 19.6447
-19.6447 19.6447
-19.4924 19.6447
-19.1878 19.6447
-18.8832 19.6447
-18.731 19.6447
-18.4264 19.6447
-18.2741 19.6447
-17.9695 19.6447
-17.665 19.6447
-17.5127 19.4924
-17.2081 19.4924
-16.9036 19.4924
-16.7513 19.3401
-16.4467 19.3401
-16.2944 19.1878
-15.9898 19.1878
-15.8376 19.0355
-15.533 18.8832
-15.3807 18.8832
-15.0761 18.731
-14.9239 18.5787
-14.6193 18.5787
-14.467 18.4264
-14.3147 18.2741
-14.0102 18.1218
-13.8579 18.1218
-13.7056 17.9695
-13.401 17.8173
-13.2487 17.665
-13.0964 17.665
-12.7919 17.5127
-12.6396 17.3604
-12.4873 17.3604
-12.1827 17.2081
-12.0305 17.0558
-11.8782 16.9036
-11.7259 16.9036
-11.4213 16.7513
-11.269 16.599
-11.1168 16.599
-10.8122 16.4467
-10.6599 16.2944
-10.5076 16.2944
-10.3553 16.1421
-10.0508 15.9898
-9.89848 15.9898
-9.74619 15.8376
-9.44162 15.6853
-9.28934 15.533
-9.13706 15.533
-8.98477 15.3807
-8.6802 15.2284
-8.52792 15.0761
-8.37563 14.9239
-8.22335 14.9239
-7.91878 14.7716
-7.7665 14.6193
-7.61421 14.467
-7.46193 14.3147
-7.15736 14.1624
-7.00508 14.0102
-6.85279 13.8579
-6.70051 13.7056
-6.39594 13.5533
-6.24365 13.401
-6.09137 13.2487
-5.93909 13.0964
-5.7868 12.9442
-5.48223 12.7919
-5.32995 12.6396
-5.17766 12.4873
-5.02538 12.1827
-4.8731 12.0305
-4.72081 11.8782
-4.56853 11.7259
-4.41624 11.4213
-4.26396 11.269
-4.11168 11.1168
-3.80711 10.8122
-3.65482 10.6599
-3.50254 10.5076
-3.35025 10.203
-3.19797 10.0508
-3.04569 9.74619
-2.8934 9.59391
-2.74112 9.28934
-2.58883 9.13706
-2.43655 8.83249
-2.28426 8.6802
-2.13198 8.37563
-1.9797 8.22335
-1.82741 7.91878
-1.67513 7.61421
-1.52284 7.46193
-1.37056 7.15736
-1.06599 6.85279
-0.913706 6.54822
-0.761421 6.39594
-0.609137 6.09137
-0.304569 5.7868
