-0.456853 5.7868
-0.152284 5.48223
0.152284 5.17766
0.456853 4.8731
0.761421 4.41624
1.06599 4.11168
1.21827 3.80711
1.52284 3.50254
1.67513 3.04569
1.9797 2.74112
2.13198 2.28426
2.28426 1.9797
2.43655 1.52284
2.43655 1.21827
2.58883 0.761421
2.58883 0.304569
2.74112 0
2.74112 -0.456853
2.74112 -0.761421
2.74112 -1.21827
2.58883 -1.52284
2.58883 -1.9797
2.43655 -2.28426
2.28426 -2.58883
2.13198 -2.8934
1.9797 -3.35025
1.67513 -3.65482
1.52284 -3.95939
1.21827 -4.26396
0.913706 -4.41624
0.761421 -4.72081
0.456853 -5.02538
0 -5.17766
-0.304569 -5.48223
-0.609137 -5.63452
-0.913706 -5.7868
-1.37056 -5.93909
-1.67513 -6.09137
-2.13198 -6.24365
-2.43655 -6.39594
-2.74112 -6.54822
-3.19797 -6.70051
-3.50254 -6.70051
-3.95939 -6.85279
-4.26396 -7.00508
-4.72081 -7.00508
-5.02538 -7.15736
-5.32995 -7.15736
-5.7868 -7.30964
-6.09137 -7.30964
-6.39594 -7.46193
-6.70051 -7.46193
-7.00508 -7.61421
-7.30964 -7.61421
-7.61421 -7.7665
-7.91878 -7.7665
-8.22335 -7.91878
-8.52792 -7.91878
-8.83249 -8.07107
-9.13706 -8.07107
-9.44162 -8.22335
-9.74619 -8.22335
-10.0508 -8.37563
-10.3553 -8.37563
-10.5076 -8.37563
-10.8122 -8.52792
-11.1168 -8.52792
-11.4213 -8.52792
-11.7259 -8.52792
-12.0305 -8.6802
-12.1827 -8.6802
-12.4873 -8.6802
-12.7919 -8.6802
-13.0964 -8.6802
-13.401 -8.6802
-13.5533 -8.6802
-13.8579 -8.6802
-14.1624 -8.6802
-14.467 -8.6802
-14.6193 -8.52792
-14.9239 -8.52792
-15.2284 -8.52792
-15.533 -8.37563
-15.6853 -8.37563
-15.9898 -8.37563
-16.2944 -8.22335
-16.4467 -8.22335
-16.7513 -8.07107
-17.0558 -8.07107
-17.2081 -7.91878
-17.5127 -7.91878
-17.665 -7.91878
-17.9695 -7.7665
-18.1218 -7.7665
-18.4264 -7.61421
-18.5787 -7.46193
-18.8832 -7.46193
-19.0355 -7.30964
-19.3401 -7.30964
-19.4924 -7.15736
-19.797 -7.15736
-19.9492 -7.00508
-20.2538 -7.00508
-20.4061 -6.85279
-20.5584 -6.85279
-20.8629 -6.70051
-21.0152 -6.70051
-21.3198 -6.54822
-21.4721 -6.54822
-21.6244 -6.39594
-21.9289 -6.24365
-22.0812 -6.24365
-22.2335 -6.09137
-22.5381 -5.93909
-22.6904 -5.93909
-22.8426 -5.7868
-22.9949 -5.63452
-23.2995 -5.63452
-23.4518 -5.48223
-23.6041 -5.32995
-23.7563 -5.17766
-23.9086 -5.02538
-24.2132 -4.8731
-24.3655 -4.72081
-24.5178 -4.56853
-24.6701 -4.41624
-24.8223 -4.26396
-24.9746 -4.11168
-25.1269 -3.95939
-25.2792 -3.80711
-25.4315 -3.65482
-25.5838 -3.50254
-25.736 -3.35025
-25.736 -3.19797
-25.8883 -3.04569
-26.0406 -2.74112
-26.1929 -2.58883
-26.3452 -2.43655
-26.4975 -2.28426
-26.4975 -2.13198
-26.6497 -1.9797
-26.802 -1.82741
-26.9543 -1.52284
-26.9543 -1.37056
-27.1066 -1.21827
-27.2589 -1.06599
-27.4112 -0.913706
-27.5635 -0.761421
-27.5635 -0.609137
-27.7157 -0.456853
-27.868 -0.152284
-28.0203 0
-28.1726 0.152284
-28.1726 0.304569
-28.3249 0.456853
-28.4772 0.609137
-28.6294 0.761421
-28.6294 1.06599
-28.7817 1.21827
-28.934 1.37056
-28.934 1.52284
-29.0863 1.82741
-29.2386 1.9797
-29.2386 2.13198
-29.3909 2.28426
-29.5431 2.58883
-29.5431 2.74112
-29.6954 2.8934
-29.6954 3.19797
-29.8477 3.35025
-29.8477 3.65482
-30 3.80711
-30 3.95939
-30 4.26396
-30.1523 4.41624
-30.1523 4.72081
-30.1523 4.8731
-30.1523 5.02538
-30.3046 5.32995
-30.3046 5.48223
-30.3046 5.7868
-30.3046 5.93909
-30.3046 6.24365
-30.3046 6.39594
-30.3046 6.70051
-30.3046 6.85279
-30.3046 7.15736
-30.3046 7.30964
-30.3046 7.61421
-30.3046 7.7665
-30.3046 8.07107
-30.3046 8.22335
-30.3046 8.52792
-30.1523 8.6802
-30.1523 8.98477
-30.1523 9.13706
-30.1523 9.44162
-30 9.59391
-30 9.89848
-30 10.0508
-29.8477 10.3553
-29.8477 10.5076
-29.6954 10.6599
-29.6954 10.9645
-29.5431 11.1168
-29.5431 11.4213
-29.3909 11.5736
-29.3909 11.8782
-29.2386 12.0305
-29.2386 12.1827
-29.0863 12.4873
-28.934 12.6396
-28.934 12.9442
-28.7817 13.0964
-28.6294 13.2487
-28.6294 13.5533
-28.4772 13.7056
-28.3249 14.0102
-28.1726 14.1624
-28.0203 14.3147
-28.0203 14.6193
-27.868 14.7716
-27.7157 14.9239
-27.5635 15.2284
-27.4112 15.3807
-27.2589 15.533
-27.1066 15.6853
-26.9543 15.9898
-26.802 16.1421
-26.6497 16.2944
-26.4975 16.4467
-26.3452 16.599
-26.1929 16.9036
-25.8883 17.0558
-25.736 17.2081
-25.5838 17.3604
-25.4315 17.5127
-25.2792 17.665
-24.9746 17.8173
-24.8223 17.9695
-24.6701 18.1218
-24.3655 18.2741
-24.2132 18.4264
-23.9086 18.5787
-23.7563 18.731
-23.6041 18.731
-23.2995 18.8832
-23.1472 19.0355
-22.8426 19.1878
-22.6904 19.1878
-22.3858 19.3401
-22.2335 19.3401
-21.9289 19.4924
-21.6244 19.4924
-21.4721 19.6447
-21.1675 19.6447
-21.0152 19.797
-20.7107 19.797
-20.4061 19.797
-20.2538 19.797
-19.9492 19.797
-19.6447 19.797
-19.4924 19.797
-19.1878 19.797
-19.0355 19.797
-18.731 19.797
-18.4264 19.797
-18.2741 19.797
-17.9695 19.6447
-17.665 19.6447
-17.5127 19.4924
-17.2081 19.4924
-17.0558 19.3401
-16.7513 19.3401
-16.599 19.1878
-16.2944 19.1878
-16.1421 19.0355
-15.8376 19.0355
-15.6853 18.8832
-15.3807 18.731
-15.2284 18.5787
-14.9239 18.5787
-14.7716 18.4264
-14.6193 18.2741
-14.3147 18.2741
-14.1624 18.1218
-14.0102 17.9695
-13.7056 17.9695
-13.5533 17.8173
-13.401 17.665
-13.2487 17.665
-12.9442 17.5127
-12.7919 17.3604
-12.6396 17.3604
-12.335 17.2081
-12.1827 17.0558
-12.0305 17.0558
-11.7259 16.9036
-11.5736 16.9036
-11.4213 16.7513
-11.1168 16.599
-10.9645 16.599
-10.8122 16.4467
-10.6599 16.4467
-10.3553 16.2944
-10.203 16.1421
-10.0508 16.1421
-9.74619 15.9898
-9.59391 15.8376
-9.44162 15.6853
-9.13706 15.6853
-8.98477 15.533
-8.83249 15.3807
-8.6802 15.2284
-8.37563 15.0761
-8.22335 15.0761
-8.07107 14.9239
-7.91878 14.7716
-7.61421 14.6193
-7.46193 14.467
-7.30964 14.3147
-7.15736 14.1624
-6.85279 14.0102
-6.70051 13.8579
-6.54822 13.7056
-6.39594 13.5533
-6.24365 13.401
-6.09137 13.2487
-5.93909 13.0964
-5.63452 12.7919
-5.48223 12.6396
-5.32995 12.4873
-5.17766 12.335
-5.02538 12.1827
-4.8731 11.8782
-4.72081 11.7259
-4.56853 11.5736
-4.41624 11.269
-4.26396 11.1168
-4.11168 10.9645
-3.95939 10.6599
-3.80711 10.5076
-3.65482 10.3553
-3.35025 10.0508
-3.19797 9.89848
-3.04569 9.59391
-2.8934 9.44162
-2.74112 9.13706
-2.58883 8.98477
-2.43655 8.6802
-2.28426 8.52792
-2.13198 8.22335
-1.82741 7.91878
-1.67513 7.7665
-1.52284 7.46193
-1.37056 7.15736
-1.06599 6.85279
-0.913706 6.70051
-0.761421 6.39594
-0.456853 6.09137
