0 4.72081
0.456853 4.41624
0.761421 4.11168
1.21827 3.80711
1.52284 3.50254
1.82741 3.19797
2.13198 2.74112
2.43655 2.43655
2.58883 2.13198
2.74112 1.67513
2.8934 1.37056
3.04569 0.913706
3.19797 0.609137
3.19797 0.304569
3.35025 -0.152284
3.35025 -0.456853
3.35025 -0.913706
3.35025 -1.21827
3.19797 -1.52284
3.19797 -1.9797
3.04569 -2.28426
2.8934 -2.58883
2.74112 -2.8934
2.58883 -3.19797
2.28426 -3.50254
2.13198 -3.80711
1.82741 -3.95939
1.52284 -4.26396
1.37056 -4.56853
1.06599 -4.72081
0.761421 -5.02538
0.304569 -5.17766
0 -5.32995
-0.304569 -5.48223
-0.609137 -5.63452
-0.913706 -5.7868
-1.37056 -5.93909
-1.67513 -6.09137
-1.9797 -6.24365
-2.43655 -6.39594
-2.74112 -6.39594
-3.19797 -6.54822
-3.50254 -6.70051
-3.80711 -6.70051
-4.11168 -6.85279
-4.56853 -6.85279
-4.8731 -7.00508
-5.17766 -7.00508
-5.48223 -7.00508
-5.7868 -7.15736
-6.09137 -7.15736
-6.39594 -7.30964
-6.70051 -7.30964
-6.85279 -7.46193
-7.15736 -7.46193
-7.46193 -7.61421
-7.7665 -7.61421
-7.91878 -7.7665
-8.22335 -7.91878
-8.52792 -7.91878
-8.6802 -8.07107
-8.98477 -8.07107
-9.28934 -8.22335
-9.44162 -8.22335
-9.74619 -8.37563
-9.89848 -8.37563
-10.203 -8.52792
-10.5076 -8.52792
-10.6599 -8.52792
-10.9645 -8.6802
-11.269 -8.6802
-11.4213 -8.6802
-11.7259 -8.6802
-11.8782 -8.6802
-12.1827 -8.83249
-12.4873 -8.83249
-12.6396 -8.83249
-12.9442 -8.83249
-13.2487 -8.6802
-13.401 -8.6802
-13.7056 -8.6802
-14.0102 -8.6802
-14.1624 -8.6802
-14.467 -8.52792
-14.6193 -8.52792
-14.9239 -8.52792
-15.0761 -8.37563
-15.3807 -8.37563
-15.533 -8.37563
-15.8376 -8.22335
-15.9898 -8.22335
-16.2944 -8.07107
-16.4467 -8.07107
-16.7513 -8.07107
-16.9036 -7.91878
-17.2081 -7.91878
-17.3604 -7.7665
-17.665 -7.7665
-17.8173 -7.7665
-17.9695 -7.61421
-18.2741 -7.61421
-18.4264 -7.61421
-18.731 -7.46193
-18.8832 -7.46193
-19.0355 -7.30964
-19.3401 -7.30964
-19.4924 -7.30964
-19.6447 -7.15736
-19.9492 -7.15736
-20.1015 -7.15736
-20.4061 -7.00508
-20.5584 -7.00508
-20.7107 -6.85279
-21.0152 -6.85279
-21.1675 -6.70051
-21.3198 -6.70051
-21.6244 -6.54822
-21.7766 -6.54822
-21.9289 -6.39594
-22.0812 -6.24365
-22.3858 -6.24365
-22.5381 -6.09137
-22.6904 -5.93909
-22.8426 -5.7868
-23.1472 -5.63452
-23.2995 -5.63452
-23.4518 -5.48223
-23.6041 -5.32995
-23.7563 -5.17766
-23.9086 -5.02538
-24.0609 -4.8731
-24.2132 -4.72081
-24.3655 -4.56853
-24.5178 -4.41624
-24.6701 -4.26396
-24.8223 -4.11168
-24.9746 -3.95939
-25.1269 -3.80711
-25.2792 -3.65482
-25.4315 -3.50254
-25.5838 -3.35025
-25.736 -3.04569
-25.8883 -2.8934
-26.0406 -2.74112
-26.0406 -2.58883
-26.1929 -2.43655
-26.3452 -2.28426
-26.4975 -2.13198
-26.6497 -1.82741
-26.802 -1.67513
-26.802 -1.52284
-26.9543 -1.37056
-27.1066 -1.21827
-27.2589 -0.913706
-27.2589 -0.761421
-27.4112 -0.609137
-27.5635 -0.456853
-27.7157 -0.152284
-27.7157 0
-27.868 0.152284
-28.0203 0.304569
-28.0203 0.609137
-28.1726 0.761421
-28.3249 0.913706
-28.3249 1.21827
-28.4772 1.37056
-28.4772 1.52284
-28.6294 1.82741
-28.6294 1.9797
-28.7817 2.28426
-28.7817 2.43655
-28.934 2.74112
-28.934 2.8934
-29.0863 3.04569
-29.0863 3.35025
-29.0863 3.50254
-29.2386 3.80711
-29.2386 3.95939
-29.2386 4.26396
-29.3909 4.41624
-29.3909 4.72081
-29.3909 4.8731
-29.3909 5.17766
-29.3909 5.32995
-29.3909 5.63452
-29.5431 5.93909
-29.5431 6.09137
-29.5431 6.39594
-29.5431 6.54822
-29.5431 6.85279
-29.3909 7.00508
-29.3909 7.30964
-29.3909 7.61421
-29.3909 7.7665
-29.3909 8.07107
-29.3909 8.22335
-29.2386 8.52792
-29.2386 8.6802
-29.2386 8.98477
-29.0863 9.13706
-29.0863 9.44162
-28.934 9.59391
-28.934 9.89848
-28.934 10.203
-28.7817 10.3553
-28.7817 10.6599
-28.6294 10.8122
-28.4772 11.1168
-28.4772 11.269
-28.3249 11.5736
-28.3249 11.7259
-28.1726 12.0305
-28.0203 12.1827
-28.0203 12.4873
-27.868 12.6396
-27.7157 12.9442
-27.5635 13.0964
-27.5635 13.401
-27.4112 13.5533
-27.2589 13.8579
-27.1066 14.0102
-27.1066 14.1624
-26.9543 14.467
-26.802 14.6193
-26.6497 14.9239
-26.4975 15.0761
-26.3452 15.3807
-26.1929 15.533
-26.0406 15.6853
-25.8883 15.9898
-25.736 16.1421
-25.5838 16.4467
-25.2792 16.599
-25.1269 16.7513
-24.9746 16.9036
-24.8223 17.0558
-24.5178 17.3604
-24.3655 17.5127
-24.2132 17.665
-23.9086 17.8173
-23.7563 17.9695
-23.4518 18.1218
-23.2995 18.2741
-22.9949 18.4264
-22.8426 18.4264
-22.5381 18.5787
-22.2335 18.731
-22.0812 18.731
-21.7766 18.8832
-21.4721 18.8832
-21.3198 19.0355
-21.0152 19.0355
-20.7107 19.1878
-20.5584 19.1878
-20.2538 19.1878
-19.9492 19.1878
-19.6447 19.3401
-19.4924 19.3401
-19.1878 19.3401
-18.8832 19.3401
-18.5787 19.3401
-18.4264 19.1878
-18.1218 19.1878
-17.8173 19.1878
-17.5127 19.1878
-17.3604 19.1878
-17.0558 19.0355
-16.7513 19.0355
-16.599 18.8832
-16.2944 18.8832
-15.9898 18.731
-15.8376 18.731
-15.533 18.5787
-15.3807 18.5787
-15.0761 18.4264
-14.9239 18.2741
-14.6193 18.2741
-14.467 18.1218
-14.1624 17.9695
-14.0102 17.9695
-13.7056 17.8173
-13.5533 17.665
-13.401 17.5127
-13.0964 17.5127
-12.9442 17.3604
-12.6396 17.2081
-12.4873 17.2081
-12.335 17.0558
-12.0305 16.9036
-11.8782 16.9036
-11.7259 16.7513
-11.4213 16.599
-11.269 16.599
-11.1168 16.4467
-10.8122 16.2944
-10.6599 16.2944
-10.5076 16.1421
-10.3553 15.9898
-10.0508 15.9898
-9.89848 15.8376
-9.74619 15.6853
-9.44162 15.6853
-9.28934 15.533
-9.13706 15.3807
-8.83249 15.3807
-8.6802 15.2284
-8.52792 15.0761
-8.22335 15.0761
-8.07107 14.9239
-7.91878 14.7716
-7.7665 14.6193
-7.61421 14.467
-7.30964 14.3147
-7.15736 14.1624
-7.00508 14.1624
-6.85279 14.0102
-6.70051 13.8579
-6.54822 13.7056
-6.24365 13.5533
-6.09137 13.401
-5.93909 13.0964
-5.7868 12.9442
-5.63452 12.7919
-5.48223 12.6396
-5.32995 12.4873
-5.17766 12.335
-5.02538 12.1827
-4.8731 12.0305
-4.72081 11.7259
-4.56853 11.5736
-4.41624 11.4213
-4.26396 11.269
-4.11168 11.1168
-3.95939 10.8122
-3.80711 10.6599
-3.65482 10.5076
-3.50254 10.3553
-3.35025 10.0508
-3.19797 9.89848
-3.04569 9.74619
-2.8934 9.44162
-2.74112 9.28934
-2.58883 9.13706
-2.43655 8.83249
-2.28426 8.6802
-2.13198 8.37563
-1.9797 8.22335
-1.82741 7.91878
-1.67513 7.7665
-1.52284 7.46193
-1.37056 7.30964
-1.21827 7.00508
-1.06599 6.85279
-0.913706 6.54822
-0.761421 6.24365
-0.609137 6.09137
-0.456853 5.7868
-0.304569 5.48223
-0.152284 5.32995
0 5.02538
