0.913706 3.50254
1.21827 3.19797
1.52284 3.04569
1.82741 2.74112
1.9797 2.43655
2.28426 2.13198
2.43655 1.67513
2.58883 1.37056
2.74112 1.06599
2.74112 0.761421
2.8934 0.456853
2.8934 0.152284
2.8934 -0.152284
3.04569 -0.456853
2.8934 -0.913706
2.8934 -1.21827
2.8934 -1.52284
2.74112 -1.82741
2.74112 -2.13198
2.58883 -2.43655
2.43655 -2.74112
2.28426 -2.8934
2.13198 -3.19797
1.9797 -3.50254
1.67513 -3.80711
1.52284 -3.95939
1.21827 -4.26396
1.06599 -4.41624
0.761421 -4.72081
0.456853 -4.8731
0.304569 -5.02538
0 -5.17766
-0.304569 -5.32995
-0.609137 -5.48223
-0.913706 -5.63452
-1.21827 -5.7868
-1.52284 -5.93909
-1.82741 -6.09137
-2.13198 -6.09137
-2.43655 -6.24365
-2.8934 -6.39594
-3.19797 -6.39594
-3.50254 -6.54822
-3.65482 -6.54822
-3.95939 -6.70051
-4.26396 -6.70051
-4.56853 -6.85279
-4.8731 -6.85279
-5.17766 -7.00508
-5.32995 -7.00508
-5.63452 -7.15736
-5.93909 -7.15736
-6.09137 -7.30964
-6.39594 -7.46193
-6.54822 -7.46193
-6.85279 -7.61421
-7.00508 -7.61421
-7.30964 -7.7665
-7.46193 -7.91878
-7.7665 -7.91878
-7.91878 -8.07107
-8.07107 -8.07107
-8.37563 -8.22335
-8.52792 -8.37563
-8.83249 -8.37563
-8.98477 -8.52792
-9.28934 -8.52792
-9.44162 -8.6802
-9.59391 -8.6802
-9.89848 -8.83249
-10.0508 -8.83249
-10.3553 -8.83249
-10.5076 -8.98477
-10.8122 -8.98477
-10.9645 -8.98477
-11.269 -8.98477
-11.4213 -8.98477
-11.7259 -8.98477
-11.8782 -8.98477
-12.1827 -8.98477
-12.335 -8.98477
-12.6396 -8.98477
-12.7919 -8.98477
-13.0964 -8.98477
-13.2487 -8.83249
-13.5533 -8.83249
-13.7056 -8.83249
-14.0102 -8.83249
-14.1624 -8.6802
-14.467 -8.6802
-14.6193 -8.6802
-14.7716 -8.6802
-15.0761 -8.52792
-15.2284 -8.52792
-15.3807 -8.52792
-15.6853 -8.37563
-15.8376 -8.37563
-15.9898 -8.37563
-16.2944 -8.22335
-16.4467 -8.22335
-16.7513 -8.22335
-16.9036 -8.22335
-17.0558 -8.07107
-17.3604 -8.07107
-17.5127 -8.07107
-17.665 -8.07107
-17.9695 -7.91878
-18.1218 -7.91878
-18.2741 -7.91878
-18.5787 -7.91878
-18.731 -7.7665
-18.8832 -7.7665
-19.1878 -7.7665
-19.3401 -7.61421
-19.4924 -7.61421
-19.797 -7.46193
-19.9492 -7.46193
-20.1015 -7.30964
-20.4061 -7.30964
-20.5584 -7.15736
-20.7107 -7.15736
-21.0152 -7.00508
-21.1675 -7.00508
-21.3198 -6.85279
-21.4721 -6.70051
-21.7766 -6.70051
-21.9289 -6.54822
-22.0812 -6.39594
-22.2335 -6.24365
-22.5381 -6.24365
-22.6904 -6.09137
-22.8426 -5.93909
-22.9949 -5.7868
-23.1472 -5.63452
-23.2995 -5.48223
-23.4518 -5.32995
-23.6041 -5.17766
-23.7563 -5.02538
-24.0609 -4.8731
-24.2132 -4.72081
-24.3655 -4.56853
-24.5178 -4.41624
-24.6701 -4.26396
-24.8223 -4.11168
-24.9746 -3.95939
-25.1269 -3.80711
-25.2792 -3.65482
-25.4315 -3.50254
-25.4315 -3.35025
-25.5838 -3.04569
-25.736 -2.8934
-25.8883 -2.74112
-26.0406 -2.58883
-26.1929 -2.43655
-26.3452 -2.13198
-26.4975 -1.9797
-26.4975 -1.82741
-26.6497 -1.52284
-26.802 -1.37056
-26.9543 -1.21827
-26.9543 -0.913706
-27.1066 -0.761421
-27.2589 -0.609137
-27.2589 -0.304569
-27.4112 -0.152284
-27.4112 0.152284
-27.5635 0.304569
-27.5635 0.456853
-27.7157 0.761421
-27.7157 0.913706
-27.868 1.21827
-27.868 1.37056
-27.868 1.67513
-27.868 1.82741
-28.0203 2.13198
-28.0203 2.43655
-28.0203 2.58883
-28.0203 2.8934
-28.0203 3.04569
-28.0203 3.35025
-28.0203 3.50254
-28.0203 3.80711
-28.0203 3.95939
-28.0203 4.26396
-28.0203 4.41624
-28.0203 4.72081
-28.0203 4.8731
-27.868 5.17766
-27.868 5.32995
-27.868 5.63452
-27.868 5.93909
-27.868 6.09137
-27.7157 6.39594
-27.7157 6.54822
-27.7157 6.85279
-27.5635 7.00508
-27.5635 7.30964
-27.5635 7.46193
-27.4112 7.7665
-27.4112 7.91878
-27.2589 8.22335
-27.2589 8.37563
-27.1066 8.52792
-27.1066 8.83249
-26.9543 8.98477
-26.9543 9.28934
-26.802 9.44162
-26.6497 9.74619
-26.6497 9.89848
-26.4975 10.203
-26.3452 10.3553
-26.3452 10.5076
-26.1929 10.8122
-26.0406 10.9645
-25.8883 11.1168
-25.736 11.4213
-25.5838 11.5736
-25.4315 11.7259
-25.4315 11.8782
-25.2792 12.1827
-25.1269 12.335
-24.8223 12.4873
-24.6701 12.6396
-24.5178 12.7919
-24.3655 12.9442
-24.2132 13.0964
-24.0609 13.401
-23.9086 13.5533
-23.7563 13.7056
-23.6041 13.8579
-23.2995 14.0102
-23.1472 14.1624
-22.9949 14.3147
-22.8426 14.467
-22.5381 14.6193
-22.3858 14.6193
-22.2335 14.7716
-22.0812 14.9239
-21.7766 15.0761
-21.6244 15.2284
-21.4721 15.3807
-21.3198 15.533
-21.0152 15.6853
-20.8629 15.8376
-20.7107 15.9898
-20.4061 15.9898
-20.2538 16.1421
-19.9492 16.2944
-19.797 16.4467
-19.6447 16.4467
-19.3401 16.599
-19.1878 16.7513
-18.8832 16.7513
-18.731 16.9036
-18.4264 17.0558
-18.2741 17.0558
-17.9695 17.2081
-17.8173 17.2081
-17.5127 17.2081
-17.2081 17.2081
-17.0558 17.3604
-16.7513 17.3604
-16.599 17.3604
-16.2944 17.3604
-15.9898 17.2081
-15.8376 17.2081
-15.533 17.2081
-15.3807 17.0558
-15.0761 17.0558
-14.7716 16.9036
-14.6193 16.9036
-14.3147 16.7513
-14.1624 16.599
-13.8579 16.599
-13.7056 16.4467
-13.5533 16.2944
-13.2487 16.1421
-13.0964 16.1421
-12.7919 15.9898
-12.6396 15.8376
-12.4873 15.6853
-12.335 15.533
-12.0305 15.533
-11.8782 15.3807
-11.7259 15.2284
-11.4213 15.2284
-11.269 15.0761
-11.1168 14.9239
-10.9645 14.9239
-10.6599 14.9239
-10.5076 14.7716
-10.3553 14.7716
-10.0508 14.7716
-9.89848 14.6193
-9.59391 14.6193
-9.44162 14.6193
-9.28934 14.6193
-8.98477 14.6193
-8.83249 14.467
-8.52792 14.467
-8.22335 14.467
-8.07107 14.467
-7.7665 14.3147
-7.61421 14.3147
-7.30964 14.3147
-7.15736 14.1624
-6.85279 14.1624
-6.70051 14.0102
-6.39594 14.0102
-6.24365 13.8579
-5.93909 13.7056
-5.7868 13.7056
-5.63452 13.5533
-5.48223 13.401
-5.17766 13.2487
-5.02538 13.0964
-4.8731 12.9442
-4.72081 12.6396
-4.56853 12.4873
-4.56853 12.335
-4.41624 12.1827
-4.26396 11.8782
-4.11168 11.7259
-3.95939 11.5736
-3.95939 11.269
-3.80711 11.1168
-3.65482 10.8122
-3.65482 10.6599
-3.50254 10.5076
-3.50254 10.203
-3.35025 10.0508
-3.19797 9.89848
-3.19797 9.59391
-3.04569 9.44162
-2.8934 9.28934
-2.74112 8.98477
-2.74112 8.83249
-2.58883 8.6802
-2.43655 8.52792
-2.28426 8.22335
-2.13198 8.07107
-1.9797 7.91878
-1.82741 7.7665
-1.52284 7.46193
-1.37056 7.30964
-1.21827 7.15736
-1.06599 6.85279
-0.913706 6.70051
-0.761421 6.54822
-0.609137 6.24365
-0.456853 6.09137
-0.304569 5.7868
-0.152284 5.63452
0 5.32995
0.152284 5.02538
0.304569 4.8731
0.456853 4.56853
0.609137 4.26396
0.609137 4.11168
0.761421 3.80711
