6.39594 1.9797
6.54822 1.67513
6.54822 1.37056
6.54822 1.06599
6.70051 0.761421
6.70051 0.456853
6.54822 0
6.54822 -0.304569
6.54822 -0.609137
6.39594 -0.913706
6.39594 -1.21827
6.24365 -1.52284
6.09137 -1.82741
5.93909 -2.13198
5.7868 -2.43655
5.63452 -2.74112
5.48223 -3.04569
5.32995 -3.35025
5.17766 -3.50254
4.8731 -3.80711
4.72081 -4.11168
4.41624 -4.26396
4.26396 -4.56853
3.95939 -4.72081
3.65482 -5.02538
3.50254 -5.17766
3.19797 -5.48223
2.8934 -5.63452
2.74112 -5.7868
2.43655 -6.09137
2.13198 -6.24365
1.82741 -6.39594
1.52284 -6.54822
1.37056 -6.70051
1.06599 -6.85279
0.761421 -7.00508
0.456853 -7.15736
0.152284 -7.30964
0 -7.46193
-0.304569 -7.46193
-0.609137 -7.61421
-0.913706 -7.7665
-1.06599 -7.91878
-1.37056 -8.07107
-1.67513 -8.07107
-1.82741 -8.22335
-2.13198 -8.37563
-2.28426 -8.52792
-2.58883 -8.52792
-2.8934 -8.6802
-3.04569 -8.83249
-3.19797 -8.98477
-3.50254 -8.98477
-3.65482 -9.13706
-3.95939 -9.28934
-4.11168 -9.44162
-4.41624 -9.44162
-4.56853 -9.59391
-4.72081 -9.74619
-5.02538 -9.89848
-5.17766 -9.89848
-5.48223 -10.0508
-5.63452 -10.203
-5.7868 -10.3553
-6.09137 -10.3553
-6.24365 -10.5076
-6.54822 -10.6599
-6.70051 -10.6599
-7.00508 -10.8122
-7.15736 -10.8122
-7.46193 -10.9645
-7.61421 -10.9645
-7.91878 -11.1168
-8.07107 -11.1168
-8.37563 -11.1168
-8.52792 -11.269
-8.83249 -11.269
-9.13706 -11.269
-9.28934 -11.269
-9.59391 -11.269
-9.74619 -11.269
-10.0508 -11.269
-10.203 -11.269
-10.5076 -11.269
-10.8122 -11.269
-10.9645 -11.269
-11.269 -11.269
-11.4213 -11.1168
-11.7259 -11.1168
-11.8782 -11.1168
-12.1827 -11.1168
-12.335 -11.1168
-12.6396 -10.9645
-12.7919 -10.9645
-13.0964 -10.9645
-13.2487 -10.9645
-13.5533 -10.9645
-13.7056 -10.8122
-14.0102 -10.8122
-14.1624 -10.8122
-14.467 -10.8122
-14.6193 -10.8122
-14.9239 -10.8122
-15.0761 -10.6599
-15.3807 -10.6599
-15.533 -10.6599
-15.8376 -10.6599
-15.9898 -10.6599
-16.2944 -10.6599
-16.4467 -10.5076
-16.7513 -10.5076
-16.9036 -10.5076
-17.2081 -10.5076
-17.5127 -10.5076
-17.665 -10.3553
-17.9695 -10.3553
-18.1218 -10.3553
-18.4264 -10.203
-18.731 -10.203
-18.8832 -10.203
-19.1878 -10.0508
-19.3401 -10.0508
-19.6447 -9.89848
-19.9492 -9.89848
-20.1015 -9.74619
-20.4061 -9.74619
-20.7107 -9.59391
-20.8629 -9.59391
-21.1675 -9.44162
-21.3198 -9.28934
-21.6244 -9.28934
-21.9289 -9.13706
-22.0812 -8.98477
-22.3858 -8.83249
-22.5381 -8.83249
-22.8426 -8.6802
-22.9949 -8.52792
-23.2995 -8.37563
-23.4518 -8.22335
-23.7563 -8.07107
-23.9086 -7.91878
-24.2132 -7.61421
-24.3655 -7.46193
-24.5178 -7.30964
-24.8223 -7.15736
-24.9746 -7.00508
-25.1269 -6.70051
-25.4315 -6.54822
-25.5838 -6.39594
-25.736 -6.09137
-25.8883 -5.93909
-26.0406 -5.63452
-26.1929 -5.48223
-26.3452 -5.17766
-26.4975 -5.02538
-26.6497 -4.72081
-26.802 -4.56853
-26.9543 -4.26396
-27.1066 -3.95939
-27.2589 -3.80711
-27.2589 -3.50254
-27.4112 -3.19797
-27.5635 -2.8934
-27.5635 -2.74112
-27.7157 -2.43655
-27.868 -2.13198
-27.868 -1.82741
-27.868 -1.67513
-28.0203 -1.37056
-28.0203 -1.06599
-28.0203 -0.761421
-28.1726 -0.456853
-28.1726 -0.152284
-28.1726 0
-28.1726 0.304569
-28.1726 0.609137
-28.1726 0.913706
-28.1726 1.21827
-28.1726 1.52284
-28.1726 1.82741
-28.1726 1.9797
-28.1726 2.28426
-28.1726 2.58883
-28.1726 2.8934
-28.0203 3.19797
-28.0203 3.50254
-28.0203 3.65482
-27.868 3.95939
-27.868 4.26396
-27.868 4.56853
-27.7157 4.8731
-27.7157 5.02538
-27.7157 5.32995
-27.5635 5.63452
-27.5635 5.93909
-27.4112 6.09137
-27.4112 6.39594
-27.2589 6.70051
-27.2589 7.00508
-27.1066 7.15736
-26.9543 7.46193
-26.9543 7.7665
-26.802 7.91878
-26.6497 8.22335
-26.6497 8.52792
-26.4975 8.6802
-26.3452 8.98477
-26.1929 9.28934
-26.0406 9.44162
-25.8883 9.74619
-25.8883 9.89848
-25.736 10.203
-25.5838 10.3553
-25.4315 10.6599
-25.2792 10.8122
-24.9746 11.1168
-24.8223 11.269
-24.6701 11.5736
-24.5178 11.7259
-24.3655 11.8782
-24.2132 12.1827
-23.9086 12.335
-23.7563 12.4873
-23.6041 12.6396
-23.2995 12.7919
-23.1472 12.9442
-22.8426 13.0964
-22.6904 13.401
-22.3858 13.401
-22.2335 13.5533
-21.9289 13.7056
-21.7766 13.8579
-21.4721 14.0102
-21.3198 14.1624
-21.0152 14.1624
-20.7107 14.3147
-20.5584 14.467
-20.2538 14.467
-19.9492 14.6193
-19.797 14.6193
-19.4924 14.7716
-19.1878 14.7716
-18.8832 14.7716
-18.731 14.9239
-18.4264 14.9239
-18.1218 14.9239
-17.8173 14.9239
-17.665 14.9239
-17.3604 14.9239
-17.0558 14.9239
-16.9036 14.9239
-16.599 14.9239
-16.2944 14.9239
-16.1421 14.9239
-15.8376 14.9239
-15.533 14.9239
-15.3807 14.7716
-15.0761 14.7716
-14.9239 14.7716
-14.6193 14.7716
-14.3147 14.7716
-14.1624 14.6193
-13.8579 14.6193
-13.7056 14.6193
-13.401 14.6193
-13.2487 14.6193
-12.9442 14.467
-12.7919 14.467
-12.6396 14.467
-12.335 14.467
-12.1827 14.467
-11.8782 14.467
-11.7259 14.3147
-11.5736 14.3147
-11.269 14.3147
-11.1168 14.3147
-10.8122 14.3147
-10.6599 14.3147
-10.3553 14.3147
-10.203 14.1624
-10.0508 14.1624
-9.74619 14.1624
-9.59391 14.1624
-9.28934 14.1624
-9.13706 14.0102
-8.98477 14.0102
-8.6802 14.0102
-8.52792 14.0102
-8.22335 13.8579
-8.07107 13.8579
-7.91878 13.8579
-7.61421 13.7056
-7.46193 13.7056
-7.15736 13.7056
-7.00508 13.5533
-6.85279 13.5533
-6.54822 13.401
-6.39594 13.401
-6.09137 13.2487
-5.93909 13.2487
-5.7868 13.0964
-5.48223 13.0964
-5.32995 12.9442
-5.02538 12.9442
-4.8731 12.7919
-4.72081 12.7919
-4.41624 12.6396
-4.26396 12.4873
-3.95939 12.4873
-3.80711 12.335
-3.50254 12.1827
-3.35025 12.1827
-3.19797 12.0305
-2.8934 12.0305
-2.74112 11.8782
-2.43655 11.7259
-2.28426 11.5736
-1.9797 11.5736
-1.82741 11.4213
-1.52284 11.269
-1.21827 11.1168
-1.06599 10.9645
-0.761421 10.9645
-0.609137 10.8122
-0.304569 10.6599
-0.152284 10.5076
0.152284 10.3553
0.304569 10.203
0.609137 10.0508
0.761421 9.89848
1.06599 9.59391
1.21827 9.44162
1.52284 9.28934
1.67513 9.13706
1.9797 8.98477
2.13198 8.6802
2.43655 8.52792
2.58883 8.37563
2.8934 8.07107
3.04569 7.91878
3.19797 7.61421
3.50254 7.46193
3.65482 7.15736
3.80711 7.00508
4.11168 6.70051
4.26396 6.39594
4.41624 6.24365
4.56853 5.93909
4.72081 5.63452
5.02538 5.32995
5.17766 5.02538
5.32995 4.8731
5.48223 4.56853
5.63452 4.26396
5.7868 3.95939
5.93909 3.65482
5.93909 3.35025
6.09137 3.04569
6.24365 2.74112
6.39594 2.43655
