0.152284 4.41624
0.609137 4.11168
1.06599 3.80711
1.37056 3.50254
1.82741 3.19797
2.13198 2.8934
2.43655 2.58883
2.58883 2.13198
2.8934 1.82741
3.04569 1.52284
3.19797 1.06599
3.35025 0.761421
3.35025 0.304569
3.50254 0
3.50254 -0.304569
3.50254 -0.761421
3.50254 -1.06599
3.50254 -1.37056
3.35025 -1.82741
3.35025 -2.13198
3.19797 -2.43655
3.04569 -2.74112
2.8934 -3.04569
2.74112 -3.35025
2.43655 -3.65482
2.28426 -3.95939
1.9797 -4.11168
1.67513 -4.41624
1.37056 -4.56853
1.06599 -4.8731
0.761421 -5.02538
0.456853 -5.17766
0.152284 -5.48223
-0.152284 -5.63452
-0.609137 -5.7868
-0.913706 -5.93909
-1.21827 -5.93909
-1.67513 -6.09137
-1.9797 -6.24365
-2.28426 -6.39594
-2.74112 -6.39594
-3.04569 -6.54822
-3.35025 -6.54822
-3.65482 -6.70051
-4.11168 -6.70051
-4.41624 -6.85279
-4.72081 -6.85279
-5.02538 -6.85279
-5.32995 -7.00508
-5.63452 -7.00508
-5.93909 -7.15736
-6.24365 -7.15736
-6.39594 -7.30964
-6.70051 -7.30964
-7.00508 -7.46193
-7.15736 -7.61421
-7.46193 -7.61421
-7.7665 -7.7665
-7.91878 -7.7665
-8.22335 -7.91878
-8.37563 -8.07107
-8.6802 -8.07107
-8.83249 -8.22335
-9.13706 -8.22335
-9.28934 -8.37563
-9.59391 -8.37563
-9.74619 -8.52792
-10.0508 -8.6802
-10.3553 -8.6802
-10.5076 -8.6802
-10.8122 -8.83249
-10.9645 -8.83249
-11.269 -8.83249
-11.4213 -8.98477
-11.7259 -8.98477
-12.0305 -8.98477
-12.1827 -8.98477
-12.4873 -8.98477
-12.7919 -8.98477
-12.9442 -8.98477
-13.2487 -8.98477
-13.401 -8.98477
-13.7056 -8.98477
-14.0102 -8.98477
-14.1624 -8.83249
-14.467 -8.83249
-14.6193 -8.83249
-14.9239 -8.83249
-15.0761 -8.6802
-15.3807 -8.6802
-15.533 -8.6802
-15.8376 -8.52792
-15.9898 -8.52792
-16.2944 -8.37563
-16.4467 -8.37563
-16.7513 -8.37563
-16.9036 -8.22335
-17.0558 -8.22335
-17.3604 -8.22335
-17.5127 -8.07107
-17.8173 -8.07107
-17.9695 -7.91878
-18.2741 -7.91878
-18.4264 -7.91878
-18.5787 -7.7665
-18.8832 -7.7665
-19.0355 -7.61421
-19.1878 -7.61421
-19.4924 -7.61421
-19.6447 -7.46193
-19.9492 -7.46193
-20.1015 -7.30964
-20.2538 -7.30964
-20.5584 -7.15736
-20.7107 -7.15736
-20.8629 -7.00508
-21.1675 -7.00508
-21.3198 -6.85279
-21.4721 -6.70051
-21.7766 -6.70051
-21.9289 -6.54822
-22.0812 -6.39594
-22.2335 -6.24365
-22.5381 -6.24365
-22.6904 -6.09137
-22.8426 -5.93909
-22.9949 -5.7868
-23.1472 -5.63452
-23.2995 -5.48223
-23.6041 -5.48223
-23.7563 -5.32995
-23.9086 -5.17766
-24.0609 -5.02538
-24.2132 -4.8731
-24.3655 -4.72081
-24.5178 -4.56853
-24.6701 -4.41624
-24.8223 -4.26396
-24.9746 -3.95939
-25.1269 -3.80711
-25.2792 -3.65482
-25.4315 -3.50254
-25.5838 -3.35025
-25.5838 -3.19797
-25.736 -3.04569
-25.8883 -2.8934
-26.0406 -2.58883
-26.1929 -2.43655
-26.3452 -2.28426
-26.4975 -2.13198
-26.4975 -1.9797
-26.6497 -1.67513
-26.802 -1.52284
-26.9543 -1.37056
-26.9543 -1.21827
-27.1066 -0.913706
-27.2589 -0.761421
-27.4112 -0.609137
-27.4112 -0.456853
-27.5635 -0.152284
-27.7157 0
-27.7157 0.152284
-27.868 0.456853
-28.0203 0.609137
-28.0203 0.913706
-28.1726 1.06599
-28.1726 1.21827
-28.3249 1.52284
-28.3249 1.67513
-28.4772 1.9797
-28.6294 2.13198
-28.6294 2.28426
-28.7817 2.58883
-28.7817 2.74112
-28.7817 3.04569
-28.934 3.19797
-28.934 3.50254
-29.0863 3.65482
-29.0863 3.95939
-29.0863 4.11168
-29.2386 4.41624
-29.2386 4.72081
-29.2386 4.8731
-29.2386 5.17766
-29.2386 5.32995
-29.3909 5.63452
-29.3909 5.7868
-29.3909 6.09137
-29.3909 6.39594
-29.3909 6.54822
-29.3909 6.85279
-29.3909 7.15736
-29.2386 7.30964
-29.2386 7.61421
-29.2386 7.7665
-29.2386 8.07107
-29.0863 8.37563
-29.0863 8.52792
-29.0863 8.83249
-28.934 8.98477
-28.934 9.28934
-28.7817 9.44162
-28.7817 9.74619
-28.6294 9.89848
-28.6294 10.203
-28.4772 10.3553
-28.3249 10.6599
-28.3249 10.9645
-28.1726 11.1168
-28.0203 11.4213
-28.0203 11.5736
-27.868 11.8782
-27.7157 12.0305
-27.7157 12.1827
-27.5635 12.4873
-27.4112 12.6396
-27.2589 12.9442
-27.2589 13.0964
-27.1066 13.401
-26.9543 13.5533
-26.802 13.8579
-26.6497 14.0102
-26.4975 14.3147
-26.4975 14.467
-26.3452 14.7716
-26.1929 14.9239
-26.0406 15.2284
-25.8883 15.3807
-25.736 15.6853
-25.5838 15.8376
-25.4315 15.9898
-25.1269 16.2944
-24.9746 16.4467
-24.8223 16.599
-24.6701 16.9036
-24.3655 17.0558
-24.2132 17.2081
-24.0609 17.3604
-23.7563 17.5127
-23.6041 17.665
-23.2995 17.8173
-23.1472 17.9695
-22.8426 18.1218
-22.6904 18.2741
-22.3858 18.4264
-22.0812 18.4264
-21.9289 18.5787
-21.6244 18.5787
-21.3198 18.731
-21.1675 18.731
-20.8629 18.8832
-20.5584 18.8832
-20.2538 18.8832
-20.1015 19.0355
-19.797 19.0355
-19.4924 19.0355
-19.1878 19.0355
-18.8832 19.0355
-18.731 19.0355
-18.4264 19.0355
-18.1218 19.0355
-17.8173 18.8832
-17.665 18.8832
-17.3604 18.8832
-17.0558 18.731
-16.9036 18.731
-16.599 18.731
-16.2944 18.5787
-16.1421 18.5787
-15.8376 18.4264
-15.533 18.4264
-15.3807 18.2741
-15.0761 18.2741
-14.9239 18.1218
-14.6193 17.9695
-14.467 17.9695
-14.1624 17.8173
-14.0102 17.665
-13.7056 17.665
-13.5533 17.5127
-13.2487 17.3604
-13.0964 17.3604
-12.7919 17.2081
-12.6396 17.0558
-12.4873 17.0558
-12.1827 16.9036
-12.0305 16.7513
-11.8782 16.7513
-11.5736 16.599
-11.4213 16.4467
-11.269 16.4467
-10.9645 16.2944
-10.8122 16.1421
-10.6599 16.1421
-10.3553 15.9898
-10.203 15.8376
-10.0508 15.8376
-9.74619 15.6853
-9.59391 15.6853
-9.44162 15.533
-9.28934 15.3807
-8.98477 15.3807
-8.83249 15.2284
-8.6802 15.0761
-8.37563 15.0761
-8.22335 14.9239
-8.07107 14.7716
-7.91878 14.6193
-7.61421 14.6193
-7.46193 14.467
-7.30964 14.3147
-7.15736 14.1624
-6.85279 14.0102
-6.70051 13.8579
-6.54822 13.7056
-6.39594 13.5533
-6.24365 13.401
-6.09137 13.2487
-5.93909 13.0964
-5.63452 12.9442
-5.48223 12.7919
-5.32995 12.6396
-5.17766 12.4873
-5.02538 12.335
-4.8731 12.1827
-4.72081 12.0305
-4.56853 11.8782
-4.41624 11.5736
-4.26396 11.4213
-4.11168 11.269
-3.95939 11.1168
-3.80711 10.9645
-3.80711 10.6599
-3.65482 10.5076
-3.50254 10.3553
-3.35025 10.203
-3.19797 9.89848
-3.04569 9.74619
-2.8934 9.59391
-2.74112 9.28934
-2.58883 9.13706
-2.43655 8.98477
-2.28426 8.6802
-2.13198 8.52792
-1.9797 8.37563
-1.82741 8.07107
-1.67513 7.91878
-1.52284 7.61421
-1.37056 7.46193
-1.21827 7.15736
-1.21827 7.00508
-1.06599 6.70051
-0.913706 6.54822
-0.761421 6.24365
-0.609137 5.93909
-0.456853 5.7868
-0.304569 5.48223
-0.152284 5.17766
0 5.02538
0.152284 4.72081
