0 4.72081
0.456853 4.41624
0.913706 4.11168
1.37056 3.80711
1.67513 3.50254
1.9797 3.04569
2.28426 2.74112
2.58883 2.43655
2.8934 1.9797
3.04569 1.67513
3.19797 1.37056
3.35025 0.913706
3.50254 0.609137
3.50254 0.152284
3.50254 -0.152284
3.50254 -0.456853
3.50254 -0.913706
3.50254 -1.21827
3.50254 -1.52284
3.35025 -1.9797
3.19797 -2.28426
3.04569 -2.58883
2.8934 -2.8934
2.74112 -3.19797
2.43655 -3.50254
2.28426 -3.80711
1.9797 -4.11168
1.82741 -4.26396
1.52284 -4.56853
1.21827 -4.72081
0.913706 -5.02538
0.609137 -5.17766
0.304569 -5.32995
-0.152284 -5.48223
-0.456853 -5.7868
-0.761421 -5.93909
-1.21827 -5.93909
-1.52284 -6.09137
-1.82741 -6.24365
-2.13198 -6.39594
-2.58883 -6.54822
-2.8934 -6.54822
-3.19797 -6.70051
-3.65482 -6.70051
-3.95939 -6.85279
-4.26396 -6.85279
-4.56853 -7.00508
-4.8731 -7.00508
-5.17766 -7.15736
-5.48223 -7.15736
-5.7868 -7.30964
-6.09137 -7.30964
-6.39594 -7.30964
-6.70051 -7.46193
-7.00508 -7.46193
-7.30964 -7.61421
-7.46193 -7.61421
-7.7665 -7.7665
-8.07107 -7.7665
-8.22335 -7.91878
-8.52792 -7.91878
-8.83249 -8.07107
-8.98477 -8.07107
-9.28934 -8.22335
-9.59391 -8.22335
-9.74619 -8.37563
-10.0508 -8.37563
-10.203 -8.52792
-10.5076 -8.52792
-10.8122 -8.52792
-10.9645 -8.6802
-11.269 -8.6802
-11.4213 -8.6802
-11.7259 -8.6802
-12.0305 -8.83249
-12.1827 -8.83249
-12.4873 -8.83249
-12.7919 -8.83249
-12.9442 -8.83249
-13.2487 -8.83249
-13.401 -8.83249
-13.7056 -8.83249
-14.0102 -8.83249
-14.1624 -8.83249
-14.467 -8.6802
-14.6193 -8.6802
-14.9239 -8.6802
-15.0761 -8.6802
-15.3807 -8.6802
-15.6853 -8.52792
-15.8376 -8.52792
-16.1421 -8.52792
-16.2944 -8.37563
-16.599 -8.37563
-16.7513 -8.37563
-17.0558 -8.22335
-17.2081 -8.22335
-17.3604 -8.22335
-17.665 -8.07107
-17.8173 -8.07107
-18.1218 -7.91878
-18.2741 -7.91878
-18.5787 -7.91878
-18.731 -7.7665
-18.8832 -7.7665
-19.1878 -7.61421
-19.3401 -7.61421
-19.6447 -7.46193
-19.797 -7.46193
-19.9492 -7.30964
-20.2538 -7.30964
-20.4061 -7.15736
-20.5584 -7.15736
-20.8629 -7.00508
-21.0152 -6.85279
-21.1675 -6.85279
-21.4721 -6.70051
-21.6244 -6.54822
-21.7766 -6.54822
-21.9289 -6.39594
-22.2335 -6.24365
-22.3858 -6.24365
-22.5381 -6.09137
-22.6904 -5.93909
-22.9949 -5.7868
-23.1472 -5.63452
-23.2995 -5.63452
-23.4518 -5.48223
-23.6041 -5.32995
-23.7563 -5.17766
-23.9086 -5.02538
-24.0609 -4.8731
-24.3655 -4.72081
-24.5178 -4.56853
-24.6701 -4.41624
-24.8223 -4.26396
-24.9746 -4.11168
-25.1269 -3.95939
-25.2792 -3.80711
-25.4315 -3.65482
-25.4315 -3.50254
-25.5838 -3.19797
-25.736 -3.04569
-25.8883 -2.8934
-26.0406 -2.74112
-26.1929 -2.58883
-26.3452 -2.43655
-26.3452 -2.13198
-26.4975 -1.9797
-26.6497 -1.82741
-26.802 -1.67513
-26.802 -1.37056
-26.9543 -1.21827
-27.1066 -1.06599
-27.1066 -0.913706
-27.2589 -0.609137
-27.4112 -0.456853
-27.4112 -0.304569
-27.5635 0
-27.5635 0.152284
-27.7157 0.304569
-27.7157 0.609137
-27.868 0.761421
-27.868 0.913706
-28.0203 1.21827
-28.0203 1.37056
-28.1726 1.67513
-28.1726 1.82741
-28.3249 1.9797
-28.3249 2.28426
-28.3249 2.43655
-28.4772 2.74112
-28.4772 2.8934
-28.4772 3.04569
-28.6294 3.35025
-28.6294 3.50254
-28.6294 3.80711
-28.6294 3.95939
-28.6294 4.26396
-28.7817 4.41624
-28.7817 4.72081
-28.7817 4.8731
-28.7817 5.17766
-28.7817 5.32995
-28.7817 5.63452
-28.7817 5.7868
-28.7817 6.09137
-28.7817 6.24365
-28.7817 6.54822
-28.7817 6.70051
-28.7817 7.00508
-28.6294 7.15736
-28.6294 7.46193
-28.6294 7.61421
-28.6294 7.91878
-28.4772 8.07107
-28.4772 8.22335
-28.4772 8.52792
-28.3249 8.6802
-28.3249 8.98477
-28.3249 9.13706
-28.1726 9.44162
-28.1726 9.59391
-28.0203 9.89848
-28.0203 10.0508
-27.868 10.203
-27.7157 10.5076
-27.7157 10.6599
-27.5635 10.9645
-27.5635 11.1168
-27.4112 11.269
-27.2589 11.5736
-27.1066 11.7259
-27.1066 11.8782
-26.9543 12.1827
-26.802 12.335
-26.6497 12.4873
-26.4975 12.7919
-26.3452 12.9442
-26.3452 13.0964
-26.1929 13.2487
-26.0406 13.5533
-25.8883 13.7056
-25.736 13.8579
-25.5838 14.0102
-25.4315 14.1624
-25.2792 14.3147
-25.1269 14.6193
-24.8223 14.7716
-24.6701 14.9239
-24.5178 15.0761
-24.3655 15.2284
-24.2132 15.3807
-24.0609 15.533
-23.9086 15.6853
-23.6041 15.8376
-23.4518 15.9898
-23.2995 16.1421
-23.1472 16.2944
-22.8426 16.4467
-22.6904 16.599
-22.5381 16.7513
-22.3858 16.9036
-22.0812 16.9036
-21.9289 17.0558
-21.7766 17.2081
-21.4721 17.3604
-21.3198 17.5127
-21.0152 17.5127
-20.8629 17.665
-20.5584 17.8173
-20.4061 17.9695
-20.2538 17.9695
-19.9492 18.1218
-19.6447 18.1218
-19.4924 18.2741
-19.1878 18.2741
-19.0355 18.4264
-18.731 18.4264
-18.5787 18.4264
-18.2741 18.5787
-18.1218 18.5787
-17.8173 18.5787
-17.5127 18.5787
-17.3604 18.5787
-17.0558 18.5787
-16.7513 18.5787
-16.599 18.5787
-16.2944 18.5787
-16.1421 18.5787
-15.8376 18.5787
-15.533 18.4264
-15.3807 18.4264
-15.0761 18.4264
-14.9239 18.2741
-14.6193 18.2741
-14.467 18.1218
-14.1624 18.1218
-14.0102 17.9695
-13.7056 17.9695
-13.5533 17.8173
-13.2487 17.665
-13.0964 17.665
-12.9442 17.5127
-12.6396 17.5127
-12.4873 17.3604
-12.1827 17.2081
-12.0305 17.2081
-11.8782 17.0558
-11.5736 17.0558
-11.4213 16.9036
-11.269 16.7513
-10.9645 16.7513
-10.8122 16.599
-10.5076 16.4467
-10.3553 16.4467
-10.203 16.2944
-9.89848 16.1421
-9.74619 16.1421
-9.59391 15.9898
-9.28934 15.8376
-9.13706 15.8376
-8.98477 15.6853
-8.83249 15.533
-8.52792 15.533
-8.37563 15.3807
-8.22335 15.2284
-7.91878 15.0761
-7.7665 14.9239
-7.61421 14.7716
-7.46193 14.7716
-7.30964 14.6193
-7.00508 14.467
-6.85279 14.3147
-6.70051 14.1624
-6.54822 14.0102
-6.39594 13.8579
-6.24365 13.7056
-6.09137 13.5533
-5.93909 13.2487
-5.7868 13.0964
-5.63452 12.9442
-5.48223 12.7919
-5.32995 12.6396
-5.17766 12.4873
-5.02538 12.335
-4.8731 12.0305
-4.72081 11.8782
-4.56853 11.7259
-4.41624 11.5736
-4.26396 11.4213
-4.11168 11.1168
-3.95939 10.9645
-3.80711 10.8122
-3.65482 10.6599
-3.50254 10.3553
-3.50254 10.203
-3.35025 10.0508
-3.19797 9.74619
-3.04569 9.59391
-2.8934 9.44162
-2.74112 9.13706
-2.58883 8.98477
-2.43655 8.83249
-2.28426 8.52792
-2.13198 8.37563
-1.9797 8.07107
-1.82741 7.91878
-1.67513 7.7665
-1.52284 7.46193
-1.37056 7.30964
-1.21827 7.00508
-1.06599 6.70051
-0.913706 6.54822
-0.761421 6.24365
-0.609137 5.93909
-0.456853 5.7868
-0.304569 5.48223
-0.152284 5.17766
0 5.02538
