0.304569 4.41624
0.609137 4.11168
1.06599 3.80711
1.52284 3.50254
1.82741 3.19797
2.13198 2.74112
2.43655 2.43655
2.74112 2.13198
2.8934 1.82741
3.04569 1.37056
3.19797 1.06599
3.35025 0.609137
3.50254 0.304569
3.50254 0
3.65482 -0.456853
3.65482 -0.761421
3.65482 -1.06599
3.50254 -1.52284
3.50254 -1.82741
3.35025 -2.13198
3.19797 -2.43655
3.04569 -2.8934
2.8934 -3.19797
2.74112 -3.50254
2.58883 -3.65482
2.28426 -3.95939
2.13198 -4.26396
1.82741 -4.56853
1.52284 -4.72081
1.21827 -5.02538
0.913706 -5.17766
0.609137 -5.32995
0.152284 -5.48223
-0.152284 -5.63452
-0.456853 -5.7868
-0.761421 -5.93909
-1.21827 -6.09137
-1.52284 -6.24365
-1.9797 -6.39594
-2.28426 -6.39594
-2.58883 -6.54822
-3.04569 -6.54822
-3.35025 -6.70051
-3.65482 -6.70051
-3.95939 -6.85279
-4.41624 -6.85279
-4.72081 -7.00508
-5.02538 -7.00508
-5.32995 -7.15736
-5.63452 -7.15736
-5.93909 -7.15736
-6.24365 -7.30964
-6.39594 -7.30964
-6.70051 -7.46193
-7.00508 -7.46193
-7.15736 -7.61421
-7.46193 -7.7665
-7.7665 -7.7665
-7.91878 -7.91878
-8.22335 -7.91878
-8.37563 -8.07107
-8.6802 -8.07107
-8.98477 -8.22335
-9.13706 -8.37563
-9.44162 -8.37563
-9.59391 -8.52792
-9.89848 -8.52792
-10.0508 -8.6802
-10.3553 -8.6802
-10.5076 -8.83249
-10.8122 -8.83249
-11.1168 -8.83249
-11.269 -8.98477
-11.5736 -8.98477
-11.7259 -8.98477
-12.0305 -8.98477
-12.335 -8.98477
-12.4873 -8.98477
-12.7919 -8.98477
-12.9442 -8.98477
-13.2487 -8.98477
-13.5533 -8.98477
-13.7056 -8.98477
-14.0102 -8.98477
-14.1624 -8.98477
-14.467 -8.83249
-14.6193 -8.83249
-14.9239 -8.83249
-15.2284 -8.6802
-15.3807 -8.6802
-15.6853 -8.6802
-15.8376 -8.52792
-16.1421 -8.52792
-16.2944 -8.52792
-16.4467 -8.37563
-16.7513 -8.37563
-16.9036 -8.37563
-17.2081 -8.22335
-17.3604 -8.22335
-17.665 -8.07107
-17.8173 -8.07107
-17.9695 -8.07107
-18.2741 -7.91878
-18.4264 -7.91878
-18.731 -7.7665
-18.8832 -7.7665
-19.0355 -7.7665
-19.3401 -7.61421
-19.4924 -7.61421
-19.6447 -7.46193
-19.9492 -7.46193
-20.1015 -7.30964
-20.2538 -7.30964
-20.5584 -7.15736
-20.7107 -7.15736
-20.8629 -7.00508
-21.1675 -6.85279
-21.3198 -6.85279
-21.4721 -6.70051
-21.7766 -6.70051
-21.9289 -6.54822
-22.0812 -6.39594
-22.2335 -6.24365
-22.3858 -6.24365
-22.6904 -6.09137
-22.8426 -5.93909
-22.9949 -5.7868
-23.1472 -5.63452
-23.2995 -5.48223
-23.4518 -5.32995
-23.6041 -5.17766
-23.7563 -5.02538
-24.0609 -4.8731
-24.2132 -4.72081
-24.3655 -4.56853
-24.5178 -4.41624
-24.6701 -4.26396
-24.8223 -4.11168
-24.8223 -3.95939
-24.9746 -3.80711
-25.1269 -3.65482
-25.2792 -3.50254
-25.4315 -3.35025
-25.5838 -3.19797
-25.736 -3.04569
-25.8883 -2.74112
-26.0406 -2.58883
-26.0406 -2.43655
-26.1929 -2.28426
-26.3452 -2.13198
-26.4975 -1.9797
-26.6497 -1.67513
-26.802 -1.52284
-26.802 -1.37056
-26.9543 -1.21827
-27.1066 -0.913706
-27.1066 -0.761421
-27.2589 -0.609137
-27.4112 -0.456853
-27.5635 -0.152284
-27.5635 0
-27.7157 0.152284
-27.7157 0.456853
-27.868 0.609137
-27.868 0.761421
-28.0203 1.06599
-28.1726 1.21827
-28.1726 1.52284
-28.1726 1.67513
-28.3249 1.82741
-28.3249 2.13198
-28.4772 2.28426
-28.4772 2.58883
-28.4772 2.74112
-28.4772 3.04569
-28.6294 3.19797
-28.6294 3.50254
-28.6294 3.65482
-28.6294 3.95939
-28.6294 4.11168
-28.6294 4.41624
-28.7817 4.56853
-28.7817 4.8731
-28.7817 5.02538
-28.7817 5.32995
-28.7817 5.48223
-28.7817 5.7868
-28.7817 5.93909
-28.6294 6.24365
-28.6294 6.39594
-28.6294 6.70051
-28.6294 6.85279
-28.6294 7.15736
-28.6294 7.30964
-28.4772 7.61421
-28.4772 7.7665
-28.4772 8.07107
-28.4772 8.22335
-28.3249 8.52792
-28.3249 8.6802
-28.1726 8.98477
-28.1726 9.13706
-28.1726 9.44162
-28.0203 9.59391
-28.0203 9.89848
-27.868 10.0508
-27.868 10.3553
-27.7157 10.5076
-27.5635 10.8122
-27.5635 10.9645
-27.4112 11.1168
-27.2589 11.4213
-27.2589 11.5736
-27.1066 11.8782
-26.9543 12.0305
-26.802 12.1827
-26.802 12.4873
-26.6497 12.6396
-26.4975 12.7919
-26.3452 13.0964
-26.1929 13.2487
-26.0406 13.401
-25.8883 13.5533
-25.736 13.8579
-25.5838 14.0102
-25.4315 14.1624
-25.2792 14.3147
-25.1269 14.467
-24.9746 14.6193
-24.6701 14.7716
-24.5178 15.0761
-24.3655 15.2284
-24.2132 15.3807
-24.0609 15.533
-23.7563 15.6853
-23.6041 15.8376
-23.4518 15.9898
-23.2995 16.1421
-22.9949 16.2944
-22.8426 16.4467
-22.6904 16.599
-22.5381 16.7513
-22.2335 16.9036
-22.0812 17.0558
-21.7766 17.2081
-21.6244 17.2081
-21.4721 17.3604
-21.1675 17.5127
-21.0152 17.665
-20.7107 17.8173
-20.5584 17.9695
-20.2538 17.9695
-20.1015 18.1218
-19.797 18.2741
-19.6447 18.2741
-19.3401 18.4264
-19.1878 18.4264
-18.8832 18.5787
-18.5787 18.5787
-18.4264 18.5787
-18.1218 18.5787
-17.8173 18.5787
-17.665 18.5787
-17.3604 18.5787
-17.0558 18.5787
-16.9036 18.5787
-16.599 18.5787
-16.2944 18.4264
-16.1421 18.4264
-15.8376 18.2741
-15.6853 18.2741
-15.3807 18.1218
-15.0761 17.9695
-14.9239 17.9695
-14.6193 17.8173
-14.467 17.665
-14.1624 17.5127
-14.0102 17.5127
-13.8579 17.3604
-13.5533 17.2081
-13.401 17.0558
-13.2487 16.9036
-12.9442 16.7513
-12.7919 16.7513
-12.6396 16.599
-12.335 16.4467
-12.1827 16.2944
-12.0305 16.2944
-11.7259 16.1421
-11.5736 16.1421
-11.4213 15.9898
-11.1168 15.9898
-10.9645 15.8376
-10.8122 15.8376
-10.5076 15.6853
-10.3553 15.6853
-10.203 15.6853
-9.89848 15.533
-9.74619 15.533
-9.44162 15.533
-9.28934 15.3807
-8.98477 15.3807
-8.83249 15.2284
-8.52792 15.2284
-8.37563 15.0761
-8.07107 15.0761
-7.91878 14.9239
-7.61421 14.9239
-7.46193 14.7716
-7.30964 14.6193
-7.00508 14.6193
-6.85279 14.467
-6.70051 14.3147
-6.39594 14.1624
-6.24365 14.0102
-6.09137 13.8579
-5.93909 13.7056
-5.7868 13.5533
-5.63452 13.401
-5.48223 13.2487
-5.32995 13.0964
-5.17766 12.7919
-5.02538 12.6396
-4.8731 12.4873
-4.72081 12.335
-4.56853 12.0305
-4.41624 11.8782
-4.41624 11.7259
-4.26396 11.4213
-4.11168 11.269
-3.95939 11.1168
-3.80711 10.9645
-3.65482 10.6599
-3.65482 10.5076
-3.50254 10.3553
-3.35025 10.0508
-3.19797 9.89848
-3.04569 9.74619
-2.8934 9.44162
-2.74112 9.28934
-2.58883 9.13706
-2.43655 8.83249
-2.28426 8.6802
-2.13198 8.52792
-1.9797 8.22335
-1.82741 8.07107
-1.67513 7.7665
-1.52284 7.61421
-1.37056 7.46193
-1.21827 7.15736
-1.06599 7.00508
-0.913706 6.70051
-0.761421 6.39594
-0.609137 6.24365
-0.456853 5.93909
-0.304569 5.63452
-0.152284 5.48223
0 5.17766
0.152284 4.8731
0.152284 4.56853
