-0.152284 5.17766
0.152284 4.8731
0.456853 4.56853
0.609137 4.26396
0.913706 3.95939
1.21827 3.65482
1.37056 3.19797
1.67513 2.8934
1.82741 2.58883
1.9797 2.13198
2.13198 1.82741
2.28426 1.37056
2.43655 1.06599
2.58883 0.609137
2.74112 0.304569
2.74112 -0.152284
2.8934 -0.456853
2.8934 -0.913706
2.8934 -1.21827
2.8934 -1.67513
2.74112 -1.9797
2.74112 -2.28426
2.58883 -2.74112
2.43655 -3.04569
2.28426 -3.35025
2.13198 -3.65482
1.82741 -3.95939
1.67513 -4.26396
1.37056 -4.56853
1.06599 -4.8731
0.761421 -5.02538
0.456853 -5.32995
0.152284 -5.48223
-0.152284 -5.63452
-0.609137 -5.93909
-0.913706 -6.09137
-1.37056 -6.24365
-1.67513 -6.39594
-2.13198 -6.39594
-2.43655 -6.54822
-2.8934 -6.70051
-3.19797 -6.70051
-3.65482 -6.85279
-3.95939 -7.00508
-4.26396 -7.00508
-4.72081 -7.15736
-5.02538 -7.15736
-5.32995 -7.30964
-5.63452 -7.30964
-6.09137 -7.30964
-6.39594 -7.46193
-6.70051 -7.61421
-7.00508 -7.61421
-7.15736 -7.7665
-7.46193 -7.7665
-7.7665 -7.91878
-8.07107 -8.07107
-8.37563 -8.07107
-8.52792 -8.22335
-8.83249 -8.37563
-9.13706 -8.37563
-9.44162 -8.52792
-9.59391 -8.52792
-9.89848 -8.6802
-10.203 -8.83249
-10.3553 -8.83249
-10.6599 -8.98477
-10.9645 -8.98477
-11.1168 -9.13706
-11.4213 -9.13706
-11.7259 -9.13706
-12.0305 -9.28934
-12.1827 -9.28934
-12.4873 -9.28934
-12.7919 -9.28934
-13.0964 -9.28934
-13.401 -9.28934
-13.5533 -9.28934
-13.8579 -9.28934
-14.1624 -9.28934
-14.467 -9.28934
-14.6193 -9.13706
-14.9239 -9.13706
-15.2284 -9.13706
-15.533 -8.98477
-15.6853 -8.98477
-15.9898 -8.83249
-16.2944 -8.83249
-16.4467 -8.6802
-16.7513 -8.6802
-16.9036 -8.52792
-17.2081 -8.37563
-17.3604 -8.37563
-17.665 -8.22335
-17.8173 -8.07107
-18.1218 -8.07107
-18.2741 -7.91878
-18.5787 -7.91878
-18.731 -7.7665
-19.0355 -7.61421
-19.1878 -7.61421
-19.4924 -7.46193
-19.6447 -7.46193
-19.797 -7.30964
-20.1015 -7.15736
-20.2538 -7.15736
-20.4061 -7.00508
-20.7107 -6.85279
-20.8629 -6.85279
-21.0152 -6.70051
-21.3198 -6.70051
-21.4721 -6.54822
-21.6244 -6.39594
-21.7766 -6.39594
-22.0812 -6.24365
-22.2335 -6.09137
-22.3858 -5.93909
-22.5381 -5.93909
-22.8426 -5.7868
-22.9949 -5.63452
-23.1472 -5.48223
-23.2995 -5.48223
-23.4518 -5.32995
-23.7563 -5.17766
-23.9086 -5.02538
-24.0609 -4.8731
-24.2132 -4.72081
-24.3655 -4.56853
-24.5178 -4.56853
-24.6701 -4.41624
-24.8223 -4.26396
-24.9746 -4.11168
-25.1269 -3.95939
-25.2792 -3.80711
-25.4315 -3.65482
-25.5838 -3.50254
-25.736 -3.35025
-25.8883 -3.19797
-26.0406 -3.04569
-26.1929 -2.8934
-26.3452 -2.74112
-26.4975 -2.58883
-26.6497 -2.43655
-26.802 -2.13198
-26.9543 -1.9797
-27.1066 -1.82741
-27.1066 -1.67513
-27.2589 -1.52284
-27.4112 -1.37056
-27.5635 -1.21827
-27.7157 -1.06599
-27.868 -0.761421
-27.868 -0.609137
-28.0203 -0.456853
-28.1726 -0.304569
-28.3249 -0.152284
-28.4772 0.152284
-28.4772 0.304569
-28.6294 0.456853
-28.7817 0.609137
-28.7817 0.913706
-28.934 1.06599
-29.0863 1.21827
-29.0863 1.52284
-29.2386 1.67513
-29.2386 1.82741
-29.3909 2.13198
-29.3909 2.28426
-29.5431 2.58883
-29.5431 2.74112
-29.6954 2.8934
-29.6954 3.19797
-29.6954 3.35025
-29.8477 3.65482
-29.8477 3.80711
-29.8477 4.11168
-30 4.26396
-30 4.56853
-30 4.72081
-30 5.02538
-30 5.17766
-30.1523 5.48223
-30.1523 5.63452
-30.1523 5.93909
-30.1523 6.09137
-30.1523 6.39594
-30.1523 6.54822
-30.1523 6.85279
-30.1523 7.00508
-30.1523 7.30964
-30 7.46193
-30 7.7665
-30 7.91878
-30 8.22335
-30 8.37563
-29.8477 8.6802
-29.8477 8.83249
-29.8477 9.13706
-29.6954 9.28934
-29.6954 9.59391
-29.6954 9.74619
-29.5431 10.0508
-29.5431 10.203
-29.3909 10.5076
-29.3909 10.6599
-29.3909 10.9645
-29.2386 11.1168
-29.0863 11.4213
-29.0863 11.5736
-28.934 11.8782
-28.934 12.0305
-28.7817 12.335
-28.6294 12.4873
-28.6294 12.7919
-28.4772 12.9442
-28.3249 13.0964
-28.1726 13.401
-28.1726 13.5533
-28.0203 13.8579
-27.868 14.0102
-27.7157 14.1624
-27.5635 14.467
-27.4112 14.6193
-27.2589 14.7716
-27.1066 15.0761
-26.9543 15.2284
-26.802 15.3807
-26.6497 15.533
-26.4975 15.8376
-26.3452 15.9898
-26.1929 16.1421
-26.0406 16.2944
-25.736 16.4467
-25.5838 16.599
-25.4315 16.9036
-25.2792 17.0558
-24.9746 17.2081
-24.8223 17.3604
-24.6701 17.5127
-24.3655 17.665
-24.2132 17.8173
-24.0609 17.9695
-23.7563 18.1218
-23.6041 18.1218
-23.2995 18.2741
-23.1472 18.4264
-22.8426 18.5787
-22.6904 18.731
-22.3858 18.731
-22.2335 18.8832
-21.9289 19.0355
-21.7766 19.0355
-21.4721 19.1878
-21.3198 19.1878
-21.0152 19.3401
-20.7107 19.3401
-20.5584 19.3401
-20.2538 19.4924
-19.9492 19.4924
-19.797 19.4924
-19.4924 19.4924
-19.1878 19.4924
-19.0355 19.4924
-18.731 19.4924
-18.4264 19.4924
-18.2741 19.4924
-17.9695 19.4924
-17.665 19.4924
-17.5127 19.3401
-17.2081 19.3401
-16.9036 19.1878
-16.7513 19.1878
-16.4467 19.0355
-16.2944 19.0355
-15.9898 18.8832
-15.8376 18.8832
-15.533 18.731
-15.2284 18.731
-15.0761 18.5787
-14.9239 18.4264
-14.6193 18.4264
-14.467 18.2741
-14.1624 18.1218
-14.0102 17.9695
-13.7056 17.9695
-13.5533 17.8173
-13.401 17.665
-13.0964 17.665
-12.9442 17.5127
-12.7919 17.3604
-12.4873 17.3604
-12.335 17.2081
-12.1827 17.2081
-11.8782 17.0558
-11.7259 16.9036
-11.5736 16.9036
-11.269 16.7513
-11.1168 16.7513
-10.8122 16.599
-10.6599 16.4467
-10.5076 16.4467
-10.203 16.2944
-10.0508 16.2944
-9.89848 16.1421
-9.59391 15.9898
-9.44162 15.9898
-9.28934 15.8376
-8.98477 15.6853
-8.83249 15.533
-8.6802 15.533
-8.37563 15.3807
-8.22335 15.2284
-8.07107 15.0761
-7.91878 14.9239
-7.61421 14.7716
-7.46193 14.6193
-7.30964 14.467
-7.15736 14.3147
-7.00508 14.1624
-6.70051 14.0102
-6.54822 13.8579
-6.39594 13.7056
-6.24365 13.5533
-6.09137 13.401
-5.93909 13.2487
-5.7868 13.0964
-5.63452 12.7919
-5.48223 12.6396
-5.32995 12.4873
-5.17766 12.335
-5.02538 12.1827
-4.72081 11.8782
-4.56853 11.7259
-4.41624 11.5736
-4.26396 11.4213
-4.11168 11.1168
-3.95939 10.9645
-3.80711 10.8122
-3.65482 10.5076
-3.50254 10.3553
-3.35025 10.203
-3.19797 9.89848
-3.04569 9.74619
-2.8934 9.44162
-2.74112 9.28934
-2.58883 8.98477
-2.43655 8.83249
-2.28426 8.52792
-2.13198 8.37563
-1.82741 8.07107
-1.67513 7.91878
-1.52284 7.61421
-1.37056 7.30964
-1.21827 7.15736
-1.06599 6.85279
-0.913706 6.54822
-0.761421 6.39594
-0.456853 6.09137
-0.304569 5.7868
-0.152284 5.48223
