0.152284 4.56853
0.456853 4.41624
0.913706 4.11168
1.21827 3.80711
1.52284 3.35025
1.82741 3.04569
1.9797 2.74112
2.28426 2.43655
2.43655 1.9797
2.74112 1.67513
2.8934 1.37056
3.04569 0.913706
3.04569 0.609137
3.19797 0.304569
3.19797 -0.152284
3.19797 -0.456853
3.19797 -0.761421
3.19797 -1.21827
3.19797 -1.52284
3.04569 -1.82741
3.04569 -2.28426
2.8934 -2.58883
2.74112 -2.8934
2.58883 -3.19797
2.43655 -3.50254
2.13198 -3.80711
1.9797 -3.95939
1.67513 -4.26396
1.37056 -4.56853
1.06599 -4.72081
0.913706 -5.02538
0.609137 -5.17766
0.152284 -5.32995
-0.152284 -5.63452
-0.456853 -5.7868
-0.761421 -5.93909
-1.06599 -6.09137
-1.52284 -6.09137
-1.82741 -6.24365
-2.13198 -6.39594
-2.58883 -6.54822
-2.8934 -6.54822
-3.19797 -6.70051
-3.65482 -6.70051
-3.95939 -6.85279
-4.26396 -6.85279
-4.56853 -7.00508
-4.8731 -7.00508
-5.17766 -7.15736
-5.48223 -7.15736
-5.7868 -7.30964
-6.09137 -7.30964
-6.39594 -7.46193
-6.70051 -7.46193
-6.85279 -7.61421
-7.15736 -7.61421
-7.46193 -7.7665
-7.7665 -7.7665
-7.91878 -7.91878
-8.22335 -7.91878
-8.52792 -8.07107
-8.6802 -8.07107
-8.98477 -8.22335
-9.28934 -8.22335
-9.44162 -8.37563
-9.74619 -8.37563
-9.89848 -8.52792
-10.203 -8.52792
-10.5076 -8.6802
-10.6599 -8.6802
-10.9645 -8.6802
-11.1168 -8.83249
-11.4213 -8.83249
-11.7259 -8.83249
-11.8782 -8.83249
-12.1827 -8.83249
-12.4873 -8.83249
-12.6396 -8.83249
-12.9442 -8.83249
-13.0964 -8.83249
-13.401 -8.83249
-13.7056 -8.83249
-13.8579 -8.83249
-14.1624 -8.83249
-14.3147 -8.83249
-14.6193 -8.6802
-14.9239 -8.6802
-15.0761 -8.6802
-15.3807 -8.6802
-15.533 -8.52792
-15.8376 -8.52792
-15.9898 -8.52792
-16.2944 -8.37563
-16.4467 -8.37563
-16.7513 -8.37563
-16.9036 -8.22335
-17.2081 -8.22335
-17.3604 -8.22335
-17.5127 -8.07107
-17.8173 -8.07107
-17.9695 -7.91878
-18.2741 -7.91878
-18.4264 -7.91878
-18.731 -7.7665
-18.8832 -7.7665
-19.0355 -7.61421
-19.3401 -7.61421
-19.4924 -7.61421
-19.797 -7.46193
-19.9492 -7.46193
-20.1015 -7.30964
-20.4061 -7.30964
-20.5584 -7.15736
-20.7107 -7.00508
-21.0152 -7.00508
-21.1675 -6.85279
-21.3198 -6.85279
-21.6244 -6.70051
-21.7766 -6.54822
-21.9289 -6.54822
-22.0812 -6.39594
-22.3858 -6.24365
-22.5381 -6.09137
-22.6904 -6.09137
-22.8426 -5.93909
-22.9949 -5.7868
-23.2995 -5.63452
-23.4518 -5.48223
-23.6041 -5.32995
-23.7563 -5.17766
-23.9086 -5.02538
-24.0609 -4.8731
-24.2132 -4.72081
-24.3655 -4.56853
-24.5178 -4.41624
-24.6701 -4.26396
-24.8223 -4.11168
-24.9746 -3.95939
-25.1269 -3.80711
-25.2792 -3.65482
-25.4315 -3.50254
-25.5838 -3.35025
-25.736 -3.19797
-25.8883 -2.8934
-26.0406 -2.74112
-26.1929 -2.58883
-26.1929 -2.43655
-26.3452 -2.28426
-26.4975 -2.13198
-26.6497 -1.82741
-26.802 -1.67513
-26.802 -1.52284
-26.9543 -1.37056
-27.1066 -1.06599
-27.2589 -0.913706
-27.2589 -0.761421
-27.4112 -0.609137
-27.5635 -0.304569
-27.5635 -0.152284
-27.7157 0
-27.868 0.304569
-27.868 0.456853
-28.0203 0.609137
-28.0203 0.913706
-28.1726 1.06599
-28.1726 1.37056
-28.3249 1.52284
-28.3249 1.67513
-28.4772 1.9797
-28.4772 2.13198
-28.4772 2.43655
-28.6294 2.58883
-28.6294 2.8934
-28.7817 3.04569
-28.7817 3.19797
-28.7817 3.50254
-28.7817 3.65482
-28.934 3.95939
-28.934 4.11168
-28.934 4.41624
-28.934 4.56853
-28.934 4.8731
-28.934 5.02538
-28.934 5.32995
-28.934 5.48223
-28.934 5.7868
-28.934 5.93909
-28.934 6.24365
-28.934 6.54822
-28.934 6.70051
-28.934 7.00508
-28.934 7.15736
-28.934 7.46193
-28.7817 7.61421
-28.7817 7.91878
-28.7817 8.07107
-28.7817 8.37563
-28.6294 8.52792
-28.6294 8.83249
-28.6294 8.98477
-28.4772 9.28934
-28.4772 9.44162
-28.3249 9.74619
-28.3249 9.89848
-28.1726 10.203
-28.1726 10.3553
-28.0203 10.6599
-28.0203 10.8122
-27.868 11.1168
-27.7157 11.269
-27.7157 11.4213
-27.5635 11.7259
-27.4112 11.8782
-27.4112 12.1827
-27.2589 12.335
-27.1066 12.4873
-26.9543 12.7919
-26.802 12.9442
-26.802 13.0964
-26.6497 13.401
-26.4975 13.5533
-26.3452 13.7056
-26.1929 14.0102
-26.0406 14.1624
-25.8883 14.3147
-25.736 14.6193
-25.5838 14.7716
-25.4315 14.9239
-25.2792 15.0761
-25.1269 15.2284
-24.8223 15.533
-24.6701 15.6853
-24.5178 15.8376
-24.3655 15.9898
-24.2132 16.1421
-23.9086 16.2944
-23.7563 16.4467
-23.6041 16.599
-23.4518 16.7513
-23.1472 16.9036
-22.9949 17.0558
-22.8426 17.2081
-22.5381 17.3604
-22.3858 17.5127
-22.0812 17.665
-21.9289 17.8173
-21.7766 17.8173
-21.4721 17.9695
-21.3198 18.1218
-21.0152 18.2741
-20.7107 18.2741
-20.5584 18.4264
-20.2538 18.5787
-20.1015 18.5787
-19.797 18.731
-19.6447 18.731
-19.3401 18.731
-19.0355 18.8832
-18.8832 18.8832
-18.5787 18.8832
-18.2741 18.8832
-18.1218 19.0355
-17.8173 19.0355
-17.5127 19.0355
-17.3604 19.0355
-17.0558 19.0355
-16.7513 18.8832
-16.599 18.8832
-16.2944 18.8832
-15.9898 18.8832
-15.8376 18.731
-15.533 18.731
-15.3807 18.5787
-15.0761 18.5787
-14.7716 18.4264
-14.6193 18.4264
-14.3147 18.2741
-14.1624 18.2741
-13.8579 18.1218
-13.7056 17.9695
-13.401 17.9695
-13.2487 17.8173
-12.9442 17.665
-12.7919 17.665
-12.6396 17.5127
-12.335 17.3604
-12.1827 17.2081
-12.0305 17.2081
-11.7259 17.0558
-11.5736 16.9036
-11.269 16.9036
-11.1168 16.7513
-10.9645 16.599
-10.6599 16.599
-10.5076 16.4467
-10.3553 16.2944
-10.203 16.2944
-9.89848 16.1421
-9.74619 15.9898
-9.59391 15.9898
-9.28934 15.8376
-9.13706 15.6853
-8.98477 15.533
-8.6802 15.533
-8.52792 15.3807
-8.37563 15.2284
-8.22335 15.0761
-7.91878 14.9239
-7.7665 14.9239
-7.61421 14.7716
-7.46193 14.6193
-7.30964 14.467
-7.15736 14.3147
-6.85279 14.1624
-6.70051 14.0102
-6.54822 13.8579
-6.39594 13.7056
-6.24365 13.5533
-6.09137 13.401
-5.93909 13.0964
-5.7868 12.9442
-5.63452 12.7919
-5.48223 12.6396
-5.32995 12.4873
-5.17766 12.335
-5.17766 12.1827
-5.02538 11.8782
-4.8731 11.7259
-4.72081 11.5736
-4.56853 11.4213
-4.41624 11.269
-4.26396 10.9645
-4.11168 10.8122
-3.95939 10.6599
-3.80711 10.5076
-3.65482 10.3553
-3.50254 10.0508
-3.35025 9.89848
-3.19797 9.74619
-3.04569 9.59391
-2.8934 9.28934
-2.58883 9.13706
-2.43655 8.98477
-2.28426 8.6802
-2.13198 8.52792
-1.9797 8.37563
-1.82741 8.07107
-1.67513 7.91878
-1.37056 7.61421
-1.21827 7.46193
-1.06599 7.15736
-0.913706 7.00508
-0.761421 6.70051
-0.609137 6.54822
-0.456853 6.24365
-0.456853 5.93909
-0.304569 5.7868
-0.152284 5.48223
0 5.17766
0 4.8731
