0.152284 4.41624
0.609137 4.26396
1.06599 3.95939
1.37056 3.50254
1.67513 3.19797
1.9797 2.8934
2.28426 2.58883
2.58883 2.28426
2.74112 1.82741
2.8934 1.52284
3.19797 1.21827
3.19797 0.761421
3.35025 0.456853
3.35025 0
3.50254 -0.304569
3.50254 -0.609137
3.50254 -1.06599
3.50254 -1.37056
3.35025 -1.67513
3.35025 -2.13198
3.19797 -2.43655
3.04569 -2.74112
2.8934 -3.04569
2.74112 -3.35025
2.43655 -3.65482
2.28426 -3.95939
1.9797 -4.26396
1.67513 -4.41624
1.52284 -4.72081
1.21827 -4.8731
0.913706 -5.17766
0.456853 -5.32995
0.152284 -5.48223
-0.152284 -5.63452
-0.456853 -5.7868
-0.913706 -5.93909
-1.21827 -6.09137
-1.52284 -6.24365
-1.9797 -6.39594
-2.28426 -6.39594
-2.58883 -6.54822
-3.04569 -6.70051
-3.35025 -6.70051
-3.65482 -6.85279
-3.95939 -6.85279
-4.41624 -6.85279
-4.72081 -7.00508
-5.02538 -7.00508
-5.32995 -7.15736
-5.63452 -7.15736
-5.93909 -7.30964
-6.24365 -7.30964
-6.54822 -7.46193
-6.70051 -7.46193
-7.00508 -7.61421
-7.30964 -7.61421
-7.61421 -7.7665
-7.7665 -7.7665
-8.07107 -7.91878
-8.22335 -7.91878
-8.52792 -8.07107
-8.83249 -8.07107
-8.98477 -8.22335
-9.28934 -8.22335
-9.44162 -8.37563
-9.74619 -8.37563
-10.0508 -8.52792
-10.203 -8.52792
-10.5076 -8.6802
-10.6599 -8.6802
-10.9645 -8.83249
-11.269 -8.83249
-11.4213 -8.83249
-11.7259 -8.83249
-11.8782 -8.83249
-12.1827 -8.98477
-12.4873 -8.98477
-12.6396 -8.98477
-12.9442 -8.98477
-13.0964 -8.98477
-13.401 -8.98477
-13.7056 -8.83249
-13.8579 -8.83249
-14.1624 -8.83249
-14.3147 -8.83249
-14.6193 -8.83249
-14.7716 -8.6802
-15.0761 -8.6802
-15.3807 -8.6802
-15.533 -8.52792
-15.8376 -8.52792
-15.9898 -8.52792
-16.2944 -8.37563
-16.4467 -8.37563
-16.599 -8.37563
-16.9036 -8.22335
-17.0558 -8.22335
-17.3604 -8.07107
-17.5127 -8.07107
-17.8173 -8.07107
-17.9695 -7.91878
-18.1218 -7.91878
-18.4264 -7.91878
-18.5787 -7.7665
-18.8832 -7.7665
-19.0355 -7.61421
-19.1878 -7.61421
-19.4924 -7.46193
-19.6447 -7.46193
-19.797 -7.30964
-20.1015 -7.30964
-20.2538 -7.15736
-20.4061 -7.15736
-20.7107 -7.00508
-20.8629 -7.00508
-21.0152 -6.85279
-21.3198 -6.85279
-21.4721 -6.70051
-21.6244 -6.54822
-21.9289 -6.54822
-22.0812 -6.39594
-22.2335 -6.24365
-22.3858 -6.24365
-22.5381 -6.09137
-22.8426 -5.93909
-22.9949 -5.7868
-23.1472 -5.63452
-23.2995 -5.63452
-23.4518 -5.48223
-23.6041 -5.32995
-23.9086 -5.17766
-24.0609 -5.02538
-24.2132 -4.8731
-24.3655 -4.72081
-24.5178 -4.56853
-24.6701 -4.41624
-24.8223 -4.26396
-24.9746 -4.11168
-25.1269 -3.95939
-25.2792 -3.80711
-25.4315 -3.65482
-25.5838 -3.35025
-25.5838 -3.19797
-25.736 -3.04569
-25.8883 -2.8934
-26.0406 -2.74112
-26.1929 -2.58883
-26.3452 -2.43655
-26.3452 -2.13198
-26.4975 -1.9797
-26.6497 -1.82741
-26.802 -1.67513
-26.802 -1.37056
-26.9543 -1.21827
-27.1066 -1.06599
-27.2589 -0.913706
-27.2589 -0.609137
-27.4112 -0.456853
-27.4112 -0.304569
-27.5635 0
-27.7157 0.152284
-27.7157 0.304569
-27.868 0.609137
-27.868 0.761421
-28.0203 0.913706
-28.0203 1.21827
-28.1726 1.37056
-28.1726 1.67513
-28.1726 1.82741
-28.3249 1.9797
-28.3249 2.28426
-28.4772 2.43655
-28.4772 2.74112
-28.4772 2.8934
-28.6294 3.19797
-28.6294 3.35025
-28.6294 3.50254
-28.6294 3.80711
-28.7817 3.95939
-28.7817 4.26396
-28.7817 4.41624
-28.7817 4.72081
-28.7817 4.8731
-28.7817 5.17766
-28.7817 5.32995
-28.7817 5.63452
-28.7817 5.7868
-28.7817 6.09137
-28.7817 6.24365
-28.7817 6.54822
-28.7817 6.70051
-28.7817 7.00508
-28.7817 7.15736
-28.6294 7.46193
-28.6294 7.7665
-28.6294 7.91878
-28.6294 8.22335
-28.4772 8.37563
-28.4772 8.6802
-28.4772 8.83249
-28.3249 8.98477
-28.3249 9.28934
-28.1726 9.44162
-28.1726 9.74619
-28.0203 9.89848
-28.0203 10.203
-27.868 10.3553
-27.868 10.6599
-27.7157 10.8122
-27.5635 11.1168
-27.5635 11.269
-27.4112 11.4213
-27.2589 11.7259
-27.2589 11.8782
-27.1066 12.1827
-26.9543 12.335
-26.802 12.4873
-26.802 12.7919
-26.6497 12.9442
-26.4975 13.0964
-26.3452 13.401
-26.1929 13.5533
-26.0406 13.7056
-25.8883 14.0102
-25.736 14.1624
-25.5838 14.3147
-25.4315 14.6193
-25.2792 14.7716
-25.1269 14.9239
-24.9746 15.0761
-24.8223 15.2284
-24.6701 15.533
-24.5178 15.6853
-24.3655 15.8376
-24.0609 15.9898
-23.9086 16.1421
-23.7563 16.2944
-23.6041 16.4467
-23.2995 16.599
-23.1472 16.7513
-22.9949 16.9036
-22.6904 17.0558
-22.5381 17.2081
-22.3858 17.3604
-22.0812 17.5127
-21.9289 17.5127
-21.6244 17.665
-21.4721 17.8173
-21.1675 17.8173
-21.0152 17.9695
-20.7107 18.1218
-20.4061 18.1218
-20.2538 18.2741
-19.9492 18.2741
-19.797 18.4264
-19.4924 18.4264
-19.1878 18.4264
-19.0355 18.4264
-18.731 18.5787
-18.5787 18.5787
-18.2741 18.5787
-17.9695 18.5787
-17.8173 18.5787
-17.5127 18.5787
-17.2081 18.5787
-17.0558 18.5787
-16.7513 18.5787
-16.4467 18.5787
-16.2944 18.4264
-15.9898 18.4264
-15.8376 18.4264
-15.533 18.2741
-15.2284 18.2741
-15.0761 18.2741
-14.7716 18.1218
-14.6193 18.1218
-14.3147 17.9695
-14.1624 17.9695
-13.8579 17.8173
-13.7056 17.8173
-13.401 17.665
-13.2487 17.5127
-12.9442 17.5127
-12.7919 17.3604
-12.6396 17.3604
-12.335 17.2081
-12.1827 17.0558
-11.8782 17.0558
-11.7259 16.9036
-11.5736 16.7513
-11.269 16.7513
-11.1168 16.599
-10.9645 16.4467
-10.6599 16.4467
-10.5076 16.2944
-10.3553 16.2944
-10.0508 16.1421
-9.89848 15.9898
-9.74619 15.9898
-9.44162 15.8376
-9.28934 15.6853
-9.13706 15.533
-8.83249 15.533
-8.6802 15.3807
-8.52792 15.2284
-8.37563 15.0761
-8.07107 14.9239
-7.91878 14.9239
-7.7665 14.7716
-7.61421 14.6193
-7.46193 14.467
-7.15736 14.3147
-7.00508 14.1624
-6.85279 14.0102
-6.70051 13.8579
-6.54822 13.7056
-6.39594 13.5533
-6.24365 13.401
-6.09137 13.2487
-5.93909 13.0964
-5.7868 12.9442
-5.63452 12.7919
-5.48223 12.4873
-5.32995 12.335
-5.17766 12.1827
-5.02538 12.0305
-4.8731 11.8782
-4.72081 11.7259
-4.56853 11.4213
-4.41624 11.269
-4.26396 11.1168
-4.11168 10.9645
-3.95939 10.8122
-3.80711 10.5076
-3.65482 10.3553
-3.50254 10.203
-3.35025 10.0508
-3.19797 9.74619
-3.04569 9.59391
-2.8934 9.44162
-2.74112 9.28934
-2.58883 8.98477
-2.43655 8.83249
-2.13198 8.6802
-1.9797 8.37563
-1.82741 8.22335
-1.67513 7.91878
-1.52284 7.7665
-1.37056 7.46193
-1.21827 7.30964
-1.06599 7.00508
-0.913706 6.85279
-0.761421 6.54822
-0.609137 6.39594
-0.456853 6.09137
-0.304569 5.7868
-0.152284 5.63452
0 5.32995
0 5.02538
0.152284 4.72081
