0.456853 4.26396
0.913706 3.95939
1.21827 3.65482
1.52284 3.35025
1.67513 3.04569
1.9797 2.74112
2.13198 2.43655
2.43655 2.13198
2.58883 1.67513
2.74112 1.37056
2.8934 1.06599
2.8934 0.761421
3.04569 0.304569
3.04569 0
3.04569 -0.304569
3.04569 -0.761421
3.04569 -1.06599
3.04569 -1.37056
2.8934 -1.67513
2.8934 -1.9797
2.74112 -2.28426
2.58883 -2.58883
2.43655 -2.8934
2.28426 -3.19797
1.9797 -3.50254
1.82741 -3.80711
1.67513 -4.11168
1.37056 -4.26396
1.06599 -4.56853
0.761421 -4.72081
0.456853 -4.8731
0.152284 -5.17766
-0.152284 -5.32995
-0.456853 -5.48223
-0.761421 -5.63452
-1.06599 -5.7868
-1.37056 -5.93909
-1.67513 -6.09137
-1.9797 -6.24365
-2.28426 -6.24365
-2.74112 -6.39594
-3.04569 -6.54822
-3.35025 -6.54822
-3.65482 -6.70051
-3.95939 -6.85279
-4.26396 -6.85279
-4.56853 -7.00508
-4.8731 -7.00508
-5.17766 -7.15736
-5.48223 -7.15736
-5.7868 -7.30964
-5.93909 -7.30964
-6.24365 -7.46193
-6.54822 -7.61421
-6.70051 -7.61421
-7.00508 -7.7665
-7.30964 -7.7665
-7.46193 -7.91878
-7.7665 -8.07107
-7.91878 -8.07107
-8.22335 -8.22335
-8.37563 -8.37563
-8.6802 -8.37563
-8.83249 -8.52792
-9.13706 -8.52792
-9.44162 -8.6802
-9.59391 -8.6802
-9.89848 -8.83249
-10.0508 -8.83249
-10.3553 -8.98477
-10.5076 -8.98477
-10.8122 -8.98477
-11.1168 -9.13706
-11.269 -9.13706
-11.5736 -9.13706
-11.8782 -9.13706
-12.0305 -9.13706
-12.335 -9.13706
-12.4873 -9.13706
-12.7919 -9.13706
-13.0964 -9.13706
-13.2487 -9.13706
-13.5533 -8.98477
-13.7056 -8.98477
-14.0102 -8.98477
-14.3147 -8.98477
-14.467 -8.83249
-14.7716 -8.83249
-14.9239 -8.6802
-15.2284 -8.6802
-15.3807 -8.6802
-15.6853 -8.52792
-15.8376 -8.52792
-15.9898 -8.37563
-16.2944 -8.37563
-16.4467 -8.37563
-16.7513 -8.22335
-16.9036 -8.22335
-17.0558 -8.07107
-17.3604 -8.07107
-17.5127 -8.07107
-17.8173 -7.91878
-17.9695 -7.91878
-18.1218 -7.7665
-18.4264 -7.7665
-18.5787 -7.61421
-18.731 -7.61421
-19.0355 -7.61421
-19.1878 -7.46193
-19.3401 -7.46193
-19.6447 -7.30964
-19.797 -7.30964
-19.9492 -7.15736
-20.2538 -7.15736
-20.4061 -7.00508
-20.5584 -7.00508
-20.8629 -6.85279
-21.0152 -6.85279
-21.1675 -6.70051
-21.4721 -6.54822
-21.6244 -6.54822
-21.7766 -6.39594
-21.9289 -6.24365
-22.0812 -6.24365
-22.3858 -6.09137
-22.5381 -5.93909
-22.6904 -5.7868
-22.8426 -5.63452
-22.9949 -5.63452
-23.2995 -5.48223
-23.4518 -5.32995
-23.6041 -5.17766
-23.7563 -5.02538
-23.9086 -4.8731
-24.0609 -4.72081
-24.2132 -4.56853
-24.3655 -4.41624
-24.5178 -4.26396
-24.6701 -4.11168
-24.8223 -3.95939
-24.9746 -3.80711
-25.1269 -3.65482
-25.2792 -3.50254
-25.4315 -3.35025
-25.5838 -3.19797
-25.736 -3.04569
-25.8883 -2.8934
-26.0406 -2.58883
-26.1929 -2.43655
-26.3452 -2.28426
-26.4975 -2.13198
-26.4975 -1.9797
-26.6497 -1.82741
-26.802 -1.52284
-26.9543 -1.37056
-27.1066 -1.21827
-27.1066 -1.06599
-27.2589 -0.761421
-27.4112 -0.609137
-27.5635 -0.456853
-27.5635 -0.152284
-27.7157 0
-27.868 0.152284
-27.868 0.456853
-28.0203 0.609137
-28.0203 0.913706
-28.1726 1.06599
-28.1726 1.21827
-28.3249 1.52284
-28.3249 1.67513
-28.4772 1.9797
-28.4772 2.13198
-28.4772 2.43655
-28.6294 2.58883
-28.6294 2.8934
-28.6294 3.04569
-28.6294 3.35025
-28.7817 3.50254
-28.7817 3.80711
-28.7817 3.95939
-28.7817 4.26396
-28.7817 4.41624
-28.7817 4.72081
-28.7817 5.02538
-28.7817 5.17766
-28.7817 5.48223
-28.7817 5.63452
-28.7817 5.93909
-28.7817 6.09137
-28.7817 6.39594
-28.7817 6.54822
-28.6294 6.85279
-28.6294 7.00508
-28.6294 7.30964
-28.6294 7.46193
-28.4772 7.7665
-28.4772 7.91878
-28.4772 8.22335
-28.3249 8.52792
-28.3249 8.6802
-28.1726 8.98477
-28.1726 9.13706
-28.0203 9.44162
-28.0203 9.59391
-27.868 9.74619
-27.868 10.0508
-27.7157 10.203
-27.5635 10.5076
-27.5635 10.6599
-27.4112 10.9645
-27.4112 11.1168
-27.2589 11.4213
-27.1066 11.5736
-26.9543 11.7259
-26.9543 12.0305
-26.802 12.1827
-26.6497 12.4873
-26.4975 12.6396
-26.3452 12.7919
-26.1929 13.0964
-26.1929 13.2487
-26.0406 13.401
-25.8883 13.7056
-25.736 13.8579
-25.5838 14.0102
-25.4315 14.3147
-25.2792 14.467
-25.1269 14.6193
-24.9746 14.7716
-24.8223 15.0761
-24.5178 15.2284
-24.3655 15.3807
-24.2132 15.533
-24.0609 15.6853
-23.9086 15.8376
-23.6041 15.9898
-23.4518 16.2944
-23.2995 16.4467
-22.9949 16.599
-22.8426 16.599
-22.6904 16.7513
-22.3858 16.9036
-22.2335 17.0558
-21.9289 17.2081
-21.7766 17.3604
-21.4721 17.5127
-21.3198 17.5127
-21.0152 17.665
-20.8629 17.8173
-20.5584 17.8173
-20.4061 17.9695
-20.1015 17.9695
-19.9492 18.1218
-19.6447 18.1218
-19.3401 18.2741
-19.1878 18.2741
-18.8832 18.2741
-18.5787 18.4264
-18.4264 18.4264
-18.1218 18.4264
-17.9695 18.4264
-17.665 18.4264
-17.3604 18.4264
-17.2081 18.4264
-16.9036 18.4264
-16.599 18.4264
-16.4467 18.4264
-16.1421 18.4264
-15.8376 18.4264
-15.6853 18.4264
-15.3807 18.2741
-15.0761 18.2741
-14.9239 18.2741
-14.6193 18.1218
-14.467 18.1218
-14.1624 17.9695
-14.0102 17.9695
-13.7056 17.8173
-13.5533 17.8173
-13.2487 17.665
-13.0964 17.665
-12.7919 17.5127
-12.6396 17.5127
-12.335 17.3604
-12.1827 17.2081
-11.8782 17.2081
-11.7259 17.0558
-11.5736 16.9036
-11.269 16.9036
-11.1168 16.7513
-10.8122 16.599
-10.6599 16.4467
-10.5076 16.4467
-10.3553 16.2944
-10.0508 16.1421
-9.89848 15.9898
-9.74619 15.9898
-9.44162 15.8376
-9.28934 15.6853
-9.13706 15.533
-8.98477 15.3807
-8.6802 15.2284
-8.52792 15.2284
-8.37563 15.0761
-8.22335 14.9239
-8.07107 14.7716
-7.91878 14.6193
-7.61421 14.467
-7.46193 14.3147
-7.30964 14.1624
-7.15736 14.0102
-7.00508 13.8579
-6.85279 13.7056
-6.70051 13.5533
-6.54822 13.401
-6.24365 13.2487
-6.09137 13.0964
-5.93909 12.9442
-5.7868 12.7919
-5.63452 12.6396
-5.48223 12.4873
-5.32995 12.335
-5.17766 12.1827
-5.02538 12.0305
-4.8731 11.8782
-4.72081 11.7259
-4.56853 11.5736
-4.41624 11.4213
-4.26396 11.1168
-4.11168 10.9645
-3.95939 10.8122
-3.80711 10.6599
-3.65482 10.5076
-3.50254 10.3553
-3.35025 10.0508
-3.19797 9.89848
-3.04569 9.74619
-2.8934 9.59391
-2.74112 9.28934
-2.58883 9.13706
-2.43655 8.98477
-2.43655 8.6802
-2.28426 8.52792
-2.13198 8.37563
-1.9797 8.07107
-1.82741 7.91878
-1.67513 7.61421
-1.52284 7.46193
-1.37056 7.30964
-1.21827 7.00508
-1.06599 6.85279
-0.913706 6.54822
-0.761421 6.24365
-0.609137 6.09137
-0.456853 5.7868
-0.304569 5.63452
-0.152284 5.32995
0 5.02538
0.152284 4.72081
0.304569 4.56853
