0.152284 5.32995
0.304569 5.02538
0.456853 4.72081
0.609137 4.41624
0.761421 4.11168
0.761421 3.80711
0.913706 3.50254
1.06599 3.19797
1.21827 2.8934
1.37056 2.58883
1.52284 2.28426
1.67513 1.9797
1.82741 1.52284
1.9797 1.21827
2.13198 0.913706
2.13198 0.456853
2.28426 0.152284
2.28426 -0.304569
2.43655 -0.609137
2.43655 -0.913706
2.43655 -1.37056
2.43655 -1.67513
2.28426 -1.9797
2.28426 -2.43655
2.13198 -2.74112
2.13198 -3.04569
1.9797 -3.35025
1.67513 -3.65482
1.52284 -3.95939
1.37056 -4.26396
1.06599 -4.56853
0.913706 -4.72081
0.609137 -5.02538
0.304569 -5.17766
0 -5.48223
-0.304569 -5.63452
-0.609137 -5.7868
-0.913706 -5.93909
-1.21827 -6.09137
-1.52284 -6.24365
-1.9797 -6.39594
-2.28426 -6.54822
-2.58883 -6.70051
-2.8934 -6.85279
-3.35025 -6.85279
-3.65482 -7.00508
-3.95939 -7.15736
-4.26396 -7.15736
-4.56853 -7.30964
-4.8731 -7.30964
-5.17766 -7.46193
-5.48223 -7.61421
-5.7868 -7.61421
-6.09137 -7.7665
-6.39594 -7.7665
-6.70051 -7.91878
-7.00508 -7.91878
-7.30964 -8.07107
-7.46193 -8.07107
-7.7665 -8.22335
-8.07107 -8.37563
-8.37563 -8.37563
-8.6802 -8.37563
-8.83249 -8.52792
-9.13706 -8.52792
-9.44162 -8.6802
-9.74619 -8.6802
-10.0508 -8.6802
-10.203 -8.83249
-10.5076 -8.83249
-10.8122 -8.83249
-11.1168 -8.83249
-11.269 -8.83249
-11.5736 -8.83249
-11.8782 -8.83249
-12.1827 -8.83249
-12.335 -8.83249
-12.6396 -8.83249
-12.9442 -8.83249
-13.2487 -8.83249
-13.401 -8.83249
-13.7056 -8.6802
-14.0102 -8.6802
-14.3147 -8.6802
-14.467 -8.52792
-14.7716 -8.52792
-14.9239 -8.52792
-15.2284 -8.37563
-15.533 -8.37563
-15.6853 -8.22335
-15.9898 -8.22335
-16.1421 -8.07107
-16.4467 -8.07107
-16.599 -7.91878
-16.9036 -7.91878
-17.0558 -7.7665
-17.3604 -7.7665
-17.5127 -7.61421
-17.8173 -7.61421
-17.9695 -7.46193
-18.2741 -7.46193
-18.4264 -7.30964
-18.5787 -7.30964
-18.8832 -7.15736
-19.0355 -7.15736
-19.3401 -7.00508
-19.4924 -6.85279
-19.6447 -6.85279
-19.9492 -6.70051
-20.1015 -6.70051
-20.2538 -6.54822
-20.5584 -6.54822
-20.7107 -6.39594
-20.8629 -6.24365
-21.1675 -6.24365
-21.3198 -6.09137
-21.4721 -5.93909
-21.6244 -5.93909
-21.9289 -5.7868
-22.0812 -5.63452
-22.2335 -5.63452
-22.5381 -5.48223
-22.6904 -5.32995
-22.8426 -5.17766
-22.9949 -5.17766
-23.1472 -5.02538
-23.4518 -4.8731
-23.6041 -4.72081
-23.7563 -4.56853
-23.9086 -4.41624
-24.0609 -4.26396
-24.2132 -4.11168
-24.3655 -4.11168
-24.5178 -3.95939
-24.6701 -3.80711
-24.9746 -3.65482
-25.1269 -3.50254
-25.2792 -3.35025
-25.4315 -3.04569
-25.4315 -2.8934
-25.5838 -2.74112
-25.736 -2.58883
-25.8883 -2.43655
-26.0406 -2.28426
-26.1929 -2.13198
-26.3452 -1.9797
-26.4975 -1.67513
-26.4975 -1.52284
-26.6497 -1.37056
-26.802 -1.21827
-26.9543 -0.913706
-26.9543 -0.761421
-27.1066 -0.609137
-27.2589 -0.456853
-27.2589 -0.152284
-27.4112 0
-27.5635 0.152284
-27.5635 0.456853
-27.7157 0.609137
-27.868 0.761421
-27.868 1.06599
-28.0203 1.21827
-28.0203 1.37056
-28.1726 1.67513
-28.1726 1.82741
-28.3249 1.9797
-28.3249 2.28426
-28.4772 2.43655
-28.4772 2.74112
-28.4772 2.8934
-28.6294 3.04569
-28.6294 3.35025
-28.7817 3.50254
-28.7817 3.80711
-28.934 3.95939
-28.934 4.26396
-28.934 4.41624
-29.0863 4.72081
-29.0863 4.8731
-29.0863 5.17766
-29.0863 5.32995
-29.2386 5.63452
-29.2386 5.7868
-29.2386 6.09137
-29.2386 6.24365
-29.2386 6.54822
-29.2386 6.70051
-29.2386 7.00508
-29.2386 7.15736
-29.2386 7.46193
-29.2386 7.7665
-29.2386 7.91878
-29.2386 8.22335
-29.2386 8.37563
-29.2386 8.6802
-29.2386 8.83249
-29.0863 9.13706
-29.0863 9.28934
-29.0863 9.59391
-28.934 9.89848
-28.934 10.0508
-28.7817 10.3553
-28.7817 10.5076
-28.6294 10.8122
-28.6294 10.9645
-28.4772 11.269
-28.4772 11.4213
-28.3249 11.7259
-28.3249 11.8782
-28.1726 12.1827
-28.0203 12.335
-28.0203 12.4873
-27.868 12.7919
-27.7157 12.9442
-27.5635 13.2487
-27.5635 13.401
-27.4112 13.7056
-27.2589 13.8579
-27.1066 14.1624
-26.9543 14.3147
-26.9543 14.467
-26.802 14.7716
-26.6497 14.9239
-26.4975 15.2284
-26.3452 15.3807
-26.1929 15.533
-26.0406 15.8376
-25.8883 15.9898
-25.736 16.1421
-25.5838 16.4467
-25.4315 16.599
-25.2792 16.7513
-25.1269 17.0558
-24.8223 17.2081
-24.6701 17.3604
-24.5178 17.5127
-24.3655 17.665
-24.0609 17.9695
-23.9086 18.1218
-23.7563 18.2741
-23.4518 18.4264
-23.2995 18.5787
-22.9949 18.731
-22.8426 18.731
-22.5381 18.8832
-22.3858 19.0355
-22.0812 19.1878
-21.9289 19.1878
-21.6244 19.3401
-21.3198 19.4924
-21.1675 19.4924
-20.8629 19.6447
-20.5584 19.6447
-20.4061 19.797
-20.1015 19.797
-19.797 19.797
-19.6447 19.797
-19.3401 19.9492
-19.0355 19.9492
-18.731 19.9492
-18.5787 19.9492
-18.2741 19.9492
-17.9695 19.9492
-17.8173 19.797
-17.5127 19.797
-17.2081 19.797
-16.9036 19.797
-16.7513 19.6447
-16.4467 19.6447
-16.1421 19.4924
-15.9898 19.4924
-15.6853 19.3401
-15.533 19.3401
-15.2284 19.1878
-14.9239 19.0355
-14.7716 19.0355
-14.467 18.8832
-14.3147 18.731
-14.0102 18.731
-13.8579 18.5787
-13.7056 18.4264
-13.401 18.4264
-13.2487 18.2741
-12.9442 18.1218
-12.7919 17.9695
-12.6396 17.9695
-12.335 17.8173
-12.1827 17.665
-12.0305 17.5127
-11.7259 17.5127
-11.5736 17.3604
-11.4213 17.2081
-11.1168 17.2081
-10.9645 17.0558
-10.8122 16.9036
-10.6599 16.9036
-10.3553 16.7513
-10.203 16.599
-10.0508 16.599
-9.74619 16.4467
-9.59391 16.2944
-9.44162 16.2944
-9.28934 16.1421
-8.98477 15.9898
-8.83249 15.8376
-8.6802 15.8376
-8.52792 15.6853
-8.22335 15.533
-8.07107 15.3807
-7.91878 15.2284
-7.7665 15.2284
-7.61421 15.0761
-7.30964 14.9239
-7.15736 14.7716
-7.00508 14.6193
-6.85279 14.467
-6.70051 14.3147
-6.54822 14.1624
-6.39594 14.0102
-6.24365 13.8579
-6.09137 13.7056
-5.93909 13.5533
-5.7868 13.2487
-5.63452 13.0964
-5.48223 12.9442
-5.32995 12.7919
-5.17766 12.6396
-5.02538 12.4873
-4.8731 12.335
-4.72081 12.0305
-4.56853 11.8782
-4.41624 11.7259
-4.26396 11.5736
-4.11168 11.4213
-3.95939 11.1168
-3.80711 10.9645
-3.65482 10.8122
-3.50254 10.6599
-3.35025 10.3553
-3.19797 10.203
-3.04569 10.0508
-2.8934 9.89848
-2.74112 9.59391
-2.58883 9.44162
-2.43655 9.28934
-2.28426 8.98477
-1.9797 8.83249
-1.82741 8.52792
-1.67513 8.37563
-1.52284 8.22335
-1.37056 7.91878
-1.21827 7.61421
-1.06599 7.46193
-0.913706 7.15736
-0.761421 7.00508
-0.609137 6.70051
-0.456853 6.39594
-0.304569 6.24365
-0.152284 5.93909
0 5.63452
