1.67513 4.41624
1.82741 4.26396
1.82741 3.95939
1.9797 3.65482
1.9797 3.35025
2.13198 3.04569
2.28426 2.74112
2.28426 2.43655
2.43655 2.13198
2.43655 1.82741
2.58883 1.52284
2.58883 1.06599
2.74112 0.761421
2.74112 0.456853
2.74112 0.152284
2.8934 -0.152284
2.8934 -0.456853
2.8934 -0.913706
2.8934 -1.21827
2.74112 -1.52284
2.74112 -1.82741
2.74112 -2.13198
2.58883 -2.43655
2.43655 -2.74112
2.28426 -3.04569
2.13198 -3.35025
1.9797 -3.65482
1.82741 -3.95939
1.67513 -4.11168
1.37056 -4.41624
1.21827 -4.56853
0.913706 -4.8731
0.609137 -5.02538
0.304569 -5.17766
0 -5.48223
-0.304569 -5.63452
-0.609137 -5.7868
-0.913706 -5.93909
-1.21827 -6.09137
-1.52284 -6.24365
-1.82741 -6.24365
-2.13198 -6.39594
-2.43655 -6.54822
-2.74112 -6.70051
-3.04569 -6.70051
-3.35025 -6.85279
-3.65482 -6.85279
-3.95939 -7.00508
-4.26396 -7.15736
-4.56853 -7.15736
-4.72081 -7.30964
-5.02538 -7.30964
-5.32995 -7.46193
-5.63452 -7.46193
-5.7868 -7.61421
-6.09137 -7.7665
-6.39594 -7.7665
-6.54822 -7.91878
-6.85279 -7.91878
-7.15736 -8.07107
-7.30964 -8.07107
-7.61421 -8.22335
-7.7665 -8.22335
-8.07107 -8.37563
-8.37563 -8.37563
-8.52792 -8.52792
-8.83249 -8.52792
-8.98477 -8.6802
-9.28934 -8.6802
-9.59391 -8.6802
-9.74619 -8.83249
-10.0508 -8.83249
-10.3553 -8.83249
-10.5076 -8.98477
-10.8122 -8.98477
-10.9645 -8.98477
-11.269 -8.98477
-11.5736 -8.98477
-11.7259 -8.98477
-12.0305 -8.98477
-12.335 -8.98477
-12.4873 -8.98477
-12.7919 -8.98477
-12.9442 -8.83249
-13.2487 -8.83249
-13.401 -8.83249
-13.7056 -8.83249
-14.0102 -8.6802
-14.1624 -8.6802
-14.467 -8.6802
-14.6193 -8.6802
-14.9239 -8.52792
-15.0761 -8.52792
-15.3807 -8.52792
-15.533 -8.37563
-15.6853 -8.37563
-15.9898 -8.22335
-16.1421 -8.22335
-16.4467 -8.22335
-16.599 -8.07107
-16.9036 -8.07107
-17.0558 -7.91878
-17.2081 -7.91878
-17.5127 -7.7665
-17.665 -7.7665
-17.9695 -7.7665
-18.1218 -7.61421
-18.2741 -7.61421
-18.5787 -7.46193
-18.731 -7.46193
-18.8832 -7.30964
-19.1878 -7.30964
-19.3401 -7.15736
-19.4924 -7.15736
-19.797 -7.00508
-19.9492 -6.85279
-20.1015 -6.85279
-20.4061 -6.70051
-20.5584 -6.70051
-20.7107 -6.54822
-20.8629 -6.39594
-21.1675 -6.39594
-21.3198 -6.24365
-21.4721 -6.09137
-21.7766 -5.93909
-21.9289 -5.93909
-22.0812 -5.7868
-22.2335 -5.63452
-22.5381 -5.48223
-22.6904 -5.48223
-22.8426 -5.32995
-22.9949 -5.17766
-23.1472 -5.02538
-23.4518 -4.8731
-23.6041 -4.72081
-23.7563 -4.56853
-23.9086 -4.41624
-24.0609 -4.26396
-24.2132 -4.11168
-24.3655 -3.95939
-24.5178 -3.80711
-24.8223 -3.65482
-24.9746 -3.50254
-25.1269 -3.35025
-25.2792 -3.19797
-25.4315 -3.04569
-25.5838 -2.8934
-25.736 -2.74112
-25.8883 -2.58883
-26.0406 -2.28426
-26.1929 -2.13198
-26.3452 -1.9797
-26.4975 -1.82741
-26.4975 -1.52284
-26.6497 -1.37056
-26.802 -1.21827
-26.9543 -1.06599
-27.1066 -0.761421
-27.1066 -0.609137
-27.2589 -0.304569
-27.4112 -0.152284
-27.5635 0
-27.5635 0.304569
-27.7157 0.456853
-27.868 0.761421
-27.868 0.913706
-28.0203 1.21827
-28.0203 1.37056
-28.1726 1.67513
-28.1726 1.82741
-28.1726 2.13198
-28.3249 2.28426
-28.3249 2.58883
-28.3249 2.74112
-28.4772 3.04569
-28.4772 3.35025
-28.4772 3.50254
-28.4772 3.80711
-28.4772 3.95939
-28.4772 4.26396
-28.4772 4.41624
-28.4772 4.72081
-28.4772 5.02538
-28.4772 5.17766
-28.4772 5.48223
-28.4772 5.63452
-28.4772 5.93909
-28.4772 6.24365
-28.4772 6.39594
-28.3249 6.70051
-28.3249 6.85279
-28.3249 7.15736
-28.3249 7.30964
-28.1726 7.61421
-28.1726 7.91878
-28.1726 8.07107
-28.0203 8.37563
-28.0203 8.52792
-27.868 8.83249
-27.868 8.98477
-27.7157 9.28934
-27.7157 9.44162
-27.5635 9.74619
-27.5635 9.89848
-27.4112 10.203
-27.4112 10.3553
-27.2589 10.6599
-27.1066 10.8122
-27.1066 11.1168
-26.9543 11.269
-26.802 11.5736
-26.802 11.7259
-26.6497 12.0305
-26.4975 12.1827
-26.3452 12.335
-26.1929 12.6396
-26.0406 12.7919
-26.0406 13.0964
-25.8883 13.2487
-25.736 13.401
-25.5838 13.7056
-25.4315 13.8579
-25.2792 14.0102
-25.1269 14.1624
-24.9746 14.467
-24.8223 14.6193
-24.5178 14.7716
-24.3655 14.9239
-24.2132 15.2284
-24.0609 15.3807
-23.9086 15.533
-23.7563 15.6853
-23.4518 15.8376
-23.2995 15.9898
-23.1472 16.1421
-22.8426 16.2944
-22.6904 16.4467
-22.5381 16.599
-22.2335 16.7513
-22.0812 16.9036
-21.9289 17.0558
-21.6244 17.2081
-21.4721 17.3604
-21.1675 17.3604
-21.0152 17.5127
-20.7107 17.665
-20.5584 17.8173
-20.2538 17.8173
-20.1015 17.9695
-19.797 18.1218
-19.6447 18.1218
-19.3401 18.2741
-19.1878 18.2741
-18.8832 18.4264
-18.5787 18.4264
-18.4264 18.5787
-18.1218 18.5787
-17.9695 18.5787
-17.665 18.731
-17.3604 18.731
-17.2081 18.731
-16.9036 18.731
-16.599 18.731
-16.4467 18.731
-16.1421 18.731
-15.8376 18.731
-15.6853 18.731
-15.3807 18.731
-15.0761 18.731
-14.9239 18.5787
-14.6193 18.5787
-14.3147 18.5787
-14.1624 18.4264
-13.8579 18.4264
-13.7056 18.4264
-13.401 18.2741
-13.2487 18.2741
-12.9442 18.1218
-12.7919 17.9695
-12.4873 17.9695
-12.335 17.8173
-12.0305 17.8173
-11.8782 17.665
-11.5736 17.5127
-11.4213 17.3604
-11.269 17.3604
-10.9645 17.2081
-10.8122 17.0558
-10.5076 16.9036
-10.3553 16.9036
-10.203 16.7513
-10.0508 16.599
-9.74619 16.4467
-9.59391 16.2944
-9.44162 16.1421
-9.28934 16.1421
-8.98477 15.9898
-8.83249 15.8376
-8.6802 15.6853
-8.52792 15.533
-8.37563 15.3807
-8.22335 15.2284
-7.91878 15.0761
-7.7665 14.9239
-7.61421 14.9239
-7.46193 14.7716
-7.30964 14.6193
-7.15736 14.467
-7.00508 14.3147
-6.85279 14.1624
-6.70051 14.0102
-6.54822 13.8579
-6.24365 13.7056
-6.09137 13.5533
-5.93909 13.401
-5.7868 13.2487
-5.63452 13.0964
-5.48223 12.9442
-5.32995 12.7919
-5.17766 12.6396
-5.02538 12.4873
-4.8731 12.335
-4.72081 12.1827
-4.56853 12.0305
-4.41624 11.8782
-4.26396 11.7259
-4.11168 11.5736
-3.95939 11.4213
-3.80711 11.269
-3.65482 11.1168
-3.50254 10.9645
-3.35025 10.6599
-3.19797 10.5076
-3.19797 10.3553
-3.04569 10.203
-2.8934 9.89848
-2.74112 9.74619
-2.58883 9.59391
-2.43655 9.44162
-2.43655 9.13706
-2.28426 8.98477
-2.13198 8.83249
-1.9797 8.52792
-1.82741 8.37563
-1.82741 8.22335
-1.67513 7.91878
-1.52284 7.7665
-1.37056 7.61421
-1.21827 7.30964
-1.06599 7.15736
-0.913706 6.85279
-0.761421 6.70051
-0.456853 6.54822
-0.304569 6.24365
0 6.09137
0.152284 5.7868
0.456853 5.48223
0.761421 5.32995
1.06599 5.02538
1.37056 4.72081
