1.82741 4.41624
1.82741 4.11168
1.82741 3.80711
1.82741 3.65482
1.82741 3.35025
1.82741 3.04569
1.82741 2.74112
1.82741 2.43655
1.82741 2.13198
1.9797 1.82741
1.9797 1.52284
2.13198 1.21827
2.13198 0.913706
2.13198 0.609137
2.28426 0.304569
2.28426 -0.152284
2.28426 -0.456853
2.28426 -0.761421
2.43655 -1.06599
2.43655 -1.37056
2.28426 -1.67513
2.28426 -2.13198
2.28426 -2.43655
2.13198 -2.74112
2.13198 -3.04569
1.9797 -3.35025
1.82741 -3.65482
1.67513 -3.80711
1.52284 -4.11168
1.21827 -4.41624
1.06599 -4.56853
0.761421 -4.8731
0.609137 -5.02538
0.304569 -5.17766
0 -5.48223
-0.304569 -5.63452
-0.609137 -5.7868
-0.913706 -5.93909
-1.06599 -6.09137
-1.37056 -6.24365
-1.67513 -6.39594
-2.13198 -6.54822
-2.43655 -6.54822
-2.74112 -6.70051
-3.04569 -6.85279
-3.35025 -6.85279
-3.65482 -7.00508
-3.80711 -7.15736
-4.11168 -7.15736
-4.41624 -7.30964
-4.72081 -7.30964
-5.02538 -7.46193
-5.32995 -7.46193
-5.48223 -7.61421
-5.7868 -7.7665
-6.09137 -7.7665
-6.39594 -7.91878
-6.54822 -7.91878
-6.85279 -8.07107
-7.15736 -8.07107
-7.30964 -8.22335
-7.61421 -8.22335
-7.7665 -8.37563
-8.07107 -8.37563
-8.37563 -8.52792
-8.52792 -8.52792
-8.83249 -8.52792
-9.13706 -8.6802
-9.28934 -8.6802
-9.59391 -8.6802
-9.74619 -8.83249
-10.0508 -8.83249
-10.3553 -8.83249
-10.5076 -8.83249
-10.8122 -8.83249
-11.1168 -8.83249
-11.269 -8.83249
-11.5736 -8.83249
-11.8782 -8.83249
-12.0305 -8.83249
-12.335 -8.83249
-12.4873 -8.83249
-12.7919 -8.83249
-12.9442 -8.83249
-13.2487 -8.6802
-13.5533 -8.6802
-13.7056 -8.6802
-14.0102 -8.52792
-14.1624 -8.52792
-14.467 -8.52792
-14.6193 -8.37563
-14.9239 -8.37563
-15.0761 -8.37563
-15.3807 -8.22335
-15.533 -8.22335
-15.6853 -8.22335
-15.9898 -8.07107
-16.1421 -8.07107
-16.4467 -7.91878
-16.599 -7.91878
-16.7513 -7.7665
-17.0558 -7.7665
-17.2081 -7.7665
-17.3604 -7.61421
-17.665 -7.61421
-17.8173 -7.46193
-18.1218 -7.46193
-18.2741 -7.30964
-18.4264 -7.30964
-18.731 -7.30964
-18.8832 -7.15736
-19.0355 -7.15736
-19.3401 -7.00508
-19.4924 -7.00508
-19.6447 -6.85279
-19.797 -6.70051
-20.1015 -6.70051
-20.2538 -6.54822
-20.4061 -6.54822
-20.7107 -6.39594
-20.8629 -6.39594
-21.0152 -6.24365
-21.3198 -6.09137
-21.4721 -6.09137
-21.6244 -5.93909
-21.7766 -5.7868
-22.0812 -5.63452
-22.2335 -5.63452
-22.3858 -5.48223
-22.5381 -5.32995
-22.6904 -5.17766
-22.9949 -5.17766
-23.1472 -5.02538
-23.2995 -4.8731
-23.4518 -4.72081
-23.6041 -4.56853
-23.9086 -4.41624
-24.0609 -4.26396
-24.2132 -4.11168
-24.3655 -3.95939
-24.5178 -3.80711
-24.6701 -3.65482
-24.8223 -3.50254
-24.9746 -3.35025
-25.1269 -3.19797
-25.2792 -3.04569
-25.4315 -2.8934
-25.5838 -2.74112
-25.736 -2.58883
-25.8883 -2.28426
-26.0406 -2.13198
-26.1929 -1.9797
-26.3452 -1.82741
-26.4975 -1.52284
-26.6497 -1.37056
-26.802 -1.21827
-26.9543 -1.06599
-26.9543 -0.761421
-27.1066 -0.609137
-27.2589 -0.456853
-27.4112 -0.152284
-27.4112 0
-27.5635 0.304569
-27.7157 0.456853
-27.7157 0.609137
-27.868 0.913706
-28.0203 1.06599
-28.0203 1.37056
-28.1726 1.52284
-28.1726 1.82741
-28.3249 1.9797
-28.3249 2.28426
-28.4772 2.43655
-28.4772 2.74112
-28.4772 3.04569
-28.6294 3.19797
-28.6294 3.50254
-28.6294 3.65482
-28.7817 3.95939
-28.7817 4.26396
-28.7817 4.41624
-28.7817 4.72081
-28.7817 4.8731
-28.7817 5.17766
-28.934 5.48223
-28.934 5.63452
-28.934 5.93909
-28.934 6.24365
-28.934 6.39594
-28.7817 6.70051
-28.7817 7.00508
-28.7817 7.15736
-28.7817 7.46193
-28.7817 7.7665
-28.7817 7.91878
-28.6294 8.22335
-28.6294 8.52792
-28.6294 8.6802
-28.4772 8.98477
-28.4772 9.28934
-28.4772 9.44162
-28.3249 9.74619
-28.3249 9.89848
-28.1726 10.203
-28.1726 10.5076
-28.0203 10.6599
-28.0203 10.9645
-27.868 11.269
-27.868 11.4213
-27.7157 11.7259
-27.5635 11.8782
-27.5635 12.1827
-27.4112 12.4873
-27.2589 12.6396
-27.1066 12.9442
-27.1066 13.0964
-26.9543 13.401
-26.802 13.7056
-26.6497 13.8579
-26.6497 14.1624
-26.4975 14.3147
-26.3452 14.6193
-26.1929 14.7716
-26.0406 15.0761
-25.8883 15.2284
-25.736 15.533
-25.5838 15.6853
-25.4315 15.9898
-25.2792 16.1421
-25.1269 16.4467
-24.8223 16.599
-24.6701 16.9036
-24.5178 17.0558
-24.3655 17.2081
-24.0609 17.5127
-23.9086 17.665
-23.6041 17.8173
-23.4518 17.9695
-23.2995 18.1218
-22.9949 18.2741
-22.6904 18.5787
-22.5381 18.5787
-22.2335 18.731
-22.0812 18.8832
-21.7766 19.0355
-21.4721 19.1878
-21.1675 19.1878
-21.0152 19.3401
-20.7107 19.4924
-20.4061 19.4924
-20.1015 19.6447
-19.9492 19.6447
-19.6447 19.6447
-19.3401 19.797
-19.0355 19.797
-18.731 19.797
-18.4264 19.797
-18.1218 19.797
-17.9695 19.797
-17.665 19.797
-17.3604 19.797
-17.0558 19.797
-16.7513 19.6447
-16.4467 19.6447
-16.2944 19.6447
-15.9898 19.4924
-15.6853 19.4924
-15.3807 19.3401
-15.2284 19.3401
-14.9239 19.1878
-14.6193 19.0355
-14.3147 19.0355
-14.1624 18.8832
-13.8579 18.731
-13.7056 18.5787
-13.401 18.4264
-13.2487 18.4264
-12.9442 18.2741
-12.7919 18.1218
-12.4873 17.9695
-12.335 17.8173
-12.0305 17.665
-11.8782 17.5127
-11.7259 17.3604
-11.4213 17.2081
-11.269 17.0558
-11.1168 16.9036
-10.8122 16.7513
-10.6599 16.7513
-10.5076 16.599
-10.3553 16.4467
-10.0508 16.2944
-9.89848 16.1421
-9.74619 15.9898
-9.59391 15.8376
-9.28934 15.8376
-9.13706 15.6853
-8.98477 15.533
-8.83249 15.3807
-8.6802 15.2284
-8.37563 15.2284
-8.22335 15.0761
-8.07107 14.9239
-7.91878 14.7716
-7.7665 14.6193
-7.61421 14.6193
-7.30964 14.467
-7.15736 14.3147
-7.00508 14.1624
-6.85279 14.0102
-6.70051 14.0102
-6.54822 13.8579
-6.24365 13.7056
-6.09137 13.5533
-5.93909 13.401
-5.7868 13.2487
-5.63452 13.0964
-5.48223 12.9442
-5.32995 12.9442
-5.17766 12.7919
-4.8731 12.6396
-4.72081 12.4873
-4.56853 12.335
-4.41624 12.1827
-4.26396 12.0305
-4.11168 11.8782
-3.95939 11.5736
-3.80711 11.4213
-3.65482 11.269
-3.50254 11.1168
-3.35025 10.9645
-3.19797 10.8122
-3.04569 10.6599
-2.8934 10.3553
-2.74112 10.203
-2.74112 10.0508
-2.58883 9.89848
-2.43655 9.59391
-2.28426 9.44162
-2.13198 9.28934
-2.13198 8.98477
-1.9797 8.83249
-1.82741 8.52792
-1.67513 8.37563
-1.67513 8.22335
-1.52284 7.91878
-1.37056 7.7665
-1.21827 7.61421
-1.06599 7.30964
-0.913706 7.15736
-0.761421 6.85279
-0.609137 6.70051
-0.456853 6.39594
-0.152284 6.24365
0 5.93909
0.304569 5.7868
0.456853 5.48223
0.761421 5.32995
1.06599 5.02538
1.37056 4.72081
