0.609137 4.26396
0.913706 3.95939
1.06599 3.80711
1.21827 3.50254
1.52284 3.19797
1.67513 2.8934
1.82741 2.58883
1.9797 2.28426
2.13198 1.9797
2.13198 1.67513
2.28426 1.37056
2.43655 1.06599
2.43655 0.761421
2.43655 0.456853
2.58883 0.152284
2.58883 -0.152284
2.58883 -0.456853
2.58883 -0.761421
2.58883 -1.06599
2.43655 -1.37056
2.43655 -1.67513
2.28426 -1.9797
2.28426 -2.28426
2.13198 -2.58883
1.9797 -2.8934
1.82741 -3.19797
1.67513 -3.50254
1.52284 -3.65482
1.37056 -3.95939
1.21827 -4.26396
0.913706 -4.41624
0.761421 -4.72081
0.609137 -4.8731
0.304569 -5.02538
0 -5.32995
-0.152284 -5.48223
-0.456853 -5.63452
-0.761421 -5.7868
-1.06599 -5.93909
-1.21827 -6.09137
-1.52284 -6.24365
-1.82741 -6.39594
-2.13198 -6.54822
-2.43655 -6.70051
-2.74112 -6.85279
-2.8934 -6.85279
-3.19797 -7.00508
-3.50254 -7.15736
-3.80711 -7.15736
-4.11168 -7.30964
-4.41624 -7.30964
-4.56853 -7.46193
-4.8731 -7.61421
-5.17766 -7.61421
-5.48223 -7.61421
-5.7868 -7.7665
-5.93909 -7.7665
-6.24365 -7.91878
-6.54822 -7.91878
-6.70051 -8.07107
-7.00508 -8.07107
-7.30964 -8.07107
-7.46193 -8.22335
-7.7665 -8.22335
-8.07107 -8.22335
-8.22335 -8.37563
-8.52792 -8.37563
-8.83249 -8.37563
-8.98477 -8.37563
-9.28934 -8.52792
-9.44162 -8.52792
-9.74619 -8.52792
-10.0508 -8.52792
-10.203 -8.52792
-10.5076 -8.6802
-10.6599 -8.6802
-10.9645 -8.6802
-11.1168 -8.6802
-11.4213 -8.6802
-11.5736 -8.6802
-11.8782 -8.6802
-12.0305 -8.83249
-12.335 -8.83249
-12.4873 -8.83249
-12.7919 -8.83249
-12.9442 -8.83249
-13.2487 -8.83249
-13.401 -8.83249
-13.7056 -8.6802
-13.8579 -8.6802
-14.1624 -8.6802
-14.3147 -8.6802
-14.6193 -8.6802
-14.7716 -8.6802
-15.0761 -8.52792
-15.2284 -8.52792
-15.533 -8.52792
-15.6853 -8.52792
-15.9898 -8.37563
-16.1421 -8.37563
-16.4467 -8.22335
-16.599 -8.22335
-16.7513 -8.07107
-17.0558 -8.07107
-17.2081 -7.91878
-17.3604 -7.91878
-17.665 -7.7665
-17.8173 -7.7665
-17.9695 -7.61421
-18.2741 -7.46193
-18.4264 -7.46193
-18.5787 -7.30964
-18.8832 -7.15736
-19.0355 -7.15736
-19.1878 -7.00508
-19.3401 -6.85279
-19.6447 -6.85279
-19.797 -6.70051
-19.9492 -6.70051
-20.1015 -6.54822
-20.4061 -6.39594
-20.5584 -6.39594
-20.7107 -6.24365
-20.8629 -6.09137
-21.1675 -6.09137
-21.3198 -5.93909
-21.4721 -5.7868
-21.6244 -5.7868
-21.9289 -5.63452
-22.0812 -5.48223
-22.2335 -5.32995
-22.5381 -5.32995
-22.6904 -5.17766
-22.8426 -5.02538
-22.9949 -4.8731
-23.2995 -4.8731
-23.4518 -4.72081
-23.6041 -4.56853
-23.9086 -4.41624
-24.0609 -4.26396
-24.2132 -4.11168
-24.3655 -3.95939
-24.5178 -3.80711
-24.8223 -3.65482
-24.9746 -3.50254
-25.1269 -3.35025
-25.2792 -3.19797
-25.4315 -3.04569
-25.5838 -2.8934
-25.736 -2.74112
-25.8883 -2.43655
-26.0406 -2.28426
-26.1929 -2.13198
-26.3452 -1.9797
-26.4975 -1.67513
-26.6497 -1.52284
-26.802 -1.37056
-26.802 -1.06599
-26.9543 -0.913706
-27.1066 -0.609137
-27.2589 -0.456853
-27.2589 -0.304569
-27.4112 0
-27.4112 0.152284
-27.5635 0.456853
-27.5635 0.609137
-27.7157 0.913706
-27.7157 1.21827
-27.868 1.37056
-27.868 1.67513
-27.868 1.82741
-28.0203 2.13198
-28.0203 2.28426
-28.0203 2.58883
-28.0203 2.8934
-28.0203 3.04569
-28.0203 3.35025
-28.0203 3.50254
-28.1726 3.80711
-28.1726 4.11168
-28.0203 4.26396
-28.0203 4.56853
-28.0203 4.72081
-28.0203 5.02538
-28.0203 5.32995
-28.0203 5.48223
-28.0203 5.7868
-27.868 5.93909
-27.868 6.24365
-27.868 6.39594
-27.868 6.70051
-27.7157 7.00508
-27.7157 7.15736
-27.5635 7.46193
-27.5635 7.61421
-27.5635 7.91878
-27.4112 8.07107
-27.4112 8.37563
-27.2589 8.52792
-27.2589 8.83249
-27.1066 8.98477
-27.1066 9.28934
-26.9543 9.44162
-26.9543 9.74619
-26.802 9.89848
-26.6497 10.203
-26.6497 10.3553
-26.4975 10.5076
-26.3452 10.8122
-26.1929 10.9645
-26.1929 11.269
-26.0406 11.4213
-25.8883 11.5736
-25.736 11.8782
-25.5838 12.0305
-25.4315 12.1827
-25.2792 12.4873
-25.1269 12.6396
-24.9746 12.7919
-24.8223 12.9442
-24.6701 13.0964
-24.5178 13.401
-24.3655 13.5533
-24.2132 13.7056
-24.0609 13.8579
-23.9086 14.0102
-23.7563 14.1624
-23.4518 14.3147
-23.2995 14.467
-23.1472 14.6193
-22.9949 14.7716
-22.6904 14.9239
-22.5381 15.0761
-22.3858 15.2284
-22.2335 15.3807
-21.9289 15.533
-21.7766 15.533
-21.6244 15.6853
-21.3198 15.8376
-21.1675 15.9898
-21.0152 16.1421
-20.7107 16.1421
-20.5584 16.2944
-20.4061 16.4467
-20.1015 16.599
-19.9492 16.599
-19.6447 16.7513
-19.4924 16.9036
-19.3401 16.9036
-19.0355 17.0558
-18.8832 17.2081
-18.5787 17.2081
-18.4264 17.3604
-18.1218 17.3604
-17.9695 17.5127
-17.665 17.5127
-17.5127 17.5127
-17.2081 17.665
-17.0558 17.665
-16.7513 17.665
-16.599 17.8173
-16.2944 17.8173
-15.9898 17.8173
-15.8376 17.8173
-15.533 17.8173
-15.3807 17.8173
-15.0761 17.8173
-14.9239 17.8173
-14.6193 17.8173
-14.467 17.8173
-14.1624 17.8173
-13.8579 17.8173
-13.7056 17.665
-13.401 17.665
-13.2487 17.665
-12.9442 17.5127
-12.7919 17.5127
-12.4873 17.3604
-12.335 17.3604
-12.0305 17.2081
-11.8782 17.2081
-11.7259 17.0558
-11.4213 17.0558
-11.269 16.9036
-10.9645 16.9036
-10.8122 16.7513
-10.6599 16.599
-10.3553 16.599
-10.203 16.4467
-10.0508 16.2944
-9.74619 16.1421
-9.59391 16.1421
-9.44162 15.9898
-9.28934 15.8376
-8.98477 15.8376
-8.83249 15.6853
-8.6802 15.533
-8.52792 15.3807
-8.37563 15.2284
-8.07107 15.2284
-7.91878 15.0761
-7.7665 14.9239
-7.61421 14.7716
-7.46193 14.6193
-7.30964 14.467
-7.00508 14.467
-6.85279 14.3147
-6.70051 14.1624
-6.54822 14.0102
-6.39594 13.8579
-6.24365 13.7056
-6.09137 13.5533
-5.93909 13.401
-5.7868 13.2487
-5.63452 13.0964
-5.48223 12.9442
-5.32995 12.7919
-5.17766 12.6396
-5.02538 12.4873
-4.8731 12.335
-4.72081 12.1827
-4.56853 12.0305
-4.41624 11.8782
-4.26396 11.7259
-4.11168 11.5736
-3.95939 11.4213
-3.80711 11.269
-3.65482 11.1168
-3.50254 10.9645
-3.35025 10.8122
-3.35025 10.5076
-3.19797 10.3553
-3.04569 10.203
-2.8934 10.0508
-2.74112 9.89848
-2.58883 9.74619
-2.43655 9.44162
-2.28426 9.28934
-2.13198 9.13706
-2.13198 8.98477
-1.9797 8.6802
-1.82741 8.52792
-1.67513 8.37563
-1.52284 8.22335
-1.37056 7.91878
-1.21827 7.7665
-1.06599 7.46193
-1.06599 7.30964
-0.913706 7.15736
-0.761421 6.85279
-0.609137 6.70051
-0.456853 6.39594
-0.304569 6.24365
-0.304569 5.93909
-0.152284 5.7868
0 5.48223
0.152284 5.32995
0.304569 5.02538
0.456853 4.72081
0.456853 4.56853
