0.304569 5.02538
0.456853 4.72081
0.609137 4.41624
0.761421 4.11168
0.913706 3.80711
1.06599 3.50254
1.21827 3.19797
1.37056 2.8934
1.52284 2.58883
1.67513 2.28426
1.82741 1.9797
1.9797 1.67513
2.13198 1.37056
2.13198 1.06599
2.28426 0.609137
2.28426 0.304569
2.43655 0
2.43655 -0.304569
2.43655 -0.761421
2.58883 -1.06599
2.58883 -1.37056
2.43655 -1.67513
2.43655 -1.9797
2.43655 -2.28426
2.28426 -2.74112
2.13198 -3.04569
1.9797 -3.35025
1.82741 -3.50254
1.67513 -3.80711
1.52284 -4.11168
1.21827 -4.26396
1.06599 -4.56853
0.761421 -4.8731
0.456853 -5.02538
0.152284 -5.17766
0 -5.32995
-0.304569 -5.63452
-0.609137 -5.7868
-0.913706 -5.93909
-1.21827 -6.09137
-1.52284 -6.24365
-1.82741 -6.39594
-2.13198 -6.39594
-2.58883 -6.54822
-2.8934 -6.70051
-3.19797 -6.85279
-3.50254 -6.85279
-3.80711 -7.00508
-3.95939 -7.15736
-4.26396 -7.15736
-4.56853 -7.30964
-4.8731 -7.30964
-5.17766 -7.46193
-5.48223 -7.61421
-5.63452 -7.61421
-5.93909 -7.7665
-6.24365 -7.91878
-6.54822 -7.91878
-6.70051 -8.07107
-7.00508 -8.07107
-7.30964 -8.22335
-7.46193 -8.22335
-7.7665 -8.37563
-8.07107 -8.37563
-8.22335 -8.52792
-8.52792 -8.52792
-8.83249 -8.6802
-9.13706 -8.6802
-9.28934 -8.83249
-9.59391 -8.83249
-9.89848 -8.83249
-10.0508 -8.83249
-10.3553 -8.98477
-10.6599 -8.98477
-10.8122 -8.98477
-11.1168 -8.98477
-11.4213 -8.98477
-11.7259 -8.98477
-11.8782 -8.98477
-12.1827 -8.98477
-12.4873 -8.83249
-12.6396 -8.83249
-12.9442 -8.83249
-13.2487 -8.83249
-13.401 -8.6802
-13.7056 -8.6802
-13.8579 -8.6802
-14.1624 -8.52792
-14.467 -8.52792
-14.6193 -8.52792
-14.9239 -8.37563
-15.0761 -8.37563
-15.3807 -8.22335
-15.533 -8.22335
-15.8376 -8.07107
-15.9898 -8.07107
-16.2944 -7.91878
-16.4467 -7.91878
-16.599 -7.7665
-16.9036 -7.7665
-17.0558 -7.61421
-17.3604 -7.61421
-17.5127 -7.46193
-17.665 -7.30964
-17.9695 -7.30964
-18.1218 -7.15736
-18.2741 -7.15736
-18.5787 -7.00508
-18.731 -7.00508
-18.8832 -6.85279
-19.1878 -6.85279
-19.3401 -6.70051
-19.4924 -6.54822
-19.797 -6.54822
-19.9492 -6.39594
-20.1015 -6.39594
-20.4061 -6.24365
-20.5584 -6.09137
-20.7107 -6.09137
-20.8629 -5.93909
-21.1675 -5.7868
-21.3198 -5.7868
-21.4721 -5.63452
-21.6244 -5.48223
-21.9289 -5.48223
-22.0812 -5.32995
-22.2335 -5.17766
-22.3858 -5.02538
-22.6904 -5.02538
-22.8426 -4.8731
-22.9949 -4.72081
-23.1472 -4.56853
-23.2995 -4.41624
-23.6041 -4.41624
-23.7563 -4.26396
-23.9086 -4.11168
-24.0609 -3.95939
-24.2132 -3.80711
-24.3655 -3.65482
-24.5178 -3.50254
-24.8223 -3.35025
-24.9746 -3.19797
-25.1269 -3.04569
-25.2792 -2.8934
-25.4315 -2.74112
-25.5838 -2.58883
-25.736 -2.28426
-25.8883 -2.13198
-26.0406 -1.9797
-26.1929 -1.82741
-26.3452 -1.67513
-26.3452 -1.37056
-26.4975 -1.21827
-26.6497 -1.06599
-26.802 -0.913706
-26.9543 -0.609137
-26.9543 -0.456853
-27.1066 -0.304569
-27.2589 0
-27.4112 0.152284
-27.4112 0.456853
-27.5635 0.609137
-27.7157 0.761421
-27.7157 1.06599
-27.868 1.21827
-27.868 1.52284
-28.0203 1.67513
-28.0203 1.9797
-28.1726 2.13198
-28.1726 2.43655
-28.3249 2.58883
-28.3249 2.8934
-28.4772 3.04569
-28.4772 3.35025
-28.4772 3.50254
-28.6294 3.80711
-28.6294 3.95939
-28.6294 4.26396
-28.6294 4.41624
-28.7817 4.72081
-28.7817 5.02538
-28.7817 5.17766
-28.7817 5.48223
-28.7817 5.63452
-28.7817 5.93909
-28.7817 6.24365
-28.7817 6.39594
-28.7817 6.70051
-28.7817 6.85279
-28.7817 7.15736
-28.7817 7.46193
-28.7817 7.61421
-28.7817 7.91878
-28.6294 8.22335
-28.6294 8.37563
-28.6294 8.6802
-28.6294 8.83249
-28.4772 9.13706
-28.4772 9.44162
-28.4772 9.59391
-28.3249 9.89848
-28.3249 10.0508
-28.1726 10.3553
-28.1726 10.6599
-28.0203 10.8122
-28.0203 11.1168
-27.868 11.269
-27.7157 11.5736
-27.7157 11.7259
-27.5635 12.0305
-27.4112 12.1827
-27.4112 12.4873
-27.2589 12.6396
-27.1066 12.9442
-27.1066 13.0964
-26.9543 13.401
-26.802 13.5533
-26.6497 13.8579
-26.4975 14.0102
-26.3452 14.3147
-26.1929 14.467
-26.1929 14.7716
-26.0406 14.9239
-25.8883 15.2284
-25.736 15.3807
-25.5838 15.533
-25.2792 15.8376
-25.1269 15.9898
-24.9746 16.2944
-24.8223 16.4467
-24.6701 16.599
-24.5178 16.9036
-24.3655 17.0558
-24.0609 17.2081
-23.9086 17.3604
-23.7563 17.5127
-23.4518 17.8173
-23.2995 17.9695
-23.1472 18.1218
-22.8426 18.2741
-22.6904 18.4264
-22.3858 18.5787
-22.2335 18.731
-21.9289 18.8832
-21.7766 19.0355
-21.4721 19.0355
-21.1675 19.1878
-21.0152 19.3401
-20.7107 19.4924
-20.4061 19.4924
-20.2538 19.6447
-19.9492 19.6447
-19.6447 19.797
-19.4924 19.797
-19.1878 19.9492
-18.8832 19.9492
-18.5787 19.9492
-18.2741 19.9492
-18.1218 19.9492
-17.8173 19.9492
-17.5127 19.9492
-17.2081 19.9492
-16.9036 19.9492
-16.7513 19.797
-16.4467 19.797
-16.1421 19.6447
-15.8376 19.6447
-15.6853 19.4924
-15.3807 19.4924
-15.0761 19.3401
-14.9239 19.1878
-14.6193 19.0355
-14.3147 18.8832
-14.1624 18.731
-13.8579 18.5787
-13.7056 18.4264
-13.401 18.2741
-13.2487 18.1218
-13.0964 17.9695
-12.7919 17.8173
-12.6396 17.665
-12.4873 17.5127
-12.1827 17.3604
-12.0305 17.2081
-11.8782 17.0558
-11.7259 16.9036
-11.4213 16.9036
-11.269 16.7513
-11.1168 16.599
-10.9645 16.4467
-10.6599 16.2944
-10.5076 16.2944
-10.3553 16.1421
-10.203 15.9898
-10.0508 15.9898
-9.74619 15.8376
-9.59391 15.8376
-9.44162 15.6853
-9.13706 15.533
-8.98477 15.533
-8.83249 15.3807
-8.6802 15.3807
-8.37563 15.2284
-8.22335 15.2284
-8.07107 15.0761
-7.91878 14.9239
-7.61421 14.9239
-7.46193 14.7716
-7.30964 14.6193
-7.15736 14.6193
-6.85279 14.467
-6.70051 14.3147
-6.54822 14.1624
-6.39594 14.0102
-6.24365 14.0102
-6.09137 13.8579
-5.93909 13.7056
-5.7868 13.5533
-5.63452 13.401
-5.48223 13.2487
-5.32995 12.9442
-5.17766 12.7919
-5.02538 12.6396
-4.8731 12.4873
-4.72081 12.335
-4.56853 12.1827
-4.41624 12.0305
-4.41624 11.7259
-4.26396 11.5736
-4.11168 11.4213
-3.95939 11.269
-3.80711 11.1168
-3.65482 10.9645
-3.50254 10.6599
-3.50254 10.5076
-3.35025 10.3553
-3.19797 10.203
-3.04569 10.0508
-2.8934 9.74619
-2.74112 9.59391
-2.58883 9.44162
-2.43655 9.28934
-2.28426 9.13706
-2.13198 8.83249
-1.9797 8.6802
-1.82741 8.52792
-1.67513 8.22335
-1.52284 8.07107
-1.37056 7.91878
-1.21827 7.61421
-1.06599 7.46193
-0.913706 7.15736
-0.761421 7.00508
-0.609137 6.70051
-0.456853 6.54822
-0.304569 6.24365
-0.152284 5.93909
0 5.7868
0.152284 5.48223
0.152284 5.17766
