0.913706 3.80711
1.21827 3.50254
1.52284 3.19797
1.82741 3.04569
1.9797 2.74112
2.13198 2.43655
2.43655 2.13198
2.58883 1.82741
2.74112 1.52284
2.74112 1.21827
2.8934 0.913706
2.8934 0.609137
3.04569 0.304569
3.04569 0
3.04569 -0.304569
3.04569 -0.609137
3.04569 -0.913706
2.8934 -1.21827
2.8934 -1.52284
2.74112 -1.82741
2.74112 -2.13198
2.58883 -2.43655
2.43655 -2.74112
2.28426 -3.04569
2.13198 -3.19797
1.9797 -3.50254
1.82741 -3.80711
1.52284 -3.95939
1.37056 -4.26396
1.21827 -4.41624
0.913706 -4.56853
0.609137 -4.8731
0.456853 -5.02538
0.152284 -5.17766
-0.152284 -5.32995
-0.304569 -5.48223
-0.609137 -5.63452
-0.913706 -5.7868
-1.21827 -5.93909
-1.37056 -6.09137
-1.67513 -6.24365
-1.9797 -6.39594
-2.28426 -6.54822
-2.58883 -6.54822
-2.8934 -6.70051
-3.04569 -6.85279
-3.35025 -6.85279
-3.65482 -7.00508
-3.95939 -7.00508
-4.11168 -7.15736
-4.41624 -7.30964
-4.72081 -7.30964
-4.8731 -7.46193
-5.17766 -7.46193
-5.32995 -7.61421
-5.63452 -7.61421
-5.93909 -7.7665
-6.09137 -7.91878
-6.39594 -7.91878
-6.54822 -8.07107
-6.85279 -8.07107
-7.00508 -8.07107
-7.30964 -8.22335
-7.46193 -8.22335
-7.7665 -8.37563
-7.91878 -8.37563
-8.22335 -8.52792
-8.52792 -8.52792
-8.6802 -8.52792
-8.98477 -8.6802
-9.13706 -8.6802
-9.44162 -8.6802
-9.59391 -8.6802
-9.89848 -8.83249
-10.0508 -8.83249
-10.3553 -8.83249
-10.5076 -8.83249
-10.8122 -8.83249
-10.9645 -8.83249
-11.269 -8.83249
-11.4213 -8.83249
-11.7259 -8.83249
-11.8782 -8.83249
-12.1827 -8.83249
-12.335 -8.83249
-12.6396 -8.83249
-12.7919 -8.6802
-13.0964 -8.6802
-13.2487 -8.6802
-13.401 -8.6802
-13.7056 -8.6802
-13.8579 -8.52792
-14.1624 -8.52792
-14.3147 -8.52792
-14.467 -8.52792
-14.7716 -8.37563
-14.9239 -8.37563
-15.2284 -8.37563
-15.3807 -8.22335
-15.533 -8.22335
-15.8376 -8.07107
-15.9898 -8.07107
-16.1421 -8.07107
-16.4467 -7.91878
-16.599 -7.91878
-16.7513 -7.7665
-17.0558 -7.7665
-17.2081 -7.61421
-17.3604 -7.61421
-17.5127 -7.46193
-17.8173 -7.46193
-17.9695 -7.30964
-18.1218 -7.30964
-18.4264 -7.15736
-18.5787 -7.15736
-18.731 -7.00508
-18.8832 -7.00508
-19.1878 -6.85279
-19.3401 -6.85279
-19.4924 -6.70051
-19.6447 -6.70051
-19.9492 -6.54822
-20.1015 -6.39594
-20.2538 -6.39594
-20.4061 -6.24365
-20.7107 -6.09137
-20.8629 -6.09137
-21.0152 -5.93909
-21.1675 -5.7868
-21.4721 -5.7868
-21.6244 -5.63452
-21.7766 -5.48223
-21.9289 -5.32995
-22.2335 -5.32995
-22.3858 -5.17766
-22.5381 -5.02538
-22.6904 -4.8731
-22.8426 -4.72081
-23.1472 -4.72081
-23.2995 -4.56853
-23.4518 -4.41624
-23.6041 -4.26396
-23.7563 -4.11168
-24.0609 -3.95939
-24.2132 -3.80711
-24.3655 -3.65482
-24.5178 -3.50254
-24.6701 -3.35025
-24.8223 -3.19797
-24.9746 -3.04569
-25.1269 -2.8934
-25.2792 -2.58883
-25.5838 -2.43655
-25.736 -2.28426
-25.8883 -2.13198
-26.0406 -1.9797
-26.1929 -1.67513
-26.1929 -1.52284
-26.3452 -1.37056
-26.4975 -1.06599
-26.6497 -0.913706
-26.802 -0.761421
-26.9543 -0.456853
-26.9543 -0.304569
-27.1066 0
-27.2589 0.152284
-27.2589 0.456853
-27.4112 0.609137
-27.5635 0.913706
-27.5635 1.06599
-27.7157 1.37056
-27.7157 1.52284
-27.7157 1.82741
-27.868 2.13198
-27.868 2.28426
-27.868 2.58883
-27.868 2.74112
-27.868 3.04569
-28.0203 3.35025
-28.0203 3.50254
-28.0203 3.80711
-28.0203 4.11168
-28.0203 4.26396
-27.868 4.56853
-27.868 4.8731
-27.868 5.02538
-27.868 5.32995
-27.868 5.48223
-27.7157 5.7868
-27.7157 6.09137
-27.7157 6.24365
-27.5635 6.54822
-27.5635 6.70051
-27.5635 7.00508
-27.4112 7.15736
-27.4112 7.46193
-27.2589 7.7665
-27.2589 7.91878
-27.1066 8.22335
-26.9543 8.37563
-26.9543 8.6802
-26.802 8.83249
-26.6497 9.13706
-26.6497 9.28934
-26.4975 9.44162
-26.3452 9.74619
-26.3452 9.89848
-26.1929 10.203
-26.0406 10.3553
-25.8883 10.5076
-25.736 10.8122
-25.5838 10.9645
-25.5838 11.269
-25.4315 11.4213
-25.2792 11.5736
-25.1269 11.7259
-24.9746 12.0305
-24.8223 12.1827
-24.6701 12.335
-24.5178 12.6396
-24.3655 12.7919
-24.2132 12.9442
-24.0609 13.0964
-23.9086 13.401
-23.7563 13.5533
-23.6041 13.7056
-23.4518 13.8579
-23.2995 14.0102
-22.9949 14.1624
-22.8426 14.3147
-22.6904 14.467
-22.5381 14.6193
-22.3858 14.9239
-22.0812 15.0761
-21.9289 15.0761
-21.7766 15.2284
-21.4721 15.3807
-21.3198 15.533
-21.1675 15.6853
-20.8629 15.8376
-20.7107 15.9898
-20.4061 15.9898
-20.2538 16.1421
-20.1015 16.2944
-19.797 16.2944
-19.6447 16.4467
-19.3401 16.599
-19.1878 16.599
-18.8832 16.7513
-18.731 16.7513
-18.4264 16.9036
-18.1218 16.9036
-17.9695 16.9036
-17.665 17.0558
-17.5127 17.0558
-17.2081 17.0558
-17.0558 17.0558
-16.7513 17.0558
-16.4467 17.0558
-16.2944 17.2081
-15.9898 17.2081
-15.8376 17.2081
-15.533 17.2081
-15.3807 17.0558
-15.0761 17.0558
-14.7716 17.0558
-14.6193 17.0558
-14.3147 17.0558
-14.1624 17.0558
-13.8579 16.9036
-13.7056 16.9036
-13.401 16.9036
-13.2487 16.7513
-12.9442 16.7513
-12.7919 16.7513
-12.4873 16.599
-12.335 16.599
-12.1827 16.4467
-11.8782 16.4467
-11.7259 16.2944
-11.4213 16.2944
-11.269 16.2944
-11.1168 16.1421
-10.8122 16.1421
-10.6599 15.9898
-10.3553 15.9898
-10.203 15.8376
-10.0508 15.8376
-9.74619 15.6853
-9.59391 15.6853
-9.44162 15.6853
-9.13706 15.533
-8.98477 15.533
-8.6802 15.3807
-8.52792 15.3807
-8.37563 15.2284
-8.07107 15.2284
-7.91878 15.0761
-7.7665 15.0761
-7.46193 14.9239
-7.30964 14.9239
-7.00508 14.7716
-6.85279 14.7716
-6.70051 14.6193
-6.39594 14.467
-6.24365 14.3147
-6.09137 14.3147
-5.93909 14.1624
-5.63452 14.0102
-5.48223 13.8579
-5.32995 13.7056
-5.17766 13.5533
-5.02538 13.401
-4.8731 13.2487
-4.72081 13.0964
-4.56853 12.9442
-4.41624 12.7919
-4.26396 12.4873
-4.11168 12.335
-4.11168 12.1827
-3.95939 12.0305
-3.80711 11.7259
-3.65482 11.5736
-3.65482 11.4213
-3.50254 11.1168
-3.35025 10.9645
-3.35025 10.8122
-3.19797 10.6599
-3.19797 10.3553
-3.04569 10.203
-2.8934 10.0508
-2.8934 9.89848
-2.74112 9.59391
-2.58883 9.44162
-2.43655 9.28934
-2.43655 9.13706
-2.28426 8.83249
-2.13198 8.6802
-1.9797 8.52792
-1.82741 8.37563
-1.67513 8.22335
-1.52284 8.07107
-1.37056 7.7665
-1.21827 7.61421
-1.06599 7.46193
-0.913706 7.30964
-0.761421 7.00508
-0.609137 6.85279
-0.456853 6.70051
-0.304569 6.39594
-0.152284 6.24365
0 5.93909
0.152284 5.7868
0.304569 5.48223
0.456853 5.32995
0.456853 5.02538
0.609137 4.8731
0.609137 4.56853
0.761421 4.26396
0.761421 4.11168
