0.304569 5.32995
0.456853 5.02538
0.609137 4.72081
0.761421 4.41624
0.913706 4.11168
1.06599 3.80711
1.21827 3.50254
1.37056 3.19797
1.52284 2.8934
1.67513 2.58883
1.82741 2.28426
1.82741 1.9797
1.9797 1.52284
2.13198 1.21827
2.28426 0.913706
2.28426 0.609137
2.43655 0.152284
2.43655 -0.152284
2.43655 -0.456853
2.43655 -0.913706
2.43655 -1.21827
2.43655 -1.52284
2.43655 -1.82741
2.28426 -2.28426
2.28426 -2.58883
2.13198 -2.8934
1.9797 -3.19797
1.82741 -3.50254
1.67513 -3.80711
1.52284 -3.95939
1.21827 -4.26396
1.06599 -4.56853
0.761421 -4.72081
0.456853 -5.02538
0.152284 -5.17766
0 -5.48223
-0.304569 -5.63452
-0.609137 -5.7868
-0.913706 -5.93909
-1.21827 -6.09137
-1.52284 -6.24365
-1.9797 -6.39594
-2.28426 -6.54822
-2.58883 -6.70051
-2.8934 -6.70051
-3.19797 -6.85279
-3.50254 -7.00508
-3.80711 -7.00508
-4.11168 -7.15736
-4.41624 -7.30964
-4.72081 -7.30964
-5.02538 -7.46193
-5.32995 -7.61421
-5.63452 -7.61421
-5.93909 -7.7665
-6.09137 -7.7665
-6.39594 -7.91878
-6.70051 -8.07107
-7.00508 -8.07107
-7.30964 -8.22335
-7.46193 -8.22335
-7.7665 -8.37563
-8.07107 -8.37563
-8.37563 -8.52792
-8.52792 -8.52792
-8.83249 -8.52792
-9.13706 -8.6802
-9.44162 -8.6802
-9.59391 -8.83249
-9.89848 -8.83249
-10.203 -8.83249
-10.5076 -8.83249
-10.6599 -8.83249
-10.9645 -8.98477
-11.269 -8.98477
-11.5736 -8.98477
-11.7259 -8.98477
-12.0305 -8.98477
-12.335 -8.98477
-12.6396 -8.98477
-12.7919 -8.98477
-13.0964 -8.83249
-13.401 -8.83249
-13.5533 -8.83249
-13.8579 -8.83249
-14.1624 -8.6802
-14.3147 -8.6802
-14.6193 -8.6802
-14.9239 -8.6802
-15.0761 -8.52792
-15.3807 -8.52792
-15.533 -8.37563
-15.8376 -8.37563
-15.9898 -8.22335
-16.2944 -8.22335
-16.4467 -8.07107
-16.7513 -8.07107
-16.9036 -7.91878
-17.2081 -7.91878
-17.3604 -7.7665
-17.665 -7.7665
-17.8173 -7.61421
-18.1218 -7.61421
-18.2741 -7.46193
-18.4264 -7.46193
-18.731 -7.30964
-18.8832 -7.15736
-19.1878 -7.15736
-19.3401 -7.00508
-19.4924 -6.85279
-19.797 -6.85279
-19.9492 -6.70051
-20.1015 -6.54822
-20.4061 -6.54822
-20.5584 -6.39594
-20.7107 -6.24365
-20.8629 -6.24365
-21.1675 -6.09137
-21.3198 -5.93909
-21.4721 -5.7868
-21.6244 -5.63452
-21.9289 -5.63452
-22.0812 -5.48223
-22.2335 -5.32995
-22.3858 -5.17766
-22.5381 -5.02538
-22.8426 -5.02538
-22.9949 -4.8731
-23.1472 -4.72081
-23.2995 -4.56853
-23.4518 -4.41624
-23.6041 -4.26396
-23.7563 -4.11168
-24.0609 -3.95939
-24.2132 -3.80711
-24.3655 -3.65482
-24.5178 -3.50254
-24.6701 -3.35025
-24.8223 -3.19797
-24.9746 -3.04569
-25.1269 -2.8934
-25.2792 -2.74112
-25.4315 -2.58883
-25.5838 -2.43655
-25.736 -2.28426
-25.8883 -2.13198
-26.0406 -1.82741
-26.0406 -1.67513
-26.1929 -1.52284
-26.3452 -1.37056
-26.4975 -1.21827
-26.6497 -0.913706
-26.802 -0.761421
-26.802 -0.609137
-26.9543 -0.456853
-27.1066 -0.152284
-27.2589 0
-27.2589 0.152284
-27.4112 0.456853
-27.5635 0.609137
-27.5635 0.761421
-27.7157 1.06599
-27.868 1.21827
-27.868 1.37056
-28.0203 1.67513
-28.0203 1.82741
-28.1726 2.13198
-28.1726 2.28426
-28.3249 2.58883
-28.3249 2.74112
-28.4772 3.04569
-28.4772 3.19797
-28.4772 3.50254
-28.6294 3.65482
-28.6294 3.95939
-28.6294 4.11168
-28.7817 4.41624
-28.7817 4.56853
-28.7817 4.8731
-28.7817 5.02538
-28.7817 5.32995
-28.7817 5.48223
-28.934 5.7868
-28.934 5.93909
-28.934 6.24365
-28.934 6.39594
-28.934 6.70051
-28.934 7.00508
-28.934 7.15736
-28.934 7.46193
-28.7817 7.61421
-28.7817 7.91878
-28.7817 8.07107
-28.7817 8.37563
-28.7817 8.6802
-28.7817 8.83249
-28.6294 9.13706
-28.6294 9.28934
-28.6294 9.59391
-28.4772 9.74619
-28.4772 10.0508
-28.3249 10.3553
-28.3249 10.5076
-28.1726 10.8122
-28.1726 10.9645
-28.0203 11.269
-28.0203 11.4213
-27.868 11.7259
-27.868 11.8782
-27.7157 12.1827
-27.5635 12.335
-27.5635 12.6396
-27.4112 12.7919
-27.2589 13.0964
-27.2589 13.2487
-27.1066 13.5533
-26.9543 13.7056
-26.802 14.0102
-26.6497 14.1624
-26.6497 14.3147
-26.4975 14.6193
-26.3452 14.7716
-26.1929 15.0761
-26.0406 15.2284
-25.8883 15.3807
-25.736 15.6853
-25.5838 15.8376
-25.4315 16.1421
-25.2792 16.2944
-25.1269 16.4467
-24.8223 16.599
-24.6701 16.9036
-24.5178 17.0558
-24.3655 17.2081
-24.2132 17.3604
-23.9086 17.5127
-23.7563 17.8173
-23.6041 17.9695
-23.2995 18.1218
-23.1472 18.2741
-22.8426 18.4264
-22.6904 18.5787
-22.3858 18.731
-22.2335 18.8832
-21.9289 18.8832
-21.7766 19.0355
-21.4721 19.1878
-21.3198 19.3401
-21.0152 19.4924
-20.8629 19.4924
-20.5584 19.6447
-20.2538 19.6447
-20.1015 19.797
-19.797 19.797
-19.4924 19.9492
-19.1878 19.9492
-19.0355 19.9492
-18.731 19.9492
-18.4264 19.9492
-18.2741 20.1015
-17.9695 20.1015
-17.665 19.9492
-17.3604 19.9492
-17.2081 19.9492
-16.9036 19.9492
-16.599 19.797
-16.2944 19.797
-16.1421 19.6447
-15.8376 19.6447
-15.533 19.4924
-15.3807 19.3401
-15.0761 19.3401
-14.9239 19.1878
-14.6193 19.0355
-14.3147 18.8832
-14.1624 18.731
-14.0102 18.5787
-13.7056 18.4264
-13.5533 18.2741
-13.2487 18.1218
-13.0964 17.9695
-12.9442 17.9695
-12.6396 17.8173
-12.4873 17.665
-12.335 17.5127
-12.1827 17.3604
-11.8782 17.2081
-11.7259 17.0558
-11.5736 16.9036
-11.4213 16.9036
-11.1168 16.7513
-10.9645 16.599
-10.8122 16.4467
-10.6599 16.4467
-10.5076 16.2944
-10.203 16.1421
-10.0508 16.1421
-9.89848 15.9898
-9.74619 15.9898
-9.44162 15.8376
-9.28934 15.6853
-9.13706 15.6853
-8.98477 15.533
-8.6802 15.533
-8.52792 15.3807
-8.37563 15.2284
-8.07107 15.2284
-7.91878 15.0761
-7.7665 14.9239
-7.61421 14.9239
-7.30964 14.7716
-7.15736 14.6193
-7.00508 14.467
-6.85279 14.467
-6.70051 14.3147
-6.39594 14.1624
-6.24365 14.0102
-6.09137 13.8579
-5.93909 13.7056
-5.7868 13.5533
-5.63452 13.401
-5.48223 13.2487
-5.32995 13.0964
-5.17766 12.9442
-5.02538 12.7919
-4.8731 12.6396
-4.72081 12.4873
-4.56853 12.335
-4.41624 12.1827
-4.26396 11.8782
-4.11168 11.7259
-3.95939 11.5736
-3.80711 11.4213
-3.65482 11.269
-3.50254 11.1168
-3.35025 10.8122
-3.19797 10.6599
-3.04569 10.5076
-2.8934 10.3553
-2.8934 10.0508
-2.74112 9.89848
-2.58883 9.74619
-2.43655 9.44162
-2.28426 9.28934
-2.13198 9.13706
-1.9797 8.83249
-1.82741 8.6802
-1.67513 8.37563
-1.52284 8.22335
-1.37056 7.91878
-1.21827 7.7665
-1.06599 7.46193
-0.913706 7.30964
-0.761421 7.00508
-0.609137 6.85279
-0.456853 6.54822
-0.304569 6.39594
-0.152284 6.09137
0 5.7868
0.152284 5.48223
