3.04569 1.82741
3.04569 1.67513
3.19797 1.37056
3.19797 1.06599
3.19797 0.761421
3.19797 0.456853
3.19797 0.152284
3.19797 0
3.19797 -0.304569
3.19797 -0.609137
3.19797 -0.913706
3.04569 -1.21827
3.04569 -1.37056
2.8934 -1.67513
2.74112 -1.9797
2.58883 -2.28426
2.58883 -2.43655
2.43655 -2.74112
2.28426 -3.04569
2.13198 -3.19797
1.9797 -3.50254
1.67513 -3.65482
1.52284 -3.95939
1.37056 -4.11168
1.21827 -4.26396
0.913706 -4.56853
0.761421 -4.72081
0.609137 -4.8731
0.304569 -5.02538
0.152284 -5.17766
-0.152284 -5.32995
-0.304569 -5.48223
-0.609137 -5.63452
-0.761421 -5.7868
-1.06599 -5.93909
-1.37056 -6.09137
-1.52284 -6.24365
-1.82741 -6.39594
-1.9797 -6.54822
-2.28426 -6.54822
-2.43655 -6.70051
-2.74112 -6.85279
-3.04569 -6.85279
-3.19797 -7.00508
-3.50254 -7.15736
-3.65482 -7.15736
-3.95939 -7.30964
-4.11168 -7.30964
-4.41624 -7.46193
-4.56853 -7.46193
-4.8731 -7.61421
-5.02538 -7.61421
-5.32995 -7.61421
-5.48223 -7.7665
-5.63452 -7.7665
-5.93909 -7.91878
-6.09137 -7.91878
-6.39594 -8.07107
-6.54822 -8.07107
-6.70051 -8.07107
-7.00508 -8.22335
-7.15736 -8.22335
-7.30964 -8.22335
-7.61421 -8.37563
-7.7665 -8.37563
-7.91878 -8.37563
-8.07107 -8.37563
-8.37563 -8.52792
-8.52792 -8.52792
-8.6802 -8.52792
-8.98477 -8.52792
-9.13706 -8.6802
-9.28934 -8.6802
-9.44162 -8.6802
-9.74619 -8.6802
-9.89848 -8.6802
-10.0508 -8.6802
-10.3553 -8.83249
-10.5076 -8.83249
-10.6599 -8.83249
-10.8122 -8.83249
-11.1168 -8.83249
-11.269 -8.83249
-11.4213 -8.83249
-11.5736 -8.83249
-11.8782 -8.83249
-12.0305 -8.83249
-12.1827 -8.83249
-12.335 -8.83249
-12.6396 -8.83249
-12.7919 -8.6802
-12.9442 -8.6802
-13.0964 -8.6802
-13.2487 -8.6802
-13.5533 -8.6802
-13.7056 -8.6802
-13.8579 -8.6802
-14.0102 -8.52792
-14.1624 -8.52792
-14.467 -8.52792
-14.6193 -8.52792
-14.7716 -8.52792
-14.9239 -8.37563
-15.0761 -8.37563
-15.3807 -8.37563
-15.533 -8.37563
-15.6853 -8.22335
-15.8376 -8.22335
-15.9898 -8.22335
-16.1421 -8.07107
-16.4467 -8.07107
-16.599 -8.07107
-16.7513 -7.91878
-16.9036 -7.91878
-17.0558 -7.7665
-17.2081 -7.7665
-17.3604 -7.61421
-17.665 -7.61421
-17.8173 -7.61421
-17.9695 -7.46193
-18.1218 -7.46193
-18.2741 -7.30964
-18.4264 -7.30964
-18.5787 -7.15736
-18.731 -7.00508
-19.0355 -7.00508
-19.1878 -6.85279
-19.3401 -6.85279
-19.4924 -6.70051
-19.6447 -6.70051
-19.797 -6.54822
-19.9492 -6.39594
-20.2538 -6.39594
-20.4061 -6.24365
-20.5584 -6.09137
-20.7107 -6.09137
-20.8629 -5.93909
-21.0152 -5.7868
-21.1675 -5.7868
-21.4721 -5.63452
-21.6244 -5.48223
-21.7766 -5.48223
-21.9289 -5.32995
-22.2335 -5.17766
-22.3858 -5.02538
-22.5381 -5.02538
-22.6904 -4.8731
-22.9949 -4.72081
-23.1472 -4.56853
-23.2995 -4.41624
-23.6041 -4.41624
-23.7563 -4.26396
-23.9086 -4.11168
-24.2132 -3.95939
-24.3655 -3.80711
-24.5178 -3.65482
-24.8223 -3.50254
-24.9746 -3.35025
-25.1269 -3.04569
-25.2792 -2.8934
-25.4315 -2.74112
-25.736 -2.58883
-25.8883 -2.28426
-26.0406 -2.13198
-26.1929 -1.9797
-26.3452 -1.67513
-26.3452 -1.52284
-26.4975 -1.21827
-26.6497 -1.06599
-26.802 -0.761421
-26.802 -0.609137
-26.9543 -0.304569
-26.9543 -0.152284
-27.1066 0.152284
-27.1066 0.456853
-27.1066 0.609137
-27.1066 0.913706
-27.1066 1.06599
-27.1066 1.37056
-27.1066 1.67513
-27.1066 1.82741
-27.1066 2.13198
-27.1066 2.43655
-27.1066 2.58883
-27.1066 2.8934
-26.9543 3.19797
-26.9543 3.35025
-26.9543 3.65482
-26.802 3.80711
-26.802 4.11168
-26.6497 4.41624
-26.6497 4.56853
-26.4975 4.8731
-26.4975 5.02538
-26.3452 5.32995
-26.3452 5.48223
-26.1929 5.7868
-26.0406 5.93909
-26.0406 6.24365
-25.8883 6.39594
-25.736 6.70051
-25.736 6.85279
-25.5838 7.00508
-25.4315 7.30964
-25.2792 7.46193
-25.1269 7.7665
-25.1269 7.91878
-24.9746 8.07107
-24.8223 8.37563
-24.6701 8.52792
-24.5178 8.6802
-24.3655 8.83249
-24.2132 8.98477
-24.0609 9.28934
-23.9086 9.44162
-23.7563 9.59391
-23.6041 9.74619
-23.4518 9.89848
-23.1472 10.0508
-22.9949 10.203
-22.8426 10.3553
-22.6904 10.5076
-22.5381 10.6599
-22.2335 10.8122
-22.0812 10.9645
-21.9289 11.1168
-21.7766 11.1168
-21.4721 11.269
-21.3198 11.4213
-21.1675 11.5736
-20.8629 11.5736
-20.7107 11.7259
-20.5584 11.8782
-20.2538 11.8782
-20.1015 12.0305
-19.9492 12.1827
-19.797 12.1827
-19.4924 12.335
-19.3401 12.4873
-19.1878 12.4873
-18.8832 12.6396
-18.731 12.6396
-18.5787 12.7919
-18.4264 12.9442
-18.1218 12.9442
-17.9695 13.0964
-17.8173 13.0964
-17.5127 13.2487
-17.3604 13.2487
-17.2081 13.401
-16.9036 13.401
-16.7513 13.5533
-16.599 13.5533
-16.2944 13.7056
-16.1421 13.7056
-15.9898 13.7056
-15.6853 13.8579
-15.533 13.8579
-15.2284 13.8579
-15.0761 13.8579
-14.9239 13.8579
-14.6193 13.8579
-14.467 13.8579
-14.1624 13.8579
-14.0102 13.8579
-13.8579 13.8579
-13.5533 13.7056
-13.401 13.7056
-13.0964 13.5533
-12.9442 13.5533
-12.7919 13.401
-12.4873 13.401
-12.335 13.2487
-12.1827 13.0964
-12.0305 12.9442
-11.7259 12.9442
-11.5736 12.7919
-11.4213 12.6396
-11.269 12.6396
-11.1168 12.4873
-10.9645 12.335
-10.8122 12.1827
-10.5076 12.1827
-10.3553 12.0305
-10.203 12.0305
-10.0508 11.8782
-9.89848 11.8782
-9.74619 11.7259
-9.59391 11.7259
-9.44162 11.7259
-9.13706 11.5736
-8.98477 11.5736
-8.83249 11.5736
-8.6802 11.5736
-8.52792 11.5736
-8.22335 11.5736
-8.07107 11.5736
-7.91878 11.5736
-7.61421 11.5736
-7.46193 11.5736
-7.15736 11.5736
-7.00508 11.5736
-6.70051 11.4213
-6.54822 11.4213
-6.24365 11.4213
-6.09137 11.4213
-5.7868 11.4213
-5.63452 11.4213
-5.32995 11.269
-5.17766 11.269
-4.8731 11.269
-4.72081 11.1168
-4.41624 11.1168
-4.26396 10.9645
-4.11168 10.9645
-3.80711 10.8122
-3.65482 10.6599
-3.50254 10.5076
-3.19797 10.5076
-3.04569 10.3553
-2.8934 10.203
-2.74112 10.0508
-2.58883 9.89848
-2.43655 9.74619
-2.28426 9.59391
-2.13198 9.28934
-1.9797 9.13706
-1.82741 8.98477
-1.67513 8.83249
-1.52284 8.6802
-1.37056 8.37563
-1.37056 8.22335
-1.21827 8.07107
-1.06599 7.7665
-0.913706 7.61421
-0.913706 7.46193
-0.761421 7.15736
-0.761421 7.00508
-0.609137 6.85279
-0.456853 6.54822
-0.456853 6.39594
-0.304569 6.24365
-0.304569 5.93909
-0.152284 5.7868
0 5.48223
0 5.32995
0.152284 5.17766
0.304569 4.8731
0.456853 4.72081
0.456853 4.41624
0.609137 4.26396
0.761421 4.11168
1.06599 3.80711
1.21827 3.65482
1.37056 3.35025
1.52284 3.19797
1.82741 2.8934
1.9797 2.74112
2.28426 2.43655
2.58883 2.13198
