0.304569 5.17766
0.456853 4.8731
0.609137 4.56853
0.761421 4.26396
0.913706 3.95939
1.06599 3.65482
1.21827 3.35025
1.37056 3.04569
1.52284 2.74112
1.52284 2.43655
1.67513 2.13198
1.82741 1.82741
1.9797 1.52284
2.13198 1.21827
2.13198 0.761421
2.28426 0.456853
2.28426 0.152284
2.43655 -0.152284
2.43655 -0.609137
2.43655 -0.913706
2.43655 -1.21827
2.43655 -1.52284
2.28426 -1.9797
2.28426 -2.28426
2.13198 -2.58883
2.13198 -2.8934
1.9797 -3.19797
1.82741 -3.50254
1.67513 -3.80711
1.37056 -3.95939
1.21827 -4.26396
0.913706 -4.56853
0.761421 -4.72081
0.456853 -5.02538
0.152284 -5.17766
-0.152284 -5.32995
-0.304569 -5.48223
-0.609137 -5.7868
-0.913706 -5.93909
-1.21827 -6.09137
-1.52284 -6.24365
-1.82741 -6.39594
-2.13198 -6.39594
-2.43655 -6.54822
-2.74112 -6.70051
-3.19797 -6.85279
-3.35025 -7.00508
-3.65482 -7.00508
-3.95939 -7.15736
-4.26396 -7.30964
-4.56853 -7.30964
-4.8731 -7.46193
-5.17766 -7.61421
-5.48223 -7.61421
-5.7868 -7.7665
-5.93909 -7.91878
-6.24365 -7.91878
-6.54822 -8.07107
-6.85279 -8.07107
-7.00508 -8.22335
-7.30964 -8.37563
-7.61421 -8.37563
-7.7665 -8.52792
-8.07107 -8.52792
-8.37563 -8.6802
-8.6802 -8.6802
-8.83249 -8.6802
-9.13706 -8.83249
-9.44162 -8.83249
-9.59391 -8.98477
-9.89848 -8.98477
-10.203 -8.98477
-10.5076 -8.98477
-10.6599 -8.98477
-10.9645 -9.13706
-11.269 -9.13706
-11.5736 -9.13706
-11.7259 -9.13706
-12.0305 -9.13706
-12.335 -8.98477
-12.4873 -8.98477
-12.7919 -8.98477
-13.0964 -8.98477
-13.401 -8.98477
-13.5533 -8.83249
-13.8579 -8.83249
-14.0102 -8.83249
-14.3147 -8.6802
-14.6193 -8.6802
-14.7716 -8.52792
-15.0761 -8.52792
-15.2284 -8.52792
-15.533 -8.37563
-15.6853 -8.37563
-15.9898 -8.22335
-16.1421 -8.22335
-16.4467 -8.07107
-16.599 -7.91878
-16.9036 -7.91878
-17.0558 -7.7665
-17.3604 -7.7665
-17.5127 -7.61421
-17.665 -7.61421
-17.9695 -7.46193
-18.1218 -7.30964
-18.4264 -7.30964
-18.5787 -7.15736
-18.731 -7.00508
-19.0355 -7.00508
-19.1878 -6.85279
-19.3401 -6.85279
-19.6447 -6.70051
-19.797 -6.54822
-19.9492 -6.54822
-20.1015 -6.39594
-20.4061 -6.24365
-20.5584 -6.09137
-20.7107 -6.09137
-20.8629 -5.93909
-21.1675 -5.7868
-21.3198 -5.7868
-21.4721 -5.63452
-21.6244 -5.48223
-21.9289 -5.32995
-22.0812 -5.32995
-22.2335 -5.17766
-22.3858 -5.02538
-22.5381 -4.8731
-22.8426 -4.8731
-22.9949 -4.72081
-23.1472 -4.56853
-23.2995 -4.41624
-23.4518 -4.26396
-23.7563 -4.11168
-23.9086 -3.95939
-24.0609 -3.95939
-24.2132 -3.80711
-24.3655 -3.65482
-24.5178 -3.50254
-24.6701 -3.35025
-24.8223 -3.19797
-24.9746 -3.04569
-25.1269 -2.8934
-25.4315 -2.58883
-25.5838 -2.43655
-25.5838 -2.28426
-25.736 -2.13198
-25.8883 -1.9797
-26.0406 -1.82741
-26.1929 -1.67513
-26.3452 -1.37056
-26.4975 -1.21827
-26.6497 -1.06599
-26.6497 -0.913706
-26.802 -0.609137
-26.9543 -0.456853
-27.1066 -0.304569
-27.1066 0
-27.2589 0.152284
-27.4112 0.304569
-27.4112 0.609137
-27.5635 0.761421
-27.7157 1.06599
-27.7157 1.21827
-27.868 1.37056
-27.868 1.67513
-28.0203 1.82741
-28.0203 2.13198
-28.1726 2.28426
-28.1726 2.58883
-28.1726 2.74112
-28.3249 3.04569
-28.3249 3.19797
-28.3249 3.50254
-28.4772 3.65482
-28.4772 3.95939
-28.4772 4.11168
-28.4772 4.41624
-28.6294 4.56853
-28.6294 4.8731
-28.6294 5.17766
-28.6294 5.32995
-28.6294 5.63452
-28.6294 5.7868
-28.6294 6.09137
-28.6294 6.24365
-28.6294 6.54822
-28.6294 6.85279
-28.6294 7.00508
-28.6294 7.30964
-28.6294 7.46193
-28.6294 7.7665
-28.6294 7.91878
-28.4772 8.22335
-28.4772 8.52792
-28.4772 8.6802
-28.3249 8.98477
-28.3249 9.13706
-28.3249 9.44162
-28.1726 9.59391
-28.1726 9.89848
-28.0203 10.0508
-28.0203 10.3553
-27.868 10.5076
-27.868 10.8122
-27.7157 10.9645
-27.7157 11.269
-27.5635 11.4213
-27.4112 11.7259
-27.4112 11.8782
-27.2589 12.1827
-27.1066 12.335
-26.9543 12.6396
-26.9543 12.7919
-26.802 12.9442
-26.6497 13.2487
-26.4975 13.401
-26.3452 13.7056
-26.1929 13.8579
-26.0406 14.0102
-25.8883 14.3147
-25.8883 14.467
-25.736 14.6193
-25.5838 14.9239
-25.2792 15.0761
-25.1269 15.2284
-24.9746 15.3807
-24.8223 15.6853
-24.6701 15.8376
-24.5178 15.9898
-24.3655 16.1421
-24.2132 16.2944
-23.9086 16.599
-23.7563 16.7513
-23.6041 16.9036
-23.4518 17.0558
-23.1472 17.2081
-22.9949 17.3604
-22.8426 17.5127
-22.5381 17.665
-22.3858 17.8173
-22.2335 17.9695
-21.9289 18.1218
-21.7766 18.2741
-21.6244 18.4264
-21.3198 18.5787
-21.1675 18.731
-20.8629 18.8832
-20.7107 19.0355
-20.4061 19.0355
-20.2538 19.1878
-19.9492 19.3401
-19.6447 19.3401
-19.4924 19.4924
-19.1878 19.4924
-18.8832 19.6447
-18.731 19.6447
-18.4264 19.797
-18.1218 19.797
-17.9695 19.797
-17.665 19.797
-17.3604 19.797
-17.0558 19.797
-16.9036 19.797
-16.599 19.797
-16.2944 19.6447
-15.9898 19.6447
-15.8376 19.4924
-15.533 19.4924
-15.2284 19.3401
-15.0761 19.1878
-14.7716 19.0355
-14.6193 18.8832
-14.3147 18.8832
-14.1624 18.731
-13.8579 18.5787
-13.7056 18.4264
-13.401 18.2741
-13.2487 18.1218
-13.0964 17.9695
-12.7919 17.8173
-12.6396 17.665
-12.4873 17.5127
-12.1827 17.3604
-12.0305 17.2081
-11.8782 17.0558
-11.7259 16.9036
-11.5736 16.7513
-11.269 16.599
-11.1168 16.4467
-10.9645 16.2944
-10.8122 16.2944
-10.5076 16.1421
-10.3553 16.1421
-10.203 15.9898
-10.0508 15.8376
-9.89848 15.8376
-9.59391 15.6853
-9.44162 15.6853
-9.28934 15.533
-9.13706 15.533
-8.83249 15.3807
-8.6802 15.3807
-8.52792 15.2284
-8.22335 15.0761
-8.07107 15.0761
-7.91878 14.9239
-7.7665 14.9239
-7.46193 14.7716
-7.30964 14.6193
-7.15736 14.6193
-7.00508 14.467
-6.70051 14.3147
-6.54822 14.1624
-6.39594 14.0102
-6.24365 13.8579
-6.09137 13.7056
-5.93909 13.7056
-5.7868 13.5533
-5.63452 13.401
-5.48223 13.0964
-5.32995 12.9442
-5.17766 12.7919
-5.02538 12.6396
-4.8731 12.4873
-4.72081 12.335
-4.56853 12.1827
-4.41624 12.0305
-4.26396 11.8782
-4.11168 11.5736
-4.11168 11.4213
-3.95939 11.269
-3.80711 11.1168
-3.65482 10.9645
-3.50254 10.8122
-3.35025 10.5076
-3.19797 10.3553
-3.04569 10.203
-2.8934 10.0508
-2.74112 9.74619
-2.58883 9.59391
-2.43655 9.44162
-2.28426 9.28934
-2.13198 8.98477
-1.9797 8.83249
-1.82741 8.6802
-1.67513 8.37563
-1.52284 8.22335
-1.37056 8.07107
-1.21827 7.7665
-1.06599 7.61421
-0.913706 7.30964
-0.761421 7.15736
-0.609137 6.85279
-0.456853 6.70051
-0.304569 6.39594
-0.152284 6.09137
0 5.93909
0 5.63452
0.152284 5.32995
