0.913706 3.80711
1.37056 3.50254
1.67513 3.19797
1.9797 2.8934
2.28426 2.58883
2.43655 2.28426
2.58883 1.9797
2.8934 1.67513
3.04569 1.37056
3.04569 1.06599
3.19797 0.761421
3.19797 0.456853
3.19797 0.152284
3.19797 -0.152284
3.19797 -0.609137
3.19797 -0.913706
3.19797 -1.21827
3.04569 -1.37056
2.8934 -1.67513
2.8934 -1.9797
2.74112 -2.28426
2.58883 -2.58883
2.43655 -2.8934
2.28426 -3.04569
1.9797 -3.35025
1.82741 -3.65482
1.67513 -3.80711
1.37056 -4.11168
1.21827 -4.26396
0.913706 -4.56853
0.761421 -4.72081
0.456853 -4.8731
0.304569 -5.02538
0 -5.32995
-0.304569 -5.48223
-0.456853 -5.63452
-0.761421 -5.7868
-1.06599 -5.93909
-1.37056 -6.09137
-1.52284 -6.24365
-1.82741 -6.39594
-2.13198 -6.54822
-2.43655 -6.54822
-2.74112 -6.70051
-2.8934 -6.85279
-3.19797 -7.00508
-3.50254 -7.00508
-3.80711 -7.15736
-3.95939 -7.30964
-4.26396 -7.30964
-4.56853 -7.46193
-4.72081 -7.46193
-5.02538 -7.61421
-5.32995 -7.7665
-5.48223 -7.7665
-5.7868 -7.91878
-6.09137 -7.91878
-6.24365 -8.07107
-6.54822 -8.07107
-6.70051 -8.07107
-7.00508 -8.22335
-7.30964 -8.22335
-7.46193 -8.37563
-7.7665 -8.37563
-7.91878 -8.37563
-8.22335 -8.52792
-8.37563 -8.52792
-8.6802 -8.52792
-8.98477 -8.52792
-9.13706 -8.6802
-9.44162 -8.6802
-9.59391 -8.6802
-9.89848 -8.6802
-10.0508 -8.6802
-10.3553 -8.6802
-10.5076 -8.83249
-10.8122 -8.83249
-10.9645 -8.83249
-11.269 -8.83249
-11.4213 -8.83249
-11.7259 -8.83249
-11.8782 -8.83249
-12.1827 -8.83249
-12.335 -8.83249
-12.6396 -8.6802
-12.7919 -8.6802
-13.0964 -8.6802
-13.2487 -8.6802
-13.401 -8.6802
-13.7056 -8.6802
-13.8579 -8.52792
-14.1624 -8.52792
-14.3147 -8.52792
-14.467 -8.52792
-14.7716 -8.37563
-14.9239 -8.37563
-15.2284 -8.37563
-15.3807 -8.22335
-15.533 -8.22335
-15.8376 -8.22335
-15.9898 -8.07107
-16.1421 -8.07107
-16.4467 -7.91878
-16.599 -7.91878
-16.7513 -7.7665
-17.0558 -7.7665
-17.2081 -7.7665
-17.3604 -7.61421
-17.5127 -7.61421
-17.8173 -7.46193
-17.9695 -7.30964
-18.1218 -7.30964
-18.2741 -7.15736
-18.5787 -7.15736
-18.731 -7.00508
-18.8832 -7.00508
-19.0355 -6.85279
-19.3401 -6.85279
-19.4924 -6.70051
-19.6447 -6.54822
-19.797 -6.54822
-19.9492 -6.39594
-20.2538 -6.39594
-20.4061 -6.24365
-20.5584 -6.09137
-20.7107 -6.09137
-20.8629 -5.93909
-21.1675 -5.7868
-21.3198 -5.7868
-21.4721 -5.63452
-21.6244 -5.48223
-21.9289 -5.48223
-22.0812 -5.32995
-22.2335 -5.17766
-22.3858 -5.02538
-22.5381 -5.02538
-22.8426 -4.8731
-22.9949 -4.72081
-23.1472 -4.56853
-23.2995 -4.41624
-23.4518 -4.26396
-23.7563 -4.26396
-23.9086 -4.11168
-24.0609 -3.95939
-24.2132 -3.80711
-24.3655 -3.65482
-24.5178 -3.50254
-24.6701 -3.35025
-24.8223 -3.19797
-25.1269 -2.8934
-25.2792 -2.74112
-25.4315 -2.58883
-25.5838 -2.43655
-25.736 -2.28426
-25.8883 -2.13198
-26.0406 -1.82741
-26.1929 -1.67513
-26.1929 -1.52284
-26.3452 -1.37056
-26.4975 -1.06599
-26.6497 -0.913706
-26.802 -0.761421
-26.9543 -0.456853
-26.9543 -0.304569
-27.1066 0
-27.2589 0.152284
-27.2589 0.456853
-27.4112 0.609137
-27.4112 0.913706
-27.5635 1.06599
-27.5635 1.37056
-27.7157 1.52284
-27.7157 1.82741
-27.7157 1.9797
-27.868 2.28426
-27.868 2.58883
-27.868 2.74112
-27.868 3.04569
-27.868 3.19797
-27.868 3.50254
-27.868 3.80711
-27.868 3.95939
-27.868 4.26396
-27.868 4.41624
-27.868 4.72081
-27.868 5.02538
-27.868 5.17766
-27.868 5.48223
-27.7157 5.63452
-27.7157 5.93909
-27.7157 6.09137
-27.5635 6.39594
-27.5635 6.70051
-27.5635 6.85279
-27.4112 7.15736
-27.4112 7.30964
-27.2589 7.61421
-27.2589 7.7665
-27.1066 8.07107
-27.1066 8.22335
-26.9543 8.52792
-26.9543 8.6802
-26.802 8.98477
-26.6497 9.13706
-26.6497 9.44162
-26.4975 9.59391
-26.3452 9.89848
-26.1929 10.0508
-26.1929 10.203
-26.0406 10.5076
-25.8883 10.6599
-25.736 10.8122
-25.736 11.1168
-25.5838 11.269
-25.4315 11.4213
-25.2792 11.7259
-25.1269 11.8782
-24.9746 12.0305
-24.8223 12.335
-24.6701 12.4873
-24.5178 12.6396
-24.3655 12.7919
-24.2132 13.0964
-24.0609 13.2487
-23.9086 13.401
-23.7563 13.5533
-23.6041 13.7056
-23.4518 14.0102
-23.2995 14.1624
-22.9949 14.3147
-22.8426 14.467
-22.6904 14.6193
-22.5381 14.7716
-22.3858 14.9239
-22.0812 15.0761
-21.9289 15.2284
-21.7766 15.3807
-21.4721 15.533
-21.3198 15.6853
-21.1675 15.6853
-20.8629 15.8376
-20.7107 15.9898
-20.4061 16.1421
-20.2538 16.1421
-19.9492 16.2944
-19.797 16.4467
-19.6447 16.4467
-19.3401 16.599
-19.1878 16.599
-18.8832 16.7513
-18.5787 16.7513
-18.4264 16.9036
-18.1218 16.9036
-17.9695 16.9036
-17.665 16.9036
-17.5127 17.0558
-17.2081 17.0558
-16.9036 17.0558
-16.7513 17.0558
-16.4467 17.0558
-16.2944 17.0558
-15.9898 17.0558
-15.8376 17.0558
-15.533 17.0558
-15.2284 17.0558
-15.0761 17.0558
-14.7716 16.9036
-14.6193 16.9036
-14.3147 16.9036
-14.1624 16.7513
-13.8579 16.7513
-13.7056 16.599
-13.401 16.599
-13.2487 16.599
-12.9442 16.4467
-12.7919 16.4467
-12.6396 16.2944
-12.335 16.2944
-12.1827 16.1421
-11.8782 15.9898
-11.7259 15.9898
-11.5736 15.8376
-11.269 15.8376
-11.1168 15.6853
-10.9645 15.6853
-10.6599 15.533
-10.5076 15.533
-10.3553 15.3807
-10.0508 15.3807
-9.89848 15.2284
-9.74619 15.2284
-9.44162 15.2284
-9.28934 15.0761
-9.13706 15.0761
-8.83249 14.9239
-8.6802 14.9239
-8.52792 14.9239
-8.22335 14.7716
-8.07107 14.7716
-7.91878 14.6193
-7.61421 14.6193
-7.46193 14.467
-7.15736 14.467
-7.00508 14.3147
-6.85279 14.3147
-6.54822 14.1624
-6.39594 14.0102
-6.24365 14.0102
-5.93909 13.8579
-5.7868 13.7056
-5.63452 13.5533
-5.48223 13.401
-5.32995 13.2487
-5.17766 13.0964
-4.8731 12.9442
-4.72081 12.7919
-4.56853 12.6396
-4.41624 12.4873
-4.41624 12.335
-4.26396 12.1827
-4.11168 12.0305
-3.95939 11.7259
-3.80711 11.5736
-3.65482 11.4213
-3.65482 11.269
-3.50254 10.9645
-3.35025 10.8122
-3.19797 10.6599
-3.19797 10.5076
-3.04569 10.203
-2.8934 10.0508
-2.74112 9.89848
-2.74112 9.74619
-2.58883 9.44162
-2.43655 9.28934
-2.28426 9.13706
-2.13198 8.98477
-1.9797 8.83249
-1.82741 8.52792
-1.67513 8.37563
-1.52284 8.22335
-1.37056 8.07107
-1.21827 7.7665
-1.06599 7.61421
-0.913706 7.46193
-0.761421 7.30964
-0.609137 7.00508
-0.456853 6.85279
-0.304569 6.54822
-0.152284 6.39594
0 6.24365
0.152284 5.93909
0.152284 5.7868
0.304569 5.48223
0.456853 5.17766
0.609137 5.02538
0.609137 4.72081
0.761421 4.56853
0.761421 4.26396
0.761421 3.95939
