2.28426 4.11168
2.43655 3.80711
2.43655 3.50254
2.58883 3.19797
2.74112 2.8934
2.74112 2.58883
2.8934 2.28426
2.8934 1.9797
3.04569 1.67513
3.04569 1.37056
3.04569 1.06599
3.19797 0.761421
3.19797 0.304569
3.19797 0
3.19797 -0.304569
3.04569 -0.609137
3.04569 -0.913706
3.04569 -1.21827
2.8934 -1.52284
2.8934 -1.82741
2.74112 -2.13198
2.58883 -2.43655
2.43655 -2.74112
2.28426 -2.8934
2.13198 -3.19797
1.9797 -3.50254
1.82741 -3.80711
1.67513 -3.95939
1.37056 -4.26396
1.21827 -4.41624
0.913706 -4.72081
0.761421 -4.8731
0.456853 -5.02538
0.304569 -5.32995
0 -5.48223
-0.304569 -5.63452
-0.609137 -5.7868
-0.761421 -5.93909
-1.06599 -6.09137
-1.37056 -6.24365
-1.67513 -6.39594
-1.9797 -6.54822
-2.28426 -6.70051
-2.43655 -6.70051
-2.74112 -6.85279
-3.04569 -7.00508
-3.35025 -7.15736
-3.65482 -7.15736
-3.95939 -7.30964
-4.11168 -7.30964
-4.41624 -7.46193
-4.72081 -7.46193
-5.02538 -7.61421
-5.32995 -7.7665
-5.48223 -7.7665
-5.7868 -7.7665
-6.09137 -7.91878
-6.24365 -7.91878
-6.54822 -8.07107
-6.85279 -8.07107
-7.00508 -8.22335
-7.30964 -8.22335
-7.61421 -8.22335
-7.7665 -8.37563
-8.07107 -8.37563
-8.22335 -8.37563
-8.52792 -8.52792
-8.83249 -8.52792
-8.98477 -8.52792
-9.28934 -8.52792
-9.44162 -8.6802
-9.74619 -8.6802
-9.89848 -8.6802
-10.203 -8.6802
-10.5076 -8.6802
-10.6599 -8.6802
-10.9645 -8.6802
-11.1168 -8.83249
-11.4213 -8.83249
-11.5736 -8.83249
-11.8782 -8.83249
-12.0305 -8.83249
-12.335 -8.83249
-12.4873 -8.83249
-12.7919 -8.6802
-12.9442 -8.6802
-13.2487 -8.6802
-13.401 -8.6802
-13.7056 -8.6802
-13.8579 -8.6802
-14.1624 -8.6802
-14.3147 -8.52792
-14.467 -8.52792
-14.7716 -8.52792
-14.9239 -8.52792
-15.2284 -8.37563
-15.3807 -8.37563
-15.6853 -8.37563
-15.8376 -8.22335
-15.9898 -8.22335
-16.2944 -8.22335
-16.4467 -8.07107
-16.599 -8.07107
-16.9036 -7.91878
-17.0558 -7.91878
-17.2081 -7.7665
-17.5127 -7.7665
-17.665 -7.61421
-17.8173 -7.61421
-18.1218 -7.46193
-18.2741 -7.46193
-18.4264 -7.30964
-18.5787 -7.15736
-18.8832 -7.15736
-19.0355 -7.00508
-19.1878 -7.00508
-19.3401 -6.85279
-19.6447 -6.70051
-19.797 -6.70051
-19.9492 -6.54822
-20.1015 -6.39594
-20.4061 -6.39594
-20.5584 -6.24365
-20.7107 -6.09137
-20.8629 -6.09137
-21.0152 -5.93909
-21.3198 -5.7868
-21.4721 -5.63452
-21.6244 -5.63452
-21.7766 -5.48223
-21.9289 -5.32995
-22.2335 -5.17766
-22.3858 -5.17766
-22.5381 -5.02538
-22.6904 -4.8731
-22.8426 -4.72081
-22.9949 -4.56853
-23.1472 -4.41624
-23.4518 -4.26396
-23.6041 -4.26396
-23.7563 -4.11168
-23.9086 -3.95939
-24.0609 -3.80711
-24.2132 -3.65482
-24.3655 -3.50254
-24.5178 -3.35025
-24.8223 -3.19797
-24.9746 -3.04569
-25.1269 -2.8934
-25.2792 -2.58883
-25.4315 -2.43655
-25.5838 -2.28426
-25.736 -2.13198
-25.8883 -1.9797
-26.0406 -1.82741
-26.1929 -1.52284
-26.3452 -1.37056
-26.4975 -1.21827
-26.6497 -1.06599
-26.6497 -0.761421
-26.802 -0.609137
-26.9543 -0.456853
-27.1066 -0.152284
-27.1066 0
-27.2589 0.304569
-27.4112 0.456853
-27.4112 0.761421
-27.5635 0.913706
-27.5635 1.21827
-27.7157 1.37056
-27.7157 1.67513
-27.7157 1.82741
-27.868 2.13198
-27.868 2.28426
-27.868 2.58883
-27.868 2.8934
-27.868 3.04569
-27.868 3.35025
-27.868 3.50254
-27.868 3.80711
-27.868 4.11168
-27.868 4.26396
-27.868 4.56853
-27.868 4.72081
-27.868 5.02538
-27.868 5.17766
-27.7157 5.48223
-27.7157 5.7868
-27.7157 5.93909
-27.7157 6.24365
-27.5635 6.39594
-27.5635 6.70051
-27.5635 6.85279
-27.4112 7.15736
-27.4112 7.30964
-27.4112 7.61421
-27.2589 7.7665
-27.2589 8.07107
-27.1066 8.22335
-27.1066 8.52792
-26.9543 8.6802
-26.9543 8.98477
-26.802 9.13706
-26.802 9.44162
-26.6497 9.59391
-26.6497 9.89848
-26.4975 10.0508
-26.3452 10.3553
-26.3452 10.5076
-26.1929 10.6599
-26.0406 10.9645
-25.8883 11.1168
-25.8883 11.4213
-25.736 11.5736
-25.5838 11.7259
-25.4315 12.0305
-25.2792 12.1827
-25.1269 12.335
-24.9746 12.4873
-24.8223 12.6396
-24.6701 12.9442
-24.5178 13.0964
-24.3655 13.2487
-24.2132 13.401
-23.9086 13.5533
-23.7563 13.7056
-23.6041 13.8579
-23.4518 14.0102
-23.2995 14.1624
-22.9949 14.3147
-22.8426 14.467
-22.6904 14.6193
-22.5381 14.7716
-22.2335 14.9239
-22.0812 15.0761
-21.9289 15.2284
-21.7766 15.3807
-21.4721 15.3807
-21.3198 15.533
-21.1675 15.6853
-20.8629 15.8376
-20.7107 15.9898
-20.5584 16.1421
-20.2538 16.2944
-20.1015 16.4467
-19.9492 16.4467
-19.6447 16.599
-19.4924 16.7513
-19.3401 16.9036
-19.0355 17.0558
-18.8832 17.0558
-18.5787 17.2081
-18.4264 17.3604
-18.1218 17.3604
-17.9695 17.5127
-17.665 17.5127
-17.5127 17.665
-17.2081 17.665
-17.0558 17.665
-16.7513 17.8173
-16.599 17.8173
-16.2944 17.8173
-15.9898 17.8173
-15.8376 17.8173
-15.533 17.8173
-15.2284 17.8173
-15.0761 17.665
-14.7716 17.665
-14.6193 17.5127
-14.3147 17.5127
-14.1624 17.3604
-13.8579 17.3604
-13.7056 17.2081
-13.401 17.0558
-13.2487 16.9036
-12.9442 16.9036
-12.7919 16.7513
-12.4873 16.599
-12.335 16.4467
-12.1827 16.2944
-12.0305 16.1421
-11.7259 16.1421
-11.5736 15.9898
-11.4213 15.8376
-11.269 15.6853
-10.9645 15.533
-10.8122 15.533
-10.6599 15.3807
-10.5076 15.2284
-10.203 15.2284
-10.0508 15.0761
-9.89848 14.9239
-9.74619 14.9239
-9.44162 14.9239
-9.28934 14.7716
-9.13706 14.7716
-8.98477 14.6193
-8.6802 14.6193
-8.52792 14.6193
-8.37563 14.467
-8.07107 14.467
-7.91878 14.3147
-7.7665 14.3147
-7.46193 14.1624
-7.30964 14.1624
-7.00508 14.0102
-6.85279 14.0102
-6.70051 13.8579
-6.39594 13.8579
-6.24365 13.7056
-6.09137 13.7056
-5.7868 13.5533
-5.63452 13.401
-5.48223 13.2487
-5.32995 13.0964
-5.17766 12.9442
-5.02538 12.7919
-4.8731 12.6396
-4.56853 12.4873
-4.41624 12.335
-4.26396 12.1827
-4.26396 12.0305
-4.11168 11.8782
-3.95939 11.7259
-3.80711 11.5736
-3.65482 11.4213
-3.50254 11.1168
-3.35025 10.9645
-3.35025 10.8122
-3.19797 10.6599
-3.04569 10.3553
-2.8934 10.203
-2.74112 10.0508
-2.74112 9.89848
-2.58883 9.59391
-2.43655 9.44162
-2.28426 9.28934
-2.28426 9.13706
-2.13198 8.83249
-1.9797 8.6802
-1.82741 8.52792
-1.67513 8.37563
-1.52284 8.07107
-1.37056 7.91878
-1.21827 7.7665
-1.06599 7.46193
-0.913706 7.30964
-0.761421 7.15736
-0.609137 6.85279
-0.456853 6.70051
-0.304569 6.54822
0 6.24365
0.152284 6.09137
0.304569 5.7868
0.609137 5.63452
0.913706 5.32995
1.06599 5.02538
1.37056 4.8731
1.67513 4.56853
1.9797 4.26396
