1.21827 3.50254
1.52284 3.35025
1.82741 3.04569
2.13198 2.74112
2.28426 2.43655
2.58883 2.13198
2.74112 1.82741
2.8934 1.52284
2.8934 1.21827
3.04569 0.913706
3.04569 0.609137
3.19797 0.304569
3.19797 0
3.19797 -0.304569
3.19797 -0.609137
3.04569 -0.913706
3.04569 -1.21827
3.04569 -1.52284
2.8934 -1.82741
2.74112 -2.13198
2.58883 -2.43655
2.58883 -2.74112
2.28426 -2.8934
2.13198 -3.19797
1.9797 -3.50254
1.82741 -3.65482
1.67513 -3.95939
1.37056 -4.11168
1.21827 -4.41624
0.913706 -4.56853
0.761421 -4.8731
0.456853 -5.02538
0.304569 -5.17766
0 -5.32995
-0.304569 -5.48223
-0.456853 -5.7868
-0.761421 -5.93909
-1.06599 -6.09137
-1.21827 -6.24365
-1.52284 -6.24365
-1.82741 -6.39594
-2.13198 -6.54822
-2.28426 -6.70051
-2.58883 -6.85279
-2.8934 -6.85279
-3.19797 -7.00508
-3.50254 -7.15736
-3.65482 -7.15736
-3.95939 -7.30964
-4.26396 -7.46193
-4.41624 -7.46193
-4.72081 -7.61421
-5.02538 -7.61421
-5.17766 -7.7665
-5.48223 -7.7665
-5.7868 -7.91878
-5.93909 -7.91878
-6.24365 -8.07107
-6.54822 -8.07107
-6.70051 -8.07107
-7.00508 -8.22335
-7.15736 -8.22335
-7.46193 -8.22335
-7.61421 -8.37563
-7.91878 -8.37563
-8.22335 -8.37563
-8.37563 -8.52792
-8.6802 -8.52792
-8.83249 -8.52792
-9.13706 -8.52792
-9.28934 -8.6802
-9.59391 -8.6802
-9.74619 -8.6802
-10.0508 -8.6802
-10.203 -8.6802
-10.5076 -8.6802
-10.6599 -8.6802
-10.9645 -8.6802
-11.1168 -8.6802
-11.4213 -8.6802
-11.5736 -8.6802
-11.7259 -8.6802
-12.0305 -8.6802
-12.1827 -8.6802
-12.4873 -8.6802
-12.6396 -8.6802
-12.9442 -8.6802
-13.0964 -8.6802
-13.2487 -8.6802
-13.5533 -8.52792
-13.7056 -8.52792
-14.0102 -8.52792
-14.1624 -8.52792
-14.3147 -8.52792
-14.6193 -8.37563
-14.7716 -8.37563
-14.9239 -8.37563
-15.2284 -8.22335
-15.3807 -8.22335
-15.6853 -8.22335
-15.8376 -8.07107
-15.9898 -8.07107
-16.1421 -8.07107
-16.4467 -7.91878
-16.599 -7.91878
-16.7513 -7.7665
-17.0558 -7.7665
-17.2081 -7.7665
-17.3604 -7.61421
-17.5127 -7.61421
-17.8173 -7.46193
-17.9695 -7.46193
-18.1218 -7.30964
-18.4264 -7.30964
-18.5787 -7.15736
-18.731 -7.15736
-18.8832 -7.00508
-19.0355 -7.00508
-19.3401 -6.85279
-19.4924 -6.70051
-19.6447 -6.70051
-19.797 -6.54822
-20.1015 -6.54822
-20.2538 -6.39594
-20.4061 -6.24365
-20.5584 -6.24365
-20.7107 -6.09137
-21.0152 -5.93909
-21.1675 -5.93909
-21.3198 -5.7868
-21.4721 -5.63452
-21.6244 -5.63452
-21.9289 -5.48223
-22.0812 -5.32995
-22.2335 -5.17766
-22.3858 -5.17766
-22.5381 -5.02538
-22.8426 -4.8731
-22.9949 -4.72081
-23.1472 -4.56853
-23.2995 -4.41624
-23.4518 -4.26396
-23.6041 -4.11168
-23.9086 -4.11168
-24.0609 -3.95939
-24.2132 -3.80711
-24.3655 -3.65482
-24.5178 -3.50254
-24.6701 -3.35025
-24.8223 -3.04569
-24.9746 -2.8934
-25.2792 -2.74112
-25.4315 -2.58883
-25.5838 -2.43655
-25.736 -2.28426
-25.8883 -2.13198
-26.0406 -1.82741
-26.0406 -1.67513
-26.1929 -1.52284
-26.3452 -1.21827
-26.4975 -1.06599
-26.6497 -0.913706
-26.802 -0.609137
-26.802 -0.456853
-26.9543 -0.152284
-27.1066 0
-27.1066 0.304569
-27.2589 0.456853
-27.2589 0.761421
-27.2589 0.913706
-27.4112 1.21827
-27.4112 1.37056
-27.4112 1.67513
-27.5635 1.82741
-27.5635 2.13198
-27.5635 2.43655
-27.5635 2.58883
-27.5635 2.8934
-27.5635 3.04569
-27.5635 3.35025
-27.4112 3.50254
-27.4112 3.80711
-27.4112 4.11168
-27.4112 4.26396
-27.2589 4.56853
-27.2589 4.72081
-27.2589 5.02538
-27.1066 5.17766
-27.1066 5.48223
-26.9543 5.63452
-26.9543 5.93909
-26.802 6.09137
-26.802 6.39594
-26.6497 6.54822
-26.6497 6.70051
-26.4975 7.00508
-26.3452 7.15736
-26.3452 7.46193
-26.1929 7.61421
-26.0406 7.7665
-26.0406 8.07107
-25.8883 8.22335
-25.736 8.37563
-25.5838 8.6802
-25.5838 8.83249
-25.4315 8.98477
-25.2792 9.13706
-25.1269 9.44162
-24.9746 9.59391
-24.9746 9.74619
-24.8223 9.89848
-24.6701 10.0508
-24.5178 10.3553
-24.3655 10.5076
-24.2132 10.6599
-24.0609 10.8122
-23.9086 10.9645
-23.7563 11.1168
-23.6041 11.269
-23.4518 11.4213
-23.2995 11.5736
-23.1472 11.7259
-22.9949 11.8782
-22.8426 12.0305
-22.6904 12.1827
-22.5381 12.335
-22.3858 12.4873
-22.2335 12.6396
-22.0812 12.7919
-21.9289 12.9442
-21.6244 13.0964
-21.4721 13.0964
-21.3198 13.2487
-21.1675 13.401
-21.0152 13.5533
-20.7107 13.5533
-20.5584 13.7056
-20.4061 13.7056
-20.1015 13.8579
-19.9492 13.8579
-19.797 14.0102
-19.4924 14.0102
-19.3401 14.1624
-19.1878 14.1624
-18.8832 14.1624
-18.731 14.1624
-18.5787 14.3147
-18.2741 14.3147
-18.1218 14.3147
-17.8173 14.3147
-17.665 14.3147
-17.5127 14.3147
-17.2081 14.3147
-17.0558 14.467
-16.9036 14.467
-16.599 14.467
-16.4467 14.467
-16.2944 14.467
-15.9898 14.467
-15.8376 14.467
-15.6853 14.467
-15.533 14.467
-15.2284 14.6193
-15.0761 14.6193
-14.9239 14.6193
-14.7716 14.7716
-14.467 14.7716
-14.3147 14.7716
-14.1624 14.9239
-14.0102 14.9239
-13.7056 15.0761
-13.5533 15.0761
-13.401 15.2284
-13.0964 15.2284
-12.9442 15.3807
-12.6396 15.3807
-12.4873 15.3807
-12.335 15.533
-12.0305 15.533
-11.8782 15.6853
-11.5736 15.6853
-11.4213 15.6853
-11.1168 15.8376
-10.9645 15.8376
-10.6599 15.8376
-10.5076 15.8376
-10.203 15.8376
-10.0508 15.8376
-9.74619 15.8376
-9.59391 15.8376
-9.28934 15.6853
-9.13706 15.6853
-8.83249 15.6853
-8.6802 15.533
-8.52792 15.533
-8.22335 15.3807
-8.07107 15.2284
-7.91878 15.2284
-7.61421 15.0761
-7.46193 14.9239
-7.30964 14.7716
-7.15736 14.6193
-6.85279 14.467
-6.70051 14.3147
-6.54822 14.1624
-6.39594 14.0102
-6.24365 13.8579
-6.09137 13.7056
-5.93909 13.5533
-5.7868 13.401
-5.63452 13.2487
-5.48223 13.0964
-5.32995 12.9442
-5.17766 12.7919
-5.02538 12.6396
-4.8731 12.4873
-4.72081 12.335
-4.56853 12.1827
-4.41624 12.0305
-4.26396 11.8782
-4.11168 11.7259
-3.95939 11.5736
-3.80711 11.4213
-3.65482 11.1168
-3.50254 10.9645
-3.35025 10.8122
-3.19797 10.6599
-3.04569 10.5076
-2.8934 10.3553
-2.74112 10.203
-2.58883 10.0508
-2.43655 9.74619
-2.28426 9.59391
-2.28426 9.44162
-2.13198 9.28934
-1.9797 9.13706
-1.82741 8.83249
-1.67513 8.6802
-1.52284 8.52792
-1.37056 8.37563
-1.21827 8.07107
-1.06599 7.91878
-1.06599 7.7665
-0.913706 7.46193
-0.761421 7.30964
-0.609137 7.15736
-0.456853 6.85279
-0.304569 6.70051
-0.304569 6.39594
-0.152284 6.24365
0 5.93909
0.152284 5.7868
0.304569 5.48223
0.304569 5.32995
0.456853 5.02538
0.609137 4.8731
0.761421 4.56853
0.913706 4.26396
0.913706 4.11168
1.06599 3.80711
