0.152284 5.48223
0.456853 5.17766
0.761421 4.8731
0.913706 4.56853
1.21827 4.26396
1.37056 3.95939
1.52284 3.65482
1.82741 3.35025
1.9797 3.04569
2.13198 2.74112
2.28426 2.43655
2.43655 1.9797
2.58883 1.67513
2.58883 1.37056
2.74112 0.913706
2.74112 0.609137
2.74112 0.304569
2.8934 0
2.8934 -0.456853
2.8934 -0.761421
2.74112 -1.06599
2.74112 -1.52284
2.58883 -1.82741
2.58883 -2.13198
2.43655 -2.43655
2.28426 -2.74112
2.13198 -3.04569
1.9797 -3.35025
1.82741 -3.65482
1.52284 -3.80711
1.37056 -4.11168
1.06599 -4.41624
0.913706 -4.56853
0.609137 -4.8731
0.304569 -5.02538
0.152284 -5.32995
-0.152284 -5.48223
-0.456853 -5.63452
-0.761421 -5.7868
-1.06599 -6.09137
-1.37056 -6.24365
-1.67513 -6.39594
-1.9797 -6.54822
-2.28426 -6.54822
-2.58883 -6.70051
-2.8934 -6.85279
-3.19797 -7.00508
-3.50254 -7.15736
-3.80711 -7.15736
-4.11168 -7.30964
-4.41624 -7.46193
-4.72081 -7.61421
-5.02538 -7.61421
-5.32995 -7.7665
-5.63452 -7.7665
-5.93909 -7.91878
-6.09137 -8.07107
-6.39594 -8.07107
-6.70051 -8.22335
-7.00508 -8.22335
-7.30964 -8.37563
-7.61421 -8.37563
-7.7665 -8.52792
-8.07107 -8.52792
-8.37563 -8.6802
-8.6802 -8.6802
-8.98477 -8.6802
-9.13706 -8.83249
-9.44162 -8.83249
-9.74619 -8.83249
-10.0508 -8.98477
-10.3553 -8.98477
-10.5076 -8.98477
-10.8122 -8.98477
-11.1168 -8.98477
-11.4213 -8.98477
-11.5736 -8.98477
-11.8782 -8.98477
-12.1827 -8.98477
-12.4873 -8.98477
-12.6396 -8.98477
-12.9442 -8.98477
-13.2487 -8.83249
-13.5533 -8.83249
-13.7056 -8.83249
-14.0102 -8.83249
-14.3147 -8.6802
-14.467 -8.6802
-14.7716 -8.6802
-15.0761 -8.52792
-15.2284 -8.52792
-15.533 -8.37563
-15.6853 -8.37563
-15.9898 -8.22335
-16.1421 -8.22335
-16.4467 -8.07107
-16.599 -8.07107
-16.9036 -7.91878
-17.0558 -7.91878
-17.3604 -7.7665
-17.5127 -7.7665
-17.8173 -7.61421
-17.9695 -7.61421
-18.2741 -7.46193
-18.4264 -7.30964
-18.731 -7.30964
-18.8832 -7.15736
-19.0355 -7.15736
-19.3401 -7.00508
-19.4924 -6.85279
-19.6447 -6.85279
-19.9492 -6.70051
-20.1015 -6.54822
-20.2538 -6.39594
-20.5584 -6.39594
-20.7107 -6.24365
-20.8629 -6.09137
-21.1675 -6.09137
-21.3198 -5.93909
-21.4721 -5.7868
-21.6244 -5.63452
-21.9289 -5.48223
-22.0812 -5.48223
-22.2335 -5.32995
-22.3858 -5.17766
-22.5381 -5.02538
-22.8426 -4.8731
-22.9949 -4.72081
-23.1472 -4.56853
-23.2995 -4.56853
-23.4518 -4.41624
-23.6041 -4.26396
-23.9086 -4.11168
-24.0609 -3.95939
-24.2132 -3.80711
-24.3655 -3.65482
-24.5178 -3.50254
-24.6701 -3.35025
-24.8223 -3.19797
-24.9746 -3.04569
-25.1269 -2.8934
-25.2792 -2.74112
-25.4315 -2.43655
-25.5838 -2.28426
-25.736 -2.13198
-25.8883 -1.9797
-26.0406 -1.82741
-26.1929 -1.67513
-26.3452 -1.52284
-26.4975 -1.21827
-26.6497 -1.06599
-26.6497 -0.913706
-26.802 -0.761421
-26.9543 -0.456853
-27.1066 -0.304569
-27.2589 -0.152284
-27.2589 0.152284
-27.4112 0.304569
-27.5635 0.456853
-27.5635 0.761421
-27.7157 0.913706
-27.868 1.06599
-27.868 1.37056
-28.0203 1.52284
-28.0203 1.82741
-28.1726 1.9797
-28.3249 2.28426
-28.3249 2.43655
-28.4772 2.58883
-28.4772 2.8934
-28.4772 3.04569
-28.6294 3.35025
-28.6294 3.50254
-28.6294 3.80711
-28.7817 4.11168
-28.7817 4.26396
-28.7817 4.56853
-28.934 4.72081
-28.934 5.02538
-28.934 5.17766
-28.934 5.48223
-28.934 5.63452
-28.934 5.93909
-28.934 6.24365
-28.934 6.39594
-28.934 6.70051
-28.934 6.85279
-28.934 7.15736
-28.934 7.30964
-28.934 7.61421
-28.934 7.91878
-28.934 8.07107
-28.7817 8.37563
-28.7817 8.52792
-28.7817 8.83249
-28.7817 9.13706
-28.6294 9.28934
-28.6294 9.59391
-28.4772 9.74619
-28.4772 10.0508
-28.4772 10.203
-28.3249 10.5076
-28.3249 10.6599
-28.1726 10.9645
-28.1726 11.1168
-28.0203 11.4213
-27.868 11.5736
-27.868 11.8782
-27.7157 12.0305
-27.5635 12.335
-27.5635 12.4873
-27.4112 12.7919
-27.2589 12.9442
-27.1066 13.2487
-27.1066 13.401
-26.9543 13.7056
-26.802 13.8579
-26.6497 14.0102
-26.4975 14.3147
-26.3452 14.467
-26.3452 14.7716
-26.1929 14.9239
-26.0406 15.0761
-25.8883 15.3807
-25.736 15.533
-25.5838 15.6853
-25.4315 15.9898
-25.2792 16.1421
-24.9746 16.2944
-24.8223 16.4467
-24.6701 16.7513
-24.5178 16.9036
-24.3655 17.0558
-24.2132 17.2081
-23.9086 17.5127
-23.7563 17.665
-23.6041 17.8173
-23.2995 17.9695
-23.1472 18.1218
-22.9949 18.2741
-22.6904 18.4264
-22.5381 18.5787
-22.2335 18.731
-22.0812 18.8832
-21.7766 19.0355
-21.6244 19.0355
-21.3198 19.1878
-21.1675 19.3401
-20.8629 19.4924
-20.7107 19.4924
-20.4061 19.6447
-20.1015 19.797
-19.9492 19.797
-19.6447 19.9492
-19.3401 19.9492
-19.1878 19.9492
-18.8832 20.1015
-18.5787 20.1015
-18.4264 20.1015
-18.1218 20.1015
-17.8173 20.1015
-17.5127 20.1015
-17.3604 20.1015
-17.0558 20.1015
-16.7513 19.9492
-16.4467 19.9492
-16.2944 19.797
-15.9898 19.797
-15.6853 19.6447
-15.533 19.6447
-15.2284 19.4924
-15.0761 19.3401
-14.7716 19.1878
-14.467 19.1878
-14.3147 19.0355
-14.0102 18.8832
-13.8579 18.731
-13.7056 18.5787
-13.401 18.4264
-13.2487 18.2741
-12.9442 18.1218
-12.7919 17.9695
-12.6396 17.9695
-12.335 17.8173
-12.1827 17.665
-12.0305 17.5127
-11.8782 17.3604
-11.5736 17.2081
-11.4213 17.2081
-11.269 17.0558
-11.1168 16.9036
-10.8122 16.9036
-10.6599 16.7513
-10.5076 16.599
-10.3553 16.599
-10.0508 16.4467
-9.89848 16.4467
-9.74619 16.2944
-9.59391 16.2944
-9.28934 16.1421
-9.13706 16.1421
-8.98477 15.9898
-8.6802 15.8376
-8.52792 15.8376
-8.37563 15.6853
-8.07107 15.6853
-7.91878 15.533
-7.7665 15.3807
-7.61421 15.3807
-7.30964 15.2284
-7.15736 15.0761
-7.00508 14.9239
-6.85279 14.7716
-6.70051 14.7716
-6.39594 14.6193
-6.24365 14.467
-6.09137 14.3147
-5.93909 14.1624
-5.7868 14.0102
-5.63452 13.7056
-5.48223 13.5533
-5.32995 13.401
-5.32995 13.2487
-5.17766 13.0964
-5.02538 12.9442
-4.8731 12.7919
-4.72081 12.4873
-4.56853 12.335
-4.41624 12.1827
-4.26396 12.0305
-4.26396 11.8782
-4.11168 11.7259
-3.95939 11.4213
-3.80711 11.269
-3.65482 11.1168
-3.50254 10.9645
-3.35025 10.8122
-3.19797 10.5076
-3.04569 10.3553
-2.8934 10.203
-2.74112 10.0508
-2.58883 9.89848
-2.43655 9.59391
-2.28426 9.44162
-1.9797 9.28934
-1.82741 8.98477
-1.67513 8.83249
-1.52284 8.6802
-1.37056 8.37563
-1.21827 8.22335
-1.06599 7.91878
-0.913706 7.7665
-0.761421 7.46193
-0.609137 7.30964
-0.456853 7.00508
-0.304569 6.70051
-0.152284 6.54822
0 6.24365
0 5.93909
0.152284 5.7868
