6.39594 1.9797
6.54822 1.67513
6.54822 1.21827
6.54822 0.913706
6.54822 0.609137
6.54822 0.304569
6.54822 0
6.39594 -0.304569
6.39594 -0.609137
6.24365 -0.913706
6.24365 -1.37056
6.09137 -1.67513
5.93909 -1.9797
5.7868 -2.28426
5.63452 -2.43655
5.48223 -2.74112
5.32995 -3.04569
5.17766 -3.35025
5.02538 -3.65482
4.72081 -3.95939
4.56853 -4.11168
4.41624 -4.41624
4.11168 -4.56853
3.95939 -4.8731
3.65482 -5.02538
3.35025 -5.32995
3.19797 -5.48223
2.8934 -5.7868
2.58883 -5.93909
2.28426 -6.09137
2.13198 -6.24365
1.82741 -6.39594
1.52284 -6.54822
1.21827 -6.70051
0.913706 -6.85279
0.761421 -7.00508
0.456853 -7.15736
0.152284 -7.30964
-0.152284 -7.46193
-0.456853 -7.61421
-0.609137 -7.7665
-0.913706 -7.7665
-1.21827 -7.91878
-1.52284 -8.07107
-1.67513 -8.22335
-1.9797 -8.22335
-2.28426 -8.37563
-2.43655 -8.52792
-2.74112 -8.52792
-2.8934 -8.6802
-3.19797 -8.83249
-3.35025 -8.98477
-3.65482 -8.98477
-3.80711 -9.13706
-3.95939 -9.28934
-4.26396 -9.44162
-4.41624 -9.44162
-4.72081 -9.59391
-4.8731 -9.74619
-5.02538 -9.89848
-5.32995 -9.89848
-5.48223 -10.0508
-5.7868 -10.203
-5.93909 -10.203
-6.09137 -10.3553
-6.39594 -10.5076
-6.54822 -10.5076
-6.85279 -10.6599
-7.00508 -10.8122
-7.30964 -10.8122
-7.46193 -10.9645
-7.7665 -10.9645
-7.91878 -10.9645
-8.22335 -11.1168
-8.37563 -11.1168
-8.6802 -11.1168
-8.83249 -11.1168
-9.13706 -11.269
-9.44162 -11.269
-9.59391 -11.269
-9.89848 -11.269
-10.0508 -11.269
-10.3553 -11.269
-10.5076 -11.269
-10.8122 -11.269
-10.9645 -11.1168
-11.269 -11.1168
-11.4213 -11.1168
-11.7259 -11.1168
-11.8782 -11.1168
-12.1827 -11.1168
-12.335 -10.9645
-12.6396 -10.9645
-12.7919 -10.9645
-13.0964 -10.9645
-13.2487 -10.9645
-13.5533 -10.9645
-13.7056 -10.8122
-14.0102 -10.8122
-14.1624 -10.8122
-14.467 -10.8122
-14.6193 -10.8122
-14.9239 -10.8122
-15.0761 -10.6599
-15.3807 -10.6599
-15.533 -10.6599
-15.8376 -10.6599
-15.9898 -10.6599
-16.2944 -10.6599
-16.4467 -10.5076
-16.7513 -10.5076
-16.9036 -10.5076
-17.2081 -10.5076
-17.3604 -10.5076
-17.665 -10.3553
-17.9695 -10.3553
-18.1218 -10.3553
-18.4264 -10.203
-18.5787 -10.203
-18.8832 -10.203
-19.1878 -10.0508
-19.3401 -10.0508
-19.6447 -10.0508
-19.797 -9.89848
-20.1015 -9.89848
-20.4061 -9.74619
-20.5584 -9.59391
-20.8629 -9.59391
-21.0152 -9.44162
-21.3198 -9.44162
-21.6244 -9.28934
-21.7766 -9.13706
-22.0812 -8.98477
-22.2335 -8.98477
-22.5381 -8.83249
-22.6904 -8.6802
-22.9949 -8.52792
-23.2995 -8.37563
-23.4518 -8.22335
-23.6041 -8.07107
-23.9086 -7.91878
-24.0609 -7.7665
-24.3655 -7.61421
-24.5178 -7.30964
-24.6701 -7.15736
-24.9746 -7.00508
-25.1269 -6.85279
-25.2792 -6.54822
-25.4315 -6.39594
-25.5838 -6.09137
-25.8883 -5.93909
-26.0406 -5.7868
-26.1929 -5.48223
-26.3452 -5.32995
-26.4975 -5.02538
-26.6497 -4.72081
-26.6497 -4.56853
-26.802 -4.26396
-26.9543 -4.11168
-27.1066 -3.80711
-27.2589 -3.50254
-27.2589 -3.19797
-27.4112 -3.04569
-27.5635 -2.74112
-27.5635 -2.43655
-27.7157 -2.28426
-27.7157 -1.9797
-27.868 -1.67513
-27.868 -1.37056
-27.868 -1.06599
-28.0203 -0.913706
-28.0203 -0.609137
-28.0203 -0.304569
-28.1726 0
-28.1726 0.304569
-28.1726 0.609137
-28.1726 0.761421
-28.1726 1.06599
-28.1726 1.37056
-28.1726 1.67513
-28.1726 1.9797
-28.1726 2.28426
-28.1726 2.43655
-28.1726 2.74112
-28.1726 3.04569
-28.1726 3.35025
-28.0203 3.65482
-28.0203 3.95939
-28.0203 4.11168
-28.0203 4.41624
-27.868 4.72081
-27.868 5.02538
-27.7157 5.32995
-27.7157 5.48223
-27.5635 5.7868
-27.5635 6.09137
-27.4112 6.39594
-27.4112 6.54822
-27.2589 6.85279
-27.2589 7.15736
-27.1066 7.30964
-26.9543 7.61421
-26.9543 7.91878
-26.802 8.07107
-26.6497 8.37563
-26.4975 8.6802
-26.3452 8.83249
-26.3452 9.13706
-26.1929 9.44162
-26.0406 9.59391
-25.8883 9.89848
-25.736 10.0508
-25.5838 10.3553
-25.4315 10.5076
-25.2792 10.8122
-24.9746 10.9645
-24.8223 11.1168
-24.6701 11.4213
-24.5178 11.5736
-24.3655 11.7259
-24.2132 12.0305
-23.9086 12.1827
-23.7563 12.335
-23.6041 12.4873
-23.2995 12.7919
-23.1472 12.9442
-22.9949 13.0964
-22.6904 13.2487
-22.5381 13.401
-22.2335 13.5533
-22.0812 13.7056
-21.7766 13.8579
-21.6244 14.0102
-21.3198 14.1624
-21.0152 14.1624
-20.8629 14.3147
-20.5584 14.467
-20.2538 14.467
-20.1015 14.6193
-19.797 14.6193
-19.4924 14.7716
-19.3401 14.7716
-19.0355 14.9239
-18.731 14.9239
-18.5787 14.9239
-18.2741 14.9239
-17.9695 15.0761
-17.665 15.0761
-17.5127 15.0761
-17.2081 15.0761
-16.9036 15.0761
-16.599 15.0761
-16.4467 15.0761
-16.1421 15.0761
-15.8376 14.9239
-15.6853 14.9239
-15.3807 14.9239
-15.2284 14.9239
-14.9239 14.9239
-14.6193 14.9239
-14.467 14.7716
-14.1624 14.7716
-14.0102 14.7716
-13.7056 14.7716
-13.5533 14.7716
-13.2487 14.6193
-13.0964 14.6193
-12.7919 14.6193
-12.6396 14.6193
-12.335 14.467
-12.1827 14.467
-11.8782 14.467
-11.7259 14.467
-11.5736 14.467
-11.269 14.3147
-11.1168 14.3147
-10.8122 14.3147
-10.6599 14.3147
-10.5076 14.3147
-10.203 14.1624
-10.0508 14.1624
-9.74619 14.1624
-9.59391 14.1624
-9.28934 14.1624
-9.13706 14.0102
-8.98477 14.0102
-8.6802 14.0102
-8.52792 13.8579
-8.22335 13.8579
-8.07107 13.8579
-7.91878 13.8579
-7.61421 13.7056
-7.46193 13.7056
-7.15736 13.5533
-7.00508 13.5533
-6.70051 13.5533
-6.54822 13.401
-6.39594 13.401
-6.09137 13.2487
-5.93909 13.2487
-5.63452 13.0964
-5.48223 13.0964
-5.32995 12.9442
-5.02538 12.9442
-4.8731 12.7919
-4.56853 12.7919
-4.41624 12.6396
-4.11168 12.4873
-3.95939 12.4873
-3.65482 12.335
-3.50254 12.335
-3.35025 12.1827
-3.04569 12.0305
-2.8934 11.8782
-2.58883 11.8782
-2.43655 11.7259
-2.13198 11.5736
-1.9797 11.4213
-1.67513 11.4213
-1.52284 11.269
-1.21827 11.1168
-1.06599 10.9645
-0.761421 10.8122
-0.609137 10.6599
-0.304569 10.5076
-0.152284 10.3553
0.152284 10.203
0.304569 10.0508
0.609137 9.89848
0.761421 9.74619
1.06599 9.59391
1.21827 9.44162
1.52284 9.13706
1.67513 8.98477
1.9797 8.83249
2.13198 8.6802
2.43655 8.37563
2.58883 8.22335
2.8934 8.07107
3.04569 7.7665
3.35025 7.61421
3.50254 7.30964
3.65482 7.15736
3.95939 6.85279
4.11168 6.54822
4.41624 6.39594
4.56853 6.09137
4.72081 5.7868
4.8731 5.63452
5.17766 5.32995
5.32995 5.02538
5.48223 4.72081
5.63452 4.41624
5.7868 4.11168
5.93909 3.80711
5.93909 3.50254
6.09137 3.19797
6.24365 2.8934
6.24365 2.58883
6.39594 2.28426
