1.06599 3.80711
1.37056 3.50254
1.67513 3.19797
1.9797 2.8934
2.28426 2.74112
2.43655 2.43655
2.58883 2.13198
2.74112 1.82741
2.8934 1.52284
3.04569 1.06599
3.04569 0.761421
3.04569 0.456853
3.19797 0.152284
3.04569 -0.152284
3.04569 -0.456853
3.04569 -0.761421
2.8934 -1.06599
2.8934 -1.37056
2.74112 -1.52284
2.58883 -1.82741
2.58883 -2.13198
2.43655 -2.43655
2.28426 -2.74112
1.9797 -2.8934
1.82741 -3.19797
1.67513 -3.50254
1.52284 -3.65482
1.37056 -3.95939
1.06599 -4.11168
0.913706 -4.41624
0.761421 -4.56853
0.456853 -4.72081
0.304569 -5.02538
0 -5.17766
-0.152284 -5.32995
-0.456853 -5.48223
-0.761421 -5.7868
-0.913706 -5.93909
-1.21827 -6.09137
-1.37056 -6.24365
-1.67513 -6.39594
-1.9797 -6.54822
-2.13198 -6.70051
-2.43655 -6.85279
-2.74112 -6.85279
-3.04569 -7.00508
-3.19797 -7.15736
-3.50254 -7.30964
-3.80711 -7.30964
-3.95939 -7.46193
-4.26396 -7.61421
-4.56853 -7.61421
-4.8731 -7.7665
-5.02538 -7.7665
-5.32995 -7.91878
-5.63452 -7.91878
-5.7868 -8.07107
-6.09137 -8.07107
-6.39594 -8.07107
-6.54822 -8.22335
-6.85279 -8.22335
-7.15736 -8.22335
-7.30964 -8.37563
-7.61421 -8.37563
-7.91878 -8.37563
-8.07107 -8.37563
-8.37563 -8.37563
-8.52792 -8.52792
-8.83249 -8.52792
-9.13706 -8.52792
-9.28934 -8.52792
-9.59391 -8.52792
-9.74619 -8.6802
-10.0508 -8.6802
-10.203 -8.6802
-10.5076 -8.6802
-10.6599 -8.6802
-10.9645 -8.6802
-11.1168 -8.6802
-11.4213 -8.83249
-11.5736 -8.83249
-11.8782 -8.83249
-12.0305 -8.83249
-12.1827 -8.83249
-12.4873 -8.83249
-12.6396 -8.83249
-12.9442 -8.83249
-13.0964 -8.83249
-13.401 -8.83249
-13.5533 -8.83249
-13.8579 -8.83249
-14.0102 -8.83249
-14.1624 -8.83249
-14.467 -8.6802
-14.6193 -8.6802
-14.9239 -8.6802
-15.0761 -8.6802
-15.3807 -8.52792
-15.533 -8.52792
-15.6853 -8.52792
-15.9898 -8.37563
-16.1421 -8.37563
-16.2944 -8.22335
-16.599 -8.22335
-16.7513 -8.07107
-16.9036 -8.07107
-17.2081 -7.91878
-17.3604 -7.91878
-17.5127 -7.7665
-17.8173 -7.7665
-17.9695 -7.61421
-18.1218 -7.46193
-18.2741 -7.46193
-18.5787 -7.30964
-18.731 -7.15736
-18.8832 -7.15736
-19.0355 -7.00508
-19.1878 -6.85279
-19.4924 -6.85279
-19.6447 -6.70051
-19.797 -6.54822
-19.9492 -6.54822
-20.1015 -6.39594
-20.4061 -6.24365
-20.5584 -6.09137
-20.7107 -6.09137
-20.8629 -5.93909
-21.0152 -5.7868
-21.1675 -5.7868
-21.4721 -5.63452
-21.6244 -5.48223
-21.7766 -5.32995
-21.9289 -5.17766
-22.0812 -5.17766
-22.2335 -5.02538
-22.5381 -4.8731
-22.6904 -4.72081
-22.8426 -4.56853
-22.9949 -4.56853
-23.1472 -4.41624
-23.2995 -4.26396
-23.6041 -4.11168
-23.7563 -3.95939
-23.9086 -3.80711
-24.0609 -3.65482
-24.2132 -3.50254
-24.3655 -3.35025
-24.5178 -3.19797
-24.8223 -3.04569
-24.9746 -2.8934
-25.1269 -2.74112
-25.2792 -2.58883
-25.4315 -2.43655
-25.5838 -2.28426
-25.736 -1.9797
-25.8883 -1.82741
-26.0406 -1.67513
-26.1929 -1.52284
-26.3452 -1.21827
-26.4975 -1.06599
-26.6497 -0.913706
-26.802 -0.609137
-26.802 -0.456853
-26.9543 -0.304569
-27.1066 0
-27.2589 0.152284
-27.2589 0.456853
-27.4112 0.609137
-27.4112 0.913706
-27.5635 1.06599
-27.5635 1.37056
-27.7157 1.52284
-27.7157 1.82741
-27.868 2.13198
-27.868 2.28426
-27.868 2.58883
-27.868 2.74112
-27.868 3.04569
-28.0203 3.35025
-28.0203 3.50254
-28.0203 3.80711
-28.0203 4.11168
-28.0203 4.26396
-28.0203 4.56853
-27.868 4.72081
-27.868 5.02538
-27.868 5.32995
-27.868 5.48223
-27.868 5.7868
-27.7157 5.93909
-27.7157 6.24365
-27.7157 6.54822
-27.5635 6.70051
-27.5635 7.00508
-27.4112 7.15736
-27.4112 7.46193
-27.2589 7.61421
-27.2589 7.91878
-27.1066 8.07107
-27.1066 8.37563
-26.9543 8.52792
-26.9543 8.83249
-26.802 8.98477
-26.6497 9.28934
-26.6497 9.44162
-26.4975 9.74619
-26.3452 9.89848
-26.3452 10.203
-26.1929 10.3553
-26.0406 10.5076
-25.8883 10.8122
-25.736 10.9645
-25.736 11.269
-25.5838 11.4213
-25.4315 11.5736
-25.2792 11.8782
-25.1269 12.0305
-24.9746 12.1827
-24.8223 12.4873
-24.6701 12.6396
-24.5178 12.7919
-24.3655 12.9442
-24.2132 13.2487
-24.0609 13.401
-23.9086 13.5533
-23.7563 13.7056
-23.6041 14.0102
-23.4518 14.1624
-23.2995 14.3147
-22.9949 14.467
-22.8426 14.6193
-22.6904 14.7716
-22.5381 14.9239
-22.3858 15.0761
-22.0812 15.2284
-21.9289 15.3807
-21.7766 15.533
-21.4721 15.6853
-21.3198 15.8376
-21.1675 15.9898
-20.8629 15.9898
-20.7107 16.1421
-20.4061 16.2944
-20.2538 16.4467
-19.9492 16.4467
-19.797 16.599
-19.4924 16.7513
-19.3401 16.7513
-19.0355 16.9036
-18.8832 16.9036
-18.5787 16.9036
-18.4264 17.0558
-18.1218 17.0558
-17.8173 17.0558
-17.665 17.2081
-17.3604 17.2081
-17.2081 17.2081
-16.9036 17.2081
-16.599 17.2081
-16.4467 17.2081
-16.1421 17.2081
-15.9898 17.2081
-15.6853 17.2081
-15.3807 17.2081
-15.2284 17.2081
-14.9239 17.2081
-14.7716 17.0558
-14.467 17.0558
-14.3147 17.0558
-14.0102 16.9036
-13.8579 16.9036
-13.5533 16.9036
-13.401 16.7513
-13.0964 16.7513
-12.9442 16.599
-12.6396 16.599
-12.4873 16.4467
-12.1827 16.4467
-12.0305 16.2944
-11.8782 16.2944
-11.5736 16.1421
-11.4213 15.9898
-11.269 15.9898
-10.9645 15.8376
-10.8122 15.8376
-10.6599 15.6853
-10.3553 15.6853
-10.203 15.533
-10.0508 15.533
-9.74619 15.3807
-9.59391 15.3807
-9.44162 15.2284
-9.13706 15.2284
-8.98477 15.0761
-8.83249 15.0761
-8.6802 14.9239
-8.37563 14.9239
-8.22335 14.7716
-8.07107 14.7716
-7.7665 14.6193
-7.61421 14.467
-7.46193 14.467
-7.15736 14.3147
-7.00508 14.3147
-6.85279 14.1624
-6.54822 14.0102
-6.39594 14.0102
-6.24365 13.8579
-6.09137 13.7056
-5.7868 13.5533
-5.63452 13.5533
-5.48223 13.401
-5.32995 13.2487
-5.17766 13.0964
-5.02538 12.9442
-4.8731 12.7919
-4.72081 12.6396
-4.56853 12.4873
-4.41624 12.335
-4.26396 12.1827
-4.11168 11.8782
-3.95939 11.7259
-3.80711 11.5736
-3.65482 11.4213
-3.50254 11.269
-3.35025 11.1168
-3.35025 10.8122
-3.19797 10.6599
-3.04569 10.5076
-2.8934 10.3553
-2.74112 10.203
-2.74112 9.89848
-2.58883 9.74619
-2.43655 9.59391
-2.28426 9.44162
-2.13198 9.28934
-1.9797 8.98477
-1.82741 8.83249
-1.67513 8.6802
-1.52284 8.52792
-1.37056 8.22335
-1.21827 8.07107
-1.06599 7.91878
-0.913706 7.7665
-0.761421 7.46193
-0.761421 7.30964
-0.609137 7.15736
-0.456853 6.85279
-0.304569 6.70051
-0.152284 6.39594
0 6.24365
0.152284 5.93909
0.304569 5.7868
0.456853 5.48223
0.456853 5.32995
0.609137 5.02538
0.761421 4.8731
0.761421 4.56853
0.913706 4.26396
0.913706 4.11168
