0.456853 5.02538
0.609137 4.72081
0.761421 4.41624
0.913706 4.26396
1.06599 3.95939
1.21827 3.65482
1.37056 3.35025
1.52284 3.04569
1.67513 2.74112
1.67513 2.43655
1.82741 2.13198
1.9797 1.82741
2.13198 1.52284
2.13198 1.21827
2.28426 0.761421
2.28426 0.456853
2.43655 0.152284
2.43655 -0.152284
2.43655 -0.456853
2.43655 -0.913706
2.43655 -1.21827
2.43655 -1.52284
2.43655 -1.82741
2.28426 -2.13198
2.28426 -2.43655
2.13198 -2.74112
1.9797 -3.04569
1.82741 -3.35025
1.67513 -3.65482
1.52284 -3.80711
1.21827 -4.11168
1.06599 -4.41624
0.913706 -4.56853
0.609137 -4.8731
0.304569 -5.02538
0.152284 -5.17766
-0.152284 -5.48223
-0.456853 -5.63452
-0.761421 -5.7868
-1.06599 -5.93909
-1.21827 -6.09137
-1.52284 -6.24365
-1.82741 -6.39594
-2.13198 -6.54822
-2.43655 -6.70051
-2.74112 -6.85279
-3.04569 -6.85279
-3.35025 -7.00508
-3.65482 -7.15736
-3.95939 -7.30964
-4.11168 -7.30964
-4.41624 -7.46193
-4.72081 -7.61421
-5.02538 -7.61421
-5.32995 -7.7665
-5.48223 -7.91878
-5.7868 -7.91878
-6.09137 -8.07107
-6.39594 -8.07107
-6.54822 -8.22335
-6.85279 -8.37563
-7.15736 -8.37563
-7.46193 -8.52792
-7.61421 -8.52792
-7.91878 -8.6802
-8.22335 -8.6802
-8.37563 -8.6802
-8.6802 -8.83249
-8.98477 -8.83249
-9.28934 -8.83249
-9.44162 -8.83249
-9.74619 -8.98477
-10.0508 -8.98477
-10.3553 -8.98477
-10.5076 -8.98477
-10.8122 -8.98477
-11.1168 -8.98477
-11.269 -8.98477
-11.5736 -8.98477
-11.8782 -8.83249
-12.1827 -8.83249
-12.335 -8.83249
-12.6396 -8.83249
-12.7919 -8.83249
-13.0964 -8.6802
-13.401 -8.6802
-13.5533 -8.6802
-13.8579 -8.52792
-14.0102 -8.52792
-14.3147 -8.37563
-14.6193 -8.37563
-14.7716 -8.37563
-15.0761 -8.22335
-15.2284 -8.22335
-15.533 -8.07107
-15.6853 -8.07107
-15.9898 -7.91878
-16.1421 -7.91878
-16.2944 -7.7665
-16.599 -7.7665
-16.7513 -7.61421
-17.0558 -7.61421
-17.2081 -7.61421
-17.5127 -7.46193
-17.665 -7.46193
-17.8173 -7.30964
-18.1218 -7.30964
-18.2741 -7.15736
-18.4264 -7.15736
-18.731 -7.00508
-18.8832 -7.00508
-19.0355 -6.85279
-19.3401 -6.70051
-19.4924 -6.70051
-19.797 -6.54822
-19.9492 -6.54822
-20.1015 -6.39594
-20.2538 -6.24365
-20.5584 -6.24365
-20.7107 -6.09137
-20.8629 -5.93909
-21.1675 -5.93909
-21.3198 -5.7868
-21.4721 -5.63452
-21.6244 -5.48223
-21.9289 -5.48223
-22.0812 -5.32995
-22.2335 -5.17766
-22.3858 -5.02538
-22.5381 -4.8731
-22.8426 -4.72081
-22.9949 -4.72081
-23.1472 -4.56853
-23.2995 -4.41624
-23.4518 -4.26396
-23.6041 -4.11168
-23.7563 -3.95939
-24.0609 -3.80711
-24.2132 -3.65482
-24.3655 -3.50254
-24.5178 -3.35025
-24.6701 -3.19797
-24.8223 -3.04569
-24.9746 -2.8934
-25.1269 -2.58883
-25.2792 -2.43655
-25.4315 -2.28426
-25.5838 -2.13198
-25.736 -1.9797
-25.8883 -1.82741
-26.0406 -1.52284
-26.1929 -1.37056
-26.3452 -1.21827
-26.4975 -1.06599
-26.4975 -0.913706
-26.6497 -0.609137
-26.802 -0.456853
-26.9543 -0.304569
-27.1066 0
-27.2589 0.152284
-27.2589 0.304569
-27.4112 0.609137
-27.5635 0.761421
-27.7157 1.06599
-27.7157 1.21827
-27.868 1.52284
-27.868 1.67513
-28.0203 1.9797
-28.1726 2.13198
-28.1726 2.43655
-28.3249 2.58883
-28.3249 2.8934
-28.4772 3.04569
-28.4772 3.35025
-28.4772 3.50254
-28.6294 3.80711
-28.6294 3.95939
-28.6294 4.26396
-28.6294 4.56853
-28.7817 4.72081
-28.7817 5.02538
-28.7817 5.32995
-28.7817 5.48223
-28.7817 5.7868
-28.7817 5.93909
-28.7817 6.24365
-28.7817 6.54822
-28.7817 6.70051
-28.7817 7.00508
-28.7817 7.30964
-28.7817 7.46193
-28.6294 7.7665
-28.6294 8.07107
-28.6294 8.22335
-28.6294 8.52792
-28.4772 8.83249
-28.4772 8.98477
-28.4772 9.28934
-28.3249 9.44162
-28.3249 9.74619
-28.1726 10.0508
-28.1726 10.203
-28.0203 10.5076
-28.0203 10.6599
-27.868 10.9645
-27.868 11.1168
-27.7157 11.4213
-27.5635 11.7259
-27.5635 11.8782
-27.4112 12.1827
-27.2589 12.335
-27.2589 12.6396
-27.1066 12.7919
-26.9543 13.0964
-26.802 13.2487
-26.802 13.5533
-26.6497 13.7056
-26.4975 14.0102
-26.3452 14.1624
-26.1929 14.467
-26.0406 14.7716
-25.8883 14.9239
-25.8883 15.2284
-25.736 15.3807
-25.5838 15.533
-25.4315 15.8376
-25.2792 15.9898
-24.9746 16.2944
-24.8223 16.4467
-24.6701 16.7513
-24.5178 16.9036
-24.3655 17.0558
-24.2132 17.3604
-23.9086 17.5127
-23.7563 17.665
-23.6041 17.8173
-23.2995 17.9695
-23.1472 18.2741
-22.8426 18.4264
-22.6904 18.5787
-22.3858 18.731
-22.2335 18.8832
-21.9289 18.8832
-21.7766 19.0355
-21.4721 19.1878
-21.1675 19.3401
-21.0152 19.3401
-20.7107 19.4924
-20.4061 19.6447
-20.2538 19.6447
-19.9492 19.797
-19.6447 19.797
-19.3401 19.797
-19.0355 19.797
-18.8832 19.9492
-18.5787 19.9492
-18.2741 19.9492
-17.9695 19.9492
-17.665 19.9492
-17.5127 19.9492
-17.2081 19.797
-16.9036 19.797
-16.599 19.797
-16.2944 19.6447
-16.1421 19.6447
-15.8376 19.4924
-15.533 19.4924
-15.3807 19.3401
-15.0761 19.1878
-14.7716 19.1878
-14.6193 19.0355
-14.3147 18.8832
-14.0102 18.731
-13.8579 18.5787
-13.5533 18.5787
-13.401 18.4264
-13.0964 18.2741
-12.9442 18.1218
-12.7919 17.9695
-12.4873 17.8173
-12.335 17.665
-12.1827 17.5127
-11.8782 17.3604
-11.7259 17.2081
-11.5736 17.0558
-11.4213 16.9036
-11.1168 16.9036
-10.9645 16.7513
-10.8122 16.599
-10.6599 16.4467
-10.3553 16.4467
-10.203 16.2944
-10.0508 16.1421
-9.89848 16.1421
-9.59391 15.9898
-9.44162 15.9898
-9.28934 15.8376
-9.13706 15.6853
-8.83249 15.6853
-8.6802 15.533
-8.52792 15.533
-8.37563 15.3807
-8.07107 15.2284
-7.91878 15.2284
-7.7665 15.0761
-7.61421 15.0761
-7.30964 14.9239
-7.15736 14.7716
-7.00508 14.6193
-6.85279 14.6193
-6.70051 14.467
-6.39594 14.3147
-6.24365 14.1624
-6.09137 14.0102
-5.93909 13.8579
-5.7868 13.7056
-5.63452 13.5533
-5.48223 13.401
-5.32995 13.2487
-5.17766 13.0964
-5.17766 12.9442
-5.02538 12.7919
-4.8731 12.6396
-4.72081 12.4873
-4.56853 12.1827
-4.41624 12.0305
-4.26396 11.8782
-4.26396 11.7259
-4.11168 11.5736
-3.95939 11.4213
-3.80711 11.269
-3.65482 10.9645
-3.50254 10.8122
-3.50254 10.6599
-3.35025 10.5076
-3.19797 10.3553
-3.04569 10.203
-2.8934 10.0508
-2.74112 9.74619
-2.58883 9.59391
-2.43655 9.44162
-2.28426 9.28934
-2.13198 9.13706
-1.82741 8.83249
-1.67513 8.6802
-1.52284 8.52792
-1.37056 8.37563
-1.21827 8.07107
-1.06599 7.91878
-0.913706 7.61421
-0.761421 7.46193
-0.609137 7.15736
-0.456853 7.00508
-0.304569 6.70051
-0.152284 6.54822
0 6.24365
0.152284 6.09137
0.152284 5.7868
0.304569 5.48223
0.304569 5.32995
