0.456853 5.17766
0.609137 4.8731
0.761421 4.56853
0.913706 4.41624
1.06599 4.11168
1.21827 3.80711
1.37056 3.50254
1.37056 3.19797
1.52284 2.8934
1.67513 2.58883
1.82741 2.13198
1.9797 1.82741
2.13198 1.52284
2.13198 1.21827
2.28426 0.913706
2.28426 0.456853
2.43655 0.152284
2.43655 -0.152284
2.43655 -0.456853
2.43655 -0.913706
2.43655 -1.21827
2.43655 -1.52284
2.43655 -1.82741
2.28426 -2.13198
2.28426 -2.43655
2.13198 -2.74112
1.9797 -3.04569
1.82741 -3.35025
1.67513 -3.65482
1.52284 -3.95939
1.21827 -4.26396
1.06599 -4.41624
0.761421 -4.72081
0.609137 -4.8731
0.304569 -5.17766
0 -5.32995
-0.304569 -5.48223
-0.609137 -5.7868
-0.761421 -5.93909
-1.06599 -6.09137
-1.37056 -6.24365
-1.67513 -6.39594
-1.9797 -6.54822
-2.28426 -6.70051
-2.58883 -6.70051
-2.8934 -6.85279
-3.19797 -7.00508
-3.50254 -7.15736
-3.80711 -7.15736
-4.11168 -7.30964
-4.41624 -7.46193
-4.72081 -7.61421
-5.02538 -7.61421
-5.32995 -7.7665
-5.48223 -7.91878
-5.7868 -7.91878
-6.09137 -8.07107
-6.39594 -8.07107
-6.70051 -8.22335
-6.85279 -8.37563
-7.15736 -8.37563
-7.46193 -8.52792
-7.7665 -8.52792
-7.91878 -8.6802
-8.22335 -8.6802
-8.52792 -8.6802
-8.83249 -8.83249
-8.98477 -8.83249
-9.28934 -8.83249
-9.59391 -8.98477
-9.89848 -8.98477
-10.0508 -8.98477
-10.3553 -8.98477
-10.6599 -9.13706
-10.9645 -9.13706
-11.1168 -9.13706
-11.4213 -9.13706
-11.7259 -9.13706
-12.0305 -9.13706
-12.1827 -8.98477
-12.4873 -8.98477
-12.7919 -8.98477
-12.9442 -8.98477
-13.2487 -8.98477
-13.5533 -8.83249
-13.7056 -8.83249
-14.0102 -8.83249
-14.3147 -8.6802
-14.467 -8.6802
-14.7716 -8.6802
-15.0761 -8.52792
-15.2284 -8.52792
-15.533 -8.37563
-15.6853 -8.37563
-15.9898 -8.22335
-16.1421 -8.22335
-16.4467 -8.07107
-16.599 -8.07107
-16.9036 -7.91878
-17.0558 -7.91878
-17.3604 -7.7665
-17.5127 -7.7665
-17.665 -7.61421
-17.9695 -7.46193
-18.1218 -7.46193
-18.4264 -7.30964
-18.5787 -7.30964
-18.731 -7.15736
-19.0355 -7.15736
-19.1878 -7.00508
-19.3401 -6.85279
-19.6447 -6.85279
-19.797 -6.70051
-19.9492 -6.54822
-20.2538 -6.54822
-20.4061 -6.39594
-20.5584 -6.24365
-20.7107 -6.09137
-21.0152 -6.09137
-21.1675 -5.93909
-21.3198 -5.7868
-21.4721 -5.63452
-21.7766 -5.48223
-21.9289 -5.48223
-22.0812 -5.32995
-22.2335 -5.17766
-22.3858 -5.02538
-22.5381 -4.8731
-22.8426 -4.72081
-22.9949 -4.56853
-23.1472 -4.56853
-23.2995 -4.41624
-23.4518 -4.26396
-23.6041 -4.11168
-23.7563 -3.95939
-23.9086 -3.80711
-24.0609 -3.65482
-24.2132 -3.50254
-24.3655 -3.35025
-24.5178 -3.19797
-24.6701 -3.04569
-24.8223 -2.74112
-24.9746 -2.58883
-25.1269 -2.43655
-25.2792 -2.28426
-25.4315 -2.13198
-25.5838 -1.9797
-25.736 -1.82741
-25.8883 -1.67513
-26.0406 -1.37056
-26.1929 -1.21827
-26.3452 -1.06599
-26.3452 -0.913706
-26.4975 -0.761421
-26.6497 -0.456853
-26.802 -0.304569
-26.9543 -0.152284
-26.9543 0
-27.1066 0.304569
-27.2589 0.456853
-27.4112 0.609137
-27.4112 0.913706
-27.5635 1.06599
-27.7157 1.37056
-27.7157 1.52284
-27.868 1.67513
-28.0203 1.9797
-28.0203 2.13198
-28.1726 2.43655
-28.1726 2.58883
-28.3249 2.8934
-28.3249 3.04569
-28.4772 3.35025
-28.4772 3.50254
-28.4772 3.80711
-28.6294 3.95939
-28.6294 4.26396
-28.6294 4.41624
-28.7817 4.72081
-28.7817 4.8731
-28.7817 5.17766
-28.7817 5.48223
-28.7817 5.63452
-28.7817 5.93909
-28.7817 6.09137
-28.7817 6.39594
-28.7817 6.70051
-28.7817 6.85279
-28.7817 7.15736
-28.7817 7.30964
-28.7817 7.61421
-28.7817 7.91878
-28.7817 8.07107
-28.7817 8.37563
-28.6294 8.52792
-28.6294 8.83249
-28.6294 9.13706
-28.6294 9.28934
-28.4772 9.59391
-28.4772 9.74619
-28.3249 10.0508
-28.3249 10.3553
-28.1726 10.5076
-28.1726 10.8122
-28.0203 10.9645
-28.0203 11.269
-27.868 11.4213
-27.868 11.7259
-27.7157 11.8782
-27.5635 12.1827
-27.5635 12.335
-27.4112 12.6396
-27.2589 12.7919
-27.1066 13.0964
-27.1066 13.2487
-26.9543 13.5533
-26.802 13.7056
-26.6497 14.0102
-26.4975 14.1624
-26.3452 14.467
-26.1929 14.6193
-26.1929 14.7716
-26.0406 15.0761
-25.8883 15.2284
-25.736 15.533
-25.5838 15.6853
-25.4315 15.8376
-25.1269 16.1421
-24.9746 16.2944
-24.8223 16.4467
-24.6701 16.7513
-24.5178 16.9036
-24.3655 17.0558
-24.0609 17.3604
-23.9086 17.5127
-23.7563 17.665
-23.6041 17.8173
-23.2995 17.9695
-23.1472 18.1218
-22.9949 18.4264
-22.6904 18.5787
-22.5381 18.731
-22.2335 18.8832
-22.0812 19.0355
-21.7766 19.0355
-21.6244 19.1878
-21.3198 19.3401
-21.0152 19.4924
-20.8629 19.6447
-20.5584 19.6447
-20.2538 19.797
-20.1015 19.9492
-19.797 19.9492
-19.4924 20.1015
-19.3401 20.1015
-19.0355 20.1015
-18.731 20.1015
-18.4264 20.2538
-18.2741 20.2538
-17.9695 20.2538
-17.665 20.2538
-17.3604 20.2538
-17.0558 20.1015
-16.9036 20.1015
-16.599 20.1015
-16.2944 19.9492
-15.9898 19.797
-15.8376 19.797
-15.533 19.6447
-15.2284 19.4924
-15.0761 19.3401
-14.7716 19.3401
-14.467 19.1878
-14.3147 19.0355
-14.0102 18.8832
-13.8579 18.5787
-13.5533 18.4264
-13.401 18.2741
-13.2487 18.1218
-12.9442 17.9695
-12.7919 17.8173
-12.6396 17.665
-12.335 17.5127
-12.1827 17.3604
-12.0305 17.2081
-11.8782 17.0558
-11.5736 16.9036
-11.4213 16.9036
-11.269 16.7513
-11.1168 16.599
-10.8122 16.599
-10.6599 16.4467
-10.5076 16.2944
-10.3553 16.2944
-10.0508 16.1421
-9.89848 16.1421
-9.74619 16.1421
-9.44162 15.9898
-9.28934 15.9898
-9.13706 15.8376
-8.83249 15.8376
-8.6802 15.8376
-8.37563 15.6853
-8.22335 15.6853
-8.07107 15.533
-7.7665 15.533
-7.61421 15.3807
-7.30964 15.2284
-7.15736 15.2284
-7.00508 15.0761
-6.85279 14.9239
-6.54822 14.9239
-6.39594 14.7716
-6.24365 14.6193
-6.09137 14.467
-5.93909 14.3147
-5.7868 14.1624
-5.63452 14.0102
-5.48223 13.7056
-5.32995 13.5533
-5.17766 13.401
-5.02538 13.2487
-5.02538 13.0964
-4.8731 12.7919
-4.72081 12.6396
-4.56853 12.4873
-4.56853 12.335
-4.41624 12.0305
-4.26396 11.8782
-4.11168 11.7259
-4.11168 11.5736
-3.95939 11.269
-3.80711 11.1168
-3.65482 10.9645
-3.50254 10.8122
-3.35025 10.5076
-3.19797 10.3553
-3.04569 10.203
-2.8934 10.0508
-2.74112 9.89848
-2.58883 9.74619
-2.43655 9.44162
-2.28426 9.28934
-2.13198 9.13706
-1.82741 8.98477
-1.67513 8.6802
-1.52284 8.52792
-1.37056 8.37563
-1.21827 8.07107
-0.913706 7.91878
-0.761421 7.61421
-0.609137 7.46193
-0.456853 7.15736
-0.304569 7.00508
-0.152284 6.70051
0 6.54822
0 6.24365
0.152284 5.93909
0.304569 5.7868
0.304569 5.48223
