0.152284 5.63452
0.456853 5.32995
0.609137 5.02538
0.913706 4.72081
1.06599 4.41624
1.37056 4.11168
1.52284 3.80711
1.67513 3.50254
1.9797 3.19797
2.13198 2.8934
2.28426 2.43655
2.43655 2.13198
2.43655 1.82741
2.58883 1.52284
2.74112 1.06599
2.74112 0.761421
2.74112 0.456853
2.8934 0.152284
2.8934 -0.304569
2.8934 -0.609137
2.74112 -0.913706
2.74112 -1.37056
2.74112 -1.67513
2.58883 -1.9797
2.58883 -2.28426
2.43655 -2.58883
2.28426 -2.8934
2.13198 -3.19797
1.82741 -3.50254
1.67513 -3.80711
1.52284 -3.95939
1.21827 -4.26396
1.06599 -4.56853
0.761421 -4.72081
0.456853 -5.02538
0.304569 -5.17766
0 -5.32995
-0.304569 -5.63452
-0.609137 -5.7868
-0.913706 -5.93909
-1.21827 -6.09137
-1.52284 -6.24365
-1.82741 -6.39594
-2.13198 -6.54822
-2.43655 -6.70051
-2.74112 -6.85279
-3.04569 -7.00508
-3.35025 -7.15736
-3.65482 -7.15736
-3.95939 -7.30964
-4.26396 -7.46193
-4.56853 -7.61421
-4.72081 -7.61421
-5.02538 -7.7665
-5.32995 -7.91878
-5.63452 -7.91878
-5.93909 -8.07107
-6.24365 -8.07107
-6.54822 -8.22335
-6.85279 -8.22335
-7.00508 -8.37563
-7.30964 -8.37563
-7.61421 -8.52792
-7.91878 -8.52792
-8.22335 -8.6802
-8.52792 -8.6802
-8.6802 -8.6802
-8.98477 -8.83249
-9.28934 -8.83249
-9.59391 -8.83249
-9.89848 -8.98477
-10.0508 -8.98477
-10.3553 -8.98477
-10.6599 -8.98477
-10.9645 -8.98477
-11.269 -8.98477
-11.4213 -8.98477
-11.7259 -8.98477
-12.0305 -8.98477
-12.335 -8.98477
-12.4873 -8.98477
-12.7919 -8.98477
-13.0964 -8.98477
-13.401 -8.83249
-13.5533 -8.83249
-13.8579 -8.83249
-14.1624 -8.83249
-14.3147 -8.6802
-14.6193 -8.6802
-14.9239 -8.6802
-15.0761 -8.52792
-15.3807 -8.52792
-15.533 -8.37563
-15.8376 -8.37563
-16.1421 -8.22335
-16.2944 -8.22335
-16.599 -8.07107
-16.7513 -8.07107
-17.0558 -7.91878
-17.2081 -7.91878
-17.5127 -7.7665
-17.665 -7.7665
-17.9695 -7.61421
-18.1218 -7.61421
-18.4264 -7.46193
-18.5787 -7.30964
-18.731 -7.30964
-19.0355 -7.15736
-19.1878 -7.00508
-19.3401 -7.00508
-19.6447 -6.85279
-19.797 -6.70051
-20.1015 -6.54822
-20.2538 -6.54822
-20.4061 -6.39594
-20.5584 -6.24365
-20.8629 -6.09137
-21.0152 -5.93909
-21.1675 -5.93909
-21.3198 -5.7868
-21.6244 -5.63452
-21.7766 -5.48223
-21.9289 -5.32995
-22.0812 -5.17766
-22.3858 -5.17766
-22.5381 -5.02538
-22.6904 -4.8731
-22.8426 -4.72081
-22.9949 -4.56853
-23.1472 -4.41624
-23.2995 -4.26396
-23.6041 -4.11168
-23.7563 -3.95939
-23.9086 -3.80711
-24.0609 -3.65482
-24.2132 -3.50254
-24.3655 -3.35025
-24.5178 -3.19797
-24.6701 -3.04569
-24.8223 -2.8934
-24.9746 -2.74112
-25.1269 -2.58883
-25.2792 -2.43655
-25.4315 -2.13198
-25.5838 -1.9797
-25.736 -1.82741
-25.8883 -1.67513
-26.0406 -1.52284
-26.1929 -1.37056
-26.1929 -1.06599
-26.3452 -0.913706
-26.4975 -0.761421
-26.6497 -0.609137
-26.802 -0.304569
-26.9543 -0.152284
-26.9543 0
-27.1066 0.152284
-27.2589 0.456853
-27.4112 0.609137
-27.4112 0.761421
-27.5635 1.06599
-27.7157 1.21827
-27.7157 1.52284
-27.868 1.67513
-27.868 1.82741
-28.0203 2.13198
-28.0203 2.28426
-28.1726 2.58883
-28.1726 2.74112
-28.3249 3.04569
-28.3249 3.19797
-28.4772 3.50254
-28.4772 3.65482
-28.4772 3.95939
-28.6294 4.11168
-28.6294 4.41624
-28.6294 4.56853
-28.6294 4.8731
-28.7817 5.02538
-28.7817 5.32995
-28.7817 5.63452
-28.7817 5.7868
-28.7817 6.09137
-28.7817 6.24365
-28.7817 6.54822
-28.7817 6.70051
-28.7817 7.00508
-28.7817 7.30964
-28.7817 7.46193
-28.7817 7.7665
-28.7817 7.91878
-28.7817 8.22335
-28.7817 8.52792
-28.6294 8.6802
-28.6294 8.98477
-28.6294 9.13706
-28.6294 9.44162
-28.4772 9.59391
-28.4772 9.89848
-28.3249 10.203
-28.3249 10.3553
-28.3249 10.6599
-28.1726 10.8122
-28.1726 11.1168
-28.0203 11.269
-28.0203 11.5736
-27.868 11.7259
-27.7157 12.0305
-27.7157 12.1827
-27.5635 12.4873
-27.4112 12.6396
-27.4112 12.9442
-27.2589 13.0964
-27.1066 13.401
-26.9543 13.5533
-26.9543 13.8579
-26.802 14.0102
-26.6497 14.3147
-26.4975 14.467
-26.3452 14.6193
-26.1929 14.9239
-26.0406 15.0761
-25.8883 15.2284
-25.736 15.533
-25.5838 15.6853
-25.4315 15.8376
-25.2792 15.9898
-25.1269 16.2944
-24.8223 16.4467
-24.6701 16.599
-24.5178 16.7513
-24.3655 16.9036
-24.2132 17.2081
-23.9086 17.3604
-23.7563 17.5127
-23.6041 17.665
-23.2995 17.8173
-23.1472 17.9695
-22.9949 18.1218
-22.6904 18.2741
-22.5381 18.4264
-22.3858 18.5787
-22.0812 18.731
-21.9289 18.8832
-21.6244 19.0355
-21.4721 19.1878
-21.3198 19.3401
-21.0152 19.4924
-20.7107 19.6447
-20.5584 19.797
-20.2538 19.797
-20.1015 19.9492
-19.797 20.1015
-19.6447 20.1015
-19.3401 20.2538
-19.0355 20.2538
-18.731 20.4061
-18.5787 20.4061
-18.2741 20.4061
-17.9695 20.5584
-17.8173 20.5584
-17.5127 20.5584
-17.2081 20.5584
-16.9036 20.5584
-16.7513 20.4061
-16.4467 20.4061
-16.1421 20.4061
-15.8376 20.2538
-15.6853 20.2538
-15.3807 20.1015
-15.0761 19.9492
-14.9239 19.797
-14.6193 19.6447
-14.3147 19.6447
-14.1624 19.4924
-13.8579 19.3401
-13.7056 19.1878
-13.401 19.0355
-13.2487 18.8832
-13.0964 18.731
-12.7919 18.5787
-12.6396 18.4264
-12.4873 18.1218
-12.1827 17.9695
-12.0305 17.8173
-11.8782 17.8173
-11.7259 17.665
-11.4213 17.5127
-11.269 17.3604
-11.1168 17.2081
-10.9645 17.0558
-10.6599 17.0558
-10.5076 16.9036
-10.3553 16.7513
-10.203 16.7513
-9.89848 16.599
-9.74619 16.4467
-9.59391 16.4467
-9.44162 16.2944
-9.13706 16.2944
-8.98477 16.1421
-8.83249 15.9898
-8.6802 15.9898
-8.37563 15.8376
-8.22335 15.8376
-8.07107 15.6853
-7.91878 15.533
-7.61421 15.3807
-7.46193 15.3807
-7.30964 15.2284
-7.15736 15.0761
-6.85279 14.9239
-6.70051 14.7716
-6.54822 14.7716
-6.39594 14.6193
-6.24365 14.467
-6.09137 14.3147
-5.93909 14.1624
-5.7868 13.8579
-5.63452 13.7056
-5.48223 13.5533
-5.48223 13.401
-5.32995 13.2487
-5.17766 13.0964
-5.02538 12.9442
-4.8731 12.7919
-4.72081 12.4873
-4.56853 12.335
-4.56853 12.1827
-4.41624 12.0305
-4.26396 11.8782
-4.11168 11.7259
-3.95939 11.4213
-3.80711 11.269
-3.65482 11.1168
-3.50254 10.9645
-3.35025 10.8122
-3.19797 10.6599
-3.04569 10.3553
-2.8934 10.203
-2.74112 10.0508
-2.58883 9.89848
-2.43655 9.74619
-2.28426 9.44162
-1.9797 9.28934
-1.82741 9.13706
-1.67513 8.98477
-1.52284 8.6802
-1.37056 8.52792
-1.21827 8.22335
-1.06599 8.07107
-0.913706 7.7665
-0.761421 7.61421
-0.609137 7.30964
-0.456853 7.15736
-0.304569 6.85279
-0.152284 6.54822
0 6.39594
0.152284 6.09137
0.152284 5.7868
