0.761421 4.41624
0.913706 4.11168
1.06599 3.95939
1.21827 3.65482
1.37056 3.35025
1.52284 3.04569
1.67513 2.74112
1.82741 2.43655
1.82741 2.13198
1.9797 1.82741
2.13198 1.52284
2.13198 1.21827
2.28426 0.913706
2.28426 0.609137
2.43655 0.304569
2.43655 0
2.43655 -0.304569
2.43655 -0.609137
2.43655 -1.06599
2.43655 -1.37056
2.43655 -1.67513
2.28426 -1.9797
2.28426 -2.28426
2.13198 -2.58883
1.9797 -2.8934
1.9797 -3.19797
1.82741 -3.35025
1.67513 -3.65482
1.37056 -3.95939
1.21827 -4.11168
1.06599 -4.41624
0.761421 -4.72081
0.609137 -4.8731
0.304569 -5.02538
0.152284 -5.32995
-0.152284 -5.48223
-0.456853 -5.63452
-0.609137 -5.7868
-0.913706 -5.93909
-1.21827 -6.09137
-1.52284 -6.24365
-1.82741 -6.39594
-2.13198 -6.54822
-2.43655 -6.70051
-2.58883 -6.85279
-2.8934 -7.00508
-3.19797 -7.00508
-3.50254 -7.15736
-3.80711 -7.30964
-4.11168 -7.30964
-4.26396 -7.46193
-4.56853 -7.61421
-4.8731 -7.61421
-5.17766 -7.7665
-5.32995 -7.7665
-5.63452 -7.91878
-5.93909 -8.07107
-6.24365 -8.07107
-6.39594 -8.22335
-6.70051 -8.22335
-7.00508 -8.37563
-7.15736 -8.37563
-7.46193 -8.52792
-7.7665 -8.52792
-7.91878 -8.52792
-8.22335 -8.6802
-8.52792 -8.6802
-8.6802 -8.83249
-8.98477 -8.83249
-9.28934 -8.83249
-9.44162 -8.83249
-9.74619 -8.83249
-10.0508 -8.98477
-10.203 -8.98477
-10.5076 -8.98477
-10.6599 -8.98477
-10.9645 -8.98477
-11.269 -8.98477
-11.4213 -8.98477
-11.7259 -8.98477
-12.0305 -8.83249
-12.1827 -8.83249
-12.4873 -8.83249
-12.6396 -8.83249
-12.9442 -8.83249
-13.0964 -8.6802
-13.401 -8.6802
-13.7056 -8.6802
-13.8579 -8.6802
-14.1624 -8.52792
-14.3147 -8.52792
-14.6193 -8.52792
-14.7716 -8.37563
-14.9239 -8.37563
-15.2284 -8.22335
-15.3807 -8.22335
-15.6853 -8.22335
-15.8376 -8.07107
-16.1421 -8.07107
-16.2944 -7.91878
-16.4467 -7.91878
-16.7513 -7.91878
-16.9036 -7.7665
-17.2081 -7.7665
-17.3604 -7.61421
-17.5127 -7.61421
-17.8173 -7.46193
-17.9695 -7.46193
-18.1218 -7.46193
-18.4264 -7.30964
-18.5787 -7.30964
-18.731 -7.15736
-19.0355 -7.00508
-19.1878 -7.00508
-19.3401 -6.85279
-19.6447 -6.85279
-19.797 -6.70051
-19.9492 -6.70051
-20.1015 -6.54822
-20.4061 -6.39594
-20.5584 -6.39594
-20.7107 -6.24365
-20.8629 -6.09137
-21.1675 -5.93909
-21.3198 -5.93909
-21.4721 -5.7868
-21.6244 -5.63452
-21.7766 -5.48223
-22.0812 -5.32995
-22.2335 -5.32995
-22.3858 -5.17766
-22.5381 -5.02538
-22.6904 -4.8731
-22.8426 -4.72081
-22.9949 -4.56853
-23.1472 -4.41624
-23.4518 -4.26396
-23.6041 -4.11168
-23.7563 -3.95939
-23.9086 -3.80711
-24.0609 -3.65482
-24.2132 -3.50254
-24.3655 -3.35025
-24.5178 -3.19797
-24.6701 -3.04569
-24.8223 -2.8934
-24.9746 -2.74112
-25.1269 -2.58883
-25.2792 -2.43655
-25.4315 -2.13198
-25.5838 -1.9797
-25.736 -1.82741
-25.8883 -1.67513
-25.8883 -1.52284
-26.0406 -1.21827
-26.1929 -1.06599
-26.3452 -0.913706
-26.4975 -0.761421
-26.6497 -0.456853
-26.6497 -0.304569
-26.802 -0.152284
-26.9543 0.152284
-26.9543 0.304569
-27.1066 0.609137
-27.2589 0.761421
-27.2589 0.913706
-27.4112 1.21827
-27.4112 1.37056
-27.4112 1.67513
-27.5635 1.82741
-27.5635 2.13198
-27.5635 2.28426
-27.5635 2.58883
-27.7157 2.74112
-27.7157 3.04569
-27.7157 3.35025
-27.7157 3.50254
-27.7157 3.80711
-27.7157 3.95939
-27.7157 4.26396
-27.7157 4.41624
-27.5635 4.72081
-27.5635 4.8731
-27.5635 5.17766
-27.5635 5.32995
-27.4112 5.63452
-27.4112 5.7868
-27.4112 6.09137
-27.2589 6.24365
-27.2589 6.54822
-27.2589 6.70051
-27.1066 7.00508
-27.1066 7.15736
-26.9543 7.30964
-26.9543 7.61421
-26.802 7.7665
-26.802 8.07107
-26.6497 8.22335
-26.4975 8.37563
-26.4975 8.6802
-26.3452 8.83249
-26.1929 8.98477
-26.1929 9.28934
-26.0406 9.44162
-25.8883 9.59391
-25.8883 9.89848
-25.736 10.0508
-25.5838 10.203
-25.4315 10.3553
-25.4315 10.5076
-25.2792 10.8122
-25.1269 10.9645
-24.9746 11.1168
-24.8223 11.269
-24.6701 11.4213
-24.6701 11.5736
-24.5178 11.8782
-24.3655 12.0305
-24.2132 12.1827
-24.0609 12.335
-23.9086 12.4873
-23.7563 12.6396
-23.6041 12.7919
-23.4518 12.9442
-23.2995 13.0964
-23.1472 13.2487
-22.9949 13.401
-22.8426 13.5533
-22.6904 13.7056
-22.3858 13.8579
-22.2335 14.0102
-22.0812 14.0102
-21.9289 14.1624
-21.7766 14.3147
-21.6244 14.467
-21.3198 14.467
-21.1675 14.6193
-21.0152 14.7716
-20.8629 14.7716
-20.5584 14.9239
-20.4061 15.0761
-20.2538 15.0761
-19.9492 15.2284
-19.797 15.2284
-19.6447 15.2284
-19.3401 15.3807
-19.1878 15.3807
-19.0355 15.3807
-18.731 15.533
-18.5787 15.533
-18.4264 15.533
-18.1218 15.6853
-17.9695 15.6853
-17.8173 15.6853
-17.5127 15.6853
-17.3604 15.6853
-17.2081 15.6853
-16.9036 15.8376
-16.7513 15.8376
-16.599 15.8376
-16.2944 15.8376
-16.1421 15.8376
-15.9898 15.8376
-15.6853 15.8376
-15.533 15.8376
-15.3807 15.8376
-15.0761 15.8376
-14.9239 15.9898
-14.7716 15.9898
-14.467 15.9898
-14.3147 15.9898
-14.1624 15.9898
-13.8579 15.9898
-13.7056 15.9898
-13.5533 15.9898
-13.2487 15.9898
-13.0964 15.9898
-12.9442 15.9898
-12.6396 15.9898
-12.4873 15.9898
-12.335 15.9898
-12.0305 15.9898
-11.8782 15.9898
-11.7259 15.9898
-11.4213 15.9898
-11.269 15.9898
-10.9645 15.9898
-10.8122 15.9898
-10.6599 15.9898
-10.3553 15.9898
-10.203 15.8376
-9.89848 15.8376
-9.74619 15.8376
-9.59391 15.8376
-9.28934 15.6853
-9.13706 15.6853
-8.83249 15.6853
-8.6802 15.533
-8.52792 15.533
-8.22335 15.3807
-8.07107 15.3807
-7.7665 15.2284
-7.61421 15.2284
-7.46193 15.0761
-7.30964 14.9239
-7.00508 14.9239
-6.85279 14.7716
-6.70051 14.6193
-6.54822 14.467
-6.24365 14.3147
-6.09137 14.1624
-5.93909 14.1624
-5.7868 14.0102
-5.63452 13.8579
-5.48223 13.5533
-5.32995 13.401
-5.17766 13.2487
-5.02538 13.0964
-4.8731 12.9442
-4.72081 12.7919
-4.56853 12.6396
-4.41624 12.4873
-4.41624 12.1827
-4.26396 12.0305
-4.11168 11.8782
-3.95939 11.7259
-3.80711 11.4213
-3.80711 11.269
-3.65482 11.1168
-3.50254 10.9645
-3.35025 10.8122
-3.19797 10.5076
-3.19797 10.3553
-3.04569 10.203
-2.8934 10.0508
-2.74112 9.89848
-2.58883 9.74619
-2.43655 9.44162
-2.28426 9.28934
-2.13198 9.13706
-1.9797 8.98477
-1.82741 8.83249
-1.67513 8.52792
-1.52284 8.37563
-1.37056 8.22335
-1.06599 7.91878
-0.913706 7.7665
-0.761421 7.61421
-0.609137 7.30964
-0.456853 7.15736
-0.304569 6.85279
-0.152284 6.70051
0 6.39594
0.152284 6.24365
0.152284 5.93909
0.304569 5.7868
0.456853 5.48223
0.456853 5.17766
0.609137 5.02538
0.609137 4.72081
