1.52284 3.04569
1.82741 2.8934
1.9797 2.58883
2.28426 2.28426
2.43655 1.9797
2.58883 1.67513
2.74112 1.37056
2.8934 1.06599
3.04569 0.913706
3.04569 0.609137
3.04569 0.304569
3.19797 0
3.19797 -0.304569
3.04569 -0.609137
3.04569 -0.913706
3.04569 -1.21827
2.8934 -1.52284
2.8934 -1.82741
2.74112 -1.9797
2.58883 -2.28426
2.43655 -2.58883
2.28426 -2.8934
2.13198 -3.04569
1.9797 -3.35025
1.82741 -3.50254
1.67513 -3.80711
1.52284 -3.95939
1.21827 -4.26396
1.06599 -4.41624
0.761421 -4.56853
0.609137 -4.8731
0.456853 -5.02538
0.152284 -5.17766
-0.152284 -5.32995
-0.304569 -5.48223
-0.609137 -5.63452
-0.761421 -5.7868
-1.06599 -5.93909
-1.21827 -6.09137
-1.52284 -6.24365
-1.82741 -6.39594
-1.9797 -6.54822
-2.28426 -6.70051
-2.58883 -6.85279
-2.74112 -6.85279
-3.04569 -7.00508
-3.19797 -7.15736
-3.50254 -7.15736
-3.80711 -7.30964
-3.95939 -7.46193
-4.26396 -7.46193
-4.41624 -7.61421
-4.72081 -7.7665
-4.8731 -7.7665
-5.17766 -7.91878
-5.32995 -7.91878
-5.63452 -8.07107
-5.7868 -8.07107
-6.09137 -8.22335
-6.24365 -8.22335
-6.54822 -8.37563
-6.70051 -8.37563
-7.00508 -8.52792
-7.15736 -8.52792
-7.46193 -8.6802
-7.61421 -8.6802
-7.91878 -8.6802
-8.07107 -8.83249
-8.37563 -8.83249
-8.52792 -8.83249
-8.83249 -8.98477
-8.98477 -8.98477
-9.28934 -8.98477
-9.44162 -8.98477
-9.59391 -8.98477
-9.89848 -8.98477
-10.0508 -8.98477
-10.3553 -8.98477
-10.5076 -8.98477
-10.8122 -8.98477
-10.9645 -8.98477
-11.269 -8.98477
-11.4213 -8.98477
-11.7259 -8.98477
-11.8782 -8.98477
-12.0305 -8.98477
-12.335 -8.83249
-12.4873 -8.83249
-12.7919 -8.83249
-12.9442 -8.83249
-13.0964 -8.83249
-13.401 -8.6802
-13.5533 -8.6802
-13.7056 -8.6802
-14.0102 -8.6802
-14.1624 -8.52792
-14.3147 -8.52792
-14.6193 -8.52792
-14.7716 -8.37563
-14.9239 -8.37563
-15.2284 -8.37563
-15.3807 -8.22335
-15.533 -8.22335
-15.6853 -8.22335
-15.9898 -8.07107
-16.1421 -8.07107
-16.2944 -8.07107
-16.599 -7.91878
-16.7513 -7.91878
-16.9036 -7.91878
-17.0558 -7.7665
-17.3604 -7.7665
-17.5127 -7.61421
-17.665 -7.61421
-17.8173 -7.46193
-18.1218 -7.46193
-18.2741 -7.30964
-18.4264 -7.30964
-18.5787 -7.15736
-18.731 -7.15736
-19.0355 -7.00508
-19.1878 -7.00508
-19.3401 -6.85279
-19.4924 -6.70051
-19.6447 -6.70051
-19.9492 -6.54822
-20.1015 -6.39594
-20.2538 -6.39594
-20.4061 -6.24365
-20.5584 -6.09137
-20.8629 -5.93909
-21.0152 -5.93909
-21.1675 -5.7868
-21.3198 -5.63452
-21.4721 -5.48223
-21.6244 -5.48223
-21.7766 -5.32995
-22.0812 -5.17766
-22.2335 -5.02538
-22.3858 -4.8731
-22.5381 -4.72081
-22.6904 -4.72081
-22.8426 -4.56853
-23.1472 -4.41624
-23.2995 -4.26396
-23.4518 -4.11168
-23.6041 -3.95939
-23.7563 -3.80711
-23.9086 -3.65482
-24.2132 -3.50254
-24.3655 -3.35025
-24.5178 -3.19797
-24.6701 -3.04569
-24.8223 -2.8934
-24.9746 -2.74112
-25.2792 -2.58883
-25.4315 -2.28426
-25.5838 -2.13198
-25.736 -1.9797
-25.8883 -1.82741
-26.0406 -1.52284
-26.1929 -1.37056
-26.3452 -1.21827
-26.3452 -0.913706
-26.4975 -0.761421
-26.6497 -0.456853
-26.802 -0.304569
-26.802 0
-26.9543 0.152284
-26.9543 0.456853
-27.1066 0.609137
-27.1066 0.913706
-27.2589 1.06599
-27.2589 1.37056
-27.2589 1.67513
-27.2589 1.82741
-27.2589 2.13198
-27.2589 2.43655
-27.2589 2.58883
-27.2589 2.8934
-27.2589 3.04569
-27.2589 3.35025
-27.2589 3.65482
-27.2589 3.80711
-27.2589 4.11168
-27.1066 4.26396
-27.1066 4.56853
-27.1066 4.8731
-26.9543 5.02538
-26.9543 5.32995
-26.802 5.48223
-26.802 5.7868
-26.6497 5.93909
-26.6497 6.24365
-26.4975 6.39594
-26.4975 6.70051
-26.3452 6.85279
-26.3452 7.15736
-26.1929 7.30964
-26.0406 7.61421
-26.0406 7.7665
-25.8883 8.07107
-25.736 8.22335
-25.736 8.37563
-25.5838 8.6802
-25.4315 8.83249
-25.2792 8.98477
-25.1269 9.28934
-25.1269 9.44162
-24.9746 9.59391
-24.8223 9.89848
-24.6701 10.0508
-24.5178 10.203
-24.3655 10.3553
-24.2132 10.5076
-24.0609 10.8122
-23.9086 10.9645
-23.7563 11.1168
-23.6041 11.269
-23.4518 11.4213
-23.2995 11.5736
-22.9949 11.7259
-22.8426 11.8782
-22.6904 12.0305
-22.5381 12.1827
-22.3858 12.335
-22.0812 12.4873
-21.9289 12.6396
-21.7766 12.6396
-21.6244 12.7919
-21.3198 12.9442
-21.1675 13.0964
-21.0152 13.2487
-20.8629 13.2487
-20.5584 13.401
-20.4061 13.5533
-20.2538 13.5533
-20.1015 13.7056
-19.797 13.8579
-19.6447 13.8579
-19.4924 14.0102
-19.1878 14.1624
-19.0355 14.1624
-18.8832 14.3147
-18.5787 14.3147
-18.4264 14.467
-18.2741 14.467
-17.9695 14.6193
-17.8173 14.6193
-17.665 14.7716
-17.3604 14.7716
-17.2081 14.9239
-17.0558 14.9239
-16.7513 14.9239
-16.599 15.0761
-16.2944 15.0761
-16.1421 15.0761
-15.9898 15.2284
-15.6853 15.2284
-15.533 15.2284
-15.2284 15.2284
-15.0761 15.2284
-14.9239 15.2284
-14.6193 15.2284
-14.467 15.2284
-14.1624 15.2284
-14.0102 15.2284
-13.7056 15.2284
-13.5533 15.2284
-13.401 15.2284
-13.0964 15.2284
-12.9442 15.0761
-12.7919 15.0761
-12.4873 15.0761
-12.335 14.9239
-12.0305 14.9239
-11.8782 14.9239
-11.7259 14.7716
-11.5736 14.7716
-11.269 14.7716
-11.1168 14.6193
-10.9645 14.6193
-10.6599 14.6193
-10.5076 14.467
-10.3553 14.467
-10.0508 14.467
-9.89848 14.3147
-9.74619 14.3147
-9.59391 14.1624
-9.28934 14.1624
-9.13706 14.1624
-8.98477 14.1624
-8.6802 14.0102
-8.52792 14.0102
-8.37563 14.0102
-8.07107 13.8579
-7.91878 13.8579
-7.61421 13.8579
-7.46193 13.7056
-7.30964 13.7056
-7.00508 13.7056
-6.85279 13.5533
-6.70051 13.5533
-6.39594 13.401
-6.24365 13.401
-6.09137 13.2487
-5.7868 13.2487
-5.63452 13.0964
-5.48223 12.9442
-5.17766 12.9442
-5.02538 12.7919
-4.8731 12.6396
-4.72081 12.4873
-4.41624 12.335
-4.26396 12.1827
-4.11168 12.0305
-3.95939 11.8782
-3.80711 11.7259
-3.65482 11.5736
-3.50254 11.4213
-3.35025 11.269
-3.19797 11.1168
-3.04569 10.9645
-2.8934 10.8122
-2.8934 10.6599
-2.74112 10.3553
-2.58883 10.203
-2.43655 10.0508
-2.28426 9.89848
-2.28426 9.59391
-2.13198 9.44162
-1.9797 9.28934
-1.82741 9.13706
-1.67513 8.98477
-1.67513 8.6802
-1.52284 8.52792
-1.37056 8.37563
-1.21827 8.22335
-1.06599 7.91878
-1.06599 7.7665
-0.913706 7.61421
-0.761421 7.30964
-0.609137 7.15736
-0.456853 7.00508
-0.304569 6.85279
-0.152284 6.54822
0 6.39594
0 6.09137
0.152284 5.93909
0.304569 5.7868
0.456853 5.48223
0.609137 5.32995
0.761421 5.02538
0.761421 4.8731
0.913706 4.56853
1.06599 4.41624
1.21827 4.11168
1.21827 3.80711
1.37056 3.65482
1.37056 3.35025
