0.913706 4.41624
1.06599 4.11168
1.21827 3.80711
1.37056 3.65482
1.52284 3.35025
1.52284 3.04569
1.67513 2.74112
1.82741 2.43655
1.9797 2.13198
1.9797 1.82741
2.13198 1.52284
2.13198 1.21827
2.28426 0.913706
2.28426 0.609137
2.28426 0.304569
2.43655 0
2.43655 -0.304569
2.43655 -0.609137
2.43655 -0.913706
2.43655 -1.21827
2.28426 -1.67513
2.28426 -1.9797
2.28426 -2.28426
2.13198 -2.58883
1.9797 -2.74112
1.9797 -3.04569
1.82741 -3.35025
1.67513 -3.65482
1.37056 -3.95939
1.21827 -4.11168
1.06599 -4.41624
0.913706 -4.56853
0.609137 -4.8731
0.456853 -5.02538
0.152284 -5.32995
-0.152284 -5.48223
-0.304569 -5.63452
-0.609137 -5.7868
-0.913706 -5.93909
-1.21827 -6.09137
-1.37056 -6.24365
-1.67513 -6.39594
-1.9797 -6.54822
-2.28426 -6.70051
-2.58883 -6.85279
-2.74112 -7.00508
-3.04569 -7.15736
-3.35025 -7.15736
-3.65482 -7.30964
-3.95939 -7.46193
-4.11168 -7.46193
-4.41624 -7.61421
-4.72081 -7.7665
-5.02538 -7.7665
-5.17766 -7.91878
-5.48223 -8.07107
-5.7868 -8.07107
-5.93909 -8.22335
-6.24365 -8.22335
-6.54822 -8.37563
-6.70051 -8.37563
-7.00508 -8.52792
-7.30964 -8.52792
-7.61421 -8.6802
-7.7665 -8.6802
-8.07107 -8.83249
-8.37563 -8.83249
-8.52792 -8.83249
-8.83249 -8.98477
-9.13706 -8.98477
-9.28934 -8.98477
-9.59391 -8.98477
-9.89848 -8.98477
-10.0508 -8.98477
-10.3553 -8.98477
-10.6599 -8.98477
-10.8122 -8.98477
-11.1168 -8.98477
-11.4213 -8.98477
-11.5736 -8.98477
-11.8782 -8.98477
-12.0305 -8.83249
-12.335 -8.83249
-12.6396 -8.83249
-12.7919 -8.83249
-13.0964 -8.6802
-13.2487 -8.6802
-13.5533 -8.6802
-13.7056 -8.52792
-14.0102 -8.52792
-14.1624 -8.52792
-14.467 -8.37563
-14.6193 -8.37563
-14.9239 -8.22335
-15.0761 -8.22335
-15.2284 -8.22335
-15.533 -8.07107
-15.6853 -8.07107
-15.9898 -8.07107
-16.1421 -7.91878
-16.2944 -7.91878
-16.599 -7.7665
-16.7513 -7.7665
-17.0558 -7.7665
-17.2081 -7.61421
-17.3604 -7.61421
-17.665 -7.46193
-17.8173 -7.46193
-17.9695 -7.46193
-18.2741 -7.30964
-18.4264 -7.30964
-18.731 -7.15736
-18.8832 -7.15736
-19.0355 -7.00508
-19.3401 -7.00508
-19.4924 -6.85279
-19.6447 -6.85279
-19.797 -6.70051
-20.1015 -6.54822
-20.2538 -6.54822
-20.4061 -6.39594
-20.7107 -6.24365
-20.8629 -6.24365
-21.0152 -6.09137
-21.1675 -5.93909
-21.3198 -5.7868
-21.6244 -5.7868
-21.7766 -5.63452
-21.9289 -5.48223
-22.0812 -5.32995
-22.2335 -5.17766
-22.3858 -5.02538
-22.5381 -4.8731
-22.8426 -4.72081
-22.9949 -4.56853
-23.1472 -4.41624
-23.2995 -4.26396
-23.4518 -4.11168
-23.6041 -3.95939
-23.7563 -3.80711
-23.9086 -3.65482
-24.0609 -3.50254
-24.2132 -3.35025
-24.3655 -3.19797
-24.5178 -3.04569
-24.6701 -2.8934
-24.8223 -2.74112
-24.9746 -2.58883
-25.1269 -2.43655
-25.2792 -2.28426
-25.4315 -1.9797
-25.5838 -1.82741
-25.736 -1.67513
-25.736 -1.52284
-25.8883 -1.37056
-26.0406 -1.06599
-26.1929 -0.913706
-26.3452 -0.761421
-26.4975 -0.609137
-26.6497 -0.304569
-26.802 -0.152284
-26.9543 0
-26.9543 0.304569
-27.1066 0.456853
-27.2589 0.609137
-27.4112 0.913706
-27.4112 1.06599
-27.5635 1.37056
-27.7157 1.52284
-27.7157 1.82741
-27.868 1.9797
-28.0203 2.28426
-28.0203 2.43655
-28.1726 2.74112
-28.1726 2.8934
-28.3249 3.19797
-28.3249 3.50254
-28.3249 3.65482
-28.4772 3.95939
-28.4772 4.11168
-28.4772 4.41624
-28.6294 4.72081
-28.6294 4.8731
-28.6294 5.17766
-28.6294 5.48223
-28.6294 5.63452
-28.6294 5.93909
-28.6294 6.24365
-28.6294 6.39594
-28.6294 6.70051
-28.6294 7.00508
-28.6294 7.15736
-28.6294 7.46193
-28.6294 7.7665
-28.4772 7.91878
-28.4772 8.22335
-28.4772 8.52792
-28.3249 8.6802
-28.3249 8.98477
-28.1726 9.28934
-28.1726 9.44162
-28.0203 9.74619
-28.0203 10.0508
-27.868 10.203
-27.7157 10.5076
-27.7157 10.6599
-27.5635 10.9645
-27.5635 11.269
-27.4112 11.4213
-27.2589 11.7259
-27.2589 11.8782
-27.1066 12.1827
-26.9543 12.335
-26.802 12.6396
-26.802 12.9442
-26.6497 13.0964
-26.4975 13.401
-26.4975 13.7056
-26.3452 13.8579
-26.1929 14.1624
-26.0406 14.3147
-25.8883 14.6193
-25.8883 14.9239
-25.736 15.0761
-25.5838 15.3807
-25.4315 15.6853
-25.2792 15.8376
-25.1269 16.1421
-24.9746 16.4467
-24.8223 16.599
-24.6701 16.9036
-24.5178 17.0558
-24.2132 17.3604
-24.0609 17.5127
-23.9086 17.8173
-23.7563 17.9695
-23.4518 18.1218
-23.2995 18.2741
-22.9949 18.5787
-22.6904 18.731
-22.5381 18.8832
-22.2335 18.8832
-21.9289 19.0355
-21.7766 19.1878
-21.4721 19.3401
-21.1675 19.3401
-20.8629 19.4924
-20.5584 19.4924
-20.2538 19.4924
-19.9492 19.4924
-19.6447 19.6447
-19.4924 19.6447
-19.1878 19.6447
-18.8832 19.6447
-18.5787 19.4924
-18.2741 19.4924
-17.9695 19.4924
-17.665 19.4924
-17.3604 19.3401
-17.0558 19.3401
-16.7513 19.1878
-16.599 19.1878
-16.2944 19.0355
-15.9898 18.8832
-15.6853 18.8832
-15.3807 18.731
-15.2284 18.5787
-14.9239 18.4264
-14.6193 18.2741
-14.467 18.2741
-14.1624 18.1218
-14.0102 17.9695
-13.7056 17.8173
-13.5533 17.665
-13.2487 17.5127
-13.0964 17.3604
-12.7919 17.2081
-12.6396 17.2081
-12.4873 17.0558
-12.1827 16.9036
-12.0305 16.7513
-11.8782 16.599
-11.5736 16.4467
-11.4213 16.4467
-11.269 16.2944
-11.1168 16.1421
-10.8122 16.1421
-10.6599 15.9898
-10.5076 15.8376
-10.203 15.8376
-10.0508 15.6853
-9.89848 15.6853
-9.74619 15.533
-9.44162 15.533
-9.28934 15.3807
-9.13706 15.3807
-8.83249 15.3807
-8.6802 15.2284
-8.52792 15.2284
-8.22335 15.0761
-8.07107 15.0761
-7.7665 15.0761
-7.61421 14.9239
-7.46193 14.9239
-7.15736 14.7716
-7.00508 14.6193
-6.85279 14.6193
-6.54822 14.467
-6.39594 14.467
-6.24365 14.3147
-6.09137 14.1624
-5.7868 14.0102
-5.63452 13.8579
-5.48223 13.7056
-5.32995 13.5533
-5.17766 13.401
-5.02538 13.2487
-4.8731 13.0964
-4.72081 12.9442
-4.56853 12.7919
-4.41624 12.6396
-4.41624 12.335
-4.26396 12.1827
-4.11168 12.0305
-3.95939 11.8782
-3.95939 11.5736
-3.80711 11.4213
-3.65482 11.269
-3.50254 11.1168
-3.50254 10.8122
-3.35025 10.6599
-3.19797 10.5076
-3.04569 10.3553
-3.04569 10.203
-2.8934 9.89848
-2.74112 9.74619
-2.58883 9.59391
-2.43655 9.44162
-2.28426 9.28934
-2.13198 8.98477
-1.9797 8.83249
-1.82741 8.6802
-1.67513 8.52792
-1.52284 8.37563
-1.21827 8.07107
-1.06599 7.91878
-0.913706 7.7665
-0.761421 7.46193
-0.609137 7.30964
-0.456853 7.15736
-0.304569 6.85279
-0.152284 6.70051
0 6.39594
0.152284 6.24365
0.304569 5.93909
0.456853 5.63452
0.609137 5.48223
0.609137 5.17766
0.761421 4.8731
0.761421 4.72081
