2.43655 2.43655
2.58883 2.13198
2.74112 1.82741
2.8934 1.52284
2.8934 1.21827
3.04569 1.06599
3.04569 0.761421
3.04569 0.456853
3.04569 0.152284
3.19797 -0.152284
3.04569 -0.304569
3.04569 -0.609137
3.04569 -0.913706
3.04569 -1.21827
2.8934 -1.52284
2.74112 -1.67513
2.74112 -1.9797
2.58883 -2.28426
2.43655 -2.43655
2.28426 -2.74112
2.13198 -3.04569
1.9797 -3.19797
1.82741 -3.50254
1.67513 -3.65482
1.52284 -3.80711
1.37056 -4.11168
1.21827 -4.26396
1.06599 -4.56853
0.761421 -4.72081
0.609137 -4.8731
0.456853 -5.02538
0.152284 -5.17766
0 -5.48223
-0.152284 -5.63452
-0.456853 -5.7868
-0.609137 -5.93909
-0.913706 -6.09137
-1.06599 -6.24365
-1.37056 -6.39594
-1.52284 -6.54822
-1.82741 -6.70051
-1.9797 -6.70051
-2.13198 -6.85279
-2.43655 -7.00508
-2.58883 -7.15736
-2.8934 -7.15736
-3.04569 -7.30964
-3.35025 -7.46193
-3.50254 -7.46193
-3.80711 -7.61421
-3.95939 -7.7665
-4.26396 -7.7665
-4.41624 -7.91878
-4.72081 -7.91878
-4.8731 -8.07107
-5.17766 -8.07107
-5.32995 -8.22335
-5.63452 -8.22335
-5.7868 -8.22335
-6.09137 -8.37563
-6.24365 -8.37563
-6.39594 -8.52792
-6.70051 -8.52792
-6.85279 -8.52792
-7.15736 -8.6802
-7.30964 -8.6802
-7.61421 -8.6802
-7.7665 -8.6802
-7.91878 -8.6802
-8.22335 -8.83249
-8.37563 -8.83249
-8.6802 -8.83249
-8.83249 -8.83249
-8.98477 -8.83249
-9.28934 -8.83249
-9.44162 -8.98477
-9.59391 -8.98477
-9.89848 -8.98477
-10.0508 -8.98477
-10.3553 -8.98477
-10.5076 -8.98477
-10.6599 -8.98477
-10.9645 -8.98477
-11.1168 -8.98477
-11.269 -8.98477
-11.4213 -8.98477
-11.7259 -8.83249
-11.8782 -8.83249
-12.0305 -8.83249
-12.335 -8.83249
-12.4873 -8.83249
-12.6396 -8.83249
-12.7919 -8.83249
-13.0964 -8.83249
-13.2487 -8.6802
-13.401 -8.6802
-13.7056 -8.6802
-13.8579 -8.6802
-14.0102 -8.52792
-14.1624 -8.52792
-14.467 -8.52792
-14.6193 -8.52792
-14.7716 -8.37563
-14.9239 -8.37563
-15.0761 -8.37563
-15.3807 -8.22335
-15.533 -8.22335
-15.6853 -8.22335
-15.8376 -8.07107
-16.1421 -8.07107
-16.2944 -8.07107
-16.4467 -7.91878
-16.599 -7.91878
-16.7513 -7.7665
-17.0558 -7.7665
-17.2081 -7.61421
-17.3604 -7.61421
-17.5127 -7.46193
-17.665 -7.46193
-17.8173 -7.30964
-18.1218 -7.30964
-18.2741 -7.15736
-18.4264 -7.15736
-18.5787 -7.00508
-18.731 -7.00508
-19.0355 -6.85279
-19.1878 -6.85279
-19.3401 -6.70051
-19.4924 -6.54822
-19.6447 -6.54822
-19.797 -6.39594
-20.1015 -6.39594
-20.2538 -6.24365
-20.4061 -6.09137
-20.5584 -6.09137
-20.7107 -5.93909
-21.0152 -5.7868
-21.1675 -5.63452
-21.3198 -5.63452
-21.4721 -5.48223
-21.6244 -5.32995
-21.9289 -5.17766
-22.0812 -5.17766
-22.2335 -5.02538
-22.3858 -4.8731
-22.6904 -4.72081
-22.8426 -4.56853
-22.9949 -4.41624
-23.1472 -4.26396
-23.4518 -4.11168
-23.6041 -3.95939
-23.7563 -3.80711
-23.9086 -3.65482
-24.0609 -3.50254
-24.3655 -3.35025
-24.5178 -3.19797
-24.6701 -3.04569
-24.8223 -2.8934
-24.9746 -2.74112
-25.1269 -2.43655
-25.2792 -2.28426
-25.4315 -2.13198
-25.5838 -1.9797
-25.736 -1.67513
-25.8883 -1.52284
-26.0406 -1.21827
-26.1929 -1.06599
-26.3452 -0.761421
-26.4975 -0.609137
-26.4975 -0.304569
-26.6497 -0.152284
-26.6497 0.152284
-26.802 0.304569
-26.802 0.609137
-26.9543 0.913706
-26.9543 1.06599
-27.1066 1.37056
-27.1066 1.67513
-27.1066 1.82741
-27.1066 2.13198
-27.1066 2.43655
-27.1066 2.58883
-27.2589 2.8934
-27.1066 3.19797
-27.1066 3.35025
-27.1066 3.65482
-27.1066 3.95939
-27.1066 4.11168
-27.1066 4.41624
-26.9543 4.72081
-26.9543 4.8731
-26.9543 5.17766
-26.802 5.48223
-26.802 5.63452
-26.6497 5.93909
-26.6497 6.09137
-26.4975 6.39594
-26.4975 6.70051
-26.3452 6.85279
-26.1929 7.15736
-26.1929 7.30964
-26.0406 7.61421
-25.8883 7.7665
-25.736 8.07107
-25.5838 8.22335
-25.5838 8.52792
-25.4315 8.6802
-25.2792 8.83249
-25.1269 9.13706
-24.9746 9.28934
-24.8223 9.44162
-24.6701 9.74619
-24.5178 9.89848
-24.3655 10.0508
-24.2132 10.203
-24.0609 10.5076
-23.9086 10.6599
-23.7563 10.8122
-23.6041 10.9645
-23.2995 11.1168
-23.1472 11.4213
-22.9949 11.5736
-22.8426 11.7259
-22.6904 11.8782
-22.3858 12.0305
-22.2335 12.1827
-22.0812 12.335
-21.9289 12.4873
-21.7766 12.6396
-21.4721 12.7919
-21.3198 12.9442
-21.1675 13.0964
-20.8629 13.2487
-20.7107 13.2487
-20.5584 13.401
-20.2538 13.5533
-20.1015 13.7056
-19.9492 13.8579
-19.6447 13.8579
-19.4924 14.0102
-19.3401 14.1624
-19.0355 14.3147
-18.8832 14.3147
-18.5787 14.467
-18.4264 14.6193
-18.2741 14.6193
-17.9695 14.7716
-17.8173 14.7716
-17.5127 14.9239
-17.3604 14.9239
-17.0558 15.0761
-16.9036 15.0761
-16.599 15.0761
-16.4467 15.2284
-16.1421 15.2284
-15.9898 15.2284
-15.6853 15.2284
-15.533 15.2284
-15.2284 15.3807
-14.9239 15.2284
-14.7716 15.2284
-14.467 15.2284
-14.3147 15.2284
-14.0102 15.2284
-13.8579 15.0761
-13.5533 15.0761
-13.401 14.9239
-13.0964 14.9239
-12.9442 14.7716
-12.6396 14.7716
-12.4873 14.6193
-12.335 14.467
-12.0305 14.3147
-11.8782 14.3147
-11.7259 14.1624
-11.4213 14.0102
-11.269 13.8579
-11.1168 13.7056
-10.9645 13.7056
-10.6599 13.5533
-10.5076 13.401
-10.3553 13.2487
-10.203 13.2487
-10.0508 13.0964
-9.89848 12.9442
-9.59391 12.9442
-9.44162 12.7919
-9.28934 12.7919
-9.13706 12.6396
-8.98477 12.6396
-8.83249 12.6396
-8.52792 12.4873
-8.37563 12.4873
-8.22335 12.4873
-7.91878 12.4873
-7.7665 12.4873
-7.61421 12.4873
-7.30964 12.335
-7.15736 12.335
-7.00508 12.335
-6.70051 12.335
-6.54822 12.335
-6.24365 12.335
-6.09137 12.335
-5.7868 12.335
-5.63452 12.1827
-5.32995 12.1827
-5.17766 12.1827
-4.8731 12.0305
-4.72081 12.0305
-4.41624 11.8782
-4.26396 11.8782
-4.11168 11.7259
-3.80711 11.5736
-3.65482 11.4213
-3.50254 11.4213
-3.35025 11.269
-3.19797 11.1168
-3.04569 10.9645
-2.8934 10.8122
-2.74112 10.5076
-2.58883 10.3553
-2.43655 10.203
-2.28426 10.0508
-2.13198 9.89848
-2.13198 9.59391
-1.9797 9.44162
-1.82741 9.28934
-1.67513 9.13706
-1.67513 8.83249
-1.52284 8.6802
-1.37056 8.52792
-1.37056 8.37563
-1.21827 8.07107
-1.06599 7.91878
-0.913706 7.7665
-0.913706 7.46193
-0.761421 7.30964
-0.609137 7.15736
-0.609137 7.00508
-0.456853 6.70051
-0.304569 6.54822
-0.152284 6.39594
0 6.24365
0 5.93909
0.152284 5.7868
0.304569 5.63452
0.456853 5.32995
0.609137 5.17766
0.761421 4.8731
0.913706 4.72081
1.06599 4.56853
1.06599 4.26396
1.21827 4.11168
1.37056 3.80711
1.52284 3.65482
1.67513 3.35025
1.82741 3.04569
1.9797 2.8934
1.9797 2.58883
