6.39594 1.9797
6.54822 1.67513
6.54822 1.37056
6.54822 0.913706
6.54822 0.609137
6.54822 0.304569
6.54822 0
6.39594 -0.304569
6.39594 -0.609137
6.24365 -0.913706
6.24365 -1.21827
6.09137 -1.52284
5.93909 -1.82741
5.7868 -2.13198
5.63452 -2.43655
5.48223 -2.74112
5.32995 -3.04569
5.17766 -3.35025
5.02538 -3.50254
4.72081 -3.80711
4.56853 -4.11168
4.41624 -4.26396
4.11168 -4.56853
3.95939 -4.8731
3.65482 -5.02538
3.35025 -5.17766
3.19797 -5.48223
2.8934 -5.63452
2.58883 -5.7868
2.43655 -6.09137
2.13198 -6.24365
1.82741 -6.39594
1.52284 -6.54822
1.21827 -6.70051
1.06599 -6.85279
0.761421 -7.00508
0.456853 -7.15736
0.152284 -7.30964
0 -7.46193
-0.304569 -7.46193
-0.609137 -7.61421
-0.913706 -7.7665
-1.06599 -7.91878
-1.37056 -8.07107
-1.67513 -8.07107
-1.82741 -8.22335
-2.13198 -8.37563
-2.28426 -8.37563
-2.58883 -8.52792
-2.74112 -8.6802
-3.04569 -8.83249
-3.19797 -8.83249
-3.50254 -8.98477
-3.65482 -9.13706
-3.95939 -9.28934
-4.11168 -9.44162
-4.26396 -9.44162
-4.56853 -9.59391
-4.72081 -9.74619
-5.02538 -9.89848
-5.17766 -10.0508
-5.32995 -10.0508
-5.63452 -10.203
-5.7868 -10.3553
-5.93909 -10.3553
-6.24365 -10.5076
-6.39594 -10.6599
-6.70051 -10.6599
-6.85279 -10.8122
-7.15736 -10.9645
-7.30964 -10.9645
-7.61421 -11.1168
-7.7665 -11.1168
-8.07107 -11.1168
-8.22335 -11.269
-8.52792 -11.269
-8.6802 -11.269
-8.98477 -11.269
-9.28934 -11.269
-9.44162 -11.269
-9.74619 -11.269
-9.89848 -11.269
-10.203 -11.269
-10.3553 -11.269
-10.6599 -11.269
-10.9645 -11.269
-11.1168 -11.269
-11.4213 -11.269
-11.5736 -11.269
-11.8782 -11.1168
-12.0305 -11.1168
-12.335 -11.1168
-12.4873 -11.1168
-12.7919 -11.1168
-12.9442 -10.9645
-13.2487 -10.9645
-13.401 -10.9645
-13.7056 -10.9645
-13.8579 -10.9645
-14.1624 -10.8122
-14.3147 -10.8122
-14.467 -10.8122
-14.7716 -10.8122
-14.9239 -10.8122
-15.2284 -10.8122
-15.3807 -10.6599
-15.6853 -10.6599
-15.8376 -10.6599
-16.1421 -10.6599
-16.4467 -10.6599
-16.599 -10.5076
-16.9036 -10.5076
-17.0558 -10.5076
-17.3604 -10.5076
-17.5127 -10.3553
-17.8173 -10.3553
-18.1218 -10.3553
-18.2741 -10.3553
-18.5787 -10.203
-18.731 -10.203
-19.0355 -10.203
-19.3401 -10.0508
-19.4924 -10.0508
-19.797 -9.89848
-20.1015 -9.89848
-20.2538 -9.74619
-20.5584 -9.74619
-20.7107 -9.59391
-21.0152 -9.44162
-21.3198 -9.44162
-21.4721 -9.28934
-21.7766 -9.13706
-21.9289 -9.13706
-22.2335 -8.98477
-22.5381 -8.83249
-22.6904 -8.6802
-22.9949 -8.52792
-23.1472 -8.37563
-23.4518 -8.22335
-23.6041 -8.07107
-23.9086 -7.91878
-24.0609 -7.7665
-24.2132 -7.61421
-24.5178 -7.46193
-24.6701 -7.15736
-24.9746 -7.00508
-25.1269 -6.85279
-25.2792 -6.70051
-25.4315 -6.39594
-25.5838 -6.24365
-25.8883 -5.93909
-26.0406 -5.7868
-26.1929 -5.48223
-26.3452 -5.32995
-26.4975 -5.02538
-26.6497 -4.8731
-26.802 -4.56853
-26.9543 -4.41624
-26.9543 -4.11168
-27.1066 -3.80711
-27.2589 -3.50254
-27.4112 -3.35025
-27.4112 -3.04569
-27.5635 -2.74112
-27.7157 -2.58883
-27.7157 -2.28426
-27.868 -1.9797
-27.868 -1.67513
-27.868 -1.37056
-28.0203 -1.06599
-28.0203 -0.913706
-28.0203 -0.609137
-28.1726 -0.304569
-28.1726 0
-28.1726 0.304569
-28.1726 0.609137
-28.1726 0.761421
-28.1726 1.06599
-28.1726 1.37056
-28.1726 1.67513
-28.1726 1.9797
-28.1726 2.28426
-28.1726 2.58883
-28.1726 2.74112
-28.0203 3.04569
-28.0203 3.35025
-28.0203 3.65482
-28.0203 3.95939
-27.868 4.11168
-27.868 4.41624
-27.7157 4.72081
-27.7157 5.02538
-27.7157 5.32995
-27.5635 5.48223
-27.5635 5.7868
-27.4112 6.09137
-27.4112 6.39594
-27.2589 6.54822
-27.2589 6.85279
-27.1066 7.15736
-26.9543 7.46193
-26.9543 7.61421
-26.802 7.91878
-26.6497 8.22335
-26.6497 8.37563
-26.4975 8.6802
-26.3452 8.98477
-26.1929 9.13706
-26.0406 9.44162
-25.8883 9.59391
-25.736 9.89848
-25.5838 10.203
-25.4315 10.3553
-25.2792 10.6599
-25.1269 10.8122
-24.9746 10.9645
-24.8223 11.269
-24.6701 11.4213
-24.5178 11.7259
-24.3655 11.8782
-24.0609 12.0305
-23.9086 12.335
-23.7563 12.4873
-23.4518 12.6396
-23.2995 12.7919
-22.9949 12.9442
-22.8426 13.0964
-22.6904 13.2487
-22.3858 13.401
-22.2335 13.5533
-21.9289 13.7056
-21.6244 13.8579
-21.4721 14.0102
-21.1675 14.1624
-21.0152 14.1624
-20.7107 14.3147
-20.4061 14.467
-20.2538 14.467
-19.9492 14.6193
-19.6447 14.6193
-19.3401 14.7716
-19.1878 14.7716
-18.8832 14.7716
-18.5787 14.7716
-18.4264 14.9239
-18.1218 14.9239
-17.8173 14.9239
-17.5127 14.9239
-17.3604 14.9239
-17.0558 14.9239
-16.7513 14.9239
-16.4467 14.9239
-16.2944 14.9239
-15.9898 14.9239
-15.6853 14.9239
-15.533 14.7716
-15.2284 14.7716
-15.0761 14.7716
-14.7716 14.7716
-14.467 14.7716
-14.3147 14.6193
-14.0102 14.6193
-13.8579 14.6193
-13.5533 14.6193
-13.401 14.6193
-13.0964 14.6193
-12.9442 14.467
-12.6396 14.467
-12.4873 14.467
-12.335 14.467
-12.0305 14.467
-11.8782 14.467
-11.5736 14.467
-11.4213 14.3147
-11.1168 14.3147
-10.9645 14.3147
-10.8122 14.3147
-10.5076 14.3147
-10.3553 14.3147
-10.0508 14.3147
-9.89848 14.3147
-9.74619 14.1624
-9.44162 14.1624
-9.28934 14.1624
-8.98477 14.1624
-8.83249 14.0102
-8.52792 14.0102
-8.37563 14.0102
-8.22335 14.0102
-7.91878 13.8579
-7.7665 13.8579
-7.46193 13.7056
-7.30964 13.7056
-7.15736 13.7056
-6.85279 13.5533
-6.70051 13.5533
-6.39594 13.401
-6.24365 13.401
-6.09137 13.2487
-5.7868 13.2487
-5.63452 13.0964
-5.48223 13.0964
-5.17766 12.9442
-5.02538 12.7919
-4.72081 12.7919
-4.56853 12.6396
-4.41624 12.4873
-4.11168 12.4873
-3.95939 12.335
-3.65482 12.1827
-3.50254 12.1827
-3.35025 12.0305
-3.04569 11.8782
-2.8934 11.8782
-2.58883 11.7259
-2.43655 11.5736
-2.13198 11.5736
-1.9797 11.4213
-1.67513 11.269
-1.52284 11.1168
-1.21827 10.9645
-1.06599 10.9645
-0.761421 10.8122
-0.609137 10.6599
-0.304569 10.5076
-0.152284 10.3553
0.152284 10.203
0.456853 10.0508
0.609137 9.89848
0.913706 9.74619
1.06599 9.59391
1.37056 9.44162
1.52284 9.13706
1.82741 8.98477
1.9797 8.83249
2.28426 8.6802
2.43655 8.37563
2.74112 8.22335
2.8934 8.07107
3.19797 7.7665
3.35025 7.61421
3.50254 7.30964
3.80711 7.15736
3.95939 6.85279
4.11168 6.54822
4.41624 6.39594
4.56853 6.09137
4.72081 5.7868
4.8731 5.63452
5.02538 5.32995
5.17766 5.02538
5.32995 4.72081
5.48223 4.41624
5.63452 4.11168
5.7868 3.80711
5.93909 3.50254
6.09137 3.19797
6.09137 2.8934
6.24365 2.58883
6.39594 2.28426
