1.52284 3.19797
1.9797 2.8934
2.28426 2.58883
2.43655 2.43655
2.74112 2.13198
2.8934 1.82741
3.04569 1.52284
3.19797 1.21827
3.35025 0.913706
3.35025 0.609137
3.35025 0.304569
3.50254 0
3.35025 -0.304569
3.35025 -0.609137
3.35025 -0.913706
3.19797 -1.21827
3.19797 -1.52284
3.04569 -1.82741
2.8934 -1.9797
2.74112 -2.28426
2.58883 -2.58883
2.43655 -2.74112
2.28426 -3.04569
2.13198 -3.19797
1.82741 -3.50254
1.67513 -3.65482
1.52284 -3.95939
1.21827 -4.11168
1.06599 -4.41624
0.913706 -4.56853
0.609137 -4.72081
0.456853 -5.02538
0.304569 -5.17766
0 -5.32995
-0.152284 -5.48223
-0.456853 -5.63452
-0.609137 -5.93909
-0.913706 -6.09137
-1.06599 -6.24365
-1.37056 -6.39594
-1.52284 -6.54822
-1.82741 -6.70051
-1.9797 -6.85279
-2.28426 -7.00508
-2.58883 -7.00508
-2.74112 -7.15736
-3.04569 -7.30964
-3.19797 -7.46193
-3.50254 -7.46193
-3.65482 -7.61421
-3.95939 -7.7665
-4.26396 -7.91878
-4.41624 -7.91878
-4.72081 -8.07107
-4.8731 -8.07107
-5.17766 -8.22335
-5.32995 -8.22335
-5.63452 -8.37563
-5.93909 -8.37563
-6.09137 -8.52792
-6.39594 -8.52792
-6.54822 -8.6802
-6.85279 -8.6802
-7.00508 -8.6802
-7.30964 -8.83249
-7.61421 -8.83249
-7.7665 -8.83249
-8.07107 -8.83249
-8.22335 -8.98477
-8.52792 -8.98477
-8.6802 -8.98477
-8.98477 -8.98477
-9.13706 -8.98477
-9.44162 -8.98477
-9.59391 -8.98477
-9.89848 -8.98477
-10.0508 -8.98477
-10.3553 -8.98477
-10.5076 -8.98477
-10.8122 -8.98477
-10.9645 -8.98477
-11.269 -8.98477
-11.4213 -8.98477
-11.5736 -8.98477
-11.8782 -8.98477
-12.0305 -8.98477
-12.335 -8.98477
-12.4873 -8.83249
-12.6396 -8.83249
-12.9442 -8.83249
-13.0964 -8.83249
-13.401 -8.83249
-13.5533 -8.6802
-13.7056 -8.6802
-14.0102 -8.6802
-14.1624 -8.6802
-14.3147 -8.52792
-14.6193 -8.52792
-14.7716 -8.52792
-14.9239 -8.37563
-15.2284 -8.37563
-15.3807 -8.37563
-15.533 -8.22335
-15.8376 -8.22335
-15.9898 -8.22335
-16.1421 -8.07107
-16.2944 -8.07107
-16.599 -7.91878
-16.7513 -7.91878
-16.9036 -7.91878
-17.0558 -7.7665
-17.3604 -7.7665
-17.5127 -7.61421
-17.665 -7.61421
-17.8173 -7.46193
-18.1218 -7.46193
-18.2741 -7.30964
-18.4264 -7.30964
-18.5787 -7.15736
-18.8832 -7.00508
-19.0355 -7.00508
-19.1878 -6.85279
-19.3401 -6.85279
-19.4924 -6.70051
-19.797 -6.54822
-19.9492 -6.54822
-20.1015 -6.39594
-20.2538 -6.24365
-20.4061 -6.09137
-20.5584 -6.09137
-20.7107 -5.93909
-21.0152 -5.7868
-21.1675 -5.63452
-21.3198 -5.63452
-21.4721 -5.48223
-21.6244 -5.32995
-21.7766 -5.17766
-21.9289 -5.02538
-22.0812 -4.8731
-22.3858 -4.8731
-22.5381 -4.72081
-22.6904 -4.56853
-22.8426 -4.41624
-22.9949 -4.26396
-23.1472 -4.11168
-23.2995 -3.95939
-23.6041 -3.80711
-23.7563 -3.65482
-23.9086 -3.50254
-24.0609 -3.35025
-24.2132 -3.19797
-24.3655 -3.04569
-24.6701 -2.8934
-24.8223 -2.74112
-24.9746 -2.58883
-25.1269 -2.43655
-25.2792 -2.28426
-25.4315 -1.9797
-25.5838 -1.82741
-25.736 -1.67513
-25.8883 -1.52284
-26.0406 -1.21827
-26.1929 -1.06599
-26.3452 -0.913706
-26.4975 -0.609137
-26.6497 -0.456853
-26.802 -0.152284
-26.802 0
-26.9543 0.304569
-27.1066 0.456853
-27.1066 0.761421
-27.2589 0.913706
-27.2589 1.21827
-27.4112 1.37056
-27.4112 1.67513
-27.4112 1.9797
-27.4112 2.13198
-27.5635 2.43655
-27.5635 2.74112
-27.5635 2.8934
-27.5635 3.19797
-27.5635 3.50254
-27.5635 3.65482
-27.5635 3.95939
-27.5635 4.26396
-27.4112 4.41624
-27.4112 4.72081
-27.4112 4.8731
-27.4112 5.17766
-27.2589 5.48223
-27.2589 5.63452
-27.1066 5.93909
-27.1066 6.09137
-26.9543 6.39594
-26.9543 6.70051
-26.802 6.85279
-26.6497 7.15736
-26.6497 7.30964
-26.4975 7.46193
-26.3452 7.7665
-26.3452 7.91878
-26.1929 8.22335
-26.0406 8.37563
-25.8883 8.6802
-25.736 8.83249
-25.5838 8.98477
-25.4315 9.28934
-25.2792 9.44162
-25.1269 9.59391
-25.1269 9.74619
-24.9746 10.0508
-24.8223 10.203
-24.6701 10.3553
-24.5178 10.5076
-24.2132 10.6599
-24.0609 10.8122
-23.9086 11.1168
-23.7563 11.269
-23.6041 11.4213
-23.4518 11.5736
-23.2995 11.7259
-23.1472 11.8782
-22.9949 12.0305
-22.8426 12.1827
-22.6904 12.335
-22.5381 12.4873
-22.2335 12.6396
-22.0812 12.7919
-21.9289 12.9442
-21.7766 13.0964
-21.6244 13.2487
-21.3198 13.401
-21.1675 13.5533
-21.0152 13.5533
-20.8629 13.7056
-20.5584 13.8579
-20.4061 14.0102
-20.2538 14.0102
-19.9492 14.1624
-19.797 14.3147
-19.6447 14.3147
-19.3401 14.467
-19.1878 14.467
-18.8832 14.6193
-18.731 14.6193
-18.4264 14.6193
-18.2741 14.7716
-17.9695 14.7716
-17.8173 14.7716
-17.665 14.7716
-17.3604 14.9239
-17.2081 14.9239
-16.9036 14.9239
-16.7513 14.9239
-16.4467 14.9239
-16.2944 14.9239
-16.1421 15.0761
-15.8376 15.0761
-15.6853 15.0761
-15.3807 15.0761
-15.2284 15.0761
-15.0761 15.0761
-14.7716 15.2284
-14.6193 15.2284
-14.467 15.2284
-14.1624 15.2284
-14.0102 15.3807
-13.7056 15.3807
-13.5533 15.3807
-13.401 15.3807
-13.0964 15.533
-12.9442 15.533
-12.6396 15.533
-12.4873 15.6853
-12.335 15.6853
-12.0305 15.6853
-11.8782 15.6853
-11.5736 15.8376
-11.4213 15.8376
-11.1168 15.8376
-10.9645 15.8376
-10.6599 15.8376
-10.5076 15.8376
-10.203 15.8376
-9.89848 15.8376
-9.74619 15.8376
-9.44162 15.8376
-9.28934 15.8376
-8.98477 15.6853
-8.83249 15.6853
-8.52792 15.6853
-8.37563 15.533
-8.22335 15.533
-7.91878 15.3807
-7.7665 15.3807
-7.46193 15.2284
-7.30964 15.0761
-7.15736 14.9239
-7.00508 14.9239
-6.70051 14.7716
-6.54822 14.6193
-6.39594 14.467
-6.24365 14.3147
-5.93909 14.1624
-5.7868 14.0102
-5.63452 13.8579
-5.48223 13.7056
-5.32995 13.5533
-5.17766 13.401
-5.02538 13.2487
-4.8731 13.0964
-4.72081 12.9442
-4.56853 12.6396
-4.41624 12.4873
-4.26396 12.335
-4.11168 12.1827
-3.95939 12.0305
-3.80711 11.8782
-3.65482 11.7259
-3.50254 11.5736
-3.35025 11.269
-3.35025 11.1168
-3.19797 10.9645
-3.04569 10.8122
-2.8934 10.6599
-2.74112 10.5076
-2.58883 10.3553
-2.43655 10.0508
-2.28426 9.89848
-2.28426 9.74619
-2.13198 9.59391
-1.9797 9.44162
-1.82741 9.13706
-1.67513 8.98477
-1.52284 8.83249
-1.52284 8.6802
-1.37056 8.37563
-1.21827 8.22335
-1.06599 8.07107
-0.913706 7.91878
-0.761421 7.61421
-0.609137 7.46193
-0.609137 7.30964
-0.456853 7.00508
-0.304569 6.85279
-0.152284 6.70051
0 6.39594
0 6.24365
0.152284 6.09137
0.304569 5.7868
0.456853 5.63452
0.609137 5.32995
0.609137 5.17766
0.761421 4.8731
0.913706 4.72081
1.06599 4.41624
1.06599 4.11168
1.21827 3.95939
1.37056 3.65482
1.37056 3.50254
