1.21827 4.11168
1.52284 3.80711
1.67513 3.50254
1.9797 3.19797
2.13198 2.8934
2.28426 2.74112
2.43655 2.43655
2.58883 2.13198
2.74112 1.82741
2.8934 1.52284
2.8934 1.21827
3.04569 0.913706
3.04569 0.609137
3.04569 0.304569
3.04569 0
3.04569 -0.304569
3.04569 -0.609137
2.8934 -0.913706
2.8934 -1.21827
2.74112 -1.52284
2.74112 -1.82741
2.58883 -2.13198
2.43655 -2.43655
2.28426 -2.58883
2.13198 -2.8934
1.9797 -3.19797
1.82741 -3.35025
1.67513 -3.65482
1.52284 -3.95939
1.37056 -4.11168
1.06599 -4.41624
0.913706 -4.56853
0.761421 -4.72081
0.456853 -5.02538
0.304569 -5.17766
0 -5.32995
-0.152284 -5.63452
-0.456853 -5.7868
-0.609137 -5.93909
-0.913706 -6.09137
-1.21827 -6.24365
-1.37056 -6.39594
-1.67513 -6.54822
-1.82741 -6.70051
-2.13198 -6.85279
-2.43655 -7.00508
-2.58883 -7.15736
-2.8934 -7.15736
-3.19797 -7.30964
-3.35025 -7.46193
-3.65482 -7.61421
-3.95939 -7.61421
-4.11168 -7.7665
-4.41624 -7.91878
-4.72081 -8.07107
-4.8731 -8.07107
-5.17766 -8.22335
-5.32995 -8.22335
-5.63452 -8.37563
-5.93909 -8.52792
-6.09137 -8.52792
-6.39594 -8.6802
-6.70051 -8.6802
-6.85279 -8.83249
-7.15736 -8.83249
-7.30964 -8.83249
-7.61421 -8.98477
-7.91878 -8.98477
-8.07107 -8.98477
-8.37563 -9.13706
-8.6802 -9.13706
-8.83249 -9.13706
-9.13706 -9.13706
-9.28934 -9.28934
-9.59391 -9.28934
-9.89848 -9.28934
-10.0508 -9.28934
-10.3553 -9.28934
-10.6599 -9.28934
-10.8122 -9.28934
-11.1168 -9.28934
-11.269 -9.28934
-11.5736 -9.13706
-11.7259 -9.13706
-12.0305 -9.13706
-12.335 -9.13706
-12.4873 -9.13706
-12.7919 -8.98477
-12.9442 -8.98477
-13.2487 -8.98477
-13.401 -8.98477
-13.7056 -8.83249
-13.8579 -8.83249
-14.1624 -8.83249
-14.3147 -8.6802
-14.467 -8.6802
-14.7716 -8.52792
-14.9239 -8.52792
-15.2284 -8.52792
-15.3807 -8.37563
-15.533 -8.37563
-15.8376 -8.22335
-15.9898 -8.22335
-16.2944 -8.07107
-16.4467 -8.07107
-16.599 -7.91878
-16.9036 -7.91878
-17.0558 -7.7665
-17.2081 -7.7665
-17.5127 -7.61421
-17.665 -7.61421
-17.8173 -7.46193
-18.1218 -7.46193
-18.2741 -7.30964
-18.4264 -7.30964
-18.5787 -7.15736
-18.8832 -7.00508
-19.0355 -7.00508
-19.1878 -6.85279
-19.3401 -6.70051
-19.6447 -6.70051
-19.797 -6.54822
-19.9492 -6.39594
-20.1015 -6.39594
-20.4061 -6.24365
-20.5584 -6.09137
-20.7107 -6.09137
-20.8629 -5.93909
-21.1675 -5.7868
-21.3198 -5.63452
-21.4721 -5.48223
-21.6244 -5.48223
-21.7766 -5.32995
-22.0812 -5.17766
-22.2335 -5.02538
-22.3858 -4.8731
-22.5381 -4.72081
-22.6904 -4.56853
-22.8426 -4.41624
-23.1472 -4.41624
-23.2995 -4.26396
-23.4518 -4.11168
-23.6041 -3.95939
-23.7563 -3.80711
-23.9086 -3.65482
-24.0609 -3.35025
-24.2132 -3.19797
-24.3655 -3.04569
-24.5178 -2.8934
-24.6701 -2.74112
-24.8223 -2.58883
-25.1269 -2.43655
-25.2792 -2.28426
-25.2792 -1.9797
-25.4315 -1.82741
-25.5838 -1.67513
-25.736 -1.52284
-25.8883 -1.21827
-26.0406 -1.06599
-26.1929 -0.913706
-26.3452 -0.609137
-26.4975 -0.456853
-26.6497 -0.152284
-26.6497 0
-26.802 0.152284
-26.9543 0.456853
-26.9543 0.609137
-27.1066 0.913706
-27.2589 1.06599
-27.2589 1.37056
-27.4112 1.52284
-27.4112 1.82741
-27.5635 2.13198
-27.5635 2.28426
-27.7157 2.58883
-27.7157 2.74112
-27.7157 3.04569
-27.868 3.35025
-27.868 3.50254
-27.868 3.80711
-27.868 4.11168
-27.868 4.26396
-27.868 4.56853
-27.868 4.8731
-27.868 5.02538
-27.868 5.32995
-27.868 5.63452
-27.868 5.7868
-27.868 6.09137
-27.868 6.39594
-27.868 6.54822
-27.868 6.85279
-27.7157 7.15736
-27.7157 7.30964
-27.7157 7.61421
-27.5635 7.91878
-27.5635 8.07107
-27.4112 8.37563
-27.4112 8.52792
-27.2589 8.83249
-27.2589 9.13706
-27.1066 9.28934
-26.9543 9.59391
-26.9543 9.74619
-26.802 10.0508
-26.6497 10.203
-26.6497 10.5076
-26.4975 10.6599
-26.3452 10.9645
-26.1929 11.1168
-26.1929 11.4213
-26.0406 11.5736
-25.8883 11.8782
-25.736 12.0305
-25.5838 12.335
-25.4315 12.4873
-25.4315 12.7919
-25.2792 12.9442
-25.1269 13.2487
-24.9746 13.401
-24.8223 13.5533
-24.6701 13.8579
-24.5178 14.0102
-24.3655 14.3147
-24.2132 14.467
-24.0609 14.7716
-23.9086 14.9239
-23.7563 15.0761
-23.6041 15.3807
-23.4518 15.533
-23.1472 15.6853
-22.9949 15.8376
-22.8426 16.1421
-22.6904 16.2944
-22.3858 16.4467
-22.2335 16.599
-22.0812 16.7513
-21.7766 16.9036
-21.6244 17.0558
-21.3198 17.2081
-21.1675 17.3604
-20.8629 17.5127
-20.7107 17.665
-20.4061 17.8173
-20.1015 17.8173
-19.9492 17.9695
-19.6447 18.1218
-19.3401 18.1218
-19.1878 18.2741
-18.8832 18.2741
-18.5787 18.2741
-18.4264 18.4264
-18.1218 18.4264
-17.8173 18.4264
-17.5127 18.4264
-17.3604 18.4264
-17.0558 18.4264
-16.7513 18.4264
-16.4467 18.4264
-16.1421 18.4264
-15.9898 18.4264
-15.6853 18.4264
-15.3807 18.2741
-15.2284 18.2741
-14.9239 18.2741
-14.6193 18.1218
-14.467 18.1218
-14.1624 17.9695
-13.8579 17.8173
-13.7056 17.8173
-13.401 17.665
-13.2487 17.5127
-12.9442 17.5127
-12.7919 17.3604
-12.4873 17.2081
-12.335 17.0558
-12.0305 16.9036
-11.8782 16.9036
-11.5736 16.7513
-11.4213 16.599
-11.269 16.4467
-10.9645 16.2944
-10.8122 16.2944
-10.6599 16.1421
-10.5076 15.9898
-10.203 15.8376
-10.0508 15.8376
-9.89848 15.6853
-9.59391 15.533
-9.44162 15.533
-9.28934 15.3807
-9.13706 15.3807
-8.83249 15.2284
-8.6802 15.2284
-8.52792 15.0761
-8.37563 15.0761
-8.07107 14.9239
-7.91878 14.9239
-7.7665 14.7716
-7.46193 14.7716
-7.30964 14.6193
-7.15736 14.6193
-6.85279 14.467
-6.70051 14.3147
-6.54822 14.3147
-6.24365 14.1624
-6.09137 14.1624
-5.93909 14.0102
-5.7868 13.8579
-5.48223 13.7056
-5.32995 13.7056
-5.17766 13.5533
-5.02538 13.401
-4.8731 13.2487
-4.72081 13.0964
-4.56853 12.9442
-4.41624 12.7919
-4.26396 12.6396
-4.11168 12.4873
-3.95939 12.335
-3.80711 12.0305
-3.65482 11.8782
-3.65482 11.7259
-3.50254 11.5736
-3.35025 11.4213
-3.19797 11.1168
-3.04569 10.9645
-3.04569 10.8122
-2.8934 10.6599
-2.74112 10.5076
-2.74112 10.203
-2.58883 10.0508
-2.43655 9.89848
-2.28426 9.74619
-2.28426 9.44162
-2.13198 9.28934
-1.9797 9.13706
-1.82741 8.98477
-1.67513 8.83249
-1.52284 8.52792
-1.52284 8.37563
-1.37056 8.22335
-1.21827 8.07107
-1.06599 7.7665
-0.913706 7.61421
-0.761421 7.46193
-0.609137 7.30964
-0.456853 7.00508
-0.304569 6.85279
-0.152284 6.70051
0 6.39594
0.152284 6.24365
0.304569 5.93909
0.456853 5.7868
0.609137 5.48223
0.609137 5.32995
0.761421 5.02538
0.913706 4.8731
0.913706 4.56853
1.06599 4.26396
