0.913706 4.26396
1.21827 3.95939
1.52284 3.65482
1.82741 3.35025
1.9797 3.04569
2.13198 2.8934
2.28426 2.58883
2.43655 2.28426
2.58883 1.9797
2.74112 1.52284
2.8934 1.21827
2.8934 0.913706
2.8934 0.609137
3.04569 0.304569
3.04569 0
3.04569 -0.304569
2.8934 -0.609137
2.8934 -0.913706
2.8934 -1.21827
2.74112 -1.52284
2.74112 -1.82741
2.58883 -2.13198
2.43655 -2.43655
2.28426 -2.58883
2.13198 -2.8934
1.9797 -3.19797
1.82741 -3.50254
1.67513 -3.65482
1.52284 -3.95939
1.37056 -4.26396
1.06599 -4.41624
0.913706 -4.72081
0.761421 -4.8731
0.456853 -5.02538
0.304569 -5.32995
0 -5.48223
-0.304569 -5.63452
-0.456853 -5.7868
-0.761421 -6.09137
-0.913706 -6.24365
-1.21827 -6.39594
-1.52284 -6.54822
-1.82741 -6.70051
-1.9797 -6.85279
-2.28426 -7.00508
-2.58883 -7.15736
-2.74112 -7.15736
-3.04569 -7.30964
-3.35025 -7.46193
-3.65482 -7.61421
-3.80711 -7.7665
-4.11168 -7.7665
-4.41624 -7.91878
-4.56853 -8.07107
-4.8731 -8.07107
-5.17766 -8.22335
-5.32995 -8.37563
-5.63452 -8.37563
-5.93909 -8.52792
-6.24365 -8.52792
-6.39594 -8.6802
-6.70051 -8.6802
-7.00508 -8.83249
-7.15736 -8.83249
-7.46193 -8.83249
-7.7665 -8.98477
-7.91878 -8.98477
-8.22335 -8.98477
-8.52792 -9.13706
-8.6802 -9.13706
-8.98477 -9.13706
-9.28934 -9.13706
-9.44162 -9.13706
-9.74619 -9.28934
-10.0508 -9.28934
-10.203 -9.28934
-10.5076 -9.28934
-10.8122 -9.28934
-10.9645 -9.28934
-11.269 -9.28934
-11.4213 -9.13706
-11.7259 -9.13706
-12.0305 -9.13706
-12.1827 -9.13706
-12.4873 -9.13706
-12.6396 -9.13706
-12.9442 -8.98477
-13.0964 -8.98477
-13.401 -8.98477
-13.5533 -8.83249
-13.8579 -8.83249
-14.0102 -8.83249
-14.3147 -8.6802
-14.467 -8.6802
-14.7716 -8.6802
-14.9239 -8.52792
-15.2284 -8.52792
-15.3807 -8.37563
-15.6853 -8.37563
-15.8376 -8.22335
-15.9898 -8.22335
-16.2944 -8.07107
-16.4467 -8.07107
-16.599 -7.91878
-16.9036 -7.91878
-17.0558 -7.7665
-17.2081 -7.7665
-17.5127 -7.61421
-17.665 -7.61421
-17.8173 -7.46193
-18.1218 -7.46193
-18.2741 -7.30964
-18.4264 -7.15736
-18.731 -7.15736
-18.8832 -7.00508
-19.0355 -7.00508
-19.1878 -6.85279
-19.4924 -6.70051
-19.6447 -6.54822
-19.797 -6.54822
-19.9492 -6.39594
-20.1015 -6.24365
-20.4061 -6.24365
-20.5584 -6.09137
-20.7107 -5.93909
-20.8629 -5.7868
-21.0152 -5.7868
-21.3198 -5.63452
-21.4721 -5.48223
-21.6244 -5.32995
-21.7766 -5.17766
-21.9289 -5.02538
-22.0812 -5.02538
-22.2335 -4.8731
-22.5381 -4.72081
-22.6904 -4.56853
-22.8426 -4.41624
-22.9949 -4.26396
-23.1472 -4.11168
-23.2995 -3.95939
-23.4518 -3.80711
-23.6041 -3.65482
-23.7563 -3.50254
-23.9086 -3.35025
-24.0609 -3.19797
-24.2132 -3.04569
-24.3655 -2.8934
-24.5178 -2.74112
-24.6701 -2.58883
-24.8223 -2.43655
-24.9746 -2.28426
-25.1269 -2.13198
-25.2792 -1.82741
-25.4315 -1.67513
-25.5838 -1.52284
-25.736 -1.37056
-25.8883 -1.21827
-26.0406 -0.913706
-26.1929 -0.761421
-26.3452 -0.609137
-26.4975 -0.304569
-26.4975 -0.152284
-26.6497 0
-26.802 0.304569
-26.9543 0.456853
-27.1066 0.761421
-27.1066 0.913706
-27.2589 1.06599
-27.4112 1.37056
-27.4112 1.52284
-27.5635 1.82741
-27.5635 1.9797
-27.7157 2.28426
-27.7157 2.43655
-27.868 2.74112
-27.868 3.04569
-28.0203 3.19797
-28.0203 3.50254
-28.0203 3.65482
-28.1726 3.95939
-28.1726 4.26396
-28.1726 4.41624
-28.1726 4.72081
-28.3249 5.02538
-28.3249 5.17766
-28.3249 5.48223
-28.3249 5.7868
-28.3249 5.93909
-28.3249 6.24365
-28.3249 6.54822
-28.3249 6.70051
-28.3249 7.00508
-28.3249 7.30964
-28.1726 7.61421
-28.1726 7.7665
-28.1726 8.07107
-28.1726 8.37563
-28.0203 8.52792
-28.0203 8.83249
-27.868 9.13706
-27.868 9.28934
-27.868 9.59391
-27.7157 9.89848
-27.5635 10.0508
-27.5635 10.3553
-27.4112 10.5076
-27.4112 10.8122
-27.2589 11.1168
-27.1066 11.269
-27.1066 11.5736
-26.9543 11.7259
-26.802 12.0305
-26.802 12.335
-26.6497 12.4873
-26.4975 12.7919
-26.3452 12.9442
-26.3452 13.2487
-26.1929 13.5533
-26.0406 13.7056
-25.8883 14.0102
-25.736 14.1624
-25.5838 14.467
-25.4315 14.6193
-25.2792 14.9239
-25.1269 15.0761
-24.9746 15.3807
-24.8223 15.6853
-24.6701 15.8376
-24.5178 15.9898
-24.3655 16.2944
-24.2132 16.4467
-23.9086 16.7513
-23.7563 16.9036
-23.6041 17.0558
-23.2995 17.3604
-23.1472 17.5127
-22.9949 17.665
-22.6904 17.8173
-22.5381 18.1218
-22.2335 18.2741
-22.0812 18.4264
-21.7766 18.5787
-21.4721 18.5787
-21.3198 18.731
-21.0152 18.8832
-20.7107 19.0355
-20.4061 19.0355
-20.2538 19.1878
-19.9492 19.3401
-19.6447 19.3401
-19.3401 19.4924
-19.0355 19.4924
-18.8832 19.4924
-18.5787 19.4924
-18.2741 19.6447
-17.9695 19.6447
-17.665 19.6447
-17.3604 19.6447
-17.0558 19.4924
-16.9036 19.4924
-16.599 19.4924
-16.2944 19.4924
-15.9898 19.3401
-15.6853 19.3401
-15.3807 19.1878
-15.2284 19.1878
-14.9239 19.0355
-14.6193 19.0355
-14.3147 18.8832
-14.1624 18.731
-13.8579 18.5787
-13.5533 18.4264
-13.401 18.4264
-13.0964 18.2741
-12.9442 18.1218
-12.6396 17.9695
-12.4873 17.8173
-12.1827 17.665
-12.0305 17.5127
-11.7259 17.3604
-11.5736 17.2081
-11.4213 17.0558
-11.1168 16.9036
-10.9645 16.7513
-10.8122 16.599
-10.5076 16.4467
-10.3553 16.2944
-10.203 16.1421
-10.0508 16.1421
-9.74619 15.9898
-9.59391 15.8376
-9.44162 15.6853
-9.28934 15.6853
-8.98477 15.533
-8.83249 15.3807
-8.6802 15.3807
-8.52792 15.2284
-8.22335 15.2284
-8.07107 15.0761
-7.91878 14.9239
-7.61421 14.9239
-7.46193 14.7716
-7.30964 14.7716
-7.15736 14.6193
-6.85279 14.467
-6.70051 14.467
-6.54822 14.3147
-6.39594 14.1624
-6.09137 14.0102
-5.93909 14.0102
-5.7868 13.8579
-5.63452 13.7056
-5.48223 13.5533
-5.32995 13.401
-5.02538 13.2487
-4.8731 13.0964
-4.72081 12.9442
-4.56853 12.7919
-4.41624 12.6396
-4.26396 12.4873
-4.11168 12.335
-3.95939 12.1827
-3.95939 12.0305
-3.80711 11.8782
-3.65482 11.5736
-3.50254 11.4213
-3.35025 11.269
-3.19797 11.1168
-3.04569 10.9645
-3.04569 10.8122
-2.8934 10.5076
-2.74112 10.3553
-2.58883 10.203
-2.43655 10.0508
-2.28426 9.89848
-2.28426 9.59391
-2.13198 9.44162
-1.9797 9.28934
-1.82741 9.13706
-1.67513 8.83249
-1.52284 8.6802
-1.37056 8.52792
-1.21827 8.37563
-1.06599 8.07107
-0.913706 7.91878
-0.761421 7.7665
-0.609137 7.46193
-0.456853 7.30964
-0.304569 7.15736
-0.304569 6.85279
-0.152284 6.70051
0 6.39594
0.152284 6.24365
0.304569 5.93909
0.456853 5.7868
0.609137 5.48223
0.609137 5.17766
0.761421 5.02538
0.913706 4.72081
0.913706 4.41624
