1.21827 4.11168
1.37056 3.80711
1.67513 3.50254
1.9797 3.35025
2.13198 3.04569
2.28426 2.74112
2.43655 2.43655
2.58883 2.13198
2.74112 1.82741
2.8934 1.52284
2.8934 1.21827
2.8934 0.913706
3.04569 0.609137
3.04569 0.304569
3.04569 0
3.04569 -0.304569
2.8934 -0.609137
2.8934 -0.913706
2.8934 -1.21827
2.74112 -1.52284
2.58883 -1.82741
2.58883 -1.9797
2.43655 -2.28426
2.28426 -2.58883
2.13198 -2.8934
1.9797 -3.04569
1.82741 -3.35025
1.67513 -3.65482
1.52284 -3.80711
1.37056 -4.11168
1.06599 -4.26396
0.913706 -4.56853
0.761421 -4.72081
0.456853 -5.02538
0.304569 -5.17766
0 -5.32995
-0.152284 -5.63452
-0.456853 -5.7868
-0.609137 -5.93909
-0.913706 -6.09137
-1.06599 -6.24365
-1.37056 -6.39594
-1.52284 -6.54822
-1.82741 -6.70051
-2.13198 -6.85279
-2.28426 -7.00508
-2.58883 -7.15736
-2.8934 -7.30964
-3.04569 -7.46193
-3.35025 -7.46193
-3.65482 -7.61421
-3.80711 -7.7665
-4.11168 -7.91878
-4.26396 -7.91878
-4.56853 -8.07107
-4.8731 -8.22335
-5.02538 -8.22335
-5.32995 -8.37563
-5.63452 -8.52792
-5.7868 -8.52792
-6.09137 -8.6802
-6.39594 -8.6802
-6.54822 -8.83249
-6.85279 -8.83249
-7.15736 -8.83249
-7.30964 -8.98477
-7.61421 -8.98477
-7.91878 -9.13706
-8.07107 -9.13706
-8.37563 -9.13706
-8.52792 -9.13706
-8.83249 -9.28934
-9.13706 -9.28934
-9.28934 -9.28934
-9.59391 -9.28934
-9.89848 -9.28934
-10.0508 -9.28934
-10.3553 -9.28934
-10.5076 -9.28934
-10.8122 -9.28934
-11.1168 -9.28934
-11.269 -9.28934
-11.5736 -9.28934
-11.7259 -9.28934
-12.0305 -9.13706
-12.335 -9.13706
-12.4873 -9.13706
-12.7919 -9.13706
-12.9442 -9.13706
-13.2487 -8.98477
-13.401 -8.98477
-13.7056 -8.98477
-13.8579 -8.83249
-14.1624 -8.83249
-14.3147 -8.83249
-14.467 -8.6802
-14.7716 -8.6802
-14.9239 -8.52792
-15.2284 -8.52792
-15.3807 -8.52792
-15.6853 -8.37563
-15.8376 -8.37563
-15.9898 -8.22335
-16.2944 -8.22335
-16.4467 -8.07107
-16.599 -8.07107
-16.9036 -7.91878
-17.0558 -7.91878
-17.2081 -7.7665
-17.5127 -7.61421
-17.665 -7.61421
-17.8173 -7.46193
-18.1218 -7.46193
-18.2741 -7.30964
-18.4264 -7.15736
-18.5787 -7.15736
-18.8832 -7.00508
-19.0355 -7.00508
-19.1878 -6.85279
-19.3401 -6.70051
-19.6447 -6.70051
-19.797 -6.54822
-19.9492 -6.39594
-20.1015 -6.24365
-20.4061 -6.24365
-20.5584 -6.09137
-20.7107 -5.93909
-20.8629 -5.7868
-21.1675 -5.7868
-21.3198 -5.63452
-21.4721 -5.48223
-21.6244 -5.32995
-21.7766 -5.17766
-21.9289 -5.17766
-22.2335 -5.02538
-22.3858 -4.8731
-22.5381 -4.72081
-22.6904 -4.56853
-22.8426 -4.41624
-22.9949 -4.26396
-23.2995 -4.11168
-23.4518 -3.95939
-23.6041 -3.80711
-23.7563 -3.65482
-23.9086 -3.50254
-24.0609 -3.35025
-24.2132 -3.19797
-24.3655 -3.04569
-24.5178 -2.8934
-24.6701 -2.74112
-24.8223 -2.58883
-25.1269 -2.43655
-25.2792 -2.13198
-25.4315 -1.9797
-25.5838 -1.82741
-25.5838 -1.67513
-25.736 -1.37056
-25.8883 -1.21827
-26.0406 -1.06599
-26.1929 -0.761421
-26.3452 -0.609137
-26.4975 -0.456853
-26.6497 -0.152284
-26.6497 0
-26.802 0.304569
-26.9543 0.456853
-27.1066 0.609137
-27.1066 0.913706
-27.2589 1.21827
-27.2589 1.37056
-27.4112 1.67513
-27.4112 1.82741
-27.5635 2.13198
-27.5635 2.28426
-27.7157 2.58883
-27.7157 2.8934
-27.7157 3.04569
-27.868 3.35025
-27.868 3.50254
-27.868 3.80711
-27.868 4.11168
-28.0203 4.26396
-28.0203 4.56853
-28.0203 4.8731
-28.0203 5.02538
-28.0203 5.32995
-28.0203 5.63452
-28.0203 5.93909
-28.0203 6.09137
-28.0203 6.39594
-27.868 6.70051
-27.868 6.85279
-27.868 7.15736
-27.868 7.46193
-27.7157 7.61421
-27.7157 7.91878
-27.7157 8.22335
-27.5635 8.37563
-27.5635 8.6802
-27.5635 8.98477
-27.4112 9.13706
-27.4112 9.44162
-27.2589 9.59391
-27.1066 9.89848
-27.1066 10.203
-26.9543 10.3553
-26.9543 10.6599
-26.802 10.9645
-26.6497 11.1168
-26.6497 11.4213
-26.4975 11.5736
-26.3452 11.8782
-26.1929 12.0305
-26.0406 12.335
-26.0406 12.4873
-25.8883 12.7919
-25.736 12.9442
-25.5838 13.2487
-25.4315 13.401
-25.2792 13.7056
-25.1269 13.8579
-24.9746 14.1624
-24.8223 14.3147
-24.6701 14.6193
-24.5178 14.7716
-24.3655 15.0761
-24.2132 15.2284
-24.0609 15.533
-23.9086 15.6853
-23.6041 15.8376
-23.4518 16.1421
-23.2995 16.2944
-23.1472 16.4467
-22.8426 16.599
-22.6904 16.9036
-22.5381 17.0558
-22.2335 17.2081
-22.0812 17.3604
-21.7766 17.5127
-21.6244 17.665
-21.3198 17.8173
-21.1675 17.9695
-20.8629 18.1218
-20.7107 18.2741
-20.4061 18.4264
-20.1015 18.5787
-19.9492 18.5787
-19.6447 18.731
-19.3401 18.8832
-19.1878 18.8832
-18.8832 19.0355
-18.5787 19.0355
-18.2741 19.1878
-17.9695 19.1878
-17.8173 19.1878
-17.5127 19.3401
-17.2081 19.3401
-16.9036 19.3401
-16.599 19.3401
-16.4467 19.3401
-16.1421 19.3401
-15.8376 19.1878
-15.533 19.1878
-15.2284 19.1878
-14.9239 19.0355
-14.7716 19.0355
-14.467 18.8832
-14.1624 18.8832
-13.8579 18.731
-13.7056 18.5787
-13.401 18.4264
-13.2487 18.2741
-12.9442 18.1218
-12.6396 18.1218
-12.4873 17.9695
-12.1827 17.8173
-12.0305 17.665
-11.7259 17.3604
-11.5736 17.2081
-11.4213 17.0558
-11.1168 16.9036
-10.9645 16.7513
-10.8122 16.599
-10.5076 16.4467
-10.3553 16.2944
-10.203 16.1421
-10.0508 15.9898
-9.74619 15.9898
-9.59391 15.8376
-9.44162 15.6853
-9.28934 15.533
-8.98477 15.3807
-8.83249 15.3807
-8.6802 15.2284
-8.52792 15.0761
-8.37563 15.0761
-8.07107 14.9239
-7.91878 14.9239
-7.7665 14.7716
-7.61421 14.6193
-7.30964 14.6193
-7.15736 14.467
-7.00508 14.467
-6.70051 14.3147
-6.54822 14.1624
-6.39594 14.1624
-6.24365 14.0102
-5.93909 13.8579
-5.7868 13.8579
-5.63452 13.7056
-5.48223 13.5533
-5.32995 13.401
-5.17766 13.2487
-5.02538 13.0964
-4.72081 12.9442
-4.56853 12.7919
-4.41624 12.6396
-4.41624 12.4873
-4.26396 12.335
-4.11168 12.1827
-3.95939 12.0305
-3.80711 11.8782
-3.65482 11.7259
-3.50254 11.5736
-3.50254 11.269
-3.35025 11.1168
-3.19797 10.9645
-3.04569 10.8122
-3.04569 10.6599
-2.8934 10.3553
-2.74112 10.203
-2.58883 10.0508
-2.43655 9.89848
-2.43655 9.74619
-2.28426 9.59391
-2.13198 9.28934
-1.9797 9.13706
-1.82741 8.98477
-1.82741 8.83249
-1.67513 8.6802
-1.52284 8.37563
-1.37056 8.22335
-1.21827 8.07107
-1.06599 7.91878
-0.913706 7.61421
-0.761421 7.46193
-0.609137 7.30964
-0.456853 7.00508
-0.304569 6.85279
-0.152284 6.70051
0 6.39594
0.152284 6.24365
0.304569 5.93909
0.456853 5.7868
0.456853 5.48223
0.609137 5.32995
0.761421 5.02538
0.913706 4.8731
0.913706 4.56853
1.06599 4.26396
