2.58883 2.28426
2.74112 2.13198
2.8934 1.82741
3.04569 1.52284
3.04569 1.21827
3.19797 0.913706
3.19797 0.609137
3.19797 0.304569
3.19797 0.152284
3.19797 -0.152284
3.19797 -0.456853
3.19797 -0.761421
3.04569 -1.06599
3.04569 -1.37056
2.8934 -1.52284
2.8934 -1.82741
2.74112 -2.13198
2.58883 -2.28426
2.43655 -2.58883
2.28426 -2.8934
2.13198 -3.04569
1.9797 -3.35025
1.82741 -3.50254
1.67513 -3.80711
1.52284 -3.95939
1.21827 -4.11168
1.06599 -4.41624
0.913706 -4.56853
0.761421 -4.8731
0.609137 -5.02538
0.456853 -5.17766
0.152284 -5.48223
0 -5.63452
-0.152284 -5.7868
-0.304569 -5.93909
-0.609137 -6.09137
-0.761421 -6.39594
-0.913706 -6.54822
-1.21827 -6.70051
-1.37056 -6.85279
-1.52284 -7.00508
-1.82741 -7.15736
-1.9797 -7.30964
-2.13198 -7.46193
-2.43655 -7.61421
-2.58883 -7.7665
-2.8934 -7.91878
-3.04569 -7.91878
-3.35025 -8.07107
-3.50254 -8.22335
-3.80711 -8.37563
-3.95939 -8.37563
-4.26396 -8.52792
-4.41624 -8.6802
-4.72081 -8.6802
-4.8731 -8.83249
-5.17766 -8.83249
-5.32995 -8.98477
-5.63452 -8.98477
-5.7868 -9.13706
-6.09137 -9.13706
-6.24365 -9.13706
-6.54822 -9.28934
-6.70051 -9.28934
-7.00508 -9.28934
-7.15736 -9.44162
-7.46193 -9.44162
-7.61421 -9.44162
-7.91878 -9.44162
-8.07107 -9.59391
-8.37563 -9.59391
-8.52792 -9.59391
-8.83249 -9.59391
-8.98477 -9.59391
-9.28934 -9.74619
-9.44162 -9.74619
-9.74619 -9.74619
-9.89848 -9.74619
-10.0508 -9.74619
-10.3553 -9.89848
-10.5076 -9.89848
-10.8122 -9.89848
-10.9645 -9.89848
-11.1168 -9.89848
-11.4213 -9.89848
-11.5736 -9.89848
-11.8782 -9.89848
-12.0305 -9.89848
-12.1827 -9.89848
-12.4873 -9.89848
-12.6396 -9.89848
-12.9442 -9.89848
-13.0964 -9.89848
-13.401 -9.89848
-13.5533 -9.89848
-13.7056 -9.74619
-14.0102 -9.74619
-14.1624 -9.74619
-14.3147 -9.59391
-14.6193 -9.59391
-14.7716 -9.59391
-14.9239 -9.44162
-15.2284 -9.44162
-15.3807 -9.28934
-15.533 -9.28934
-15.6853 -9.13706
-15.9898 -8.98477
-16.1421 -8.98477
-16.2944 -8.83249
-16.4467 -8.6802
-16.7513 -8.6802
-16.9036 -8.52792
-17.0558 -8.37563
-17.2081 -8.37563
-17.3604 -8.22335
-17.5127 -8.07107
-17.665 -8.07107
-17.9695 -7.91878
-18.1218 -7.7665
-18.2741 -7.61421
-18.4264 -7.61421
-18.5787 -7.46193
-18.731 -7.30964
-18.8832 -7.30964
-19.0355 -7.15736
-19.1878 -7.00508
-19.3401 -6.85279
-19.4924 -6.85279
-19.797 -6.70051
-19.9492 -6.54822
-20.1015 -6.39594
-20.2538 -6.39594
-20.4061 -6.24365
-20.5584 -6.09137
-20.7107 -5.93909
-20.8629 -5.93909
-21.0152 -5.7868
-21.1675 -5.63452
-21.4721 -5.48223
-21.6244 -5.32995
-21.7766 -5.32995
-21.9289 -5.17766
-22.0812 -5.02538
-22.2335 -4.8731
-22.3858 -4.72081
-22.6904 -4.56853
-22.8426 -4.41624
-22.9949 -4.41624
-23.1472 -4.26396
-23.2995 -4.11168
-23.4518 -3.95939
-23.6041 -3.80711
-23.9086 -3.65482
-24.0609 -3.50254
-24.2132 -3.35025
-24.3655 -3.04569
-24.5178 -2.8934
-24.6701 -2.74112
-24.8223 -2.58883
-24.9746 -2.43655
-25.1269 -2.28426
-25.2792 -1.9797
-25.4315 -1.82741
-25.5838 -1.67513
-25.736 -1.37056
-25.8883 -1.21827
-26.0406 -1.06599
-26.1929 -0.761421
-26.3452 -0.609137
-26.4975 -0.304569
-26.4975 -0.152284
-26.6497 0.152284
-26.802 0.304569
-26.802 0.609137
-26.9543 0.761421
-26.9543 1.06599
-27.1066 1.37056
-27.1066 1.52284
-27.2589 1.82741
-27.2589 2.13198
-27.2589 2.28426
-27.4112 2.58883
-27.4112 2.8934
-27.4112 3.04569
-27.4112 3.35025
-27.4112 3.65482
-27.4112 3.80711
-27.4112 4.11168
-27.4112 4.41624
-27.4112 4.72081
-27.4112 4.8731
-27.2589 5.17766
-27.2589 5.48223
-27.2589 5.63452
-27.1066 5.93909
-27.1066 6.24365
-26.9543 6.39594
-26.9543 6.70051
-26.802 7.00508
-26.802 7.15736
-26.6497 7.46193
-26.4975 7.61421
-26.4975 7.91878
-26.3452 8.07107
-26.1929 8.37563
-26.0406 8.52792
-25.8883 8.83249
-25.8883 8.98477
-25.736 9.28934
-25.5838 9.44162
-25.4315 9.74619
-25.2792 9.89848
-25.1269 10.0508
-24.9746 10.3553
-24.8223 10.5076
-24.6701 10.6599
-24.5178 10.9645
-24.3655 11.1168
-24.2132 11.269
-23.9086 11.4213
-23.7563 11.7259
-23.6041 11.8782
-23.4518 12.0305
-23.2995 12.1827
-23.1472 12.335
-22.9949 12.6396
-22.6904 12.7919
-22.5381 12.9442
-22.3858 13.0964
-22.2335 13.2487
-21.9289 13.401
-21.7766 13.5533
-21.6244 13.7056
-21.3198 13.8579
-21.1675 14.0102
-21.0152 14.1624
-20.7107 14.3147
-20.5584 14.467
-20.4061 14.6193
-20.1015 14.7716
-19.9492 14.7716
-19.6447 14.9239
-19.4924 15.0761
-19.1878 15.2284
-19.0355 15.2284
-18.731 15.3807
-18.5787 15.533
-18.2741 15.533
-18.1218 15.6853
-17.8173 15.8376
-17.665 15.8376
-17.3604 15.9898
-17.2081 15.9898
-16.9036 16.1421
-16.599 16.1421
-16.4467 16.2944
-16.1421 16.2944
-15.9898 16.2944
-15.6853 16.4467
-15.3807 16.4467
-15.2284 16.4467
-14.9239 16.4467
-14.6193 16.4467
-14.467 16.599
-14.1624 16.599
-13.8579 16.599
-13.7056 16.599
-13.401 16.599
-13.2487 16.599
-12.9442 16.599
-12.6396 16.599
-12.4873 16.4467
-12.1827 16.4467
-11.8782 16.4467
-11.7259 16.4467
-11.4213 16.2944
-11.269 16.2944
-10.9645 16.2944
-10.8122 16.1421
-10.5076 16.1421
-10.203 15.9898
-10.0508 15.9898
-9.74619 15.8376
-9.59391 15.8376
-9.28934 15.6853
-9.13706 15.6853
-8.83249 15.533
-8.6802 15.3807
-8.52792 15.2284
-8.22335 15.2284
-8.07107 15.0761
-7.91878 14.9239
-7.61421 14.7716
-7.46193 14.6193
-7.30964 14.467
-7.15736 14.3147
-6.85279 14.1624
-6.70051 14.0102
-6.54822 13.8579
-6.39594 13.7056
-6.24365 13.5533
-6.09137 13.401
-5.93909 13.2487
-5.63452 13.0964
-5.48223 12.9442
-5.32995 12.7919
-5.17766 12.6396
-5.02538 12.4873
-4.8731 12.335
-4.72081 12.1827
-4.56853 12.0305
-4.41624 11.8782
-4.26396 11.7259
-4.11168 11.5736
-3.95939 11.4213
-3.65482 11.269
-3.50254 11.1168
-3.35025 10.9645
-3.19797 10.9645
-3.04569 10.8122
-2.8934 10.6599
-2.58883 10.5076
-2.43655 10.3553
-2.28426 10.203
-2.13198 10.0508
-1.9797 9.89848
-1.82741 9.74619
-1.67513 9.59391
-1.37056 9.28934
-1.21827 9.13706
-1.06599 8.98477
-0.913706 8.83249
-0.761421 8.6802
-0.761421 8.37563
-0.609137 8.22335
-0.456853 8.07107
-0.304569 7.7665
-0.152284 7.61421
-0.152284 7.46193
0 7.15736
0 7.00508
0.152284 6.70051
0.152284 6.54822
0.304569 6.24365
0.304569 6.09137
0.456853 5.7868
0.456853 5.63452
0.609137 5.32995
0.609137 5.17766
0.761421 4.8731
0.761421 4.72081
0.913706 4.41624
1.06599 4.26396
1.21827 3.95939
1.21827 3.80711
1.37056 3.50254
1.67513 3.35025
1.82741 3.04569
1.9797 2.8934
2.28426 2.58883
