6.39594 1.9797
6.54822 1.67513
6.54822 1.37056
6.54822 1.06599
6.54822 0.761421
6.54822 0.456853
6.54822 0
6.54822 -0.304569
6.39594 -0.609137
6.39594 -0.913706
6.24365 -1.21827
6.09137 -1.52284
6.09137 -1.82741
5.93909 -2.13198
5.7868 -2.43655
5.63452 -2.74112
5.32995 -3.04569
5.17766 -3.35025
5.02538 -3.65482
4.8731 -3.80711
4.56853 -4.11168
4.41624 -4.41624
4.11168 -4.56853
3.80711 -4.8731
3.65482 -5.02538
3.35025 -5.32995
3.04569 -5.48223
2.8934 -5.63452
2.58883 -5.93909
2.28426 -6.09137
1.9797 -6.24365
1.67513 -6.39594
1.37056 -6.54822
1.21827 -6.70051
0.913706 -6.85279
0.609137 -7.00508
0.304569 -7.15736
0 -7.30964
-0.304569 -7.46193
-0.456853 -7.46193
-0.761421 -7.61421
-1.06599 -7.7665
-1.37056 -7.91878
-1.67513 -7.91878
-1.82741 -8.07107
-2.13198 -8.22335
-2.43655 -8.22335
-2.58883 -8.37563
-2.8934 -8.52792
-3.04569 -8.6802
-3.35025 -8.6802
-3.50254 -8.83249
-3.80711 -8.98477
-3.95939 -8.98477
-4.26396 -9.13706
-4.41624 -9.28934
-4.56853 -9.44162
-4.8731 -9.59391
-5.02538 -9.59391
-5.17766 -9.74619
-5.48223 -9.89848
-5.63452 -10.0508
-5.93909 -10.0508
-6.09137 -10.203
-6.24365 -10.3553
-6.54822 -10.3553
-6.70051 -10.5076
-7.00508 -10.6599
-7.15736 -10.6599
-7.46193 -10.8122
-7.61421 -10.8122
-7.91878 -10.9645
-8.07107 -10.9645
-8.37563 -11.1168
-8.52792 -11.1168
-8.83249 -11.1168
-8.98477 -11.269
-9.28934 -11.269
-9.44162 -11.269
-9.74619 -11.269
-10.0508 -11.269
-10.203 -11.269
-10.5076 -11.269
-10.6599 -11.269
-10.9645 -11.269
-11.1168 -11.269
-11.4213 -11.269
-11.5736 -11.269
-11.8782 -11.269
-12.1827 -11.269
-12.335 -11.269
-12.6396 -11.269
-12.7919 -11.1168
-13.0964 -11.1168
-13.2487 -11.1168
-13.5533 -11.1168
-13.7056 -11.1168
-14.0102 -10.9645
-14.1624 -10.9645
-14.467 -10.9645
-14.6193 -10.9645
-14.9239 -10.9645
-15.0761 -10.9645
-15.3807 -10.8122
-15.533 -10.8122
-15.8376 -10.8122
-15.9898 -10.8122
-16.2944 -10.8122
-16.4467 -10.6599
-16.7513 -10.6599
-16.9036 -10.6599
-17.2081 -10.5076
-17.3604 -10.5076
-17.665 -10.5076
-17.9695 -10.5076
-18.1218 -10.3553
-18.4264 -10.3553
-18.5787 -10.203
-18.8832 -10.203
-19.0355 -10.203
-19.3401 -10.0508
-19.6447 -10.0508
-19.797 -9.89848
-20.1015 -9.89848
-20.2538 -9.74619
-20.5584 -9.59391
-20.7107 -9.59391
-21.0152 -9.44162
-21.3198 -9.28934
-21.4721 -9.28934
-21.7766 -9.13706
-21.9289 -8.98477
-22.2335 -8.83249
-22.3858 -8.6802
-22.6904 -8.6802
-22.8426 -8.52792
-23.1472 -8.37563
-23.2995 -8.22335
-23.6041 -8.07107
-23.7563 -7.91878
-23.9086 -7.7665
-24.2132 -7.46193
-24.3655 -7.30964
-24.5178 -7.15736
-24.8223 -7.00508
-24.9746 -6.85279
-25.1269 -6.54822
-25.2792 -6.39594
-25.5838 -6.24365
-25.736 -5.93909
-25.8883 -5.7868
-26.0406 -5.48223
-26.1929 -5.32995
-26.3452 -5.17766
-26.4975 -4.8731
-26.6497 -4.56853
-26.802 -4.41624
-26.9543 -4.11168
-27.1066 -3.95939
-27.2589 -3.65482
-27.2589 -3.35025
-27.4112 -3.19797
-27.5635 -2.8934
-27.7157 -2.58883
-27.7157 -2.43655
-27.868 -2.13198
-27.868 -1.82741
-28.0203 -1.52284
-28.0203 -1.21827
-28.0203 -1.06599
-28.1726 -0.761421
-28.1726 -0.456853
-28.1726 -0.152284
-28.1726 0.152284
-28.3249 0.304569
-28.3249 0.609137
-28.3249 0.913706
-28.3249 1.21827
-28.3249 1.52284
-28.3249 1.82741
-28.3249 1.9797
-28.1726 2.28426
-28.1726 2.58883
-28.1726 2.8934
-28.1726 3.19797
-28.1726 3.50254
-28.0203 3.65482
-28.0203 3.95939
-28.0203 4.26396
-27.868 4.56853
-27.868 4.72081
-27.7157 5.02538
-27.7157 5.32995
-27.7157 5.63452
-27.5635 5.7868
-27.5635 6.09137
-27.4112 6.39594
-27.2589 6.70051
-27.2589 6.85279
-27.1066 7.15736
-27.1066 7.46193
-26.9543 7.61421
-26.802 7.91878
-26.802 8.22335
-26.6497 8.37563
-26.4975 8.6802
-26.3452 8.83249
-26.3452 9.13706
-26.1929 9.44162
-26.0406 9.59391
-25.8883 9.89848
-25.736 10.0508
-25.5838 10.3553
-25.4315 10.5076
-25.2792 10.8122
-25.1269 10.9645
-24.9746 11.269
-24.8223 11.4213
-24.6701 11.5736
-24.3655 11.8782
-24.2132 12.0305
-24.0609 12.1827
-23.9086 12.335
-23.6041 12.6396
-23.4518 12.7919
-23.2995 12.9442
-22.9949 13.0964
-22.8426 13.2487
-22.5381 13.401
-22.3858 13.5533
-22.0812 13.7056
-21.9289 13.8579
-21.6244 14.0102
-21.4721 14.1624
-21.1675 14.1624
-21.0152 14.3147
-20.7107 14.467
-20.4061 14.467
-20.2538 14.6193
-19.9492 14.6193
-19.6447 14.7716
-19.4924 14.7716
-19.1878 14.9239
-18.8832 14.9239
-18.5787 14.9239
-18.4264 14.9239
-18.1218 14.9239
-17.8173 15.0761
-17.5127 15.0761
-17.3604 15.0761
-17.0558 15.0761
-16.7513 15.0761
-16.599 15.0761
-16.2944 14.9239
-15.9898 14.9239
-15.8376 14.9239
-15.533 14.9239
-15.3807 14.9239
-15.0761 14.9239
-14.7716 14.7716
-14.6193 14.7716
-14.3147 14.7716
-14.1624 14.7716
-13.8579 14.7716
-13.7056 14.6193
-13.401 14.6193
-13.2487 14.6193
-12.9442 14.6193
-12.7919 14.6193
-12.6396 14.467
-12.335 14.467
-12.1827 14.467
-11.8782 14.467
-11.7259 14.467
-11.4213 14.467
-11.269 14.3147
-11.1168 14.3147
-10.8122 14.3147
-10.6599 14.3147
-10.3553 14.3147
-10.203 14.1624
-10.0508 14.1624
-9.74619 14.1624
-9.59391 14.1624
-9.28934 14.1624
-9.13706 14.0102
-8.98477 14.0102
-8.6802 14.0102
-8.52792 13.8579
-8.22335 13.8579
-8.07107 13.8579
-7.7665 13.7056
-7.61421 13.7056
-7.46193 13.7056
-7.15736 13.5533
-7.00508 13.5533
-6.70051 13.5533
-6.54822 13.401
-6.39594 13.401
-6.09137 13.2487
-5.93909 13.2487
-5.63452 13.0964
-5.48223 13.0964
-5.32995 12.9442
-5.02538 12.9442
-4.8731 12.7919
-4.56853 12.6396
-4.41624 12.6396
-4.11168 12.4873
-3.95939 12.4873
-3.65482 12.335
-3.50254 12.1827
-3.35025 12.1827
-3.04569 12.0305
-2.8934 11.8782
-2.58883 11.7259
-2.43655 11.7259
-2.13198 11.5736
-1.9797 11.4213
-1.67513 11.269
-1.52284 11.1168
-1.21827 11.1168
-0.913706 10.9645
-0.761421 10.8122
-0.456853 10.6599
-0.304569 10.5076
0 10.3553
0.152284 10.203
0.456853 10.0508
0.609137 9.89848
0.913706 9.74619
1.06599 9.59391
1.37056 9.28934
1.67513 9.13706
1.82741 8.98477
2.13198 8.83249
2.28426 8.52792
2.58883 8.37563
2.74112 8.22335
3.04569 7.91878
3.19797 7.7665
3.35025 7.46193
3.65482 7.30964
3.80711 7.00508
4.11168 6.70051
4.26396 6.54822
4.41624 6.24365
4.72081 5.93909
4.8731 5.63452
5.02538 5.48223
5.17766 5.17766
5.32995 4.8731
5.48223 4.56853
5.63452 4.26396
5.7868 3.95939
5.93909 3.65482
6.09137 3.35025
6.09137 3.04569
6.24365 2.74112
6.39594 2.43655
