1.82741 2.8934
2.13198 2.58883
2.43655 2.28426
2.74112 2.13198
2.8934 1.82741
3.04569 1.52284
3.19797 1.21827
3.19797 0.913706
3.35025 0.609137
3.35025 0.304569
3.35025 0
3.35025 -0.304569
3.35025 -0.609137
3.19797 -0.761421
3.19797 -1.06599
3.04569 -1.37056
3.04569 -1.67513
2.8934 -1.82741
2.74112 -2.13198
2.58883 -2.43655
2.43655 -2.58883
2.28426 -2.8934
2.13198 -3.04569
1.9797 -3.35025
1.67513 -3.50254
1.52284 -3.80711
1.37056 -3.95939
1.21827 -4.26396
1.06599 -4.41624
0.913706 -4.72081
0.609137 -4.8731
0.456853 -5.02538
0.304569 -5.32995
0.152284 -5.48223
0 -5.63452
-0.304569 -5.93909
-0.456853 -6.09137
-0.609137 -6.24365
-0.913706 -6.39594
-1.06599 -6.54822
-1.21827 -6.70051
-1.37056 -7.00508
-1.67513 -7.15736
-1.82741 -7.30964
-2.13198 -7.46193
-2.28426 -7.61421
-2.43655 -7.7665
-2.74112 -7.91878
-2.8934 -7.91878
-3.19797 -8.07107
-3.35025 -8.22335
-3.65482 -8.37563
-3.80711 -8.52792
-4.11168 -8.52792
-4.41624 -8.6802
-4.56853 -8.6802
-4.8731 -8.83249
-5.02538 -8.98477
-5.32995 -8.98477
-5.48223 -9.13706
-5.7868 -9.13706
-6.09137 -9.13706
-6.24365 -9.28934
-6.54822 -9.28934
-6.70051 -9.44162
-7.00508 -9.44162
-7.30964 -9.44162
-7.46193 -9.59391
-7.7665 -9.59391
-7.91878 -9.59391
-8.22335 -9.59391
-8.37563 -9.74619
-8.6802 -9.74619
-8.83249 -9.74619
-9.13706 -9.74619
-9.28934 -9.74619
-9.59391 -9.89848
-9.74619 -9.89848
-10.0508 -9.89848
-10.203 -9.89848
-10.5076 -9.89848
-10.6599 -9.89848
-10.9645 -9.89848
-11.1168 -9.89848
-11.4213 -10.0508
-11.5736 -10.0508
-11.8782 -10.0508
-12.0305 -10.0508
-12.335 -10.0508
-12.4873 -9.89848
-12.7919 -9.89848
-12.9442 -9.89848
-13.2487 -9.89848
-13.401 -9.89848
-13.5533 -9.89848
-13.8579 -9.74619
-14.0102 -9.74619
-14.3147 -9.74619
-14.467 -9.59391
-14.7716 -9.59391
-14.9239 -9.59391
-15.0761 -9.44162
-15.3807 -9.44162
-15.533 -9.28934
-15.6853 -9.28934
-15.9898 -9.13706
-16.1421 -8.98477
-16.2944 -8.98477
-16.599 -8.83249
-16.7513 -8.83249
-16.9036 -8.6802
-17.0558 -8.52792
-17.3604 -8.37563
-17.5127 -8.37563
-17.665 -8.22335
-17.8173 -8.07107
-17.9695 -8.07107
-18.2741 -7.91878
-18.4264 -7.7665
-18.5787 -7.61421
-18.731 -7.61421
-18.8832 -7.46193
-19.0355 -7.30964
-19.3401 -7.15736
-19.4924 -7.00508
-19.6447 -7.00508
-19.797 -6.85279
-19.9492 -6.70051
-20.1015 -6.54822
-20.2538 -6.39594
-20.4061 -6.39594
-20.5584 -6.24365
-20.8629 -6.09137
-21.0152 -5.93909
-21.1675 -5.7868
-21.3198 -5.63452
-21.4721 -5.63452
-21.6244 -5.48223
-21.7766 -5.32995
-21.9289 -5.17766
-22.0812 -5.02538
-22.3858 -4.8731
-22.5381 -4.72081
-22.6904 -4.56853
-22.8426 -4.41624
-22.9949 -4.26396
-23.1472 -4.11168
-23.2995 -3.95939
-23.4518 -3.80711
-23.7563 -3.65482
-23.9086 -3.50254
-24.0609 -3.35025
-24.2132 -3.19797
-24.3655 -3.04569
-24.5178 -2.8934
-24.6701 -2.74112
-24.8223 -2.58883
-24.9746 -2.28426
-25.1269 -2.13198
-25.2792 -1.9797
-25.4315 -1.82741
-25.5838 -1.52284
-25.736 -1.37056
-25.8883 -1.21827
-26.0406 -0.913706
-26.1929 -0.761421
-26.3452 -0.456853
-26.3452 -0.304569
-26.4975 0
-26.6497 0.152284
-26.6497 0.456853
-26.802 0.609137
-26.9543 0.913706
-26.9543 1.06599
-27.1066 1.37056
-27.1066 1.67513
-27.1066 1.82741
-27.2589 2.13198
-27.2589 2.43655
-27.2589 2.58883
-27.4112 2.8934
-27.4112 3.19797
-27.4112 3.35025
-27.4112 3.65482
-27.4112 3.95939
-27.4112 4.11168
-27.4112 4.41624
-27.4112 4.72081
-27.4112 4.8731
-27.4112 5.17766
-27.2589 5.48223
-27.2589 5.63452
-27.2589 5.93909
-27.2589 6.24365
-27.1066 6.39594
-27.1066 6.70051
-26.9543 7.00508
-26.9543 7.15736
-26.802 7.46193
-26.802 7.7665
-26.6497 7.91878
-26.6497 8.22335
-26.4975 8.37563
-26.3452 8.6802
-26.3452 8.98477
-26.1929 9.13706
-26.0406 9.44162
-25.8883 9.59391
-25.8883 9.89848
-25.736 10.0508
-25.5838 10.203
-25.4315 10.5076
-25.2792 10.6599
-25.1269 10.9645
-24.9746 11.1168
-24.8223 11.269
-24.6701 11.5736
-24.5178 11.7259
-24.3655 11.8782
-24.2132 12.1827
-24.0609 12.335
-23.9086 12.4873
-23.6041 12.6396
-23.4518 12.9442
-23.2995 13.0964
-23.1472 13.2487
-22.9949 13.401
-22.6904 13.5533
-22.5381 13.7056
-22.3858 14.0102
-22.2335 14.1624
-21.9289 14.3147
-21.7766 14.467
-21.6244 14.6193
-21.3198 14.7716
-21.1675 14.9239
-21.0152 15.0761
-20.7107 15.2284
-20.5584 15.3807
-20.2538 15.533
-20.1015 15.6853
-19.9492 15.8376
-19.6447 15.9898
-19.4924 15.9898
-19.1878 16.1421
-19.0355 16.2944
-18.731 16.4467
-18.5787 16.599
-18.2741 16.599
-18.1218 16.7513
-17.8173 16.9036
-17.665 17.0558
-17.3604 17.0558
-17.0558 17.2081
-16.9036 17.2081
-16.599 17.3604
-16.2944 17.3604
-16.1421 17.5127
-15.8376 17.5127
-15.533 17.5127
-15.3807 17.665
-15.0761 17.665
-14.7716 17.665
-14.6193 17.665
-14.3147 17.665
-14.0102 17.665
-13.7056 17.665
-13.5533 17.665
-13.2487 17.5127
-12.9442 17.5127
-12.7919 17.5127
-12.4873 17.3604
-12.1827 17.3604
-12.0305 17.2081
-11.7259 17.2081
-11.5736 17.0558
-11.269 16.9036
-10.9645 16.9036
-10.8122 16.7513
-10.5076 16.599
-10.3553 16.4467
-10.0508 16.2944
-9.89848 16.2944
-9.74619 16.1421
-9.44162 15.9898
-9.28934 15.8376
-9.13706 15.6853
-8.83249 15.533
-8.6802 15.3807
-8.52792 15.2284
-8.22335 15.0761
-8.07107 14.9239
-7.91878 14.7716
-7.7665 14.6193
-7.61421 14.467
-7.30964 14.3147
-7.15736 14.1624
-7.00508 14.1624
-6.85279 14.0102
-6.70051 13.8579
-6.54822 13.7056
-6.39594 13.5533
-6.24365 13.401
-5.93909 13.2487
-5.7868 13.0964
-5.63452 12.9442
-5.48223 12.7919
-5.32995 12.6396
-5.17766 12.6396
-5.02538 12.4873
-4.8731 12.335
-4.56853 12.1827
-4.41624 12.0305
-4.26396 12.0305
-4.11168 11.8782
-3.95939 11.7259
-3.65482 11.5736
-3.50254 11.4213
-3.35025 11.269
-3.19797 11.269
-2.8934 11.1168
-2.74112 10.9645
-2.58883 10.8122
-2.43655 10.6599
-2.13198 10.5076
-1.9797 10.3553
-1.82741 10.203
-1.52284 10.0508
-1.37056 9.89848
-1.21827 9.74619
-1.06599 9.59391
-0.913706 9.44162
-0.761421 9.28934
-0.456853 9.13706
-0.304569 8.98477
-0.152284 8.6802
0 8.52792
0.152284 8.37563
0.304569 8.07107
0.304569 7.91878
0.456853 7.61421
0.609137 7.46193
0.761421 7.30964
0.761421 7.00508
0.913706 6.85279
1.06599 6.54822
1.06599 6.39594
1.21827 6.09137
1.21827 5.7868
1.37056 5.63452
1.37056 5.32995
1.52284 5.17766
1.52284 4.8731
1.52284 4.56853
1.67513 4.41624
1.67513 4.11168
1.67513 3.95939
1.82741 3.65482
1.82741 3.35025
1.82741 3.19797
