3.04569 3.19797
3.19797 2.8934
3.19797 2.58883
3.19797 2.28426
3.35025 2.13198
3.35025 1.82741
3.35025 1.52284
3.35025 1.21827
3.35025 0.913706
3.35025 0.609137
3.35025 0.304569
3.19797 0
3.19797 -0.304569
3.19797 -0.456853
3.04569 -0.761421
3.04569 -1.06599
2.8934 -1.37056
2.8934 -1.67513
2.74112 -1.9797
2.58883 -2.13198
2.43655 -2.43655
2.43655 -2.74112
2.28426 -3.04569
2.13198 -3.19797
1.9797 -3.50254
1.82741 -3.65482
1.67513 -3.95939
1.52284 -4.26396
1.37056 -4.41624
1.21827 -4.72081
0.913706 -4.8731
0.761421 -5.02538
0.609137 -5.32995
0.456853 -5.48223
0.152284 -5.7868
0 -5.93909
-0.152284 -6.09137
-0.456853 -6.24365
-0.609137 -6.54822
-0.913706 -6.70051
-1.06599 -6.85279
-1.37056 -7.00508
-1.52284 -7.15736
-1.67513 -7.30964
-1.9797 -7.46193
-2.28426 -7.61421
-2.43655 -7.7665
-2.74112 -7.91878
-2.8934 -8.07107
-3.19797 -8.22335
-3.35025 -8.22335
-3.65482 -8.37563
-3.80711 -8.52792
-4.11168 -8.6802
-4.41624 -8.6802
-4.56853 -8.83249
-4.8731 -8.98477
-5.02538 -8.98477
-5.32995 -9.13706
-5.63452 -9.13706
-5.7868 -9.28934
-6.09137 -9.28934
-6.24365 -9.44162
-6.54822 -9.44162
-6.85279 -9.59391
-7.00508 -9.59391
-7.30964 -9.59391
-7.61421 -9.74619
-7.7665 -9.74619
-8.07107 -9.74619
-8.22335 -9.89848
-8.52792 -9.89848
-8.6802 -9.89848
-8.98477 -10.0508
-9.28934 -10.0508
-9.44162 -10.0508
-9.74619 -10.0508
-9.89848 -10.0508
-10.203 -10.0508
-10.5076 -10.0508
-10.6599 -10.203
-10.9645 -10.203
-11.1168 -10.203
-11.4213 -10.203
-11.5736 -10.203
-11.8782 -10.203
-12.0305 -10.203
-12.335 -10.0508
-12.4873 -10.0508
-12.7919 -10.0508
-13.0964 -10.0508
-13.2487 -10.0508
-13.5533 -9.89848
-13.7056 -9.89848
-14.0102 -9.89848
-14.1624 -9.74619
-14.3147 -9.74619
-14.6193 -9.74619
-14.7716 -9.59391
-15.0761 -9.59391
-15.2284 -9.44162
-15.533 -9.44162
-15.6853 -9.28934
-15.8376 -9.28934
-16.1421 -9.13706
-16.2944 -8.98477
-16.4467 -8.98477
-16.7513 -8.83249
-16.9036 -8.6802
-17.0558 -8.52792
-17.2081 -8.52792
-17.5127 -8.37563
-17.665 -8.22335
-17.8173 -8.07107
-17.9695 -8.07107
-18.2741 -7.91878
-18.4264 -7.7665
-18.5787 -7.61421
-18.731 -7.61421
-18.8832 -7.46193
-19.0355 -7.30964
-19.1878 -7.15736
-19.4924 -7.00508
-19.6447 -6.85279
-19.797 -6.85279
-19.9492 -6.70051
-20.1015 -6.54822
-20.2538 -6.39594
-20.4061 -6.24365
-20.5584 -6.09137
-20.7107 -6.09137
-20.8629 -5.93909
-21.1675 -5.7868
-21.3198 -5.63452
-21.4721 -5.48223
-21.6244 -5.32995
-21.7766 -5.17766
-21.9289 -5.17766
-22.0812 -5.02538
-22.2335 -4.8731
-22.3858 -4.72081
-22.5381 -4.56853
-22.6904 -4.41624
-22.9949 -4.26396
-23.1472 -4.11168
-23.2995 -3.95939
-23.4518 -3.80711
-23.6041 -3.65482
-23.7563 -3.50254
-23.9086 -3.35025
-24.0609 -3.19797
-24.2132 -3.04569
-24.3655 -2.8934
-24.6701 -2.74112
-24.8223 -2.58883
-24.9746 -2.28426
-25.1269 -2.13198
-25.2792 -1.9797
-25.4315 -1.82741
-25.5838 -1.67513
-25.736 -1.37056
-25.8883 -1.21827
-26.0406 -1.06599
-26.0406 -0.761421
-26.1929 -0.609137
-26.3452 -0.304569
-26.4975 -0.152284
-26.6497 0
-26.6497 0.304569
-26.802 0.456853
-26.9543 0.761421
-26.9543 0.913706
-27.1066 1.21827
-27.1066 1.52284
-27.2589 1.67513
-27.2589 1.9797
-27.2589 2.13198
-27.4112 2.43655
-27.4112 2.74112
-27.4112 2.8934
-27.4112 3.19797
-27.5635 3.50254
-27.5635 3.65482
-27.5635 3.95939
-27.5635 4.26396
-27.5635 4.41624
-27.5635 4.72081
-27.5635 5.02538
-27.4112 5.17766
-27.4112 5.48223
-27.4112 5.7868
-27.4112 5.93909
-27.2589 6.24365
-27.2589 6.54822
-27.2589 6.70051
-27.1066 7.00508
-27.1066 7.30964
-26.9543 7.46193
-26.9543 7.7665
-26.802 7.91878
-26.802 8.22335
-26.6497 8.37563
-26.6497 8.6802
-26.4975 8.98477
-26.3452 9.13706
-26.3452 9.44162
-26.1929 9.59391
-26.0406 9.89848
-25.8883 10.0508
-25.736 10.3553
-25.736 10.5076
-25.5838 10.6599
-25.4315 10.9645
-25.2792 11.1168
-25.1269 11.4213
-24.9746 11.5736
-24.8223 11.7259
-24.6701 12.0305
-24.5178 12.1827
-24.3655 12.335
-24.2132 12.4873
-24.0609 12.7919
-23.7563 12.9442
-23.6041 13.0964
-23.4518 13.2487
-23.2995 13.401
-23.1472 13.7056
-22.9949 13.8579
-22.6904 14.0102
-22.5381 14.1624
-22.3858 14.3147
-22.2335 14.467
-21.9289 14.6193
-21.7766 14.7716
-21.6244 14.9239
-21.3198 15.0761
-21.1675 15.2284
-21.0152 15.3807
-20.7107 15.533
-20.5584 15.6853
-20.2538 15.8376
-20.1015 15.9898
-19.9492 16.1421
-19.6447 16.2944
-19.4924 16.2944
-19.1878 16.4467
-19.0355 16.599
-18.731 16.7513
-18.5787 16.9036
-18.2741 16.9036
-18.1218 17.0558
-17.8173 17.2081
-17.665 17.2081
-17.3604 17.3604
-17.0558 17.3604
-16.9036 17.5127
-16.599 17.5127
-16.2944 17.665
-16.1421 17.665
-15.8376 17.665
-15.533 17.8173
-15.3807 17.8173
-15.0761 17.8173
-14.7716 17.8173
-14.6193 17.8173
-14.3147 17.8173
-14.0102 17.8173
-13.8579 17.665
-13.5533 17.665
-13.2487 17.665
-13.0964 17.5127
-12.7919 17.5127
-12.4873 17.5127
-12.335 17.3604
-12.0305 17.2081
-11.7259 17.2081
-11.5736 17.0558
-11.269 16.9036
-11.1168 16.9036
-10.8122 16.7513
-10.6599 16.599
-10.5076 16.4467
-10.203 16.2944
-10.0508 16.2944
-9.74619 16.1421
-9.59391 15.9898
-9.44162 15.8376
-9.13706 15.6853
-8.98477 15.533
-8.83249 15.3807
-8.6802 15.2284
-8.37563 15.0761
-8.22335 14.9239
-8.07107 14.7716
-7.91878 14.6193
-7.7665 14.467
-7.61421 14.467
-7.46193 14.3147
-7.15736 14.1624
-7.00508 14.0102
-6.85279 13.8579
-6.70051 13.7056
-6.54822 13.5533
-6.39594 13.401
-6.24365 13.2487
-6.09137 13.2487
-5.7868 13.0964
-5.63452 12.9442
-5.48223 12.7919
-5.32995 12.6396
-5.17766 12.6396
-5.02538 12.4873
-4.72081 12.335
-4.56853 12.1827
-4.41624 12.1827
-4.26396 12.0305
-3.95939 11.8782
-3.80711 11.8782
-3.65482 11.7259
-3.35025 11.5736
-3.19797 11.4213
-2.8934 11.4213
-2.74112 11.269
-2.43655 11.1168
-2.28426 10.9645
-2.13198 10.8122
-1.82741 10.8122
-1.67513 10.6599
-1.37056 10.5076
-1.21827 10.3553
-0.913706 10.203
-0.761421 10.0508
-0.456853 9.89848
-0.304569 9.74619
-0.152284 9.44162
0.152284 9.28934
0.304569 9.13706
0.456853 8.98477
0.761421 8.6802
0.913706 8.52792
1.06599 8.37563
1.21827 8.07107
1.37056 7.91878
1.52284 7.61421
1.67513 7.46193
1.82741 7.15736
1.9797 7.00508
2.13198 6.70051
2.28426 6.39594
2.43655 6.24365
2.58883 5.93909
2.58883 5.63452
2.74112 5.48223
2.8934 5.17766
2.8934 4.8731
3.04569 4.56853
3.04569 4.26396
3.19797 4.11168
3.19797 3.80711
3.19797 3.50254
