2.13198 2.74112
2.43655 2.43655
2.58883 2.13198
2.74112 1.82741
2.8934 1.52284
3.04569 1.37056
3.04569 1.06599
3.19797 0.761421
3.19797 0.456853
3.19797 0.152284
3.19797 -0.152284
3.19797 -0.456853
3.19797 -0.761421
3.19797 -1.06599
3.04569 -1.21827
3.04569 -1.52284
2.8934 -1.82741
2.74112 -2.13198
2.74112 -2.28426
2.58883 -2.58883
2.43655 -2.8934
2.28426 -3.19797
2.13198 -3.35025
1.9797 -3.65482
1.82741 -3.80711
1.67513 -4.11168
1.52284 -4.26396
1.37056 -4.56853
1.21827 -4.72081
1.06599 -5.02538
0.761421 -5.17766
0.609137 -5.48223
0.456853 -5.63452
0.304569 -5.7868
0 -6.09137
-0.152284 -6.24365
-0.304569 -6.39594
-0.456853 -6.54822
-0.761421 -6.70051
-0.913706 -7.00508
-1.21827 -7.15736
-1.37056 -7.30964
-1.52284 -7.46193
-1.82741 -7.61421
-1.9797 -7.7665
-2.28426 -7.91878
-2.43655 -8.07107
-2.74112 -8.22335
-2.8934 -8.37563
-3.19797 -8.52792
-3.35025 -8.52792
-3.65482 -8.6802
-3.80711 -8.83249
-4.11168 -8.98477
-4.26396 -8.98477
-4.56853 -9.13706
-4.8731 -9.13706
-5.02538 -9.28934
-5.32995 -9.44162
-5.48223 -9.44162
-5.7868 -9.59391
-6.09137 -9.59391
-6.24365 -9.59391
-6.54822 -9.74619
-6.70051 -9.74619
-7.00508 -9.89848
-7.30964 -9.89848
-7.46193 -9.89848
-7.7665 -9.89848
-7.91878 -10.0508
-8.22335 -10.0508
-8.52792 -10.0508
-8.6802 -10.0508
-8.98477 -10.0508
-9.13706 -10.203
-9.44162 -10.203
-9.59391 -10.203
-9.89848 -10.203
-10.0508 -10.203
-10.3553 -10.203
-10.5076 -10.203
-10.8122 -10.203
-11.1168 -10.203
-11.269 -10.203
-11.5736 -10.203
-11.7259 -10.0508
-11.8782 -10.0508
-12.1827 -10.0508
-12.335 -10.0508
-12.6396 -10.0508
-12.7919 -9.89848
-13.0964 -9.89848
-13.2487 -9.89848
-13.5533 -9.89848
-13.7056 -9.74619
-14.0102 -9.74619
-14.1624 -9.59391
-14.3147 -9.59391
-14.6193 -9.59391
-14.7716 -9.44162
-14.9239 -9.44162
-15.2284 -9.28934
-15.3807 -9.28934
-15.533 -9.13706
-15.8376 -8.98477
-15.9898 -8.98477
-16.1421 -8.83249
-16.2944 -8.83249
-16.599 -8.6802
-16.7513 -8.52792
-16.9036 -8.52792
-17.0558 -8.37563
-17.2081 -8.22335
-17.5127 -8.22335
-17.665 -8.07107
-17.8173 -7.91878
-17.9695 -7.91878
-18.1218 -7.7665
-18.2741 -7.61421
-18.5787 -7.46193
-18.731 -7.46193
-18.8832 -7.30964
-19.0355 -7.15736
-19.1878 -7.15736
-19.3401 -7.00508
-19.4924 -6.85279
-19.6447 -6.70051
-19.9492 -6.70051
-20.1015 -6.54822
-20.2538 -6.39594
-20.4061 -6.24365
-20.5584 -6.24365
-20.7107 -6.09137
-20.8629 -5.93909
-21.0152 -5.7868
-21.1675 -5.63452
-21.3198 -5.48223
-21.6244 -5.48223
-21.7766 -5.32995
-21.9289 -5.17766
-22.0812 -5.02538
-22.2335 -4.8731
-22.3858 -4.72081
-22.5381 -4.56853
-22.6904 -4.41624
-22.8426 -4.26396
-22.9949 -4.11168
-23.1472 -4.11168
-23.2995 -3.95939
-23.6041 -3.65482
-23.7563 -3.50254
-23.9086 -3.35025
-24.0609 -3.19797
-24.2132 -3.04569
-24.3655 -2.8934
-24.5178 -2.74112
-24.6701 -2.58883
-24.8223 -2.43655
-24.9746 -2.13198
-25.1269 -1.9797
-25.2792 -1.82741
-25.2792 -1.67513
-25.4315 -1.37056
-25.5838 -1.21827
-25.736 -1.06599
-25.8883 -0.761421
-26.0406 -0.609137
-26.1929 -0.304569
-26.1929 -0.152284
-26.3452 0
-26.4975 0.304569
-26.4975 0.456853
-26.6497 0.761421
-26.802 0.913706
-26.802 1.21827
-26.9543 1.52284
-26.9543 1.67513
-27.1066 1.9797
-27.1066 2.13198
-27.2589 2.43655
-27.2589 2.74112
-27.2589 2.8934
-27.4112 3.19797
-27.4112 3.50254
-27.4112 3.65482
-27.4112 3.95939
-27.4112 4.26396
-27.4112 4.41624
-27.4112 4.72081
-27.4112 5.02538
-27.4112 5.32995
-27.4112 5.48223
-27.2589 5.7868
-27.2589 6.09137
-27.2589 6.24365
-27.1066 6.54822
-27.1066 6.70051
-26.9543 7.00508
-26.9543 7.30964
-26.802 7.46193
-26.802 7.7665
-26.6497 7.91878
-26.4975 8.22335
-26.3452 8.37563
-26.3452 8.6802
-26.1929 8.83249
-26.0406 9.13706
-25.8883 9.28934
-25.736 9.59391
-25.5838 9.74619
-25.4315 9.89848
-25.2792 10.203
-25.1269 10.3553
-24.9746 10.5076
-24.8223 10.8122
-24.6701 10.9645
-24.5178 11.1168
-24.3655 11.269
-24.2132 11.5736
-24.0609 11.7259
-23.7563 11.8782
-23.6041 12.0305
-23.4518 12.1827
-23.2995 12.4873
-23.1472 12.6396
-22.9949 12.7919
-22.6904 12.9442
-22.5381 13.0964
-22.3858 13.2487
-22.2335 13.401
-21.9289 13.5533
-21.7766 13.7056
-21.6244 13.8579
-21.3198 14.0102
-21.1675 14.1624
-21.0152 14.3147
-20.7107 14.467
-20.5584 14.467
-20.2538 14.6193
-20.1015 14.7716
-19.9492 14.9239
-19.6447 15.0761
-19.4924 15.0761
-19.1878 15.2284
-19.0355 15.3807
-18.731 15.3807
-18.5787 15.533
-18.2741 15.533
-18.1218 15.6853
-17.8173 15.6853
-17.665 15.8376
-17.3604 15.8376
-17.2081 15.9898
-16.9036 15.9898
-16.7513 15.9898
-16.4467 16.1421
-16.1421 16.1421
-15.9898 16.1421
-15.6853 16.2944
-15.533 16.2944
-15.2284 16.2944
-15.0761 16.2944
-14.7716 16.2944
-14.467 16.2944
-14.3147 16.2944
-14.0102 16.2944
-13.8579 16.2944
-13.5533 16.2944
-13.2487 16.2944
-13.0964 16.2944
-12.7919 16.2944
-12.6396 16.2944
-12.335 16.2944
-12.1827 16.1421
-11.8782 16.1421
-11.7259 16.1421
-11.4213 16.1421
-11.269 15.9898
-10.9645 15.9898
-10.8122 15.8376
-10.5076 15.8376
-10.3553 15.8376
-10.0508 15.6853
-9.89848 15.6853
-9.59391 15.533
-9.44162 15.3807
-9.28934 15.3807
-8.98477 15.2284
-8.83249 15.0761
-8.52792 15.0761
-8.37563 14.9239
-8.22335 14.7716
-8.07107 14.6193
-7.7665 14.6193
-7.61421 14.467
-7.46193 14.3147
-7.30964 14.1624
-7.00508 14.0102
-6.85279 13.8579
-6.70051 13.8579
-6.54822 13.7056
-6.39594 13.5533
-6.24365 13.401
-5.93909 13.2487
-5.7868 13.0964
-5.63452 12.9442
-5.48223 12.7919
-5.32995 12.6396
-5.17766 12.4873
-5.02538 12.335
-4.8731 12.335
-4.56853 12.1827
-4.41624 12.0305
-4.26396 11.8782
-4.11168 11.7259
-3.95939 11.5736
-3.80711 11.4213
-3.65482 11.269
-3.50254 11.1168
-3.19797 10.9645
-3.04569 10.9645
-2.8934 10.8122
-2.74112 10.6599
-2.58883 10.5076
-2.43655 10.3553
-2.13198 10.203
-1.9797 10.0508
-1.82741 9.89848
-1.67513 9.59391
-1.52284 9.44162
-1.37056 9.28934
-1.21827 9.13706
-1.06599 8.98477
-0.913706 8.83249
-0.761421 8.52792
-0.609137 8.37563
-0.456853 8.22335
-0.304569 8.07107
-0.152284 7.7665
0 7.61421
0.152284 7.46193
0.152284 7.15736
0.304569 7.00508
0.456853 6.70051
0.456853 6.54822
0.609137 6.24365
0.761421 6.09137
0.913706 5.7868
0.913706 5.63452
1.06599 5.32995
1.06599 5.17766
1.21827 4.8731
1.37056 4.72081
1.37056 4.41624
1.52284 4.26396
1.67513 3.95939
1.67513 3.65482
1.82741 3.50254
1.9797 3.19797
1.9797 2.8934
