2.28426 2.58883
2.58883 2.43655
2.74112 2.13198
2.8934 1.82741
2.8934 1.52284
3.04569 1.21827
3.04569 0.913706
3.19797 0.761421
3.19797 0.456853
3.19797 0.152284
3.19797 -0.152284
3.19797 -0.456853
3.19797 -0.761421
3.19797 -1.06599
3.04569 -1.21827
3.04569 -1.52284
2.8934 -1.82741
2.8934 -2.13198
2.74112 -2.28426
2.58883 -2.58883
2.58883 -2.8934
2.43655 -3.04569
2.28426 -3.35025
2.13198 -3.65482
1.9797 -3.80711
1.82741 -4.11168
1.67513 -4.26396
1.52284 -4.56853
1.37056 -4.72081
1.21827 -5.02538
0.913706 -5.17766
0.761421 -5.48223
0.609137 -5.63452
0.456853 -5.7868
0.304569 -5.93909
0 -6.24365
-0.152284 -6.39594
-0.304569 -6.54822
-0.609137 -6.70051
-0.761421 -6.85279
-1.06599 -7.15736
-1.21827 -7.30964
-1.37056 -7.46193
-1.67513 -7.61421
-1.82741 -7.7665
-2.13198 -7.91878
-2.28426 -8.07107
-2.58883 -8.07107
-2.74112 -8.22335
-3.04569 -8.37563
-3.19797 -8.52792
-3.50254 -8.6802
-3.65482 -8.6802
-3.95939 -8.83249
-4.11168 -8.98477
-4.41624 -8.98477
-4.56853 -9.13706
-4.8731 -9.28934
-5.17766 -9.28934
-5.32995 -9.44162
-5.63452 -9.44162
-5.7868 -9.59391
-6.09137 -9.59391
-6.24365 -9.74619
-6.54822 -9.74619
-6.85279 -9.89848
-7.00508 -9.89848
-7.30964 -9.89848
-7.46193 -10.0508
-7.7665 -10.0508
-7.91878 -10.0508
-8.22335 -10.0508
-8.37563 -10.203
-8.6802 -10.203
-8.98477 -10.203
-9.13706 -10.203
-9.44162 -10.203
-9.59391 -10.203
-9.89848 -10.203
-10.0508 -10.203
-10.3553 -10.203
-10.5076 -10.203
-10.8122 -10.203
-10.9645 -10.203
-11.269 -10.203
-11.4213 -10.203
-11.7259 -10.203
-11.8782 -10.203
-12.1827 -10.203
-12.335 -10.0508
-12.6396 -10.0508
-12.7919 -10.0508
-13.0964 -10.0508
-13.2487 -9.89848
-13.401 -9.89848
-13.7056 -9.89848
-13.8579 -9.74619
-14.1624 -9.74619
-14.3147 -9.74619
-14.467 -9.59391
-14.7716 -9.59391
-14.9239 -9.44162
-15.0761 -9.44162
-15.3807 -9.28934
-15.533 -9.28934
-15.6853 -9.13706
-15.9898 -8.98477
-16.1421 -8.98477
-16.2944 -8.83249
-16.4467 -8.83249
-16.7513 -8.6802
-16.9036 -8.52792
-17.0558 -8.52792
-17.2081 -8.37563
-17.5127 -8.22335
-17.665 -8.22335
-17.8173 -8.07107
-17.9695 -7.91878
-18.1218 -7.7665
-18.2741 -7.7665
-18.5787 -7.61421
-18.731 -7.46193
-18.8832 -7.30964
-19.0355 -7.30964
-19.1878 -7.15736
-19.3401 -7.00508
-19.4924 -6.85279
-19.6447 -6.85279
-19.797 -6.70051
-20.1015 -6.54822
-20.2538 -6.39594
-20.4061 -6.24365
-20.5584 -6.24365
-20.7107 -6.09137
-20.8629 -5.93909
-21.0152 -5.7868
-21.1675 -5.63452
-21.3198 -5.48223
-21.4721 -5.32995
-21.6244 -5.32995
-21.7766 -5.17766
-22.0812 -5.02538
-22.2335 -4.8731
-22.3858 -4.72081
-22.5381 -4.56853
-22.6904 -4.41624
-22.8426 -4.26396
-22.9949 -4.11168
-23.1472 -3.95939
-23.2995 -3.80711
-23.4518 -3.65482
-23.6041 -3.50254
-23.9086 -3.35025
-24.0609 -3.19797
-24.2132 -3.04569
-24.3655 -2.8934
-24.5178 -2.58883
-24.6701 -2.43655
-24.8223 -2.28426
-24.9746 -2.13198
-25.1269 -1.9797
-25.2792 -1.67513
-25.4315 -1.52284
-25.5838 -1.37056
-25.5838 -1.06599
-25.736 -0.913706
-25.8883 -0.609137
-26.0406 -0.456853
-26.1929 -0.304569
-26.1929 0
-26.3452 0.152284
-26.4975 0.456853
-26.4975 0.609137
-26.6497 0.913706
-26.6497 1.21827
-26.802 1.37056
-26.802 1.67513
-26.9543 1.82741
-26.9543 2.13198
-26.9543 2.43655
-26.9543 2.58883
-27.1066 2.8934
-27.1066 3.19797
-27.1066 3.35025
-27.1066 3.65482
-27.1066 3.95939
-27.1066 4.11168
-27.1066 4.41624
-27.1066 4.72081
-27.1066 4.8731
-27.1066 5.17766
-26.9543 5.48223
-26.9543 5.63452
-26.9543 5.93909
-26.802 6.24365
-26.802 6.39594
-26.6497 6.70051
-26.6497 6.85279
-26.4975 7.15736
-26.4975 7.46193
-26.3452 7.61421
-26.1929 7.91878
-26.1929 8.07107
-26.0406 8.37563
-25.8883 8.52792
-25.736 8.83249
-25.736 8.98477
-25.5838 9.28934
-25.4315 9.44162
-25.2792 9.59391
-25.1269 9.89848
-24.9746 10.0508
-24.8223 10.3553
-24.6701 10.5076
-24.5178 10.6599
-24.3655 10.8122
-24.2132 11.1168
-24.0609 11.269
-23.9086 11.4213
-23.7563 11.5736
-23.6041 11.8782
-23.4518 12.0305
-23.1472 12.1827
-22.9949 12.335
-22.8426 12.4873
-22.6904 12.6396
-22.5381 12.9442
-22.2335 13.0964
-22.0812 13.2487
-21.9289 13.401
-21.7766 13.5533
-21.4721 13.7056
-21.3198 13.8579
-21.1675 14.0102
-20.8629 14.1624
-20.7107 14.3147
-20.5584 14.3147
-20.2538 14.467
-20.1015 14.6193
-19.9492 14.7716
-19.6447 14.9239
-19.4924 15.0761
-19.1878 15.0761
-19.0355 15.2284
-18.731 15.3807
-18.5787 15.3807
-18.2741 15.533
-18.1218 15.6853
-17.8173 15.6853
-17.665 15.8376
-17.3604 15.8376
-17.2081 15.9898
-16.9036 15.9898
-16.7513 16.1421
-16.4467 16.1421
-16.2944 16.1421
-15.9898 16.2944
-15.6853 16.2944
-15.533 16.2944
-15.2284 16.4467
-15.0761 16.4467
-14.7716 16.4467
-14.467 16.4467
-14.3147 16.4467
-14.0102 16.4467
-13.8579 16.4467
-13.5533 16.4467
-13.2487 16.4467
-13.0964 16.4467
-12.7919 16.4467
-12.6396 16.4467
-12.335 16.4467
-12.1827 16.2944
-11.8782 16.2944
-11.5736 16.2944
-11.4213 16.1421
-11.1168 16.1421
-10.9645 16.1421
-10.6599 15.9898
-10.5076 15.9898
-10.203 15.8376
-10.0508 15.8376
-9.74619 15.6853
-9.59391 15.6853
-9.44162 15.533
-9.13706 15.3807
-8.98477 15.3807
-8.6802 15.2284
-8.52792 15.0761
-8.37563 15.0761
-8.07107 14.9239
-7.91878 14.7716
-7.7665 14.6193
-7.61421 14.467
-7.30964 14.3147
-7.15736 14.3147
-7.00508 14.1624
-6.85279 14.0102
-6.70051 13.8579
-6.39594 13.7056
-6.24365 13.5533
-6.09137 13.401
-5.93909 13.2487
-5.7868 13.0964
-5.63452 12.9442
-5.48223 12.7919
-5.32995 12.6396
-5.17766 12.4873
-5.02538 12.4873
-4.72081 12.335
-4.56853 12.1827
-4.41624 12.0305
-4.26396 11.8782
-4.11168 11.7259
-3.95939 11.5736
-3.80711 11.4213
-3.65482 11.269
-3.50254 11.1168
-3.19797 10.9645
-3.04569 10.9645
-2.8934 10.8122
-2.74112 10.6599
-2.58883 10.5076
-2.43655 10.3553
-2.28426 10.203
-1.9797 10.0508
-1.82741 9.89848
-1.67513 9.74619
-1.52284 9.59391
-1.37056 9.44162
-1.06599 9.28934
-0.913706 9.13706
-0.761421 8.98477
-0.609137 8.6802
-0.456853 8.52792
-0.304569 8.37563
-0.152284 8.22335
0 8.07107
0.152284 7.7665
0.304569 7.61421
0.609137 7.46193
0.609137 7.15736
0.761421 7.00508
0.913706 6.85279
1.06599 6.54822
1.21827 6.39594
1.37056 6.09137
1.52284 5.93909
1.52284 5.63452
1.67513 5.48223
1.82741 5.17766
1.82741 4.8731
1.9797 4.72081
1.9797 4.41624
2.13198 4.11168
2.13198 3.95939
2.28426 3.65482
2.28426 3.35025
2.28426 3.19797
2.28426 2.8934
