2.28426 2.58883
2.58883 2.28426
2.74112 1.9797
2.8934 1.67513
2.8934 1.52284
3.04569 1.21827
3.04569 0.913706
3.19797 0.609137
3.19797 0.304569
3.19797 0
3.19797 -0.304569
3.19797 -0.456853
3.19797 -0.761421
3.19797 -1.06599
3.04569 -1.37056
3.04569 -1.67513
2.8934 -1.9797
2.8934 -2.13198
2.74112 -2.43655
2.58883 -2.74112
2.43655 -2.8934
2.43655 -3.19797
2.28426 -3.50254
2.13198 -3.65482
1.9797 -3.95939
1.82741 -4.11168
1.67513 -4.41624
1.52284 -4.56853
1.37056 -4.8731
1.06599 -5.02538
0.913706 -5.32995
0.761421 -5.48223
0.609137 -5.63452
0.456853 -5.93909
0.152284 -6.09137
0 -6.24365
-0.152284 -6.39594
-0.456853 -6.70051
-0.609137 -6.85279
-0.761421 -7.00508
-1.06599 -7.15736
-1.21827 -7.30964
-1.52284 -7.46193
-1.67513 -7.61421
-1.82741 -7.7665
-2.13198 -7.91878
-2.28426 -8.07107
-2.58883 -8.22335
-2.74112 -8.37563
-3.04569 -8.37563
-3.19797 -8.52792
-3.50254 -8.6802
-3.65482 -8.83249
-3.95939 -8.83249
-4.26396 -8.98477
-4.41624 -9.13706
-4.72081 -9.13706
-4.8731 -9.28934
-5.17766 -9.44162
-5.32995 -9.44162
-5.63452 -9.59391
-5.7868 -9.59391
-6.09137 -9.59391
-6.39594 -9.74619
-6.54822 -9.74619
-6.85279 -9.89848
-7.00508 -9.89848
-7.30964 -9.89848
-7.46193 -9.89848
-7.7665 -10.0508
-8.07107 -10.0508
-8.22335 -10.0508
-8.52792 -10.0508
-8.6802 -10.203
-8.98477 -10.203
-9.13706 -10.203
-9.44162 -10.203
-9.59391 -10.203
-9.89848 -10.203
-10.0508 -10.203
-10.3553 -10.203
-10.5076 -10.203
-10.8122 -10.203
-10.9645 -10.203
-11.269 -10.203
-11.4213 -10.203
-11.7259 -10.203
-11.8782 -10.203
-12.1827 -10.0508
-12.335 -10.0508
-12.6396 -10.0508
-12.7919 -10.0508
-13.0964 -9.89848
-13.2487 -9.89848
-13.401 -9.89848
-13.7056 -9.89848
-13.8579 -9.74619
-14.1624 -9.74619
-14.3147 -9.59391
-14.467 -9.59391
-14.7716 -9.59391
-14.9239 -9.44162
-15.0761 -9.44162
-15.3807 -9.28934
-15.533 -9.28934
-15.6853 -9.13706
-15.9898 -9.13706
-16.1421 -8.98477
-16.2944 -8.83249
-16.4467 -8.83249
-16.7513 -8.6802
-16.9036 -8.6802
-17.0558 -8.52792
-17.2081 -8.37563
-17.3604 -8.37563
-17.665 -8.22335
-17.8173 -8.07107
-17.9695 -8.07107
-18.1218 -7.91878
-18.2741 -7.7665
-18.4264 -7.61421
-18.731 -7.61421
-18.8832 -7.46193
-19.0355 -7.30964
-19.1878 -7.15736
-19.3401 -7.15736
-19.4924 -7.00508
-19.6447 -6.85279
-19.797 -6.70051
-19.9492 -6.70051
-20.2538 -6.54822
-20.4061 -6.39594
-20.5584 -6.24365
-20.7107 -6.09137
-20.8629 -5.93909
-21.0152 -5.93909
-21.1675 -5.7868
-21.3198 -5.63452
-21.4721 -5.48223
-21.6244 -5.32995
-21.7766 -5.17766
-21.9289 -5.02538
-22.2335 -4.8731
-22.3858 -4.72081
-22.5381 -4.72081
-22.6904 -4.56853
-22.8426 -4.41624
-22.9949 -4.26396
-23.1472 -4.11168
-23.2995 -3.95939
-23.4518 -3.80711
-23.6041 -3.50254
-23.7563 -3.35025
-23.9086 -3.19797
-24.0609 -3.04569
-24.2132 -2.8934
-24.3655 -2.74112
-24.5178 -2.58883
-24.6701 -2.28426
-24.8223 -2.13198
-24.9746 -1.9797
-25.1269 -1.82741
-25.2792 -1.52284
-25.4315 -1.37056
-25.5838 -1.21827
-25.736 -0.913706
-25.8883 -0.761421
-25.8883 -0.609137
-26.0406 -0.304569
-26.1929 -0.152284
-26.3452 0.152284
-26.3452 0.304569
-26.4975 0.609137
-26.4975 0.761421
-26.6497 1.06599
-26.6497 1.37056
-26.802 1.52284
-26.802 1.82741
-26.9543 1.9797
-26.9543 2.28426
-26.9543 2.58883
-27.1066 2.74112
-27.1066 3.04569
-27.1066 3.35025
-27.1066 3.50254
-27.1066 3.80711
-27.1066 4.11168
-27.1066 4.26396
-27.1066 4.56853
-27.1066 4.8731
-27.1066 5.02538
-26.9543 5.32995
-26.9543 5.63452
-26.9543 5.7868
-26.802 6.09137
-26.802 6.39594
-26.6497 6.54822
-26.6497 6.85279
-26.4975 7.15736
-26.4975 7.30964
-26.3452 7.61421
-26.1929 7.7665
-26.1929 8.07107
-26.0406 8.22335
-25.8883 8.52792
-25.736 8.6802
-25.5838 8.98477
-25.5838 9.13706
-25.4315 9.28934
-25.2792 9.59391
-25.1269 9.74619
-24.9746 9.89848
-24.8223 10.203
-24.6701 10.3553
-24.5178 10.5076
-24.3655 10.8122
-24.2132 10.9645
-24.0609 11.1168
-23.7563 11.269
-23.6041 11.5736
-23.4518 11.7259
-23.2995 11.8782
-23.1472 12.0305
-22.9949 12.1827
-22.8426 12.335
-22.6904 12.6396
-22.3858 12.7919
-22.2335 12.9442
-22.0812 13.0964
-21.9289 13.2487
-21.6244 13.401
-21.4721 13.5533
-21.3198 13.7056
-21.1675 13.8579
-20.8629 14.0102
-20.7107 14.1624
-20.5584 14.3147
-20.2538 14.467
-20.1015 14.467
-19.797 14.6193
-19.6447 14.7716
-19.4924 14.9239
-19.1878 14.9239
-19.0355 15.0761
-18.731 15.2284
-18.5787 15.3807
-18.2741 15.3807
-18.1218 15.533
-17.8173 15.533
-17.665 15.6853
-17.3604 15.6853
-17.2081 15.8376
-16.9036 15.8376
-16.7513 15.9898
-16.4467 15.9898
-16.1421 15.9898
-15.9898 16.1421
-15.6853 16.1421
-15.533 16.1421
-15.2284 16.2944
-15.0761 16.2944
-14.7716 16.2944
-14.467 16.2944
-14.3147 16.2944
-14.0102 16.2944
-13.8579 16.2944
-13.5533 16.2944
-13.2487 16.2944
-13.0964 16.2944
-12.7919 16.2944
-12.6396 16.2944
-12.335 16.2944
-12.0305 16.2944
-11.8782 16.2944
-11.5736 16.1421
-11.4213 16.1421
-11.1168 16.1421
-10.9645 15.9898
-10.6599 15.9898
-10.5076 15.9898
-10.203 15.8376
-10.0508 15.8376
-9.74619 15.6853
-9.59391 15.6853
-9.28934 15.533
-9.13706 15.533
-8.98477 15.3807
-8.6802 15.2284
-8.52792 15.0761
-8.22335 15.0761
-8.07107 14.9239
-7.91878 14.7716
-7.61421 14.6193
-7.46193 14.6193
-7.30964 14.467
-7.15736 14.3147
-7.00508 14.1624
-6.70051 14.0102
-6.54822 13.8579
-6.39594 13.7056
-6.24365 13.5533
-6.09137 13.401
-5.93909 13.2487
-5.63452 13.0964
-5.48223 12.9442
-5.32995 12.7919
-5.17766 12.6396
-5.02538 12.4873
-4.8731 12.4873
-4.72081 12.335
-4.56853 12.1827
-4.41624 12.0305
-4.26396 11.8782
-4.11168 11.7259
-3.80711 11.5736
-3.65482 11.4213
-3.50254 11.269
-3.35025 11.1168
-3.19797 10.9645
-3.04569 10.8122
-2.8934 10.6599
-2.74112 10.5076
-2.43655 10.3553
-2.28426 10.203
-2.13198 10.0508
-1.9797 9.89848
-1.82741 9.74619
-1.67513 9.59391
-1.52284 9.44162
-1.37056 9.28934
-1.21827 9.13706
-1.06599 8.98477
-0.913706 8.83249
-0.761421 8.52792
-0.609137 8.37563
-0.456853 8.22335
-0.304569 8.07107
-0.152284 7.7665
0 7.61421
0.152284 7.46193
0.152284 7.15736
0.304569 7.00508
0.456853 6.70051
0.456853 6.54822
0.609137 6.39594
0.761421 6.09137
0.761421 5.93909
0.913706 5.63452
1.06599 5.48223
1.06599 5.17766
1.21827 5.02538
1.21827 4.72081
1.37056 4.56853
1.52284 4.26396
1.52284 3.95939
1.67513 3.80711
1.82741 3.50254
1.82741 3.35025
1.9797 3.04569
2.13198 2.74112
