3.35025 2.8934
3.35025 2.58883
3.35025 2.28426
3.35025 1.9797
3.35025 1.67513
3.35025 1.52284
3.35025 1.21827
3.35025 0.913706
3.35025 0.609137
3.19797 0.304569
3.19797 0
3.19797 -0.152284
3.19797 -0.456853
3.04569 -0.761421
3.04569 -1.06599
3.04569 -1.37056
2.8934 -1.52284
2.8934 -1.82741
2.74112 -2.13198
2.74112 -2.43655
2.58883 -2.58883
2.43655 -2.8934
2.43655 -3.19797
2.28426 -3.50254
2.13198 -3.65482
1.9797 -3.95939
1.82741 -4.26396
1.67513 -4.41624
1.52284 -4.72081
1.37056 -4.8731
1.21827 -5.17766
1.06599 -5.32995
0.913706 -5.63452
0.761421 -5.7868
0.609137 -5.93909
0.304569 -6.24365
0.152284 -6.39594
0 -6.54822
-0.304569 -6.85279
-0.456853 -7.00508
-0.609137 -7.15736
-0.913706 -7.30964
-1.06599 -7.46193
-1.37056 -7.61421
-1.52284 -7.7665
-1.82741 -7.91878
-1.9797 -8.07107
-2.28426 -8.22335
-2.43655 -8.37563
-2.74112 -8.52792
-2.8934 -8.6802
-3.19797 -8.6802
-3.50254 -8.83249
-3.65482 -8.98477
-3.95939 -8.98477
-4.11168 -9.13706
-4.41624 -9.28934
-4.72081 -9.28934
-4.8731 -9.44162
-5.17766 -9.44162
-5.48223 -9.59391
-5.63452 -9.59391
-5.93909 -9.74619
-6.09137 -9.74619
-6.39594 -9.74619
-6.70051 -9.89848
-6.85279 -9.89848
-7.15736 -9.89848
-7.46193 -10.0508
-7.61421 -10.0508
-7.91878 -10.0508
-8.07107 -10.0508
-8.37563 -10.203
-8.6802 -10.203
-8.83249 -10.203
-9.13706 -10.203
-9.28934 -10.203
-9.59391 -10.203
-9.74619 -10.3553
-10.0508 -10.3553
-10.203 -10.3553
-10.5076 -10.3553
-10.8122 -10.3553
-10.9645 -10.3553
-11.269 -10.3553
-11.4213 -10.3553
-11.7259 -10.3553
-11.8782 -10.203
-12.1827 -10.203
-12.335 -10.203
-12.6396 -10.203
-12.7919 -10.203
-13.0964 -10.0508
-13.2487 -10.0508
-13.5533 -10.0508
-13.7056 -9.89848
-13.8579 -9.89848
-14.1624 -9.74619
-14.3147 -9.74619
-14.6193 -9.59391
-14.7716 -9.59391
-14.9239 -9.44162
-15.2284 -9.44162
-15.3807 -9.28934
-15.533 -9.13706
-15.8376 -9.13706
-15.9898 -8.98477
-16.1421 -8.83249
-16.2944 -8.6802
-16.599 -8.6802
-16.7513 -8.52792
-16.9036 -8.37563
-17.0558 -8.22335
-17.2081 -8.22335
-17.5127 -8.07107
-17.665 -7.91878
-17.8173 -7.7665
-17.9695 -7.7665
-18.1218 -7.61421
-18.2741 -7.46193
-18.4264 -7.30964
-18.731 -7.30964
-18.8832 -7.15736
-19.0355 -7.00508
-19.1878 -6.85279
-19.3401 -6.85279
-19.4924 -6.70051
-19.6447 -6.54822
-19.9492 -6.54822
-20.1015 -6.39594
-20.2538 -6.24365
-20.4061 -6.09137
-20.5584 -6.09137
-20.8629 -5.93909
-21.0152 -5.7868
-21.1675 -5.63452
-21.3198 -5.63452
-21.4721 -5.48223
-21.6244 -5.32995
-21.9289 -5.17766
-22.0812 -5.02538
-22.2335 -4.8731
-22.3858 -4.8731
-22.5381 -4.72081
-22.6904 -4.56853
-22.8426 -4.41624
-23.1472 -4.26396
-23.2995 -4.11168
-23.4518 -3.95939
-23.6041 -3.80711
-23.7563 -3.50254
-23.9086 -3.35025
-24.0609 -3.19797
-24.2132 -3.04569
-24.3655 -2.8934
-24.5178 -2.74112
-24.6701 -2.43655
-24.8223 -2.28426
-24.9746 -2.13198
-25.1269 -1.9797
-25.1269 -1.67513
-25.2792 -1.52284
-25.4315 -1.37056
-25.5838 -1.06599
-25.736 -0.913706
-25.736 -0.609137
-25.8883 -0.456853
-26.0406 -0.304569
-26.0406 0
-26.1929 0.152284
-26.3452 0.456853
-26.3452 0.609137
-26.4975 0.913706
-26.4975 1.21827
-26.6497 1.37056
-26.6497 1.67513
-26.802 1.82741
-26.802 2.13198
-26.9543 2.43655
-26.9543 2.58883
-26.9543 2.8934
-27.1066 3.04569
-27.1066 3.35025
-27.1066 3.65482
-27.1066 3.80711
-27.1066 4.11168
-27.2589 4.41624
-27.2589 4.72081
-27.2589 4.8731
-27.2589 5.17766
-27.2589 5.48223
-27.1066 5.63452
-27.1066 5.93909
-27.1066 6.24365
-27.1066 6.54822
-27.1066 6.70051
-26.9543 7.00508
-26.9543 7.30964
-26.9543 7.46193
-26.802 7.7665
-26.802 8.07107
-26.6497 8.22335
-26.6497 8.52792
-26.4975 8.83249
-26.4975 8.98477
-26.3452 9.28934
-26.1929 9.59391
-26.1929 9.74619
-26.0406 10.0508
-25.8883 10.203
-25.736 10.5076
-25.736 10.6599
-25.5838 10.9645
-25.4315 11.1168
-25.2792 11.4213
-25.1269 11.5736
-24.9746 11.8782
-24.8223 12.0305
-24.6701 12.335
-24.5178 12.4873
-24.3655 12.7919
-24.2132 12.9442
-24.0609 13.0964
-23.9086 13.401
-23.7563 13.5533
-23.4518 13.8579
-23.2995 14.0102
-23.1472 14.1624
-22.9949 14.3147
-22.8426 14.6193
-22.5381 14.7716
-22.3858 14.9239
-22.2335 15.0761
-21.9289 15.3807
-21.7766 15.533
-21.6244 15.6853
-21.3198 15.8376
-21.1675 15.9898
-20.8629 16.1421
-20.7107 16.2944
-20.5584 16.599
-20.2538 16.7513
-20.1015 16.9036
-19.797 17.0558
-19.4924 17.2081
-19.3401 17.3604
-19.0355 17.5127
-18.8832 17.5127
-18.5787 17.665
-18.2741 17.8173
-18.1218 17.9695
-17.8173 18.1218
-17.5127 18.1218
-17.3604 18.2741
-17.0558 18.2741
-16.7513 18.4264
-16.4467 18.4264
-16.1421 18.5787
-15.9898 18.5787
-15.6853 18.5787
-15.3807 18.5787
-15.0761 18.5787
-14.7716 18.5787
-14.467 18.5787
-14.3147 18.5787
-14.0102 18.5787
-13.7056 18.4264
-13.401 18.4264
-13.0964 18.2741
-12.7919 18.2741
-12.6396 18.1218
-12.335 17.9695
-12.0305 17.8173
-11.8782 17.665
-11.5736 17.5127
-11.269 17.3604
-11.1168 17.2081
-10.8122 17.0558
-10.6599 16.9036
-10.3553 16.7513
-10.203 16.599
-9.89848 16.4467
-9.74619 16.2944
-9.59391 16.1421
-9.28934 15.8376
-9.13706 15.6853
-8.98477 15.533
-8.83249 15.3807
-8.52792 15.2284
-8.37563 15.0761
-8.22335 14.9239
-8.07107 14.7716
-7.91878 14.6193
-7.61421 14.467
-7.46193 14.3147
-7.30964 14.1624
-7.15736 14.0102
-7.00508 13.8579
-6.85279 13.7056
-6.70051 13.5533
-6.54822 13.401
-6.24365 13.2487
-6.09137 13.2487
-5.93909 13.0964
-5.7868 12.9442
-5.63452 12.7919
-5.48223 12.6396
-5.32995 12.6396
-5.02538 12.4873
-4.8731 12.335
-4.72081 12.1827
-4.56853 12.0305
-4.41624 12.0305
-4.26396 11.8782
-3.95939 11.7259
-3.80711 11.5736
-3.65482 11.4213
-3.50254 11.4213
-3.35025 11.269
-3.04569 11.1168
-2.8934 10.9645
-2.74112 10.8122
-2.58883 10.6599
-2.28426 10.6599
-2.13198 10.5076
-1.9797 10.3553
-1.82741 10.203
-1.52284 10.0508
-1.37056 9.89848
-1.21827 9.74619
-0.913706 9.59391
-0.761421 9.44162
-0.609137 9.28934
-0.304569 9.13706
-0.152284 8.98477
0 8.83249
0.304569 8.52792
0.456853 8.37563
0.609137 8.22335
0.913706 8.07107
1.06599 7.91878
1.21827 7.61421
1.52284 7.46193
1.67513 7.15736
1.82741 7.00508
1.9797 6.85279
2.28426 6.54822
2.43655 6.39594
2.58883 6.09137
2.74112 5.7868
2.74112 5.63452
2.8934 5.32995
3.04569 5.02538
3.19797 4.72081
3.19797 4.56853
3.35025 4.26396
3.35025 3.95939
3.35025 3.65482
3.35025 3.35025
3.35025 3.19797
