2.13198 2.8934
2.43655 2.58883
2.58883 2.28426
2.74112 2.13198
2.8934 1.82741
3.04569 1.52284
3.04569 1.21827
3.19797 0.913706
3.19797 0.609137
3.35025 0.304569
3.35025 0
3.35025 -0.304569
3.35025 -0.456853
3.19797 -0.761421
3.19797 -1.06599
3.19797 -1.37056
3.04569 -1.67513
3.04569 -1.9797
2.8934 -2.13198
2.74112 -2.43655
2.74112 -2.74112
2.58883 -3.04569
2.43655 -3.19797
2.28426 -3.50254
2.13198 -3.80711
1.9797 -3.95939
1.82741 -4.26396
1.67513 -4.41624
1.52284 -4.72081
1.37056 -5.02538
1.21827 -5.17766
1.06599 -5.48223
0.913706 -5.63452
0.761421 -5.7868
0.456853 -6.09137
0.304569 -6.24365
0.152284 -6.54822
-0.152284 -6.70051
-0.304569 -6.85279
-0.456853 -7.00508
-0.761421 -7.30964
-0.913706 -7.46193
-1.06599 -7.61421
-1.37056 -7.7665
-1.52284 -7.91878
-1.82741 -8.07107
-1.9797 -8.22335
-2.28426 -8.37563
-2.58883 -8.52792
-2.74112 -8.6802
-3.04569 -8.6802
-3.19797 -8.83249
-3.50254 -8.98477
-3.80711 -9.13706
-3.95939 -9.13706
-4.26396 -9.28934
-4.56853 -9.28934
-4.72081 -9.44162
-5.02538 -9.44162
-5.32995 -9.59391
-5.48223 -9.59391
-5.7868 -9.74619
-6.09137 -9.74619
-6.24365 -9.74619
-6.54822 -9.89848
-6.85279 -9.89848
-7.00508 -9.89848
-7.30964 -9.89848
-7.61421 -10.0508
-7.7665 -10.0508
-8.07107 -10.0508
-8.37563 -10.0508
-8.52792 -10.0508
-8.83249 -10.203
-8.98477 -10.203
-9.28934 -10.203
-9.44162 -10.203
-9.74619 -10.203
-10.0508 -10.203
-10.203 -10.203
-10.5076 -10.203
-10.6599 -10.3553
-10.9645 -10.3553
-11.1168 -10.3553
-11.4213 -10.3553
-11.5736 -10.3553
-11.8782 -10.203
-12.0305 -10.203
-12.335 -10.203
-12.4873 -10.203
-12.7919 -10.203
-12.9442 -10.203
-13.2487 -10.0508
-13.401 -10.0508
-13.7056 -10.0508
-13.8579 -9.89848
-14.1624 -9.89848
-14.3147 -9.74619
-14.467 -9.74619
-14.7716 -9.59391
-14.9239 -9.59391
-15.2284 -9.44162
-15.3807 -9.28934
-15.533 -9.28934
-15.8376 -9.13706
-15.9898 -8.98477
-16.1421 -8.83249
-16.2944 -8.83249
-16.4467 -8.6802
-16.7513 -8.52792
-16.9036 -8.37563
-17.0558 -8.22335
-17.2081 -8.22335
-17.3604 -8.07107
-17.5127 -7.91878
-17.8173 -7.7665
-17.9695 -7.61421
-18.1218 -7.46193
-18.2741 -7.46193
-18.4264 -7.30964
-18.5787 -7.15736
-18.731 -7.00508
-18.8832 -7.00508
-19.0355 -6.85279
-19.3401 -6.70051
-19.4924 -6.70051
-19.6447 -6.54822
-19.797 -6.39594
-19.9492 -6.24365
-20.1015 -6.24365
-20.2538 -6.09137
-20.5584 -5.93909
-20.7107 -5.93909
-20.8629 -5.7868
-21.0152 -5.63452
-21.1675 -5.48223
-21.3198 -5.48223
-21.6244 -5.32995
-21.7766 -5.17766
-21.9289 -5.02538
-22.0812 -4.8731
-22.2335 -4.8731
-22.3858 -4.72081
-22.6904 -4.56853
-22.8426 -4.41624
-22.9949 -4.26396
-23.1472 -4.11168
-23.2995 -3.95939
-23.4518 -3.80711
-23.6041 -3.65482
-23.7563 -3.50254
-23.9086 -3.35025
-24.0609 -3.19797
-24.2132 -2.8934
-24.3655 -2.74112
-24.5178 -2.58883
-24.6701 -2.43655
-24.8223 -2.28426
-24.9746 -1.9797
-25.1269 -1.82741
-25.2792 -1.67513
-25.4315 -1.37056
-25.4315 -1.21827
-25.5838 -1.06599
-25.736 -0.761421
-25.8883 -0.609137
-25.8883 -0.456853
-26.0406 -0.152284
-26.1929 0
-26.1929 0.304569
-26.3452 0.456853
-26.3452 0.761421
-26.4975 0.913706
-26.4975 1.21827
-26.6497 1.37056
-26.6497 1.67513
-26.802 1.9797
-26.802 2.13198
-26.802 2.43655
-26.9543 2.58883
-26.9543 2.8934
-26.9543 3.19797
-26.9543 3.35025
-26.9543 3.65482
-26.9543 3.95939
-26.9543 4.11168
-26.9543 4.41624
-26.9543 4.56853
-26.9543 4.8731
-26.9543 5.17766
-26.9543 5.32995
-26.9543 5.63452
-26.9543 5.93909
-26.802 6.09137
-26.802 6.39594
-26.802 6.70051
-26.6497 6.85279
-26.6497 7.15736
-26.4975 7.30964
-26.4975 7.61421
-26.3452 7.7665
-26.1929 8.07107
-26.1929 8.37563
-26.0406 8.52792
-25.8883 8.83249
-25.8883 8.98477
-25.736 9.13706
-25.5838 9.44162
-25.4315 9.59391
-25.2792 9.89848
-25.1269 10.0508
-25.1269 10.203
-24.9746 10.5076
-24.8223 10.6599
-24.6701 10.8122
-24.5178 11.1168
-24.3655 11.269
-24.2132 11.4213
-24.0609 11.7259
-23.7563 11.8782
-23.6041 12.0305
-23.4518 12.1827
-23.2995 12.335
-23.1472 12.4873
-22.9949 12.7919
-22.8426 12.9442
-22.5381 13.0964
-22.3858 13.2487
-22.2335 13.401
-22.0812 13.5533
-21.7766 13.7056
-21.6244 13.8579
-21.4721 14.0102
-21.1675 14.1624
-21.0152 14.3147
-20.8629 14.467
-20.5584 14.467
-20.4061 14.6193
-20.2538 14.7716
-19.9492 14.9239
-19.797 15.0761
-19.6447 15.2284
-19.3401 15.2284
-19.1878 15.3807
-18.8832 15.533
-18.731 15.6853
-18.4264 15.6853
-18.2741 15.8376
-18.1218 15.9898
-17.8173 15.9898
-17.665 16.1421
-17.3604 16.2944
-17.2081 16.2944
-16.9036 16.4467
-16.599 16.4467
-16.4467 16.599
-16.1421 16.599
-15.9898 16.599
-15.6853 16.7513
-15.533 16.7513
-15.2284 16.7513
-14.9239 16.7513
-14.7716 16.9036
-14.467 16.9036
-14.3147 16.9036
-14.0102 16.9036
-13.7056 16.9036
-13.5533 16.9036
-13.2487 16.7513
-12.9442 16.7513
-12.7919 16.7513
-12.4873 16.7513
-12.335 16.599
-12.0305 16.599
-11.8782 16.599
-11.5736 16.4467
-11.4213 16.4467
-11.1168 16.2944
-10.9645 16.2944
-10.6599 16.1421
-10.5076 16.1421
-10.203 15.9898
-10.0508 15.9898
-9.74619 15.8376
-9.59391 15.6853
-9.28934 15.533
-9.13706 15.533
-8.98477 15.3807
-8.6802 15.2284
-8.52792 15.0761
-8.37563 15.0761
-8.22335 14.9239
-7.91878 14.7716
-7.7665 14.6193
-7.61421 14.467
-7.46193 14.467
-7.15736 14.3147
-7.00508 14.1624
-6.85279 14.0102
-6.70051 13.8579
-6.54822 13.7056
-6.39594 13.5533
-6.09137 13.401
-5.93909 13.401
-5.7868 13.2487
-5.63452 13.0964
-5.48223 12.9442
-5.32995 12.7919
-5.17766 12.6396
-5.02538 12.4873
-4.8731 12.335
-4.56853 12.1827
-4.41624 12.0305
-4.26396 12.0305
-4.11168 11.8782
-3.95939 11.7259
-3.80711 11.5736
-3.65482 11.4213
-3.50254 11.269
-3.35025 11.1168
-3.04569 10.9645
-2.8934 10.8122
-2.74112 10.6599
-2.58883 10.5076
-2.43655 10.3553
-2.28426 10.203
-2.13198 10.0508
-1.9797 9.89848
-1.67513 9.74619
-1.52284 9.59391
-1.37056 9.44162
-1.21827 9.28934
-1.06599 9.13706
-0.913706 8.98477
-0.761421 8.83249
-0.456853 8.52792
-0.304569 8.37563
-0.152284 8.22335
0 8.07107
0.152284 7.91878
0.304569 7.61421
0.456853 7.46193
0.609137 7.30964
0.761421 7.00508
0.913706 6.85279
1.06599 6.54822
1.21827 6.39594
1.37056 6.09137
1.52284 5.93909
1.52284 5.63452
1.67513 5.48223
1.82741 5.17766
1.82741 4.8731
1.9797 4.72081
1.9797 4.41624
2.13198 4.26396
2.13198 3.95939
2.13198 3.65482
2.13198 3.35025
2.13198 3.19797
