2.58883 2.43655
2.74112 2.13198
2.74112 1.9797
2.8934 1.67513
3.04569 1.37056
3.04569 1.06599
3.19797 0.761421
3.19797 0.609137
3.35025 0.304569
3.35025 0
3.35025 -0.304569
3.35025 -0.609137
3.35025 -0.913706
3.19797 -1.06599
3.19797 -1.37056
3.19797 -1.67513
3.04569 -1.9797
3.04569 -2.13198
2.8934 -2.43655
2.8934 -2.74112
2.74112 -3.04569
2.58883 -3.19797
2.58883 -3.50254
2.43655 -3.80711
2.28426 -3.95939
2.13198 -4.26396
1.9797 -4.41624
1.82741 -4.72081
1.67513 -4.8731
1.52284 -5.17766
1.37056 -5.32995
1.21827 -5.63452
1.06599 -5.7868
0.913706 -5.93909
0.761421 -6.24365
0.456853 -6.39594
0.304569 -6.54822
0.152284 -6.85279
0 -7.00508
-0.304569 -7.15736
-0.456853 -7.30964
-0.761421 -7.46193
-0.913706 -7.61421
-1.06599 -7.91878
-1.37056 -8.07107
-1.52284 -8.22335
-1.82741 -8.37563
-1.9797 -8.37563
-2.28426 -8.52792
-2.43655 -8.6802
-2.74112 -8.83249
-2.8934 -8.98477
-3.19797 -9.13706
-3.35025 -9.13706
-3.65482 -9.28934
-3.80711 -9.44162
-4.11168 -9.44162
-4.41624 -9.59391
-4.56853 -9.59391
-4.8731 -9.74619
-5.02538 -9.74619
-5.32995 -9.89848
-5.63452 -9.89848
-5.7868 -10.0508
-6.09137 -10.0508
-6.24365 -10.0508
-6.54822 -10.203
-6.85279 -10.203
-7.00508 -10.203
-7.30964 -10.203
-7.46193 -10.3553
-7.7665 -10.3553
-7.91878 -10.3553
-8.22335 -10.3553
-8.52792 -10.3553
-8.6802 -10.3553
-8.98477 -10.3553
-9.13706 -10.3553
-9.44162 -10.3553
-9.59391 -10.3553
-9.89848 -10.3553
-10.0508 -10.3553
-10.3553 -10.3553
-10.5076 -10.3553
-10.8122 -10.3553
-10.9645 -10.3553
-11.269 -10.3553
-11.4213 -10.3553
-11.7259 -10.3553
-11.8782 -10.203
-12.1827 -10.203
-12.335 -10.203
-12.6396 -10.203
-12.7919 -10.0508
-12.9442 -10.0508
-13.2487 -9.89848
-13.401 -9.89848
-13.7056 -9.89848
-13.8579 -9.74619
-14.0102 -9.74619
-14.3147 -9.59391
-14.467 -9.59391
-14.6193 -9.44162
-14.9239 -9.44162
-15.0761 -9.28934
-15.2284 -9.28934
-15.3807 -9.13706
-15.6853 -9.13706
-15.8376 -8.98477
-15.9898 -8.83249
-16.1421 -8.83249
-16.4467 -8.6802
-16.599 -8.52792
-16.7513 -8.52792
-16.9036 -8.37563
-17.0558 -8.22335
-17.3604 -8.22335
-17.5127 -8.07107
-17.665 -7.91878
-17.8173 -7.91878
-17.9695 -7.7665
-18.2741 -7.61421
-18.4264 -7.61421
-18.5787 -7.46193
-18.731 -7.30964
-18.8832 -7.30964
-19.0355 -7.15736
-19.1878 -7.00508
-19.4924 -6.85279
-19.6447 -6.85279
-19.797 -6.70051
-19.9492 -6.54822
-20.1015 -6.39594
-20.2538 -6.39594
-20.5584 -6.24365
-20.7107 -6.09137
-20.8629 -5.93909
-21.0152 -5.7868
-21.1675 -5.7868
-21.3198 -5.63452
-21.4721 -5.48223
-21.6244 -5.32995
-21.9289 -5.17766
-22.0812 -5.02538
-22.2335 -4.8731
-22.3858 -4.72081
-22.5381 -4.56853
-22.6904 -4.41624
-22.8426 -4.26396
-22.9949 -4.11168
-23.1472 -3.95939
-23.2995 -3.80711
-23.4518 -3.65482
-23.6041 -3.35025
-23.7563 -3.19797
-23.9086 -3.04569
-24.0609 -2.8934
-24.2132 -2.74112
-24.3655 -2.43655
-24.5178 -2.28426
-24.6701 -2.13198
-24.8223 -1.9797
-24.8223 -1.67513
-24.9746 -1.52284
-25.1269 -1.37056
-25.2792 -1.06599
-25.4315 -0.913706
-25.5838 -0.609137
-25.5838 -0.456853
-25.736 -0.152284
-25.8883 0
-26.0406 0.304569
-26.0406 0.456853
-26.1929 0.761421
-26.3452 0.913706
-26.3452 1.21827
-26.4975 1.37056
-26.4975 1.67513
-26.6497 1.9797
-26.802 2.13198
-26.802 2.43655
-26.802 2.74112
-26.9543 2.8934
-26.9543 3.19797
-26.9543 3.50254
-27.1066 3.80711
-27.1066 3.95939
-27.1066 4.26396
-27.1066 4.56853
-27.1066 4.8731
-27.1066 5.02538
-27.1066 5.32995
-27.1066 5.63452
-26.9543 5.93909
-26.9543 6.09137
-26.9543 6.39594
-26.802 6.70051
-26.802 6.85279
-26.6497 7.15736
-26.6497 7.46193
-26.4975 7.61421
-26.3452 7.91878
-26.3452 8.22335
-26.1929 8.37563
-26.0406 8.6802
-25.8883 8.83249
-25.736 9.13706
-25.736 9.28934
-25.5838 9.59391
-25.4315 9.74619
-25.2792 10.0508
-25.1269 10.203
-24.9746 10.3553
-24.6701 10.6599
-24.5178 10.8122
-24.3655 10.9645
-24.2132 11.269
-24.0609 11.4213
-23.9086 11.5736
-23.7563 11.7259
-23.4518 12.0305
-23.2995 12.1827
-23.1472 12.335
-22.9949 12.4873
-22.6904 12.6396
-22.5381 12.7919
-22.3858 12.9442
-22.0812 13.2487
-21.9289 13.401
-21.7766 13.5533
-21.6244 13.7056
-21.3198 13.8579
-21.1675 14.0102
-20.8629 14.1624
-20.7107 14.3147
-20.5584 14.3147
-20.2538 14.467
-20.1015 14.6193
-19.797 14.7716
-19.6447 14.9239
-19.4924 15.0761
-19.1878 15.2284
-19.0355 15.3807
-18.731 15.3807
-18.5787 15.533
-18.2741 15.6853
-18.1218 15.8376
-17.8173 15.8376
-17.665 15.9898
-17.3604 16.1421
-17.2081 16.1421
-16.9036 16.2944
-16.599 16.2944
-16.4467 16.4467
-16.1421 16.4467
-15.9898 16.599
-15.6853 16.599
-15.3807 16.7513
-15.2284 16.7513
-14.9239 16.7513
-14.6193 16.7513
-14.467 16.9036
-14.1624 16.9036
-13.8579 16.9036
-13.7056 16.9036
-13.401 16.9036
-13.0964 16.7513
-12.9442 16.7513
-12.6396 16.7513
-12.335 16.7513
-12.1827 16.599
-11.8782 16.599
-11.5736 16.599
-11.4213 16.4467
-11.1168 16.4467
-10.9645 16.2944
-10.6599 16.1421
-10.5076 16.1421
-10.203 15.9898
-10.0508 15.8376
-9.74619 15.8376
-9.59391 15.6853
-9.28934 15.533
-9.13706 15.3807
-8.98477 15.3807
-8.6802 15.2284
-8.52792 15.0761
-8.37563 14.9239
-8.07107 14.7716
-7.91878 14.6193
-7.7665 14.6193
-7.46193 14.467
-7.30964 14.3147
-7.15736 14.1624
-7.00508 14.0102
-6.85279 13.8579
-6.54822 13.7056
-6.39594 13.5533
-6.24365 13.401
-6.09137 13.2487
-5.93909 13.2487
-5.7868 13.0964
-5.63452 12.9442
-5.48223 12.7919
-5.17766 12.6396
-5.02538 12.4873
-4.8731 12.335
-4.72081 12.1827
-4.56853 12.1827
-4.41624 12.0305
-4.26396 11.8782
-4.11168 11.7259
-3.80711 11.5736
-3.65482 11.4213
-3.50254 11.269
-3.35025 11.269
-3.19797 11.1168
-3.04569 10.9645
-2.74112 10.8122
-2.58883 10.6599
-2.43655 10.5076
-2.28426 10.3553
-2.13198 10.3553
-1.82741 10.203
-1.67513 10.0508
-1.52284 9.89848
-1.37056 9.74619
-1.21827 9.59391
-0.913706 9.44162
-0.761421 9.28934
-0.609137 9.13706
-0.456853 8.83249
-0.304569 8.6802
-0.152284 8.52792
0 8.37563
0.152284 8.22335
0.304569 7.91878
0.456853 7.7665
0.609137 7.61421
0.761421 7.46193
0.913706 7.15736
1.06599 7.00508
1.21827 6.70051
1.37056 6.54822
1.37056 6.24365
1.52284 6.09137
1.67513 5.7868
1.67513 5.63452
1.82741 5.32995
1.9797 5.17766
1.9797 4.8731
2.13198 4.72081
2.13198 4.41624
2.13198 4.26396
2.28426 3.95939
2.28426 3.65482
2.43655 3.50254
2.43655 3.19797
2.43655 2.8934
2.43655 2.74112
