3.35025 3.95939
3.35025 3.80711
3.35025 3.50254
3.35025 3.19797
3.35025 2.8934
3.35025 2.74112
3.35025 2.43655
3.35025 2.13198
3.35025 1.82741
3.35025 1.52284
3.35025 1.37056
3.35025 1.06599
3.35025 0.761421
3.35025 0.456853
3.35025 0.152284
3.35025 -0.152284
3.35025 -0.304569
3.19797 -0.609137
3.19797 -0.913706
3.19797 -1.21827
3.19797 -1.52284
3.19797 -1.82741
3.04569 -2.13198
3.04569 -2.28426
3.04569 -2.58883
2.8934 -2.8934
2.74112 -3.19797
2.74112 -3.50254
2.58883 -3.80711
2.43655 -3.95939
2.43655 -4.26396
2.28426 -4.56853
2.13198 -4.72081
1.9797 -5.02538
1.82741 -5.17766
1.67513 -5.48223
1.37056 -5.7868
1.21827 -5.93909
1.06599 -6.09137
0.913706 -6.39594
0.609137 -6.54822
0.456853 -6.70051
0.304569 -7.00508
0 -7.15736
-0.152284 -7.30964
-0.456853 -7.46193
-0.761421 -7.61421
-0.913706 -7.7665
-1.21827 -7.91878
-1.37056 -8.07107
-1.67513 -8.22335
-1.9797 -8.37563
-2.28426 -8.37563
-2.43655 -8.52792
-2.74112 -8.6802
-3.04569 -8.6802
-3.35025 -8.83249
-3.65482 -8.83249
-3.80711 -8.98477
-4.11168 -8.98477
-4.41624 -8.98477
-4.72081 -9.13706
-4.8731 -9.13706
-5.17766 -9.13706
-5.48223 -9.28934
-5.7868 -9.28934
-5.93909 -9.28934
-6.24365 -9.44162
-6.54822 -9.44162
-6.70051 -9.44162
-7.00508 -9.44162
-7.30964 -9.59391
-7.46193 -9.59391
-7.7665 -9.59391
-8.07107 -9.59391
-8.22335 -9.74619
-8.52792 -9.74619
-8.6802 -9.74619
-8.98477 -9.89848
-9.28934 -9.89848
-9.44162 -9.89848
-9.74619 -9.89848
-9.89848 -10.0508
-10.203 -10.0508
-10.5076 -10.0508
-10.6599 -10.0508
-10.9645 -10.203
-11.269 -10.203
-11.4213 -10.203
-11.7259 -10.203
-11.8782 -10.203
-12.1827 -10.203
-12.4873 -10.203
-12.6396 -10.0508
-12.9442 -10.0508
-13.0964 -10.0508
-13.401 -9.89848
-13.7056 -9.89848
-13.8579 -9.74619
-14.1624 -9.74619
-14.3147 -9.59391
-14.6193 -9.44162
-14.7716 -9.44162
-14.9239 -9.28934
-15.2284 -9.13706
-15.3807 -8.98477
-15.6853 -8.83249
-15.8376 -8.6802
-15.9898 -8.52792
-16.1421 -8.37563
-16.4467 -8.22335
-16.599 -8.07107
-16.7513 -7.91878
-16.9036 -7.7665
-17.0558 -7.61421
-17.2081 -7.46193
-17.3604 -7.30964
-17.665 -7.15736
-17.8173 -7.00508
-17.9695 -6.85279
-18.1218 -6.70051
-18.2741 -6.54822
-18.4264 -6.39594
-18.5787 -6.24365
-18.731 -6.09137
-18.8832 -5.93909
-19.0355 -5.7868
-19.1878 -5.63452
-19.3401 -5.48223
-19.4924 -5.48223
-19.797 -5.32995
-19.9492 -5.17766
-20.1015 -5.02538
-20.2538 -4.8731
-20.4061 -4.72081
-20.5584 -4.56853
-20.7107 -4.56853
-20.8629 -4.41624
-21.0152 -4.26396
-21.1675 -4.11168
-21.4721 -3.95939
-21.6244 -3.80711
-21.7766 -3.65482
-21.9289 -3.50254
-22.0812 -3.35025
-22.2335 -3.19797
-22.3858 -3.04569
-22.5381 -2.8934
-22.6904 -2.74112
-22.8426 -2.58883
-22.9949 -2.28426
-23.1472 -2.13198
-23.2995 -1.9797
-23.4518 -1.82741
-23.4518 -1.67513
-23.6041 -1.52284
-23.7563 -1.21827
-23.9086 -1.06599
-24.0609 -0.913706
-24.2132 -0.761421
-24.3655 -0.456853
-24.5178 -0.304569
-24.5178 -0.152284
-24.6701 0.152284
-24.8223 0.304569
-24.9746 0.456853
-25.1269 0.761421
-25.2792 0.913706
-25.2792 1.21827
-25.4315 1.37056
-25.5838 1.52284
-25.736 1.82741
-25.8883 1.9797
-26.0406 2.28426
-26.0406 2.58883
-26.1929 2.74112
-26.3452 3.04569
-26.4975 3.19797
-26.4975 3.50254
-26.6497 3.80711
-26.802 3.95939
-26.802 4.26396
-26.9543 4.56853
-26.9543 4.72081
-27.1066 5.02538
-27.1066 5.32995
-27.1066 5.63452
-27.1066 5.93909
-27.2589 6.09137
-27.2589 6.39594
-27.2589 6.70051
-27.2589 7.00508
-27.2589 7.30964
-27.1066 7.46193
-27.1066 7.7665
-27.1066 8.07107
-26.9543 8.37563
-26.9543 8.52792
-26.802 8.83249
-26.802 9.13706
-26.6497 9.44162
-26.6497 9.59391
-26.4975 9.89848
-26.3452 10.0508
-26.1929 10.3553
-26.0406 10.6599
-26.0406 10.8122
-25.8883 11.1168
-25.736 11.269
-25.5838 11.5736
-25.4315 11.8782
-25.2792 12.0305
-25.1269 12.335
-25.1269 12.4873
-24.9746 12.7919
-24.8223 12.9442
-24.6701 13.2487
-24.5178 13.5533
-24.3655 13.7056
-24.2132 14.0102
-24.0609 14.1624
-24.0609 14.467
-23.9086 14.7716
-23.7563 14.9239
-23.6041 15.2284
-23.4518 15.533
-23.2995 15.6853
-23.1472 15.9898
-22.9949 16.2944
-22.8426 16.4467
-22.6904 16.7513
-22.3858 16.9036
-22.2335 17.2081
-22.0812 17.5127
-21.9289 17.665
-21.6244 17.8173
-21.4721 18.1218
-21.1675 18.2741
-21.0152 18.4264
-20.7107 18.5787
-20.4061 18.731
-20.2538 18.8832
-19.9492 19.0355
-19.6447 19.1878
-19.3401 19.3401
-19.1878 19.3401
-18.8832 19.4924
-18.5787 19.4924
-18.2741 19.6447
-17.9695 19.6447
-17.665 19.6447
-17.3604 19.6447
-17.0558 19.6447
-16.7513 19.6447
-16.4467 19.6447
-16.1421 19.6447
-15.8376 19.6447
-15.533 19.4924
-15.2284 19.4924
-14.9239 19.3401
-14.6193 19.3401
-14.3147 19.1878
-14.0102 19.1878
-13.7056 19.0355
-13.5533 18.8832
-13.2487 18.731
-12.9442 18.5787
-12.6396 18.4264
-12.4873 18.2741
-12.1827 18.1218
-11.8782 17.9695
-11.7259 17.8173
-11.4213 17.665
-11.269 17.5127
-10.9645 17.3604
-10.8122 17.2081
-10.5076 17.0558
-10.3553 16.7513
-10.203 16.599
-9.89848 16.4467
-9.74619 16.2944
-9.59391 16.1421
-9.44162 15.9898
-9.28934 15.8376
-8.98477 15.6853
-8.83249 15.3807
-8.6802 15.2284
-8.52792 15.0761
-8.37563 14.9239
-8.22335 14.9239
-8.07107 14.7716
-7.91878 14.6193
-7.7665 14.467
-7.61421 14.3147
-7.46193 14.1624
-7.15736 14.1624
-7.00508 14.0102
-6.85279 13.8579
-6.70051 13.7056
-6.54822 13.7056
-6.39594 13.5533
-6.24365 13.401
-6.09137 13.401
-5.93909 13.2487
-5.7868 13.0964
-5.63452 13.0964
-5.48223 12.9442
-5.32995 12.7919
-5.17766 12.7919
-4.8731 12.6396
-4.72081 12.4873
-4.56853 12.4873
-4.41624 12.335
-4.26396 12.1827
-4.11168 12.0305
-3.95939 12.0305
-3.80711 11.8782
-3.65482 11.7259
-3.50254 11.5736
-3.35025 11.4213
-3.19797 11.4213
-3.04569 11.269
-2.8934 11.1168
-2.74112 10.9645
-2.58883 10.8122
-2.43655 10.6599
-2.13198 10.5076
-1.9797 10.5076
-1.82741 10.3553
-1.67513 10.203
-1.52284 10.0508
-1.37056 9.89848
-1.06599 9.74619
-0.913706 9.59391
-0.761421 9.44162
-0.456853 9.28934
-0.304569 9.13706
0 8.98477
0.152284 8.83249
0.456853 8.6802
0.609137 8.52792
0.913706 8.37563
1.06599 8.22335
1.37056 8.07107
1.52284 7.91878
1.82741 7.61421
1.9797 7.46193
2.13198 7.30964
2.43655 7.00508
2.58883 6.85279
2.74112 6.54822
2.8934 6.39594
3.04569 6.09137
3.19797 5.7868
3.19797 5.63452
3.35025 5.32995
3.35025 5.02538
3.35025 4.8731
3.35025 4.56853
3.35025 4.26396
