3.04569 3.04569
3.19797 2.74112
3.19797 2.43655
3.19797 2.28426
3.19797 1.9797
3.19797 1.67513
3.19797 1.37056
3.19797 1.21827
3.35025 0.913706
3.35025 0.609137
3.35025 0.304569
3.35025 0.152284
3.35025 -0.152284
3.19797 -0.456853
3.19797 -0.761421
3.19797 -1.06599
3.19797 -1.21827
3.19797 -1.52284
3.04569 -1.82741
3.04569 -2.13198
3.04569 -2.43655
2.8934 -2.58883
2.8934 -2.8934
2.74112 -3.19797
2.74112 -3.50254
2.58883 -3.65482
2.43655 -3.95939
2.28426 -4.26396
2.28426 -4.41624
2.13198 -4.72081
1.9797 -4.8731
1.82741 -5.17766
1.67513 -5.32995
1.52284 -5.63452
1.37056 -5.7868
1.06599 -6.09137
0.913706 -6.24365
0.761421 -6.39594
0.609137 -6.70051
0.304569 -6.85279
0.152284 -7.00508
-0.152284 -7.15736
-0.304569 -7.30964
-0.609137 -7.46193
-0.761421 -7.61421
-1.06599 -7.7665
-1.21827 -7.91878
-1.52284 -8.07107
-1.67513 -8.22335
-1.9797 -8.37563
-2.28426 -8.37563
-2.43655 -8.52792
-2.74112 -8.6802
-3.04569 -8.6802
-3.19797 -8.83249
-3.50254 -8.83249
-3.80711 -8.98477
-3.95939 -8.98477
-4.26396 -8.98477
-4.56853 -9.13706
-4.72081 -9.13706
-5.02538 -9.28934
-5.32995 -9.28934
-5.48223 -9.28934
-5.7868 -9.28934
-6.09137 -9.44162
-6.24365 -9.44162
-6.54822 -9.44162
-6.70051 -9.44162
-7.00508 -9.59391
-7.15736 -9.59391
-7.46193 -9.59391
-7.7665 -9.59391
-7.91878 -9.74619
-8.22335 -9.74619
-8.37563 -9.74619
-8.6802 -9.89848
-8.83249 -9.89848
-9.13706 -9.89848
-9.28934 -9.89848
-9.44162 -10.0508
-9.74619 -10.0508
-9.89848 -10.0508
-10.203 -10.0508
-10.3553 -10.203
-10.6599 -10.203
-10.9645 -10.203
-11.1168 -10.203
-11.4213 -10.203
-11.5736 -10.203
-11.8782 -10.203
-12.0305 -10.203
-12.335 -10.203
-12.4873 -10.203
-12.7919 -10.203
-12.9442 -10.0508
-13.2487 -10.0508
-13.401 -10.0508
-13.7056 -9.89848
-13.8579 -9.89848
-14.0102 -9.74619
-14.3147 -9.59391
-14.467 -9.59391
-14.6193 -9.44162
-14.9239 -9.28934
-15.0761 -9.13706
-15.2284 -8.98477
-15.533 -8.98477
-15.6853 -8.83249
-15.8376 -8.6802
-15.9898 -8.52792
-16.1421 -8.37563
-16.2944 -8.22335
-16.4467 -8.07107
-16.7513 -7.91878
-16.9036 -7.7665
-17.0558 -7.61421
-17.2081 -7.46193
-17.3604 -7.30964
-17.5127 -7.15736
-17.665 -7.00508
-17.8173 -7.00508
-17.9695 -6.85279
-18.1218 -6.70051
-18.2741 -6.54822
-18.4264 -6.39594
-18.5787 -6.24365
-18.731 -6.24365
-18.8832 -6.09137
-19.0355 -5.93909
-19.1878 -5.7868
-19.3401 -5.63452
-19.4924 -5.63452
-19.6447 -5.48223
-19.9492 -5.32995
-20.1015 -5.17766
-20.2538 -5.02538
-20.4061 -5.02538
-20.5584 -4.8731
-20.7107 -4.72081
-20.8629 -4.56853
-21.0152 -4.41624
-21.1675 -4.26396
-21.3198 -4.11168
-21.4721 -3.95939
-21.6244 -3.80711
-21.7766 -3.65482
-21.9289 -3.50254
-21.9289 -3.35025
-22.0812 -3.19797
-22.2335 -3.04569
-22.3858 -2.8934
-22.5381 -2.74112
-22.6904 -2.43655
-22.8426 -2.28426
-22.8426 -2.13198
-22.9949 -1.9797
-23.1472 -1.82741
-23.2995 -1.67513
-23.4518 -1.37056
-23.4518 -1.21827
-23.6041 -1.06599
-23.7563 -0.913706
-23.9086 -0.609137
-24.0609 -0.456853
-24.2132 -0.304569
-24.3655 -0.152284
-24.3655 0.152284
-24.5178 0.304569
-24.6701 0.456853
-24.8223 0.761421
-24.9746 0.913706
-25.1269 1.06599
-25.2792 1.37056
-25.4315 1.52284
-25.5838 1.82741
-25.736 1.9797
-25.8883 2.28426
-26.0406 2.58883
-26.1929 2.74112
-26.3452 3.04569
-26.4975 3.19797
-26.4975 3.50254
-26.6497 3.80711
-26.802 4.11168
-26.802 4.26396
-26.9543 4.56853
-26.9543 4.8731
-27.1066 5.17766
-27.1066 5.48223
-27.1066 5.7868
-27.1066 5.93909
-27.1066 6.24365
-27.1066 6.54822
-27.1066 6.85279
-26.9543 7.15736
-26.9543 7.30964
-26.802 7.61421
-26.802 7.91878
-26.6497 8.07107
-26.4975 8.37563
-26.3452 8.6802
-26.3452 8.83249
-26.1929 9.13706
-26.0406 9.28934
-25.8883 9.59391
-25.736 9.74619
-25.4315 10.0508
-25.2792 10.203
-25.1269 10.3553
-24.9746 10.6599
-24.8223 10.8122
-24.5178 10.9645
-24.3655 11.1168
-24.2132 11.4213
-24.0609 11.5736
-23.7563 11.7259
-23.6041 11.8782
-23.4518 12.0305
-23.1472 12.1827
-22.9949 12.335
-22.8426 12.6396
-22.5381 12.7919
-22.3858 12.9442
-22.2335 13.0964
-21.9289 13.2487
-21.7766 13.401
-21.6244 13.5533
-21.3198 13.7056
-21.1675 13.8579
-21.0152 13.8579
-20.7107 14.0102
-20.5584 14.1624
-20.2538 14.3147
-20.1015 14.467
-19.9492 14.467
-19.6447 14.6193
-19.4924 14.7716
-19.1878 14.7716
-19.0355 14.9239
-18.731 15.0761
-18.4264 15.0761
-18.2741 15.0761
-17.9695 15.2284
-17.8173 15.2284
-17.5127 15.3807
-17.3604 15.3807
-17.0558 15.3807
-16.9036 15.3807
-16.599 15.533
-16.2944 15.533
-16.1421 15.533
-15.8376 15.533
-15.6853 15.533
-15.3807 15.533
-15.2284 15.533
-14.9239 15.533
-14.7716 15.533
-14.467 15.533
-14.3147 15.533
-14.0102 15.533
-13.8579 15.533
-13.5533 15.533
-13.401 15.533
-13.0964 15.3807
-12.9442 15.3807
-12.6396 15.3807
-12.4873 15.3807
-12.1827 15.3807
-12.0305 15.3807
-11.8782 15.3807
-11.5736 15.3807
-11.4213 15.2284
-11.1168 15.2284
-10.9645 15.2284
-10.8122 15.2284
-10.5076 15.2284
-10.3553 15.0761
-10.0508 15.0761
-9.89848 15.0761
-9.74619 15.0761
-9.44162 14.9239
-9.28934 14.9239
-9.13706 14.7716
-8.83249 14.7716
-8.6802 14.7716
-8.52792 14.6193
-8.22335 14.6193
-8.07107 14.467
-7.91878 14.3147
-7.7665 14.3147
-7.46193 14.1624
-7.30964 14.0102
-7.15736 14.0102
-7.00508 13.8579
-6.85279 13.7056
-6.70051 13.5533
-6.39594 13.5533
-6.24365 13.401
-6.09137 13.2487
-5.93909 13.0964
-5.7868 13.0964
-5.63452 12.9442
-5.48223 12.7919
-5.32995 12.6396
-5.17766 12.4873
-5.02538 12.4873
-4.8731 12.335
-4.72081 12.1827
-4.41624 12.0305
-4.26396 11.8782
-4.11168 11.8782
-3.95939 11.7259
-3.80711 11.5736
-3.65482 11.5736
-3.50254 11.4213
-3.19797 11.269
-3.04569 11.1168
-2.8934 11.1168
-2.58883 10.9645
-2.43655 10.8122
-2.28426 10.8122
-2.13198 10.6599
-1.82741 10.5076
-1.67513 10.3553
-1.52284 10.203
-1.21827 10.203
-1.06599 10.0508
-0.913706 9.89848
-0.609137 9.74619
-0.456853 9.59391
-0.304569 9.44162
0 9.28934
0.152284 9.13706
0.304569 8.98477
0.456853 8.83249
0.761421 8.52792
0.913706 8.37563
1.06599 8.22335
1.21827 8.07107
1.37056 7.7665
1.52284 7.61421
1.67513 7.46193
1.82741 7.15736
1.9797 7.00508
2.13198 6.70051
2.28426 6.54822
2.43655 6.24365
2.43655 6.09137
2.58883 5.7868
2.74112 5.63452
2.74112 5.32995
2.8934 5.02538
2.8934 4.8731
3.04569 4.56853
3.04569 4.26396
3.19797 4.11168
3.19797 3.80711
3.19797 3.50254
3.19797 3.35025
