3.35025 1.52284
3.50254 1.37056
3.65482 1.06599
3.80711 0.761421
3.95939 0.456853
4.11168 0.152284
4.26396 -0.152284
4.41624 -0.456853
4.56853 -0.609137
4.72081 -0.913706
4.72081 -1.37056
4.8731 -1.67513
5.02538 -1.9797
5.02538 -2.28426
5.17766 -2.58883
5.17766 -2.8934
5.32995 -3.19797
5.32995 -3.50254
5.32995 -3.95939
5.32995 -4.26396
5.17766 -4.56853
5.17766 -4.8731
5.17766 -5.17766
5.02538 -5.48223
4.8731 -5.7868
4.72081 -5.93909
4.56853 -6.24365
4.41624 -6.54822
4.11168 -6.70051
3.95939 -7.00508
3.65482 -7.15736
3.35025 -7.46193
3.19797 -7.61421
2.8934 -7.7665
2.58883 -7.91878
2.28426 -8.07107
1.9797 -8.22335
1.67513 -8.37563
1.37056 -8.52792
1.06599 -8.52792
0.609137 -8.6802
0.304569 -8.6802
0 -8.83249
-0.304569 -8.83249
-0.609137 -8.98477
-0.913706 -8.98477
-1.21827 -9.13706
-1.52284 -9.13706
-1.82741 -9.28934
-2.13198 -9.28934
-2.28426 -9.28934
-2.58883 -9.44162
-2.8934 -9.44162
-3.19797 -9.59391
-3.35025 -9.59391
-3.65482 -9.74619
-3.80711 -9.74619
-4.11168 -9.74619
-4.41624 -9.89848
-4.56853 -9.89848
-4.8731 -10.0508
-5.02538 -10.0508
-5.32995 -10.203
-5.48223 -10.203
-5.7868 -10.3553
-5.93909 -10.3553
-6.24365 -10.3553
-6.39594 -10.5076
-6.54822 -10.5076
-6.85279 -10.6599
-7.00508 -10.6599
-7.30964 -10.6599
-7.46193 -10.8122
-7.7665 -10.8122
-7.91878 -10.8122
-8.22335 -10.8122
-8.37563 -10.8122
-8.6802 -10.9645
-8.83249 -10.9645
-9.13706 -10.9645
-9.28934 -10.9645
-9.59391 -10.9645
-9.74619 -10.9645
-10.0508 -10.9645
-10.203 -10.9645
-10.3553 -10.9645
-10.6599 -10.9645
-10.8122 -10.8122
-11.1168 -10.8122
-11.269 -10.8122
-11.5736 -10.8122
-11.7259 -10.8122
-11.8782 -10.6599
-12.1827 -10.6599
-12.335 -10.6599
-12.6396 -10.6599
-12.7919 -10.5076
-12.9442 -10.5076
-13.2487 -10.3553
-13.401 -10.3553
-13.5533 -10.3553
-13.8579 -10.203
-14.0102 -10.203
-14.1624 -10.0508
-14.467 -10.0508
-14.6193 -9.89848
-14.7716 -9.89848
-14.9239 -9.74619
-15.2284 -9.74619
-15.3807 -9.59391
-15.533 -9.59391
-15.6853 -9.44162
-15.9898 -9.44162
-16.1421 -9.28934
-16.2944 -9.28934
-16.4467 -9.13706
-16.7513 -8.98477
-16.9036 -8.98477
-17.0558 -8.83249
-17.2081 -8.83249
-17.5127 -8.6802
-17.665 -8.6802
-17.8173 -8.52792
-17.9695 -8.37563
-18.2741 -8.37563
-18.4264 -8.22335
-18.5787 -8.22335
-18.731 -8.07107
-19.0355 -7.91878
-19.1878 -7.91878
-19.3401 -7.7665
-19.4924 -7.61421
-19.797 -7.61421
-19.9492 -7.46193
-20.1015 -7.30964
-20.2538 -7.15736
-20.5584 -7.15736
-20.7107 -7.00508
-20.8629 -6.85279
-21.0152 -6.70051
-21.1675 -6.54822
-21.3198 -6.39594
-21.6244 -6.24365
-21.7766 -6.09137
-21.9289 -5.93909
-22.0812 -5.7868
-22.2335 -5.63452
-22.3858 -5.48223
-22.5381 -5.32995
-22.6904 -5.17766
-22.6904 -4.8731
-22.8426 -4.72081
-22.9949 -4.56853
-23.1472 -4.41624
-23.2995 -4.11168
-23.4518 -3.95939
-23.6041 -3.80711
-23.6041 -3.65482
-23.7563 -3.35025
-23.9086 -3.19797
-24.0609 -3.04569
-24.0609 -2.74112
-24.2132 -2.58883
-24.3655 -2.28426
-24.5178 -2.13198
-24.5178 -1.9797
-24.6701 -1.67513
-24.8223 -1.52284
-24.9746 -1.21827
-24.9746 -1.06599
-25.1269 -0.761421
-25.2792 -0.609137
-25.4315 -0.304569
-25.4315 -0.152284
-25.5838 0.152284
-25.736 0.304569
-25.736 0.609137
-25.8883 0.761421
-26.0406 1.06599
-26.1929 1.37056
-26.1929 1.52284
-26.3452 1.82741
-26.3452 2.13198
-26.4975 2.28426
-26.4975 2.58883
-26.6497 2.8934
-26.6497 3.19797
-26.6497 3.50254
-26.802 3.65482
-26.802 3.95939
-26.802 4.26396
-26.802 4.56853
-26.802 4.8731
-26.802 5.17766
-26.802 5.32995
-26.802 5.63452
-26.6497 5.93909
-26.6497 6.24365
-26.6497 6.54822
-26.4975 6.70051
-26.4975 7.00508
-26.3452 7.30964
-26.3452 7.61421
-26.1929 7.7665
-26.1929 8.07107
-26.0406 8.37563
-25.8883 8.52792
-25.736 8.83249
-25.736 9.13706
-25.5838 9.28934
-25.4315 9.59391
-25.2792 9.89848
-25.1269 10.0508
-24.9746 10.3553
-24.8223 10.6599
-24.8223 10.8122
-24.6701 11.1168
-24.5178 11.269
-24.3655 11.5736
-24.2132 11.8782
-24.0609 12.0305
-23.9086 12.335
-23.7563 12.4873
-23.6041 12.7919
-23.2995 13.0964
-23.1472 13.2487
-22.9949 13.5533
-22.8426 13.7056
-22.6904 14.0102
-22.3858 14.1624
-22.2335 14.3147
-22.0812 14.6193
-21.7766 14.7716
-21.6244 14.9239
-21.3198 15.0761
-21.1675 15.3807
-20.8629 15.533
-20.7107 15.6853
-20.4061 15.8376
-20.1015 15.8376
-19.797 15.9898
-19.6447 16.1421
-19.3401 16.2944
-19.0355 16.2944
-18.731 16.4467
-18.4264 16.4467
-18.1218 16.4467
-17.8173 16.4467
-17.5127 16.599
-17.2081 16.599
-16.9036 16.599
-16.599 16.599
-16.2944 16.4467
-16.1421 16.4467
-15.8376 16.4467
-15.533 16.4467
-15.2284 16.2944
-14.9239 16.2944
-14.6193 16.2944
-14.3147 16.1421
-14.0102 16.1421
-13.8579 15.9898
-13.5533 15.8376
-13.2487 15.8376
-12.9442 15.6853
-12.7919 15.6853
-12.4873 15.533
-12.1827 15.3807
-12.0305 15.3807
-11.7259 15.2284
-11.5736 15.0761
-11.269 15.0761
-11.1168 14.9239
-10.8122 14.7716
-10.6599 14.7716
-10.3553 14.6193
-10.203 14.467
-9.89848 14.3147
-9.74619 14.3147
-9.59391 14.1624
-9.28934 14.0102
-9.13706 13.8579
-8.98477 13.7056
-8.6802 13.7056
-8.52792 13.5533
-8.37563 13.401
-8.22335 13.2487
-7.91878 13.2487
-7.7665 13.0964
-7.61421 12.9442
-7.46193 12.7919
-7.30964 12.6396
-7.00508 12.6396
-6.85279 12.4873
-6.70051 12.335
-6.54822 12.1827
-6.39594 12.1827
-6.24365 12.0305
-6.09137 11.8782
-5.93909 11.7259
-5.63452 11.5736
-5.48223 11.5736
-5.32995 11.4213
-5.17766 11.269
-5.02538 11.1168
-4.8731 11.1168
-4.72081 10.9645
-4.56853 10.8122
-4.41624 10.6599
-4.26396 10.5076
-4.11168 10.5076
-3.95939 10.3553
-3.80711 10.203
-3.50254 10.0508
-3.35025 9.89848
-3.19797 9.89848
-3.04569 9.74619
-2.8934 9.59391
-2.74112 9.44162
-2.58883 9.28934
-2.43655 9.28934
-2.28426 9.13706
-2.13198 8.98477
-1.82741 8.83249
-1.67513 8.6802
-1.52284 8.52792
-1.37056 8.37563
-1.21827 8.22335
-1.06599 8.07107
-0.913706 7.91878
-0.761421 7.7665
-0.609137 7.61421
-0.456853 7.46193
-0.304569 7.30964
-0.152284 7.15736
0 7.00508
0.152284 6.85279
0.304569 6.54822
0.456853 6.39594
0.609137 6.24365
0.761421 6.09137
0.913706 5.93909
1.06599 5.63452
1.21827 5.48223
1.37056 5.32995
1.52284 5.02538
1.67513 4.8731
1.82741 4.56853
1.9797 4.41624
1.9797 4.26396
2.13198 3.95939
2.28426 3.80711
2.43655 3.50254
2.58883 3.35025
2.58883 3.04569
2.74112 2.8934
2.8934 2.58883
3.04569 2.28426
3.19797 2.13198
3.19797 1.82741
