3.19797 2.13198
3.35025 1.82741
3.50254 1.67513
3.65482 1.37056
3.80711 1.06599
3.95939 0.761421
4.11168 0.456853
4.26396 0.152284
4.41624 -0.152284
4.56853 -0.456853
4.72081 -0.761421
4.72081 -1.06599
4.8731 -1.37056
5.02538 -1.67513
5.02538 -1.9797
5.17766 -2.43655
5.17766 -2.74112
5.32995 -3.04569
5.32995 -3.35025
5.32995 -3.65482
5.32995 -4.11168
5.32995 -4.41624
5.17766 -4.72081
5.17766 -5.02538
5.02538 -5.32995
4.8731 -5.63452
4.72081 -5.93909
4.56853 -6.09137
4.41624 -6.39594
4.11168 -6.70051
3.95939 -6.85279
3.65482 -7.15736
3.50254 -7.30964
3.19797 -7.46193
2.8934 -7.7665
2.58883 -7.91878
2.28426 -8.07107
1.9797 -8.22335
1.67513 -8.37563
1.37056 -8.37563
1.06599 -8.52792
0.761421 -8.6802
0.456853 -8.83249
0.152284 -8.83249
-0.152284 -8.98477
-0.456853 -8.98477
-0.761421 -9.13706
-1.06599 -9.13706
-1.37056 -9.28934
-1.67513 -9.28934
-1.9797 -9.44162
-2.28426 -9.44162
-2.58883 -9.59391
-2.8934 -9.59391
-3.04569 -9.59391
-3.35025 -9.74619
-3.65482 -9.74619
-3.95939 -9.89848
-4.11168 -9.89848
-4.41624 -10.0508
-4.56853 -10.0508
-4.8731 -10.203
-5.17766 -10.203
-5.32995 -10.203
-5.63452 -10.3553
-5.7868 -10.3553
-6.09137 -10.5076
-6.39594 -10.5076
-6.54822 -10.5076
-6.85279 -10.6599
-7.00508 -10.6599
-7.30964 -10.6599
-7.46193 -10.6599
-7.7665 -10.8122
-7.91878 -10.8122
-8.22335 -10.8122
-8.37563 -10.8122
-8.6802 -10.8122
-8.98477 -10.9645
-9.13706 -10.9645
-9.44162 -10.9645
-9.59391 -10.9645
-9.89848 -10.9645
-10.0508 -10.9645
-10.3553 -10.9645
-10.5076 -10.9645
-10.8122 -10.9645
-10.9645 -10.8122
-11.269 -10.8122
-11.4213 -10.8122
-11.7259 -10.8122
-11.8782 -10.8122
-12.1827 -10.6599
-12.335 -10.6599
-12.6396 -10.6599
-12.7919 -10.5076
-12.9442 -10.5076
-13.2487 -10.5076
-13.401 -10.3553
-13.7056 -10.3553
-13.8579 -10.203
-14.0102 -10.203
-14.3147 -10.0508
-14.467 -10.0508
-14.6193 -9.89848
-14.9239 -9.74619
-15.0761 -9.74619
-15.2284 -9.59391
-15.533 -9.59391
-15.6853 -9.44162
-15.8376 -9.28934
-15.9898 -9.28934
-16.2944 -9.13706
-16.4467 -8.98477
-16.599 -8.98477
-16.7513 -8.83249
-17.0558 -8.6802
-17.2081 -8.6802
-17.3604 -8.52792
-17.5127 -8.52792
-17.8173 -8.37563
-17.9695 -8.22335
-18.1218 -8.22335
-18.2741 -8.07107
-18.5787 -8.07107
-18.731 -7.91878
-18.8832 -7.7665
-19.1878 -7.7665
-19.3401 -7.61421
-19.4924 -7.46193
-19.6447 -7.46193
-19.9492 -7.30964
-20.1015 -7.15736
-20.2538 -7.15736
-20.5584 -7.00508
-20.7107 -6.85279
-20.8629 -6.70051
-21.0152 -6.70051
-21.3198 -6.54822
-21.4721 -6.39594
-21.6244 -6.24365
-21.7766 -6.09137
-21.9289 -5.93909
-22.0812 -5.7868
-22.2335 -5.63452
-22.3858 -5.32995
-22.5381 -5.17766
-22.6904 -5.02538
-22.8426 -4.8731
-22.9949 -4.72081
-23.1472 -4.41624
-23.2995 -4.26396
-23.2995 -4.11168
-23.4518 -3.80711
-23.6041 -3.65482
-23.7563 -3.50254
-23.7563 -3.19797
-23.9086 -3.04569
-24.0609 -2.8934
-24.0609 -2.58883
-24.2132 -2.43655
-24.2132 -2.13198
-24.3655 -1.9797
-24.5178 -1.82741
-24.5178 -1.52284
-24.6701 -1.37056
-24.6701 -1.06599
-24.8223 -0.913706
-24.9746 -0.609137
-24.9746 -0.456853
-25.1269 -0.304569
-25.2792 0
-25.2792 0.152284
-25.4315 0.456853
-25.5838 0.609137
-25.736 0.913706
-25.736 1.21827
-25.8883 1.37056
-26.0406 1.67513
-26.0406 1.82741
-26.1929 2.13198
-26.1929 2.43655
-26.3452 2.58883
-26.3452 2.8934
-26.4975 3.19797
-26.4975 3.50254
-26.6497 3.65482
-26.6497 3.95939
-26.6497 4.26396
-26.6497 4.56853
-26.802 4.72081
-26.802 5.02538
-26.802 5.32995
-26.802 5.63452
-26.6497 5.93909
-26.6497 6.09137
-26.6497 6.39594
-26.6497 6.70051
-26.4975 7.00508
-26.4975 7.15736
-26.3452 7.46193
-26.3452 7.7665
-26.1929 8.07107
-26.0406 8.22335
-26.0406 8.52792
-25.8883 8.83249
-25.736 8.98477
-25.736 9.28934
-25.5838 9.44162
-25.4315 9.74619
-25.2792 10.0508
-25.1269 10.203
-24.9746 10.5076
-24.8223 10.6599
-24.8223 10.9645
-24.6701 11.269
-24.5178 11.4213
-24.3655 11.7259
-24.2132 11.8782
-24.0609 12.1827
-23.9086 12.335
-23.7563 12.6396
-23.6041 12.9442
-23.4518 13.0964
-23.2995 13.401
-23.1472 13.5533
-22.9949 13.8579
-22.8426 14.0102
-22.6904 14.3147
-22.3858 14.467
-22.2335 14.7716
-22.0812 14.9239
-21.7766 15.0761
-21.6244 15.3807
-21.3198 15.533
-21.1675 15.6853
-20.8629 15.8376
-20.7107 15.9898
-20.4061 16.1421
-20.1015 16.2944
-19.9492 16.2944
-19.6447 16.4467
-19.3401 16.4467
-19.0355 16.599
-18.731 16.599
-18.4264 16.599
-18.1218 16.599
-17.8173 16.599
-17.5127 16.599
-17.2081 16.599
-16.9036 16.599
-16.599 16.599
-16.2944 16.599
-16.1421 16.4467
-15.8376 16.4467
-15.533 16.2944
-15.2284 16.2944
-14.9239 16.1421
-14.6193 16.1421
-14.3147 15.9898
-14.1624 15.9898
-13.8579 15.8376
-13.5533 15.6853
-13.401 15.6853
-13.0964 15.533
-12.7919 15.3807
-12.6396 15.3807
-12.335 15.2284
-12.1827 15.0761
-11.8782 15.0761
-11.7259 14.9239
-11.4213 14.9239
-11.269 14.7716
-10.9645 14.6193
-10.8122 14.6193
-10.6599 14.467
-10.3553 14.467
-10.203 14.3147
-10.0508 14.1624
-9.74619 14.1624
-9.59391 14.0102
-9.44162 13.8579
-9.13706 13.8579
-8.98477 13.7056
-8.83249 13.7056
-8.6802 13.5533
-8.37563 13.401
-8.22335 13.401
-8.07107 13.2487
-7.91878 13.0964
-7.7665 12.9442
-7.61421 12.9442
-7.30964 12.7919
-7.15736 12.6396
-7.00508 12.6396
-6.85279 12.4873
-6.70051 12.335
-6.54822 12.1827
-6.39594 12.0305
-6.24365 12.0305
-6.09137 11.8782
-5.93909 11.7259
-5.7868 11.5736
-5.63452 11.5736
-5.48223 11.4213
-5.32995 11.269
-5.17766 11.1168
-5.02538 11.1168
-4.8731 10.9645
-4.72081 10.8122
-4.56853 10.6599
-4.26396 10.6599
-4.11168 10.5076
-3.95939 10.3553
-3.80711 10.203
-3.65482 10.203
-3.50254 10.0508
-3.35025 9.89848
-3.19797 9.74619
-3.04569 9.74619
-2.8934 9.59391
-2.74112 9.44162
-2.43655 9.28934
-2.28426 9.13706
-2.13198 9.13706
-1.9797 8.98477
-1.82741 8.83249
-1.67513 8.6802
-1.52284 8.52792
-1.21827 8.37563
-1.06599 8.22335
-0.913706 8.07107
-0.761421 7.91878
-0.609137 7.7665
-0.456853 7.61421
-0.304569 7.46193
-0.152284 7.30964
0 7.15736
0.152284 6.85279
0.304569 6.70051
0.456853 6.54822
0.609137 6.39594
0.761421 6.24365
0.913706 5.93909
1.06599 5.7868
1.21827 5.63452
1.21827 5.32995
1.37056 5.17766
1.52284 5.02538
1.67513 4.72081
1.82741 4.56853
1.9797 4.26396
2.13198 4.11168
2.28426 3.80711
2.43655 3.65482
2.58883 3.35025
2.74112 3.19797
2.74112 2.8934
2.8934 2.58883
3.04569 2.43655
