3.35025 1.82741
3.50254 1.52284
3.65482 1.21827
3.80711 0.913706
3.95939 0.761421
4.11168 0.456853
4.26396 0.152284
4.41624 -0.152284
4.56853 -0.456853
4.72081 -0.761421
4.72081 -1.06599
4.8731 -1.37056
5.02538 -1.67513
5.17766 -1.9797
5.17766 -2.28426
5.32995 -2.58883
5.32995 -3.04569
5.32995 -3.35025
5.32995 -3.65482
5.32995 -3.95939
5.32995 -4.26396
5.32995 -4.56853
5.32995 -4.8731
5.17766 -5.17766
5.02538 -5.48223
5.02538 -5.7868
4.8731 -6.09137
4.56853 -6.39594
4.41624 -6.54822
4.26396 -6.85279
3.95939 -7.00508
3.80711 -7.30964
3.50254 -7.46193
3.19797 -7.61421
2.8934 -7.7665
2.74112 -7.91878
2.43655 -8.07107
2.13198 -8.22335
1.82741 -8.37563
1.52284 -8.52792
1.21827 -8.6802
0.913706 -8.6802
0.456853 -8.83249
0.152284 -8.98477
-0.152284 -8.98477
-0.456853 -9.13706
-0.761421 -9.13706
-1.06599 -9.28934
-1.21827 -9.28934
-1.52284 -9.28934
-1.82741 -9.44162
-2.13198 -9.44162
-2.43655 -9.59391
-2.58883 -9.59391
-2.8934 -9.74619
-3.19797 -9.74619
-3.50254 -9.74619
-3.65482 -9.89848
-3.95939 -9.89848
-4.11168 -10.0508
-4.41624 -10.0508
-4.72081 -10.0508
-4.8731 -10.203
-5.17766 -10.203
-5.32995 -10.3553
-5.63452 -10.3553
-5.7868 -10.3553
-6.09137 -10.5076
-6.24365 -10.5076
-6.54822 -10.5076
-6.70051 -10.6599
-7.00508 -10.6599
-7.15736 -10.6599
-7.46193 -10.8122
-7.61421 -10.8122
-7.91878 -10.8122
-8.07107 -10.8122
-8.37563 -10.8122
-8.52792 -10.9645
-8.83249 -10.9645
-8.98477 -10.9645
-9.28934 -10.9645
-9.44162 -10.9645
-9.74619 -10.9645
-9.89848 -10.9645
-10.203 -10.9645
-10.3553 -10.9645
-10.5076 -10.9645
-10.8122 -10.9645
-10.9645 -10.9645
-11.269 -10.8122
-11.4213 -10.8122
-11.7259 -10.8122
-11.8782 -10.8122
-12.1827 -10.6599
-12.335 -10.6599
-12.4873 -10.6599
-12.7919 -10.6599
-12.9442 -10.5076
-13.2487 -10.5076
-13.401 -10.3553
-13.5533 -10.3553
-13.8579 -10.203
-14.0102 -10.203
-14.1624 -10.0508
-14.467 -10.0508
-14.6193 -9.89848
-14.7716 -9.89848
-14.9239 -9.74619
-15.2284 -9.74619
-15.3807 -9.59391
-15.533 -9.59391
-15.8376 -9.44162
-15.9898 -9.44162
-16.1421 -9.28934
-16.2944 -9.13706
-16.599 -9.13706
-16.7513 -8.98477
-16.9036 -8.98477
-17.0558 -8.83249
-17.3604 -8.6802
-17.5127 -8.6802
-17.665 -8.52792
-17.9695 -8.52792
-18.1218 -8.37563
-18.2741 -8.37563
-18.4264 -8.22335
-18.731 -8.07107
-18.8832 -8.07107
-19.0355 -7.91878
-19.3401 -7.7665
-19.4924 -7.7665
-19.6447 -7.61421
-19.9492 -7.46193
-20.1015 -7.46193
-20.2538 -7.30964
-20.4061 -7.15736
-20.7107 -7.00508
-20.8629 -6.85279
-21.0152 -6.70051
-21.1675 -6.54822
-21.4721 -6.39594
-21.6244 -6.24365
-21.7766 -6.09137
-21.9289 -5.93909
-22.0812 -5.7868
-22.2335 -5.63452
-22.3858 -5.48223
-22.5381 -5.32995
-22.6904 -5.02538
-22.8426 -4.8731
-22.9949 -4.72081
-22.9949 -4.56853
-23.1472 -4.26396
-23.2995 -4.11168
-23.4518 -3.95939
-23.4518 -3.65482
-23.6041 -3.50254
-23.7563 -3.35025
-23.9086 -3.04569
-23.9086 -2.8934
-24.0609 -2.58883
-24.2132 -2.43655
-24.2132 -2.28426
-24.3655 -1.9797
-24.5178 -1.82741
-24.5178 -1.52284
-24.6701 -1.37056
-24.8223 -1.06599
-24.8223 -0.913706
-24.9746 -0.609137
-25.1269 -0.456853
-25.2792 -0.152284
-25.2792 0
-25.4315 0.304569
-25.5838 0.456853
-25.5838 0.761421
-25.736 1.06599
-25.8883 1.21827
-25.8883 1.52284
-26.0406 1.82741
-26.1929 1.9797
-26.1929 2.28426
-26.3452 2.58883
-26.3452 2.8934
-26.4975 3.04569
-26.4975 3.35025
-26.4975 3.65482
-26.6497 3.95939
-26.6497 4.26396
-26.6497 4.41624
-26.6497 4.72081
-26.6497 5.02538
-26.6497 5.32995
-26.6497 5.63452
-26.6497 5.93909
-26.6497 6.24365
-26.6497 6.39594
-26.4975 6.70051
-26.4975 7.00508
-26.4975 7.30964
-26.3452 7.61421
-26.3452 7.7665
-26.1929 8.07107
-26.0406 8.37563
-26.0406 8.6802
-25.8883 8.83249
-25.736 9.13706
-25.5838 9.44162
-25.5838 9.74619
-25.4315 9.89848
-25.2792 10.203
-25.1269 10.5076
-24.9746 10.6599
-24.8223 10.9645
-24.6701 11.269
-24.5178 11.4213
-24.3655 11.7259
-24.2132 11.8782
-24.0609 12.1827
-23.9086 12.4873
-23.7563 12.6396
-23.6041 12.9442
-23.4518 13.0964
-23.2995 13.401
-22.9949 13.5533
-22.8426 13.8579
-22.6904 14.0102
-22.5381 14.1624
-22.2335 14.467
-22.0812 14.6193
-21.7766 14.7716
-21.6244 15.0761
-21.3198 15.2284
-21.1675 15.3807
-20.8629 15.533
-20.5584 15.6853
-20.4061 15.8376
-20.1015 15.9898
-19.797 16.1421
-19.4924 16.1421
-19.3401 16.2944
-19.0355 16.2944
-18.731 16.4467
-18.4264 16.4467
-18.1218 16.599
-17.8173 16.599
-17.5127 16.599
-17.2081 16.599
-16.9036 16.599
-16.599 16.599
-16.2944 16.599
-15.9898 16.599
-15.6853 16.599
-15.533 16.4467
-15.2284 16.4467
-14.9239 16.4467
-14.6193 16.2944
-14.3147 16.2944
-14.0102 16.1421
-13.7056 16.1421
-13.5533 15.9898
-13.2487 15.9898
-12.9442 15.8376
-12.6396 15.6853
-12.4873 15.6853
-12.1827 15.533
-12.0305 15.3807
-11.7259 15.2284
-11.4213 15.2284
-11.269 15.0761
-10.9645 14.9239
-10.8122 14.7716
-10.5076 14.7716
-10.3553 14.6193
-10.203 14.467
-9.89848 14.3147
-9.74619 14.1624
-9.44162 14.1624
-9.28934 14.0102
-9.13706 13.8579
-8.98477 13.7056
-8.6802 13.5533
-8.52792 13.401
-8.37563 13.401
-8.22335 13.2487
-7.91878 13.0964
-7.7665 12.9442
-7.61421 12.7919
-7.46193 12.7919
-7.30964 12.6396
-7.15736 12.4873
-7.00508 12.335
-6.85279 12.335
-6.54822 12.1827
-6.39594 12.0305
-6.24365 11.8782
-6.09137 11.7259
-5.93909 11.7259
-5.7868 11.5736
-5.63452 11.4213
-5.48223 11.4213
-5.32995 11.269
-5.17766 11.1168
-5.02538 10.9645
-4.8731 10.9645
-4.72081 10.8122
-4.56853 10.6599
-4.41624 10.5076
-4.26396 10.5076
-3.95939 10.3553
-3.80711 10.203
-3.65482 10.203
-3.50254 10.0508
-3.35025 9.89848
-3.19797 9.74619
-3.04569 9.74619
-2.8934 9.59391
-2.74112 9.44162
-2.58883 9.28934
-2.43655 9.13706
-2.13198 9.13706
-1.9797 8.98477
-1.82741 8.83249
-1.67513 8.6802
-1.52284 8.52792
-1.37056 8.37563
-1.21827 8.22335
-1.06599 8.07107
-0.913706 8.07107
-0.761421 7.91878
-0.609137 7.7665
-0.456853 7.46193
-0.304569 7.30964
0 7.15736
0 7.00508
0.152284 6.85279
0.304569 6.70051
0.456853 6.54822
0.609137 6.39594
0.761421 6.09137
0.913706 5.93909
1.06599 5.7868
1.21827 5.63452
1.37056 5.32995
1.37056 5.17766
1.52284 5.02538
1.67513 4.72081
1.82741 4.56853
1.9797 4.26396
2.13198 4.11168
2.13198 3.95939
2.28426 3.65482
2.43655 3.50254
2.58883 3.19797
2.74112 3.04569
2.8934 2.74112
3.04569 2.43655
3.04569 2.28426
3.19797 1.9797
