3.35025 1.82741
3.50254 1.52284
3.65482 1.37056
3.80711 1.06599
3.95939 0.761421
4.11168 0.456853
4.26396 0.152284
4.41624 -0.152284
4.56853 -0.456853
4.72081 -0.761421
4.8731 -1.06599
5.02538 -1.37056
5.02538 -1.67513
5.17766 -1.9797
5.32995 -2.28426
5.32995 -2.74112
5.32995 -3.04569
5.48223 -3.35025
5.48223 -3.65482
5.48223 -3.95939
5.48223 -4.26396
5.48223 -4.72081
5.32995 -5.02538
5.32995 -5.32995
5.17766 -5.63452
5.02538 -5.93909
4.8731 -6.09137
4.72081 -6.39594
4.56853 -6.70051
4.26396 -6.85279
4.11168 -7.15736
3.80711 -7.30964
3.50254 -7.61421
3.19797 -7.7665
2.8934 -7.91878
2.58883 -8.07107
2.28426 -8.22335
1.9797 -8.37563
1.67513 -8.52792
1.37056 -8.52792
1.06599 -8.6802
0.761421 -8.83249
0.456853 -8.83249
0.152284 -8.98477
-0.152284 -8.98477
-0.609137 -9.13706
-0.913706 -9.13706
-1.21827 -9.28934
-1.52284 -9.28934
-1.67513 -9.44162
-1.9797 -9.44162
-2.28426 -9.44162
-2.58883 -9.59391
-2.8934 -9.59391
-3.04569 -9.74619
-3.35025 -9.74619
-3.65482 -9.89848
-3.80711 -9.89848
-4.11168 -10.0508
-4.41624 -10.0508
-4.56853 -10.0508
-4.8731 -10.203
-5.02538 -10.203
-5.32995 -10.3553
-5.48223 -10.3553
-5.7868 -10.3553
-6.09137 -10.5076
-6.24365 -10.5076
-6.54822 -10.5076
-6.70051 -10.6599
-7.00508 -10.6599
-7.15736 -10.6599
-7.46193 -10.8122
-7.61421 -10.8122
-7.91878 -10.8122
-8.07107 -10.8122
-8.37563 -10.8122
-8.52792 -10.9645
-8.83249 -10.9645
-8.98477 -10.9645
-9.28934 -10.9645
-9.44162 -10.9645
-9.74619 -10.9645
-9.89848 -10.9645
-10.203 -10.9645
-10.3553 -10.9645
-10.6599 -10.9645
-10.8122 -10.8122
-11.1168 -10.8122
-11.269 -10.8122
-11.4213 -10.8122
-11.7259 -10.8122
-11.8782 -10.6599
-12.1827 -10.6599
-12.335 -10.6599
-12.6396 -10.5076
-12.7919 -10.5076
-12.9442 -10.5076
-13.2487 -10.3553
-13.401 -10.3553
-13.7056 -10.203
-13.8579 -10.203
-14.0102 -10.0508
-14.3147 -10.0508
-14.467 -9.89848
-14.6193 -9.89848
-14.7716 -9.74619
-15.0761 -9.74619
-15.2284 -9.59391
-15.3807 -9.59391
-15.6853 -9.44162
-15.8376 -9.44162
-15.9898 -9.28934
-16.1421 -9.13706
-16.4467 -9.13706
-16.599 -8.98477
-16.7513 -8.98477
-16.9036 -8.83249
-17.0558 -8.83249
-17.3604 -8.6802
-17.5127 -8.52792
-17.665 -8.52792
-17.8173 -8.37563
-18.1218 -8.37563
-18.2741 -8.22335
-18.4264 -8.07107
-18.731 -8.07107
-18.8832 -7.91878
-19.0355 -7.7665
-19.1878 -7.7665
-19.4924 -7.61421
-19.6447 -7.46193
-19.797 -7.46193
-19.9492 -7.30964
-20.2538 -7.15736
-20.4061 -7.00508
-20.5584 -7.00508
-20.7107 -6.85279
-21.0152 -6.70051
-21.1675 -6.54822
-21.3198 -6.39594
-21.4721 -6.24365
-21.6244 -6.09137
-21.7766 -5.93909
-21.9289 -5.7868
-22.0812 -5.63452
-22.2335 -5.48223
-22.3858 -5.32995
-22.5381 -5.02538
-22.6904 -4.8731
-22.8426 -4.72081
-22.9949 -4.56853
-23.1472 -4.26396
-23.2995 -4.11168
-23.2995 -3.95939
-23.4518 -3.80711
-23.6041 -3.50254
-23.7563 -3.35025
-23.7563 -3.19797
-23.9086 -2.8934
-24.0609 -2.74112
-24.0609 -2.58883
-24.2132 -2.28426
-24.3655 -2.13198
-24.3655 -1.82741
-24.5178 -1.67513
-24.6701 -1.37056
-24.8223 -1.21827
-24.8223 -1.06599
-24.9746 -0.761421
-25.1269 -0.609137
-25.1269 -0.304569
-25.2792 -0.152284
-25.4315 0.152284
-25.5838 0.304569
-25.5838 0.609137
-25.736 0.913706
-25.8883 1.06599
-25.8883 1.37056
-26.0406 1.52284
-26.1929 1.82741
-26.1929 2.13198
-26.3452 2.28426
-26.3452 2.58883
-26.4975 2.8934
-26.4975 3.19797
-26.6497 3.35025
-26.6497 3.65482
-26.6497 3.95939
-26.802 4.26396
-26.802 4.56853
-26.802 4.8731
-26.802 5.02538
-26.802 5.32995
-26.802 5.63452
-26.802 5.93909
-26.6497 6.24365
-26.6497 6.39594
-26.6497 6.70051
-26.4975 7.00508
-26.4975 7.30964
-26.3452 7.61421
-26.3452 7.7665
-26.1929 8.07107
-26.1929 8.37563
-26.0406 8.6802
-25.8883 8.83249
-25.8883 9.13706
-25.736 9.44162
-25.5838 9.59391
-25.4315 9.89848
-25.2792 10.203
-25.2792 10.3553
-25.1269 10.6599
-24.9746 10.9645
-24.8223 11.1168
-24.6701 11.4213
-24.5178 11.7259
-24.3655 11.8782
-24.2132 12.1827
-24.0609 12.335
-23.9086 12.6396
-23.7563 12.9442
-23.6041 13.0964
-23.4518 13.401
-23.2995 13.5533
-23.1472 13.8579
-22.8426 14.0102
-22.6904 14.3147
-22.5381 14.467
-22.3858 14.7716
-22.0812 14.9239
-21.9289 15.0761
-21.6244 15.3807
-21.4721 15.533
-21.1675 15.6853
-20.8629 15.8376
-20.7107 15.9898
-20.4061 16.1421
-20.1015 16.2944
-19.9492 16.2944
-19.6447 16.4467
-19.3401 16.599
-19.0355 16.599
-18.731 16.599
-18.4264 16.7513
-18.1218 16.7513
-17.8173 16.7513
-17.5127 16.7513
-17.2081 16.7513
-16.9036 16.7513
-16.599 16.7513
-16.2944 16.7513
-15.9898 16.599
-15.6853 16.599
-15.3807 16.599
-15.0761 16.4467
-14.9239 16.4467
-14.6193 16.2944
-14.3147 16.2944
-14.0102 16.1421
-13.7056 16.1421
-13.5533 15.9898
-13.2487 15.8376
-12.9442 15.8376
-12.6396 15.6853
-12.4873 15.533
-12.1827 15.533
-12.0305 15.3807
-11.7259 15.2284
-11.4213 15.0761
-11.269 15.0761
-10.9645 14.9239
-10.8122 14.7716
-10.6599 14.7716
-10.3553 14.6193
-10.203 14.467
-9.89848 14.3147
-9.74619 14.1624
-9.59391 14.1624
-9.28934 14.0102
-9.13706 13.8579
-8.98477 13.7056
-8.83249 13.7056
-8.52792 13.5533
-8.37563 13.401
-8.22335 13.2487
-8.07107 13.2487
-7.91878 13.0964
-7.61421 12.9442
-7.46193 12.7919
-7.30964 12.6396
-7.15736 12.6396
-7.00508 12.4873
-6.85279 12.335
-6.70051 12.1827
-6.54822 12.0305
-6.39594 12.0305
-6.09137 11.8782
-5.93909 11.7259
-5.7868 11.5736
-5.63452 11.5736
-5.48223 11.4213
-5.32995 11.269
-5.17766 11.1168
-5.02538 11.1168
-4.8731 10.9645
-4.72081 10.8122
-4.56853 10.6599
-4.41624 10.6599
-4.26396 10.5076
-4.11168 10.3553
-3.95939 10.203
-3.80711 10.203
-3.50254 10.0508
-3.35025 9.89848
-3.19797 9.74619
-3.04569 9.74619
-2.8934 9.59391
-2.74112 9.44162
-2.58883 9.28934
-2.28426 9.28934
-2.13198 9.13706
-1.9797 8.98477
-1.82741 8.83249
-1.67513 8.6802
-1.52284 8.52792
-1.37056 8.52792
-1.06599 8.37563
-0.913706 8.22335
-0.761421 8.07107
-0.609137 7.91878
-0.456853 7.7665
-0.304569 7.61421
-0.152284 7.46193
0 7.15736
0.152284 7.00508
0.456853 6.85279
0.609137 6.70051
0.761421 6.54822
0.761421 6.39594
0.913706 6.09137
1.06599 5.93909
1.21827 5.7868
1.37056 5.48223
1.52284 5.32995
1.67513 5.17766
1.82741 4.8731
1.9797 4.72081
1.9797 4.41624
2.13198 4.26396
2.28426 3.95939
2.43655 3.80711
2.58883 3.50254
2.74112 3.35025
2.74112 3.04569
2.8934 2.8934
3.04569 2.58883
3.19797 2.28426
3.35025 2.13198
