3.35025 2.13198
3.50254 1.9797
3.65482 1.67513
3.80711 1.37056
3.95939 1.06599
4.11168 0.761421
4.26396 0.609137
4.41624 0.304569
4.56853 0
4.72081 -0.456853
4.8731 -0.761421
5.02538 -1.06599
5.17766 -1.37056
5.32995 -1.67513
5.32995 -1.9797
5.48223 -2.43655
5.48223 -2.74112
5.63452 -3.04569
5.63452 -3.35025
5.63452 -3.65482
5.63452 -4.11168
5.63452 -4.41624
5.48223 -4.72081
5.48223 -5.02538
5.32995 -5.32995
5.17766 -5.63452
5.02538 -5.93909
4.8731 -6.24365
4.72081 -6.39594
4.56853 -6.70051
4.26396 -7.00508
4.11168 -7.15736
3.80711 -7.46193
3.50254 -7.61421
3.19797 -7.7665
2.8934 -7.91878
2.58883 -8.07107
2.28426 -8.22335
1.9797 -8.37563
1.67513 -8.52792
1.37056 -8.6802
1.06599 -8.83249
0.761421 -8.83249
0.456853 -8.98477
0 -8.98477
-0.304569 -9.13706
-0.609137 -9.13706
-0.913706 -9.28934
-1.21827 -9.28934
-1.52284 -9.44162
-1.82741 -9.44162
-2.13198 -9.59391
-2.28426 -9.59391
-2.58883 -9.74619
-2.8934 -9.74619
-3.19797 -9.74619
-3.50254 -9.89848
-3.65482 -9.89848
-3.95939 -10.0508
-4.26396 -10.0508
-4.41624 -10.0508
-4.72081 -10.203
-5.02538 -10.203
-5.17766 -10.3553
-5.48223 -10.3553
-5.63452 -10.3553
-5.93909 -10.5076
-6.24365 -10.5076
-6.39594 -10.5076
-6.70051 -10.5076
-6.85279 -10.6599
-7.15736 -10.6599
-7.30964 -10.6599
-7.61421 -10.8122
-7.91878 -10.8122
-8.07107 -10.8122
-8.37563 -10.8122
-8.52792 -10.8122
-8.83249 -10.8122
-8.98477 -10.8122
-9.28934 -10.8122
-9.44162 -10.9645
-9.74619 -10.9645
-9.89848 -10.9645
-10.203 -10.9645
-10.3553 -10.8122
-10.6599 -10.8122
-10.8122 -10.8122
-11.1168 -10.8122
-11.4213 -10.8122
-11.5736 -10.8122
-11.7259 -10.8122
-12.0305 -10.6599
-12.1827 -10.6599
-12.4873 -10.6599
-12.6396 -10.5076
-12.9442 -10.5076
-13.0964 -10.5076
-13.401 -10.3553
-13.5533 -10.3553
-13.7056 -10.203
-14.0102 -10.203
-14.1624 -10.0508
-14.467 -10.0508
-14.6193 -9.89848
-14.7716 -9.89848
-14.9239 -9.74619
-15.2284 -9.59391
-15.3807 -9.59391
-15.533 -9.44162
-15.8376 -9.28934
-15.9898 -9.28934
-16.1421 -9.13706
-16.2944 -8.98477
-16.599 -8.98477
-16.7513 -8.83249
-16.9036 -8.83249
-17.0558 -8.6802
-17.3604 -8.52792
-17.5127 -8.52792
-17.665 -8.37563
-17.8173 -8.22335
-18.1218 -8.22335
-18.2741 -8.07107
-18.4264 -7.91878
-18.5787 -7.91878
-18.8832 -7.7665
-19.0355 -7.61421
-19.1878 -7.61421
-19.3401 -7.46193
-19.6447 -7.30964
-19.797 -7.30964
-19.9492 -7.15736
-20.2538 -7.00508
-20.4061 -6.85279
-20.5584 -6.85279
-20.7107 -6.70051
-21.0152 -6.54822
-21.1675 -6.39594
-21.3198 -6.24365
-21.4721 -6.09137
-21.6244 -5.93909
-21.7766 -5.7868
-21.9289 -5.63452
-22.0812 -5.48223
-22.2335 -5.32995
-22.3858 -5.17766
-22.5381 -5.02538
-22.6904 -4.72081
-22.8426 -4.56853
-22.9949 -4.41624
-23.1472 -4.26396
-23.2995 -3.95939
-23.2995 -3.80711
-23.4518 -3.65482
-23.6041 -3.35025
-23.7563 -3.19797
-23.7563 -3.04569
-23.9086 -2.74112
-24.0609 -2.58883
-24.0609 -2.28426
-24.2132 -2.13198
-24.3655 -1.9797
-24.3655 -1.67513
-24.5178 -1.52284
-24.6701 -1.21827
-24.6701 -1.06599
-24.8223 -0.913706
-24.9746 -0.609137
-25.1269 -0.456853
-25.1269 -0.152284
-25.2792 0
-25.4315 0.304569
-25.5838 0.456853
-25.736 0.761421
-25.736 0.913706
-25.8883 1.21827
-26.0406 1.37056
-26.1929 1.67513
-26.3452 1.9797
-26.3452 2.13198
-26.4975 2.43655
-26.6497 2.74112
-26.6497 3.04569
-26.802 3.19797
-26.802 3.50254
-26.9543 3.80711
-26.9543 4.11168
-26.9543 4.41624
-27.1066 4.72081
-27.1066 4.8731
-27.1066 5.17766
-27.1066 5.48223
-27.1066 5.7868
-27.1066 6.09137
-27.1066 6.39594
-26.9543 6.70051
-26.9543 6.85279
-26.9543 7.15736
-26.802 7.46193
-26.6497 7.7665
-26.6497 7.91878
-26.4975 8.22335
-26.4975 8.52792
-26.3452 8.83249
-26.1929 8.98477
-26.0406 9.28934
-26.0406 9.59391
-25.8883 9.74619
-25.736 10.0508
-25.5838 10.3553
-25.4315 10.5076
-25.2792 10.8122
-25.1269 11.1168
-24.9746 11.269
-24.9746 11.5736
-24.8223 11.7259
-24.6701 12.0305
-24.5178 12.335
-24.3655 12.4873
-24.2132 12.7919
-24.0609 13.0964
-23.9086 13.401
-23.7563 13.5533
-23.6041 13.8579
-23.4518 14.1624
-23.2995 14.3147
-23.1472 14.6193
-22.9949 14.7716
-22.6904 15.0761
-22.5381 15.3807
-22.3858 15.533
-22.2335 15.6853
-21.9289 15.9898
-21.7766 16.1421
-21.4721 16.2944
-21.1675 16.4467
-21.0152 16.7513
-20.7107 16.9036
-20.4061 16.9036
-20.1015 17.0558
-19.9492 17.2081
-19.6447 17.2081
-19.3401 17.3604
-19.0355 17.3604
-18.731 17.3604
-18.4264 17.5127
-18.1218 17.5127
-17.665 17.5127
-17.3604 17.3604
-17.0558 17.3604
-16.7513 17.3604
-16.4467 17.3604
-16.1421 17.2081
-15.8376 17.2081
-15.533 17.0558
-15.2284 16.9036
-14.9239 16.9036
-14.6193 16.7513
-14.3147 16.599
-14.1624 16.599
-13.8579 16.4467
-13.5533 16.2944
-13.2487 16.1421
-13.0964 15.9898
-12.7919 15.9898
-12.4873 15.8376
-12.335 15.6853
-12.0305 15.533
-11.8782 15.3807
-11.5736 15.3807
-11.4213 15.2284
-11.1168 15.0761
-10.9645 14.9239
-10.6599 14.9239
-10.5076 14.7716
-10.203 14.6193
-10.0508 14.467
-9.89848 14.3147
-9.59391 14.3147
-9.44162 14.1624
-9.28934 14.0102
-9.13706 13.8579
-8.83249 13.8579
-8.6802 13.7056
-8.52792 13.5533
-8.37563 13.401
-8.22335 13.401
-7.91878 13.2487
-7.7665 13.0964
-7.61421 13.0964
-7.46193 12.9442
-7.30964 12.7919
-7.15736 12.6396
-7.00508 12.6396
-6.85279 12.4873
-6.70051 12.335
-6.39594 12.1827
-6.24365 12.1827
-6.09137 12.0305
-5.93909 11.8782
-5.7868 11.7259
-5.63452 11.7259
-5.48223 11.5736
-5.32995 11.4213
-5.17766 11.4213
-5.02538 11.269
-4.8731 11.1168
-4.72081 10.9645
-4.56853 10.9645
-4.41624 10.8122
-4.26396 10.6599
-3.95939 10.5076
-3.80711 10.5076
-3.65482 10.3553
-3.50254 10.203
-3.35025 10.203
-3.19797 10.0508
-3.04569 9.89848
-2.8934 9.74619
-2.74112 9.59391
-2.58883 9.59391
-2.28426 9.44162
-2.13198 9.28934
-1.9797 9.13706
-1.82741 8.98477
-1.67513 8.83249
-1.52284 8.6802
-1.37056 8.52792
-1.21827 8.37563
-1.06599 8.37563
-0.913706 8.22335
-0.761421 7.91878
-0.456853 7.7665
-0.304569 7.61421
-0.152284 7.46193
0 7.30964
0.152284 7.15736
0.304569 7.00508
0.456853 6.85279
0.456853 6.54822
0.609137 6.39594
0.761421 6.24365
0.913706 6.09137
1.06599 5.7868
1.21827 5.63452
1.37056 5.48223
1.52284 5.17766
1.67513 5.02538
1.82741 4.8731
1.9797 4.56853
1.9797 4.41624
2.13198 4.11168
2.28426 3.95939
2.43655 3.65482
2.58883 3.50254
2.74112 3.19797
2.8934 2.8934
3.04569 2.74112
3.19797 2.43655
