4.11168 2.13198
4.56853 1.82741
5.02538 1.52284
5.32995 1.21827
5.7868 0.913706
6.09137 0.609137
6.39594 0.304569
6.70051 0
7.00508 -0.456853
7.30964 -0.761421
7.46193 -1.06599
7.61421 -1.52284
7.91878 -1.82741
8.07107 -2.28426
8.22335 -2.58883
8.22335 -3.04569
8.37563 -3.35025
8.37563 -3.80711
8.37563 -4.11168
8.37563 -4.56853
8.37563 -4.8731
8.22335 -5.17766
8.22335 -5.63452
8.07107 -5.93909
7.91878 -6.24365
7.7665 -6.54822
7.46193 -6.85279
7.30964 -7.15736
7.00508 -7.30964
6.70051 -7.61421
6.39594 -7.91878
6.09137 -8.07107
5.7868 -8.22335
5.32995 -8.37563
5.02538 -8.6802
4.56853 -8.83249
4.26396 -8.83249
3.95939 -8.98477
3.50254 -9.13706
3.04569 -9.28934
2.74112 -9.28934
2.28426 -9.44162
1.9797 -9.44162
1.52284 -9.59391
1.21827 -9.59391
0.913706 -9.59391
0.456853 -9.59391
0.152284 -9.74619
-0.152284 -9.74619
-0.456853 -9.74619
-0.913706 -9.89848
-1.21827 -9.89848
-1.52284 -9.89848
-1.67513 -10.0508
-1.9797 -10.0508
-2.28426 -10.203
-2.58883 -10.203
-2.8934 -10.203
-3.04569 -10.3553
-3.35025 -10.3553
-3.65482 -10.5076
-3.80711 -10.5076
-4.11168 -10.6599
-4.41624 -10.6599
-4.56853 -10.6599
-4.8731 -10.8122
-5.17766 -10.8122
-5.32995 -10.9645
-5.63452 -10.9645
-5.7868 -10.9645
-6.09137 -10.9645
-6.39594 -11.1168
-6.54822 -11.1168
-6.85279 -11.1168
-7.15736 -11.1168
-7.30964 -11.1168
-7.61421 -11.1168
-7.7665 -11.1168
-8.07107 -11.1168
-8.37563 -11.1168
-8.52792 -11.1168
-8.83249 -11.1168
-8.98477 -11.1168
-9.28934 -11.1168
-9.44162 -10.9645
-9.74619 -10.9645
-10.0508 -10.9645
-10.203 -10.9645
-10.5076 -10.8122
-10.6599 -10.8122
-10.9645 -10.6599
-11.1168 -10.6599
-11.269 -10.6599
-11.5736 -10.5076
-11.7259 -10.5076
-12.0305 -10.3553
-12.1827 -10.3553
-12.4873 -10.3553
-12.6396 -10.203
-12.7919 -10.203
-13.0964 -10.0508
-13.2487 -10.0508
-13.401 -9.89848
-13.7056 -9.89848
-13.8579 -9.74619
-14.0102 -9.74619
-14.3147 -9.59391
-14.467 -9.59391
-14.6193 -9.44162
-14.9239 -9.44162
-15.0761 -9.28934
-15.2284 -9.28934
-15.3807 -9.13706
-15.6853 -9.13706
-15.8376 -8.98477
-15.9898 -8.98477
-16.2944 -8.83249
-16.4467 -8.6802
-16.599 -8.6802
-16.7513 -8.52792
-17.0558 -8.52792
-17.2081 -8.37563
-17.3604 -8.22335
-17.5127 -8.22335
-17.8173 -8.07107
-17.9695 -7.91878
-18.1218 -7.91878
-18.2741 -7.7665
-18.5787 -7.61421
-18.731 -7.61421
-18.8832 -7.46193
-19.0355 -7.30964
-19.3401 -7.15736
-19.4924 -7.15736
-19.6447 -7.00508
-19.797 -6.85279
-20.1015 -6.70051
-20.2538 -6.54822
-20.4061 -6.39594
-20.5584 -6.24365
-20.7107 -6.09137
-20.8629 -5.93909
-21.0152 -5.7868
-21.1675 -5.63452
-21.3198 -5.48223
-21.4721 -5.32995
-21.6244 -5.17766
-21.7766 -5.02538
-21.9289 -4.8731
-22.0812 -4.56853
-22.2335 -4.41624
-22.3858 -4.26396
-22.5381 -4.11168
-22.6904 -3.95939
-22.8426 -3.65482
-22.8426 -3.50254
-22.9949 -3.35025
-23.1472 -3.04569
-23.2995 -2.8934
-23.4518 -2.74112
-23.4518 -2.43655
-23.6041 -2.28426
-23.7563 -2.13198
-23.9086 -1.82741
-23.9086 -1.67513
-24.0609 -1.37056
-24.2132 -1.21827
-24.3655 -0.913706
-24.3655 -0.761421
-24.5178 -0.609137
-24.6701 -0.304569
-24.8223 -0.152284
-24.8223 0.152284
-24.9746 0.304569
-25.1269 0.609137
-25.2792 0.913706
-25.2792 1.06599
-25.4315 1.37056
-25.5838 1.67513
-25.5838 1.82741
-25.736 2.13198
-25.8883 2.43655
-25.8883 2.58883
-26.0406 2.8934
-26.0406 3.19797
-26.1929 3.50254
-26.1929 3.65482
-26.3452 3.95939
-26.3452 4.26396
-26.3452 4.56853
-26.4975 4.8731
-26.4975 5.17766
-26.4975 5.48223
-26.4975 5.7868
-26.4975 5.93909
-26.4975 6.24365
-26.4975 6.54822
-26.4975 6.85279
-26.4975 7.15736
-26.4975 7.46193
-26.4975 7.7665
-26.4975 8.07107
-26.3452 8.37563
-26.3452 8.6802
-26.3452 8.98477
-26.1929 9.28934
-26.1929 9.59391
-26.0406 9.89848
-26.0406 10.203
-25.8883 10.3553
-25.736 10.6599
-25.736 10.9645
-25.5838 11.269
-25.4315 11.5736
-25.4315 11.8782
-25.2792 12.1827
-25.1269 12.4873
-24.9746 12.6396
-24.8223 12.9442
-24.6701 13.2487
-24.5178 13.5533
-24.3655 13.8579
-24.2132 14.0102
-24.0609 14.3147
-23.7563 14.6193
-23.6041 14.7716
-23.4518 15.0761
-23.1472 15.3807
-22.9949 15.533
-22.6904 15.8376
-22.5381 15.9898
-22.2335 16.1421
-22.0812 16.4467
-21.7766 16.599
-21.4721 16.7513
-21.1675 16.9036
-21.0152 17.0558
-20.7107 17.2081
-20.4061 17.2081
-20.1015 17.3604
-19.797 17.3604
-19.3401 17.5127
-19.0355 17.5127
-18.731 17.5127
-18.4264 17.5127
-18.1218 17.5127
-17.8173 17.5127
-17.3604 17.5127
-17.0558 17.5127
-16.7513 17.3604
-16.4467 17.3604
-16.1421 17.2081
-15.8376 17.0558
-15.3807 17.0558
-15.0761 16.9036
-14.7716 16.7513
-14.467 16.599
-14.1624 16.599
-13.8579 16.4467
-13.7056 16.2944
-13.401 16.1421
-13.0964 15.9898
-12.7919 15.8376
-12.4873 15.6853
-12.335 15.533
-12.0305 15.3807
-11.8782 15.2284
-11.5736 15.2284
-11.269 15.0761
-11.1168 14.9239
-10.9645 14.7716
-10.6599 14.6193
-10.5076 14.6193
-10.203 14.467
-10.0508 14.3147
-9.89848 14.1624
-9.59391 14.1624
-9.44162 14.0102
-9.28934 13.8579
-8.98477 13.8579
-8.83249 13.7056
-8.6802 13.5533
-8.52792 13.5533
-8.22335 13.401
-8.07107 13.2487
-7.91878 13.2487
-7.7665 13.0964
-7.61421 13.0964
-7.30964 12.9442
-7.15736 12.7919
-7.00508 12.7919
-6.85279 12.6396
-6.70051 12.4873
-6.54822 12.4873
-6.39594 12.335
-6.24365 12.1827
-5.93909 12.1827
-5.7868 12.0305
-5.63452 11.8782
-5.48223 11.8782
-5.32995 11.7259
-5.17766 11.5736
-5.02538 11.5736
-4.8731 11.4213
-4.72081 11.269
-4.56853 11.269
-4.41624 11.1168
-4.26396 10.9645
-3.95939 10.9645
-3.80711 10.8122
-3.65482 10.6599
-3.50254 10.6599
-3.35025 10.5076
-3.19797 10.3553
-3.04569 10.203
-2.8934 10.203
-2.74112 10.0508
-2.43655 9.89848
-2.28426 9.74619
-2.13198 9.74619
-1.9797 9.59391
-1.82741 9.44162
-1.67513 9.28934
-1.52284 9.28934
-1.21827 9.13706
-1.06599 8.98477
-0.913706 8.83249
-0.761421 8.6802
-0.609137 8.52792
-0.456853 8.37563
-0.152284 8.22335
0 8.07107
0.152284 7.91878
0.304569 7.7665
0.456853 7.61421
0.609137 7.46193
0.761421 7.30964
0.913706 7.15736
1.06599 7.00508
1.21827 6.85279
1.37056 6.54822
1.52284 6.39594
1.67513 6.24365
1.82741 5.93909
1.9797 5.7868
2.13198 5.63452
2.28426 5.32995
2.43655 5.17766
2.58883 5.02538
2.74112 4.72081
2.8934 4.56853
3.04569 4.26396
3.19797 4.11168
3.35025 3.80711
3.50254 3.65482
3.65482 3.35025
3.65482 3.19797
3.80711 2.8934
3.95939 2.58883
4.11168 2.43655
