4.11168 2.13198
4.56853 1.82741
5.02538 1.52284
5.32995 1.21827
5.63452 0.913706
6.09137 0.609137
6.39594 0.304569
6.70051 -0.152284
6.85279 -0.456853
7.15736 -0.761421
7.30964 -1.06599
7.61421 -1.52284
7.7665 -1.82741
7.91878 -2.28426
8.07107 -2.58883
8.07107 -3.04569
8.22335 -3.35025
8.22335 -3.80711
8.22335 -4.11168
8.22335 -4.41624
8.22335 -4.8731
8.07107 -5.17766
8.07107 -5.48223
7.91878 -5.93909
7.7665 -6.24365
7.61421 -6.54822
7.30964 -6.85279
7.15736 -7.15736
6.85279 -7.30964
6.54822 -7.61421
6.39594 -7.7665
6.09137 -8.07107
5.7868 -8.22335
5.32995 -8.52792
5.02538 -8.6802
4.72081 -8.83249
4.26396 -8.98477
3.95939 -9.13706
3.65482 -9.13706
3.19797 -9.28934
2.8934 -9.44162
2.43655 -9.44162
2.13198 -9.59391
1.82741 -9.59391
1.37056 -9.74619
1.06599 -9.74619
0.609137 -9.89848
0.304569 -9.89848
0 -9.89848
-0.304569 -10.0508
-0.609137 -10.0508
-0.913706 -10.0508
-1.21827 -10.203
-1.52284 -10.203
-1.82741 -10.203
-2.13198 -10.3553
-2.43655 -10.3553
-2.74112 -10.5076
-2.8934 -10.5076
-3.19797 -10.5076
-3.50254 -10.6599
-3.80711 -10.6599
-3.95939 -10.6599
-4.26396 -10.8122
-4.56853 -10.8122
-4.72081 -10.8122
-5.02538 -10.9645
-5.32995 -10.9645
-5.48223 -10.9645
-5.7868 -10.9645
-6.09137 -11.1168
-6.24365 -11.1168
-6.54822 -11.1168
-6.85279 -11.1168
-7.00508 -11.1168
-7.30964 -11.1168
-7.46193 -11.1168
-7.7665 -11.1168
-8.07107 -11.1168
-8.22335 -11.1168
-8.52792 -11.1168
-8.6802 -11.1168
-8.98477 -11.1168
-9.13706 -10.9645
-9.44162 -10.9645
-9.74619 -10.9645
-9.89848 -10.9645
-10.203 -10.8122
-10.3553 -10.8122
-10.6599 -10.8122
-10.8122 -10.6599
-10.9645 -10.6599
-11.269 -10.6599
-11.4213 -10.5076
-11.7259 -10.5076
-11.8782 -10.5076
-12.1827 -10.3553
-12.335 -10.3553
-12.4873 -10.3553
-12.7919 -10.203
-12.9442 -10.203
-13.2487 -10.0508
-13.401 -10.0508
-13.5533 -9.89848
-13.8579 -9.89848
-14.0102 -9.74619
-14.1624 -9.74619
-14.467 -9.74619
-14.6193 -9.59391
-14.7716 -9.59391
-15.0761 -9.44162
-15.2284 -9.44162
-15.3807 -9.28934
-15.533 -9.13706
-15.8376 -9.13706
-15.9898 -8.98477
-16.1421 -8.98477
-16.4467 -8.83249
-16.599 -8.83249
-16.7513 -8.6802
-16.9036 -8.52792
-17.2081 -8.52792
-17.3604 -8.37563
-17.5127 -8.22335
-17.665 -8.22335
-17.9695 -8.07107
-18.1218 -7.91878
-18.2741 -7.7665
-18.4264 -7.7665
-18.5787 -7.61421
-18.8832 -7.46193
-19.0355 -7.30964
-19.1878 -7.30964
-19.3401 -7.15736
-19.4924 -7.00508
-19.797 -6.85279
-19.9492 -6.70051
-20.1015 -6.54822
-20.2538 -6.39594
-20.4061 -6.24365
-20.5584 -6.09137
-20.7107 -5.93909
-20.8629 -5.7868
-21.0152 -5.63452
-21.3198 -5.48223
-21.4721 -5.32995
-21.6244 -5.17766
-21.7766 -5.02538
-21.9289 -4.8731
-22.0812 -4.72081
-22.2335 -4.56853
-22.3858 -4.26396
-22.5381 -4.11168
-22.6904 -3.95939
-22.6904 -3.80711
-22.8426 -3.50254
-22.9949 -3.35025
-23.1472 -3.19797
-23.2995 -3.04569
-23.4518 -2.74112
-23.6041 -2.58883
-23.7563 -2.43655
-23.7563 -2.13198
-23.9086 -1.9797
-24.0609 -1.67513
-24.2132 -1.52284
-24.3655 -1.37056
-24.3655 -1.06599
-24.5178 -0.913706
-24.6701 -0.609137
-24.6701 -0.456853
-24.8223 -0.152284
-24.9746 0.152284
-24.9746 0.304569
-25.1269 0.609137
-25.2792 0.761421
-25.2792 1.06599
-25.4315 1.37056
-25.4315 1.52284
-25.5838 1.82741
-25.5838 2.13198
-25.736 2.28426
-25.736 2.58883
-25.8883 2.8934
-25.8883 3.04569
-25.8883 3.35025
-26.0406 3.65482
-26.0406 3.95939
-26.0406 4.26396
-26.0406 4.41624
-26.1929 4.72081
-26.1929 5.02538
-26.1929 5.32995
-26.1929 5.63452
-26.1929 5.93909
-26.1929 6.24365
-26.1929 6.54822
-26.1929 6.70051
-26.1929 7.00508
-26.1929 7.30964
-26.1929 7.61421
-26.0406 7.91878
-26.0406 8.22335
-26.0406 8.52792
-26.0406 8.83249
-25.8883 9.13706
-25.8883 9.44162
-25.736 9.74619
-25.736 10.0508
-25.5838 10.3553
-25.5838 10.5076
-25.4315 10.8122
-25.4315 11.1168
-25.2792 11.4213
-25.1269 11.7259
-25.1269 12.0305
-24.9746 12.335
-24.8223 12.6396
-24.6701 12.9442
-24.5178 13.2487
-24.3655 13.401
-24.2132 13.7056
-24.0609 14.0102
-23.9086 14.3147
-23.7563 14.467
-23.6041 14.7716
-23.2995 15.0761
-23.1472 15.2284
-22.9949 15.533
-22.6904 15.6853
-22.5381 15.9898
-22.2335 16.1421
-21.9289 16.2944
-21.7766 16.599
-21.4721 16.7513
-21.1675 16.9036
-20.8629 17.0558
-20.5584 17.2081
-20.2538 17.2081
-19.9492 17.3604
-19.6447 17.3604
-19.3401 17.5127
-19.0355 17.5127
-18.731 17.5127
-18.4264 17.5127
-17.9695 17.5127
-17.665 17.5127
-17.3604 17.5127
-17.0558 17.5127
-16.7513 17.3604
-16.2944 17.3604
-15.9898 17.2081
-15.6853 17.2081
-15.3807 17.0558
-15.0761 16.9036
-14.7716 16.7513
-14.467 16.7513
-14.1624 16.599
-13.8579 16.4467
-13.5533 16.2944
-13.2487 16.1421
-12.9442 15.9898
-12.7919 15.8376
-12.4873 15.6853
-12.1827 15.533
-12.0305 15.3807
-11.7259 15.2284
-11.5736 15.0761
-11.269 15.0761
-10.9645 14.9239
-10.8122 14.7716
-10.6599 14.6193
-10.3553 14.467
-10.203 14.467
-9.89848 14.3147
-9.74619 14.1624
-9.59391 14.0102
-9.28934 14.0102
-9.13706 13.8579
-8.98477 13.7056
-8.83249 13.5533
-8.52792 13.5533
-8.37563 13.401
-8.22335 13.2487
-8.07107 13.2487
-7.91878 13.0964
-7.61421 12.9442
-7.46193 12.9442
-7.30964 12.7919
-7.15736 12.6396
-7.00508 12.6396
-6.85279 12.4873
-6.70051 12.335
-6.39594 12.335
-6.24365 12.1827
-6.09137 12.0305
-5.93909 12.0305
-5.7868 11.8782
-5.63452 11.7259
-5.48223 11.7259
-5.32995 11.5736
-5.17766 11.4213
-5.02538 11.4213
-4.8731 11.269
-4.72081 11.1168
-4.56853 11.1168
-4.26396 10.9645
-4.11168 10.8122
-3.95939 10.8122
-3.80711 10.6599
-3.65482 10.5076
-3.50254 10.5076
-3.35025 10.3553
-3.19797 10.203
-3.04569 10.203
-2.8934 10.0508
-2.58883 9.89848
-2.43655 9.89848
-2.28426 9.74619
-2.13198 9.59391
-1.9797 9.44162
-1.82741 9.44162
-1.67513 9.28934
-1.37056 9.13706
-1.21827 8.98477
-1.06599 8.83249
-0.913706 8.83249
-0.761421 8.6802
-0.609137 8.52792
-0.304569 8.37563
-0.152284 8.22335
0 8.07107
0.152284 7.91878
0.304569 7.7665
0.456853 7.61421
0.609137 7.46193
0.761421 7.30964
1.06599 7.00508
1.21827 6.85279
1.37056 6.70051
1.52284 6.54822
1.67513 6.39594
1.82741 6.09137
1.9797 5.93909
2.13198 5.7868
2.28426 5.48223
2.28426 5.32995
2.43655 5.17766
2.58883 4.8731
2.74112 4.72081
2.8934 4.41624
3.04569 4.26396
3.19797 3.95939
3.35025 3.80711
3.50254 3.50254
3.65482 3.35025
3.80711 3.04569
3.95939 2.8934
4.11168 2.58883
4.11168 2.28426
