6.39594 2.13198
6.54822 1.82741
6.54822 1.52284
6.70051 1.06599
6.70051 0.761421
6.70051 0.456853
6.70051 0.152284
6.70051 -0.152284
6.54822 -0.456853
6.54822 -0.913706
6.39594 -1.21827
6.39594 -1.52284
6.24365 -1.82741
6.09137 -2.13198
5.93909 -2.43655
5.7868 -2.74112
5.63452 -3.04569
5.32995 -3.19797
5.17766 -3.50254
5.02538 -3.80711
4.72081 -4.11168
4.56853 -4.26396
4.26396 -4.56853
4.11168 -4.72081
3.80711 -5.02538
3.50254 -5.17766
3.35025 -5.48223
3.04569 -5.63452
2.74112 -5.7868
2.43655 -5.93909
2.28426 -6.24365
1.9797 -6.39594
1.67513 -6.54822
1.37056 -6.70051
1.06599 -6.85279
0.761421 -7.00508
0.609137 -7.15736
0.304569 -7.30964
0 -7.46193
-0.304569 -7.46193
-0.456853 -7.61421
-0.761421 -7.7665
-1.06599 -7.91878
-1.37056 -7.91878
-1.52284 -8.07107
-1.82741 -8.22335
-2.13198 -8.37563
-2.28426 -8.37563
-2.58883 -8.52792
-2.74112 -8.6802
-3.04569 -8.83249
-3.19797 -8.83249
-3.50254 -8.98477
-3.65482 -9.13706
-3.95939 -9.28934
-4.11168 -9.44162
-4.26396 -9.44162
-4.56853 -9.59391
-4.72081 -9.74619
-5.02538 -9.89848
-5.17766 -9.89848
-5.32995 -10.0508
-5.63452 -10.203
-5.7868 -10.3553
-6.09137 -10.3553
-6.24365 -10.5076
-6.54822 -10.6599
-6.70051 -10.6599
-7.00508 -10.8122
-7.15736 -10.8122
-7.46193 -10.9645
-7.61421 -10.9645
-7.91878 -11.1168
-8.07107 -11.1168
-8.37563 -11.1168
-8.52792 -11.269
-8.83249 -11.269
-9.13706 -11.269
-9.28934 -11.269
-9.59391 -11.269
-9.74619 -11.269
-10.0508 -11.269
-10.203 -11.269
-10.5076 -11.269
-10.8122 -11.269
-10.9645 -11.269
-11.269 -11.269
-11.4213 -11.269
-11.7259 -11.1168
-11.8782 -11.1168
-12.1827 -11.1168
-12.335 -11.1168
-12.6396 -11.1168
-12.7919 -10.9645
-13.0964 -10.9645
-13.2487 -10.9645
-13.5533 -10.9645
-13.7056 -10.9645
-14.0102 -10.8122
-14.1624 -10.8122
-14.467 -10.8122
-14.6193 -10.8122
-14.9239 -10.8122
-15.0761 -10.8122
-15.3807 -10.6599
-15.533 -10.6599
-15.8376 -10.6599
-15.9898 -10.6599
-16.2944 -10.6599
-16.4467 -10.5076
-16.7513 -10.5076
-17.0558 -10.5076
-17.2081 -10.5076
-17.5127 -10.3553
-17.665 -10.3553
-17.9695 -10.3553
-18.2741 -10.3553
-18.4264 -10.203
-18.731 -10.203
-18.8832 -10.203
-19.1878 -10.0508
-19.4924 -10.0508
-19.6447 -9.89848
-19.9492 -9.89848
-20.1015 -9.74619
-20.4061 -9.74619
-20.7107 -9.59391
-20.8629 -9.44162
-21.1675 -9.44162
-21.3198 -9.28934
-21.6244 -9.13706
-21.9289 -9.13706
-22.0812 -8.98477
-22.3858 -8.83249
-22.5381 -8.6802
-22.8426 -8.52792
-22.9949 -8.37563
-23.2995 -8.22335
-23.4518 -8.07107
-23.7563 -7.91878
-23.9086 -7.7665
-24.2132 -7.61421
-24.3655 -7.46193
-24.5178 -7.30964
-24.8223 -7.00508
-24.9746 -6.85279
-25.1269 -6.70051
-25.4315 -6.39594
-25.5838 -6.24365
-25.736 -6.09137
-25.8883 -5.7868
-26.0406 -5.63452
-26.1929 -5.32995
-26.3452 -5.17766
-26.4975 -4.8731
-26.6497 -4.72081
-26.802 -4.41624
-26.9543 -4.11168
-27.1066 -3.95939
-27.2589 -3.65482
-27.4112 -3.35025
-27.4112 -3.19797
-27.5635 -2.8934
-27.7157 -2.58883
-27.7157 -2.28426
-27.868 -2.13198
-27.868 -1.82741
-28.0203 -1.52284
-28.0203 -1.21827
-28.0203 -0.913706
-28.1726 -0.761421
-28.1726 -0.456853
-28.1726 -0.152284
-28.1726 0.152284
-28.1726 0.456853
-28.1726 0.761421
-28.1726 0.913706
-28.1726 1.21827
-28.1726 1.52284
-28.1726 1.82741
-28.1726 2.13198
-28.1726 2.43655
-28.1726 2.74112
-28.1726 2.8934
-28.0203 3.19797
-28.0203 3.50254
-28.0203 3.80711
-27.868 4.11168
-27.868 4.26396
-27.868 4.56853
-27.7157 4.8731
-27.7157 5.17766
-27.5635 5.32995
-27.5635 5.63452
-27.4112 5.93909
-27.4112 6.24365
-27.2589 6.39594
-27.2589 6.70051
-27.1066 7.00508
-27.1066 7.30964
-26.9543 7.46193
-26.802 7.7665
-26.802 8.07107
-26.6497 8.22335
-26.4975 8.52792
-26.3452 8.83249
-26.3452 8.98477
-26.1929 9.28934
-26.0406 9.44162
-25.8883 9.74619
-25.736 9.89848
-25.5838 10.203
-25.4315 10.3553
-25.2792 10.6599
-25.1269 10.8122
-24.9746 11.1168
-24.8223 11.269
-24.6701 11.5736
-24.5178 11.7259
-24.2132 11.8782
-24.0609 12.1827
-23.9086 12.335
-23.6041 12.4873
-23.4518 12.6396
-23.2995 12.7919
-22.9949 12.9442
-22.8426 13.0964
-22.5381 13.401
-22.3858 13.5533
-22.0812 13.5533
-21.9289 13.7056
-21.6244 13.8579
-21.4721 14.0102
-21.1675 14.1624
-21.0152 14.1624
-20.7107 14.3147
-20.4061 14.467
-20.2538 14.467
-19.9492 14.6193
-19.6447 14.6193
-19.4924 14.7716
-19.1878 14.7716
-18.8832 14.7716
-18.5787 14.9239
-18.4264 14.9239
-18.1218 14.9239
-17.8173 14.9239
-17.665 14.9239
-17.3604 14.9239
-17.0558 14.9239
-16.7513 14.9239
-16.599 14.9239
-16.2944 14.9239
-15.9898 14.9239
-15.8376 14.9239
-15.533 14.9239
-15.3807 14.7716
-15.0761 14.7716
-14.7716 14.7716
-14.6193 14.7716
-14.3147 14.7716
-14.1624 14.6193
-13.8579 14.6193
-13.7056 14.6193
-13.401 14.6193
-13.2487 14.6193
-12.9442 14.467
-12.7919 14.467
-12.6396 14.467
-12.335 14.467
-12.1827 14.467
-11.8782 14.467
-11.7259 14.3147
-11.5736 14.3147
-11.269 14.3147
-11.1168 14.3147
-10.8122 14.3147
-10.6599 14.3147
-10.5076 14.3147
-10.203 14.1624
-10.0508 14.1624
-9.74619 14.1624
-9.59391 14.1624
-9.44162 14.1624
-9.13706 14.0102
-8.98477 14.0102
-8.6802 14.0102
-8.52792 14.0102
-8.37563 13.8579
-8.07107 13.8579
-7.91878 13.8579
-7.61421 13.7056
-7.46193 13.7056
-7.30964 13.7056
-7.00508 13.5533
-6.85279 13.5533
-6.54822 13.401
-6.39594 13.401
-6.24365 13.2487
-5.93909 13.2487
-5.7868 13.0964
-5.63452 13.0964
-5.32995 12.9442
-5.17766 12.9442
-4.8731 12.7919
-4.72081 12.7919
-4.56853 12.6396
-4.26396 12.4873
-4.11168 12.4873
-3.80711 12.335
-3.65482 12.1827
-3.35025 12.1827
-3.19797 12.0305
-3.04569 11.8782
-2.74112 11.8782
-2.58883 11.7259
-2.28426 11.5736
-2.13198 11.5736
-1.82741 11.4213
-1.67513 11.269
-1.37056 11.1168
-1.06599 10.9645
-0.913706 10.9645
-0.609137 10.8122
-0.456853 10.6599
-0.152284 10.5076
0 10.3553
0.304569 10.203
0.456853 10.0508
0.761421 9.89848
1.06599 9.74619
1.21827 9.59391
1.52284 9.28934
1.67513 9.13706
1.9797 8.98477
2.13198 8.83249
2.43655 8.52792
2.58883 8.37563
2.8934 8.22335
3.04569 7.91878
3.35025 7.7665
3.50254 7.46193
3.65482 7.30964
3.95939 7.00508
4.11168 6.85279
4.26396 6.54822
4.56853 6.24365
4.72081 5.93909
4.8731 5.7868
5.02538 5.48223
5.17766 5.17766
5.32995 4.8731
5.48223 4.56853
5.63452 4.26396
5.7868 3.95939
5.93909 3.65482
6.09137 3.35025
6.09137 3.04569
6.24365 2.74112
6.39594 2.43655
