4.56853 1.82741
5.17766 1.67513
5.63452 1.37056
6.09137 1.06599
6.54822 0.761421
7.00508 0.304569
7.30964 0
7.61421 -0.304569
7.91878 -0.761421
8.22335 -1.06599
8.52792 -1.52284
8.6802 -1.82741
8.83249 -2.28426
8.98477 -2.58883
9.13706 -3.04569
9.13706 -3.35025
9.28934 -3.80711
9.28934 -4.11168
9.28934 -4.56853
9.28934 -4.8731
9.13706 -5.32995
9.13706 -5.63452
8.98477 -5.93909
8.83249 -6.24365
8.6802 -6.70051
8.37563 -7.00508
8.22335 -7.30964
7.91878 -7.46193
7.7665 -7.7665
7.46193 -8.07107
7.15736 -8.22335
6.85279 -8.52792
6.39594 -8.6802
6.09137 -8.83249
5.7868 -9.13706
5.32995 -9.28934
5.02538 -9.44162
4.72081 -9.59391
4.26396 -9.59391
3.80711 -9.74619
3.50254 -9.89848
3.04569 -9.89848
2.74112 -10.0508
2.28426 -10.0508
1.9797 -10.203
1.52284 -10.203
1.21827 -10.203
0.913706 -10.3553
0.456853 -10.3553
0.152284 -10.3553
-0.152284 -10.5076
-0.456853 -10.5076
-0.761421 -10.5076
-1.06599 -10.5076
-1.37056 -10.6599
-1.67513 -10.6599
-1.9797 -10.6599
-2.28426 -10.6599
-2.58883 -10.8122
-2.8934 -10.8122
-3.19797 -10.8122
-3.50254 -10.8122
-3.65482 -10.9645
-3.95939 -10.9645
-4.26396 -10.9645
-4.41624 -10.9645
-4.72081 -10.9645
-5.02538 -11.1168
-5.32995 -11.1168
-5.48223 -11.1168
-5.7868 -11.1168
-6.09137 -11.1168
-6.24365 -11.1168
-6.54822 -11.1168
-6.70051 -11.1168
-7.00508 -11.1168
-7.30964 -11.1168
-7.46193 -11.1168
-7.7665 -11.1168
-7.91878 -11.1168
-8.22335 -11.1168
-8.37563 -11.1168
-8.6802 -11.1168
-8.98477 -10.9645
-9.13706 -10.9645
-9.44162 -10.9645
-9.59391 -10.9645
-9.89848 -10.9645
-10.0508 -10.8122
-10.3553 -10.8122
-10.5076 -10.8122
-10.6599 -10.6599
-10.9645 -10.6599
-11.1168 -10.6599
-11.4213 -10.5076
-11.5736 -10.5076
-11.8782 -10.5076
-12.0305 -10.3553
-12.1827 -10.3553
-12.4873 -10.3553
-12.6396 -10.203
-12.7919 -10.203
-13.0964 -10.0508
-13.2487 -10.0508
-13.401 -10.0508
-13.7056 -9.89848
-13.8579 -9.89848
-14.0102 -9.74619
-14.3147 -9.74619
-14.467 -9.59391
-14.6193 -9.59391
-14.9239 -9.44162
-15.0761 -9.44162
-15.2284 -9.28934
-15.533 -9.28934
-15.6853 -9.13706
-15.8376 -9.13706
-15.9898 -8.98477
-16.2944 -8.83249
-16.4467 -8.83249
-16.599 -8.6802
-16.9036 -8.6802
-17.0558 -8.52792
-17.2081 -8.52792
-17.3604 -8.37563
-17.665 -8.22335
-17.8173 -8.22335
-17.9695 -8.07107
-18.1218 -7.91878
-18.4264 -7.7665
-18.5787 -7.7665
-18.731 -7.61421
-18.8832 -7.46193
-19.1878 -7.30964
-19.3401 -7.30964
-19.4924 -7.15736
-19.6447 -7.00508
-19.9492 -6.85279
-20.1015 -6.70051
-20.2538 -6.54822
-20.4061 -6.39594
-20.5584 -6.24365
-20.7107 -6.09137
-21.0152 -5.93909
-21.1675 -5.7868
-21.3198 -5.63452
-21.4721 -5.48223
-21.6244 -5.32995
-21.7766 -5.17766
-21.9289 -5.02538
-22.0812 -4.72081
-22.2335 -4.56853
-22.3858 -4.41624
-22.5381 -4.26396
-22.5381 -3.95939
-22.6904 -3.80711
-22.8426 -3.65482
-22.9949 -3.35025
-23.1472 -3.19797
-23.2995 -3.04569
-23.2995 -2.74112
-23.4518 -2.58883
-23.6041 -2.43655
-23.7563 -2.13198
-23.7563 -1.9797
-23.9086 -1.67513
-24.0609 -1.52284
-24.2132 -1.21827
-24.2132 -1.06599
-24.3655 -0.761421
-24.5178 -0.609137
-24.5178 -0.304569
-24.6701 -0.152284
-24.6701 0.152284
-24.8223 0.304569
-24.9746 0.609137
-24.9746 0.913706
-25.1269 1.06599
-25.1269 1.37056
-25.2792 1.67513
-25.2792 1.82741
-25.4315 2.13198
-25.4315 2.43655
-25.5838 2.74112
-25.5838 2.8934
-25.5838 3.19797
-25.736 3.50254
-25.736 3.80711
-25.736 3.95939
-25.8883 4.26396
-25.8883 4.56853
-25.8883 4.8731
-25.8883 5.17766
-25.8883 5.48223
-25.8883 5.7868
-26.0406 6.09137
-26.0406 6.39594
-26.0406 6.54822
-26.0406 6.85279
-26.0406 7.15736
-25.8883 7.46193
-25.8883 7.7665
-25.8883 8.07107
-25.8883 8.37563
-25.8883 8.6802
-25.736 8.98477
-25.736 9.28934
-25.736 9.59391
-25.5838 9.89848
-25.5838 10.203
-25.4315 10.5076
-25.4315 10.8122
-25.2792 11.1168
-25.2792 11.4213
-25.1269 11.7259
-24.9746 12.0305
-24.9746 12.335
-24.8223 12.6396
-24.6701 12.9442
-24.5178 13.2487
-24.3655 13.5533
-24.2132 13.8579
-24.0609 14.1624
-23.9086 14.467
-23.7563 14.7716
-23.6041 14.9239
-23.4518 15.2284
-23.1472 15.533
-22.9949 15.6853
-22.6904 15.9898
-22.5381 16.1421
-22.2335 16.4467
-21.9289 16.599
-21.7766 16.7513
-21.4721 16.9036
-21.1675 17.0558
-20.8629 17.2081
-20.5584 17.3604
-20.2538 17.5127
-19.9492 17.5127
-19.6447 17.665
-19.3401 17.665
-18.8832 17.665
-18.5787 17.665
-18.2741 17.665
-17.8173 17.665
-17.5127 17.665
-17.2081 17.5127
-16.7513 17.5127
-16.4467 17.3604
-16.1421 17.3604
-15.8376 17.2081
-15.3807 17.0558
-15.0761 16.9036
-14.7716 16.7513
-14.467 16.599
-14.1624 16.4467
-13.8579 16.2944
-13.5533 16.1421
-13.2487 15.9898
-12.9442 15.8376
-12.6396 15.6853
-12.4873 15.533
-12.1827 15.3807
-11.8782 15.2284
-11.7259 15.0761
-11.4213 14.9239
-11.1168 14.7716
-10.9645 14.6193
-10.6599 14.467
-10.5076 14.3147
-10.3553 14.3147
-10.0508 14.1624
-9.89848 14.0102
-9.59391 13.8579
-9.44162 13.8579
-9.28934 13.7056
-9.13706 13.7056
-8.83249 13.5533
-8.6802 13.401
-8.52792 13.401
-8.22335 13.2487
-8.07107 13.2487
-7.91878 13.0964
-7.7665 13.0964
-7.61421 12.9442
-7.30964 12.7919
-7.15736 12.7919
-7.00508 12.6396
-6.85279 12.6396
-6.70051 12.4873
-6.39594 12.335
-6.24365 12.335
-6.09137 12.1827
-5.93909 12.0305
-5.7868 12.0305
-5.63452 11.8782
-5.48223 11.7259
-5.32995 11.7259
-5.17766 11.5736
-5.02538 11.4213
-4.8731 11.4213
-4.56853 11.269
-4.41624 11.1168
-4.26396 11.1168
-4.11168 10.9645
-3.95939 10.8122
-3.80711 10.8122
-3.65482 10.6599
-3.50254 10.5076
-3.35025 10.5076
-3.19797 10.3553
-3.04569 10.203
-2.8934 10.0508
-2.58883 10.0508
-2.43655 9.89848
-2.28426 9.74619
-2.13198 9.74619
-1.9797 9.59391
-1.82741 9.44162
-1.52284 9.44162
-1.37056 9.28934
-1.21827 9.13706
-1.06599 8.98477
-0.913706 8.83249
-0.609137 8.83249
-0.456853 8.6802
-0.304569 8.52792
-0.152284 8.37563
0 8.22335
0.152284 8.07107
0.456853 7.91878
0.609137 7.7665
0.761421 7.61421
0.913706 7.46193
1.06599 7.30964
1.21827 7.15736
1.37056 6.85279
1.52284 6.70051
1.67513 6.54822
1.67513 6.39594
1.82741 6.09137
1.9797 5.93909
2.13198 5.7868
2.28426 5.48223
2.43655 5.32995
2.58883 5.17766
2.58883 4.8731
2.74112 4.72081
2.8934 4.56853
3.04569 4.26396
3.19797 4.11168
3.35025 3.80711
3.50254 3.65482
3.80711 3.35025
3.95939 3.19797
4.11168 2.8934
4.26396 2.58883
4.56853 2.43655
4.72081 2.13198
