4.56853 1.9797
5.02538 1.67513
5.63452 1.37056
6.09137 1.06599
6.54822 0.761421
6.85279 0.456853
7.30964 0
7.61421 -0.304569
7.91878 -0.761421
8.22335 -1.06599
8.52792 -1.37056
8.6802 -1.82741
8.83249 -2.28426
8.98477 -2.58883
9.13706 -3.04569
9.28934 -3.35025
9.28934 -3.80711
9.28934 -4.11168
9.28934 -4.56853
9.28934 -4.8731
9.13706 -5.32995
9.13706 -5.63452
8.98477 -5.93909
8.83249 -6.24365
8.6802 -6.70051
8.37563 -7.00508
8.22335 -7.15736
7.91878 -7.46193
7.61421 -7.7665
7.30964 -7.91878
7.00508 -8.22335
6.70051 -8.37563
6.39594 -8.6802
5.93909 -8.83249
5.63452 -8.98477
5.17766 -9.13706
4.8731 -9.28934
4.41624 -9.44162
4.11168 -9.44162
3.65482 -9.59391
3.19797 -9.74619
2.8934 -9.74619
2.43655 -9.74619
2.13198 -9.89848
1.67513 -9.89848
1.37056 -10.0508
0.913706 -10.0508
0.609137 -10.0508
0.304569 -10.0508
0 -10.203
-0.304569 -10.203
-0.761421 -10.203
-1.06599 -10.3553
-1.37056 -10.3553
-1.52284 -10.3553
-1.82741 -10.5076
-2.13198 -10.5076
-2.43655 -10.5076
-2.74112 -10.6599
-3.04569 -10.6599
-3.19797 -10.6599
-3.50254 -10.8122
-3.80711 -10.8122
-3.95939 -10.8122
-4.26396 -10.9645
-4.56853 -10.9645
-4.72081 -10.9645
-5.02538 -11.1168
-5.32995 -11.1168
-5.48223 -11.1168
-5.7868 -11.1168
-6.09137 -11.1168
-6.24365 -11.269
-6.54822 -11.269
-6.70051 -11.269
-7.00508 -11.269
-7.30964 -11.269
-7.46193 -11.269
-7.7665 -11.269
-8.07107 -11.1168
-8.22335 -11.1168
-8.52792 -11.1168
-8.6802 -11.1168
-8.98477 -11.1168
-9.13706 -10.9645
-9.44162 -10.9645
-9.59391 -10.9645
-9.89848 -10.9645
-10.0508 -10.8122
-10.3553 -10.8122
-10.5076 -10.8122
-10.8122 -10.6599
-10.9645 -10.6599
-11.269 -10.5076
-11.4213 -10.5076
-11.5736 -10.5076
-11.8782 -10.3553
-12.0305 -10.3553
-12.1827 -10.203
-12.4873 -10.203
-12.6396 -10.203
-12.9442 -10.0508
-13.0964 -10.0508
-13.2487 -9.89848
-13.5533 -9.89848
-13.7056 -9.89848
-13.8579 -9.74619
-14.1624 -9.74619
-14.3147 -9.59391
-14.467 -9.59391
-14.6193 -9.44162
-14.9239 -9.44162
-15.0761 -9.28934
-15.2284 -9.28934
-15.533 -9.13706
-15.6853 -9.13706
-15.8376 -8.98477
-16.1421 -8.98477
-16.2944 -8.83249
-16.4467 -8.83249
-16.7513 -8.6802
-16.9036 -8.6802
-17.0558 -8.52792
-17.2081 -8.37563
-17.5127 -8.37563
-17.665 -8.22335
-17.8173 -8.22335
-18.1218 -8.07107
-18.2741 -7.91878
-18.4264 -7.7665
-18.5787 -7.7665
-18.8832 -7.61421
-19.0355 -7.46193
-19.1878 -7.30964
-19.3401 -7.30964
-19.6447 -7.15736
-19.797 -7.00508
-19.9492 -6.85279
-20.1015 -6.70051
-20.2538 -6.54822
-20.4061 -6.39594
-20.7107 -6.24365
-20.8629 -6.09137
-21.0152 -5.93909
-21.1675 -5.7868
-21.3198 -5.63452
-21.4721 -5.48223
-21.6244 -5.32995
-21.7766 -5.17766
-21.9289 -4.8731
-22.0812 -4.72081
-22.2335 -4.56853
-22.3858 -4.41624
-22.5381 -4.11168
-22.6904 -3.95939
-22.8426 -3.80711
-22.8426 -3.65482
-22.9949 -3.35025
-23.1472 -3.19797
-23.2995 -3.04569
-23.4518 -2.74112
-23.4518 -2.58883
-23.6041 -2.28426
-23.7563 -2.13198
-23.9086 -1.9797
-23.9086 -1.67513
-24.0609 -1.52284
-24.2132 -1.21827
-24.2132 -1.06599
-24.3655 -0.761421
-24.5178 -0.609137
-24.5178 -0.304569
-24.6701 0
-24.8223 0.152284
-24.8223 0.456853
-24.9746 0.609137
-24.9746 0.913706
-25.1269 1.21827
-25.2792 1.37056
-25.2792 1.67513
-25.4315 1.9797
-25.4315 2.13198
-25.5838 2.43655
-25.5838 2.74112
-25.5838 2.8934
-25.736 3.19797
-25.736 3.50254
-25.736 3.80711
-25.8883 4.11168
-25.8883 4.41624
-25.8883 4.56853
-25.8883 4.8731
-26.0406 5.17766
-26.0406 5.48223
-26.0406 5.7868
-26.0406 6.09137
-26.0406 6.39594
-26.0406 6.70051
-26.0406 7.00508
-26.0406 7.30964
-26.0406 7.46193
-25.8883 7.7665
-25.8883 8.07107
-25.8883 8.37563
-25.8883 8.6802
-25.736 8.98477
-25.736 9.28934
-25.736 9.59391
-25.5838 9.89848
-25.5838 10.203
-25.4315 10.5076
-25.4315 10.8122
-25.2792 11.1168
-25.1269 11.4213
-25.1269 11.7259
-24.9746 12.0305
-24.8223 12.335
-24.8223 12.6396
-24.6701 12.9442
-24.5178 13.2487
-24.3655 13.5533
-24.2132 13.8579
-24.0609 14.0102
-23.9086 14.3147
-23.7563 14.6193
-23.4518 14.9239
-23.2995 15.0761
-23.1472 15.3807
-22.8426 15.6853
-22.6904 15.8376
-22.3858 16.1421
-22.2335 16.2944
-21.9289 16.4467
-21.6244 16.7513
-21.4721 16.9036
-21.1675 17.0558
-20.8629 17.2081
-20.5584 17.3604
-20.2538 17.3604
-19.9492 17.5127
-19.6447 17.665
-19.3401 17.665
-18.8832 17.665
-18.5787 17.665
-18.2741 17.665
-17.8173 17.665
-17.5127 17.665
-17.2081 17.5127
-16.9036 17.5127
-16.4467 17.3604
-16.1421 17.3604
-15.8376 17.2081
-15.533 17.0558
-15.0761 16.9036
-14.7716 16.9036
-14.467 16.7513
-14.1624 16.599
-13.8579 16.4467
-13.5533 16.2944
-13.2487 16.1421
-12.9442 15.9898
-12.7919 15.6853
-12.4873 15.533
-12.1827 15.3807
-11.8782 15.2284
-11.7259 15.0761
-11.4213 15.0761
-11.269 14.9239
-10.9645 14.7716
-10.8122 14.6193
-10.5076 14.467
-10.3553 14.3147
-10.0508 14.3147
-9.89848 14.1624
-9.74619 14.0102
-9.44162 14.0102
-9.28934 13.8579
-9.13706 13.7056
-8.83249 13.7056
-8.6802 13.5533
-8.52792 13.5533
-8.37563 13.401
-8.07107 13.2487
-7.91878 13.2487
-7.7665 13.0964
-7.61421 13.0964
-7.30964 12.9442
-7.15736 12.7919
-7.00508 12.7919
-6.85279 12.6396
-6.70051 12.6396
-6.54822 12.4873
-6.24365 12.335
-6.09137 12.335
-5.93909 12.1827
-5.7868 12.0305
-5.63452 12.0305
-5.48223 11.8782
-5.32995 11.7259
-5.17766 11.5736
-5.02538 11.5736
-4.8731 11.4213
-4.72081 11.269
-4.56853 11.269
-4.41624 11.1168
-4.11168 10.9645
-3.95939 10.8122
-3.80711 10.8122
-3.65482 10.6599
-3.50254 10.5076
-3.35025 10.5076
-3.19797 10.3553
-3.04569 10.203
-2.8934 10.203
-2.74112 10.0508
-2.58883 9.89848
-2.28426 9.74619
-2.13198 9.74619
-1.9797 9.59391
-1.82741 9.44162
-1.67513 9.44162
-1.52284 9.28934
-1.21827 9.13706
-1.06599 8.98477
-0.913706 8.83249
-0.761421 8.83249
-0.609137 8.6802
-0.456853 8.52792
-0.152284 8.37563
0 8.22335
0.152284 8.07107
0.304569 7.91878
0.456853 7.7665
0.609137 7.61421
0.761421 7.46193
0.913706 7.30964
1.06599 7.15736
1.21827 6.85279
1.37056 6.70051
1.52284 6.54822
1.67513 6.39594
1.82741 6.24365
1.9797 5.93909
2.13198 5.7868
2.28426 5.63452
2.43655 5.32995
2.58883 5.17766
2.74112 5.02538
2.74112 4.72081
2.8934 4.56853
3.04569 4.26396
3.19797 4.11168
3.35025 3.80711
3.50254 3.65482
3.80711 3.35025
3.95939 3.19797
4.11168 2.8934
4.26396 2.74112
4.41624 2.43655
4.72081 2.13198
