4.41624 1.9797
5.02538 1.67513
5.63452 1.37056
6.09137 1.06599
6.54822 0.761421
7.00508 0.456853
7.30964 0
7.7665 -0.304569
8.07107 -0.609137
8.37563 -1.06599
8.6802 -1.37056
8.83249 -1.82741
8.98477 -2.28426
9.13706 -2.58883
9.28934 -3.04569
9.28934 -3.35025
9.44162 -3.80711
9.44162 -4.11168
9.44162 -4.56853
9.44162 -4.8731
9.28934 -5.32995
9.13706 -5.63452
9.13706 -5.93909
8.98477 -6.39594
8.6802 -6.70051
8.52792 -7.00508
8.37563 -7.30964
8.07107 -7.46193
7.7665 -7.7665
7.46193 -8.07107
7.15736 -8.22335
6.85279 -8.52792
6.54822 -8.6802
6.24365 -8.98477
5.7868 -9.13706
5.48223 -9.28934
5.17766 -9.44162
4.72081 -9.59391
4.41624 -9.74619
3.95939 -9.74619
3.65482 -9.89848
3.19797 -10.0508
2.74112 -10.0508
2.43655 -10.203
2.13198 -10.203
1.67513 -10.203
1.37056 -10.3553
0.913706 -10.3553
0.609137 -10.3553
0.304569 -10.5076
0 -10.5076
-0.456853 -10.5076
-0.761421 -10.6599
-1.06599 -10.6599
-1.37056 -10.6599
-1.67513 -10.6599
-1.9797 -10.8122
-2.28426 -10.8122
-2.58883 -10.8122
-2.74112 -10.8122
-3.04569 -10.9645
-3.35025 -10.9645
-3.65482 -10.9645
-3.95939 -10.9645
-4.11168 -10.9645
-4.41624 -11.1168
-4.72081 -11.1168
-5.02538 -11.1168
-5.17766 -11.1168
-5.48223 -11.1168
-5.7868 -11.1168
-5.93909 -11.1168
-6.24365 -11.1168
-6.54822 -11.1168
-6.70051 -11.1168
-7.00508 -11.1168
-7.30964 -11.1168
-7.46193 -11.1168
-7.7665 -11.1168
-7.91878 -11.1168
-8.22335 -11.1168
-8.37563 -11.1168
-8.6802 -10.9645
-8.98477 -10.9645
-9.13706 -10.9645
-9.44162 -10.9645
-9.59391 -10.9645
-9.89848 -10.8122
-10.0508 -10.8122
-10.3553 -10.8122
-10.5076 -10.6599
-10.6599 -10.6599
-10.9645 -10.6599
-11.1168 -10.6599
-11.4213 -10.5076
-11.5736 -10.5076
-11.7259 -10.5076
-12.0305 -10.3553
-12.1827 -10.3553
-12.4873 -10.203
-12.6396 -10.203
-12.7919 -10.203
-13.0964 -10.0508
-13.2487 -10.0508
-13.401 -9.89848
-13.7056 -9.89848
-13.8579 -9.89848
-14.0102 -9.74619
-14.3147 -9.74619
-14.467 -9.59391
-14.6193 -9.59391
-14.9239 -9.44162
-15.0761 -9.44162
-15.2284 -9.28934
-15.533 -9.28934
-15.6853 -9.28934
-15.8376 -9.13706
-16.1421 -8.98477
-16.2944 -8.98477
-16.4467 -8.83249
-16.7513 -8.83249
-16.9036 -8.6802
-17.0558 -8.6802
-17.3604 -8.52792
-17.5127 -8.37563
-17.665 -8.37563
-17.8173 -8.22335
-18.1218 -8.07107
-18.2741 -8.07107
-18.4264 -7.91878
-18.731 -7.7665
-18.8832 -7.7665
-19.0355 -7.61421
-19.1878 -7.46193
-19.4924 -7.30964
-19.6447 -7.15736
-19.797 -7.00508
-19.9492 -7.00508
-20.2538 -6.85279
-20.4061 -6.70051
-20.5584 -6.54822
-20.7107 -6.39594
-20.8629 -6.24365
-21.0152 -6.09137
-21.1675 -5.93909
-21.3198 -5.63452
-21.4721 -5.48223
-21.6244 -5.32995
-21.7766 -5.17766
-21.9289 -5.02538
-22.0812 -4.72081
-22.2335 -4.56853
-22.3858 -4.41624
-22.5381 -4.26396
-22.6904 -3.95939
-22.8426 -3.80711
-22.9949 -3.65482
-22.9949 -3.35025
-23.1472 -3.19797
-23.2995 -3.04569
-23.4518 -2.74112
-23.4518 -2.58883
-23.6041 -2.28426
-23.7563 -2.13198
-23.7563 -1.82741
-23.9086 -1.67513
-24.0609 -1.37056
-24.0609 -1.21827
-24.2132 -0.913706
-24.3655 -0.761421
-24.3655 -0.456853
-24.5178 -0.304569
-24.5178 0
-24.6701 0.152284
-24.6701 0.456853
-24.8223 0.609137
-24.8223 0.913706
-24.9746 1.21827
-24.9746 1.37056
-25.1269 1.67513
-25.1269 1.9797
-25.2792 2.13198
-25.2792 2.43655
-25.4315 2.74112
-25.4315 2.8934
-25.4315 3.19797
-25.4315 3.50254
-25.5838 3.80711
-25.5838 4.11168
-25.5838 4.26396
-25.5838 4.56853
-25.736 4.8731
-25.736 5.17766
-25.736 5.48223
-25.736 5.7868
-25.736 5.93909
-25.736 6.24365
-25.736 6.54822
-25.736 6.85279
-25.736 7.15736
-25.5838 7.46193
-25.5838 7.7665
-25.5838 8.07107
-25.5838 8.37563
-25.4315 8.6802
-25.4315 8.83249
-25.4315 9.13706
-25.2792 9.44162
-25.2792 9.74619
-25.2792 10.0508
-25.1269 10.3553
-25.1269 10.6599
-24.9746 10.9645
-24.8223 11.269
-24.8223 11.5736
-24.6701 11.8782
-24.5178 12.1827
-24.5178 12.4873
-24.3655 12.7919
-24.2132 13.0964
-24.0609 13.401
-23.9086 13.5533
-23.7563 13.8579
-23.6041 14.1624
-23.4518 14.467
-23.2995 14.7716
-23.1472 15.0761
-22.9949 15.2284
-22.6904 15.533
-22.5381 15.6853
-22.2335 15.9898
-22.0812 16.1421
-21.7766 16.4467
-21.6244 16.599
-21.3198 16.7513
-21.0152 16.9036
-20.7107 17.2081
-20.4061 17.2081
-20.1015 17.3604
-19.797 17.5127
-19.4924 17.5127
-19.1878 17.665
-18.8832 17.665
-18.5787 17.665
-18.1218 17.665
-17.8173 17.665
-17.5127 17.665
-17.2081 17.665
-16.7513 17.5127
-16.4467 17.5127
-16.1421 17.3604
-15.8376 17.2081
-15.3807 17.2081
-15.0761 17.0558
-14.7716 16.9036
-14.467 16.7513
-14.1624 16.599
-13.8579 16.4467
-13.5533 16.2944
-13.2487 16.1421
-12.9442 15.9898
-12.6396 15.8376
-12.4873 15.6853
-12.1827 15.533
-11.8782 15.3807
-11.7259 15.2284
-11.4213 15.0761
-11.1168 14.9239
-10.9645 14.7716
-10.6599 14.6193
-10.5076 14.467
-10.3553 14.3147
-10.0508 14.1624
-9.89848 14.1624
-9.59391 14.0102
-9.44162 13.8579
-9.28934 13.8579
-8.98477 13.7056
-8.83249 13.5533
-8.6802 13.5533
-8.52792 13.401
-8.22335 13.2487
-8.07107 13.2487
-7.91878 13.0964
-7.7665 12.9442
-7.61421 12.9442
-7.30964 12.7919
-7.15736 12.7919
-7.00508 12.6396
-6.85279 12.6396
-6.70051 12.4873
-6.54822 12.335
-6.24365 12.335
-6.09137 12.1827
-5.93909 12.0305
-5.7868 12.0305
-5.63452 11.8782
-5.48223 11.8782
-5.32995 11.7259
-5.17766 11.5736
-5.02538 11.5736
-4.72081 11.4213
-4.56853 11.4213
-4.41624 11.269
-4.26396 11.1168
-4.11168 11.1168
-3.95939 10.9645
-3.80711 10.8122
-3.65482 10.8122
-3.50254 10.6599
-3.19797 10.5076
-3.04569 10.5076
-2.8934 10.3553
-2.74112 10.203
-2.58883 10.203
-2.43655 10.0508
-2.28426 9.89848
-1.9797 9.74619
-1.82741 9.74619
-1.67513 9.59391
-1.52284 9.44162
-1.37056 9.28934
-1.21827 9.13706
-1.06599 9.13706
-0.761421 8.98477
-0.609137 8.83249
-0.456853 8.6802
-0.304569 8.52792
-0.152284 8.37563
0 8.22335
0.152284 8.07107
0.304569 7.91878
0.456853 7.7665
0.609137 7.61421
0.913706 7.46193
1.06599 7.30964
1.21827 7.15736
1.37056 7.00508
1.52284 6.70051
1.67513 6.54822
1.67513 6.39594
1.82741 6.24365
1.9797 5.93909
2.13198 5.7868
2.28426 5.63452
2.43655 5.32995
2.58883 5.17766
2.74112 5.02538
2.8934 4.72081
3.04569 4.56853
3.19797 4.26396
3.35025 4.11168
3.50254 3.95939
3.65482 3.65482
3.80711 3.35025
3.95939 3.19797
4.11168 2.8934
4.26396 2.74112
4.41624 2.43655
4.56853 2.13198
