5.17766 1.82741
5.17766 1.52284
5.32995 1.37056
5.48223 1.06599
5.63452 0.761421
5.7868 0.456853
6.09137 0.152284
6.24365 -0.152284
6.39594 -0.456853
6.70051 -0.913706
6.85279 -1.21827
7.15736 -1.52284
7.30964 -1.9797
7.46193 -2.28426
7.7665 -2.58883
7.91878 -3.04569
8.07107 -3.50254
8.22335 -3.80711
8.22335 -4.26396
8.37563 -4.56853
8.37563 -5.02538
8.52792 -5.32995
8.52792 -5.7868
8.37563 -6.09137
8.37563 -6.54822
8.22335 -6.85279
8.07107 -7.15736
7.91878 -7.46193
7.7665 -7.7665
7.46193 -8.07107
7.15736 -8.22335
6.85279 -8.52792
6.54822 -8.6802
6.24365 -8.98477
5.93909 -9.13706
5.48223 -9.28934
5.17766 -9.44162
4.8731 -9.59391
4.41624 -9.74619
3.95939 -9.74619
3.65482 -9.89848
3.19797 -10.0508
2.8934 -10.0508
2.43655 -10.0508
1.9797 -10.203
1.67513 -10.203
1.21827 -10.203
0.913706 -10.203
0.609137 -10.3553
0.152284 -10.3553
-0.152284 -10.3553
-0.456853 -10.3553
-0.761421 -10.5076
-1.06599 -10.5076
-1.37056 -10.5076
-1.67513 -10.5076
-1.9797 -10.6599
-2.28426 -10.6599
-2.58883 -10.6599
-2.8934 -10.6599
-3.04569 -10.8122
-3.35025 -10.8122
-3.65482 -10.8122
-3.95939 -10.8122
-4.11168 -10.9645
-4.41624 -10.9645
-4.72081 -10.9645
-4.8731 -10.9645
-5.17766 -11.1168
-5.48223 -11.1168
-5.63452 -11.1168
-5.93909 -11.1168
-6.09137 -11.1168
-6.39594 -11.1168
-6.70051 -11.1168
-6.85279 -11.1168
-7.15736 -11.1168
-7.30964 -11.1168
-7.61421 -11.1168
-7.91878 -11.1168
-8.07107 -11.1168
-8.37563 -11.1168
-8.52792 -11.1168
-8.83249 -11.1168
-8.98477 -10.9645
-9.28934 -10.9645
-9.44162 -10.9645
-9.74619 -10.9645
-9.89848 -10.8122
-10.203 -10.8122
-10.3553 -10.8122
-10.6599 -10.6599
-10.8122 -10.6599
-10.9645 -10.6599
-11.269 -10.5076
-11.4213 -10.5076
-11.7259 -10.5076
-11.8782 -10.3553
-12.0305 -10.3553
-12.335 -10.203
-12.4873 -10.203
-12.6396 -10.203
-12.9442 -10.0508
-13.0964 -10.0508
-13.2487 -9.89848
-13.5533 -9.89848
-13.7056 -9.89848
-13.8579 -9.74619
-14.1624 -9.74619
-14.3147 -9.59391
-14.467 -9.59391
-14.7716 -9.44162
-14.9239 -9.44162
-15.0761 -9.28934
-15.3807 -9.28934
-15.533 -9.13706
-15.6853 -9.13706
-15.9898 -8.98477
-16.1421 -8.98477
-16.2944 -8.83249
-16.4467 -8.83249
-16.7513 -8.6802
-16.9036 -8.6802
-17.0558 -8.52792
-17.3604 -8.37563
-17.5127 -8.37563
-17.665 -8.22335
-17.9695 -8.07107
-18.1218 -8.07107
-18.2741 -7.91878
-18.4264 -7.7665
-18.731 -7.7665
-18.8832 -7.61421
-19.0355 -7.46193
-19.1878 -7.30964
-19.4924 -7.15736
-19.6447 -7.15736
-19.797 -7.00508
-19.9492 -6.85279
-20.2538 -6.70051
-20.4061 -6.54822
-20.5584 -6.39594
-20.7107 -6.24365
-20.8629 -6.09137
-21.0152 -5.93909
-21.1675 -5.7868
-21.4721 -5.63452
-21.6244 -5.48223
-21.7766 -5.17766
-21.9289 -5.02538
-22.0812 -4.8731
-22.2335 -4.72081
-22.3858 -4.56853
-22.5381 -4.26396
-22.5381 -4.11168
-22.6904 -3.95939
-22.8426 -3.65482
-22.9949 -3.50254
-23.1472 -3.35025
-23.2995 -3.04569
-23.4518 -2.8934
-23.4518 -2.74112
-23.6041 -2.43655
-23.7563 -2.28426
-23.9086 -1.9797
-23.9086 -1.82741
-24.0609 -1.52284
-24.2132 -1.37056
-24.2132 -1.06599
-24.3655 -0.913706
-24.5178 -0.609137
-24.5178 -0.456853
-24.6701 -0.152284
-24.6701 0.152284
-24.8223 0.304569
-24.9746 0.609137
-24.9746 0.761421
-25.1269 1.06599
-25.1269 1.37056
-25.1269 1.52284
-25.2792 1.82741
-25.2792 2.13198
-25.2792 2.43655
-25.4315 2.58883
-25.4315 2.8934
-25.4315 3.19797
-25.4315 3.50254
-25.4315 3.65482
-25.5838 3.95939
-25.5838 4.26396
-25.5838 4.56853
-25.4315 4.72081
-25.4315 5.02538
-25.4315 5.32995
-25.4315 5.63452
-25.4315 5.93909
-25.2792 6.09137
-25.2792 6.39594
-25.2792 6.70051
-25.1269 7.00508
-25.1269 7.15736
-24.9746 7.46193
-24.9746 7.7665
-24.8223 8.07107
-24.8223 8.22335
-24.6701 8.52792
-24.6701 8.83249
-24.5178 9.13706
-24.5178 9.28934
-24.3655 9.59391
-24.2132 9.89848
-24.2132 10.0508
-24.0609 10.3553
-23.9086 10.6599
-23.9086 10.9645
-23.7563 11.269
-23.6041 11.4213
-23.6041 11.7259
-23.4518 12.0305
-23.2995 12.335
-23.1472 12.6396
-23.1472 12.9442
-22.9949 13.2487
-22.8426 13.401
-22.6904 13.7056
-22.5381 14.0102
-22.3858 14.3147
-22.2335 14.6193
-22.0812 14.7716
-21.9289 15.0761
-21.7766 15.3807
-21.4721 15.533
-21.3198 15.8376
-21.0152 15.9898
-20.8629 16.2944
-20.5584 16.4467
-20.4061 16.599
-20.1015 16.7513
-19.797 16.9036
-19.4924 17.0558
-19.1878 17.2081
-18.8832 17.2081
-18.5787 17.3604
-18.2741 17.3604
-17.9695 17.3604
-17.665 17.3604
-17.3604 17.3604
-16.9036 17.3604
-16.599 17.3604
-16.2944 17.2081
-15.9898 17.2081
-15.6853 17.0558
-15.2284 17.0558
-14.9239 16.9036
-14.6193 16.7513
-14.3147 16.599
-14.0102 16.4467
-13.7056 16.2944
-13.401 16.1421
-13.0964 15.9898
-12.7919 15.8376
-12.6396 15.6853
-12.335 15.533
-12.0305 15.3807
-11.7259 15.2284
-11.5736 15.0761
-11.269 14.9239
-11.1168 14.7716
-10.8122 14.6193
-10.6599 14.467
-10.3553 14.3147
-10.203 14.1624
-9.89848 14.1624
-9.74619 14.0102
-9.59391 13.8579
-9.28934 13.7056
-9.13706 13.5533
-8.98477 13.5533
-8.6802 13.401
-8.52792 13.2487
-8.37563 13.0964
-8.22335 13.0964
-8.07107 12.9442
-7.7665 12.7919
-7.61421 12.7919
-7.46193 12.6396
-7.30964 12.6396
-7.15736 12.4873
-7.00508 12.335
-6.70051 12.335
-6.54822 12.1827
-6.39594 12.1827
-6.24365 12.0305
-6.09137 11.8782
-5.93909 11.8782
-5.7868 11.7259
-5.63452 11.7259
-5.32995 11.5736
-5.17766 11.5736
-5.02538 11.4213
-4.8731 11.4213
-4.72081 11.269
-4.56853 11.269
-4.41624 11.1168
-4.11168 10.9645
-3.95939 10.9645
-3.80711 10.8122
-3.65482 10.8122
-3.50254 10.6599
-3.35025 10.5076
-3.19797 10.5076
-2.8934 10.3553
-2.74112 10.203
-2.58883 10.203
-2.43655 10.0508
-2.28426 9.89848
-2.13198 9.89848
-1.9797 9.74619
-1.82741 9.59391
-1.52284 9.44162
-1.37056 9.28934
-1.21827 9.28934
-1.06599 9.13706
-0.913706 8.98477
-0.761421 8.83249
-0.609137 8.6802
-0.456853 8.52792
-0.304569 8.37563
-0.152284 8.22335
0 8.07107
0.152284 7.91878
0.456853 7.7665
0.609137 7.61421
0.761421 7.46193
0.913706 7.30964
1.06599 7.15736
1.21827 7.00508
1.37056 6.85279
1.52284 6.54822
1.52284 6.39594
1.67513 6.24365
1.82741 6.09137
1.9797 5.93909
2.13198 5.63452
2.28426 5.48223
2.43655 5.32995
2.58883 5.02538
2.74112 4.8731
2.8934 4.72081
3.04569 4.41624
3.19797 4.26396
3.35025 3.95939
3.50254 3.80711
3.65482 3.50254
3.95939 3.35025
4.11168 3.04569
4.26396 2.8934
4.41624 2.58883
4.56853 2.43655
4.8731 2.13198
