5.17766 1.82741
5.32995 1.52284
5.48223 1.21827
5.63452 0.913706
5.7868 0.609137
5.93909 0.304569
6.24365 0
6.39594 -0.304569
6.54822 -0.609137
6.85279 -0.913706
7.00508 -1.21827
7.30964 -1.67513
7.46193 -1.9797
7.61421 -2.43655
7.91878 -2.74112
8.07107 -3.19797
8.22335 -3.50254
8.37563 -3.95939
8.37563 -4.26396
8.52792 -4.72081
8.52792 -5.17766
8.6802 -5.48223
8.6802 -5.93909
8.52792 -6.24365
8.52792 -6.54822
8.37563 -7.00508
8.22335 -7.30964
8.07107 -7.61421
7.91878 -7.91878
7.61421 -8.22335
7.30964 -8.37563
7.00508 -8.6802
6.70051 -8.83249
6.39594 -9.13706
6.09137 -9.28934
5.7868 -9.44162
5.32995 -9.59391
5.02538 -9.74619
4.56853 -9.89848
4.26396 -10.0508
3.80711 -10.0508
3.50254 -10.203
3.04569 -10.203
2.58883 -10.3553
2.28426 -10.3553
1.82741 -10.3553
1.52284 -10.5076
1.06599 -10.5076
0.761421 -10.5076
0.456853 -10.5076
0 -10.5076
-0.304569 -10.5076
-0.609137 -10.6599
-0.913706 -10.6599
-1.21827 -10.6599
-1.52284 -10.6599
-1.82741 -10.6599
-2.13198 -10.8122
-2.43655 -10.8122
-2.74112 -10.8122
-3.04569 -10.8122
-3.35025 -10.8122
-3.50254 -10.8122
-3.80711 -10.9645
-4.11168 -10.9645
-4.41624 -10.9645
-4.56853 -10.9645
-4.8731 -10.9645
-5.17766 -10.9645
-5.32995 -10.9645
-5.63452 -11.1168
-5.93909 -11.1168
-6.09137 -11.1168
-6.39594 -11.1168
-6.54822 -11.1168
-6.85279 -11.1168
-7.15736 -11.1168
-7.30964 -11.1168
-7.61421 -11.1168
-7.7665 -11.1168
-8.07107 -11.1168
-8.22335 -11.1168
-8.52792 -11.1168
-8.6802 -10.9645
-8.98477 -10.9645
-9.13706 -10.9645
-9.44162 -10.9645
-9.59391 -10.9645
-9.89848 -10.9645
-10.0508 -10.8122
-10.3553 -10.8122
-10.5076 -10.8122
-10.6599 -10.8122
-10.9645 -10.6599
-11.1168 -10.6599
-11.4213 -10.6599
-11.5736 -10.6599
-11.8782 -10.5076
-12.0305 -10.5076
-12.1827 -10.3553
-12.4873 -10.3553
-12.6396 -10.3553
-12.7919 -10.203
-13.0964 -10.203
-13.2487 -10.0508
-13.401 -10.0508
-13.7056 -9.89848
-13.8579 -9.89848
-14.0102 -9.74619
-14.3147 -9.74619
-14.467 -9.59391
-14.6193 -9.59391
-14.7716 -9.44162
-15.0761 -9.44162
-15.2284 -9.28934
-15.3807 -9.28934
-15.6853 -9.13706
-15.8376 -9.13706
-15.9898 -8.98477
-16.1421 -8.83249
-16.4467 -8.83249
-16.599 -8.6802
-16.7513 -8.6802
-16.9036 -8.52792
-17.2081 -8.37563
-17.3604 -8.37563
-17.5127 -8.22335
-17.8173 -8.07107
-17.9695 -8.07107
-18.1218 -7.91878
-18.2741 -7.7665
-18.5787 -7.7665
-18.731 -7.61421
-18.8832 -7.46193
-19.1878 -7.30964
-19.3401 -7.30964
-19.4924 -7.15736
-19.6447 -7.00508
-19.797 -6.85279
-20.1015 -6.70051
-20.2538 -6.54822
-20.4061 -6.39594
-20.5584 -6.24365
-20.7107 -6.09137
-21.0152 -5.93909
-21.1675 -5.7868
-21.3198 -5.63452
-21.4721 -5.48223
-21.6244 -5.32995
-21.7766 -5.17766
-21.9289 -5.02538
-22.0812 -4.72081
-22.2335 -4.56853
-22.3858 -4.41624
-22.5381 -4.26396
-22.6904 -3.95939
-22.8426 -3.80711
-22.9949 -3.65482
-22.9949 -3.35025
-23.1472 -3.19797
-23.2995 -3.04569
-23.4518 -2.74112
-23.6041 -2.58883
-23.6041 -2.28426
-23.7563 -2.13198
-23.9086 -1.82741
-24.0609 -1.67513
-24.0609 -1.37056
-24.2132 -1.21827
-24.3655 -0.913706
-24.3655 -0.761421
-24.5178 -0.456853
-24.6701 -0.304569
-24.6701 0
-24.8223 0.304569
-24.8223 0.456853
-24.9746 0.761421
-24.9746 1.06599
-25.1269 1.21827
-25.1269 1.52284
-25.1269 1.82741
-25.2792 1.9797
-25.2792 2.28426
-25.4315 2.58883
-25.4315 2.8934
-25.4315 3.04569
-25.4315 3.35025
-25.5838 3.65482
-25.5838 3.95939
-25.5838 4.11168
-25.5838 4.41624
-25.5838 4.72081
-25.5838 5.02538
-25.5838 5.32995
-25.5838 5.63452
-25.5838 5.7868
-25.5838 6.09137
-25.5838 6.39594
-25.4315 6.70051
-25.4315 7.00508
-25.4315 7.30964
-25.4315 7.61421
-25.2792 7.91878
-25.2792 8.07107
-25.2792 8.37563
-25.1269 8.6802
-25.1269 8.98477
-25.1269 9.28934
-24.9746 9.59391
-24.9746 9.89848
-24.8223 10.203
-24.6701 10.5076
-24.6701 10.8122
-24.5178 10.9645
-24.5178 11.269
-24.3655 11.5736
-24.2132 11.8782
-24.2132 12.1827
-24.0609 12.4873
-23.9086 12.7919
-23.7563 13.0964
-23.6041 13.401
-23.4518 13.7056
-23.2995 14.0102
-23.1472 14.3147
-22.9949 14.467
-22.8426 14.7716
-22.6904 15.0761
-22.5381 15.3807
-22.2335 15.533
-22.0812 15.8376
-21.9289 16.1421
-21.6244 16.2944
-21.3198 16.4467
-21.1675 16.7513
-20.8629 16.9036
-20.5584 17.0558
-20.2538 17.2081
-19.9492 17.3604
-19.6447 17.5127
-19.3401 17.5127
-19.0355 17.665
-18.731 17.665
-18.4264 17.665
-18.1218 17.665
-17.665 17.665
-17.3604 17.665
-17.0558 17.665
-16.599 17.5127
-16.2944 17.5127
-15.9898 17.3604
-15.6853 17.3604
-15.2284 17.2081
-14.9239 17.0558
-14.6193 16.9036
-14.3147 16.7513
-14.0102 16.599
-13.7056 16.4467
-13.401 16.2944
-13.0964 16.1421
-12.7919 15.9898
-12.4873 15.8376
-12.1827 15.6853
-12.0305 15.533
-11.7259 15.2284
-11.4213 15.0761
-11.269 14.9239
-10.9645 14.7716
-10.8122 14.6193
-10.5076 14.467
-10.3553 14.3147
-10.0508 14.1624
-9.89848 14.1624
-9.59391 14.0102
-9.44162 13.8579
-9.28934 13.7056
-8.98477 13.5533
-8.83249 13.5533
-8.6802 13.401
-8.52792 13.2487
-8.22335 13.0964
-8.07107 13.0964
-7.91878 12.9442
-7.7665 12.7919
-7.61421 12.7919
-7.30964 12.6396
-7.15736 12.4873
-7.00508 12.4873
-6.85279 12.335
-6.70051 12.335
-6.54822 12.1827
-6.39594 12.0305
-6.09137 12.0305
-5.93909 11.8782
-5.7868 11.8782
-5.63452 11.7259
-5.48223 11.5736
-5.32995 11.5736
-5.17766 11.4213
-5.02538 11.4213
-4.72081 11.269
-4.56853 11.269
-4.41624 11.1168
-4.26396 10.9645
-4.11168 10.9645
-3.95939 10.8122
-3.80711 10.8122
-3.65482 10.6599
-3.35025 10.5076
-3.19797 10.5076
-3.04569 10.3553
-2.8934 10.3553
-2.74112 10.203
-2.58883 10.0508
-2.43655 10.0508
-2.13198 9.89848
-1.9797 9.74619
-1.82741 9.59391
-1.67513 9.59391
-1.52284 9.44162
-1.37056 9.28934
-1.06599 9.13706
-0.913706 8.98477
-0.761421 8.98477
-0.609137 8.83249
-0.456853 8.6802
-0.304569 8.52792
-0.152284 8.37563
0 8.22335
0.152284 8.07107
0.456853 7.91878
0.609137 7.7665
0.761421 7.61421
0.913706 7.46193
1.06599 7.30964
1.21827 7.15736
1.37056 7.00508
1.52284 6.70051
1.67513 6.54822
1.82741 6.39594
1.9797 6.24365
1.9797 6.09137
2.13198 5.7868
2.28426 5.63452
2.43655 5.48223
2.58883 5.17766
2.74112 5.02538
2.8934 4.8731
3.04569 4.56853
3.19797 4.41624
3.35025 4.11168
3.50254 3.95939
3.65482 3.65482
3.80711 3.50254
3.95939 3.19797
4.26396 3.04569
4.41624 2.74112
4.56853 2.58883
4.72081 2.28426
5.02538 1.9797
