6.09137 0.913706
6.39594 0.609137
6.54822 0.304569
6.85279 0
7.00508 -0.304569
7.30964 -0.609137
7.46193 -0.913706
7.61421 -1.21827
7.7665 -1.52284
7.91878 -1.82741
8.07107 -2.28426
8.22335 -2.58883
8.22335 -2.8934
8.22335 -3.19797
8.37563 -3.65482
8.37563 -3.95939
8.37563 -4.26396
8.37563 -4.56853
8.22335 -4.8731
8.22335 -5.17766
8.07107 -5.63452
7.91878 -5.93909
7.91878 -6.24365
7.7665 -6.39594
7.46193 -6.70051
7.30964 -7.00508
7.15736 -7.30964
6.85279 -7.46193
6.70051 -7.7665
6.39594 -8.07107
6.09137 -8.22335
5.7868 -8.37563
5.48223 -8.52792
5.17766 -8.83249
4.8731 -8.98477
4.56853 -9.13706
4.26396 -9.28934
3.95939 -9.28934
3.65482 -9.44162
3.35025 -9.59391
2.8934 -9.74619
2.58883 -9.74619
2.28426 -9.89848
1.9797 -9.89848
1.67513 -10.0508
1.21827 -10.0508
0.913706 -10.0508
0.609137 -10.203
0.304569 -10.203
0 -10.203
-0.304569 -10.3553
-0.609137 -10.3553
-0.913706 -10.3553
-1.21827 -10.3553
-1.37056 -10.5076
-1.67513 -10.5076
-1.9797 -10.5076
-2.28426 -10.5076
-2.43655 -10.6599
-2.74112 -10.6599
-3.04569 -10.6599
-3.19797 -10.6599
-3.50254 -10.6599
-3.80711 -10.8122
-3.95939 -10.8122
-4.26396 -10.8122
-4.41624 -10.8122
-4.72081 -10.8122
-4.8731 -10.8122
-5.17766 -10.8122
-5.32995 -10.9645
-5.63452 -10.9645
-5.7868 -10.9645
-6.09137 -10.9645
-6.24365 -10.9645
-6.54822 -10.9645
-6.70051 -10.9645
-7.00508 -10.9645
-7.15736 -10.9645
-7.30964 -10.9645
-7.61421 -10.9645
-7.7665 -10.9645
-8.07107 -10.9645
-8.22335 -10.9645
-8.37563 -10.9645
-8.6802 -10.9645
-8.83249 -10.9645
-8.98477 -10.9645
-9.28934 -10.9645
-9.44162 -10.9645
-9.74619 -10.9645
-9.89848 -10.9645
-10.0508 -10.9645
-10.3553 -10.8122
-10.5076 -10.8122
-10.6599 -10.8122
-10.9645 -10.8122
-11.1168 -10.6599
-11.269 -10.6599
-11.5736 -10.6599
-11.7259 -10.5076
-11.8782 -10.5076
-12.0305 -10.5076
-12.335 -10.3553
-12.4873 -10.3553
-12.6396 -10.203
-12.7919 -10.203
-13.0964 -10.0508
-13.2487 -10.0508
-13.401 -9.89848
-13.5533 -9.89848
-13.8579 -9.74619
-14.0102 -9.74619
-14.1624 -9.59391
-14.3147 -9.59391
-14.467 -9.44162
-14.7716 -9.44162
-14.9239 -9.28934
-15.0761 -9.28934
-15.2284 -9.13706
-15.533 -9.13706
-15.6853 -8.98477
-15.8376 -8.98477
-15.9898 -8.83249
-16.2944 -8.83249
-16.4467 -8.6802
-16.599 -8.6802
-16.7513 -8.52792
-17.0558 -8.52792
-17.2081 -8.37563
-17.3604 -8.37563
-17.665 -8.22335
-17.8173 -8.07107
-17.9695 -8.07107
-18.2741 -7.91878
-18.4264 -7.7665
-18.5787 -7.7665
-18.731 -7.61421
-19.0355 -7.46193
-19.1878 -7.30964
-19.3401 -7.30964
-19.6447 -7.15736
-19.797 -7.00508
-19.9492 -6.85279
-20.1015 -6.70051
-20.2538 -6.54822
-20.4061 -6.39594
-20.5584 -6.24365
-20.8629 -6.09137
-21.0152 -5.93909
-21.1675 -5.63452
-21.3198 -5.48223
-21.4721 -5.32995
-21.6244 -5.17766
-21.7766 -5.02538
-21.9289 -4.72081
-21.9289 -4.56853
-22.0812 -4.41624
-22.2335 -4.11168
-22.3858 -3.95939
-22.5381 -3.80711
-22.6904 -3.50254
-22.8426 -3.35025
-22.9949 -3.19797
-23.1472 -2.8934
-23.1472 -2.74112
-23.2995 -2.43655
-23.4518 -2.28426
-23.6041 -2.13198
-23.7563 -1.82741
-23.9086 -1.67513
-24.0609 -1.37056
-24.2132 -1.06599
-24.3655 -0.913706
-24.5178 -0.609137
-24.5178 -0.456853
-24.6701 -0.152284
-24.8223 0.152284
-24.9746 0.304569
-25.1269 0.609137
-25.1269 0.913706
-25.2792 1.21827
-25.4315 1.52284
-25.5838 1.67513
-25.5838 1.9797
-25.736 2.28426
-25.736 2.58883
-25.8883 2.8934
-25.8883 3.19797
-26.0406 3.50254
-26.0406 3.80711
-26.0406 4.11168
-26.0406 4.41624
-26.1929 4.72081
-26.1929 5.02538
-26.1929 5.32995
-26.1929 5.63452
-26.0406 5.93909
-26.0406 6.24365
-26.0406 6.54822
-26.0406 6.85279
-25.8883 7.15736
-25.8883 7.46193
-25.736 7.7665
-25.736 8.07107
-25.5838 8.37563
-25.4315 8.52792
-25.2792 8.83249
-25.1269 9.13706
-24.9746 9.44162
-24.8223 9.74619
-24.6701 9.89848
-24.5178 10.203
-24.3655 10.3553
-24.2132 10.6599
-23.9086 10.9645
-23.7563 11.1168
-23.4518 11.269
-23.2995 11.5736
-22.9949 11.7259
-22.8426 11.8782
-22.5381 12.0305
-22.2335 12.1827
-22.0812 12.335
-21.7766 12.4873
-21.4721 12.6396
-21.1675 12.7919
-20.8629 12.9442
-20.7107 13.0964
-20.4061 13.2487
-20.1015 13.2487
-19.797 13.401
-19.4924 13.5533
-19.1878 13.5533
-18.8832 13.7056
-18.5787 13.7056
-18.4264 13.8579
-18.1218 13.8579
-17.8173 13.8579
-17.5127 14.0102
-17.2081 14.0102
-16.9036 14.0102
-16.7513 14.1624
-16.4467 14.1624
-16.1421 14.1624
-15.8376 14.1624
-15.6853 14.3147
-15.3807 14.3147
-15.0761 14.3147
-14.7716 14.3147
-14.6193 14.3147
-14.3147 14.3147
-14.0102 14.3147
-13.8579 14.3147
-13.5533 14.3147
-13.2487 14.3147
-13.0964 14.3147
-12.7919 14.3147
-12.4873 14.3147
-12.335 14.3147
-12.0305 14.3147
-11.7259 14.3147
-11.5736 14.3147
-11.269 14.1624
-11.1168 14.1624
-10.8122 14.1624
-10.6599 14.0102
-10.3553 14.0102
-10.203 14.0102
-9.89848 13.8579
-9.74619 13.8579
-9.44162 13.7056
-9.28934 13.7056
-8.98477 13.5533
-8.83249 13.5533
-8.52792 13.401
-8.37563 13.401
-8.22335 13.2487
-7.91878 13.0964
-7.7665 13.0964
-7.61421 12.9442
-7.30964 12.9442
-7.15736 12.7919
-7.00508 12.6396
-6.70051 12.6396
-6.54822 12.4873
-6.39594 12.335
-6.24365 12.335
-6.09137 12.1827
-5.7868 12.0305
-5.63452 12.0305
-5.48223 11.8782
-5.32995 11.7259
-5.17766 11.7259
-4.8731 11.5736
-4.72081 11.4213
-4.56853 11.4213
-4.41624 11.269
-4.26396 11.1168
-4.11168 11.1168
-3.80711 10.9645
-3.65482 10.8122
-3.50254 10.8122
-3.35025 10.6599
-3.19797 10.5076
-3.04569 10.3553
-2.8934 10.3553
-2.74112 10.203
-2.43655 10.0508
-2.28426 10.0508
-2.13198 9.89848
-1.9797 9.74619
-1.82741 9.59391
-1.67513 9.44162
-1.52284 9.44162
-1.37056 9.28934
-1.21827 9.13706
-0.913706 8.98477
-0.761421 8.83249
-0.609137 8.83249
-0.456853 8.6802
-0.304569 8.52792
-0.152284 8.37563
0 8.22335
0.152284 8.07107
0.304569 7.91878
0.456853 7.7665
0.609137 7.61421
0.761421 7.46193
0.913706 7.30964
1.06599 7.15736
1.21827 7.00508
1.37056 6.85279
1.52284 6.70051
1.67513 6.39594
1.82741 6.24365
1.9797 6.09137
2.13198 5.93909
2.28426 5.7868
2.28426 5.48223
2.43655 5.32995
2.58883 5.17766
2.74112 4.8731
2.8934 4.72081
3.04569 4.56853
3.04569 4.26396
3.19797 4.11168
3.35025 3.95939
3.50254 3.65482
3.65482 3.50254
3.80711 3.35025
3.95939 3.04569
4.11168 2.8934
4.26396 2.58883
4.56853 2.43655
4.72081 2.13198
4.8731 1.9797
5.17766 1.67513
5.32995 1.37056
5.63452 1.21827
