4.8731 1.82741
5.48223 1.52284
6.09137 1.21827
6.70051 0.913706
7.15736 0.609137
7.61421 0.304569
8.07107 -0.152284
8.37563 -0.456853
8.6802 -0.913706
8.98477 -1.21827
9.28934 -1.67513
9.59391 -1.9797
9.74619 -2.43655
9.89848 -2.74112
10.0508 -3.19797
10.0508 -3.65482
10.0508 -3.95939
10.203 -4.41624
10.0508 -4.72081
10.0508 -5.17766
10.0508 -5.48223
9.89848 -5.93909
9.74619 -6.24365
9.59391 -6.54822
9.28934 -6.85279
9.13706 -7.15736
8.83249 -7.46193
8.6802 -7.7665
8.37563 -8.07107
8.07107 -8.22335
7.61421 -8.52792
7.30964 -8.6802
7.00508 -8.98477
6.54822 -9.13706
6.24365 -9.28934
5.7868 -9.44162
5.48223 -9.59391
5.02538 -9.74619
4.72081 -9.74619
4.26396 -9.89848
3.80711 -9.89848
3.50254 -10.0508
3.04569 -10.0508
2.58883 -10.203
2.28426 -10.203
1.82741 -10.203
1.52284 -10.3553
1.06599 -10.3553
0.761421 -10.3553
0.456853 -10.3553
0 -10.3553
-0.304569 -10.5076
-0.609137 -10.5076
-0.913706 -10.5076
-1.21827 -10.5076
-1.52284 -10.6599
-1.82741 -10.6599
-2.13198 -10.6599
-2.43655 -10.6599
-2.74112 -10.6599
-2.8934 -10.8122
-3.19797 -10.8122
-3.50254 -10.8122
-3.80711 -10.8122
-3.95939 -10.8122
-4.26396 -10.9645
-4.56853 -10.9645
-4.72081 -10.9645
-5.02538 -10.9645
-5.32995 -10.9645
-5.48223 -10.9645
-5.7868 -10.9645
-6.09137 -10.9645
-6.24365 -11.1168
-6.54822 -11.1168
-6.70051 -11.1168
-7.00508 -11.1168
-7.15736 -11.1168
-7.46193 -11.1168
-7.7665 -11.1168
-7.91878 -10.9645
-8.22335 -10.9645
-8.37563 -10.9645
-8.6802 -10.9645
-8.83249 -10.9645
-9.13706 -10.9645
-9.28934 -10.9645
-9.59391 -10.9645
-9.74619 -10.8122
-10.0508 -10.8122
-10.203 -10.8122
-10.3553 -10.8122
-10.6599 -10.6599
-10.8122 -10.6599
-11.1168 -10.6599
-11.269 -10.6599
-11.5736 -10.5076
-11.7259 -10.5076
-11.8782 -10.5076
-12.1827 -10.3553
-12.335 -10.3553
-12.4873 -10.203
-12.7919 -10.203
-12.9442 -10.203
-13.2487 -10.0508
-13.401 -10.0508
-13.5533 -9.89848
-13.8579 -9.89848
-14.0102 -9.89848
-14.1624 -9.74619
-14.467 -9.74619
-14.6193 -9.59391
-14.7716 -9.59391
-14.9239 -9.44162
-15.2284 -9.44162
-15.3807 -9.28934
-15.533 -9.13706
-15.8376 -9.13706
-15.9898 -8.98477
-16.1421 -8.98477
-16.2944 -8.83249
-16.599 -8.83249
-16.7513 -8.6802
-16.9036 -8.52792
-17.2081 -8.52792
-17.3604 -8.37563
-17.5127 -8.22335
-17.665 -8.22335
-17.9695 -8.07107
-18.1218 -7.91878
-18.2741 -7.7665
-18.4264 -7.7665
-18.731 -7.61421
-18.8832 -7.46193
-19.0355 -7.30964
-19.1878 -7.15736
-19.4924 -7.15736
-19.6447 -7.00508
-19.797 -6.85279
-19.9492 -6.70051
-20.1015 -6.54822
-20.4061 -6.39594
-20.5584 -6.24365
-20.7107 -6.09137
-20.8629 -5.93909
-21.0152 -5.7868
-21.1675 -5.63452
-21.3198 -5.48223
-21.4721 -5.17766
-21.6244 -5.02538
-21.7766 -4.8731
-21.9289 -4.72081
-22.0812 -4.56853
-22.2335 -4.26396
-22.3858 -4.11168
-22.5381 -3.95939
-22.6904 -3.80711
-22.8426 -3.50254
-22.9949 -3.35025
-23.1472 -3.19797
-23.2995 -2.8934
-23.4518 -2.74112
-23.4518 -2.43655
-23.6041 -2.28426
-23.7563 -2.13198
-23.9086 -1.82741
-24.0609 -1.67513
-24.0609 -1.37056
-24.2132 -1.21827
-24.3655 -0.913706
-24.3655 -0.761421
-24.5178 -0.456853
-24.6701 -0.152284
-24.6701 0
-24.8223 0.304569
-24.9746 0.609137
-24.9746 0.761421
-25.1269 1.06599
-25.1269 1.37056
-25.2792 1.52284
-25.2792 1.82741
-25.4315 2.13198
-25.4315 2.28426
-25.4315 2.58883
-25.5838 2.8934
-25.5838 3.19797
-25.5838 3.50254
-25.5838 3.65482
-25.736 3.95939
-25.736 4.26396
-25.736 4.56853
-25.736 4.8731
-25.736 5.17766
-25.736 5.32995
-25.736 5.63452
-25.736 5.93909
-25.736 6.24365
-25.5838 6.54822
-25.5838 6.85279
-25.5838 7.15736
-25.5838 7.46193
-25.4315 7.61421
-25.4315 7.91878
-25.4315 8.22335
-25.2792 8.52792
-25.2792 8.83249
-25.1269 9.13706
-25.1269 9.44162
-24.9746 9.74619
-24.9746 10.0508
-24.8223 10.203
-24.6701 10.5076
-24.6701 10.8122
-24.5178 11.1168
-24.3655 11.4213
-24.3655 11.7259
-24.2132 12.0305
-24.0609 12.335
-23.9086 12.6396
-23.9086 12.9442
-23.7563 13.0964
-23.6041 13.401
-23.4518 13.7056
-23.2995 14.0102
-23.1472 14.3147
-22.9949 14.6193
-22.8426 14.7716
-22.5381 15.0761
-22.3858 15.3807
-22.2335 15.6853
-21.9289 15.8376
-21.7766 16.1421
-21.4721 16.2944
-21.3198 16.4467
-21.0152 16.7513
-20.7107 16.9036
-20.4061 17.0558
-20.2538 17.2081
-19.9492 17.3604
-19.6447 17.3604
-19.3401 17.5127
-18.8832 17.665
-18.5787 17.665
-18.2741 17.665
-17.9695 17.665
-17.665 17.665
-17.2081 17.665
-16.9036 17.665
-16.599 17.5127
-16.2944 17.5127
-15.8376 17.3604
-15.533 17.3604
-15.2284 17.2081
-14.9239 17.0558
-14.467 16.9036
-14.1624 16.7513
-13.8579 16.599
-13.5533 16.4467
-13.2487 16.2944
-12.9442 16.1421
-12.6396 15.9898
-12.4873 15.8376
-12.1827 15.6853
-11.8782 15.533
-11.5736 15.3807
-11.4213 15.2284
-11.1168 15.0761
-10.9645 14.7716
-10.6599 14.6193
-10.3553 14.467
-10.203 14.467
-10.0508 14.3147
-9.74619 14.1624
-9.59391 14.0102
-9.44162 13.8579
-9.13706 13.7056
-8.98477 13.5533
-8.83249 13.401
-8.52792 13.401
-8.37563 13.2487
-8.22335 13.0964
-8.07107 12.9442
-7.91878 12.9442
-7.61421 12.7919
-7.46193 12.6396
-7.30964 12.6396
-7.15736 12.4873
-7.00508 12.335
-6.85279 12.335
-6.70051 12.1827
-6.39594 12.1827
-6.24365 12.0305
-6.09137 12.0305
-5.93909 11.8782
-5.7868 11.7259
-5.63452 11.7259
-5.48223 11.5736
-5.17766 11.5736
-5.02538 11.4213
-4.8731 11.4213
-4.72081 11.269
-4.56853 11.269
-4.41624 11.1168
-4.26396 11.1168
-3.95939 10.9645
-3.80711 10.8122
-3.65482 10.8122
-3.50254 10.6599
-3.35025 10.6599
-3.19797 10.5076
-3.04569 10.5076
-2.74112 10.3553
-2.58883 10.203
-2.43655 10.203
-2.28426 10.0508
-2.13198 9.89848
-1.9797 9.74619
-1.82741 9.74619
-1.52284 9.59391
-1.37056 9.44162
-1.21827 9.28934
-1.06599 9.28934
-0.913706 9.13706
-0.761421 8.98477
-0.609137 8.83249
-0.456853 8.6802
-0.304569 8.52792
0 8.37563
0.152284 8.22335
0.304569 8.07107
0.456853 7.91878
0.609137 7.7665
0.761421 7.61421
0.913706 7.46193
1.06599 7.30964
1.21827 7.15736
1.37056 7.00508
1.52284 6.85279
1.67513 6.54822
1.82741 6.39594
1.9797 6.24365
2.13198 6.09137
2.13198 5.7868
2.28426 5.63452
2.43655 5.48223
2.58883 5.32995
2.74112 5.02538
2.8934 4.8731
3.04569 4.72081
3.19797 4.41624
3.35025 4.26396
3.50254 3.95939
3.80711 3.80711
3.95939 3.50254
4.11168 3.35025
4.26396 3.04569
4.56853 2.8934
4.72081 2.58883
4.8731 2.28426
5.17766 2.13198
