6.39594 2.28426
6.54822 1.82741
6.54822 1.52284
6.70051 1.21827
6.70051 0.913706
6.70051 0.609137
6.70051 0.304569
6.70051 -0.152284
6.70051 -0.456853
6.54822 -0.761421
6.54822 -1.06599
6.39594 -1.37056
6.24365 -1.67513
6.09137 -1.9797
5.93909 -2.28426
5.7868 -2.58883
5.63452 -2.8934
5.48223 -3.19797
5.32995 -3.50254
5.02538 -3.80711
4.8731 -3.95939
4.56853 -4.26396
4.41624 -4.41624
4.11168 -4.72081
3.95939 -5.02538
3.65482 -5.17766
3.35025 -5.32995
3.19797 -5.63452
2.8934 -5.7868
2.58883 -5.93909
2.28426 -6.09137
1.9797 -6.39594
1.82741 -6.54822
1.52284 -6.70051
1.21827 -6.85279
0.913706 -7.00508
0.609137 -7.15736
0.304569 -7.30964
0.152284 -7.46193
-0.152284 -7.46193
-0.456853 -7.61421
-0.761421 -7.7665
-0.913706 -7.91878
-1.21827 -8.07107
-1.52284 -8.07107
-1.67513 -8.22335
-1.9797 -8.37563
-2.28426 -8.52792
-2.43655 -8.52792
-2.74112 -8.6802
-2.8934 -8.83249
-3.19797 -8.98477
-3.35025 -8.98477
-3.65482 -9.13706
-3.80711 -9.28934
-4.11168 -9.44162
-4.26396 -9.44162
-4.56853 -9.59391
-4.72081 -9.74619
-5.02538 -9.89848
-5.17766 -9.89848
-5.32995 -10.0508
-5.63452 -10.203
-5.7868 -10.203
-6.09137 -10.3553
-6.24365 -10.5076
-6.54822 -10.5076
-6.70051 -10.6599
-7.00508 -10.8122
-7.15736 -10.8122
-7.46193 -10.8122
-7.61421 -10.9645
-7.91878 -10.9645
-8.22335 -11.1168
-8.37563 -11.1168
-8.6802 -11.1168
-8.83249 -11.1168
-9.13706 -11.1168
-9.28934 -11.269
-9.59391 -11.269
-9.89848 -11.269
-10.0508 -11.269
-10.3553 -11.269
-10.5076 -11.269
-10.8122 -11.269
-11.1168 -11.1168
-11.269 -11.1168
-11.5736 -11.1168
-11.7259 -11.1168
-12.0305 -11.1168
-12.1827 -11.1168
-12.4873 -11.1168
-12.6396 -10.9645
-12.9442 -10.9645
-13.0964 -10.9645
-13.401 -10.9645
-13.5533 -10.9645
-13.8579 -10.8122
-14.0102 -10.8122
-14.3147 -10.8122
-14.467 -10.8122
-14.7716 -10.8122
-14.9239 -10.8122
-15.2284 -10.6599
-15.3807 -10.6599
-15.6853 -10.6599
-15.8376 -10.6599
-16.1421 -10.6599
-16.4467 -10.6599
-16.599 -10.5076
-16.9036 -10.5076
-17.0558 -10.5076
-17.3604 -10.5076
-17.5127 -10.3553
-17.8173 -10.3553
-18.1218 -10.3553
-18.2741 -10.3553
-18.5787 -10.203
-18.731 -10.203
-19.0355 -10.0508
-19.3401 -10.0508
-19.4924 -9.89848
-19.797 -9.89848
-20.1015 -9.74619
-20.2538 -9.74619
-20.5584 -9.59391
-20.7107 -9.59391
-21.0152 -9.44162
-21.3198 -9.28934
-21.4721 -9.28934
-21.7766 -9.13706
-21.9289 -8.98477
-22.2335 -8.83249
-22.3858 -8.6802
-22.6904 -8.52792
-22.8426 -8.52792
-23.1472 -8.37563
-23.2995 -8.22335
-23.6041 -8.07107
-23.7563 -7.7665
-24.0609 -7.61421
-24.2132 -7.46193
-24.3655 -7.30964
-24.6701 -7.15736
-24.8223 -7.00508
-24.9746 -6.70051
-25.2792 -6.54822
-25.4315 -6.39594
-25.5838 -6.09137
-25.736 -5.93909
-25.8883 -5.63452
-26.1929 -5.48223
-26.3452 -5.32995
-26.4975 -5.02538
-26.6497 -4.72081
-26.802 -4.56853
-26.9543 -4.26396
-26.9543 -4.11168
-27.1066 -3.80711
-27.2589 -3.50254
-27.4112 -3.35025
-27.5635 -3.04569
-27.5635 -2.74112
-27.7157 -2.43655
-27.7157 -2.28426
-27.868 -1.9797
-27.868 -1.67513
-28.0203 -1.37056
-28.0203 -1.21827
-28.1726 -0.913706
-28.1726 -0.609137
-28.1726 -0.304569
-28.1726 0
-28.1726 0.304569
-28.3249 0.609137
-28.3249 0.761421
-28.3249 1.06599
-28.3249 1.37056
-28.3249 1.67513
-28.1726 1.9797
-28.1726 2.28426
-28.1726 2.43655
-28.1726 2.74112
-28.1726 3.04569
-28.0203 3.35025
-28.0203 3.65482
-28.0203 3.80711
-27.868 4.11168
-27.868 4.41624
-27.868 4.72081
-27.7157 5.02538
-27.7157 5.17766
-27.5635 5.48223
-27.5635 5.7868
-27.4112 6.09137
-27.4112 6.24365
-27.2589 6.54822
-27.2589 6.85279
-27.1066 7.00508
-26.9543 7.30964
-26.9543 7.61421
-26.802 7.7665
-26.6497 8.07107
-26.6497 8.37563
-26.4975 8.52792
-26.3452 8.83249
-26.1929 9.13706
-26.1929 9.28934
-26.0406 9.59391
-25.8883 9.74619
-25.736 10.0508
-25.5838 10.203
-25.4315 10.5076
-25.2792 10.6599
-25.1269 10.9645
-24.9746 11.1168
-24.8223 11.269
-24.5178 11.5736
-24.3655 11.7259
-24.2132 11.8782
-24.0609 12.1827
-23.7563 12.335
-23.6041 12.4873
-23.4518 12.6396
-23.1472 12.7919
-22.9949 12.9442
-22.8426 13.0964
-22.5381 13.2487
-22.3858 13.401
-22.0812 13.5533
-21.9289 13.7056
-21.6244 13.8579
-21.4721 14.0102
-21.1675 14.1624
-20.8629 14.1624
-20.7107 14.3147
-20.4061 14.467
-20.2538 14.467
-19.9492 14.6193
-19.6447 14.6193
-19.4924 14.6193
-19.1878 14.7716
-18.8832 14.7716
-18.5787 14.7716
-18.4264 14.9239
-18.1218 14.9239
-17.8173 14.9239
-17.665 14.9239
-17.3604 14.9239
-17.0558 14.9239
-16.9036 14.9239
-16.599 14.9239
-16.2944 14.9239
-16.1421 14.9239
-15.8376 14.9239
-15.533 14.9239
-15.3807 14.9239
-15.0761 14.7716
-14.9239 14.7716
-14.6193 14.7716
-14.467 14.7716
-14.1624 14.7716
-14.0102 14.6193
-13.7056 14.6193
-13.5533 14.6193
-13.2487 14.6193
-13.0964 14.6193
-12.7919 14.467
-12.6396 14.467
-12.4873 14.467
-12.1827 14.467
-12.0305 14.467
-11.7259 14.467
-11.5736 14.467
-11.4213 14.3147
-11.1168 14.3147
-10.9645 14.3147
-10.6599 14.3147
-10.5076 14.3147
-10.3553 14.1624
-10.0508 14.1624
-9.89848 14.1624
-9.74619 14.1624
-9.44162 14.1624
-9.28934 14.0102
-8.98477 14.0102
-8.83249 14.0102
-8.6802 14.0102
-8.37563 13.8579
-8.22335 13.8579
-7.91878 13.8579
-7.7665 13.7056
-7.61421 13.7056
-7.30964 13.7056
-7.15736 13.5533
-7.00508 13.5533
-6.70051 13.5533
-6.54822 13.401
-6.24365 13.401
-6.09137 13.2487
-5.93909 13.2487
-5.63452 13.0964
-5.48223 13.0964
-5.17766 12.9442
-5.02538 12.9442
-4.8731 12.7919
-4.56853 12.7919
-4.41624 12.6396
-4.11168 12.4873
-3.95939 12.4873
-3.65482 12.335
-3.50254 12.1827
-3.35025 12.1827
-3.04569 12.0305
-2.8934 11.8782
-2.58883 11.8782
-2.43655 11.7259
-2.13198 11.5736
-1.9797 11.4213
-1.67513 11.269
-1.52284 11.269
-1.21827 11.1168
-1.06599 10.9645
-0.761421 10.8122
-0.609137 10.6599
-0.304569 10.5076
-0.152284 10.3553
0.152284 10.203
0.304569 10.0508
0.609137 9.89848
0.761421 9.74619
1.06599 9.59391
1.21827 9.44162
1.52284 9.13706
1.67513 8.98477
1.9797 8.83249
2.13198 8.6802
2.43655 8.37563
2.58883 8.22335
2.8934 8.07107
3.04569 7.7665
3.35025 7.61421
3.50254 7.30964
3.80711 7.15736
3.95939 6.85279
4.26396 6.54822
4.41624 6.39594
4.56853 6.09137
4.8731 5.7868
5.02538 5.63452
5.17766 5.32995
5.32995 5.02538
5.48223 4.72081
5.63452 4.41624
5.7868 4.11168
5.93909 3.80711
6.09137 3.50254
6.24365 3.19797
6.24365 2.8934
6.39594 2.58883
