5.7868 1.67513
5.93909 1.37056
5.93909 1.06599
6.09137 0.761421
6.09137 0.456853
6.24365 0.152284
6.24365 -0.152284
6.39594 -0.456853
6.54822 -0.761421
6.54822 -1.06599
6.70051 -1.37056
6.85279 -1.67513
6.85279 -1.9797
7.00508 -2.28426
7.00508 -2.58883
7.00508 -3.04569
7.15736 -3.35025
7.15736 -3.65482
7.15736 -3.95939
7.15736 -4.41624
7.15736 -4.72081
7.15736 -5.02538
7.00508 -5.32995
7.00508 -5.63452
6.85279 -5.93909
6.70051 -6.24365
6.54822 -6.54822
6.39594 -6.85279
6.24365 -7.15736
6.09137 -7.46193
5.7868 -7.61421
5.63452 -7.91878
5.32995 -8.07107
5.02538 -8.37563
4.72081 -8.52792
4.41624 -8.6802
4.26396 -8.98477
3.95939 -9.13706
3.65482 -9.28934
3.19797 -9.44162
2.8934 -9.44162
2.58883 -9.59391
2.28426 -9.74619
1.9797 -9.89848
1.67513 -9.89848
1.37056 -10.0508
1.06599 -10.0508
0.761421 -10.203
0.304569 -10.203
0 -10.3553
-0.304569 -10.3553
-0.609137 -10.5076
-0.913706 -10.5076
-1.21827 -10.5076
-1.52284 -10.6599
-1.67513 -10.6599
-1.9797 -10.6599
-2.28426 -10.8122
-2.58883 -10.8122
-2.8934 -10.8122
-3.19797 -10.8122
-3.35025 -10.9645
-3.65482 -10.9645
-3.95939 -10.9645
-4.26396 -10.9645
-4.41624 -10.9645
-4.72081 -10.9645
-5.02538 -11.1168
-5.17766 -11.1168
-5.48223 -11.1168
-5.7868 -11.1168
-5.93909 -11.1168
-6.24365 -11.1168
-6.54822 -11.1168
-6.70051 -11.1168
-7.00508 -11.1168
-7.15736 -11.1168
-7.46193 -11.1168
-7.61421 -11.1168
-7.91878 -11.1168
-8.07107 -11.1168
-8.37563 -11.1168
-8.52792 -11.1168
-8.83249 -10.9645
-8.98477 -10.9645
-9.28934 -10.9645
-9.44162 -10.9645
-9.74619 -10.9645
-9.89848 -10.9645
-10.203 -10.8122
-10.3553 -10.8122
-10.6599 -10.8122
-10.8122 -10.8122
-11.1168 -10.6599
-11.269 -10.6599
-11.4213 -10.6599
-11.7259 -10.5076
-11.8782 -10.5076
-12.0305 -10.5076
-12.335 -10.3553
-12.4873 -10.3553
-12.7919 -10.3553
-12.9442 -10.203
-13.0964 -10.203
-13.2487 -10.0508
-13.5533 -10.0508
-13.7056 -9.89848
-13.8579 -9.89848
-14.1624 -9.74619
-14.3147 -9.74619
-14.467 -9.59391
-14.6193 -9.59391
-14.9239 -9.44162
-15.0761 -9.28934
-15.2284 -9.28934
-15.533 -9.13706
-15.6853 -9.13706
-15.8376 -8.98477
-15.9898 -8.98477
-16.2944 -8.83249
-16.4467 -8.6802
-16.599 -8.6802
-16.7513 -8.52792
-17.0558 -8.52792
-17.2081 -8.37563
-17.3604 -8.22335
-17.5127 -8.22335
-17.8173 -8.07107
-17.9695 -8.07107
-18.1218 -7.91878
-18.2741 -7.7665
-18.5787 -7.61421
-18.731 -7.61421
-18.8832 -7.46193
-19.0355 -7.30964
-19.3401 -7.15736
-19.4924 -7.15736
-19.6447 -7.00508
-19.797 -6.85279
-19.9492 -6.70051
-20.2538 -6.54822
-20.4061 -6.39594
-20.5584 -6.24365
-20.7107 -6.09137
-20.8629 -5.93909
-21.0152 -5.7868
-21.1675 -5.63452
-21.3198 -5.48223
-21.4721 -5.32995
-21.6244 -5.02538
-21.7766 -4.8731
-21.9289 -4.72081
-22.0812 -4.56853
-22.2335 -4.41624
-22.3858 -4.11168
-22.5381 -3.95939
-22.6904 -3.80711
-22.6904 -3.50254
-22.8426 -3.35025
-22.9949 -3.19797
-23.1472 -2.8934
-23.2995 -2.74112
-23.2995 -2.58883
-23.4518 -2.28426
-23.6041 -2.13198
-23.7563 -1.82741
-23.9086 -1.67513
-23.9086 -1.52284
-24.0609 -1.21827
-24.2132 -1.06599
-24.3655 -0.761421
-24.5178 -0.609137
-24.5178 -0.304569
-24.6701 -0.152284
-24.8223 0.152284
-24.9746 0.456853
-25.1269 0.609137
-25.1269 0.913706
-25.2792 1.21827
-25.4315 1.37056
-25.5838 1.67513
-25.5838 1.9797
-25.736 2.28426
-25.736 2.43655
-25.8883 2.74112
-26.0406 3.04569
-26.0406 3.35025
-26.0406 3.65482
-26.1929 3.95939
-26.1929 4.11168
-26.1929 4.41624
-26.3452 4.72081
-26.3452 5.02538
-26.3452 5.32995
-26.3452 5.63452
-26.3452 5.93909
-26.3452 6.24365
-26.3452 6.54822
-26.3452 6.85279
-26.3452 7.15736
-26.1929 7.46193
-26.1929 7.7665
-26.1929 8.07107
-26.0406 8.37563
-26.0406 8.6802
-25.8883 8.98477
-25.8883 9.13706
-25.736 9.44162
-25.5838 9.74619
-25.5838 10.0508
-25.4315 10.3553
-25.2792 10.6599
-25.1269 10.9645
-24.9746 11.1168
-24.8223 11.4213
-24.8223 11.7259
-24.6701 12.0305
-24.5178 12.335
-24.2132 12.4873
-24.0609 12.7919
-23.9086 13.0964
-23.7563 13.2487
-23.6041 13.5533
-23.4518 13.8579
-23.1472 14.0102
-22.9949 14.3147
-22.8426 14.467
-22.5381 14.7716
-22.3858 14.9239
-22.0812 15.0761
-21.9289 15.3807
-21.6244 15.533
-21.3198 15.6853
-21.1675 15.8376
-20.8629 15.9898
-20.5584 16.1421
-20.2538 16.2944
-19.9492 16.4467
-19.6447 16.599
-19.3401 16.599
-19.0355 16.7513
-18.731 16.7513
-18.4264 16.9036
-18.1218 16.9036
-17.8173 16.9036
-17.5127 16.9036
-17.2081 16.9036
-16.9036 16.9036
-16.599 16.9036
-16.2944 16.9036
-15.9898 16.9036
-15.533 16.7513
-15.2284 16.7513
-14.9239 16.7513
-14.6193 16.599
-14.3147 16.599
-14.0102 16.4467
-13.7056 16.2944
-13.5533 16.1421
-13.2487 16.1421
-12.9442 15.9898
-12.6396 15.8376
-12.335 15.6853
-12.0305 15.533
-11.8782 15.533
-11.5736 15.3807
-11.269 15.2284
-11.1168 15.0761
-10.8122 14.9239
-10.6599 14.7716
-10.3553 14.6193
-10.203 14.467
-9.89848 14.3147
-9.74619 14.1624
-9.59391 14.1624
-9.28934 14.0102
-9.13706 13.8579
-8.98477 13.7056
-8.6802 13.5533
-8.52792 13.401
-8.37563 13.2487
-8.22335 13.2487
-7.91878 13.0964
-7.7665 12.9442
-7.61421 12.7919
-7.46193 12.6396
-7.30964 12.6396
-7.15736 12.4873
-6.85279 12.335
-6.70051 12.335
-6.54822 12.1827
-6.39594 12.0305
-6.24365 12.0305
-6.09137 11.8782
-5.93909 11.8782
-5.63452 11.7259
-5.48223 11.5736
-5.32995 11.5736
-5.17766 11.4213
-5.02538 11.4213
-4.8731 11.269
-4.72081 11.269
-4.41624 11.1168
-4.26396 11.1168
-4.11168 10.9645
-3.95939 10.9645
-3.80711 10.8122
-3.50254 10.6599
-3.35025 10.6599
-3.19797 10.5076
-3.04569 10.5076
-2.8934 10.3553
-2.74112 10.203
-2.43655 10.203
-2.28426 10.0508
-2.13198 9.89848
-1.9797 9.89848
-1.82741 9.74619
-1.52284 9.59391
-1.37056 9.44162
-1.21827 9.44162
-1.06599 9.28934
-0.913706 9.13706
-0.761421 8.98477
-0.456853 8.83249
-0.304569 8.6802
-0.152284 8.52792
0 8.37563
0.152284 8.22335
0.304569 8.07107
0.456853 7.91878
0.609137 7.7665
0.761421 7.61421
0.913706 7.46193
1.06599 7.30964
1.21827 7.15736
1.37056 7.00508
1.52284 6.70051
1.67513 6.54822
1.82741 6.39594
1.9797 6.24365
2.13198 5.93909
2.28426 5.7868
2.43655 5.63452
2.58883 5.32995
2.74112 5.17766
2.8934 5.02538
3.04569 4.72081
3.19797 4.56853
3.35025 4.41624
3.50254 4.11168
3.65482 3.95939
3.80711 3.65482
4.11168 3.50254
4.26396 3.19797
4.41624 3.04569
4.72081 2.74112
4.8731 2.43655
5.17766 2.28426
5.32995 1.9797
