6.39594 1.06599
6.54822 0.761421
6.70051 0.456853
6.85279 0.152284
7.15736 -0.152284
7.30964 -0.456853
7.46193 -0.761421
7.61421 -1.06599
7.7665 -1.37056
7.91878 -1.67513
8.07107 -1.9797
8.07107 -2.43655
8.22335 -2.74112
8.22335 -3.04569
8.37563 -3.35025
8.37563 -3.80711
8.37563 -4.11168
8.37563 -4.41624
8.37563 -4.8731
8.37563 -5.17766
8.37563 -5.48223
8.22335 -5.7868
8.22335 -6.09137
8.07107 -6.39594
7.91878 -6.70051
7.7665 -7.00508
7.61421 -7.30964
7.30964 -7.61421
7.15736 -7.91878
6.85279 -8.07107
6.54822 -8.37563
6.24365 -8.52792
5.93909 -8.6802
5.63452 -8.83249
5.32995 -9.13706
5.02538 -9.28934
4.72081 -9.44162
4.41624 -9.44162
3.95939 -9.59391
3.65482 -9.74619
3.35025 -9.89848
2.8934 -9.89848
2.58883 -10.0508
2.28426 -10.0508
1.9797 -10.203
1.52284 -10.203
1.21827 -10.203
0.913706 -10.3553
0.609137 -10.3553
0.304569 -10.3553
0 -10.3553
-0.304569 -10.5076
-0.609137 -10.5076
-0.913706 -10.5076
-1.21827 -10.5076
-1.52284 -10.6599
-1.82741 -10.6599
-2.13198 -10.6599
-2.28426 -10.6599
-2.58883 -10.8122
-2.8934 -10.8122
-3.04569 -10.8122
-3.35025 -10.8122
-3.65482 -10.8122
-3.80711 -10.9645
-4.11168 -10.9645
-4.41624 -10.9645
-4.56853 -10.9645
-4.8731 -10.9645
-5.02538 -10.9645
-5.32995 -11.1168
-5.48223 -11.1168
-5.7868 -11.1168
-5.93909 -11.1168
-6.24365 -11.1168
-6.39594 -11.1168
-6.70051 -11.1168
-6.85279 -11.1168
-7.15736 -11.1168
-7.30964 -11.1168
-7.61421 -11.1168
-7.7665 -11.1168
-8.07107 -11.1168
-8.22335 -11.1168
-8.37563 -11.1168
-8.6802 -11.1168
-8.83249 -11.1168
-9.13706 -10.9645
-9.28934 -10.9645
-9.44162 -10.9645
-9.74619 -10.9645
-9.89848 -10.9645
-10.203 -10.8122
-10.3553 -10.8122
-10.5076 -10.8122
-10.8122 -10.8122
-10.9645 -10.6599
-11.1168 -10.6599
-11.4213 -10.6599
-11.5736 -10.5076
-11.7259 -10.5076
-12.0305 -10.5076
-12.1827 -10.3553
-12.335 -10.3553
-12.4873 -10.203
-12.7919 -10.203
-12.9442 -10.203
-13.0964 -10.0508
-13.401 -10.0508
-13.5533 -9.89848
-13.7056 -9.89848
-13.8579 -9.74619
-14.0102 -9.74619
-14.3147 -9.59391
-14.467 -9.59391
-14.6193 -9.44162
-14.7716 -9.44162
-15.0761 -9.28934
-15.2284 -9.28934
-15.3807 -9.13706
-15.533 -9.13706
-15.8376 -8.98477
-15.9898 -8.98477
-16.1421 -8.83249
-16.4467 -8.83249
-16.599 -8.6802
-16.7513 -8.52792
-16.9036 -8.52792
-17.2081 -8.37563
-17.3604 -8.37563
-17.5127 -8.22335
-17.8173 -8.07107
-17.9695 -8.07107
-18.1218 -7.91878
-18.2741 -7.7665
-18.5787 -7.7665
-18.731 -7.61421
-18.8832 -7.46193
-19.0355 -7.30964
-19.3401 -7.15736
-19.4924 -7.15736
-19.6447 -7.00508
-19.797 -6.85279
-20.1015 -6.70051
-20.2538 -6.54822
-20.4061 -6.39594
-20.5584 -6.24365
-20.7107 -6.09137
-20.8629 -5.93909
-21.0152 -5.63452
-21.1675 -5.48223
-21.3198 -5.32995
-21.4721 -5.17766
-21.6244 -5.02538
-21.7766 -4.8731
-21.9289 -4.56853
-22.0812 -4.41624
-22.2335 -4.26396
-22.3858 -3.95939
-22.5381 -3.80711
-22.6904 -3.65482
-22.8426 -3.35025
-22.9949 -3.19797
-22.9949 -3.04569
-23.1472 -2.74112
-23.2995 -2.58883
-23.4518 -2.28426
-23.6041 -2.13198
-23.7563 -1.82741
-23.9086 -1.67513
-24.0609 -1.37056
-24.0609 -1.21827
-24.2132 -0.913706
-24.3655 -0.761421
-24.5178 -0.456853
-24.6701 -0.152284
-24.8223 0
-24.9746 0.304569
-24.9746 0.609137
-25.1269 0.761421
-25.2792 1.06599
-25.4315 1.37056
-25.4315 1.67513
-25.5838 1.9797
-25.736 2.28426
-25.736 2.43655
-25.8883 2.74112
-25.8883 3.04569
-26.0406 3.35025
-26.0406 3.65482
-26.0406 3.95939
-26.1929 4.26396
-26.1929 4.56853
-26.1929 4.8731
-26.1929 5.17766
-26.1929 5.48223
-26.1929 5.7868
-26.1929 6.09137
-26.1929 6.39594
-26.0406 6.70051
-26.0406 7.00508
-26.0406 7.30964
-25.8883 7.61421
-25.8883 7.91878
-25.736 8.22335
-25.736 8.52792
-25.5838 8.83249
-25.4315 9.13706
-25.2792 9.44162
-25.1269 9.74619
-24.9746 9.89848
-24.9746 10.203
-24.6701 10.5076
-24.5178 10.8122
-24.3655 10.9645
-24.2132 11.269
-24.0609 11.4213
-23.9086 11.7259
-23.6041 12.0305
-23.4518 12.1827
-23.1472 12.335
-22.9949 12.6396
-22.6904 12.7919
-22.5381 12.9442
-22.2335 13.2487
-22.0812 13.401
-21.7766 13.5533
-21.4721 13.7056
-21.3198 13.8579
-21.0152 14.0102
-20.7107 14.1624
-20.4061 14.3147
-20.1015 14.467
-19.9492 14.6193
-19.6447 14.7716
-19.3401 14.7716
-19.0355 14.9239
-18.731 15.0761
-18.4264 15.0761
-18.1218 15.2284
-17.9695 15.2284
-17.665 15.3807
-17.3604 15.3807
-17.0558 15.3807
-16.7513 15.533
-16.4467 15.533
-16.1421 15.533
-15.8376 15.533
-15.533 15.6853
-15.2284 15.6853
-15.0761 15.6853
-14.7716 15.6853
-14.467 15.6853
-14.1624 15.6853
-13.8579 15.533
-13.5533 15.533
-13.2487 15.533
-13.0964 15.533
-12.7919 15.3807
-12.4873 15.3807
-12.1827 15.3807
-12.0305 15.2284
-11.7259 15.2284
-11.4213 15.0761
-11.1168 15.0761
-10.9645 14.9239
-10.6599 14.9239
-10.5076 14.7716
-10.203 14.6193
-9.89848 14.467
-9.74619 14.467
-9.44162 14.3147
-9.28934 14.1624
-8.98477 14.0102
-8.83249 14.0102
-8.6802 13.8579
-8.37563 13.7056
-8.22335 13.5533
-7.91878 13.401
-7.7665 13.2487
-7.61421 13.0964
-7.46193 13.0964
-7.15736 12.9442
-7.00508 12.7919
-6.85279 12.6396
-6.70051 12.4873
-6.54822 12.4873
-6.24365 12.335
-6.09137 12.1827
-5.93909 12.0305
-5.7868 12.0305
-5.63452 11.8782
-5.48223 11.7259
-5.17766 11.7259
-5.02538 11.5736
-4.8731 11.4213
-4.72081 11.4213
-4.56853 11.269
-4.41624 11.1168
-4.11168 11.1168
-3.95939 10.9645
-3.80711 10.9645
-3.65482 10.8122
-3.50254 10.6599
-3.35025 10.6599
-3.04569 10.5076
-2.8934 10.5076
-2.74112 10.3553
-2.58883 10.203
-2.43655 10.203
-2.28426 10.0508
-1.9797 9.89848
-1.82741 9.74619
-1.67513 9.74619
-1.52284 9.59391
-1.37056 9.44162
-1.21827 9.28934
-1.06599 9.13706
-0.913706 9.13706
-0.761421 8.98477
-0.609137 8.83249
-0.304569 8.6802
-0.152284 8.52792
0 8.37563
0.152284 8.22335
0.304569 8.07107
0.456853 7.91878
0.609137 7.7665
0.761421 7.61421
0.913706 7.46193
1.06599 7.30964
1.21827 7.15736
1.37056 7.00508
1.52284 6.85279
1.67513 6.70051
1.82741 6.39594
1.9797 6.24365
2.13198 6.09137
2.28426 5.93909
2.43655 5.7868
2.58883 5.48223
2.58883 5.32995
2.74112 5.17766
2.8934 5.02538
3.04569 4.72081
3.19797 4.56853
3.50254 4.41624
3.65482 4.11168
3.80711 3.95939
3.95939 3.80711
4.11168 3.50254
4.26396 3.35025
4.41624 3.04569
4.72081 2.8934
4.8731 2.58883
5.02538 2.43655
5.32995 2.13198
5.48223 1.82741
5.63452 1.67513
5.93909 1.37056
