6.09137 1.37056
6.09137 1.21827
6.24365 0.913706
6.24365 0.609137
6.24365 0.304569
6.39594 0
6.39594 -0.304569
6.54822 -0.609137
6.54822 -0.913706
6.70051 -1.21827
6.70051 -1.52284
6.85279 -1.82741
6.85279 -2.13198
7.00508 -2.43655
7.00508 -2.74112
7.00508 -3.19797
7.15736 -3.50254
7.15736 -3.80711
7.15736 -4.11168
7.15736 -4.41624
7.15736 -4.72081
7.15736 -5.17766
7.00508 -5.48223
7.00508 -5.7868
6.85279 -6.09137
6.85279 -6.39594
6.70051 -6.70051
6.54822 -7.00508
6.24365 -7.15736
6.09137 -7.46193
5.93909 -7.7665
5.63452 -7.91878
5.48223 -8.22335
5.17766 -8.37563
4.8731 -8.52792
4.56853 -8.83249
4.41624 -8.98477
4.11168 -9.13706
3.80711 -9.28934
3.50254 -9.44162
3.19797 -9.59391
2.8934 -9.74619
2.58883 -9.74619
2.28426 -9.89848
1.9797 -10.0508
1.52284 -10.0508
1.21827 -10.203
0.913706 -10.203
0.609137 -10.3553
0.304569 -10.3553
0 -10.5076
-0.304569 -10.5076
-0.609137 -10.6599
-0.913706 -10.6599
-1.06599 -10.6599
-1.37056 -10.6599
-1.67513 -10.8122
-1.9797 -10.8122
-2.28426 -10.8122
-2.58883 -10.8122
-2.74112 -10.9645
-3.04569 -10.9645
-3.35025 -10.9645
-3.65482 -10.9645
-3.80711 -10.9645
-4.11168 -10.9645
-4.41624 -10.9645
-4.56853 -11.1168
-4.8731 -11.1168
-5.17766 -11.1168
-5.32995 -11.1168
-5.63452 -11.1168
-5.93909 -11.1168
-6.09137 -11.1168
-6.39594 -11.1168
-6.54822 -11.1168
-6.85279 -11.1168
-7.00508 -11.1168
-7.30964 -11.1168
-7.46193 -11.1168
-7.7665 -10.9645
-7.91878 -10.9645
-8.22335 -10.9645
-8.37563 -10.9645
-8.6802 -10.9645
-8.83249 -10.9645
-9.13706 -10.9645
-9.28934 -10.9645
-9.44162 -10.8122
-9.74619 -10.8122
-9.89848 -10.8122
-10.203 -10.8122
-10.3553 -10.8122
-10.5076 -10.6599
-10.8122 -10.6599
-10.9645 -10.6599
-11.269 -10.5076
-11.4213 -10.5076
-11.5736 -10.5076
-11.8782 -10.3553
-12.0305 -10.3553
-12.1827 -10.3553
-12.4873 -10.203
-12.6396 -10.203
-12.7919 -10.203
-13.0964 -10.0508
-13.2487 -10.0508
-13.401 -9.89848
-13.5533 -9.89848
-13.8579 -9.74619
-14.0102 -9.74619
-14.1624 -9.59391
-14.467 -9.59391
-14.6193 -9.44162
-14.7716 -9.44162
-14.9239 -9.44162
-15.2284 -9.28934
-15.3807 -9.13706
-15.533 -9.13706
-15.6853 -8.98477
-15.9898 -8.98477
-16.1421 -8.83249
-16.2944 -8.83249
-16.599 -8.6802
-16.7513 -8.6802
-16.9036 -8.52792
-17.0558 -8.37563
-17.3604 -8.37563
-17.5127 -8.22335
-17.665 -8.22335
-17.9695 -8.07107
-18.1218 -7.91878
-18.2741 -7.7665
-18.4264 -7.7665
-18.731 -7.61421
-18.8832 -7.46193
-19.0355 -7.30964
-19.1878 -7.30964
-19.4924 -7.15736
-19.6447 -7.00508
-19.797 -6.85279
-19.9492 -6.70051
-20.1015 -6.54822
-20.2538 -6.39594
-20.5584 -6.24365
-20.7107 -6.09137
-20.8629 -5.93909
-21.0152 -5.7868
-21.1675 -5.63452
-21.3198 -5.32995
-21.4721 -5.17766
-21.6244 -5.02538
-21.7766 -4.8731
-21.9289 -4.72081
-22.0812 -4.41624
-22.2335 -4.26396
-22.3858 -4.11168
-22.3858 -3.80711
-22.5381 -3.65482
-22.6904 -3.50254
-22.8426 -3.19797
-22.9949 -3.04569
-23.1472 -2.8934
-23.2995 -2.58883
-23.2995 -2.43655
-23.4518 -2.13198
-23.6041 -1.9797
-23.7563 -1.82741
-23.9086 -1.52284
-24.0609 -1.37056
-24.2132 -1.06599
-24.2132 -0.761421
-24.3655 -0.609137
-24.5178 -0.304569
-24.6701 -0.152284
-24.8223 0.152284
-24.9746 0.456853
-25.1269 0.609137
-25.1269 0.913706
-25.2792 1.21827
-25.4315 1.37056
-25.5838 1.67513
-25.5838 1.9797
-25.736 2.28426
-25.736 2.58883
-25.8883 2.8934
-26.0406 3.04569
-26.0406 3.35025
-26.0406 3.65482
-26.1929 3.95939
-26.1929 4.26396
-26.1929 4.56853
-26.1929 4.8731
-26.3452 5.17766
-26.3452 5.48223
-26.3452 5.7868
-26.3452 6.09137
-26.1929 6.39594
-26.1929 6.70051
-26.1929 7.00508
-26.1929 7.30964
-26.0406 7.61421
-26.0406 7.91878
-25.8883 8.22335
-25.8883 8.52792
-25.736 8.83249
-25.736 9.13706
-25.5838 9.44162
-25.4315 9.74619
-25.2792 9.89848
-25.1269 10.203
-24.9746 10.5076
-24.8223 10.8122
-24.6701 11.1168
-24.5178 11.269
-24.3655 11.5736
-24.2132 11.8782
-24.0609 12.0305
-23.9086 12.335
-23.6041 12.4873
-23.4518 12.7919
-23.2995 12.9442
-22.9949 13.2487
-22.8426 13.401
-22.5381 13.7056
-22.3858 13.8579
-22.0812 14.0102
-21.9289 14.1624
-21.6244 14.467
-21.3198 14.6193
-21.1675 14.7716
-20.8629 14.9239
-20.5584 15.0761
-20.2538 15.2284
-20.1015 15.3807
-19.797 15.3807
-19.4924 15.533
-19.1878 15.6853
-18.8832 15.8376
-18.5787 15.8376
-18.2741 15.9898
-17.9695 15.9898
-17.665 16.1421
-17.5127 16.1421
-17.2081 16.1421
-16.9036 16.2944
-16.599 16.2944
-16.2944 16.2944
-15.9898 16.2944
-15.6853 16.2944
-15.3807 16.2944
-15.0761 16.2944
-14.7716 16.2944
-14.467 16.1421
-14.1624 16.1421
-13.8579 16.1421
-13.5533 16.1421
-13.2487 15.9898
-13.0964 15.9898
-12.7919 15.8376
-12.4873 15.8376
-12.1827 15.6853
-11.8782 15.533
-11.7259 15.533
-11.4213 15.3807
-11.1168 15.2284
-10.9645 15.0761
-10.6599 15.0761
-10.3553 14.9239
-10.203 14.7716
-9.89848 14.6193
-9.74619 14.467
-9.44162 14.3147
-9.28934 14.1624
-8.98477 14.0102
-8.83249 13.8579
-8.6802 13.7056
-8.37563 13.5533
-8.22335 13.401
-8.07107 13.401
-7.91878 13.2487
-7.61421 13.0964
-7.46193 12.9442
-7.30964 12.7919
-7.15736 12.6396
-7.00508 12.4873
-6.85279 12.335
-6.70051 12.335
-6.39594 12.1827
-6.24365 12.0305
-6.09137 11.8782
-5.93909 11.8782
-5.7868 11.7259
-5.63452 11.5736
-5.48223 11.5736
-5.32995 11.4213
-5.02538 11.4213
-4.8731 11.269
-4.72081 11.269
-4.56853 11.1168
-4.41624 10.9645
-4.26396 10.9645
-4.11168 10.8122
-3.80711 10.8122
-3.65482 10.6599
-3.50254 10.6599
-3.35025 10.5076
-3.19797 10.5076
-3.04569 10.3553
-2.74112 10.203
-2.58883 10.203
-2.43655 10.0508
-2.28426 9.89848
-2.13198 9.89848
-1.82741 9.74619
-1.67513 9.59391
-1.52284 9.59391
-1.37056 9.44162
-1.21827 9.28934
-1.06599 9.13706
-0.913706 8.98477
-0.761421 8.98477
-0.456853 8.83249
-0.304569 8.6802
-0.152284 8.52792
0 8.37563
0.152284 8.22335
0.304569 8.07107
0.456853 7.91878
0.609137 7.7665
0.761421 7.61421
0.913706 7.46193
1.06599 7.30964
1.21827 7.15736
1.37056 7.00508
1.52284 6.70051
1.67513 6.54822
1.82741 6.39594
1.9797 6.24365
2.13198 6.09137
2.28426 5.93909
2.43655 5.63452
2.58883 5.48223
2.74112 5.32995
2.74112 5.02538
2.8934 4.8731
3.04569 4.72081
3.35025 4.41624
3.50254 4.26396
3.65482 4.11168
3.80711 3.80711
3.95939 3.65482
4.11168 3.35025
4.26396 3.19797
4.56853 2.8934
4.72081 2.74112
4.8731 2.43655
5.17766 2.28426
5.32995 1.9797
5.63452 1.67513
