6.54822 1.21827
6.70051 0.913706
6.85279 0.609137
7.00508 0.304569
7.15736 0
7.30964 -0.304569
7.30964 -0.609137
7.46193 -0.913706
7.61421 -1.21827
7.61421 -1.52284
7.7665 -1.82741
7.7665 -2.13198
7.91878 -2.43655
7.91878 -2.74112
7.91878 -3.04569
7.91878 -3.50254
7.91878 -3.80711
7.91878 -4.11168
7.91878 -4.41624
7.91878 -4.72081
7.7665 -5.02538
7.7665 -5.32995
7.61421 -5.63452
7.46193 -5.93909
7.30964 -6.24365
7.15736 -6.54822
7.00508 -6.85279
6.85279 -7.15736
6.70051 -7.30964
6.39594 -7.61421
6.24365 -7.7665
5.93909 -8.07107
5.63452 -8.22335
5.48223 -8.52792
5.17766 -8.6802
4.8731 -8.83249
4.56853 -8.98477
4.26396 -9.13706
3.95939 -9.28934
3.65482 -9.44162
3.35025 -9.59391
3.04569 -9.74619
2.74112 -9.74619
2.43655 -9.89848
2.13198 -10.0508
1.82741 -10.0508
1.52284 -10.203
1.21827 -10.203
0.913706 -10.3553
0.609137 -10.3553
0.304569 -10.5076
0 -10.5076
-0.304569 -10.5076
-0.609137 -10.6599
-0.913706 -10.6599
-1.06599 -10.6599
-1.37056 -10.6599
-1.67513 -10.8122
-1.9797 -10.8122
-2.28426 -10.8122
-2.43655 -10.8122
-2.74112 -10.8122
-3.04569 -10.9645
-3.35025 -10.9645
-3.50254 -10.9645
-3.80711 -10.9645
-4.11168 -10.9645
-4.26396 -10.9645
-4.56853 -10.9645
-4.72081 -10.9645
-5.02538 -10.9645
-5.17766 -10.9645
-5.48223 -11.1168
-5.7868 -11.1168
-5.93909 -11.1168
-6.24365 -11.1168
-6.39594 -11.1168
-6.54822 -11.1168
-6.85279 -11.1168
-7.00508 -11.1168
-7.30964 -11.1168
-7.46193 -11.1168
-7.7665 -11.1168
-7.91878 -11.1168
-8.22335 -11.1168
-8.37563 -11.1168
-8.6802 -11.1168
-8.83249 -11.1168
-8.98477 -11.1168
-9.28934 -10.9645
-9.44162 -10.9645
-9.74619 -10.9645
-9.89848 -10.9645
-10.0508 -10.9645
-10.3553 -10.8122
-10.5076 -10.8122
-10.6599 -10.8122
-10.9645 -10.8122
-11.1168 -10.6599
-11.4213 -10.6599
-11.5736 -10.6599
-11.7259 -10.5076
-11.8782 -10.5076
-12.1827 -10.3553
-12.335 -10.3553
-12.4873 -10.203
-12.7919 -10.203
-12.9442 -10.0508
-13.0964 -10.0508
-13.2487 -9.89848
-13.5533 -9.89848
-13.7056 -9.74619
-13.8579 -9.74619
-14.0102 -9.59391
-14.3147 -9.59391
-14.467 -9.44162
-14.6193 -9.44162
-14.7716 -9.28934
-15.0761 -9.13706
-15.2284 -9.13706
-15.3807 -8.98477
-15.533 -8.98477
-15.8376 -8.83249
-15.9898 -8.83249
-16.1421 -8.6802
-16.4467 -8.6802
-16.599 -8.52792
-16.7513 -8.52792
-17.0558 -8.37563
-17.2081 -8.37563
-17.3604 -8.22335
-17.665 -8.07107
-17.8173 -8.07107
-17.9695 -7.91878
-18.2741 -7.7665
-18.4264 -7.7665
-18.5787 -7.61421
-18.8832 -7.46193
-19.0355 -7.30964
-19.1878 -7.30964
-19.3401 -7.15736
-19.6447 -7.00508
-19.797 -6.85279
-19.9492 -6.70051
-20.1015 -6.54822
-20.2538 -6.39594
-20.5584 -6.24365
-20.7107 -6.09137
-20.8629 -5.93909
-21.0152 -5.63452
-21.1675 -5.48223
-21.3198 -5.32995
-21.4721 -5.17766
-21.6244 -4.8731
-21.6244 -4.72081
-21.7766 -4.56853
-21.9289 -4.41624
-22.0812 -4.11168
-22.2335 -3.95939
-22.3858 -3.65482
-22.5381 -3.50254
-22.6904 -3.35025
-22.6904 -3.04569
-22.8426 -2.8934
-22.9949 -2.58883
-23.1472 -2.43655
-23.2995 -2.28426
-23.4518 -1.9797
-23.6041 -1.82741
-23.6041 -1.52284
-23.7563 -1.37056
-23.9086 -1.06599
-24.0609 -0.761421
-24.2132 -0.609137
-24.3655 -0.304569
-24.5178 -0.152284
-24.6701 0.152284
-24.8223 0.456853
-24.9746 0.609137
-24.9746 0.913706
-25.1269 1.21827
-25.2792 1.52284
-25.4315 1.82741
-25.4315 2.13198
-25.5838 2.28426
-25.736 2.58883
-25.736 2.8934
-25.8883 3.19797
-25.8883 3.50254
-26.0406 3.80711
-26.0406 4.11168
-26.0406 4.41624
-26.0406 4.72081
-26.1929 5.02538
-26.1929 5.32995
-26.1929 5.63452
-26.0406 5.93909
-26.0406 6.24365
-26.0406 6.54822
-26.0406 6.85279
-25.8883 7.15736
-25.8883 7.46193
-25.736 7.7665
-25.736 8.07107
-25.5838 8.37563
-25.4315 8.6802
-25.4315 8.98477
-25.2792 9.28934
-25.1269 9.59391
-24.9746 9.74619
-24.8223 10.0508
-24.6701 10.3553
-24.5178 10.6599
-24.3655 10.8122
-24.2132 11.1168
-23.9086 11.4213
-23.7563 11.5736
-23.6041 11.8782
-23.2995 12.0305
-23.1472 12.335
-22.8426 12.4873
-22.6904 12.6396
-22.3858 12.9442
-22.2335 13.0964
-21.9289 13.2487
-21.7766 13.401
-21.4721 13.7056
-21.1675 13.8579
-20.8629 14.0102
-20.7107 14.1624
-20.4061 14.3147
-20.1015 14.3147
-19.797 14.467
-19.6447 14.6193
-19.3401 14.7716
-19.0355 14.9239
-18.731 14.9239
-18.4264 15.0761
-18.1218 15.0761
-17.8173 15.2284
-17.5127 15.2284
-17.3604 15.3807
-17.0558 15.3807
-16.7513 15.3807
-16.4467 15.533
-16.1421 15.533
-15.8376 15.533
-15.533 15.533
-15.2284 15.533
-14.9239 15.533
-14.7716 15.533
-14.467 15.533
-14.1624 15.533
-13.8579 15.533
-13.5533 15.533
-13.2487 15.533
-12.9442 15.533
-12.7919 15.3807
-12.4873 15.3807
-12.1827 15.3807
-11.8782 15.2284
-11.7259 15.2284
-11.4213 15.0761
-11.1168 15.0761
-10.9645 14.9239
-10.6599 14.7716
-10.3553 14.7716
-10.203 14.6193
-9.89848 14.6193
-9.74619 14.467
-9.44162 14.3147
-9.28934 14.1624
-8.98477 14.1624
-8.83249 14.0102
-8.52792 13.8579
-8.37563 13.7056
-8.22335 13.5533
-7.91878 13.5533
-7.7665 13.401
-7.61421 13.2487
-7.30964 13.0964
-7.15736 12.9442
-7.00508 12.9442
-6.85279 12.7919
-6.54822 12.6396
-6.39594 12.4873
-6.24365 12.335
-6.09137 12.335
-5.93909 12.1827
-5.7868 12.0305
-5.63452 12.0305
-5.32995 11.8782
-5.17766 11.7259
-5.02538 11.5736
-4.8731 11.5736
-4.72081 11.4213
-4.56853 11.4213
-4.41624 11.269
-4.11168 11.1168
-3.95939 11.1168
-3.80711 10.9645
-3.65482 10.8122
-3.50254 10.8122
-3.35025 10.6599
-3.19797 10.5076
-3.04569 10.5076
-2.74112 10.3553
-2.58883 10.203
-2.43655 10.203
-2.28426 10.0508
-2.13198 9.89848
-1.9797 9.89848
-1.82741 9.74619
-1.67513 9.59391
-1.37056 9.59391
-1.21827 9.44162
-1.06599 9.28934
-0.913706 9.13706
-0.761421 8.98477
-0.609137 8.98477
-0.456853 8.83249
-0.304569 8.6802
-0.152284 8.52792
0 8.37563
0.152284 8.22335
0.304569 8.07107
0.456853 7.91878
0.761421 7.7665
0.913706 7.61421
1.06599 7.46193
1.21827 7.30964
1.37056 7.15736
1.52284 7.00508
1.67513 6.85279
1.82741 6.70051
1.82741 6.54822
1.9797 6.39594
2.13198 6.24365
2.28426 5.93909
2.43655 5.7868
2.58883 5.63452
2.74112 5.48223
2.8934 5.17766
3.04569 5.02538
3.19797 4.8731
3.35025 4.72081
3.50254 4.41624
3.65482 4.26396
3.80711 4.11168
3.95939 3.80711
4.11168 3.65482
4.26396 3.35025
4.41624 3.19797
4.72081 2.8934
4.8731 2.74112
5.02538 2.43655
5.32995 2.28426
5.48223 1.9797
5.7868 1.82741
6.09137 1.52284
