6.39594 1.37056
6.54822 1.06599
6.70051 0.761421
6.85279 0.456853
7.00508 0.304569
7.15736 0
7.30964 -0.456853
7.30964 -0.761421
7.46193 -1.06599
7.61421 -1.37056
7.61421 -1.67513
7.7665 -1.9797
7.7665 -2.28426
7.7665 -2.58883
7.91878 -3.04569
7.91878 -3.35025
7.91878 -3.65482
7.91878 -3.95939
7.91878 -4.26396
7.7665 -4.56853
7.7665 -5.02538
7.61421 -5.32995
7.61421 -5.63452
7.46193 -5.93909
7.30964 -6.24365
7.15736 -6.54822
7.00508 -6.70051
6.85279 -7.00508
6.70051 -7.30964
6.39594 -7.61421
6.24365 -7.7665
5.93909 -8.07107
5.63452 -8.22335
5.48223 -8.37563
5.17766 -8.6802
4.8731 -8.83249
4.56853 -8.98477
4.26396 -9.13706
3.95939 -9.28934
3.65482 -9.44162
3.35025 -9.59391
3.04569 -9.74619
2.74112 -9.89848
2.43655 -9.89848
2.13198 -10.0508
1.82741 -10.203
1.52284 -10.203
1.21827 -10.3553
0.913706 -10.3553
0.609137 -10.5076
0.304569 -10.5076
0 -10.5076
-0.304569 -10.6599
-0.609137 -10.6599
-0.913706 -10.6599
-1.21827 -10.8122
-1.52284 -10.8122
-1.82741 -10.8122
-2.13198 -10.8122
-2.28426 -10.8122
-2.58883 -10.9645
-2.8934 -10.9645
-3.19797 -10.9645
-3.50254 -10.9645
-3.65482 -10.9645
-3.95939 -10.9645
-4.26396 -10.9645
-4.41624 -10.9645
-4.72081 -10.9645
-5.02538 -11.1168
-5.17766 -11.1168
-5.48223 -11.1168
-5.63452 -11.1168
-5.93909 -11.1168
-6.09137 -11.1168
-6.39594 -11.1168
-6.54822 -11.1168
-6.85279 -11.1168
-7.00508 -11.1168
-7.30964 -11.1168
-7.46193 -11.1168
-7.7665 -11.1168
-7.91878 -11.1168
-8.22335 -11.1168
-8.37563 -11.1168
-8.6802 -10.9645
-8.83249 -10.9645
-9.13706 -10.9645
-9.28934 -10.9645
-9.59391 -10.9645
-9.74619 -10.9645
-9.89848 -10.9645
-10.203 -10.8122
-10.3553 -10.8122
-10.6599 -10.8122
-10.8122 -10.8122
-10.9645 -10.6599
-11.269 -10.6599
-11.4213 -10.6599
-11.5736 -10.5076
-11.8782 -10.5076
-12.0305 -10.5076
-12.1827 -10.3553
-12.4873 -10.3553
-12.6396 -10.203
-12.7919 -10.203
-13.0964 -10.0508
-13.2487 -10.0508
-13.401 -9.89848
-13.5533 -9.89848
-13.8579 -9.74619
-14.0102 -9.74619
-14.1624 -9.59391
-14.3147 -9.59391
-14.6193 -9.44162
-14.7716 -9.28934
-14.9239 -9.28934
-15.0761 -9.13706
-15.3807 -9.13706
-15.533 -8.98477
-15.6853 -8.98477
-15.8376 -8.83249
-16.1421 -8.6802
-16.2944 -8.6802
-16.4467 -8.52792
-16.599 -8.52792
-16.9036 -8.37563
-17.0558 -8.22335
-17.2081 -8.22335
-17.3604 -8.07107
-17.665 -7.91878
-17.8173 -7.91878
-17.9695 -7.7665
-18.1218 -7.61421
-18.4264 -7.46193
-18.5787 -7.46193
-18.731 -7.30964
-18.8832 -7.15736
-19.1878 -7.00508
-19.3401 -6.85279
-19.4924 -6.85279
-19.6447 -6.70051
-19.797 -6.54822
-19.9492 -6.39594
-20.2538 -6.24365
-20.4061 -6.09137
-20.5584 -5.93909
-20.7107 -5.7868
-20.8629 -5.48223
-21.0152 -5.32995
-21.1675 -5.17766
-21.3198 -5.02538
-21.4721 -4.8731
-21.6244 -4.72081
-21.7766 -4.41624
-21.9289 -4.26396
-22.0812 -4.11168
-22.2335 -3.95939
-22.3858 -3.65482
-22.5381 -3.50254
-22.6904 -3.35025
-22.6904 -3.04569
-22.8426 -2.8934
-22.9949 -2.58883
-23.1472 -2.43655
-23.2995 -2.28426
-23.4518 -1.9797
-23.6041 -1.82741
-23.6041 -1.52284
-23.7563 -1.37056
-23.9086 -1.06599
-24.0609 -0.913706
-24.2132 -0.609137
-24.2132 -0.456853
-24.3655 -0.152284
-24.5178 0.152284
-24.6701 0.304569
-24.6701 0.609137
-24.8223 0.913706
-24.9746 1.06599
-24.9746 1.37056
-25.1269 1.67513
-25.2792 1.9797
-25.2792 2.28426
-25.4315 2.43655
-25.4315 2.74112
-25.5838 3.04569
-25.5838 3.35025
-25.736 3.65482
-25.736 3.95939
-25.8883 4.26396
-25.8883 4.56853
-25.8883 4.8731
-25.8883 5.17766
-26.0406 5.48223
-26.0406 5.7868
-26.0406 6.09137
-26.0406 6.39594
-26.0406 6.70051
-26.0406 7.00508
-26.0406 7.30964
-26.0406 7.61421
-26.0406 7.91878
-26.0406 8.37563
-25.8883 8.6802
-25.8883 8.98477
-25.8883 9.28934
-25.736 9.59391
-25.736 9.89848
-25.5838 10.203
-25.5838 10.5076
-25.4315 10.8122
-25.2792 11.1168
-25.1269 11.4213
-25.1269 11.7259
-24.9746 12.0305
-24.8223 12.335
-24.6701 12.6396
-24.3655 12.9442
-24.2132 13.0964
-24.0609 13.401
-23.9086 13.7056
-23.6041 13.8579
-23.4518 14.1624
-23.1472 14.467
-22.9949 14.6193
-22.6904 14.9239
-22.5381 15.0761
-22.2335 15.2284
-21.9289 15.3807
-21.6244 15.6853
-21.3198 15.8376
-21.1675 15.9898
-20.8629 16.1421
-20.5584 16.2944
-20.2538 16.2944
-19.9492 16.4467
-19.6447 16.599
-19.3401 16.599
-18.8832 16.7513
-18.5787 16.7513
-18.2741 16.9036
-17.9695 16.9036
-17.665 16.9036
-17.3604 16.9036
-16.9036 16.9036
-16.599 16.9036
-16.2944 16.9036
-15.9898 16.7513
-15.6853 16.7513
-15.2284 16.7513
-14.9239 16.599
-14.6193 16.599
-14.3147 16.4467
-14.0102 16.4467
-13.7056 16.2944
-13.401 16.1421
-13.0964 16.1421
-12.7919 15.9898
-12.4873 15.8376
-12.1827 15.6853
-12.0305 15.533
-11.7259 15.3807
-11.4213 15.3807
-11.1168 15.2284
-10.9645 15.0761
-10.6599 14.9239
-10.5076 14.7716
-10.203 14.6193
-9.89848 14.467
-9.74619 14.467
-9.44162 14.3147
-9.28934 14.1624
-9.13706 14.0102
-8.83249 13.8579
-8.6802 13.7056
-8.37563 13.7056
-8.22335 13.5533
-8.07107 13.401
-7.91878 13.2487
-7.61421 13.0964
-7.46193 13.0964
-7.30964 12.9442
-7.15736 12.7919
-6.85279 12.6396
-6.70051 12.6396
-6.54822 12.4873
-6.39594 12.335
-6.24365 12.1827
-6.09137 12.1827
-5.7868 12.0305
-5.63452 11.8782
-5.48223 11.8782
-5.32995 11.7259
-5.17766 11.7259
-5.02538 11.5736
-4.8731 11.4213
-4.72081 11.4213
-4.41624 11.269
-4.26396 11.1168
-4.11168 11.1168
-3.95939 10.9645
-3.80711 10.9645
-3.65482 10.8122
-3.50254 10.6599
-3.35025 10.6599
-3.04569 10.5076
-2.8934 10.3553
-2.74112 10.3553
-2.58883 10.203
-2.43655 10.0508
-2.28426 10.0508
-2.13198 9.89848
-1.9797 9.74619
-1.67513 9.74619
-1.52284 9.59391
-1.37056 9.44162
-1.21827 9.28934
-1.06599 9.13706
-0.913706 9.13706
-0.761421 8.98477
-0.609137 8.83249
-0.456853 8.6802
-0.152284 8.52792
0 8.37563
0.152284 8.22335
0.304569 8.22335
0.456853 8.07107
0.609137 7.91878
0.761421 7.7665
0.913706 7.61421
1.06599 7.46193
1.21827 7.15736
1.37056 7.00508
1.52284 6.85279
1.67513 6.70051
1.82741 6.54822
1.9797 6.39594
2.13198 6.24365
2.28426 6.09137
2.43655 5.7868
2.58883 5.63452
2.74112 5.48223
2.8934 5.32995
3.04569 5.02538
3.19797 4.8731
3.35025 4.72081
3.50254 4.41624
3.65482 4.26396
3.95939 4.11168
4.11168 3.80711
4.26396 3.65482
4.41624 3.35025
4.56853 3.19797
4.8731 2.8934
5.02538 2.74112
5.17766 2.43655
5.48223 2.13198
5.63452 1.9797
5.93909 1.67513
