6.24365 1.52284
6.54822 1.21827
6.70051 0.913706
6.85279 0.609137
7.00508 0.304569
7.15736 0
7.30964 -0.304569
7.30964 -0.609137
7.46193 -0.913706
7.61421 -1.37056
7.61421 -1.67513
7.7665 -1.9797
7.7665 -2.28426
7.91878 -2.58883
7.91878 -2.8934
7.91878 -3.35025
7.91878 -3.65482
7.91878 -3.95939
7.7665 -4.26396
7.7665 -4.56853
7.7665 -4.8731
7.61421 -5.32995
7.61421 -5.63452
7.46193 -5.93909
7.30964 -6.24365
7.15736 -6.39594
7.00508 -6.70051
6.85279 -7.00508
6.54822 -7.30964
6.39594 -7.61421
6.09137 -7.7665
5.93909 -8.07107
5.63452 -8.22335
5.48223 -8.52792
5.17766 -8.6802
4.8731 -8.83249
4.56853 -8.98477
4.26396 -9.28934
3.95939 -9.44162
3.65482 -9.59391
3.35025 -9.74619
3.04569 -9.74619
2.74112 -9.89848
2.43655 -10.0508
2.13198 -10.203
1.82741 -10.203
1.52284 -10.3553
1.21827 -10.5076
0.913706 -10.5076
0.609137 -10.5076
0.304569 -10.6599
0 -10.6599
-0.304569 -10.8122
-0.609137 -10.8122
-0.913706 -10.8122
-1.21827 -10.8122
-1.52284 -10.9645
-1.82741 -10.9645
-2.13198 -10.9645
-2.43655 -10.9645
-2.74112 -10.9645
-2.8934 -10.9645
-3.19797 -10.9645
-3.50254 -10.9645
-3.80711 -10.9645
-4.11168 -10.9645
-4.26396 -10.9645
-4.56853 -10.9645
-4.8731 -10.9645
-5.02538 -10.9645
-5.32995 -10.9645
-5.63452 -10.9645
-5.7868 -10.9645
-6.09137 -10.9645
-6.24365 -10.9645
-6.54822 -10.9645
-6.70051 -10.9645
-7.00508 -10.9645
-7.15736 -10.9645
-7.46193 -10.9645
-7.61421 -10.9645
-7.91878 -10.9645
-8.07107 -10.9645
-8.37563 -10.9645
-8.52792 -10.9645
-8.83249 -10.9645
-8.98477 -10.9645
-9.28934 -10.9645
-9.44162 -10.9645
-9.59391 -10.9645
-9.89848 -10.9645
-10.0508 -10.9645
-10.3553 -10.8122
-10.5076 -10.8122
-10.6599 -10.8122
-10.9645 -10.8122
-11.1168 -10.6599
-11.4213 -10.6599
-11.5736 -10.6599
-11.7259 -10.5076
-12.0305 -10.5076
-12.1827 -10.5076
-12.335 -10.3553
-12.6396 -10.3553
-12.7919 -10.203
-12.9442 -10.203
-13.2487 -10.0508
-13.401 -10.0508
-13.5533 -9.89848
-13.7056 -9.74619
-14.0102 -9.74619
-14.1624 -9.59391
-14.3147 -9.59391
-14.467 -9.44162
-14.6193 -9.44162
-14.9239 -9.28934
-15.0761 -9.13706
-15.2284 -9.13706
-15.3807 -8.98477
-15.6853 -8.98477
-15.8376 -8.83249
-15.9898 -8.6802
-16.1421 -8.6802
-16.4467 -8.52792
-16.599 -8.52792
-16.7513 -8.37563
-16.9036 -8.22335
-17.2081 -8.22335
-17.3604 -8.07107
-17.5127 -8.07107
-17.8173 -7.91878
-17.9695 -7.7665
-18.1218 -7.7665
-18.2741 -7.61421
-18.5787 -7.46193
-18.731 -7.46193
-18.8832 -7.30964
-19.1878 -7.15736
-19.3401 -7.00508
-19.4924 -6.85279
-19.6447 -6.70051
-19.797 -6.70051
-20.1015 -6.54822
-20.2538 -6.39594
-20.4061 -6.24365
-20.5584 -6.09137
-20.7107 -5.7868
-20.8629 -5.63452
-21.0152 -5.48223
-21.1675 -5.32995
-21.3198 -5.17766
-21.4721 -5.02538
-21.6244 -4.72081
-21.7766 -4.56853
-21.9289 -4.41624
-22.0812 -4.26396
-22.2335 -3.95939
-22.2335 -3.80711
-22.3858 -3.65482
-22.5381 -3.35025
-22.6904 -3.19797
-22.8426 -3.04569
-22.8426 -2.74112
-22.9949 -2.58883
-23.1472 -2.28426
-23.2995 -2.13198
-23.4518 -1.9797
-23.6041 -1.67513
-23.6041 -1.52284
-23.7563 -1.21827
-23.9086 -1.06599
-24.0609 -0.761421
-24.2132 -0.609137
-24.3655 -0.304569
-24.3655 0
-24.5178 0.152284
-24.6701 0.456853
-24.8223 0.609137
-24.9746 0.913706
-24.9746 1.21827
-25.1269 1.52284
-25.2792 1.67513
-25.2792 1.9797
-25.4315 2.28426
-25.5838 2.58883
-25.5838 2.8934
-25.736 3.19797
-25.736 3.35025
-25.8883 3.65482
-25.8883 3.95939
-25.8883 4.26396
-26.0406 4.56853
-26.0406 4.8731
-26.0406 5.17766
-26.0406 5.48223
-26.0406 5.7868
-26.0406 6.09137
-26.0406 6.39594
-26.0406 6.70051
-25.8883 7.00508
-25.8883 7.30964
-25.8883 7.61421
-25.736 7.91878
-25.736 8.22335
-25.5838 8.52792
-25.5838 8.83249
-25.4315 8.98477
-25.2792 9.28934
-25.1269 9.59391
-25.1269 9.89848
-24.9746 10.203
-24.8223 10.5076
-24.6701 10.6599
-24.5178 10.9645
-24.3655 11.269
-24.2132 11.4213
-24.0609 11.7259
-23.7563 12.0305
-23.6041 12.1827
-23.4518 12.4873
-23.2995 12.6396
-22.9949 12.9442
-22.8426 13.0964
-22.5381 13.2487
-22.3858 13.5533
-22.0812 13.7056
-21.9289 13.8579
-21.6244 14.1624
-21.4721 14.3147
-21.1675 14.467
-20.8629 14.6193
-20.7107 14.7716
-20.4061 14.9239
-20.1015 15.0761
-19.797 15.2284
-19.6447 15.3807
-19.3401 15.3807
-19.0355 15.533
-18.731 15.6853
-18.4264 15.6853
-18.1218 15.8376
-17.8173 15.8376
-17.5127 15.9898
-17.2081 15.9898
-16.9036 15.9898
-16.7513 16.1421
-16.4467 16.1421
-16.1421 16.1421
-15.8376 16.1421
-15.533 16.1421
-15.2284 16.1421
-14.9239 16.1421
-14.6193 16.1421
-14.3147 15.9898
-14.0102 15.9898
-13.7056 15.9898
-13.401 15.9898
-13.2487 15.8376
-12.9442 15.8376
-12.6396 15.6853
-12.335 15.6853
-12.0305 15.533
-11.8782 15.533
-11.5736 15.3807
-11.269 15.2284
-11.1168 15.2284
-10.8122 15.0761
-10.5076 14.9239
-10.3553 14.9239
-10.0508 14.7716
-9.89848 14.6193
-9.59391 14.467
-9.44162 14.3147
-9.13706 14.3147
-8.98477 14.1624
-8.83249 14.0102
-8.52792 13.8579
-8.37563 13.7056
-8.22335 13.5533
-7.91878 13.401
-7.7665 13.401
-7.61421 13.2487
-7.46193 13.0964
-7.15736 12.9442
-7.00508 12.7919
-6.85279 12.6396
-6.70051 12.6396
-6.54822 12.4873
-6.39594 12.335
-6.09137 12.1827
-5.93909 12.1827
-5.7868 12.0305
-5.63452 11.8782
-5.48223 11.8782
-5.32995 11.7259
-5.17766 11.5736
-5.02538 11.5736
-4.72081 11.4213
-4.56853 11.4213
-4.41624 11.269
-4.26396 11.1168
-4.11168 11.1168
-3.95939 10.9645
-3.80711 10.9645
-3.50254 10.8122
-3.35025 10.6599
-3.19797 10.6599
-3.04569 10.5076
-2.8934 10.3553
-2.74112 10.3553
-2.43655 10.203
-2.28426 10.203
-2.13198 10.0508
-1.9797 9.89848
-1.82741 9.74619
-1.67513 9.74619
-1.52284 9.59391
-1.21827 9.44162
-1.06599 9.28934
-0.913706 9.28934
-0.761421 9.13706
-0.609137 8.98477
-0.456853 8.83249
-0.304569 8.6802
0 8.52792
0.152284 8.37563
0.304569 8.37563
0.456853 8.22335
0.609137 8.07107
0.761421 7.91878
0.913706 7.7665
1.06599 7.61421
1.21827 7.30964
1.37056 7.15736
1.52284 7.00508
1.67513 6.85279
1.82741 6.70051
1.9797 6.54822
2.13198 6.39594
2.28426 6.09137
2.43655 5.93909
2.58883 5.7868
2.74112 5.63452
2.8934 5.32995
3.04569 5.17766
3.19797 5.02538
3.35025 4.72081
3.50254 4.56853
3.65482 4.41624
3.80711 4.11168
3.95939 3.95939
4.11168 3.65482
4.41624 3.50254
4.56853 3.19797
4.72081 3.04569
4.8731 2.74112
5.17766 2.58883
5.32995 2.28426
5.63452 1.9797
5.7868 1.67513
