6.54822 1.52284
7.00508 1.21827
7.30964 0.913706
7.7665 0.609137
8.07107 0.304569
8.37563 0
8.52792 -0.304569
8.83249 -0.761421
8.98477 -1.06599
9.13706 -1.37056
9.28934 -1.82741
9.44162 -2.13198
9.44162 -2.43655
9.59391 -2.8934
9.59391 -3.19797
9.59391 -3.50254
9.44162 -3.95939
9.44162 -4.26396
9.44162 -4.56853
9.28934 -4.8731
9.13706 -5.17766
8.98477 -5.63452
8.83249 -5.93909
8.6802 -6.24365
8.52792 -6.39594
8.22335 -6.70051
8.07107 -7.00508
7.7665 -7.30964
7.61421 -7.46193
7.30964 -7.7665
7.00508 -7.91878
6.70051 -8.22335
6.39594 -8.37563
6.09137 -8.6802
5.7868 -8.83249
5.48223 -8.98477
5.17766 -9.13706
4.8731 -9.28934
4.56853 -9.44162
4.26396 -9.59391
3.95939 -9.74619
3.50254 -9.74619
3.19797 -9.89848
2.8934 -10.0508
2.58883 -10.0508
2.28426 -10.203
1.9797 -10.203
1.52284 -10.3553
1.21827 -10.3553
0.913706 -10.5076
0.609137 -10.5076
0.304569 -10.5076
0 -10.6599
-0.304569 -10.6599
-0.609137 -10.6599
-0.913706 -10.8122
-1.21827 -10.8122
-1.37056 -10.8122
-1.67513 -10.8122
-1.9797 -10.8122
-2.28426 -10.9645
-2.58883 -10.9645
-2.8934 -10.9645
-3.04569 -10.9645
-3.35025 -10.9645
-3.65482 -10.9645
-3.80711 -10.9645
-4.11168 -11.1168
-4.41624 -11.1168
-4.56853 -11.1168
-4.8731 -11.1168
-5.17766 -11.1168
-5.32995 -11.1168
-5.63452 -11.1168
-5.7868 -11.1168
-6.09137 -11.1168
-6.24365 -11.1168
-6.54822 -11.1168
-6.70051 -11.1168
-7.00508 -11.1168
-7.15736 -11.1168
-7.46193 -11.1168
-7.61421 -11.1168
-7.91878 -11.1168
-8.07107 -11.1168
-8.37563 -11.1168
-8.52792 -11.1168
-8.83249 -11.1168
-8.98477 -10.9645
-9.28934 -10.9645
-9.44162 -10.9645
-9.74619 -10.9645
-9.89848 -10.9645
-10.0508 -10.9645
-10.3553 -10.8122
-10.5076 -10.8122
-10.8122 -10.8122
-10.9645 -10.6599
-11.1168 -10.6599
-11.4213 -10.6599
-11.5736 -10.5076
-11.7259 -10.5076
-12.0305 -10.3553
-12.1827 -10.3553
-12.335 -10.203
-12.6396 -10.203
-12.7919 -10.0508
-12.9442 -10.0508
-13.2487 -9.89848
-13.401 -9.89848
-13.5533 -9.74619
-13.7056 -9.59391
-14.0102 -9.59391
-14.1624 -9.44162
-14.3147 -9.44162
-14.467 -9.28934
-14.6193 -9.13706
-14.9239 -9.13706
-15.0761 -8.98477
-15.2284 -8.83249
-15.3807 -8.83249
-15.6853 -8.6802
-15.8376 -8.6802
-15.9898 -8.52792
-16.1421 -8.37563
-16.2944 -8.37563
-16.599 -8.22335
-16.7513 -8.07107
-16.9036 -8.07107
-17.0558 -7.91878
-17.3604 -7.7665
-17.5127 -7.7665
-17.665 -7.61421
-17.8173 -7.46193
-18.1218 -7.46193
-18.2741 -7.30964
-18.4264 -7.15736
-18.731 -7.00508
-18.8832 -7.00508
-19.0355 -6.85279
-19.1878 -6.70051
-19.4924 -6.54822
-19.6447 -6.39594
-19.797 -6.24365
-19.9492 -6.09137
-20.2538 -5.93909
-20.4061 -5.7868
-20.5584 -5.63452
-20.7107 -5.48223
-20.8629 -5.32995
-21.1675 -5.17766
-21.3198 -5.02538
-21.4721 -4.8731
-21.6244 -4.72081
-21.7766 -4.41624
-21.9289 -4.26396
-22.0812 -4.11168
-22.2335 -3.95939
-22.3858 -3.65482
-22.5381 -3.50254
-22.6904 -3.35025
-22.8426 -3.04569
-22.9949 -2.8934
-23.1472 -2.74112
-23.2995 -2.43655
-23.4518 -2.28426
-23.6041 -1.9797
-23.7563 -1.82741
-23.7563 -1.52284
-23.9086 -1.21827
-24.0609 -1.06599
-24.0609 -0.761421
-24.2132 -0.609137
-24.3655 -0.304569
-24.3655 0
-24.5178 0.152284
-24.5178 0.456853
-24.6701 0.761421
-24.6701 1.06599
-24.8223 1.21827
-24.8223 1.52284
-24.9746 1.82741
-24.9746 2.13198
-24.9746 2.28426
-25.1269 2.58883
-25.1269 2.8934
-25.2792 3.19797
-25.2792 3.50254
-25.2792 3.80711
-25.4315 4.11168
-25.4315 4.41624
-25.4315 4.56853
-25.5838 4.8731
-25.5838 5.17766
-25.5838 5.63452
-25.736 5.93909
-25.736 6.24365
-25.736 6.54822
-25.8883 6.85279
-25.8883 7.15736
-25.8883 7.46193
-25.8883 7.91878
-25.8883 8.22335
-26.0406 8.52792
-26.0406 8.83249
-25.8883 9.28934
-25.8883 9.59391
-25.8883 9.89848
-25.8883 10.203
-25.736 10.6599
-25.736 10.9645
-25.5838 11.269
-25.5838 11.5736
-25.4315 11.8782
-25.2792 12.1827
-25.1269 12.4873
-24.9746 12.7919
-24.8223 13.0964
-24.6701 13.401
-24.5178 13.7056
-24.2132 13.8579
-24.0609 14.1624
-23.7563 14.467
-23.4518 14.6193
-23.2995 14.9239
-22.9949 15.0761
-22.6904 15.2284
-22.3858 15.3807
-22.0812 15.533
-21.7766 15.6853
-21.4721 15.8376
-21.1675 15.9898
-20.8629 16.1421
-20.5584 16.1421
-20.2538 16.2944
-19.797 16.4467
-19.4924 16.4467
-19.1878 16.4467
-18.8832 16.599
-18.4264 16.599
-18.1218 16.599
-17.8173 16.599
-17.5127 16.599
-17.0558 16.599
-16.7513 16.599
-16.4467 16.4467
-16.1421 16.4467
-15.8376 16.4467
-15.3807 16.2944
-15.0761 16.2944
-14.7716 16.1421
-14.467 16.1421
-14.1624 15.9898
-13.8579 15.9898
-13.5533 15.8376
-13.2487 15.6853
-12.9442 15.6853
-12.6396 15.533
-12.335 15.3807
-12.1827 15.2284
-11.8782 15.2284
-11.5736 15.0761
-11.269 14.9239
-11.1168 14.7716
-10.8122 14.7716
-10.6599 14.6193
-10.3553 14.467
-10.203 14.3147
-9.89848 14.3147
-9.74619 14.1624
-9.44162 14.0102
-9.28934 14.0102
-8.98477 13.8579
-8.83249 13.7056
-8.6802 13.7056
-8.37563 13.5533
-8.22335 13.401
-8.07107 13.401
-7.7665 13.2487
-7.61421 13.2487
-7.46193 13.0964
-7.15736 12.9442
-7.00508 12.9442
-6.85279 12.7919
-6.70051 12.6396
-6.54822 12.6396
-6.24365 12.4873
-6.09137 12.335
-5.93909 12.335
-5.7868 12.1827
-5.63452 12.1827
-5.48223 12.0305
-5.32995 11.8782
-5.02538 11.8782
-4.8731 11.7259
-4.72081 11.5736
-4.56853 11.4213
-4.41624 11.4213
-4.26396 11.269
-4.11168 11.1168
-3.95939 11.1168
-3.80711 10.9645
-3.65482 10.8122
-3.50254 10.8122
-3.35025 10.6599
-3.19797 10.5076
-2.8934 10.5076
-2.74112 10.3553
-2.58883 10.203
-2.43655 10.203
-2.28426 10.0508
-2.13198 9.89848
-1.9797 9.89848
-1.82741 9.74619
-1.67513 9.59391
-1.52284 9.59391
-1.21827 9.44162
-1.06599 9.28934
-0.913706 9.13706
-0.761421 9.13706
-0.609137 8.98477
-0.456853 8.83249
-0.152284 8.6802
0 8.6802
0.152284 8.52792
0.304569 8.37563
0.456853 8.22335
0.609137 8.07107
0.913706 7.91878
1.06599 7.7665
1.21827 7.61421
1.37056 7.46193
1.52284 7.30964
1.67513 7.15736
1.82741 7.00508
1.9797 6.85279
2.13198 6.70051
2.28426 6.54822
2.43655 6.39594
2.58883 6.24365
2.74112 5.93909
2.8934 5.7868
3.04569 5.63452
3.19797 5.32995
3.35025 5.17766
3.50254 5.02538
3.65482 4.8731
3.80711 4.56853
3.95939 4.41624
4.11168 4.11168
4.26396 3.95939
4.56853 3.80711
4.72081 3.50254
4.8731 3.35025
5.02538 3.04569
5.32995 2.8934
5.48223 2.58883
5.7868 2.28426
6.09137 2.13198
6.24365 1.82741
