6.24365 1.9797
6.54822 1.67513
7.00508 1.37056
7.30964 1.06599
7.61421 0.761421
7.91878 0.456853
8.22335 0.152284
8.52792 -0.304569
8.6802 -0.609137
8.98477 -0.913706
9.13706 -1.37056
9.28934 -1.67513
9.44162 -2.13198
9.44162 -2.43655
9.59391 -2.8934
9.59391 -3.19797
9.59391 -3.65482
9.59391 -3.95939
9.59391 -4.26396
9.59391 -4.72081
9.44162 -5.02538
9.44162 -5.32995
9.28934 -5.7868
9.13706 -6.09137
8.98477 -6.39594
8.6802 -6.70051
8.52792 -7.00508
8.37563 -7.30964
8.07107 -7.61421
7.7665 -7.7665
7.46193 -8.07107
7.15736 -8.22335
6.85279 -8.52792
6.54822 -8.6802
6.24365 -8.83249
5.93909 -9.13706
5.63452 -9.28934
5.17766 -9.44162
4.8731 -9.59391
4.56853 -9.74619
4.11168 -9.74619
3.80711 -9.89848
3.50254 -10.0508
3.04569 -10.0508
2.74112 -10.203
2.43655 -10.203
1.9797 -10.3553
1.67513 -10.3553
1.37056 -10.5076
0.913706 -10.5076
0.609137 -10.6599
0.304569 -10.6599
0 -10.6599
-0.304569 -10.8122
-0.609137 -10.8122
-0.913706 -10.8122
-1.21827 -10.8122
-1.52284 -10.9645
-1.82741 -10.9645
-2.13198 -10.9645
-2.43655 -10.9645
-2.74112 -10.9645
-2.8934 -11.1168
-3.19797 -11.1168
-3.50254 -11.1168
-3.80711 -11.1168
-4.11168 -11.1168
-4.26396 -11.1168
-4.56853 -11.269
-4.8731 -11.269
-5.02538 -11.269
-5.32995 -11.269
-5.63452 -11.269
-5.7868 -11.269
-6.09137 -11.269
-6.39594 -11.269
-6.54822 -11.269
-6.85279 -11.269
-7.15736 -11.269
-7.30964 -11.269
-7.61421 -11.269
-7.7665 -11.269
-8.07107 -11.269
-8.22335 -11.269
-8.52792 -11.269
-8.83249 -11.269
-8.98477 -11.1168
-9.28934 -11.1168
-9.44162 -11.1168
-9.74619 -11.1168
-9.89848 -10.9645
-10.203 -10.9645
-10.3553 -10.9645
-10.6599 -10.8122
-10.8122 -10.8122
-10.9645 -10.8122
-11.269 -10.6599
-11.4213 -10.6599
-11.7259 -10.5076
-11.8782 -10.5076
-12.0305 -10.3553
-12.335 -10.203
-12.4873 -10.203
-12.6396 -10.0508
-12.9442 -10.0508
-13.0964 -9.89848
-13.2487 -9.74619
-13.5533 -9.74619
-13.7056 -9.59391
-13.8579 -9.44162
-14.0102 -9.28934
-14.3147 -9.28934
-14.467 -9.13706
-14.6193 -8.98477
-14.7716 -8.98477
-14.9239 -8.83249
-15.2284 -8.6802
-15.3807 -8.6802
-15.533 -8.52792
-15.6853 -8.37563
-15.8376 -8.37563
-16.1421 -8.22335
-16.2944 -8.22335
-16.4467 -8.07107
-16.599 -8.07107
-16.9036 -7.91878
-17.0558 -7.7665
-17.2081 -7.7665
-17.5127 -7.61421
-17.665 -7.61421
-17.8173 -7.46193
-18.1218 -7.30964
-18.2741 -7.30964
-18.4264 -7.15736
-18.731 -7.00508
-18.8832 -7.00508
-19.0355 -6.85279
-19.3401 -6.70051
-19.4924 -6.54822
-19.6447 -6.54822
-19.9492 -6.39594
-20.1015 -6.24365
-20.2538 -6.09137
-20.4061 -5.93909
-20.7107 -5.7868
-20.8629 -5.63452
-21.0152 -5.48223
-21.1675 -5.32995
-21.3198 -5.17766
-21.4721 -5.02538
-21.6244 -4.72081
-21.7766 -4.56853
-21.9289 -4.41624
-22.0812 -4.26396
-22.2335 -3.95939
-22.3858 -3.80711
-22.5381 -3.65482
-22.6904 -3.35025
-22.6904 -3.19797
-22.8426 -2.8934
-22.9949 -2.74112
-23.1472 -2.58883
-23.1472 -2.28426
-23.2995 -2.13198
-23.4518 -1.82741
-23.6041 -1.67513
-23.6041 -1.37056
-23.7563 -1.21827
-23.9086 -0.913706
-23.9086 -0.761421
-24.0609 -0.456853
-24.0609 -0.304569
-24.2132 0
-24.3655 0.304569
-24.3655 0.456853
-24.5178 0.761421
-24.5178 0.913706
-24.6701 1.21827
-24.8223 1.52284
-24.8223 1.82741
-24.9746 1.9797
-24.9746 2.28426
-25.1269 2.58883
-25.1269 2.74112
-25.2792 3.04569
-25.2792 3.35025
-25.2792 3.65482
-25.4315 3.95939
-25.4315 4.26396
-25.5838 4.41624
-25.5838 4.72081
-25.5838 5.02538
-25.736 5.32995
-25.736 5.63452
-25.736 5.93909
-25.736 6.24365
-25.736 6.54822
-25.8883 6.85279
-25.8883 7.15736
-25.8883 7.46193
-25.8883 7.7665
-25.8883 8.07107
-25.8883 8.37563
-25.8883 8.83249
-25.736 9.13706
-25.736 9.44162
-25.736 9.74619
-25.736 10.0508
-25.5838 10.3553
-25.5838 10.6599
-25.4315 10.9645
-25.4315 11.269
-25.2792 11.5736
-25.1269 11.8782
-24.9746 12.1827
-24.9746 12.4873
-24.8223 12.7919
-24.6701 13.0964
-24.5178 13.401
-24.2132 13.7056
-24.0609 13.8579
-23.9086 14.1624
-23.7563 14.467
-23.4518 14.6193
-23.2995 14.9239
-22.9949 15.0761
-22.6904 15.3807
-22.5381 15.533
-22.2335 15.6853
-21.9289 15.8376
-21.6244 15.9898
-21.4721 16.1421
-21.1675 16.2944
-20.8629 16.4467
-20.5584 16.599
-20.2538 16.7513
-19.9492 16.7513
-19.6447 16.9036
-19.1878 16.9036
-18.8832 17.0558
-18.5787 17.0558
-18.2741 17.0558
-17.9695 17.0558
-17.5127 17.0558
-17.2081 17.0558
-16.9036 17.0558
-16.599 16.9036
-16.2944 16.9036
-15.8376 16.9036
-15.533 16.7513
-15.2284 16.7513
-14.9239 16.599
-14.6193 16.4467
-14.3147 16.4467
-14.0102 16.2944
-13.7056 16.1421
-13.401 15.9898
-13.0964 15.8376
-12.7919 15.8376
-12.6396 15.6853
-12.335 15.533
-12.0305 15.3807
-11.7259 15.2284
-11.5736 15.0761
-11.269 14.9239
-11.1168 14.9239
-10.8122 14.7716
-10.5076 14.6193
-10.3553 14.467
-10.203 14.467
-9.89848 14.3147
-9.74619 14.1624
-9.44162 14.1624
-9.28934 14.0102
-9.13706 13.8579
-8.83249 13.8579
-8.6802 13.7056
-8.52792 13.5533
-8.37563 13.5533
-8.07107 13.401
-7.91878 13.401
-7.7665 13.2487
-7.61421 13.2487
-7.30964 13.0964
-7.15736 12.9442
-7.00508 12.9442
-6.85279 12.7919
-6.70051 12.7919
-6.39594 12.6396
-6.24365 12.4873
-6.09137 12.4873
-5.93909 12.335
-5.7868 12.335
-5.63452 12.1827
-5.48223 12.0305
-5.32995 12.0305
-5.17766 11.8782
-4.8731 11.7259
-4.72081 11.7259
-4.56853 11.5736
-4.41624 11.4213
-4.26396 11.4213
-4.11168 11.269
-3.95939 11.1168
-3.80711 11.1168
-3.65482 10.9645
-3.50254 10.8122
-3.35025 10.8122
-3.19797 10.6599
-3.04569 10.5076
-2.8934 10.5076
-2.58883 10.3553
-2.43655 10.203
-2.28426 10.203
-2.13198 10.0508
-1.9797 9.89848
-1.82741 9.89848
-1.67513 9.74619
-1.52284 9.59391
-1.21827 9.59391
-1.06599 9.44162
-0.913706 9.28934
-0.761421 9.13706
-0.609137 9.13706
-0.304569 8.98477
-0.152284 8.83249
0 8.6802
0.152284 8.52792
0.304569 8.37563
0.609137 8.37563
0.761421 8.22335
0.913706 8.07107
1.06599 7.91878
1.21827 7.7665
1.37056 7.61421
1.67513 7.46193
1.82741 7.15736
1.9797 7.00508
2.13198 6.85279
2.28426 6.70051
2.43655 6.54822
2.58883 6.24365
2.74112 6.09137
2.8934 5.93909
3.04569 5.7868
3.19797 5.48223
3.35025 5.32995
3.50254 5.17766
3.65482 4.8731
3.80711 4.72081
4.11168 4.41624
4.26396 4.26396
4.41624 3.95939
4.56853 3.80711
4.8731 3.50254
5.02538 3.35025
5.17766 3.04569
5.48223 2.8934
5.63452 2.58883
5.93909 2.28426
