6.39594 1.82741
6.85279 1.52284
7.30964 1.21827
7.61421 0.913706
8.07107 0.609137
8.37563 0.304569
8.6802 -0.152284
8.83249 -0.456853
9.13706 -0.761421
9.28934 -1.21827
9.44162 -1.52284
9.59391 -1.9797
9.74619 -2.28426
9.74619 -2.58883
9.89848 -3.04569
9.89848 -3.35025
9.89848 -3.80711
9.89848 -4.11168
9.74619 -4.41624
9.74619 -4.8731
9.59391 -5.17766
9.44162 -5.48223
9.28934 -5.7868
9.13706 -6.09137
8.98477 -6.39594
8.83249 -6.70051
8.52792 -7.00508
8.37563 -7.30964
8.07107 -7.61421
7.7665 -7.7665
7.46193 -8.07107
7.15736 -8.22335
6.85279 -8.52792
6.54822 -8.6802
6.24365 -8.83249
5.93909 -9.13706
5.63452 -9.28934
5.32995 -9.44162
4.8731 -9.59391
4.56853 -9.74619
4.26396 -9.74619
3.95939 -9.89848
3.50254 -10.0508
3.19797 -10.203
2.8934 -10.203
2.43655 -10.3553
2.13198 -10.3553
1.82741 -10.5076
1.52284 -10.5076
1.21827 -10.5076
0.761421 -10.6599
0.456853 -10.6599
0.152284 -10.6599
-0.152284 -10.8122
-0.456853 -10.8122
-0.761421 -10.8122
-1.06599 -10.9645
-1.37056 -10.9645
-1.67513 -10.9645
-1.9797 -10.9645
-2.28426 -10.9645
-2.43655 -11.1168
-2.74112 -11.1168
-3.04569 -11.1168
-3.35025 -11.1168
-3.65482 -11.1168
-3.80711 -11.1168
-4.11168 -11.1168
-4.41624 -11.1168
-4.56853 -11.269
-4.8731 -11.269
-5.17766 -11.269
-5.32995 -11.269
-5.63452 -11.269
-5.93909 -11.269
-6.09137 -11.269
-6.39594 -11.269
-6.54822 -11.269
-6.85279 -11.269
-7.15736 -11.269
-7.30964 -11.269
-7.61421 -11.269
-7.7665 -11.269
-8.07107 -11.269
-8.22335 -11.269
-8.52792 -11.269
-8.6802 -11.269
-8.98477 -11.269
-9.13706 -11.1168
-9.44162 -11.1168
-9.59391 -11.1168
-9.89848 -11.1168
-10.0508 -11.1168
-10.3553 -10.9645
-10.5076 -10.9645
-10.8122 -10.9645
-10.9645 -10.8122
-11.1168 -10.8122
-11.4213 -10.6599
-11.5736 -10.6599
-11.8782 -10.5076
-12.0305 -10.5076
-12.1827 -10.3553
-12.4873 -10.203
-12.6396 -10.203
-12.7919 -10.0508
-13.0964 -9.89848
-13.2487 -9.89848
-13.401 -9.74619
-13.5533 -9.59391
-13.8579 -9.59391
-14.0102 -9.44162
-14.1624 -9.28934
-14.3147 -9.28934
-14.467 -9.13706
-14.7716 -8.98477
-14.9239 -8.98477
-15.0761 -8.83249
-15.2284 -8.6802
-15.3807 -8.6802
-15.6853 -8.52792
-15.8376 -8.37563
-15.9898 -8.37563
-16.1421 -8.22335
-16.4467 -8.22335
-16.599 -8.07107
-16.7513 -7.91878
-16.9036 -7.91878
-17.2081 -7.7665
-17.3604 -7.7665
-17.5127 -7.61421
-17.8173 -7.46193
-17.9695 -7.46193
-18.1218 -7.30964
-18.4264 -7.15736
-18.5787 -7.00508
-18.731 -7.00508
-18.8832 -6.85279
-19.1878 -6.70051
-19.3401 -6.54822
-19.4924 -6.54822
-19.797 -6.39594
-19.9492 -6.24365
-20.1015 -6.09137
-20.2538 -5.93909
-20.4061 -5.7868
-20.7107 -5.63452
-20.8629 -5.48223
-21.0152 -5.32995
-21.1675 -5.02538
-21.3198 -4.8731
-21.4721 -4.72081
-21.6244 -4.56853
-21.7766 -4.41624
-21.9289 -4.11168
-22.0812 -3.95939
-22.2335 -3.80711
-22.3858 -3.50254
-22.5381 -3.35025
-22.6904 -3.19797
-22.6904 -2.8934
-22.8426 -2.74112
-22.9949 -2.43655
-23.1472 -2.28426
-23.2995 -2.13198
-23.2995 -1.82741
-23.4518 -1.67513
-23.6041 -1.37056
-23.6041 -1.21827
-23.7563 -0.913706
-23.9086 -0.609137
-23.9086 -0.456853
-24.0609 -0.152284
-24.2132 0
-24.2132 0.304569
-24.3655 0.609137
-24.5178 0.761421
-24.5178 1.06599
-24.6701 1.37056
-24.6701 1.52284
-24.8223 1.82741
-24.8223 2.13198
-24.9746 2.43655
-24.9746 2.58883
-25.1269 2.8934
-25.1269 3.19797
-25.2792 3.50254
-25.2792 3.80711
-25.4315 4.11168
-25.4315 4.26396
-25.4315 4.56853
-25.5838 4.8731
-25.5838 5.17766
-25.5838 5.48223
-25.736 5.7868
-25.736 6.09137
-25.736 6.39594
-25.736 6.85279
-25.8883 7.15736
-25.8883 7.46193
-25.8883 7.7665
-25.8883 8.07107
-25.8883 8.37563
-25.8883 8.6802
-25.8883 8.98477
-25.8883 9.44162
-25.736 9.74619
-25.736 10.0508
-25.736 10.3553
-25.5838 10.6599
-25.5838 10.9645
-25.4315 11.269
-25.4315 11.7259
-25.2792 12.0305
-25.1269 12.335
-24.9746 12.6396
-24.8223 12.9442
-24.6701 13.2487
-24.5178 13.401
-24.3655 13.7056
-24.2132 14.0102
-23.9086 14.3147
-23.7563 14.467
-23.4518 14.7716
-23.2995 15.0761
-22.9949 15.2284
-22.8426 15.3807
-22.5381 15.6853
-22.2335 15.8376
-21.9289 15.9898
-21.6244 16.1421
-21.3198 16.2944
-21.0152 16.4467
-20.7107 16.599
-20.4061 16.7513
-20.1015 16.9036
-19.797 16.9036
-19.4924 17.0558
-19.1878 17.0558
-18.8832 17.0558
-18.4264 17.2081
-18.1218 17.2081
-17.8173 17.2081
-17.5127 17.2081
-17.0558 17.0558
-16.7513 17.0558
-16.4467 17.0558
-15.9898 16.9036
-15.6853 16.9036
-15.3807 16.7513
-15.0761 16.7513
-14.7716 16.599
-14.467 16.4467
-14.1624 16.4467
-13.8579 16.2944
-13.401 16.1421
-13.2487 15.9898
-12.9442 15.8376
-12.6396 15.6853
-12.335 15.6853
-12.0305 15.533
-11.7259 15.3807
-11.5736 15.2284
-11.269 15.0761
-10.9645 14.9239
-10.8122 14.7716
-10.5076 14.6193
-10.3553 14.6193
-10.0508 14.467
-9.89848 14.3147
-9.59391 14.1624
-9.44162 14.1624
-9.28934 14.0102
-8.98477 13.8579
-8.83249 13.7056
-8.6802 13.7056
-8.37563 13.5533
-8.22335 13.5533
-8.07107 13.401
-7.7665 13.2487
-7.61421 13.2487
-7.46193 13.0964
-7.30964 12.9442
-7.15736 12.9442
-6.85279 12.7919
-6.70051 12.7919
-6.54822 12.6396
-6.39594 12.4873
-6.24365 12.4873
-6.09137 12.335
-5.7868 12.1827
-5.63452 12.1827
-5.48223 12.0305
-5.32995 11.8782
-5.17766 11.8782
-5.02538 11.7259
-4.8731 11.5736
-4.72081 11.5736
-4.56853 11.4213
-4.41624 11.269
-4.26396 11.269
-4.11168 11.1168
-3.95939 10.9645
-3.80711 10.9645
-3.65482 10.8122
-3.35025 10.6599
-3.19797 10.6599
-3.04569 10.5076
-2.8934 10.3553
-2.74112 10.3553
-2.58883 10.203
-2.43655 10.0508
-2.28426 10.0508
-2.13198 9.89848
-1.9797 9.74619
-1.82741 9.74619
-1.52284 9.59391
-1.37056 9.44162
-1.21827 9.44162
-1.06599 9.28934
-0.913706 9.13706
-0.609137 9.13706
-0.456853 8.98477
-0.304569 8.83249
-0.152284 8.6802
0 8.6802
0.304569 8.52792
0.456853 8.37563
0.609137 8.22335
0.761421 8.07107
0.913706 7.91878
1.21827 7.7665
1.37056 7.61421
1.52284 7.46193
1.67513 7.30964
1.82741 7.15736
1.9797 7.00508
2.13198 6.85279
2.28426 6.70051
2.43655 6.54822
2.74112 6.24365
2.8934 6.09137
3.04569 5.93909
3.19797 5.7868
3.35025 5.48223
3.50254 5.32995
3.65482 5.17766
3.80711 4.8731
3.95939 4.72081
4.11168 4.56853
4.26396 4.26396
4.41624 4.11168
4.56853 3.80711
4.8731 3.65482
5.02538 3.35025
5.17766 3.19797
5.48223 2.8934
5.63452 2.58883
5.93909 2.43655
6.09137 2.13198
