6.85279 1.52284
7.30964 1.21827
7.61421 0.913706
7.91878 0.609137
8.22335 0.304569
8.52792 0
8.83249 -0.456853
8.98477 -0.761421
9.13706 -1.06599
9.28934 -1.52284
9.44162 -1.82741
9.59391 -2.13198
9.74619 -2.58883
9.74619 -2.8934
9.74619 -3.19797
9.74619 -3.65482
9.74619 -3.95939
9.74619 -4.26396
9.74619 -4.72081
9.59391 -5.02538
9.44162 -5.32995
9.44162 -5.63452
9.28934 -5.93909
8.98477 -6.24365
8.83249 -6.54822
8.6802 -6.85279
8.52792 -7.15736
8.22335 -7.46193
7.91878 -7.61421
7.7665 -7.91878
7.46193 -8.07107
7.15736 -8.37563
6.85279 -8.52792
6.54822 -8.83249
6.24365 -8.98477
5.93909 -9.13706
5.63452 -9.28934
5.32995 -9.44162
4.8731 -9.59391
4.56853 -9.74619
4.26396 -9.89848
3.95939 -9.89848
3.65482 -10.0508
3.19797 -10.203
2.8934 -10.203
2.58883 -10.3553
2.28426 -10.3553
1.9797 -10.5076
1.52284 -10.5076
1.21827 -10.5076
0.913706 -10.6599
0.609137 -10.6599
0.304569 -10.6599
0 -10.8122
-0.304569 -10.8122
-0.609137 -10.8122
-0.913706 -10.8122
-1.21827 -10.9645
-1.37056 -10.9645
-1.67513 -10.9645
-1.9797 -10.9645
-2.28426 -10.9645
-2.58883 -11.1168
-2.74112 -11.1168
-3.04569 -11.1168
-3.35025 -11.1168
-3.65482 -11.1168
-3.80711 -11.1168
-4.11168 -11.1168
-4.26396 -11.1168
-4.56853 -11.269
-4.8731 -11.269
-5.02538 -11.269
-5.32995 -11.269
-5.48223 -11.269
-5.7868 -11.269
-5.93909 -11.269
-6.24365 -11.269
-6.54822 -11.269
-6.70051 -11.269
-7.00508 -11.269
-7.15736 -11.269
-7.46193 -11.4213
-7.61421 -11.4213
-7.91878 -11.4213
-8.07107 -11.269
-8.37563 -11.269
-8.52792 -11.269
-8.6802 -11.269
-8.98477 -11.269
-9.13706 -11.269
-9.44162 -11.269
-9.59391 -11.269
-9.89848 -11.1168
-10.0508 -11.1168
-10.3553 -11.1168
-10.5076 -10.9645
-10.6599 -10.9645
-10.9645 -10.8122
-11.1168 -10.8122
-11.4213 -10.6599
-11.5736 -10.6599
-11.7259 -10.5076
-11.8782 -10.5076
-12.1827 -10.3553
-12.335 -10.203
-12.4873 -10.203
-12.7919 -10.0508
-12.9442 -9.89848
-13.0964 -9.89848
-13.2487 -9.74619
-13.401 -9.59391
-13.7056 -9.59391
-13.8579 -9.44162
-14.0102 -9.28934
-14.1624 -9.28934
-14.3147 -9.13706
-14.6193 -8.98477
-14.7716 -8.98477
-14.9239 -8.83249
-15.0761 -8.6802
-15.2284 -8.6802
-15.533 -8.52792
-15.6853 -8.52792
-15.8376 -8.37563
-15.9898 -8.22335
-16.2944 -8.22335
-16.4467 -8.07107
-16.599 -8.07107
-16.7513 -7.91878
-17.0558 -7.91878
-17.2081 -7.7665
-17.3604 -7.61421
-17.665 -7.61421
-17.8173 -7.46193
-17.9695 -7.30964
-18.2741 -7.30964
-18.4264 -7.15736
-18.731 -7.00508
-18.8832 -6.85279
-19.0355 -6.85279
-19.3401 -6.70051
-19.4924 -6.54822
-19.6447 -6.39594
-19.797 -6.24365
-20.1015 -6.09137
-20.2538 -5.93909
-20.4061 -5.7868
-20.5584 -5.63452
-20.7107 -5.48223
-21.0152 -5.32995
-21.1675 -5.17766
-21.3198 -5.02538
-21.4721 -4.72081
-21.6244 -4.56853
-21.7766 -4.41624
-21.9289 -4.26396
-22.0812 -3.95939
-22.2335 -3.80711
-22.3858 -3.65482
-22.5381 -3.35025
-22.6904 -3.19797
-22.8426 -2.8934
-22.8426 -2.74112
-22.9949 -2.43655
-23.1472 -2.28426
-23.2995 -1.9797
-23.4518 -1.82741
-23.4518 -1.52284
-23.6041 -1.37056
-23.7563 -1.06599
-23.7563 -0.761421
-23.9086 -0.609137
-24.0609 -0.304569
-24.0609 -0.152284
-24.2132 0.152284
-24.2132 0.456853
-24.3655 0.609137
-24.3655 0.913706
-24.5178 1.21827
-24.5178 1.52284
-24.6701 1.67513
-24.6701 1.9797
-24.8223 2.28426
-24.8223 2.58883
-24.9746 2.8934
-24.9746 3.19797
-25.1269 3.35025
-25.1269 3.65482
-25.1269 3.95939
-25.2792 4.26396
-25.2792 4.56853
-25.4315 4.8731
-25.4315 5.17766
-25.5838 5.48223
-25.5838 5.93909
-25.5838 6.24365
-25.736 6.54822
-25.736 6.85279
-25.736 7.15736
-25.8883 7.46193
-25.8883 7.91878
-25.8883 8.22335
-25.8883 8.52792
-25.8883 8.98477
-25.8883 9.28934
-25.8883 9.59391
-25.8883 10.0508
-25.8883 10.3553
-25.736 10.6599
-25.736 10.9645
-25.5838 11.4213
-25.5838 11.7259
-25.4315 12.0305
-25.2792 12.335
-25.1269 12.6396
-24.9746 12.9442
-24.8223 13.2487
-24.6701 13.5533
-24.5178 13.8579
-24.2132 14.0102
-24.0609 14.3147
-23.7563 14.6193
-23.4518 14.7716
-23.1472 15.0761
-22.9949 15.2284
-22.6904 15.3807
-22.3858 15.533
-22.0812 15.6853
-21.7766 15.8376
-21.4721 15.9898
-21.0152 16.1421
-20.7107 16.2944
-20.4061 16.2944
-20.1015 16.4467
-19.797 16.599
-19.3401 16.599
-19.0355 16.599
-18.731 16.599
-18.2741 16.7513
-17.9695 16.7513
-17.665 16.7513
-17.2081 16.7513
-16.9036 16.599
-16.599 16.599
-16.2944 16.599
-15.8376 16.599
-15.533 16.4467
-15.2284 16.4467
-14.9239 16.2944
-14.6193 16.2944
-14.3147 16.1421
-13.8579 15.9898
-13.5533 15.9898
-13.2487 15.8376
-12.9442 15.6853
-12.7919 15.533
-12.4873 15.533
-12.1827 15.3807
-11.8782 15.2284
-11.5736 15.0761
-11.269 14.9239
-11.1168 14.9239
-10.8122 14.7716
-10.5076 14.6193
-10.3553 14.467
-10.0508 14.467
-9.89848 14.3147
-9.59391 14.1624
-9.44162 14.0102
-9.13706 14.0102
-8.98477 13.8579
-8.83249 13.7056
-8.52792 13.7056
-8.37563 13.5533
-8.22335 13.401
-7.91878 13.401
-7.7665 13.2487
-7.61421 13.2487
-7.30964 13.0964
-7.15736 12.9442
-7.00508 12.9442
-6.85279 12.7919
-6.54822 12.6396
-6.39594 12.6396
-6.24365 12.4873
-6.09137 12.4873
-5.93909 12.335
-5.63452 12.1827
-5.48223 12.1827
-5.32995 12.0305
-5.17766 11.8782
-5.02538 11.8782
-4.8731 11.7259
-4.72081 11.5736
-4.56853 11.5736
-4.41624 11.4213
-4.26396 11.269
-3.95939 11.1168
-3.80711 11.1168
-3.65482 10.9645
-3.50254 10.8122
-3.35025 10.8122
-3.19797 10.6599
-3.04569 10.5076
-2.8934 10.5076
-2.74112 10.3553
-2.58883 10.203
-2.43655 10.203
-2.28426 10.0508
-2.13198 9.89848
-1.9797 9.89848
-1.82741 9.74619
-1.52284 9.59391
-1.37056 9.59391
-1.21827 9.44162
-1.06599 9.28934
-0.913706 9.28934
-0.761421 9.13706
-0.456853 8.98477
-0.304569 8.98477
-0.152284 8.83249
0 8.6802
0.152284 8.52792
0.456853 8.52792
0.609137 8.37563
0.761421 8.22335
0.913706 8.07107
1.06599 7.91878
1.37056 7.7665
1.52284 7.61421
1.67513 7.46193
1.82741 7.30964
1.9797 7.15736
2.13198 7.00508
2.28426 6.85279
2.43655 6.70051
2.58883 6.54822
2.74112 6.39594
2.8934 6.09137
3.04569 5.93909
3.19797 5.7868
3.35025 5.63452
3.50254 5.32995
3.65482 5.17766
3.80711 5.02538
3.95939 4.72081
4.11168 4.56853
4.26396 4.26396
4.41624 4.11168
4.56853 3.95939
4.72081 3.65482
4.8731 3.50254
5.17766 3.19797
5.32995 3.04569
5.48223 2.74112
5.7868 2.58883
6.09137 2.28426
6.24365 1.9797
6.54822 1.67513
