7.00508 1.52284
7.46193 1.21827
7.7665 0.913706
8.07107 0.609137
8.37563 0.304569
8.6802 0
8.98477 -0.304569
9.13706 -0.609137
9.28934 -1.06599
9.44162 -1.37056
9.59391 -1.67513
9.74619 -2.13198
9.89848 -2.43655
9.89848 -2.8934
9.89848 -3.19797
9.89848 -3.50254
9.89848 -3.95939
9.89848 -4.26396
9.89848 -4.56853
9.74619 -4.8731
9.59391 -5.32995
9.59391 -5.63452
9.44162 -5.93909
9.28934 -6.24365
9.13706 -6.54822
8.83249 -6.85279
8.6802 -7.15736
8.37563 -7.30964
8.22335 -7.61421
7.91878 -7.91878
7.61421 -8.07107
7.30964 -8.37563
7.15736 -8.52792
6.85279 -8.83249
6.54822 -8.98477
6.09137 -9.13706
5.7868 -9.28934
5.48223 -9.44162
5.17766 -9.59391
4.8731 -9.74619
4.56853 -9.89848
4.11168 -10.0508
3.80711 -10.0508
3.50254 -10.203
3.19797 -10.3553
2.74112 -10.3553
2.43655 -10.5076
2.13198 -10.5076
1.82741 -10.5076
1.52284 -10.6599
1.06599 -10.6599
0.761421 -10.6599
0.456853 -10.8122
0.152284 -10.8122
-0.152284 -10.8122
-0.456853 -10.8122
-0.761421 -10.8122
-1.06599 -10.9645
-1.37056 -10.9645
-1.67513 -10.9645
-1.9797 -10.9645
-2.13198 -10.9645
-2.43655 -10.9645
-2.74112 -10.9645
-3.04569 -10.9645
-3.35025 -10.9645
-3.50254 -10.9645
-3.80711 -10.9645
-4.11168 -10.9645
-4.26396 -10.9645
-4.56853 -11.1168
-4.8731 -11.1168
-5.02538 -11.1168
-5.32995 -11.1168
-5.48223 -11.1168
-5.7868 -11.1168
-5.93909 -11.1168
-6.24365 -11.1168
-6.39594 -11.1168
-6.70051 -11.1168
-6.85279 -11.269
-7.15736 -11.269
-7.30964 -11.269
-7.61421 -11.269
-7.7665 -11.269
-8.07107 -11.269
-8.22335 -11.269
-8.52792 -11.269
-8.6802 -11.269
-8.98477 -11.269
-9.13706 -11.269
-9.44162 -11.269
-9.59391 -11.269
-9.89848 -11.1168
-10.0508 -11.1168
-10.203 -11.1168
-10.5076 -11.1168
-10.6599 -10.9645
-10.9645 -10.9645
-11.1168 -10.8122
-11.269 -10.8122
-11.5736 -10.6599
-11.7259 -10.6599
-12.0305 -10.5076
-12.1827 -10.5076
-12.335 -10.3553
-12.4873 -10.203
-12.7919 -10.203
-12.9442 -10.0508
-13.0964 -9.89848
-13.2487 -9.89848
-13.5533 -9.74619
-13.7056 -9.59391
-13.8579 -9.44162
-14.0102 -9.44162
-14.1624 -9.28934
-14.467 -9.13706
-14.6193 -9.13706
-14.7716 -8.98477
-14.9239 -8.83249
-15.0761 -8.83249
-15.3807 -8.6802
-15.533 -8.52792
-15.6853 -8.52792
-15.8376 -8.37563
-16.1421 -8.22335
-16.2944 -8.22335
-16.4467 -8.07107
-16.599 -8.07107
-16.9036 -7.91878
-17.0558 -7.7665
-17.2081 -7.7665
-17.5127 -7.61421
-17.665 -7.46193
-17.8173 -7.46193
-18.1218 -7.30964
-18.2741 -7.15736
-18.4264 -7.15736
-18.731 -7.00508
-18.8832 -6.85279
-19.0355 -6.70051
-19.3401 -6.54822
-19.4924 -6.54822
-19.6447 -6.39594
-19.797 -6.24365
-20.1015 -6.09137
-20.2538 -5.93909
-20.4061 -5.7868
-20.5584 -5.63452
-20.7107 -5.32995
-21.0152 -5.17766
-21.1675 -5.02538
-21.3198 -4.8731
-21.4721 -4.72081
-21.6244 -4.56853
-21.7766 -4.26396
-21.9289 -4.11168
-22.0812 -3.95939
-22.2335 -3.65482
-22.3858 -3.50254
-22.5381 -3.19797
-22.6904 -3.04569
-22.6904 -2.8934
-22.8426 -2.58883
-22.9949 -2.43655
-23.1472 -2.13198
-23.2995 -1.9797
-23.2995 -1.67513
-23.4518 -1.52284
-23.6041 -1.21827
-23.6041 -0.913706
-23.7563 -0.761421
-23.9086 -0.456853
-23.9086 -0.304569
-24.0609 0
-24.0609 0.304569
-24.2132 0.456853
-24.2132 0.761421
-24.3655 1.06599
-24.3655 1.37056
-24.5178 1.52284
-24.5178 1.82741
-24.6701 2.13198
-24.6701 2.43655
-24.8223 2.74112
-24.8223 2.8934
-24.9746 3.19797
-24.9746 3.50254
-25.1269 3.80711
-25.1269 4.11168
-25.1269 4.41624
-25.2792 4.72081
-25.2792 5.02538
-25.4315 5.32995
-25.4315 5.63452
-25.5838 5.93909
-25.5838 6.24365
-25.5838 6.54822
-25.736 7.00508
-25.736 7.30964
-25.736 7.61421
-25.736 7.91878
-25.8883 8.37563
-25.8883 8.6802
-25.8883 8.98477
-25.8883 9.28934
-25.8883 9.74619
-25.736 10.0508
-25.736 10.3553
-25.736 10.8122
-25.5838 11.1168
-25.5838 11.4213
-25.4315 11.7259
-25.2792 12.0305
-25.2792 12.335
-25.1269 12.7919
-24.9746 13.0964
-24.6701 13.2487
-24.5178 13.5533
-24.3655 13.8579
-24.0609 14.1624
-23.9086 14.3147
-23.6041 14.6193
-23.2995 14.7716
-23.1472 15.0761
-22.8426 15.2284
-22.5381 15.3807
-22.2335 15.533
-21.9289 15.6853
-21.6244 15.8376
-21.3198 15.9898
-20.8629 16.1421
-20.5584 16.2944
-20.2538 16.2944
-19.9492 16.4467
-19.6447 16.4467
-19.1878 16.599
-18.8832 16.599
-18.5787 16.599
-18.2741 16.599
-17.8173 16.599
-17.5127 16.599
-17.2081 16.599
-16.7513 16.599
-16.4467 16.599
-16.1421 16.599
-15.8376 16.4467
-15.533 16.4467
-15.0761 16.4467
-14.7716 16.2944
-14.467 16.2944
-14.1624 16.1421
-13.8579 16.1421
-13.5533 15.9898
-13.2487 15.8376
-12.9442 15.8376
-12.6396 15.6853
-12.335 15.533
-12.1827 15.533
-11.8782 15.3807
-11.5736 15.2284
-11.269 15.0761
-11.1168 14.9239
-10.8122 14.9239
-10.5076 14.7716
-10.3553 14.6193
-10.0508 14.467
-9.89848 14.467
-9.59391 14.3147
-9.44162 14.1624
-9.13706 14.0102
-8.98477 14.0102
-8.6802 13.8579
-8.52792 13.7056
-8.37563 13.5533
-8.07107 13.5533
-7.91878 13.401
-7.7665 13.2487
-7.46193 13.0964
-7.30964 13.0964
-7.15736 12.9442
-7.00508 12.7919
-6.85279 12.7919
-6.54822 12.6396
-6.39594 12.4873
-6.24365 12.4873
-6.09137 12.335
-5.93909 12.1827
-5.7868 12.1827
-5.48223 12.0305
-5.32995 11.8782
-5.17766 11.8782
-5.02538 11.7259
-4.8731 11.7259
-4.72081 11.5736
-4.56853 11.4213
-4.41624 11.4213
-4.26396 11.269
-4.11168 11.1168
-3.95939 11.1168
-3.65482 10.9645
-3.50254 10.9645
-3.35025 10.8122
-3.19797 10.6599
-3.04569 10.6599
-2.8934 10.5076
-2.74112 10.5076
-2.58883 10.3553
-2.43655 10.203
-2.28426 10.203
-1.9797 10.0508
-1.82741 9.89848
-1.67513 9.89848
-1.52284 9.74619
-1.37056 9.74619
-1.21827 9.59391
-0.913706 9.44162
-0.761421 9.44162
-0.609137 9.28934
-0.456853 9.13706
-0.304569 8.98477
-0.152284 8.98477
0.152284 8.83249
0.304569 8.6802
0.456853 8.52792
0.609137 8.37563
0.761421 8.37563
1.06599 8.22335
1.21827 8.07107
1.37056 7.91878
1.52284 7.7665
1.67513 7.61421
1.82741 7.46193
2.13198 7.30964
2.28426 7.15736
2.43655 7.00508
2.58883 6.85279
2.74112 6.54822
2.8934 6.39594
3.04569 6.24365
3.19797 6.09137
3.35025 5.93909
3.50254 5.63452
3.65482 5.48223
3.80711 5.32995
3.95939 5.02538
4.11168 4.8731
4.26396 4.72081
4.41624 4.41624
4.56853 4.26396
4.72081 3.95939
4.8731 3.80711
5.02538 3.65482
5.32995 3.35025
5.48223 3.04569
5.63452 2.8934
5.93909 2.58883
6.24365 2.43655
6.39594 2.13198
6.70051 1.82741
