7.46193 1.52284
7.7665 1.21827
7.91878 0.913706
8.22335 0.609137
8.37563 0.304569
8.52792 0
8.6802 -0.456853
8.83249 -0.761421
8.98477 -1.06599
9.13706 -1.37056
9.13706 -1.67513
9.28934 -2.13198
9.28934 -2.43655
9.28934 -2.74112
9.28934 -3.04569
9.28934 -3.50254
9.28934 -3.80711
9.28934 -4.11168
9.28934 -4.41624
9.13706 -4.8731
9.13706 -5.17766
8.98477 -5.48223
8.98477 -5.7868
8.83249 -6.09137
8.6802 -6.39594
8.52792 -6.70051
8.22335 -7.00508
8.07107 -7.30964
7.91878 -7.46193
7.61421 -7.7665
7.46193 -8.07107
7.15736 -8.22335
6.85279 -8.52792
6.54822 -8.6802
6.39594 -8.83249
6.09137 -9.13706
5.7868 -9.28934
5.48223 -9.44162
5.17766 -9.59391
4.8731 -9.74619
4.56853 -9.89848
4.26396 -10.0508
3.80711 -10.203
3.50254 -10.203
3.19797 -10.3553
2.8934 -10.5076
2.58883 -10.5076
2.28426 -10.6599
1.9797 -10.6599
1.67513 -10.8122
1.21827 -10.8122
0.913706 -10.8122
0.609137 -10.9645
0.304569 -10.9645
0 -10.9645
-0.304569 -11.1168
-0.609137 -11.1168
-0.913706 -11.1168
-1.21827 -11.1168
-1.37056 -11.1168
-1.67513 -11.1168
-1.9797 -11.1168
-2.28426 -11.269
-2.58883 -11.269
-2.8934 -11.269
-3.04569 -11.269
-3.35025 -11.269
-3.65482 -11.269
-3.95939 -11.269
-4.11168 -11.269
-4.41624 -11.269
-4.56853 -11.269
-4.8731 -11.269
-5.17766 -11.269
-5.32995 -11.269
-5.63452 -11.269
-5.7868 -11.269
-6.09137 -11.269
-6.24365 -11.269
-6.54822 -11.269
-6.70051 -11.269
-7.00508 -11.269
-7.15736 -11.269
-7.46193 -11.269
-7.61421 -11.269
-7.91878 -11.269
-8.07107 -11.269
-8.37563 -11.269
-8.52792 -11.269
-8.83249 -11.269
-8.98477 -11.269
-9.28934 -11.269
-9.44162 -11.269
-9.74619 -11.1168
-9.89848 -11.1168
-10.0508 -11.1168
-10.3553 -11.1168
-10.5076 -10.9645
-10.8122 -10.9645
-10.9645 -10.8122
-11.1168 -10.8122
-11.4213 -10.6599
-11.5736 -10.6599
-11.7259 -10.5076
-12.0305 -10.5076
-12.1827 -10.3553
-12.335 -10.3553
-12.6396 -10.203
-12.7919 -10.0508
-12.9442 -10.0508
-13.0964 -9.89848
-13.401 -9.74619
-13.5533 -9.74619
-13.7056 -9.59391
-13.8579 -9.44162
-14.1624 -9.44162
-14.3147 -9.28934
-14.467 -9.13706
-14.6193 -9.13706
-14.7716 -8.98477
-15.0761 -8.83249
-15.2284 -8.83249
-15.3807 -8.6802
-15.533 -8.6802
-15.6853 -8.52792
-15.9898 -8.37563
-16.1421 -8.37563
-16.2944 -8.22335
-16.4467 -8.07107
-16.7513 -8.07107
-16.9036 -7.91878
-17.0558 -7.7665
-17.2081 -7.7665
-17.5127 -7.61421
-17.665 -7.46193
-17.8173 -7.30964
-18.1218 -7.30964
-18.2741 -7.15736
-18.4264 -7.00508
-18.5787 -6.85279
-18.8832 -6.85279
-19.0355 -6.70051
-19.1878 -6.54822
-19.4924 -6.39594
-19.6447 -6.24365
-19.797 -6.09137
-19.9492 -5.93909
-20.1015 -5.7868
-20.4061 -5.63452
-20.5584 -5.48223
-20.7107 -5.32995
-20.8629 -5.17766
-21.0152 -4.8731
-21.1675 -4.72081
-21.4721 -4.56853
-21.6244 -4.41624
-21.7766 -4.26396
-21.9289 -3.95939
-22.0812 -3.80711
-22.2335 -3.65482
-22.3858 -3.35025
-22.5381 -3.19797
-22.6904 -2.8934
-22.8426 -2.74112
-22.8426 -2.58883
-22.9949 -2.28426
-23.1472 -2.13198
-23.2995 -1.82741
-23.4518 -1.52284
-23.4518 -1.37056
-23.6041 -1.06599
-23.7563 -0.913706
-23.7563 -0.609137
-23.9086 -0.304569
-24.0609 -0.152284
-24.0609 0.152284
-24.2132 0.456853
-24.2132 0.609137
-24.3655 0.913706
-24.3655 1.21827
-24.5178 1.52284
-24.5178 1.67513
-24.6701 1.9797
-24.6701 2.28426
-24.8223 2.58883
-24.8223 2.8934
-24.8223 3.19797
-24.9746 3.35025
-24.9746 3.65482
-25.1269 3.95939
-25.1269 4.26396
-25.1269 4.56853
-25.2792 4.8731
-25.2792 5.17766
-25.2792 5.48223
-25.4315 5.7868
-25.4315 6.24365
-25.4315 6.54822
-25.5838 6.85279
-25.5838 7.15736
-25.5838 7.46193
-25.5838 7.7665
-25.5838 8.22335
-25.5838 8.52792
-25.5838 8.83249
-25.5838 9.13706
-25.5838 9.59391
-25.5838 9.89848
-25.4315 10.203
-25.4315 10.5076
-25.2792 10.8122
-25.2792 11.269
-25.1269 11.5736
-24.9746 11.8782
-24.8223 12.1827
-24.6701 12.4873
-24.5178 12.7919
-24.3655 12.9442
-24.0609 13.2487
-23.9086 13.5533
-23.6041 13.7056
-23.4518 14.0102
-23.1472 14.1624
-22.8426 14.467
-22.6904 14.6193
-22.3858 14.7716
-22.0812 14.9239
-21.7766 15.0761
-21.4721 15.2284
-21.1675 15.3807
-20.7107 15.533
-20.4061 15.533
-20.1015 15.6853
-19.797 15.6853
-19.4924 15.8376
-19.1878 15.8376
-18.731 15.9898
-18.4264 15.9898
-18.1218 15.9898
-17.8173 15.9898
-17.3604 15.9898
-17.0558 15.9898
-16.7513 15.9898
-16.4467 15.9898
-16.1421 15.9898
-15.8376 15.9898
-15.533 15.9898
-15.2284 15.9898
-14.9239 15.8376
-14.467 15.8376
-14.1624 15.8376
-14.0102 15.6853
-13.7056 15.6853
-13.401 15.6853
-13.0964 15.533
-12.7919 15.533
-12.4873 15.3807
-12.1827 15.2284
-11.8782 15.2284
-11.7259 15.0761
-11.4213 15.0761
-11.1168 14.9239
-10.9645 14.7716
-10.6599 14.7716
-10.3553 14.6193
-10.203 14.467
-9.89848 14.467
-9.74619 14.3147
-9.44162 14.1624
-9.28934 14.0102
-8.98477 14.0102
-8.83249 13.8579
-8.52792 13.7056
-8.37563 13.5533
-8.22335 13.5533
-7.91878 13.401
-7.7665 13.2487
-7.61421 13.0964
-7.46193 13.0964
-7.15736 12.9442
-7.00508 12.7919
-6.85279 12.7919
-6.70051 12.6396
-6.39594 12.4873
-6.24365 12.335
-6.09137 12.335
-5.93909 12.1827
-5.7868 12.0305
-5.63452 12.0305
-5.48223 11.8782
-5.32995 11.8782
-5.02538 11.7259
-4.8731 11.5736
-4.72081 11.5736
-4.56853 11.4213
-4.41624 11.4213
-4.26396 11.269
-4.11168 11.1168
-3.95939 11.1168
-3.80711 10.9645
-3.50254 10.9645
-3.35025 10.8122
-3.19797 10.8122
-3.04569 10.6599
-2.8934 10.5076
-2.74112 10.5076
-2.58883 10.3553
-2.28426 10.3553
-2.13198 10.203
-1.9797 10.203
-1.82741 10.0508
-1.67513 9.89848
-1.52284 9.89848
-1.21827 9.74619
-1.06599 9.59391
-0.913706 9.59391
-0.761421 9.44162
-0.609137 9.28934
-0.304569 9.28934
-0.152284 9.13706
0 8.98477
0.152284 8.98477
0.304569 8.83249
0.609137 8.6802
0.761421 8.52792
0.913706 8.37563
1.06599 8.22335
1.21827 8.07107
1.52284 8.07107
1.67513 7.91878
1.82741 7.7665
1.9797 7.61421
2.13198 7.46193
2.28426 7.30964
2.43655 7.00508
2.58883 6.85279
2.74112 6.70051
2.8934 6.54822
3.04569 6.39594
3.19797 6.24365
3.35025 5.93909
3.50254 5.7868
3.65482 5.63452
3.80711 5.32995
3.95939 5.17766
4.11168 5.02538
4.26396 4.72081
4.41624 4.56853
4.56853 4.41624
4.8731 4.11168
5.02538 3.95939
5.17766 3.65482
5.32995 3.50254
5.63452 3.19797
5.7868 3.04569
5.93909 2.74112
6.24365 2.58883
6.54822 2.28426
6.70051 1.9797
7.00508 1.67513
