8.52792 0.761421
8.83249 0.456853
8.98477 0.152284
9.13706 -0.152284
9.28934 -0.456853
9.28934 -0.761421
9.44162 -1.06599
9.59391 -1.37056
9.59391 -1.82741
9.74619 -2.13198
9.74619 -2.43655
9.74619 -2.74112
9.74619 -3.04569
9.74619 -3.50254
9.74619 -3.80711
9.74619 -4.11168
9.59391 -4.41624
9.59391 -4.72081
9.44162 -5.02538
9.28934 -5.32995
9.28934 -5.63452
9.13706 -5.93909
8.98477 -6.24365
8.83249 -6.54822
8.52792 -6.85279
8.37563 -7.15736
8.22335 -7.30964
7.91878 -7.61421
7.7665 -7.91878
7.46193 -8.07107
7.15736 -8.37563
7.00508 -8.52792
6.70051 -8.6802
6.39594 -8.83249
6.09137 -9.13706
5.7868 -9.28934
5.48223 -9.44162
5.17766 -9.59391
4.8731 -9.74619
4.56853 -9.74619
4.26396 -9.89848
3.95939 -10.0508
3.65482 -10.203
3.35025 -10.203
3.04569 -10.3553
2.58883 -10.3553
2.28426 -10.5076
1.9797 -10.5076
1.67513 -10.6599
1.37056 -10.6599
1.06599 -10.8122
0.913706 -10.8122
0.609137 -10.8122
0.304569 -10.9645
0 -10.9645
-0.304569 -10.9645
-0.609137 -10.9645
-0.913706 -11.1168
-1.06599 -11.1168
-1.37056 -11.1168
-1.67513 -11.1168
-1.82741 -11.1168
-2.13198 -11.269
-2.43655 -11.269
-2.58883 -11.269
-2.8934 -11.269
-3.19797 -11.269
-3.35025 -11.269
-3.65482 -11.269
-3.80711 -11.269
-4.11168 -11.4213
-4.41624 -11.4213
-4.56853 -11.4213
-4.8731 -11.4213
-5.02538 -11.4213
-5.32995 -11.4213
-5.48223 -11.4213
-5.63452 -11.4213
-5.93909 -11.4213
-6.09137 -11.4213
-6.39594 -11.4213
-6.54822 -11.4213
-6.85279 -11.4213
-7.00508 -11.4213
-7.30964 -11.4213
-7.46193 -11.4213
-7.61421 -11.4213
-7.91878 -11.4213
-8.07107 -11.4213
-8.37563 -11.4213
-8.52792 -11.269
-8.6802 -11.269
-8.98477 -11.269
-9.13706 -11.269
-9.28934 -11.269
-9.59391 -11.1168
-9.74619 -11.1168
-10.0508 -11.1168
-10.203 -11.1168
-10.3553 -10.9645
-10.6599 -10.9645
-10.8122 -10.9645
-10.9645 -10.8122
-11.1168 -10.8122
-11.4213 -10.6599
-11.5736 -10.6599
-11.7259 -10.5076
-12.0305 -10.5076
-12.1827 -10.3553
-12.335 -10.3553
-12.4873 -10.203
-12.7919 -10.203
-12.9442 -10.0508
-13.0964 -10.0508
-13.2487 -9.89848
-13.401 -9.89848
-13.7056 -9.74619
-13.8579 -9.74619
-14.0102 -9.59391
-14.1624 -9.44162
-14.467 -9.44162
-14.6193 -9.28934
-14.7716 -9.28934
-14.9239 -9.13706
-15.0761 -8.98477
-15.3807 -8.98477
-15.533 -8.83249
-15.6853 -8.6802
-15.8376 -8.6802
-15.9898 -8.52792
-16.2944 -8.37563
-16.4467 -8.37563
-16.599 -8.22335
-16.7513 -8.07107
-17.0558 -8.07107
-17.2081 -7.91878
-17.3604 -7.7665
-17.5127 -7.61421
-17.8173 -7.46193
-17.9695 -7.46193
-18.1218 -7.30964
-18.2741 -7.15736
-18.4264 -7.00508
-18.731 -6.85279
-18.8832 -6.70051
-19.0355 -6.54822
-19.1878 -6.39594
-19.3401 -6.24365
-19.6447 -6.09137
-19.797 -5.93909
-19.9492 -5.7868
-20.1015 -5.63452
-20.2538 -5.48223
-20.5584 -5.32995
-20.7107 -5.17766
-20.8629 -5.02538
-21.0152 -4.72081
-21.1675 -4.56853
-21.3198 -4.41624
-21.4721 -4.26396
-21.6244 -3.95939
-21.7766 -3.80711
-22.0812 -3.65482
-22.2335 -3.35025
-22.3858 -3.19797
-22.5381 -2.8934
-22.6904 -2.74112
-22.8426 -2.58883
-22.9949 -2.28426
-22.9949 -1.9797
-23.1472 -1.82741
-23.2995 -1.52284
-23.4518 -1.37056
-23.6041 -1.06599
-23.7563 -0.761421
-23.9086 -0.609137
-23.9086 -0.304569
-24.0609 0
-24.2132 0.152284
-24.3655 0.456853
-24.3655 0.761421
-24.5178 1.06599
-24.6701 1.37056
-24.6701 1.67513
-24.8223 1.9797
-24.8223 2.13198
-24.9746 2.43655
-24.9746 2.74112
-25.1269 3.04569
-25.1269 3.35025
-25.1269 3.65482
-25.2792 3.95939
-25.2792 4.26396
-25.2792 4.56853
-25.2792 5.02538
-25.2792 5.32995
-25.2792 5.63452
-25.2792 5.93909
-25.2792 6.24365
-25.2792 6.54822
-25.2792 6.85279
-25.2792 7.15736
-25.2792 7.46193
-25.1269 7.7665
-25.1269 8.22335
-24.9746 8.52792
-24.9746 8.83249
-24.8223 9.13706
-24.6701 9.44162
-24.6701 9.74619
-24.5178 10.0508
-24.3655 10.203
-24.2132 10.5076
-24.0609 10.8122
-23.7563 11.1168
-23.6041 11.4213
-23.4518 11.5736
-23.1472 11.8782
-22.9949 12.0305
-22.6904 12.335
-22.5381 12.4873
-22.2335 12.6396
-21.9289 12.9442
-21.6244 13.0964
-21.4721 13.2487
-21.1675 13.401
-20.8629 13.5533
-20.5584 13.7056
-20.2538 13.7056
-19.9492 13.8579
-19.6447 14.0102
-19.3401 14.1624
-19.0355 14.1624
-18.731 14.3147
-18.4264 14.3147
-18.1218 14.467
-17.8173 14.467
-17.5127 14.467
-17.0558 14.6193
-16.7513 14.6193
-16.4467 14.6193
-16.1421 14.6193
-15.9898 14.6193
-15.6853 14.7716
-15.3807 14.7716
-15.0761 14.7716
-14.7716 14.7716
-14.467 14.7716
-14.1624 14.7716
-13.8579 14.7716
-13.5533 14.7716
-13.401 14.7716
-13.0964 14.7716
-12.7919 14.7716
-12.4873 14.6193
-12.1827 14.6193
-12.0305 14.6193
-11.7259 14.6193
-11.4213 14.467
-11.1168 14.467
-10.9645 14.467
-10.6599 14.3147
-10.3553 14.3147
-10.203 14.1624
-9.89848 14.1624
-9.74619 14.0102
-9.44162 14.0102
-9.13706 13.8579
-8.98477 13.8579
-8.6802 13.7056
-8.52792 13.5533
-8.37563 13.5533
-8.07107 13.401
-7.91878 13.2487
-7.61421 13.2487
-7.46193 13.0964
-7.30964 12.9442
-7.00508 12.7919
-6.85279 12.7919
-6.70051 12.6396
-6.39594 12.4873
-6.24365 12.335
-6.09137 12.335
-5.93909 12.1827
-5.7868 12.0305
-5.48223 11.8782
-5.32995 11.8782
-5.17766 11.7259
-5.02538 11.5736
-4.8731 11.5736
-4.72081 11.4213
-4.41624 11.269
-4.26396 11.269
-4.11168 11.1168
-3.95939 11.1168
-3.80711 10.9645
-3.65482 10.9645
-3.35025 10.8122
-3.19797 10.6599
-3.04569 10.6599
-2.8934 10.5076
-2.74112 10.5076
-2.43655 10.3553
-2.28426 10.3553
-2.13198 10.203
-1.9797 10.203
-1.82741 10.0508
-1.52284 9.89848
-1.37056 9.89848
-1.21827 9.74619
-1.06599 9.74619
-0.913706 9.59391
-0.609137 9.44162
-0.456853 9.44162
-0.304569 9.28934
-0.152284 9.13706
0 9.13706
0.304569 8.98477
0.456853 8.83249
0.609137 8.6802
0.761421 8.52792
0.913706 8.37563
1.06599 8.37563
1.37056 8.22335
1.52284 8.07107
1.67513 7.91878
1.82741 7.7665
1.9797 7.61421
2.13198 7.46193
2.28426 7.30964
2.43655 7.15736
2.58883 7.00508
2.8934 6.85279
3.04569 6.70051
3.19797 6.39594
3.35025 6.24365
3.50254 6.09137
3.65482 5.93909
3.80711 5.7868
3.95939 5.48223
3.95939 5.32995
4.11168 5.17766
4.26396 5.02538
4.41624 4.72081
4.56853 4.56853
4.8731 4.41624
5.02538 4.11168
5.17766 3.95939
5.32995 3.65482
5.48223 3.50254
5.63452 3.35025
5.93909 3.04569
6.09137 2.8934
6.39594 2.58883
6.54822 2.43655
6.85279 2.13198
7.15736 1.82741
7.46193 1.67513
7.7665 1.37056
8.07107 1.06599
