9.13706 0.913706
9.28934 0.609137
9.28934 0.304569
9.44162 0
9.44162 -0.304569
9.59391 -0.761421
9.59391 -1.06599
9.59391 -1.37056
9.74619 -1.67513
9.74619 -1.9797
9.74619 -2.28426
9.74619 -2.58883
9.74619 -3.04569
9.74619 -3.35025
9.74619 -3.65482
9.74619 -3.95939
9.59391 -4.26396
9.59391 -4.56853
9.44162 -5.02538
9.44162 -5.32995
9.28934 -5.63452
9.13706 -5.93909
8.98477 -6.24365
8.83249 -6.54822
8.6802 -6.70051
8.52792 -7.00508
8.37563 -7.30964
8.07107 -7.61421
7.91878 -7.7665
7.61421 -8.07107
7.46193 -8.22335
7.15736 -8.52792
6.85279 -8.6802
6.54822 -8.98477
6.24365 -9.13706
6.09137 -9.28934
5.7868 -9.44162
5.48223 -9.59391
5.17766 -9.74619
4.8731 -9.89848
4.41624 -10.0508
4.11168 -10.203
3.80711 -10.203
3.50254 -10.3553
3.19797 -10.5076
2.8934 -10.5076
2.58883 -10.6599
2.28426 -10.6599
1.9797 -10.8122
1.67513 -10.8122
1.37056 -10.8122
1.06599 -10.9645
0.761421 -10.9645
0.456853 -10.9645
0.152284 -11.1168
-0.152284 -11.1168
-0.456853 -11.1168
-0.609137 -11.1168
-0.913706 -11.1168
-1.21827 -11.269
-1.52284 -11.269
-1.82741 -11.269
-1.9797 -11.269
-2.28426 -11.269
-2.58883 -11.269
-2.74112 -11.269
-3.04569 -11.269
-3.35025 -11.269
-3.50254 -11.269
-3.80711 -11.4213
-4.11168 -11.4213
-4.26396 -11.4213
-4.56853 -11.4213
-4.72081 -11.4213
-5.02538 -11.4213
-5.17766 -11.4213
-5.48223 -11.4213
-5.63452 -11.4213
-5.93909 -11.4213
-6.09137 -11.4213
-6.39594 -11.4213
-6.54822 -11.4213
-6.70051 -11.4213
-7.00508 -11.4213
-7.15736 -11.4213
-7.46193 -11.4213
-7.61421 -11.4213
-7.91878 -11.4213
-8.07107 -11.4213
-8.22335 -11.4213
-8.52792 -11.4213
-8.6802 -11.269
-8.98477 -11.269
-9.13706 -11.269
-9.28934 -11.269
-9.59391 -11.269
-9.74619 -11.1168
-9.89848 -11.1168
-10.203 -11.1168
-10.3553 -10.9645
-10.6599 -10.9645
-10.8122 -10.9645
-10.9645 -10.8122
-11.1168 -10.8122
-11.4213 -10.6599
-11.5736 -10.6599
-11.7259 -10.5076
-12.0305 -10.5076
-12.1827 -10.3553
-12.335 -10.3553
-12.4873 -10.203
-12.7919 -10.203
-12.9442 -10.0508
-13.0964 -10.0508
-13.2487 -9.89848
-13.5533 -9.74619
-13.7056 -9.74619
-13.8579 -9.59391
-14.0102 -9.59391
-14.1624 -9.44162
-14.467 -9.28934
-14.6193 -9.28934
-14.7716 -9.13706
-14.9239 -9.13706
-15.2284 -8.98477
-15.3807 -8.83249
-15.533 -8.83249
-15.6853 -8.6802
-15.9898 -8.6802
-16.1421 -8.52792
-16.2944 -8.37563
-16.4467 -8.37563
-16.7513 -8.22335
-16.9036 -8.07107
-17.0558 -8.07107
-17.2081 -7.91878
-17.5127 -7.7665
-17.665 -7.61421
-17.8173 -7.46193
-17.9695 -7.46193
-18.2741 -7.30964
-18.4264 -7.15736
-18.5787 -7.00508
-18.8832 -6.85279
-19.0355 -6.70051
-19.1878 -6.54822
-19.3401 -6.39594
-19.4924 -6.24365
-19.797 -6.09137
-19.9492 -5.93909
-20.1015 -5.7868
-20.2538 -5.63452
-20.4061 -5.48223
-20.5584 -5.32995
-20.8629 -5.17766
-21.0152 -4.8731
-21.1675 -4.72081
-21.3198 -4.56853
-21.4721 -4.41624
-21.6244 -4.11168
-21.7766 -3.95939
-21.9289 -3.80711
-22.0812 -3.50254
-22.2335 -3.35025
-22.3858 -3.04569
-22.5381 -2.8934
-22.6904 -2.58883
-22.8426 -2.43655
-22.9949 -2.13198
-23.1472 -1.9797
-23.2995 -1.67513
-23.4518 -1.52284
-23.4518 -1.21827
-23.6041 -0.913706
-23.7563 -0.761421
-23.9086 -0.456853
-24.0609 -0.152284
-24.0609 0
-24.2132 0.304569
-24.3655 0.609137
-24.3655 0.913706
-24.5178 1.21827
-24.5178 1.52284
-24.6701 1.67513
-24.6701 1.9797
-24.8223 2.28426
-24.8223 2.58883
-24.9746 2.8934
-24.9746 3.19797
-25.1269 3.50254
-25.1269 3.80711
-25.1269 4.11168
-25.1269 4.41624
-25.2792 4.72081
-25.2792 5.02538
-25.2792 5.32995
-25.2792 5.63452
-25.2792 6.09137
-25.2792 6.39594
-25.2792 6.70051
-25.2792 7.00508
-25.2792 7.30964
-25.1269 7.61421
-25.1269 7.91878
-25.1269 8.22335
-24.9746 8.52792
-24.9746 8.98477
-24.8223 9.28934
-24.8223 9.59391
-24.6701 9.89848
-24.5178 10.203
-24.3655 10.5076
-24.2132 10.8122
-24.0609 11.1168
-23.9086 11.269
-23.7563 11.5736
-23.6041 11.8782
-23.4518 12.1827
-23.1472 12.335
-22.9949 12.6396
-22.6904 12.7919
-22.5381 13.0964
-22.2335 13.2487
-22.0812 13.5533
-21.7766 13.7056
-21.4721 13.8579
-21.1675 14.0102
-20.8629 14.1624
-20.7107 14.3147
-20.4061 14.467
-20.1015 14.6193
-19.797 14.7716
-19.4924 14.9239
-19.1878 15.0761
-18.8832 15.0761
-18.5787 15.2284
-18.1218 15.2284
-17.8173 15.3807
-17.5127 15.3807
-17.2081 15.3807
-16.9036 15.3807
-16.599 15.533
-16.2944 15.533
-15.9898 15.533
-15.6853 15.533
-15.2284 15.533
-14.9239 15.533
-14.6193 15.3807
-14.3147 15.3807
-14.0102 15.3807
-13.7056 15.3807
-13.401 15.2284
-13.0964 15.2284
-12.7919 15.0761
-12.4873 15.0761
-12.335 14.9239
-12.0305 14.9239
-11.7259 14.7716
-11.4213 14.7716
-11.1168 14.6193
-10.9645 14.6193
-10.6599 14.467
-10.3553 14.3147
-10.203 14.3147
-9.89848 14.1624
-9.59391 14.0102
-9.44162 13.8579
-9.13706 13.8579
-8.98477 13.7056
-8.6802 13.5533
-8.52792 13.5533
-8.22335 13.401
-8.07107 13.2487
-7.91878 13.0964
-7.61421 13.0964
-7.46193 12.9442
-7.30964 12.7919
-7.00508 12.7919
-6.85279 12.6396
-6.70051 12.4873
-6.39594 12.4873
-6.24365 12.335
-6.09137 12.1827
-5.93909 12.1827
-5.7868 12.0305
-5.48223 11.8782
-5.32995 11.8782
-5.17766 11.7259
-5.02538 11.5736
-4.8731 11.5736
-4.72081 11.4213
-4.41624 11.4213
-4.26396 11.269
-4.11168 11.1168
-3.95939 11.1168
-3.80711 10.9645
-3.65482 10.9645
-3.50254 10.8122
-3.19797 10.6599
-3.04569 10.6599
-2.8934 10.5076
-2.74112 10.5076
-2.58883 10.3553
-2.43655 10.3553
-2.13198 10.203
-1.9797 10.0508
-1.82741 10.0508
-1.67513 9.89848
-1.52284 9.89848
-1.37056 9.74619
-1.06599 9.74619
-0.913706 9.59391
-0.761421 9.44162
-0.609137 9.44162
-0.456853 9.28934
-0.152284 9.13706
0 9.13706
0.152284 8.98477
0.304569 8.83249
0.456853 8.6802
0.761421 8.6802
0.913706 8.52792
1.06599 8.37563
1.21827 8.22335
1.52284 8.07107
1.67513 7.91878
1.82741 7.7665
1.9797 7.7665
2.13198 7.61421
2.28426 7.46193
2.43655 7.30964
2.58883 7.00508
2.8934 6.85279
3.04569 6.70051
3.19797 6.54822
3.35025 6.39594
3.50254 6.24365
3.50254 5.93909
3.65482 5.7868
3.80711 5.63452
3.95939 5.48223
4.11168 5.17766
4.26396 5.02538
4.41624 4.8731
4.56853 4.56853
4.72081 4.41624
4.8731 4.26396
5.02538 3.95939
5.17766 3.80711
5.32995 3.65482
5.63452 3.35025
5.7868 3.19797
6.09137 2.8934
6.39594 2.74112
6.70051 2.43655
7.00508 2.28426
7.30964 1.9797
7.61421 1.67513
8.07107 1.52284
8.52792 1.21827
