8.98477 0.913706
9.13706 0.609137
9.28934 0.152284
9.44162 -0.152284
9.59391 -0.456853
9.74619 -0.761421
9.89848 -1.06599
10.0508 -1.37056
10.203 -1.82741
10.203 -2.13198
10.3553 -2.43655
10.5076 -2.8934
10.5076 -3.19797
10.5076 -3.65482
10.6599 -3.95939
10.6599 -4.26396
10.6599 -4.72081
10.6599 -5.02538
10.5076 -5.32995
10.5076 -5.7868
10.5076 -6.09137
10.3553 -6.39594
10.203 -6.70051
10.0508 -7.00508
9.89848 -7.30964
9.59391 -7.61421
9.44162 -7.91878
9.13706 -8.22335
8.83249 -8.52792
8.6802 -8.6802
8.22335 -8.98477
7.91878 -9.13706
7.61421 -9.28934
7.30964 -9.44162
7.00508 -9.59391
6.54822 -9.74619
6.24365 -9.89848
5.7868 -10.0508
5.48223 -10.203
5.02538 -10.203
4.72081 -10.3553
4.26396 -10.3553
3.95939 -10.5076
3.50254 -10.5076
3.19797 -10.5076
2.74112 -10.5076
2.43655 -10.6599
2.13198 -10.6599
1.82741 -10.6599
1.37056 -10.6599
1.06599 -10.8122
0.761421 -10.8122
0.456853 -10.8122
0.152284 -10.8122
-0.152284 -10.8122
-0.304569 -10.9645
-0.609137 -10.9645
-0.913706 -10.9645
-1.21827 -10.9645
-1.52284 -11.1168
-1.67513 -11.1168
-1.9797 -11.1168
-2.28426 -11.269
-2.43655 -11.269
-2.74112 -11.269
-2.8934 -11.269
-3.19797 -11.269
-3.50254 -11.4213
-3.65482 -11.4213
-3.95939 -11.4213
-4.11168 -11.4213
-4.41624 -11.4213
-4.56853 -11.5736
-4.8731 -11.5736
-5.02538 -11.5736
-5.32995 -11.5736
-5.48223 -11.5736
-5.7868 -11.5736
-5.93909 -11.5736
-6.24365 -11.5736
-6.39594 -11.5736
-6.70051 -11.5736
-6.85279 -11.5736
-7.15736 -11.5736
-7.30964 -11.5736
-7.61421 -11.4213
-7.7665 -11.4213
-7.91878 -11.4213
-8.22335 -11.4213
-8.37563 -11.4213
-8.6802 -11.269
-8.83249 -11.269
-8.98477 -11.269
-9.28934 -11.269
-9.44162 -11.1168
-9.59391 -11.1168
-9.89848 -11.1168
-10.0508 -10.9645
-10.3553 -10.9645
-10.5076 -10.9645
-10.6599 -10.8122
-10.8122 -10.8122
-11.1168 -10.6599
-11.269 -10.6599
-11.4213 -10.6599
-11.7259 -10.5076
-11.8782 -10.5076
-12.0305 -10.3553
-12.1827 -10.3553
-12.4873 -10.203
-12.6396 -10.203
-12.7919 -10.0508
-12.9442 -10.0508
-13.2487 -9.89848
-13.401 -9.89848
-13.5533 -9.74619
-13.7056 -9.74619
-14.0102 -9.59391
-14.1624 -9.44162
-14.3147 -9.44162
-14.467 -9.28934
-14.6193 -9.28934
-14.9239 -9.13706
-15.0761 -9.13706
-15.2284 -8.98477
-15.3807 -8.83249
-15.6853 -8.83249
-15.8376 -8.6802
-15.9898 -8.52792
-16.1421 -8.52792
-16.2944 -8.37563
-16.599 -8.22335
-16.7513 -8.22335
-16.9036 -8.07107
-17.0558 -7.91878
-17.3604 -7.7665
-17.5127 -7.7665
-17.665 -7.61421
-17.8173 -7.46193
-18.1218 -7.30964
-18.2741 -7.15736
-18.4264 -7.15736
-18.5787 -7.00508
-18.731 -6.85279
-19.0355 -6.70051
-19.1878 -6.54822
-19.3401 -6.39594
-19.4924 -6.24365
-19.6447 -6.09137
-19.9492 -5.93909
-20.1015 -5.7868
-20.2538 -5.63452
-20.4061 -5.48223
-20.5584 -5.32995
-20.7107 -5.02538
-21.0152 -4.8731
-21.1675 -4.72081
-21.3198 -4.56853
-21.4721 -4.41624
-21.6244 -4.11168
-21.7766 -3.95939
-21.9289 -3.80711
-22.0812 -3.50254
-22.2335 -3.35025
-22.3858 -3.04569
-22.5381 -2.8934
-22.6904 -2.74112
-22.8426 -2.43655
-22.9949 -2.28426
-23.1472 -1.9797
-23.2995 -1.67513
-23.4518 -1.52284
-23.6041 -1.21827
-23.6041 -1.06599
-23.7563 -0.761421
-23.9086 -0.456853
-24.0609 -0.152284
-24.0609 0
-24.2132 0.304569
-24.3655 0.609137
-24.3655 0.913706
-24.5178 1.06599
-24.5178 1.37056
-24.6701 1.67513
-24.6701 1.9797
-24.8223 2.28426
-24.8223 2.58883
-24.9746 2.8934
-24.9746 3.19797
-24.9746 3.50254
-25.1269 3.80711
-25.1269 4.11168
-25.1269 4.41624
-25.1269 4.72081
-25.2792 5.02538
-25.2792 5.32995
-25.2792 5.63452
-25.2792 5.93909
-25.2792 6.24365
-25.2792 6.54822
-25.2792 6.85279
-25.2792 7.15736
-25.1269 7.61421
-25.1269 7.91878
-25.1269 8.22335
-24.9746 8.52792
-24.9746 8.83249
-24.8223 9.13706
-24.8223 9.44162
-24.6701 9.74619
-24.5178 10.0508
-24.3655 10.3553
-24.2132 10.6599
-24.0609 10.9645
-23.9086 11.1168
-23.7563 11.4213
-23.6041 11.7259
-23.2995 12.0305
-23.1472 12.1827
-22.9949 12.4873
-22.6904 12.6396
-22.3858 12.9442
-22.2335 13.0964
-21.9289 13.2487
-21.6244 13.401
-21.4721 13.7056
-21.1675 13.8579
-20.8629 14.0102
-20.5584 14.1624
-20.2538 14.3147
-19.9492 14.3147
-19.6447 14.467
-19.3401 14.6193
-19.0355 14.6193
-18.731 14.7716
-18.4264 14.9239
-18.1218 14.9239
-17.8173 15.0761
-17.5127 15.0761
-17.2081 15.0761
-16.9036 15.2284
-16.599 15.2284
-16.2944 15.2284
-15.9898 15.2284
-15.6853 15.2284
-15.3807 15.2284
-15.0761 15.2284
-14.7716 15.2284
-14.467 15.2284
-14.1624 15.2284
-13.8579 15.2284
-13.5533 15.2284
-13.2487 15.2284
-12.9442 15.2284
-12.7919 15.0761
-12.4873 15.0761
-12.1827 15.0761
-11.8782 14.9239
-11.5736 14.9239
-11.4213 14.9239
-11.1168 14.7716
-10.8122 14.7716
-10.5076 14.6193
-10.3553 14.6193
-10.0508 14.467
-9.74619 14.3147
-9.59391 14.3147
-9.28934 14.1624
-9.13706 14.0102
-8.83249 14.0102
-8.6802 13.8579
-8.37563 13.7056
-8.22335 13.5533
-7.91878 13.401
-7.7665 13.401
-7.46193 13.2487
-7.30964 13.0964
-7.15736 12.9442
-7.00508 12.7919
-6.70051 12.7919
-6.54822 12.6396
-6.39594 12.4873
-6.24365 12.335
-5.93909 12.1827
-5.7868 12.1827
-5.63452 12.0305
-5.48223 11.8782
-5.32995 11.8782
-5.02538 11.7259
-4.8731 11.5736
-4.72081 11.5736
-4.56853 11.4213
-4.41624 11.269
-4.26396 11.269
-4.11168 11.1168
-3.80711 11.1168
-3.65482 10.9645
-3.50254 10.8122
-3.35025 10.8122
-3.19797 10.6599
-3.04569 10.6599
-2.74112 10.5076
-2.58883 10.5076
-2.43655 10.3553
-2.28426 10.3553
-2.13198 10.203
-1.82741 10.203
-1.67513 10.0508
-1.52284 9.89848
-1.37056 9.89848
-1.06599 9.74619
-0.913706 9.74619
-0.761421 9.59391
-0.609137 9.44162
-0.456853 9.44162
-0.152284 9.28934
0 9.13706
0.152284 8.98477
0.304569 8.98477
0.609137 8.83249
0.761421 8.6802
0.913706 8.52792
1.06599 8.37563
1.21827 8.37563
1.52284 8.22335
1.67513 8.07107
1.82741 7.91878
1.9797 7.7665
2.13198 7.61421
2.28426 7.46193
2.43655 7.30964
2.58883 7.15736
2.74112 6.85279
2.8934 6.70051
3.19797 6.54822
3.19797 6.39594
3.35025 6.24365
3.50254 6.09137
3.65482 5.7868
3.80711 5.63452
3.95939 5.48223
4.11168 5.17766
4.26396 5.02538
4.41624 4.8731
4.56853 4.56853
4.72081 4.41624
4.8731 4.26396
5.02538 3.95939
5.32995 3.80711
5.48223 3.65482
5.63452 3.35025
5.93909 3.19797
6.09137 2.8934
6.39594 2.74112
6.70051 2.43655
7.00508 2.28426
7.30964 1.9797
7.7665 1.67513
8.07107 1.37056
8.52792 1.21827
