8.6802 1.06599
8.98477 0.761421
9.13706 0.456853
9.28934 0.152284
9.44162 -0.304569
9.44162 -0.609137
9.59391 -0.913706
9.74619 -1.21827
9.74619 -1.52284
9.89848 -1.82741
9.89848 -2.28426
9.89848 -2.58883
9.89848 -2.8934
9.89848 -3.19797
9.89848 -3.50254
9.89848 -3.95939
9.74619 -4.26396
9.74619 -4.56853
9.74619 -4.8731
9.59391 -5.17766
9.44162 -5.48223
9.28934 -5.7868
9.13706 -6.09137
8.98477 -6.39594
8.83249 -6.70051
8.6802 -7.00508
8.37563 -7.15736
8.22335 -7.46193
8.07107 -7.7665
7.7665 -7.91878
7.46193 -8.22335
7.30964 -8.37563
7.00508 -8.6802
6.70051 -8.83249
6.39594 -8.98477
6.09137 -9.13706
5.7868 -9.28934
5.48223 -9.44162
5.17766 -9.59391
4.8731 -9.74619
4.56853 -9.89848
4.26396 -10.0508
3.95939 -10.203
3.65482 -10.203
3.35025 -10.3553
3.04569 -10.5076
2.74112 -10.5076
2.43655 -10.6599
2.13198 -10.6599
1.82741 -10.8122
1.52284 -10.8122
1.21827 -10.8122
0.913706 -10.9645
0.609137 -10.9645
0.304569 -11.1168
0 -11.1168
-0.152284 -11.1168
-0.456853 -11.1168
-0.761421 -11.269
-1.06599 -11.269
-1.37056 -11.269
-1.52284 -11.269
-1.82741 -11.269
-2.13198 -11.269
-2.43655 -11.4213
-2.58883 -11.4213
-2.8934 -11.4213
-3.19797 -11.4213
-3.35025 -11.4213
-3.65482 -11.4213
-3.80711 -11.4213
-4.11168 -11.4213
-4.26396 -11.4213
-4.56853 -11.4213
-4.8731 -11.5736
-5.02538 -11.5736
-5.32995 -11.5736
-5.48223 -11.5736
-5.7868 -11.5736
-5.93909 -11.5736
-6.24365 -11.5736
-6.39594 -11.5736
-6.70051 -11.5736
-6.85279 -11.5736
-7.00508 -11.5736
-7.30964 -11.5736
-7.46193 -11.5736
-7.7665 -11.5736
-7.91878 -11.5736
-8.22335 -11.5736
-8.37563 -11.4213
-8.6802 -11.4213
-8.83249 -11.4213
-8.98477 -11.4213
-9.28934 -11.4213
-9.44162 -11.269
-9.74619 -11.269
-9.89848 -11.269
-10.0508 -11.1168
-10.3553 -11.1168
-10.5076 -11.1168
-10.6599 -10.9645
-10.9645 -10.9645
-11.1168 -10.8122
-11.269 -10.8122
-11.5736 -10.6599
-11.7259 -10.6599
-11.8782 -10.5076
-12.1827 -10.5076
-12.335 -10.3553
-12.4873 -10.3553
-12.6396 -10.203
-12.9442 -10.0508
-13.0964 -10.0508
-13.2487 -9.89848
-13.401 -9.74619
-13.5533 -9.74619
-13.8579 -9.59391
-14.0102 -9.59391
-14.1624 -9.44162
-14.3147 -9.28934
-14.6193 -9.28934
-14.7716 -9.13706
-14.9239 -8.98477
-15.0761 -8.98477
-15.2284 -8.83249
-15.533 -8.83249
-15.6853 -8.6802
-15.8376 -8.52792
-15.9898 -8.52792
-16.2944 -8.37563
-16.4467 -8.22335
-16.599 -8.07107
-16.7513 -8.07107
-17.0558 -7.91878
-17.2081 -7.7665
-17.3604 -7.7665
-17.665 -7.61421
-17.8173 -7.46193
-17.9695 -7.30964
-18.1218 -7.15736
-18.4264 -7.15736
-18.5787 -7.00508
-18.731 -6.85279
-19.0355 -6.70051
-19.1878 -6.54822
-19.3401 -6.39594
-19.4924 -6.24365
-19.797 -6.09137
-19.9492 -5.93909
-20.1015 -5.7868
-20.2538 -5.63452
-20.5584 -5.48223
-20.7107 -5.32995
-20.8629 -5.02538
-21.0152 -4.8731
-21.1675 -4.72081
-21.4721 -4.56853
-21.6244 -4.26396
-21.7766 -4.11168
-21.9289 -3.95939
-22.0812 -3.65482
-22.2335 -3.50254
-22.3858 -3.19797
-22.5381 -3.04569
-22.6904 -2.8934
-22.8426 -2.58883
-22.9949 -2.28426
-22.9949 -2.13198
-23.1472 -1.82741
-23.2995 -1.67513
-23.4518 -1.37056
-23.4518 -1.06599
-23.6041 -0.913706
-23.7563 -0.609137
-23.7563 -0.304569
-23.9086 -0.152284
-23.9086 0.152284
-24.0609 0.456853
-24.2132 0.761421
-24.2132 1.06599
-24.3655 1.21827
-24.3655 1.52284
-24.3655 1.82741
-24.5178 2.13198
-24.5178 2.43655
-24.6701 2.74112
-24.6701 3.04569
-24.8223 3.35025
-24.8223 3.65482
-24.8223 3.95939
-24.9746 4.26396
-24.9746 4.56853
-25.1269 4.8731
-25.1269 5.17766
-25.2792 5.48223
-25.2792 5.7868
-25.2792 6.24365
-25.4315 6.54822
-25.4315 6.85279
-25.4315 7.15736
-25.4315 7.61421
-25.5838 7.91878
-25.5838 8.22335
-25.5838 8.6802
-25.5838 8.98477
-25.4315 9.28934
-25.4315 9.74619
-25.4315 10.0508
-25.4315 10.3553
-25.2792 10.8122
-25.2792 11.1168
-25.1269 11.4213
-24.9746 11.7259
-24.8223 12.0305
-24.6701 12.4873
-24.5178 12.7919
-24.3655 12.9442
-24.0609 13.2487
-23.9086 13.5533
-23.6041 13.8579
-23.4518 14.0102
-23.1472 14.3147
-22.8426 14.467
-22.5381 14.7716
-22.2335 14.9239
-21.9289 15.0761
-21.6244 15.2284
-21.3198 15.3807
-21.0152 15.533
-20.7107 15.6853
-20.4061 15.6853
-19.9492 15.8376
-19.6447 15.9898
-19.3401 15.9898
-18.8832 15.9898
-18.5787 16.1421
-18.2741 16.1421
-17.8173 16.1421
-17.5127 16.1421
-17.0558 16.1421
-16.7513 16.1421
-16.4467 16.1421
-15.9898 15.9898
-15.6853 15.9898
-15.3807 15.9898
-15.0761 15.8376
-14.6193 15.8376
-14.3147 15.6853
-14.0102 15.533
-13.7056 15.533
-13.401 15.3807
-13.0964 15.2284
-12.7919 15.2284
-12.4873 15.0761
-12.1827 14.9239
-11.8782 14.7716
-11.5736 14.6193
-11.269 14.6193
-10.9645 14.467
-10.8122 14.3147
-10.5076 14.1624
-10.203 14.0102
-10.0508 14.0102
-9.74619 13.8579
-9.44162 13.7056
-9.28934 13.5533
-8.98477 13.5533
-8.83249 13.401
-8.6802 13.2487
-8.37563 13.2487
-8.22335 13.0964
-7.91878 12.9442
-7.7665 12.9442
-7.61421 12.7919
-7.30964 12.7919
-7.15736 12.6396
-7.00508 12.4873
-6.85279 12.4873
-6.54822 12.335
-6.39594 12.335
-6.24365 12.1827
-6.09137 12.1827
-5.7868 12.0305
-5.63452 12.0305
-5.48223 11.8782
-5.32995 11.8782
-5.17766 11.7259
-4.8731 11.7259
-4.72081 11.5736
-4.56853 11.5736
-4.41624 11.4213
-4.26396 11.4213
-3.95939 11.269
-3.80711 11.269
-3.65482 11.1168
-3.50254 11.1168
-3.35025 10.9645
-3.19797 10.8122
-2.8934 10.8122
-2.74112 10.6599
-2.58883 10.6599
-2.43655 10.5076
-2.28426 10.5076
-2.13198 10.3553
-1.9797 10.203
-1.67513 10.203
-1.52284 10.0508
-1.37056 9.89848
-1.21827 9.89848
-1.06599 9.74619
-0.913706 9.74619
-0.609137 9.59391
-0.456853 9.44162
-0.304569 9.44162
-0.152284 9.28934
0 9.13706
0.152284 8.98477
0.456853 8.98477
0.609137 8.83249
0.761421 8.6802
0.913706 8.52792
1.06599 8.37563
1.37056 8.37563
1.52284 8.22335
1.67513 8.07107
1.82741 7.91878
1.9797 7.7665
2.13198 7.61421
2.28426 7.46193
2.58883 7.30964
2.74112 7.15736
2.8934 7.00508
3.04569 6.85279
3.19797 6.70051
3.35025 6.54822
3.50254 6.24365
3.65482 6.09137
3.80711 5.93909
3.95939 5.7868
4.11168 5.48223
4.26396 5.32995
4.41624 5.17766
4.56853 4.8731
4.72081 4.72081
4.8731 4.56853
5.02538 4.26396
5.17766 4.11168
5.32995 3.95939
5.48223 3.65482
5.7868 3.50254
5.93909 3.19797
6.09137 3.04569
6.39594 2.8934
6.70051 2.58883
6.85279 2.28426
7.15736 2.13198
7.46193 1.82741
7.7665 1.52284
8.22335 1.21827
