8.6802 1.06599
8.83249 0.761421
8.98477 0.456853
9.28934 0.152284
9.44162 -0.152284
9.59391 -0.456853
9.74619 -0.761421
9.74619 -1.06599
9.89848 -1.52284
10.0508 -1.82741
10.0508 -2.13198
10.0508 -2.43655
10.0508 -2.74112
10.0508 -3.19797
10.0508 -3.50254
10.0508 -3.80711
10.0508 -4.11168
9.89848 -4.56853
9.89848 -4.8731
9.74619 -5.17766
9.59391 -5.48223
9.44162 -5.7868
9.28934 -6.09137
9.13706 -6.39594
8.98477 -6.70051
8.83249 -7.00508
8.52792 -7.15736
8.37563 -7.46193
8.07107 -7.7665
7.91878 -7.91878
7.61421 -8.22335
7.30964 -8.37563
7.15736 -8.52792
6.85279 -8.83249
6.54822 -8.98477
6.24365 -9.13706
5.93909 -9.28934
5.63452 -9.44162
5.32995 -9.59391
5.02538 -9.74619
4.72081 -9.89848
4.41624 -10.0508
3.95939 -10.203
3.65482 -10.203
3.35025 -10.3553
3.04569 -10.5076
2.74112 -10.5076
2.43655 -10.6599
2.13198 -10.6599
1.82741 -10.8122
1.52284 -10.8122
1.21827 -10.8122
0.913706 -10.9645
0.609137 -10.9645
0.304569 -10.9645
0 -11.1168
-0.304569 -11.1168
-0.456853 -11.1168
-0.761421 -11.1168
-1.06599 -11.269
-1.37056 -11.269
-1.67513 -11.269
-1.82741 -11.269
-2.13198 -11.269
-2.43655 -11.4213
-2.74112 -11.4213
-2.8934 -11.4213
-3.19797 -11.4213
-3.35025 -11.4213
-3.65482 -11.4213
-3.95939 -11.4213
-4.11168 -11.4213
-4.41624 -11.4213
-4.56853 -11.4213
-4.8731 -11.5736
-5.17766 -11.5736
-5.32995 -11.5736
-5.63452 -11.5736
-5.7868 -11.5736
-6.09137 -11.5736
-6.24365 -11.5736
-6.54822 -11.5736
-6.70051 -11.5736
-7.00508 -11.5736
-7.15736 -11.5736
-7.46193 -11.5736
-7.61421 -11.5736
-7.7665 -11.5736
-8.07107 -11.5736
-8.22335 -11.5736
-8.52792 -11.4213
-8.6802 -11.4213
-8.98477 -11.4213
-9.13706 -11.4213
-9.44162 -11.4213
-9.59391 -11.269
-9.74619 -11.269
-10.0508 -11.269
-10.203 -11.1168
-10.5076 -11.1168
-10.6599 -10.9645
-10.8122 -10.9645
-11.1168 -10.8122
-11.269 -10.8122
-11.4213 -10.6599
-11.7259 -10.6599
-11.8782 -10.5076
-12.0305 -10.5076
-12.1827 -10.3553
-12.4873 -10.203
-12.6396 -10.203
-12.7919 -10.0508
-12.9442 -9.89848
-13.2487 -9.89848
-13.401 -9.74619
-13.5533 -9.74619
-13.7056 -9.59391
-13.8579 -9.44162
-14.1624 -9.44162
-14.3147 -9.28934
-14.467 -9.13706
-14.6193 -9.13706
-14.7716 -8.98477
-15.0761 -8.83249
-15.2284 -8.83249
-15.3807 -8.6802
-15.533 -8.6802
-15.8376 -8.52792
-15.9898 -8.37563
-16.1421 -8.37563
-16.2944 -8.22335
-16.599 -8.07107
-16.7513 -8.07107
-16.9036 -7.91878
-17.0558 -7.7665
-17.3604 -7.61421
-17.5127 -7.61421
-17.665 -7.46193
-17.9695 -7.30964
-18.1218 -7.15736
-18.2741 -7.15736
-18.5787 -7.00508
-18.731 -6.85279
-18.8832 -6.70051
-19.0355 -6.54822
-19.3401 -6.39594
-19.4924 -6.24365
-19.6447 -6.09137
-19.9492 -5.93909
-20.1015 -5.7868
-20.2538 -5.63452
-20.4061 -5.48223
-20.5584 -5.32995
-20.8629 -5.17766
-21.0152 -4.8731
-21.1675 -4.72081
-21.3198 -4.56853
-21.4721 -4.41624
-21.6244 -4.11168
-21.7766 -3.95939
-21.9289 -3.80711
-22.0812 -3.50254
-22.2335 -3.35025
-22.3858 -3.19797
-22.5381 -2.8934
-22.6904 -2.74112
-22.8426 -2.43655
-22.9949 -2.28426
-23.1472 -1.9797
-23.2995 -1.67513
-23.2995 -1.52284
-23.4518 -1.21827
-23.6041 -0.913706
-23.6041 -0.761421
-23.7563 -0.456853
-23.9086 -0.152284
-23.9086 0
-24.0609 0.304569
-24.0609 0.609137
-24.2132 0.913706
-24.2132 1.06599
-24.3655 1.37056
-24.3655 1.67513
-24.5178 1.9797
-24.5178 2.28426
-24.6701 2.58883
-24.6701 2.8934
-24.6701 3.19797
-24.8223 3.35025
-24.8223 3.65482
-24.8223 3.95939
-24.9746 4.26396
-24.9746 4.56853
-24.9746 5.02538
-25.1269 5.32995
-25.1269 5.63452
-25.1269 5.93909
-25.2792 6.24365
-25.2792 6.54822
-25.2792 6.85279
-25.2792 7.30964
-25.2792 7.61421
-25.2792 7.91878
-25.2792 8.22335
-25.2792 8.6802
-25.2792 8.98477
-25.2792 9.28934
-25.2792 9.59391
-25.1269 10.0508
-25.1269 10.3553
-24.9746 10.6599
-24.9746 10.9645
-24.8223 11.269
-24.6701 11.7259
-24.5178 12.0305
-24.3655 12.335
-24.2132 12.6396
-24.0609 12.9442
-23.9086 13.2487
-23.7563 13.401
-23.4518 13.7056
-23.2995 14.0102
-22.9949 14.1624
-22.6904 14.467
-22.5381 14.6193
-22.2335 14.9239
-21.9289 15.0761
-21.6244 15.2284
-21.3198 15.3807
-21.0152 15.533
-20.7107 15.6853
-20.4061 15.8376
-20.1015 15.8376
-19.6447 15.9898
-19.3401 16.1421
-19.0355 16.1421
-18.731 16.2944
-18.2741 16.2944
-17.9695 16.2944
-17.665 16.2944
-17.2081 16.2944
-16.9036 16.2944
-16.599 16.2944
-16.1421 16.2944
-15.8376 16.1421
-15.533 16.1421
-15.0761 15.9898
-14.7716 15.9898
-14.467 15.8376
-14.1624 15.8376
-13.8579 15.6853
-13.401 15.533
-13.0964 15.3807
-12.7919 15.3807
-12.4873 15.2284
-12.1827 15.0761
-11.8782 14.9239
-11.5736 14.7716
-11.4213 14.6193
-11.1168 14.467
-10.8122 14.3147
-10.5076 14.1624
-10.3553 14.0102
-10.0508 13.8579
-9.89848 13.8579
-9.59391 13.7056
-9.44162 13.5533
-9.13706 13.401
-8.98477 13.401
-8.6802 13.2487
-8.52792 13.0964
-8.22335 13.0964
-8.07107 12.9442
-7.91878 12.7919
-7.61421 12.7919
-7.46193 12.6396
-7.30964 12.6396
-7.15736 12.4873
-6.85279 12.4873
-6.70051 12.335
-6.54822 12.335
-6.39594 12.1827
-6.09137 12.1827
-5.93909 12.0305
-5.7868 12.0305
-5.63452 11.8782
-5.48223 11.8782
-5.17766 11.7259
-5.02538 11.7259
-4.8731 11.5736
-4.72081 11.5736
-4.56853 11.4213
-4.41624 11.4213
-4.11168 11.269
-3.95939 11.269
-3.80711 11.1168
-3.65482 11.1168
-3.50254 10.9645
-3.35025 10.8122
-3.19797 10.8122
-3.04569 10.6599
-2.74112 10.6599
-2.58883 10.5076
-2.43655 10.5076
-2.28426 10.3553
-2.13198 10.203
-1.9797 10.203
-1.82741 10.0508
-1.52284 10.0508
-1.37056 9.89848
-1.21827 9.74619
-1.06599 9.74619
-0.913706 9.59391
-0.761421 9.44162
-0.456853 9.44162
-0.304569 9.28934
-0.152284 9.13706
0 9.13706
0.152284 8.98477
0.456853 8.83249
0.609137 8.6802
0.761421 8.6802
0.913706 8.52792
1.06599 8.37563
1.37056 8.22335
1.52284 8.07107
1.67513 8.07107
1.82741 7.91878
1.9797 7.7665
2.28426 7.61421
2.43655 7.46193
2.58883 7.30964
2.74112 7.15736
2.8934 7.00508
3.04569 6.85279
3.19797 6.54822
3.35025 6.39594
3.50254 6.24365
3.65482 6.09137
3.80711 5.93909
3.95939 5.63452
4.11168 5.48223
4.26396 5.32995
4.41624 5.17766
4.56853 4.8731
4.72081 4.72081
4.8731 4.56853
5.17766 4.26396
5.32995 4.11168
5.48223 3.80711
5.63452 3.65482
5.93909 3.35025
6.09137 3.19797
6.39594 2.8934
6.54822 2.74112
6.85279 2.43655
7.15736 2.28426
7.46193 1.9797
7.7665 1.67513
8.07107 1.37056
