8.98477 1.06599
9.13706 0.761421
9.28934 0.456853
9.59391 0.152284
9.74619 -0.152284
9.89848 -0.456853
9.89848 -0.761421
10.0508 -1.21827
10.203 -1.52284
10.203 -1.82741
10.203 -2.13198
10.3553 -2.58883
10.3553 -2.8934
10.3553 -3.19797
10.203 -3.50254
10.203 -3.95939
10.203 -4.26396
10.0508 -4.56853
10.0508 -4.8731
9.89848 -5.17766
9.74619 -5.48223
9.59391 -5.7868
9.44162 -6.09137
9.28934 -6.39594
9.13706 -6.70051
8.83249 -7.00508
8.6802 -7.30964
8.37563 -7.46193
8.22335 -7.7665
7.91878 -8.07107
7.61421 -8.22335
7.46193 -8.52792
7.15736 -8.6802
6.85279 -8.83249
6.54822 -9.13706
6.24365 -9.28934
5.93909 -9.44162
5.63452 -9.59391
5.32995 -9.74619
5.02538 -9.89848
4.72081 -10.0508
4.41624 -10.203
4.11168 -10.203
3.80711 -10.3553
3.50254 -10.5076
3.04569 -10.5076
2.74112 -10.6599
2.43655 -10.8122
2.13198 -10.8122
1.82741 -10.9645
1.52284 -10.9645
1.21827 -10.9645
0.913706 -11.1168
0.609137 -11.1168
0.304569 -11.269
0.152284 -11.269
-0.152284 -11.269
-0.456853 -11.269
-0.761421 -11.4213
-1.06599 -11.4213
-1.37056 -11.4213
-1.67513 -11.4213
-1.82741 -11.4213
-2.13198 -11.5736
-2.43655 -11.5736
-2.74112 -11.5736
-2.8934 -11.5736
-3.19797 -11.5736
-3.50254 -11.5736
-3.65482 -11.5736
-3.95939 -11.5736
-4.26396 -11.5736
-4.41624 -11.5736
-4.72081 -11.5736
-4.8731 -11.5736
-5.17766 -11.5736
-5.32995 -11.5736
-5.63452 -11.5736
-5.93909 -11.5736
-6.09137 -11.5736
-6.39594 -11.5736
-6.54822 -11.5736
-6.85279 -11.5736
-7.00508 -11.5736
-7.30964 -11.5736
-7.46193 -11.5736
-7.7665 -11.4213
-7.91878 -11.4213
-8.07107 -11.4213
-8.37563 -11.4213
-8.52792 -11.4213
-8.83249 -11.269
-8.98477 -11.269
-9.28934 -11.269
-9.44162 -11.269
-9.59391 -11.1168
-9.89848 -11.1168
-10.0508 -10.9645
-10.203 -10.9645
-10.5076 -10.9645
-10.6599 -10.8122
-10.8122 -10.8122
-11.1168 -10.6599
-11.269 -10.6599
-11.4213 -10.5076
-11.7259 -10.5076
-11.8782 -10.3553
-12.0305 -10.3553
-12.1827 -10.203
-12.4873 -10.203
-12.6396 -10.0508
-12.7919 -9.89848
-12.9442 -9.89848
-13.2487 -9.74619
-13.401 -9.74619
-13.5533 -9.59391
-13.7056 -9.44162
-14.0102 -9.44162
-14.1624 -9.28934
-14.3147 -9.28934
-14.467 -9.13706
-14.6193 -8.98477
-14.9239 -8.98477
-15.0761 -8.83249
-15.2284 -8.83249
-15.3807 -8.6802
-15.6853 -8.52792
-15.8376 -8.52792
-15.9898 -8.37563
-16.1421 -8.37563
-16.4467 -8.22335
-16.599 -8.07107
-16.7513 -8.07107
-17.0558 -7.91878
-17.2081 -7.7665
-17.3604 -7.61421
-17.5127 -7.61421
-17.8173 -7.46193
-17.9695 -7.30964
-18.1218 -7.15736
-18.4264 -7.15736
-18.5787 -7.00508
-18.731 -6.85279
-18.8832 -6.70051
-19.1878 -6.54822
-19.3401 -6.39594
-19.4924 -6.24365
-19.6447 -6.09137
-19.9492 -5.93909
-20.1015 -5.7868
-20.2538 -5.63452
-20.4061 -5.48223
-20.5584 -5.32995
-20.8629 -5.17766
-21.0152 -4.8731
-21.1675 -4.72081
-21.3198 -4.56853
-21.4721 -4.41624
-21.6244 -4.11168
-21.7766 -3.95939
-21.9289 -3.80711
-22.0812 -3.50254
-22.2335 -3.35025
-22.3858 -3.04569
-22.5381 -2.8934
-22.6904 -2.74112
-22.8426 -2.43655
-22.9949 -2.13198
-23.1472 -1.9797
-23.1472 -1.67513
-23.2995 -1.52284
-23.4518 -1.21827
-23.4518 -0.913706
-23.6041 -0.761421
-23.7563 -0.456853
-23.7563 -0.152284
-23.9086 0
-23.9086 0.304569
-24.0609 0.609137
-24.0609 0.913706
-24.2132 1.06599
-24.2132 1.37056
-24.2132 1.67513
-24.3655 1.9797
-24.3655 2.28426
-24.5178 2.43655
-24.5178 2.74112
-24.5178 3.04569
-24.6701 3.35025
-24.6701 3.65482
-24.6701 3.95939
-24.6701 4.26396
-24.8223 4.56853
-24.8223 4.8731
-24.8223 5.17766
-24.8223 5.48223
-24.9746 5.7868
-24.9746 6.09137
-24.9746 6.39594
-24.9746 6.85279
-24.9746 7.15736
-24.9746 7.46193
-24.9746 7.7665
-24.9746 8.07107
-24.9746 8.37563
-24.9746 8.83249
-24.9746 9.13706
-24.8223 9.44162
-24.8223 9.74619
-24.8223 10.0508
-24.6701 10.3553
-24.5178 10.8122
-24.5178 11.1168
-24.3655 11.4213
-24.2132 11.7259
-24.0609 12.0305
-23.9086 12.335
-23.7563 12.4873
-23.6041 12.7919
-23.2995 13.0964
-23.1472 13.401
-22.8426 13.5533
-22.6904 13.8579
-22.3858 14.0102
-22.2335 14.3147
-21.9289 14.467
-21.6244 14.6193
-21.3198 14.7716
-21.0152 14.9239
-20.7107 15.0761
-20.4061 15.2284
-20.1015 15.3807
-19.797 15.533
-19.4924 15.533
-19.1878 15.6853
-18.8832 15.6853
-18.4264 15.8376
-18.1218 15.8376
-17.8173 15.8376
-17.5127 15.8376
-17.0558 15.9898
-16.7513 15.9898
-16.4467 15.8376
-16.1421 15.8376
-15.6853 15.8376
-15.3807 15.8376
-15.0761 15.6853
-14.7716 15.6853
-14.467 15.6853
-14.1624 15.533
-13.8579 15.533
-13.5533 15.3807
-13.0964 15.2284
-12.9442 15.2284
-12.6396 15.0761
-12.335 14.9239
-12.0305 14.7716
-11.7259 14.7716
-11.4213 14.6193
-11.1168 14.467
-10.9645 14.3147
-10.6599 14.1624
-10.3553 14.1624
-10.203 14.0102
-9.89848 13.8579
-9.74619 13.7056
-9.44162 13.7056
-9.28934 13.5533
-8.98477 13.401
-8.83249 13.2487
-8.52792 13.2487
-8.37563 13.0964
-8.22335 12.9442
-7.91878 12.9442
-7.7665 12.7919
-7.61421 12.7919
-7.30964 12.6396
-7.15736 12.6396
-7.00508 12.4873
-6.85279 12.335
-6.54822 12.335
-6.39594 12.1827
-6.24365 12.1827
-6.09137 12.0305
-5.7868 12.0305
-5.63452 11.8782
-5.48223 11.8782
-5.32995 11.7259
-5.17766 11.7259
-5.02538 11.5736
-4.72081 11.5736
-4.56853 11.4213
-4.41624 11.4213
-4.26396 11.269
-4.11168 11.269
-3.95939 11.1168
-3.65482 11.1168
-3.50254 10.9645
-3.35025 10.9645
-3.19797 10.8122
-3.04569 10.6599
-2.8934 10.6599
-2.74112 10.5076
-2.43655 10.5076
-2.28426 10.3553
-2.13198 10.3553
-1.9797 10.203
-1.82741 10.203
-1.52284 10.0508
-1.37056 9.89848
-1.21827 9.89848
-1.06599 9.74619
-0.913706 9.74619
-0.609137 9.59391
-0.456853 9.44162
-0.304569 9.44162
-0.152284 9.28934
0.152284 9.13706
0.304569 9.13706
0.456853 8.98477
0.609137 8.83249
0.913706 8.83249
1.06599 8.6802
1.21827 8.52792
1.37056 8.37563
1.67513 8.22335
1.82741 8.07107
1.9797 7.91878
2.13198 7.91878
2.43655 7.7665
2.58883 7.61421
2.74112 7.46193
2.8934 7.15736
3.04569 7.00508
3.19797 6.85279
3.35025 6.70051
3.50254 6.54822
3.80711 6.39594
3.95939 6.09137
3.95939 5.93909
4.11168 5.7868
4.26396 5.63452
4.41624 5.32995
4.56853 5.17766
4.72081 4.8731
4.8731 4.72081
5.02538 4.56853
5.32995 4.26396
5.48223 4.11168
5.63452 3.80711
5.7868 3.65482
6.09137 3.50254
6.24365 3.19797
6.54822 3.04569
6.70051 2.74112
7.00508 2.43655
7.30964 2.28426
7.61421 1.9797
7.91878 1.67513
8.22335 1.37056
