8.6802 1.37056
8.83249 1.06599
9.13706 0.761421
9.44162 0.456853
9.59391 0.152284
9.74619 -0.304569
9.89848 -0.609137
10.0508 -0.913706
10.203 -1.21827
10.3553 -1.67513
10.3553 -1.9797
10.5076 -2.28426
10.5076 -2.58883
10.5076 -3.04569
10.5076 -3.35025
10.5076 -3.65482
10.3553 -4.11168
10.3553 -4.41624
10.203 -4.72081
10.203 -5.02538
10.0508 -5.32995
9.89848 -5.63452
9.74619 -5.93909
9.59391 -6.24365
9.44162 -6.54822
9.13706 -6.85279
8.98477 -7.15736
8.6802 -7.46193
8.52792 -7.61421
8.22335 -7.91878
8.07107 -8.22335
7.7665 -8.37563
7.46193 -8.52792
7.15736 -8.83249
6.85279 -8.98477
6.54822 -9.13706
6.24365 -9.28934
5.93909 -9.59391
5.63452 -9.74619
5.32995 -9.89848
5.02538 -10.0508
4.72081 -10.0508
4.41624 -10.203
4.11168 -10.3553
3.80711 -10.5076
3.50254 -10.5076
3.19797 -10.6599
2.74112 -10.6599
2.43655 -10.8122
2.13198 -10.8122
1.82741 -10.9645
1.52284 -10.9645
1.21827 -11.1168
0.913706 -11.1168
0.609137 -11.1168
0.304569 -11.269
0 -11.269
-0.304569 -11.269
-0.456853 -11.269
-0.761421 -11.4213
-1.06599 -11.4213
-1.37056 -11.4213
-1.67513 -11.4213
-1.9797 -11.4213
-2.13198 -11.4213
-2.43655 -11.5736
-2.74112 -11.5736
-3.04569 -11.5736
-3.19797 -11.5736
-3.50254 -11.5736
-3.80711 -11.5736
-3.95939 -11.5736
-4.26396 -11.5736
-4.56853 -11.5736
-4.72081 -11.5736
-5.02538 -11.5736
-5.17766 -11.5736
-5.48223 -11.5736
-5.7868 -11.5736
-5.93909 -11.5736
-6.24365 -11.5736
-6.39594 -11.5736
-6.70051 -11.5736
-6.85279 -11.5736
-7.15736 -11.4213
-7.30964 -11.4213
-7.61421 -11.4213
-7.7665 -11.4213
-8.07107 -11.4213
-8.22335 -11.4213
-8.52792 -11.4213
-8.6802 -11.269
-8.98477 -11.269
-9.13706 -11.269
-9.28934 -11.269
-9.59391 -11.1168
-9.74619 -11.1168
-10.0508 -11.1168
-10.203 -10.9645
-10.3553 -10.9645
-10.6599 -10.9645
-10.8122 -10.8122
-11.1168 -10.8122
-11.269 -10.6599
-11.4213 -10.6599
-11.7259 -10.5076
-11.8782 -10.5076
-12.0305 -10.3553
-12.1827 -10.3553
-12.4873 -10.203
-12.6396 -10.0508
-12.7919 -10.0508
-13.0964 -9.89848
-13.2487 -9.89848
-13.401 -9.74619
-13.5533 -9.74619
-13.8579 -9.59391
-14.0102 -9.44162
-14.1624 -9.44162
-14.3147 -9.28934
-14.6193 -9.28934
-14.7716 -9.13706
-14.9239 -8.98477
-15.2284 -8.98477
-15.3807 -8.83249
-15.533 -8.6802
-15.6853 -8.6802
-15.9898 -8.52792
-16.1421 -8.52792
-16.2944 -8.37563
-16.599 -8.22335
-16.7513 -8.07107
-16.9036 -8.07107
-17.2081 -7.91878
-17.3604 -7.7665
-17.5127 -7.7665
-17.665 -7.61421
-17.9695 -7.46193
-18.1218 -7.30964
-18.2741 -7.15736
-18.5787 -7.00508
-18.731 -7.00508
-18.8832 -6.85279
-19.0355 -6.70051
-19.3401 -6.54822
-19.4924 -6.39594
-19.6447 -6.24365
-19.797 -6.09137
-19.9492 -5.7868
-20.2538 -5.63452
-20.4061 -5.48223
-20.5584 -5.32995
-20.7107 -5.17766
-20.8629 -5.02538
-21.0152 -4.72081
-21.1675 -4.56853
-21.3198 -4.41624
-21.4721 -4.11168
-21.6244 -3.95939
-21.7766 -3.80711
-21.9289 -3.50254
-22.0812 -3.35025
-22.2335 -3.04569
-22.3858 -2.8934
-22.5381 -2.58883
-22.5381 -2.43655
-22.6904 -2.13198
-22.8426 -1.9797
-22.9949 -1.67513
-22.9949 -1.52284
-23.1472 -1.21827
-23.2995 -0.913706
-23.2995 -0.761421
-23.4518 -0.456853
-23.6041 -0.152284
-23.6041 0
-23.7563 0.304569
-23.7563 0.609137
-23.9086 0.761421
-23.9086 1.06599
-24.0609 1.37056
-24.0609 1.67513
-24.2132 1.9797
-24.2132 2.13198
-24.2132 2.43655
-24.3655 2.74112
-24.3655 3.04569
-24.5178 3.35025
-24.5178 3.65482
-24.5178 3.95939
-24.6701 4.26396
-24.6701 4.56853
-24.6701 4.8731
-24.6701 5.17766
-24.8223 5.48223
-24.8223 5.7868
-24.8223 6.09137
-24.8223 6.39594
-24.8223 6.70051
-24.9746 7.00508
-24.9746 7.30964
-24.9746 7.61421
-24.9746 8.07107
-24.9746 8.37563
-24.8223 8.6802
-24.8223 8.98477
-24.8223 9.28934
-24.6701 9.59391
-24.6701 10.0508
-24.6701 10.3553
-24.5178 10.6599
-24.3655 10.9645
-24.2132 11.269
-24.2132 11.5736
-24.0609 11.8782
-23.9086 12.1827
-23.7563 12.4873
-23.4518 12.6396
-23.2995 12.9442
-23.1472 13.2487
-22.8426 13.401
-22.6904 13.7056
-22.3858 13.8579
-22.0812 14.1624
-21.9289 14.3147
-21.6244 14.467
-21.3198 14.6193
-21.0152 14.7716
-20.7107 14.9239
-20.4061 15.0761
-20.1015 15.2284
-19.797 15.3807
-19.4924 15.3807
-19.1878 15.533
-18.731 15.533
-18.4264 15.6853
-18.1218 15.6853
-17.8173 15.6853
-17.5127 15.6853
-17.0558 15.8376
-16.7513 15.8376
-16.4467 15.8376
-16.1421 15.6853
-15.8376 15.6853
-15.3807 15.6853
-15.0761 15.6853
-14.7716 15.533
-14.467 15.533
-14.1624 15.3807
-13.8579 15.3807
-13.5533 15.2284
-13.2487 15.2284
-12.9442 15.0761
-12.6396 14.9239
-12.335 14.9239
-12.0305 14.7716
-11.7259 14.6193
-11.5736 14.467
-11.269 14.467
-10.9645 14.3147
-10.6599 14.1624
-10.5076 14.0102
-10.203 14.0102
-10.0508 13.8579
-9.74619 13.7056
-9.59391 13.5533
-9.28934 13.5533
-9.13706 13.401
-8.83249 13.2487
-8.6802 13.2487
-8.52792 13.0964
-8.22335 13.0964
-8.07107 12.9442
-7.91878 12.7919
-7.61421 12.7919
-7.46193 12.6396
-7.30964 12.6396
-7.15736 12.4873
-6.85279 12.4873
-6.70051 12.335
-6.54822 12.335
-6.39594 12.1827
-6.24365 12.1827
-5.93909 12.0305
-5.7868 12.0305
-5.63452 11.8782
-5.48223 11.8782
-5.32995 11.7259
-5.17766 11.7259
-4.8731 11.5736
-4.72081 11.5736
-4.56853 11.4213
-4.41624 11.4213
-4.26396 11.269
-4.11168 11.269
-3.95939 11.1168
-3.80711 11.1168
-3.50254 10.9645
-3.35025 10.9645
-3.19797 10.8122
-3.04569 10.8122
-2.8934 10.6599
-2.74112 10.5076
-2.58883 10.5076
-2.43655 10.3553
-2.13198 10.3553
-1.9797 10.203
-1.82741 10.203
-1.67513 10.0508
-1.52284 9.89848
-1.37056 9.89848
-1.21827 9.74619
-0.913706 9.74619
-0.761421 9.59391
-0.609137 9.44162
-0.456853 9.44162
-0.304569 9.28934
0 9.13706
0.152284 9.13706
0.304569 8.98477
0.456853 8.83249
0.609137 8.83249
0.913706 8.6802
1.06599 8.52792
1.21827 8.37563
1.37056 8.37563
1.67513 8.22335
1.82741 8.07107
1.9797 7.91878
2.13198 7.7665
2.43655 7.61421
2.58883 7.46193
2.74112 7.30964
2.8934 7.15736
3.04569 7.00508
3.19797 6.85279
3.35025 6.70051
3.50254 6.39594
3.65482 6.24365
3.80711 6.09137
3.95939 5.93909
4.11168 5.7868
4.26396 5.48223
4.41624 5.32995
4.56853 5.17766
4.8731 4.8731
5.02538 4.72081
5.17766 4.56853
5.32995 4.26396
5.48223 4.11168
5.63452 3.80711
5.93909 3.65482
6.09137 3.35025
6.39594 3.19797
6.54822 2.8934
6.85279 2.74112
7.15736 2.43655
7.46193 2.13198
7.7665 1.9797
8.07107 1.67513
