8.83249 1.21827
9.13706 0.913706
9.44162 0.609137
9.59391 0.304569
9.89848 0
10.0508 -0.304569
10.203 -0.761421
10.3553 -1.06599
10.3553 -1.37056
10.5076 -1.82741
10.5076 -2.13198
10.6599 -2.43655
10.6599 -2.74112
10.6599 -3.19797
10.6599 -3.50254
10.5076 -3.80711
10.5076 -4.26396
10.3553 -4.56853
10.3553 -4.8731
10.203 -5.17766
10.0508 -5.48223
9.89848 -5.7868
9.74619 -6.09137
9.59391 -6.39594
9.44162 -6.70051
9.13706 -7.00508
8.98477 -7.30964
8.6802 -7.46193
8.52792 -7.7665
8.22335 -8.07107
7.91878 -8.22335
7.7665 -8.52792
7.46193 -8.6802
7.15736 -8.83249
6.85279 -9.13706
6.54822 -9.28934
6.24365 -9.44162
5.93909 -9.59391
5.63452 -9.74619
5.32995 -9.89848
5.02538 -10.0508
4.56853 -10.203
4.26396 -10.203
3.95939 -10.3553
3.65482 -10.5076
3.35025 -10.5076
3.04569 -10.6599
2.74112 -10.8122
2.43655 -10.8122
2.13198 -10.9645
1.82741 -10.9645
1.52284 -10.9645
1.21827 -11.1168
0.913706 -11.1168
0.609137 -11.269
0.304569 -11.269
0 -11.269
-0.304569 -11.269
-0.609137 -11.4213
-0.913706 -11.4213
-1.21827 -11.4213
-1.37056 -11.4213
-1.67513 -11.4213
-1.9797 -11.4213
-2.28426 -11.5736
-2.58883 -11.5736
-2.74112 -11.5736
-3.04569 -11.5736
-3.35025 -11.5736
-3.50254 -11.5736
-3.80711 -11.5736
-4.11168 -11.5736
-4.26396 -11.5736
-4.56853 -11.5736
-4.72081 -11.5736
-5.02538 -11.5736
-5.32995 -11.5736
-5.48223 -11.5736
-5.7868 -11.5736
-5.93909 -11.5736
-6.24365 -11.5736
-6.39594 -11.5736
-6.70051 -11.5736
-6.85279 -11.5736
-7.15736 -11.5736
-7.30964 -11.5736
-7.61421 -11.4213
-7.7665 -11.4213
-8.07107 -11.4213
-8.22335 -11.4213
-8.52792 -11.4213
-8.6802 -11.4213
-8.98477 -11.269
-9.13706 -11.269
-9.28934 -11.269
-9.59391 -11.1168
-9.74619 -11.1168
-10.0508 -11.1168
-10.203 -10.9645
-10.3553 -10.9645
-10.6599 -10.8122
-10.8122 -10.8122
-10.9645 -10.6599
-11.269 -10.6599
-11.4213 -10.5076
-11.5736 -10.5076
-11.8782 -10.3553
-12.0305 -10.3553
-12.1827 -10.203
-12.335 -10.203
-12.6396 -10.0508
-12.7919 -10.0508
-12.9442 -9.89848
-13.0964 -9.74619
-13.401 -9.74619
-13.5533 -9.59391
-13.7056 -9.59391
-13.8579 -9.44162
-14.1624 -9.28934
-14.3147 -9.28934
-14.467 -9.13706
-14.6193 -9.13706
-14.9239 -8.98477
-15.0761 -8.83249
-15.2284 -8.83249
-15.3807 -8.6802
-15.6853 -8.52792
-15.8376 -8.52792
-15.9898 -8.37563
-16.1421 -8.37563
-16.4467 -8.22335
-16.599 -8.07107
-16.7513 -8.07107
-17.0558 -7.91878
-17.2081 -7.7665
-17.3604 -7.61421
-17.665 -7.61421
-17.8173 -7.46193
-17.9695 -7.30964
-18.1218 -7.15736
-18.4264 -7.00508
-18.5787 -7.00508
-18.731 -6.85279
-18.8832 -6.70051
-19.1878 -6.54822
-19.3401 -6.39594
-19.4924 -6.24365
-19.6447 -6.09137
-19.9492 -5.93909
-20.1015 -5.7868
-20.2538 -5.48223
-20.4061 -5.32995
-20.5584 -5.17766
-20.7107 -5.02538
-20.8629 -4.8731
-21.0152 -4.56853
-21.1675 -4.41624
-21.4721 -4.26396
-21.6244 -3.95939
-21.7766 -3.80711
-21.7766 -3.65482
-21.9289 -3.35025
-22.0812 -3.19797
-22.2335 -2.8934
-22.3858 -2.74112
-22.5381 -2.58883
-22.6904 -2.28426
-22.6904 -1.9797
-22.8426 -1.82741
-22.9949 -1.52284
-23.1472 -1.37056
-23.1472 -1.06599
-23.2995 -0.761421
-23.4518 -0.609137
-23.4518 -0.304569
-23.6041 0
-23.6041 0.152284
-23.7563 0.456853
-23.7563 0.761421
-23.9086 0.913706
-23.9086 1.21827
-24.0609 1.52284
-24.0609 1.82741
-24.0609 2.13198
-24.2132 2.28426
-24.2132 2.58883
-24.3655 2.8934
-24.3655 3.19797
-24.3655 3.50254
-24.3655 3.80711
-24.5178 4.11168
-24.5178 4.41624
-24.5178 4.72081
-24.6701 5.02538
-24.6701 5.32995
-24.6701 5.63452
-24.6701 5.93909
-24.6701 6.24365
-24.8223 6.54822
-24.8223 6.85279
-24.8223 7.15736
-24.8223 7.46193
-24.8223 7.91878
-24.8223 8.22335
-24.8223 8.52792
-24.6701 8.83249
-24.6701 9.13706
-24.6701 9.44162
-24.5178 9.74619
-24.5178 10.203
-24.3655 10.5076
-24.3655 10.8122
-24.2132 11.1168
-24.0609 11.4213
-23.9086 11.7259
-23.7563 12.0305
-23.6041 12.1827
-23.4518 12.4873
-23.2995 12.7919
-22.9949 13.0964
-22.8426 13.2487
-22.5381 13.5533
-22.3858 13.7056
-22.0812 14.0102
-21.7766 14.1624
-21.4721 14.3147
-21.3198 14.467
-21.0152 14.6193
-20.7107 14.7716
-20.4061 14.9239
-20.1015 15.0761
-19.797 15.2284
-19.4924 15.2284
-19.1878 15.3807
-18.731 15.533
-18.4264 15.533
-18.1218 15.533
-17.8173 15.6853
-17.5127 15.6853
-17.2081 15.6853
-16.7513 15.6853
-16.4467 15.6853
-16.1421 15.6853
-15.8376 15.6853
-15.533 15.533
-15.0761 15.533
-14.7716 15.533
-14.467 15.3807
-14.1624 15.3807
-13.8579 15.2284
-13.5533 15.2284
-13.2487 15.0761
-12.9442 14.9239
-12.6396 14.9239
-12.335 14.7716
-12.0305 14.6193
-11.7259 14.6193
-11.5736 14.467
-11.269 14.3147
-10.9645 14.1624
-10.6599 14.0102
-10.5076 14.0102
-10.203 13.8579
-10.0508 13.7056
-9.74619 13.7056
-9.59391 13.5533
-9.28934 13.401
-9.13706 13.401
-8.83249 13.2487
-8.6802 13.0964
-8.52792 13.0964
-8.22335 12.9442
-8.07107 12.9442
-7.91878 12.7919
-7.61421 12.7919
-7.46193 12.6396
-7.30964 12.6396
-7.15736 12.4873
-6.85279 12.4873
-6.70051 12.335
-6.54822 12.335
-6.39594 12.335
-6.09137 12.1827
-5.93909 12.1827
-5.7868 12.0305
-5.63452 12.0305
-5.48223 11.8782
-5.17766 11.8782
-5.02538 11.7259
-4.8731 11.7259
-4.72081 11.5736
-4.56853 11.5736
-4.41624 11.4213
-4.11168 11.4213
-3.95939 11.269
-3.80711 11.269
-3.65482 11.1168
-3.50254 11.1168
-3.35025 10.9645
-3.19797 10.8122
-2.8934 10.8122
-2.74112 10.6599
-2.58883 10.6599
-2.43655 10.5076
-2.28426 10.3553
-2.13198 10.3553
-1.9797 10.203
-1.82741 10.203
-1.52284 10.0508
-1.37056 9.89848
-1.21827 9.89848
-1.06599 9.74619
-0.913706 9.74619
-0.761421 9.59391
-0.456853 9.44162
-0.304569 9.44162
-0.152284 9.28934
0 9.13706
0.304569 9.13706
0.456853 8.98477
0.609137 8.83249
0.761421 8.83249
1.06599 8.6802
1.21827 8.52792
1.37056 8.37563
1.52284 8.22335
1.82741 8.22335
1.9797 8.07107
2.13198 7.91878
2.28426 7.7665
2.58883 7.61421
2.74112 7.46193
2.8934 7.30964
3.04569 7.15736
3.19797 7.00508
3.50254 6.85279
3.65482 6.54822
3.80711 6.39594
3.95939 6.24365
4.11168 6.09137
4.26396 5.93909
4.41624 5.63452
4.56853 5.48223
4.72081 5.32995
4.8731 5.02538
5.02538 4.8731
5.17766 4.72081
5.32995 4.41624
5.48223 4.26396
5.7868 3.95939
5.93909 3.80711
6.09137 3.50254
6.39594 3.35025
6.54822 3.04569
6.85279 2.8934
7.15736 2.58883
7.30964 2.28426
7.61421 2.13198
7.91878 1.82741
8.22335 1.52284
