9.44162 0.761421
9.74619 0.456853
10.0508 0.152284
10.3553 -0.152284
10.6599 -0.456853
10.8122 -0.761421
10.9645 -1.21827
11.269 -1.52284
11.4213 -1.9797
11.5736 -2.28426
11.5736 -2.58883
11.7259 -3.04569
11.7259 -3.35025
11.7259 -3.80711
11.7259 -4.11168
11.7259 -4.41624
11.7259 -4.8731
11.5736 -5.17766
11.5736 -5.48223
11.4213 -5.93909
11.269 -6.24365
11.1168 -6.54822
10.9645 -6.85279
10.8122 -7.15736
10.5076 -7.46193
10.3553 -7.7665
10.0508 -7.91878
9.74619 -8.22335
9.44162 -8.52792
9.13706 -8.6802
8.83249 -8.98477
8.52792 -9.13706
8.22335 -9.28934
7.7665 -9.44162
7.46193 -9.59391
7.15736 -9.74619
6.70051 -9.89848
6.39594 -10.0508
6.09137 -10.203
5.63452 -10.203
5.32995 -10.3553
4.8731 -10.5076
4.56853 -10.5076
4.11168 -10.5076
3.80711 -10.6599
3.50254 -10.6599
3.19797 -10.8122
2.74112 -10.8122
2.43655 -10.8122
2.13198 -10.8122
1.82741 -10.9645
1.52284 -10.9645
1.21827 -10.9645
0.913706 -11.1168
0.609137 -11.1168
0.304569 -11.1168
0 -11.1168
-0.152284 -11.269
-0.456853 -11.269
-0.761421 -11.269
-1.06599 -11.269
-1.21827 -11.4213
-1.52284 -11.4213
-1.82741 -11.4213
-1.9797 -11.4213
-2.28426 -11.5736
-2.58883 -11.5736
-2.74112 -11.5736
-3.04569 -11.5736
-3.19797 -11.5736
-3.50254 -11.7259
-3.65482 -11.7259
-3.95939 -11.7259
-4.26396 -11.7259
-4.41624 -11.7259
-4.72081 -11.7259
-4.8731 -11.7259
-5.17766 -11.7259
-5.32995 -11.7259
-5.63452 -11.7259
-5.7868 -11.7259
-6.09137 -11.7259
-6.24365 -11.7259
-6.54822 -11.7259
-6.70051 -11.7259
-7.00508 -11.7259
-7.15736 -11.5736
-7.46193 -11.5736
-7.61421 -11.5736
-7.7665 -11.5736
-8.07107 -11.5736
-8.22335 -11.4213
-8.52792 -11.4213
-8.6802 -11.4213
-8.83249 -11.269
-9.13706 -11.269
-9.28934 -11.269
-9.44162 -11.1168
-9.74619 -11.1168
-9.89848 -11.1168
-10.0508 -10.9645
-10.3553 -10.9645
-10.5076 -10.8122
-10.6599 -10.8122
-10.9645 -10.8122
-11.1168 -10.6599
-11.269 -10.6599
-11.5736 -10.5076
-11.7259 -10.5076
-11.8782 -10.3553
-12.0305 -10.3553
-12.335 -10.203
-12.4873 -10.203
-12.6396 -10.0508
-12.7919 -9.89848
-13.0964 -9.89848
-13.2487 -9.74619
-13.401 -9.74619
-13.5533 -9.59391
-13.7056 -9.59391
-14.0102 -9.44162
-14.1624 -9.28934
-14.3147 -9.28934
-14.467 -9.13706
-14.7716 -9.13706
-14.9239 -8.98477
-15.0761 -8.83249
-15.2284 -8.83249
-15.533 -8.6802
-15.6853 -8.52792
-15.8376 -8.52792
-15.9898 -8.37563
-16.2944 -8.22335
-16.4467 -8.22335
-16.599 -8.07107
-16.7513 -7.91878
-17.0558 -7.91878
-17.2081 -7.7665
-17.3604 -7.61421
-17.665 -7.46193
-17.8173 -7.30964
-17.9695 -7.15736
-18.1218 -7.15736
-18.4264 -7.00508
-18.5787 -6.85279
-18.731 -6.70051
-18.8832 -6.54822
-19.1878 -6.39594
-19.3401 -6.24365
-19.4924 -6.09137
-19.6447 -5.93909
-19.9492 -5.7868
-20.1015 -5.63452
-20.2538 -5.32995
-20.4061 -5.17766
-20.5584 -5.02538
-20.8629 -4.8731
-21.0152 -4.72081
-21.1675 -4.41624
-21.3198 -4.26396
-21.4721 -4.11168
-21.6244 -3.80711
-21.7766 -3.65482
-21.9289 -3.50254
-22.0812 -3.19797
-22.2335 -3.04569
-22.3858 -2.74112
-22.5381 -2.58883
-22.6904 -2.28426
-22.8426 -1.9797
-22.8426 -1.82741
-22.9949 -1.52284
-23.1472 -1.37056
-23.2995 -1.06599
-23.2995 -0.761421
-23.4518 -0.456853
-23.6041 -0.304569
-23.6041 0
-23.7563 0.304569
-23.7563 0.609137
-23.9086 0.761421
-24.0609 1.06599
-24.0609 1.37056
-24.0609 1.67513
-24.2132 1.9797
-24.2132 2.28426
-24.3655 2.58883
-24.3655 2.8934
-24.5178 3.19797
-24.5178 3.50254
-24.5178 3.80711
-24.6701 4.11168
-24.6701 4.41624
-24.6701 4.72081
-24.8223 5.02538
-24.8223 5.32995
-24.8223 5.63452
-24.8223 5.93909
-24.8223 6.24365
-24.9746 6.70051
-24.9746 7.00508
-24.9746 7.30964
-24.9746 7.61421
-24.8223 7.91878
-24.8223 8.37563
-24.8223 8.6802
-24.8223 8.98477
-24.6701 9.28934
-24.6701 9.59391
-24.5178 10.0508
-24.5178 10.3553
-24.3655 10.6599
-24.2132 10.9645
-24.0609 11.269
-23.9086 11.5736
-23.7563 11.8782
-23.6041 12.1827
-23.4518 12.4873
-23.1472 12.6396
-22.9949 12.9442
-22.6904 13.0964
-22.5381 13.401
-22.2335 13.5533
-21.9289 13.8579
-21.6244 14.0102
-21.4721 14.1624
-21.1675 14.3147
-20.8629 14.467
-20.5584 14.6193
-20.1015 14.7716
-19.797 14.9239
-19.4924 14.9239
-19.1878 15.0761
-18.8832 15.0761
-18.4264 15.2284
-18.1218 15.2284
-17.8173 15.2284
-17.5127 15.3807
-17.0558 15.3807
-16.7513 15.3807
-16.4467 15.3807
-15.9898 15.2284
-15.6853 15.2284
-15.3807 15.2284
-15.0761 15.2284
-14.7716 15.0761
-14.3147 15.0761
-14.0102 14.9239
-13.7056 14.9239
-13.401 14.7716
-13.0964 14.6193
-12.7919 14.6193
-12.4873 14.467
-12.1827 14.3147
-11.8782 14.3147
-11.5736 14.1624
-11.269 14.0102
-11.1168 13.8579
-10.8122 13.8579
-10.5076 13.7056
-10.3553 13.5533
-10.0508 13.5533
-9.74619 13.401
-9.59391 13.2487
-9.28934 13.2487
-9.13706 13.0964
-8.83249 12.9442
-8.6802 12.9442
-8.52792 12.9442
-8.22335 12.7919
-8.07107 12.7919
-7.7665 12.6396
-7.61421 12.6396
-7.46193 12.6396
-7.15736 12.4873
-7.00508 12.4873
-6.85279 12.4873
-6.54822 12.335
-6.39594 12.335
-6.24365 12.335
-6.09137 12.1827
-5.7868 12.1827
-5.63452 12.1827
-5.48223 12.0305
-5.17766 12.0305
-5.02538 12.0305
-4.8731 11.8782
-4.72081 11.8782
-4.41624 11.7259
-4.26396 11.7259
-4.11168 11.5736
-3.95939 11.5736
-3.80711 11.4213
-3.50254 11.269
-3.35025 11.269
-3.19797 11.1168
-3.04569 11.1168
-2.8934 10.9645
-2.74112 10.8122
-2.58883 10.6599
-2.43655 10.6599
-2.28426 10.5076
-2.13198 10.3553
-1.82741 10.3553
-1.67513 10.203
-1.52284 10.0508
-1.37056 9.89848
-1.21827 9.89848
-1.06599 9.74619
-0.913706 9.59391
-0.761421 9.59391
-0.609137 9.44162
-0.456853 9.28934
-0.152284 9.28934
0 9.13706
0.152284 8.98477
0.304569 8.98477
0.456853 8.83249
0.761421 8.6802
0.913706 8.52792
1.06599 8.52792
1.37056 8.37563
1.52284 8.22335
1.67513 8.22335
1.82741 8.07107
2.13198 7.91878
2.28426 7.7665
2.43655 7.61421
2.74112 7.46193
2.8934 7.30964
3.04569 7.30964
3.19797 7.15736
3.50254 6.85279
3.65482 6.70051
3.80711 6.54822
3.95939 6.39594
4.11168 6.24365
4.26396 6.09137
4.41624 5.93909
4.56853 5.63452
4.72081 5.48223
4.8731 5.32995
5.02538 5.02538
5.17766 4.8731
5.32995 4.72081
5.48223 4.41624
5.63452 4.26396
5.7868 3.95939
5.93909 3.80711
6.09137 3.65482
6.39594 3.35025
6.54822 3.19797
6.70051 2.8934
7.00508 2.74112
7.30964 2.43655
7.46193 2.13198
7.7665 1.9797
8.07107 1.67513
8.52792 1.37056
8.83249 1.06599
