9.28934 0.913706
9.59391 0.609137
9.89848 0.152284
10.0508 -0.152284
10.3553 -0.456853
10.5076 -0.761421
10.6599 -1.06599
10.8122 -1.37056
10.8122 -1.82741
10.9645 -2.13198
10.9645 -2.43655
10.9645 -2.8934
10.9645 -3.19797
10.9645 -3.50254
10.8122 -3.80711
10.8122 -4.11168
10.6599 -4.56853
10.5076 -4.8731
10.5076 -5.17766
10.3553 -5.48223
10.203 -5.7868
10.0508 -6.09137
9.74619 -6.39594
9.59391 -6.54822
9.44162 -6.85279
9.13706 -7.15736
8.98477 -7.46193
8.6802 -7.61421
8.37563 -7.91878
8.22335 -8.07107
7.91878 -8.37563
7.61421 -8.52792
7.30964 -8.6802
7.15736 -8.98477
6.85279 -9.13706
6.54822 -9.28934
6.24365 -9.44162
5.93909 -9.59391
5.63452 -9.74619
5.32995 -9.89848
5.02538 -10.0508
4.72081 -10.203
4.41624 -10.3553
4.11168 -10.3553
3.80711 -10.5076
3.50254 -10.6599
3.19797 -10.6599
2.8934 -10.8122
2.58883 -10.8122
2.28426 -10.9645
1.9797 -10.9645
1.67513 -11.1168
1.37056 -11.1168
1.06599 -11.1168
0.761421 -11.269
0.609137 -11.269
0.304569 -11.269
0 -11.4213
-0.304569 -11.4213
-0.609137 -11.4213
-0.913706 -11.4213
-1.06599 -11.5736
-1.37056 -11.5736
-1.67513 -11.5736
-1.9797 -11.5736
-2.13198 -11.5736
-2.43655 -11.5736
-2.74112 -11.5736
-2.8934 -11.5736
-3.19797 -11.5736
-3.35025 -11.5736
-3.65482 -11.5736
-3.95939 -11.7259
-4.11168 -11.7259
-4.41624 -11.7259
-4.56853 -11.7259
-4.8731 -11.7259
-5.02538 -11.7259
-5.32995 -11.7259
-5.48223 -11.7259
-5.7868 -11.7259
-5.93909 -11.7259
-6.24365 -11.5736
-6.39594 -11.5736
-6.70051 -11.5736
-6.85279 -11.5736
-7.15736 -11.5736
-7.30964 -11.5736
-7.46193 -11.5736
-7.7665 -11.5736
-7.91878 -11.5736
-8.22335 -11.4213
-8.37563 -11.4213
-8.6802 -11.4213
-8.83249 -11.4213
-8.98477 -11.269
-9.28934 -11.269
-9.44162 -11.269
-9.59391 -11.1168
-9.89848 -11.1168
-10.0508 -11.1168
-10.203 -10.9645
-10.5076 -10.9645
-10.6599 -10.8122
-10.8122 -10.8122
-11.1168 -10.8122
-11.269 -10.6599
-11.4213 -10.6599
-11.7259 -10.5076
-11.8782 -10.5076
-12.0305 -10.3553
-12.1827 -10.203
-12.4873 -10.203
-12.6396 -10.0508
-12.7919 -10.0508
-12.9442 -9.89848
-13.2487 -9.89848
-13.401 -9.74619
-13.5533 -9.59391
-13.7056 -9.59391
-13.8579 -9.44162
-14.1624 -9.44162
-14.3147 -9.28934
-14.467 -9.13706
-14.6193 -9.13706
-14.9239 -8.98477
-15.0761 -8.83249
-15.2284 -8.83249
-15.3807 -8.6802
-15.6853 -8.52792
-15.8376 -8.52792
-15.9898 -8.37563
-16.1421 -8.22335
-16.2944 -8.22335
-16.599 -8.07107
-16.7513 -7.91878
-16.9036 -7.7665
-17.2081 -7.7665
-17.3604 -7.61421
-17.5127 -7.46193
-17.665 -7.30964
-17.9695 -7.15736
-18.1218 -7.00508
-18.2741 -7.00508
-18.4264 -6.85279
-18.731 -6.70051
-18.8832 -6.54822
-19.0355 -6.39594
-19.1878 -6.24365
-19.4924 -6.09137
-19.6447 -5.93909
-19.797 -5.7868
-19.9492 -5.63452
-20.2538 -5.32995
-20.4061 -5.17766
-20.5584 -5.02538
-20.7107 -4.8731
-20.8629 -4.72081
-21.1675 -4.41624
-21.3198 -4.26396
-21.4721 -4.11168
-21.6244 -3.80711
-21.7766 -3.65482
-21.9289 -3.35025
-22.0812 -3.19797
-22.2335 -2.8934
-22.3858 -2.74112
-22.5381 -2.43655
-22.5381 -2.28426
-22.6904 -1.9797
-22.8426 -1.82741
-22.9949 -1.52284
-22.9949 -1.21827
-23.1472 -1.06599
-23.2995 -0.761421
-23.2995 -0.456853
-23.4518 -0.304569
-23.4518 0
-23.6041 0.304569
-23.6041 0.609137
-23.7563 0.913706
-23.7563 1.06599
-23.9086 1.37056
-23.9086 1.67513
-23.9086 1.9797
-24.0609 2.28426
-24.0609 2.58883
-24.2132 2.8934
-24.2132 3.19797
-24.2132 3.50254
-24.3655 3.65482
-24.3655 3.95939
-24.3655 4.41624
-24.3655 4.72081
-24.5178 5.02538
-24.5178 5.32995
-24.5178 5.63452
-24.6701 5.93909
-24.6701 6.24365
-24.6701 6.54822
-24.6701 7.00508
-24.6701 7.30964
-24.6701 7.61421
-24.6701 7.91878
-24.6701 8.22335
-24.6701 8.6802
-24.6701 8.98477
-24.5178 9.28934
-24.5178 9.59391
-24.5178 10.0508
-24.3655 10.3553
-24.2132 10.6599
-24.2132 10.9645
-24.0609 11.269
-23.9086 11.5736
-23.7563 11.8782
-23.6041 12.1827
-23.2995 12.4873
-23.1472 12.7919
-22.9949 12.9442
-22.6904 13.2487
-22.5381 13.401
-22.2335 13.7056
-21.9289 13.8579
-21.6244 14.1624
-21.3198 14.3147
-21.1675 14.467
-20.8629 14.6193
-20.4061 14.7716
-20.1015 14.9239
-19.797 14.9239
-19.4924 15.0761
-19.1878 15.2284
-18.8832 15.2284
-18.4264 15.3807
-18.1218 15.3807
-17.8173 15.3807
-17.3604 15.3807
-17.0558 15.3807
-16.7513 15.3807
-16.4467 15.3807
-15.9898 15.3807
-15.6853 15.3807
-15.3807 15.3807
-14.9239 15.2284
-14.6193 15.2284
-14.3147 15.0761
-14.0102 15.0761
-13.7056 14.9239
-13.401 14.9239
-13.0964 14.7716
-12.7919 14.6193
-12.4873 14.6193
-12.1827 14.467
-11.8782 14.3147
-11.5736 14.1624
-11.269 14.0102
-10.9645 14.0102
-10.6599 13.8579
-10.5076 13.7056
-10.203 13.5533
-9.89848 13.401
-9.74619 13.401
-9.44162 13.2487
-9.28934 13.0964
-8.98477 13.0964
-8.83249 12.9442
-8.52792 12.7919
-8.37563 12.7919
-8.22335 12.6396
-7.91878 12.6396
-7.7665 12.4873
-7.61421 12.4873
-7.30964 12.335
-7.15736 12.335
-7.00508 12.335
-6.70051 12.1827
-6.54822 12.1827
-6.39594 12.0305
-6.24365 12.0305
-5.93909 12.0305
-5.7868 11.8782
-5.63452 11.8782
-5.48223 11.8782
-5.17766 11.7259
-5.02538 11.7259
-4.8731 11.5736
-4.72081 11.5736
-4.56853 11.5736
-4.26396 11.4213
-4.11168 11.4213
-3.95939 11.269
-3.80711 11.269
-3.65482 11.1168
-3.50254 10.9645
-3.19797 10.9645
-3.04569 10.8122
-2.8934 10.8122
-2.74112 10.6599
-2.58883 10.5076
-2.43655 10.5076
-2.28426 10.3553
-2.13198 10.3553
-1.82741 10.203
-1.67513 10.0508
-1.52284 10.0508
-1.37056 9.89848
-1.21827 9.74619
-1.06599 9.74619
-0.913706 9.59391
-0.761421 9.44162
-0.456853 9.44162
-0.304569 9.28934
-0.152284 9.28934
0 9.13706
0.152284 8.98477
0.456853 8.98477
0.609137 8.83249
0.761421 8.6802
0.913706 8.6802
1.21827 8.52792
1.37056 8.37563
1.52284 8.22335
1.67513 8.22335
1.9797 8.07107
2.13198 7.91878
2.28426 7.7665
2.43655 7.61421
2.74112 7.46193
2.8934 7.30964
3.04569 7.15736
3.19797 7.00508
3.50254 6.85279
3.65482 6.70051
3.80711 6.54822
3.95939 6.39594
4.11168 6.24365
4.26396 6.09137
4.41624 5.93909
4.56853 5.63452
4.72081 5.48223
4.8731 5.32995
5.02538 5.02538
5.17766 4.8731
5.32995 4.72081
5.48223 4.41624
5.7868 4.26396
5.93909 4.11168
6.09137 3.80711
6.24365 3.65482
6.39594 3.35025
6.70051 3.19797
6.85279 2.8934
7.00508 2.74112
7.30964 2.43655
7.61421 2.13198
7.7665 1.9797
8.07107 1.67513
8.37563 1.37056
8.6802 1.06599
