9.59391 0.609137
10.0508 0.304569
10.3553 0
10.6599 -0.304569
10.9645 -0.609137
11.1168 -1.06599
11.4213 -1.37056
11.5736 -1.67513
11.7259 -2.13198
11.8782 -2.43655
11.8782 -2.8934
12.0305 -3.19797
12.0305 -3.50254
12.0305 -3.95939
12.0305 -4.26396
12.0305 -4.56853
11.8782 -5.02538
11.8782 -5.32995
11.7259 -5.63452
11.5736 -5.93909
11.4213 -6.24365
11.269 -6.70051
10.9645 -6.85279
10.8122 -7.15736
10.5076 -7.46193
10.3553 -7.7665
10.0508 -8.07107
9.74619 -8.22335
9.44162 -8.52792
9.13706 -8.6802
8.83249 -8.83249
8.52792 -9.13706
8.22335 -9.28934
7.7665 -9.44162
7.46193 -9.59391
7.15736 -9.74619
6.70051 -9.89848
6.39594 -9.89848
6.09137 -10.0508
5.63452 -10.203
5.32995 -10.203
5.02538 -10.3553
4.56853 -10.3553
4.26396 -10.5076
3.95939 -10.5076
3.65482 -10.6599
3.19797 -10.6599
2.8934 -10.6599
2.58883 -10.8122
2.28426 -10.8122
1.9797 -10.8122
1.67513 -10.9645
1.37056 -10.9645
1.21827 -10.9645
0.913706 -11.1168
0.609137 -11.1168
0.304569 -11.1168
0 -11.269
-0.152284 -11.269
-0.456853 -11.269
-0.761421 -11.4213
-0.913706 -11.4213
-1.21827 -11.4213
-1.37056 -11.5736
-1.67513 -11.5736
-1.9797 -11.5736
-2.13198 -11.7259
-2.43655 -11.7259
-2.58883 -11.7259
-2.8934 -11.7259
-3.04569 -11.7259
-3.35025 -11.8782
-3.65482 -11.8782
-3.80711 -11.8782
-4.11168 -11.8782
-4.26396 -11.8782
-4.56853 -11.8782
-4.72081 -11.8782
-5.02538 -11.8782
-5.17766 -11.8782
-5.48223 -11.8782
-5.63452 -11.8782
-5.93909 -11.8782
-6.09137 -11.7259
-6.39594 -11.7259
-6.54822 -11.7259
-6.70051 -11.7259
-7.00508 -11.7259
-7.15736 -11.5736
-7.46193 -11.5736
-7.61421 -11.5736
-7.91878 -11.5736
-8.07107 -11.4213
-8.22335 -11.4213
-8.52792 -11.4213
-8.6802 -11.4213
-8.83249 -11.269
-9.13706 -11.269
-9.28934 -11.269
-9.44162 -11.1168
-9.74619 -11.1168
-9.89848 -11.1168
-10.0508 -10.9645
-10.3553 -10.9645
-10.5076 -10.8122
-10.6599 -10.8122
-10.9645 -10.8122
-11.1168 -10.6599
-11.269 -10.6599
-11.4213 -10.5076
-11.7259 -10.5076
-11.8782 -10.3553
-12.0305 -10.3553
-12.1827 -10.203
-12.4873 -10.203
-12.6396 -10.0508
-12.7919 -10.0508
-12.9442 -9.89848
-13.2487 -9.89848
-13.401 -9.74619
-13.5533 -9.74619
-13.7056 -9.59391
-14.0102 -9.59391
-14.1624 -9.44162
-14.3147 -9.28934
-14.467 -9.28934
-14.7716 -9.13706
-14.9239 -8.98477
-15.0761 -8.98477
-15.2284 -8.83249
-15.3807 -8.6802
-15.6853 -8.52792
-15.8376 -8.52792
-15.9898 -8.37563
-16.1421 -8.22335
-16.4467 -8.07107
-16.599 -8.07107
-16.7513 -7.91878
-16.9036 -7.7665
-17.2081 -7.61421
-17.3604 -7.46193
-17.5127 -7.46193
-17.665 -7.30964
-17.9695 -7.15736
-18.1218 -7.00508
-18.2741 -6.85279
-18.4264 -6.70051
-18.731 -6.54822
-18.8832 -6.39594
-19.0355 -6.24365
-19.3401 -6.09137
-19.4924 -5.93909
-19.6447 -5.7868
-19.797 -5.63452
-20.1015 -5.48223
-20.2538 -5.32995
-20.4061 -5.02538
-20.7107 -4.8731
-20.8629 -4.72081
-21.0152 -4.56853
-21.1675 -4.26396
-21.3198 -4.11168
-21.4721 -3.95939
-21.7766 -3.65482
-21.9289 -3.50254
-22.0812 -3.19797
-22.2335 -3.04569
-22.3858 -2.74112
-22.3858 -2.58883
-22.5381 -2.28426
-22.6904 -1.9797
-22.8426 -1.82741
-22.9949 -1.52284
-22.9949 -1.21827
-23.1472 -1.06599
-23.1472 -0.761421
-23.2995 -0.456853
-23.4518 -0.152284
-23.4518 0
-23.4518 0.304569
-23.6041 0.609137
-23.6041 0.913706
-23.7563 1.21827
-23.7563 1.52284
-23.9086 1.67513
-23.9086 1.9797
-23.9086 2.28426
-24.0609 2.58883
-24.0609 2.8934
-24.0609 3.19797
-24.0609 3.50254
-24.2132 3.80711
-24.2132 4.11168
-24.2132 4.41624
-24.3655 4.72081
-24.3655 5.02538
-24.3655 5.48223
-24.3655 5.7868
-24.5178 6.09137
-24.5178 6.39594
-24.5178 6.70051
-24.5178 7.15736
-24.5178 7.46193
-24.5178 7.7665
-24.5178 8.07107
-24.5178 8.52792
-24.5178 8.83249
-24.3655 9.13706
-24.3655 9.44162
-24.3655 9.89848
-24.2132 10.203
-24.0609 10.5076
-24.0609 10.8122
-23.9086 11.1168
-23.7563 11.4213
-23.6041 11.7259
-23.4518 12.0305
-23.1472 12.335
-22.9949 12.6396
-22.8426 12.9442
-22.5381 13.0964
-22.2335 13.401
-22.0812 13.5533
-21.7766 13.7056
-21.4721 14.0102
-21.1675 14.1624
-20.8629 14.3147
-20.5584 14.467
-20.2538 14.6193
-19.9492 14.7716
-19.6447 14.9239
-19.1878 14.9239
-18.8832 15.0761
-18.5787 15.0761
-18.2741 15.2284
-17.8173 15.2284
-17.5127 15.2284
-17.2081 15.2284
-16.7513 15.3807
-16.4467 15.3807
-16.1421 15.2284
-15.6853 15.2284
-15.3807 15.2284
-15.0761 15.2284
-14.7716 15.0761
-14.3147 15.0761
-14.0102 15.0761
-13.7056 14.9239
-13.401 14.9239
-13.0964 14.7716
-12.7919 14.6193
-12.4873 14.6193
-12.1827 14.467
-11.8782 14.3147
-11.5736 14.3147
-11.269 14.1624
-10.9645 14.0102
-10.6599 13.8579
-10.3553 13.7056
-10.203 13.7056
-9.89848 13.5533
-9.59391 13.401
-9.44162 13.2487
-9.13706 13.2487
-8.98477 13.0964
-8.6802 12.9442
-8.52792 12.9442
-8.22335 12.7919
-8.07107 12.6396
-7.7665 12.6396
-7.61421 12.4873
-7.46193 12.4873
-7.15736 12.335
-7.00508 12.335
-6.85279 12.1827
-6.54822 12.1827
-6.39594 12.0305
-6.24365 12.0305
-6.09137 12.0305
-5.7868 11.8782
-5.63452 11.8782
-5.48223 11.7259
-5.32995 11.7259
-5.02538 11.5736
-4.8731 11.5736
-4.72081 11.5736
-4.56853 11.4213
-4.41624 11.4213
-4.11168 11.269
-3.95939 11.269
-3.80711 11.1168
-3.65482 11.1168
-3.50254 10.9645
-3.19797 10.8122
-3.04569 10.8122
-2.8934 10.6599
-2.74112 10.6599
-2.58883 10.5076
-2.43655 10.5076
-2.28426 10.3553
-2.13198 10.203
-1.82741 10.203
-1.67513 10.0508
-1.52284 9.89848
-1.37056 9.89848
-1.21827 9.74619
-1.06599 9.74619
-0.913706 9.59391
-0.761421 9.44162
-0.456853 9.44162
-0.304569 9.28934
-0.152284 9.13706
0 9.13706
0.152284 8.98477
0.304569 8.83249
0.609137 8.83249
0.761421 8.6802
0.913706 8.52792
1.06599 8.52792
1.37056 8.37563
1.52284 8.22335
1.67513 8.22335
1.82741 8.07107
2.13198 7.91878
2.28426 7.7665
2.43655 7.61421
2.58883 7.46193
2.74112 7.46193
3.04569 7.30964
3.19797 7.15736
3.35025 7.00508
3.50254 6.85279
3.65482 6.70051
3.95939 6.54822
4.11168 6.39594
4.26396 6.09137
4.41624 5.93909
4.56853 5.7868
4.72081 5.63452
4.8731 5.48223
5.02538 5.17766
5.17766 5.02538
5.32995 4.8731
5.48223 4.56853
5.63452 4.41624
5.7868 4.26396
5.93909 3.95939
6.09137 3.80711
6.24365 3.50254
6.39594 3.35025
6.70051 3.19797
6.85279 2.8934
7.00508 2.74112
7.30964 2.43655
7.46193 2.13198
7.7665 1.9797
8.07107 1.67513
8.37563 1.52284
8.6802 1.21827
8.98477 0.913706
