7.91878 0.913706
8.37563 0.609137
8.83249 0.304569
9.28934 0
9.74619 -0.304569
10.0508 -0.761421
10.3553 -1.06599
10.6599 -1.37056
10.9645 -1.82741
11.1168 -2.13198
11.269 -2.43655
11.4213 -2.8934
11.5736 -3.19797
11.5736 -3.65482
11.5736 -3.95939
11.7259 -4.26396
11.5736 -4.72081
11.5736 -5.02538
11.5736 -5.32995
11.4213 -5.7868
11.269 -6.09137
11.1168 -6.39594
10.9645 -6.70051
10.8122 -7.00508
10.6599 -7.30964
10.3553 -7.61421
10.0508 -7.91878
9.89848 -8.07107
9.59391 -8.37563
9.28934 -8.52792
8.98477 -8.83249
8.6802 -8.98477
8.37563 -9.13706
7.91878 -9.28934
7.61421 -9.44162
7.30964 -9.59391
6.85279 -9.74619
6.54822 -9.89848
6.24365 -10.0508
5.7868 -10.203
5.48223 -10.203
5.17766 -10.3553
4.72081 -10.3553
4.41624 -10.5076
4.11168 -10.5076
3.65482 -10.6599
3.35025 -10.6599
3.04569 -10.6599
2.74112 -10.8122
2.43655 -10.8122
2.13198 -10.8122
1.82741 -10.9645
1.52284 -10.9645
1.21827 -10.9645
0.913706 -11.1168
0.609137 -11.1168
0.304569 -11.1168
0.152284 -11.269
-0.152284 -11.269
-0.456853 -11.269
-0.761421 -11.4213
-0.913706 -11.4213
-1.21827 -11.4213
-1.52284 -11.4213
-1.67513 -11.5736
-1.9797 -11.5736
-2.13198 -11.5736
-2.43655 -11.5736
-2.74112 -11.7259
-2.8934 -11.7259
-3.19797 -11.7259
-3.35025 -11.7259
-3.65482 -11.7259
-3.95939 -11.7259
-4.11168 -11.8782
-4.41624 -11.8782
-4.56853 -11.8782
-4.8731 -11.8782
-5.02538 -11.8782
-5.32995 -11.8782
-5.48223 -11.8782
-5.7868 -11.7259
-5.93909 -11.7259
-6.24365 -11.7259
-6.39594 -11.7259
-6.70051 -11.7259
-6.85279 -11.7259
-7.15736 -11.7259
-7.30964 -11.5736
-7.61421 -11.5736
-7.7665 -11.5736
-7.91878 -11.5736
-8.22335 -11.4213
-8.37563 -11.4213
-8.6802 -11.4213
-8.83249 -11.4213
-8.98477 -11.269
-9.28934 -11.269
-9.44162 -11.269
-9.59391 -11.1168
-9.89848 -11.1168
-10.0508 -10.9645
-10.203 -10.9645
-10.5076 -10.9645
-10.6599 -10.8122
-10.8122 -10.8122
-11.1168 -10.6599
-11.269 -10.6599
-11.4213 -10.5076
-11.7259 -10.5076
-11.8782 -10.3553
-12.0305 -10.3553
-12.1827 -10.203
-12.4873 -10.203
-12.6396 -10.0508
-12.7919 -10.0508
-12.9442 -9.89848
-13.2487 -9.74619
-13.401 -9.74619
-13.5533 -9.59391
-13.7056 -9.59391
-14.0102 -9.44162
-14.1624 -9.28934
-14.3147 -9.28934
-14.467 -9.13706
-14.7716 -8.98477
-14.9239 -8.98477
-15.0761 -8.83249
-15.2284 -8.6802
-15.3807 -8.6802
-15.6853 -8.52792
-15.8376 -8.37563
-15.9898 -8.37563
-16.1421 -8.22335
-16.4467 -8.07107
-16.599 -7.91878
-16.7513 -7.7665
-16.9036 -7.7665
-17.2081 -7.61421
-17.3604 -7.46193
-17.5127 -7.30964
-17.665 -7.15736
-17.9695 -7.00508
-18.1218 -6.85279
-18.2741 -6.85279
-18.4264 -6.70051
-18.731 -6.54822
-18.8832 -6.39594
-19.0355 -6.24365
-19.1878 -6.09137
-19.4924 -5.93909
-19.6447 -5.7868
-19.797 -5.48223
-19.9492 -5.32995
-20.2538 -5.17766
-20.4061 -5.02538
-20.5584 -4.8731
-20.7107 -4.72081
-20.8629 -4.41624
-21.1675 -4.26396
-21.3198 -4.11168
-21.4721 -3.80711
-21.6244 -3.65482
-21.7766 -3.35025
-21.9289 -3.19797
-22.0812 -2.8934
-22.2335 -2.74112
-22.3858 -2.43655
-22.5381 -2.28426
-22.5381 -1.9797
-22.6904 -1.82741
-22.8426 -1.52284
-22.9949 -1.21827
-22.9949 -1.06599
-23.1472 -0.761421
-23.2995 -0.456853
-23.2995 -0.152284
-23.4518 0
-23.4518 0.304569
-23.6041 0.609137
-23.6041 0.913706
-23.7563 1.21827
-23.7563 1.37056
-23.7563 1.67513
-23.9086 1.9797
-23.9086 2.28426
-24.0609 2.58883
-24.0609 2.8934
-24.0609 3.19797
-24.2132 3.50254
-24.2132 3.80711
-24.2132 4.11168
-24.2132 4.41624
-24.3655 4.72081
-24.3655 5.02538
-24.3655 5.32995
-24.3655 5.63452
-24.5178 5.93909
-24.5178 6.24365
-24.5178 6.70051
-24.5178 7.00508
-24.5178 7.30964
-24.5178 7.61421
-24.5178 7.91878
-24.5178 8.37563
-24.3655 8.6802
-24.3655 8.98477
-24.3655 9.28934
-24.2132 9.59391
-24.2132 9.89848
-24.0609 10.3553
-23.9086 10.6599
-23.9086 10.9645
-23.7563 11.269
-23.6041 11.5736
-23.4518 11.8782
-23.2995 12.1827
-22.9949 12.335
-22.8426 12.6396
-22.5381 12.9442
-22.3858 13.0964
-22.0812 13.401
-21.9289 13.5533
-21.6244 13.7056
-21.3198 14.0102
-21.0152 14.1624
-20.7107 14.3147
-20.4061 14.467
-20.1015 14.6193
-19.797 14.7716
-19.4924 14.7716
-19.1878 14.9239
-18.8832 15.0761
-18.4264 15.0761
-18.1218 15.2284
-17.8173 15.2284
-17.5127 15.2284
-17.0558 15.2284
-16.7513 15.2284
-16.4467 15.2284
-16.1421 15.2284
-15.6853 15.2284
-15.3807 15.2284
-15.0761 15.2284
-14.7716 15.0761
-14.3147 15.0761
-14.0102 15.0761
-13.7056 14.9239
-13.401 14.9239
-13.0964 14.7716
-12.7919 14.6193
-12.4873 14.6193
-12.1827 14.467
-11.8782 14.3147
-11.5736 14.3147
-11.269 14.1624
-10.9645 14.0102
-10.8122 13.8579
-10.5076 13.7056
-10.203 13.7056
-10.0508 13.5533
-9.74619 13.401
-9.44162 13.2487
-9.28934 13.2487
-8.98477 13.0964
-8.83249 12.9442
-8.52792 12.9442
-8.37563 12.7919
-8.22335 12.6396
-7.91878 12.6396
-7.7665 12.4873
-7.61421 12.4873
-7.30964 12.335
-7.15736 12.335
-7.00508 12.1827
-6.70051 12.1827
-6.54822 12.0305
-6.39594 12.0305
-6.24365 11.8782
-5.93909 11.8782
-5.7868 11.8782
-5.63452 11.7259
-5.48223 11.7259
-5.32995 11.5736
-5.02538 11.5736
-4.8731 11.5736
-4.72081 11.4213
-4.56853 11.4213
-4.41624 11.269
-4.11168 11.269
-3.95939 11.1168
-3.80711 11.1168
-3.65482 10.9645
-3.50254 10.9645
-3.35025 10.8122
-3.19797 10.8122
-2.8934 10.6599
-2.74112 10.6599
-2.58883 10.5076
-2.43655 10.5076
-2.28426 10.3553
-2.13198 10.203
-1.9797 10.203
-1.82741 10.0508
-1.52284 10.0508
-1.37056 9.89848
-1.21827 9.89848
-1.06599 9.74619
-0.913706 9.59391
-0.761421 9.59391
-0.609137 9.44162
-0.304569 9.44162
-0.152284 9.28934
0 9.13706
0.152284 9.13706
0.304569 8.98477
0.609137 8.83249
0.761421 8.83249
0.913706 8.6802
1.06599 8.52792
1.37056 8.52792
1.52284 8.37563
1.67513 8.22335
1.82741 8.07107
2.13198 8.07107
2.28426 7.91878
2.43655 7.7665
2.58883 7.61421
2.8934 7.46193
3.04569 7.30964
3.19797 7.15736
3.35025 7.00508
3.65482 6.85279
3.80711 6.70051
3.95939 6.54822
4.11168 6.39594
4.26396 6.24365
4.56853 6.09137
4.72081 5.93909
4.8731 5.7868
5.02538 5.48223
5.17766 5.32995
5.32995 5.17766
5.48223 4.8731
5.63452 4.72081
5.7868 4.56853
5.93909 4.26396
6.09137 4.11168
6.24365 3.80711
6.39594 3.65482
6.54822 3.35025
6.70051 3.19797
6.85279 2.8934
7.00508 2.74112
7.15736 2.43655
7.30964 2.13198
7.30964 1.9797
7.46193 1.67513
7.61421 1.37056
7.7665 1.06599
