9.59391 0.609137
9.89848 0.304569
10.0508 0
10.3553 -0.304569
10.5076 -0.609137
10.6599 -0.913706
10.8122 -1.37056
10.9645 -1.67513
11.1168 -1.9797
11.269 -2.43655
11.4213 -2.74112
11.4213 -3.04569
11.4213 -3.50254
11.5736 -3.80711
11.5736 -4.11168
11.5736 -4.56853
11.4213 -4.8731
11.4213 -5.17766
11.4213 -5.48223
11.269 -5.7868
11.1168 -6.24365
10.9645 -6.54822
10.8122 -6.85279
10.6599 -7.15736
10.5076 -7.46193
10.203 -7.61421
10.0508 -7.91878
9.74619 -8.22335
9.44162 -8.37563
9.13706 -8.6802
8.83249 -8.83249
8.52792 -9.13706
8.22335 -9.28934
7.91878 -9.44162
7.61421 -9.59391
7.30964 -9.74619
6.85279 -9.89848
6.54822 -10.0508
6.24365 -10.203
5.93909 -10.203
5.48223 -10.3553
5.17766 -10.3553
4.8731 -10.5076
4.41624 -10.5076
4.11168 -10.6599
3.80711 -10.6599
3.50254 -10.8122
3.04569 -10.8122
2.74112 -10.8122
2.43655 -10.9645
2.13198 -10.9645
1.82741 -10.9645
1.52284 -11.1168
1.37056 -11.1168
1.06599 -11.1168
0.761421 -11.269
0.456853 -11.269
0.152284 -11.269
0 -11.269
-0.304569 -11.4213
-0.609137 -11.4213
-0.913706 -11.4213
-1.06599 -11.4213
-1.37056 -11.5736
-1.52284 -11.5736
-1.82741 -11.5736
-2.13198 -11.5736
-2.28426 -11.7259
-2.58883 -11.7259
-2.74112 -11.7259
-3.04569 -11.7259
-3.19797 -11.7259
-3.50254 -11.7259
-3.80711 -11.7259
-3.95939 -11.8782
-4.26396 -11.8782
-4.41624 -11.8782
-4.72081 -11.8782
-4.8731 -11.8782
-5.17766 -11.8782
-5.32995 -11.8782
-5.63452 -11.7259
-5.7868 -11.7259
-5.93909 -11.7259
-6.24365 -11.7259
-6.39594 -11.7259
-6.70051 -11.7259
-6.85279 -11.7259
-7.15736 -11.5736
-7.30964 -11.5736
-7.46193 -11.5736
-7.7665 -11.5736
-7.91878 -11.4213
-8.22335 -11.4213
-8.37563 -11.4213
-8.52792 -11.4213
-8.83249 -11.269
-8.98477 -11.269
-9.13706 -11.269
-9.44162 -11.1168
-9.59391 -11.1168
-9.74619 -11.1168
-10.0508 -10.9645
-10.203 -10.9645
-10.3553 -10.8122
-10.6599 -10.8122
-10.8122 -10.8122
-10.9645 -10.6599
-11.1168 -10.6599
-11.4213 -10.5076
-11.5736 -10.5076
-11.7259 -10.3553
-11.8782 -10.3553
-12.1827 -10.203
-12.335 -10.203
-12.4873 -10.0508
-12.6396 -10.0508
-12.9442 -9.89848
-13.0964 -9.89848
-13.2487 -9.74619
-13.401 -9.59391
-13.7056 -9.59391
-13.8579 -9.44162
-14.0102 -9.44162
-14.1624 -9.28934
-14.467 -9.13706
-14.6193 -9.13706
-14.7716 -8.98477
-14.9239 -8.83249
-15.2284 -8.83249
-15.3807 -8.6802
-15.533 -8.52792
-15.6853 -8.52792
-15.8376 -8.37563
-16.1421 -8.22335
-16.2944 -8.07107
-16.4467 -8.07107
-16.599 -7.91878
-16.9036 -7.7665
-17.0558 -7.61421
-17.2081 -7.46193
-17.3604 -7.46193
-17.665 -7.30964
-17.8173 -7.15736
-17.9695 -7.00508
-18.2741 -6.85279
-18.4264 -6.70051
-18.5787 -6.54822
-18.731 -6.39594
-19.0355 -6.24365
-19.1878 -6.09137
-19.3401 -5.93909
-19.6447 -5.7868
-19.797 -5.63452
-19.9492 -5.48223
-20.1015 -5.32995
-20.2538 -5.02538
-20.5584 -4.8731
-20.7107 -4.72081
-20.8629 -4.56853
-21.0152 -4.26396
-21.1675 -4.11168
-21.3198 -3.95939
-21.4721 -3.65482
-21.7766 -3.50254
-21.9289 -3.19797
-21.9289 -3.04569
-22.0812 -2.74112
-22.2335 -2.58883
-22.3858 -2.28426
-22.5381 -1.9797
-22.6904 -1.82741
-22.6904 -1.52284
-22.8426 -1.21827
-22.9949 -1.06599
-22.9949 -0.761421
-23.1472 -0.456853
-23.1472 -0.152284
-23.2995 0
-23.2995 0.304569
-23.4518 0.609137
-23.4518 0.913706
-23.6041 1.21827
-23.6041 1.52284
-23.7563 1.67513
-23.7563 1.9797
-23.7563 2.28426
-23.9086 2.58883
-23.9086 2.8934
-23.9086 3.19797
-24.0609 3.50254
-24.0609 3.80711
-24.0609 4.11168
-24.2132 4.41624
-24.2132 4.72081
-24.2132 5.02538
-24.2132 5.48223
-24.3655 5.7868
-24.3655 6.09137
-24.3655 6.39594
-24.3655 6.70051
-24.3655 7.00508
-24.3655 7.46193
-24.3655 7.7665
-24.3655 8.07107
-24.3655 8.37563
-24.2132 8.83249
-24.2132 9.13706
-24.2132 9.44162
-24.0609 9.74619
-24.0609 10.0508
-23.9086 10.5076
-23.7563 10.8122
-23.6041 11.1168
-23.4518 11.4213
-23.2995 11.7259
-23.1472 12.0305
-22.9949 12.335
-22.8426 12.4873
-22.5381 12.7919
-22.3858 13.0964
-22.0812 13.2487
-21.7766 13.5533
-21.6244 13.7056
-21.3198 13.8579
-21.0152 14.1624
-20.7107 14.3147
-20.4061 14.467
-20.1015 14.6193
-19.797 14.7716
-19.4924 14.7716
-19.1878 14.9239
-18.8832 15.0761
-18.4264 15.0761
-18.1218 15.2284
-17.8173 15.2284
-17.3604 15.2284
-17.0558 15.3807
-16.7513 15.3807
-16.4467 15.3807
-15.9898 15.3807
-15.6853 15.3807
-15.3807 15.2284
-14.9239 15.2284
-14.6193 15.2284
-14.3147 15.0761
-14.0102 15.0761
-13.5533 14.9239
-13.2487 14.9239
-12.9442 14.7716
-12.6396 14.6193
-12.335 14.6193
-12.0305 14.467
-11.7259 14.3147
-11.4213 14.1624
-11.1168 14.1624
-10.8122 14.0102
-10.6599 13.8579
-10.3553 13.7056
-10.0508 13.5533
-9.74619 13.401
-9.59391 13.401
-9.28934 13.2487
-9.13706 13.0964
-8.83249 12.9442
-8.6802 12.9442
-8.37563 12.7919
-8.22335 12.6396
-7.91878 12.6396
-7.7665 12.4873
-7.46193 12.4873
-7.30964 12.335
-7.15736 12.335
-6.85279 12.1827
-6.70051 12.1827
-6.54822 12.0305
-6.39594 12.0305
-6.09137 12.0305
-5.93909 11.8782
-5.7868 11.8782
-5.63452 11.7259
-5.32995 11.7259
-5.17766 11.7259
-5.02538 11.5736
-4.8731 11.5736
-4.56853 11.4213
-4.41624 11.4213
-4.26396 11.269
-4.11168 11.269
-3.95939 11.1168
-3.65482 11.1168
-3.50254 10.9645
-3.35025 10.9645
-3.19797 10.8122
-3.04569 10.8122
-2.8934 10.6599
-2.74112 10.5076
-2.43655 10.5076
-2.28426 10.3553
-2.13198 10.3553
-1.9797 10.203
-1.82741 10.0508
-1.67513 10.0508
-1.52284 9.89848
-1.37056 9.89848
-1.21827 9.74619
-0.913706 9.59391
-0.761421 9.59391
-0.609137 9.44162
-0.456853 9.28934
-0.304569 9.28934
-0.152284 9.13706
0 9.13706
0.304569 8.98477
0.456853 8.83249
0.609137 8.83249
0.761421 8.6802
1.06599 8.52792
1.21827 8.52792
1.37056 8.37563
1.67513 8.22335
1.82741 8.22335
1.9797 8.07107
2.13198 7.91878
2.43655 7.7665
2.58883 7.7665
2.74112 7.61421
3.04569 7.46193
3.19797 7.30964
3.35025 7.15736
3.50254 7.00508
3.80711 6.85279
3.95939 6.70051
4.11168 6.54822
4.26396 6.39594
4.41624 6.24365
4.56853 5.93909
4.72081 5.7868
4.8731 5.63452
5.02538 5.48223
5.17766 5.17766
5.32995 5.02538
5.48223 4.8731
5.63452 4.56853
5.63452 4.41624
5.7868 4.26396
5.93909 3.95939
6.09137 3.80711
6.24365 3.50254
6.54822 3.35025
6.70051 3.04569
6.85279 2.8934
7.00508 2.58883
7.30964 2.43655
7.46193 2.13198
7.7665 1.9797
8.07107 1.67513
8.37563 1.37056
8.6802 1.21827
8.98477 0.913706
