9.44162 0.913706
9.59391 0.609137
9.89848 0.304569
10.0508 0
10.3553 -0.304569
10.5076 -0.761421
10.6599 -1.06599
10.8122 -1.37056
10.9645 -1.67513
11.1168 -2.13198
11.269 -2.43655
11.269 -2.74112
11.4213 -3.19797
11.4213 -3.50254
11.4213 -3.95939
11.4213 -4.26396
11.4213 -4.56853
11.4213 -4.8731
11.4213 -5.32995
11.269 -5.63452
11.1168 -5.93909
11.1168 -6.24365
10.9645 -6.54822
10.6599 -6.85279
10.5076 -7.15736
10.3553 -7.46193
10.0508 -7.7665
9.89848 -8.07107
9.59391 -8.37563
9.28934 -8.52792
8.98477 -8.83249
8.6802 -8.98477
8.37563 -9.13706
8.07107 -9.28934
7.7665 -9.59391
7.46193 -9.74619
7.00508 -9.89848
6.70051 -9.89848
6.39594 -10.0508
6.09137 -10.203
5.63452 -10.3553
5.32995 -10.3553
5.02538 -10.5076
4.56853 -10.5076
4.26396 -10.6599
3.95939 -10.6599
3.50254 -10.8122
3.19797 -10.8122
2.8934 -10.8122
2.58883 -10.9645
2.28426 -10.9645
1.9797 -10.9645
1.67513 -11.1168
1.37056 -11.1168
1.06599 -11.1168
0.761421 -11.269
0.456853 -11.269
0.304569 -11.269
0 -11.4213
-0.304569 -11.4213
-0.609137 -11.4213
-0.761421 -11.4213
-1.06599 -11.5736
-1.37056 -11.5736
-1.52284 -11.5736
-1.82741 -11.5736
-2.13198 -11.7259
-2.28426 -11.7259
-2.58883 -11.7259
-2.8934 -11.7259
-3.04569 -11.7259
-3.35025 -11.7259
-3.50254 -11.7259
-3.80711 -11.8782
-4.11168 -11.8782
-4.26396 -11.8782
-4.56853 -11.8782
-4.72081 -11.8782
-5.02538 -11.8782
-5.17766 -11.8782
-5.48223 -11.8782
-5.63452 -11.8782
-5.93909 -11.7259
-6.09137 -11.7259
-6.39594 -11.7259
-6.54822 -11.7259
-6.85279 -11.7259
-7.00508 -11.7259
-7.30964 -11.5736
-7.46193 -11.5736
-7.61421 -11.5736
-7.91878 -11.5736
-8.07107 -11.4213
-8.37563 -11.4213
-8.52792 -11.4213
-8.6802 -11.269
-8.98477 -11.269
-9.13706 -11.269
-9.44162 -11.1168
-9.59391 -11.1168
-9.74619 -10.9645
-10.0508 -10.9645
-10.203 -10.8122
-10.3553 -10.8122
-10.5076 -10.6599
-10.8122 -10.6599
-10.9645 -10.5076
-11.1168 -10.5076
-11.4213 -10.3553
-11.5736 -10.3553
-11.7259 -10.203
-11.8782 -10.203
-12.1827 -10.0508
-12.335 -10.0508
-12.4873 -9.89848
-12.6396 -9.74619
-12.7919 -9.74619
-13.0964 -9.59391
-13.2487 -9.59391
-13.401 -9.44162
-13.5533 -9.44162
-13.8579 -9.28934
-14.0102 -9.28934
-14.1624 -9.13706
-14.3147 -8.98477
-14.6193 -8.98477
-14.7716 -8.83249
-14.9239 -8.83249
-15.2284 -8.6802
-15.3807 -8.52792
-15.533 -8.52792
-15.6853 -8.37563
-15.9898 -8.22335
-16.1421 -8.22335
-16.2944 -8.07107
-16.599 -7.91878
-16.7513 -7.91878
-16.9036 -7.7665
-17.2081 -7.61421
-17.3604 -7.46193
-17.5127 -7.30964
-17.665 -7.30964
-17.9695 -7.15736
-18.1218 -7.00508
-18.2741 -6.85279
-18.4264 -6.70051
-18.731 -6.54822
-18.8832 -6.39594
-19.0355 -6.24365
-19.1878 -6.09137
-19.3401 -5.93909
-19.6447 -5.63452
-19.797 -5.48223
-19.9492 -5.32995
-20.1015 -5.17766
-20.2538 -5.02538
-20.4061 -4.72081
-20.5584 -4.56853
-20.7107 -4.41624
-20.8629 -4.26396
-21.0152 -3.95939
-21.1675 -3.80711
-21.3198 -3.50254
-21.4721 -3.35025
-21.6244 -3.04569
-21.7766 -2.8934
-21.9289 -2.58883
-22.0812 -2.43655
-22.2335 -2.13198
-22.2335 -1.9797
-22.3858 -1.67513
-22.5381 -1.52284
-22.6904 -1.21827
-22.6904 -0.913706
-22.8426 -0.761421
-22.9949 -0.456853
-23.1472 -0.152284
-23.1472 0.152284
-23.2995 0.304569
-23.2995 0.609137
-23.4518 0.913706
-23.4518 1.21827
-23.6041 1.37056
-23.7563 1.67513
-23.7563 1.9797
-23.7563 2.28426
-23.9086 2.58883
-23.9086 2.8934
-24.0609 3.19797
-24.0609 3.50254
-24.0609 3.80711
-24.2132 4.11168
-24.2132 4.41624
-24.2132 4.72081
-24.3655 5.02538
-24.3655 5.32995
-24.3655 5.63452
-24.3655 5.93909
-24.3655 6.39594
-24.5178 6.70051
-24.5178 7.00508
-24.5178 7.30964
-24.3655 7.61421
-24.3655 7.91878
-24.3655 8.37563
-24.3655 8.6802
-24.3655 8.98477
-24.2132 9.28934
-24.2132 9.59391
-24.0609 9.89848
-23.9086 10.3553
-23.9086 10.6599
-23.7563 10.9645
-23.6041 11.269
-23.4518 11.5736
-23.2995 11.8782
-23.1472 12.0305
-22.8426 12.335
-22.6904 12.6396
-22.5381 12.7919
-22.2335 13.0964
-21.9289 13.401
-21.7766 13.5533
-21.4721 13.7056
-21.1675 14.0102
-20.8629 14.1624
-20.7107 14.3147
-20.4061 14.467
-20.1015 14.6193
-19.797 14.7716
-19.3401 14.9239
-19.0355 14.9239
-18.731 15.0761
-18.4264 15.0761
-18.1218 15.2284
-17.8173 15.2284
-17.3604 15.3807
-17.0558 15.3807
-16.7513 15.3807
-16.4467 15.3807
-15.9898 15.3807
-15.6853 15.3807
-15.3807 15.3807
-15.0761 15.2284
-14.6193 15.2284
-14.3147 15.2284
-14.0102 15.0761
-13.7056 15.0761
-13.401 14.9239
-13.0964 14.7716
-12.7919 14.7716
-12.4873 14.6193
-12.1827 14.467
-11.8782 14.467
-11.5736 14.3147
-11.269 14.1624
-10.9645 14.0102
-10.6599 13.8579
-10.3553 13.8579
-10.203 13.7056
-9.89848 13.5533
-9.74619 13.401
-9.44162 13.401
-9.13706 13.2487
-8.98477 13.0964
-8.6802 12.9442
-8.52792 12.9442
-8.37563 12.7919
-8.07107 12.7919
-7.91878 12.6396
-7.61421 12.6396
-7.46193 12.4873
-7.30964 12.4873
-7.15736 12.335
-6.85279 12.335
-6.70051 12.1827
-6.54822 12.1827
-6.24365 12.0305
-6.09137 12.0305
-5.93909 12.0305
-5.7868 11.8782
-5.48223 11.8782
-5.32995 11.7259
-5.17766 11.7259
-5.02538 11.7259
-4.8731 11.5736
-4.56853 11.5736
-4.41624 11.4213
-4.26396 11.4213
-4.11168 11.269
-3.95939 11.269
-3.80711 11.1168
-3.50254 11.1168
-3.35025 10.9645
-3.19797 10.9645
-3.04569 10.8122
-2.8934 10.8122
-2.74112 10.6599
-2.58883 10.5076
-2.43655 10.5076
-2.13198 10.3553
-1.9797 10.3553
-1.82741 10.203
-1.67513 10.0508
-1.52284 10.0508
-1.37056 9.89848
-1.21827 9.89848
-1.06599 9.74619
-0.913706 9.59391
-0.609137 9.59391
-0.456853 9.44162
-0.304569 9.44162
-0.152284 9.28934
0 9.13706
0.304569 9.13706
0.456853 8.98477
0.609137 8.98477
0.761421 8.83249
1.06599 8.6802
1.21827 8.6802
1.37056 8.52792
1.67513 8.37563
1.82741 8.37563
1.9797 8.22335
2.28426 8.07107
2.43655 7.91878
2.58883 7.91878
2.8934 7.7665
3.04569 7.61421
3.19797 7.46193
3.50254 7.30964
3.65482 7.15736
3.80711 7.00508
3.95939 6.85279
4.11168 6.70051
4.26396 6.54822
4.56853 6.24365
4.72081 6.09137
4.8731 5.93909
4.8731 5.7868
5.02538 5.48223
5.17766 5.32995
5.32995 5.17766
5.48223 4.8731
5.63452 4.72081
5.7868 4.56853
5.93909 4.26396
6.09137 4.11168
6.24365 3.80711
6.39594 3.65482
6.54822 3.35025
6.70051 3.19797
7.00508 2.8934
7.15736 2.74112
7.46193 2.43655
7.61421 2.28426
7.91878 1.9797
8.22335 1.67513
8.52792 1.52284
8.83249 1.21827
