9.59391 0.609137
9.89848 0.304569
10.0508 0
10.3553 -0.304569
10.5076 -0.609137
10.8122 -0.913706
10.9645 -1.21827
11.1168 -1.67513
11.269 -1.9797
11.4213 -2.28426
11.4213 -2.74112
11.5736 -3.04569
11.5736 -3.35025
11.5736 -3.80711
11.5736 -4.11168
11.5736 -4.41624
11.5736 -4.72081
11.5736 -5.17766
11.4213 -5.48223
11.269 -5.7868
11.269 -6.09137
11.1168 -6.39594
10.8122 -6.70051
10.6599 -7.00508
10.5076 -7.30964
10.203 -7.61421
10.0508 -7.91878
9.74619 -8.07107
9.44162 -8.37563
9.28934 -8.52792
8.98477 -8.83249
8.6802 -8.98477
8.37563 -9.13706
7.91878 -9.44162
7.61421 -9.59391
7.30964 -9.74619
7.00508 -9.89848
6.70051 -9.89848
6.24365 -10.0508
5.93909 -10.203
5.63452 -10.3553
5.17766 -10.3553
4.8731 -10.5076
4.56853 -10.5076
4.26396 -10.6599
3.95939 -10.6599
3.50254 -10.8122
3.19797 -10.8122
2.8934 -10.8122
2.58883 -10.9645
2.28426 -10.9645
1.9797 -10.9645
1.67513 -11.1168
1.37056 -11.1168
1.21827 -11.1168
0.913706 -11.269
0.609137 -11.269
0.304569 -11.269
0 -11.4213
-0.152284 -11.4213
-0.456853 -11.4213
-0.761421 -11.5736
-0.913706 -11.5736
-1.21827 -11.5736
-1.52284 -11.5736
-1.67513 -11.7259
-1.9797 -11.7259
-2.13198 -11.7259
-2.43655 -11.7259
-2.74112 -11.7259
-2.8934 -11.8782
-3.19797 -11.8782
-3.35025 -11.8782
-3.65482 -11.8782
-3.80711 -11.8782
-4.11168 -11.8782
-4.26396 -11.8782
-4.56853 -11.8782
-4.72081 -11.8782
-5.02538 -11.8782
-5.17766 -11.8782
-5.48223 -11.8782
-5.63452 -11.8782
-5.93909 -11.8782
-6.09137 -11.8782
-6.39594 -11.7259
-6.54822 -11.7259
-6.85279 -11.7259
-7.00508 -11.7259
-7.15736 -11.7259
-7.46193 -11.5736
-7.61421 -11.5736
-7.91878 -11.5736
-8.07107 -11.4213
-8.22335 -11.4213
-8.52792 -11.4213
-8.6802 -11.269
-8.98477 -11.269
-9.13706 -11.269
-9.28934 -11.1168
-9.59391 -11.1168
-9.74619 -11.1168
-9.89848 -10.9645
-10.0508 -10.9645
-10.3553 -10.8122
-10.5076 -10.8122
-10.6599 -10.8122
-10.9645 -10.6599
-11.1168 -10.6599
-11.269 -10.5076
-11.4213 -10.5076
-11.7259 -10.3553
-11.8782 -10.3553
-12.0305 -10.203
-12.1827 -10.203
-12.4873 -10.0508
-12.6396 -10.0508
-12.7919 -9.89848
-12.9442 -9.74619
-13.2487 -9.74619
-13.401 -9.59391
-13.5533 -9.59391
-13.7056 -9.44162
-14.0102 -9.44162
-14.1624 -9.28934
-14.3147 -9.13706
-14.467 -9.13706
-14.7716 -8.98477
-14.9239 -8.83249
-15.0761 -8.83249
-15.2284 -8.6802
-15.533 -8.52792
-15.6853 -8.52792
-15.8376 -8.37563
-15.9898 -8.22335
-16.2944 -8.07107
-16.4467 -8.07107
-16.599 -7.91878
-16.7513 -7.7665
-17.0558 -7.61421
-17.2081 -7.46193
-17.3604 -7.46193
-17.5127 -7.30964
-17.8173 -7.15736
-17.9695 -7.00508
-18.1218 -6.85279
-18.2741 -6.70051
-18.5787 -6.54822
-18.731 -6.39594
-18.8832 -6.24365
-19.0355 -6.09137
-19.3401 -5.93909
-19.4924 -5.7868
-19.6447 -5.48223
-19.797 -5.32995
-19.9492 -5.17766
-20.1015 -5.02538
-20.4061 -4.8731
-20.5584 -4.56853
-20.7107 -4.41624
-20.8629 -4.26396
-21.0152 -3.95939
-21.1675 -3.80711
-21.3198 -3.65482
-21.4721 -3.35025
-21.6244 -3.19797
-21.7766 -2.8934
-21.9289 -2.74112
-22.0812 -2.43655
-22.2335 -2.28426
-22.3858 -1.9797
-22.5381 -1.67513
-22.5381 -1.52284
-22.6904 -1.21827
-22.8426 -0.913706
-22.9949 -0.761421
-22.9949 -0.456853
-23.1472 -0.152284
-23.2995 0.152284
-23.2995 0.304569
-23.4518 0.609137
-23.4518 0.913706
-23.6041 1.21827
-23.6041 1.52284
-23.7563 1.82741
-23.7563 2.13198
-23.9086 2.43655
-23.9086 2.74112
-24.0609 3.04569
-24.0609 3.35025
-24.0609 3.65482
-24.2132 3.95939
-24.2132 4.26396
-24.2132 4.56853
-24.3655 4.8731
-24.3655 5.17766
-24.3655 5.48223
-24.3655 5.7868
-24.5178 6.24365
-24.5178 6.54822
-24.5178 6.85279
-24.5178 7.15736
-24.5178 7.61421
-24.5178 7.91878
-24.5178 8.22335
-24.3655 8.52792
-24.3655 8.98477
-24.3655 9.28934
-24.2132 9.59391
-24.2132 9.89848
-24.0609 10.203
-23.9086 10.5076
-23.7563 10.9645
-23.7563 11.269
-23.6041 11.5736
-23.2995 11.8782
-23.1472 12.0305
-22.9949 12.335
-22.8426 12.6396
-22.5381 12.9442
-22.3858 13.0964
-22.0812 13.401
-21.7766 13.5533
-21.4721 13.8579
-21.3198 14.0102
-21.0152 14.1624
-20.7107 14.3147
-20.4061 14.467
-20.1015 14.6193
-19.797 14.7716
-19.3401 14.9239
-19.0355 15.0761
-18.731 15.0761
-18.4264 15.2284
-17.9695 15.2284
-17.665 15.2284
-17.3604 15.3807
-17.0558 15.3807
-16.599 15.3807
-16.2944 15.3807
-15.9898 15.3807
-15.533 15.3807
-15.2284 15.3807
-14.9239 15.2284
-14.6193 15.2284
-14.1624 15.0761
-13.8579 15.0761
-13.5533 14.9239
-13.2487 14.9239
-12.9442 14.7716
-12.4873 14.7716
-12.1827 14.6193
-11.8782 14.467
-11.5736 14.3147
-11.269 14.3147
-11.1168 14.1624
-10.8122 14.0102
-10.5076 13.8579
-10.203 13.7056
-9.89848 13.7056
-9.74619 13.5533
-9.44162 13.401
-9.28934 13.2487
-8.98477 13.0964
-8.6802 13.0964
-8.52792 12.9442
-8.37563 12.7919
-8.07107 12.7919
-7.91878 12.6396
-7.61421 12.6396
-7.46193 12.4873
-7.30964 12.4873
-7.00508 12.335
-6.85279 12.335
-6.70051 12.1827
-6.39594 12.1827
-6.24365 12.1827
-6.09137 12.0305
-5.7868 12.0305
-5.63452 12.0305
-5.48223 11.8782
-5.32995 11.8782
-5.02538 11.7259
-4.8731 11.7259
-4.72081 11.7259
-4.56853 11.5736
-4.26396 11.5736
-4.11168 11.4213
-3.95939 11.4213
-3.80711 11.269
-3.65482 11.269
-3.50254 11.1168
-3.19797 10.9645
-3.04569 10.9645
-2.8934 10.8122
-2.74112 10.8122
-2.58883 10.6599
-2.43655 10.5076
-2.28426 10.5076
-2.13198 10.3553
-1.9797 10.203
-1.67513 10.203
-1.52284 10.0508
-1.37056 9.89848
-1.21827 9.89848
-1.06599 9.74619
-0.913706 9.59391
-0.761421 9.59391
-0.609137 9.44162
-0.456853 9.28934
-0.304569 9.28934
-0.152284 9.13706
0.152284 8.98477
0.304569 8.98477
0.456853 8.83249
0.609137 8.6802
0.913706 8.6802
1.06599 8.52792
1.21827 8.52792
1.37056 8.37563
1.67513 8.22335
1.82741 8.22335
1.9797 8.07107
2.28426 7.91878
2.43655 7.7665
2.58883 7.7665
2.8934 7.61421
3.04569 7.46193
3.19797 7.30964
3.50254 7.15736
3.65482 7.00508
3.80711 6.85279
3.95939 6.70051
4.11168 6.54822
4.41624 6.39594
4.56853 6.24365
4.72081 6.09137
4.8731 5.93909
5.02538 5.63452
5.17766 5.48223
5.17766 5.32995
5.32995 5.02538
5.48223 4.8731
5.63452 4.72081
5.7868 4.41624
5.93909 4.26396
6.09137 3.95939
6.24365 3.80711
6.39594 3.65482
6.54822 3.35025
6.70051 3.19797
6.85279 2.8934
7.15736 2.74112
7.30964 2.43655
7.61421 2.28426
7.7665 1.9797
8.07107 1.67513
8.37563 1.52284
8.6802 1.21827
8.98477 0.913706
