9.59391 0.913706
9.89848 0.609137
10.0508 0.304569
10.203 -0.152284
10.3553 -0.456853
10.5076 -0.761421
10.6599 -1.06599
10.6599 -1.37056
10.8122 -1.82741
10.8122 -2.13198
10.8122 -2.43655
10.8122 -2.74112
10.6599 -3.04569
10.6599 -3.50254
10.6599 -3.80711
10.5076 -4.11168
10.3553 -4.41624
10.3553 -4.72081
10.203 -5.02538
10.0508 -5.32995
9.89848 -5.63452
9.74619 -5.93909
9.44162 -6.24365
9.28934 -6.39594
9.13706 -6.70051
8.83249 -7.00508
8.6802 -7.30964
8.52792 -7.46193
8.22335 -7.7665
8.07107 -7.91878
7.7665 -8.22335
7.46193 -8.37563
7.30964 -8.6802
7.00508 -8.83249
6.70051 -9.13706
6.54822 -9.28934
6.24365 -9.44162
5.93909 -9.59391
5.63452 -9.74619
5.48223 -10.0508
5.17766 -10.203
4.8731 -10.3553
4.56853 -10.3553
4.26396 -10.5076
3.95939 -10.6599
3.65482 -10.8122
3.35025 -10.9645
3.19797 -10.9645
2.8934 -11.1168
2.58883 -11.269
2.28426 -11.269
1.9797 -11.4213
1.67513 -11.4213
1.37056 -11.5736
1.06599 -11.5736
0.761421 -11.7259
0.456853 -11.7259
0.152284 -11.7259
0 -11.7259
-0.304569 -11.8782
-0.609137 -11.8782
-0.913706 -11.8782
-1.21827 -11.8782
-1.52284 -11.8782
-1.67513 -11.8782
-1.9797 -11.8782
-2.28426 -11.8782
-2.58883 -11.8782
-2.74112 -11.8782
-3.04569 -11.8782
-3.35025 -11.8782
-3.50254 -11.8782
-3.80711 -11.8782
-4.11168 -11.8782
-4.26396 -11.8782
-4.56853 -11.8782
-4.8731 -11.8782
-5.02538 -11.8782
-5.32995 -11.8782
-5.48223 -11.8782
-5.7868 -11.7259
-5.93909 -11.7259
-6.24365 -11.7259
-6.39594 -11.7259
-6.70051 -11.7259
-6.85279 -11.7259
-7.15736 -11.5736
-7.30964 -11.5736
-7.61421 -11.5736
-7.7665 -11.5736
-7.91878 -11.4213
-8.22335 -11.4213
-8.37563 -11.4213
-8.6802 -11.4213
-8.83249 -11.269
-8.98477 -11.269
-9.28934 -11.269
-9.44162 -11.1168
-9.59391 -11.1168
-9.89848 -10.9645
-10.0508 -10.9645
-10.203 -10.8122
-10.5076 -10.8122
-10.6599 -10.6599
-10.8122 -10.6599
-11.1168 -10.5076
-11.269 -10.5076
-11.4213 -10.3553
-11.5736 -10.3553
-11.8782 -10.203
-12.0305 -10.203
-12.1827 -10.0508
-12.335 -10.0508
-12.4873 -9.89848
-12.7919 -9.89848
-12.9442 -9.74619
-13.0964 -9.59391
-13.2487 -9.59391
-13.5533 -9.44162
-13.7056 -9.44162
-13.8579 -9.28934
-14.0102 -9.13706
-14.1624 -9.13706
-14.467 -8.98477
-14.6193 -8.98477
-14.7716 -8.83249
-14.9239 -8.6802
-15.2284 -8.6802
-15.3807 -8.52792
-15.533 -8.37563
-15.6853 -8.37563
-15.8376 -8.22335
-16.1421 -8.07107
-16.2944 -8.07107
-16.4467 -7.91878
-16.599 -7.7665
-16.9036 -7.7665
-17.0558 -7.61421
-17.2081 -7.46193
-17.3604 -7.30964
-17.665 -7.15736
-17.8173 -7.00508
-17.9695 -7.00508
-18.1218 -6.85279
-18.4264 -6.70051
-18.5787 -6.54822
-18.731 -6.39594
-18.8832 -6.24365
-19.0355 -6.09137
-19.3401 -5.93909
-19.4924 -5.7868
-19.6447 -5.63452
-19.797 -5.48223
-19.9492 -5.17766
-20.1015 -5.02538
-20.4061 -4.8731
-20.5584 -4.72081
-20.7107 -4.56853
-20.8629 -4.26396
-21.0152 -4.11168
-21.1675 -3.95939
-21.3198 -3.65482
-21.4721 -3.50254
-21.6244 -3.35025
-21.7766 -3.04569
-21.9289 -2.8934
-22.0812 -2.58883
-22.0812 -2.43655
-22.2335 -2.13198
-22.3858 -1.9797
-22.5381 -1.67513
-22.6904 -1.37056
-22.6904 -1.21827
-22.8426 -0.913706
-22.9949 -0.761421
-22.9949 -0.456853
-23.1472 -0.152284
-23.2995 0.152284
-23.2995 0.304569
-23.4518 0.609137
-23.4518 0.913706
-23.6041 1.21827
-23.6041 1.37056
-23.7563 1.67513
-23.7563 1.9797
-23.7563 2.28426
-23.9086 2.58883
-23.9086 2.8934
-24.0609 3.19797
-24.0609 3.35025
-24.0609 3.65482
-24.0609 3.95939
-24.2132 4.26396
-24.2132 4.56853
-24.2132 4.8731
-24.2132 5.17766
-24.3655 5.48223
-24.3655 5.93909
-24.3655 6.24365
-24.3655 6.54822
-24.3655 6.85279
-24.3655 7.15736
-24.3655 7.46193
-24.3655 7.7665
-24.2132 8.07107
-24.2132 8.52792
-24.2132 8.83249
-24.0609 9.13706
-24.0609 9.44162
-23.9086 9.74619
-23.9086 10.0508
-23.7563 10.3553
-23.6041 10.6599
-23.6041 10.9645
-23.4518 11.269
-23.2995 11.5736
-23.1472 11.8782
-22.8426 12.1827
-22.6904 12.335
-22.5381 12.6396
-22.2335 12.9442
-22.0812 13.0964
-21.7766 13.401
-21.6244 13.5533
-21.3198 13.7056
-21.0152 14.0102
-20.7107 14.1624
-20.5584 14.3147
-20.2538 14.467
-19.9492 14.6193
-19.6447 14.7716
-19.3401 14.7716
-19.0355 14.9239
-18.5787 15.0761
-18.2741 15.0761
-17.9695 15.2284
-17.665 15.2284
-17.3604 15.2284
-17.0558 15.2284
-16.599 15.3807
-16.2944 15.3807
-15.9898 15.2284
-15.6853 15.2284
-15.2284 15.2284
-14.9239 15.2284
-14.6193 15.0761
-14.3147 15.0761
-14.0102 14.9239
-13.7056 14.9239
-13.2487 14.7716
-12.9442 14.7716
-12.6396 14.6193
-12.335 14.467
-12.0305 14.3147
-11.8782 14.3147
-11.5736 14.1624
-11.269 14.0102
-10.9645 13.8579
-10.6599 13.7056
-10.5076 13.5533
-10.203 13.5533
-9.89848 13.401
-9.74619 13.2487
-9.44162 13.0964
-9.28934 13.0964
-8.98477 12.9442
-8.83249 12.9442
-8.6802 12.7919
-8.37563 12.7919
-8.22335 12.6396
-7.91878 12.6396
-7.7665 12.4873
-7.61421 12.4873
-7.30964 12.4873
-7.15736 12.335
-7.00508 12.335
-6.85279 12.335
-6.54822 12.1827
-6.39594 12.1827
-6.24365 12.1827
-5.93909 12.0305
-5.7868 12.0305
-5.63452 12.0305
-5.48223 11.8782
-5.17766 11.8782
-5.02538 11.8782
-4.8731 11.7259
-4.72081 11.7259
-4.41624 11.5736
-4.26396 11.5736
-4.11168 11.5736
-3.95939 11.4213
-3.80711 11.269
-3.50254 11.269
-3.35025 11.1168
-3.19797 11.1168
-3.04569 10.9645
-2.8934 10.8122
-2.74112 10.8122
-2.58883 10.6599
-2.43655 10.5076
-2.28426 10.5076
-1.9797 10.3553
-1.82741 10.203
-1.67513 10.203
-1.52284 10.0508
-1.37056 9.89848
-1.21827 9.89848
-1.06599 9.74619
-0.913706 9.59391
-0.761421 9.59391
-0.456853 9.44162
-0.304569 9.44162
-0.152284 9.28934
0 9.13706
0.304569 9.13706
0.456853 8.98477
0.609137 8.98477
0.913706 8.83249
1.06599 8.6802
1.21827 8.6802
1.52284 8.52792
1.67513 8.37563
1.82741 8.37563
2.13198 8.22335
2.28426 8.07107
2.58883 7.91878
2.74112 7.7665
2.8934 7.7665
3.19797 7.61421
3.35025 7.46193
3.50254 7.30964
3.80711 7.15736
3.95939 7.00508
4.11168 6.70051
4.26396 6.54822
4.41624 6.39594
4.56853 6.24365
4.72081 6.09137
4.8731 5.7868
5.02538 5.63452
5.17766 5.48223
5.32995 5.17766
5.48223 5.02538
5.63452 4.72081
5.7868 4.56853
5.93909 4.41624
6.09137 4.11168
6.24365 3.95939
6.39594 3.65482
6.70051 3.50254
6.85279 3.19797
7.00508 3.04569
7.30964 2.74112
7.46193 2.43655
7.7665 2.28426
8.07107 1.9797
8.37563 1.67513
8.6802 1.52284
8.98477 1.21827
