9.59391 0.761421
9.89848 0.456853
10.0508 0.152284
10.203 -0.152284
10.3553 -0.456853
10.5076 -0.761421
10.6599 -1.21827
10.6599 -1.52284
10.8122 -1.82741
10.8122 -2.13198
10.8122 -2.43655
10.8122 -2.8934
10.8122 -3.19797
10.6599 -3.50254
10.6599 -3.80711
10.5076 -4.11168
10.5076 -4.41624
10.3553 -4.72081
10.203 -5.02538
10.0508 -5.32995
9.89848 -5.63452
9.74619 -5.93909
9.59391 -6.24365
9.28934 -6.54822
9.13706 -6.70051
8.98477 -7.00508
8.6802 -7.30964
8.52792 -7.46193
8.37563 -7.7665
8.07107 -8.07107
7.91878 -8.22335
7.61421 -8.52792
7.30964 -8.6802
7.15736 -8.83249
6.85279 -9.13706
6.54822 -9.28934
6.24365 -9.44162
6.09137 -9.59391
5.7868 -9.74619
5.48223 -10.0508
5.17766 -10.203
4.8731 -10.203
4.72081 -10.3553
4.41624 -10.5076
4.11168 -10.6599
3.80711 -10.8122
3.50254 -10.9645
3.19797 -10.9645
2.8934 -11.1168
2.58883 -11.269
2.28426 -11.269
1.9797 -11.4213
1.82741 -11.4213
1.52284 -11.4213
1.21827 -11.5736
0.913706 -11.5736
0.609137 -11.5736
0.304569 -11.7259
0 -11.7259
-0.304569 -11.7259
-0.609137 -11.7259
-0.761421 -11.8782
-1.06599 -11.8782
-1.37056 -11.8782
-1.67513 -11.8782
-1.82741 -11.8782
-2.13198 -11.8782
-2.43655 -11.8782
-2.74112 -11.8782
-2.8934 -11.8782
-3.19797 -11.8782
-3.50254 -11.8782
-3.65482 -11.8782
-3.95939 -11.8782
-4.11168 -11.8782
-4.41624 -11.8782
-4.72081 -11.8782
-4.8731 -11.7259
-5.17766 -11.7259
-5.32995 -11.7259
-5.63452 -11.7259
-5.7868 -11.7259
-6.09137 -11.7259
-6.24365 -11.7259
-6.54822 -11.7259
-6.70051 -11.7259
-6.85279 -11.5736
-7.15736 -11.5736
-7.30964 -11.5736
-7.61421 -11.5736
-7.7665 -11.5736
-8.07107 -11.5736
-8.22335 -11.4213
-8.37563 -11.4213
-8.6802 -11.4213
-8.83249 -11.269
-9.13706 -11.269
-9.28934 -11.269
-9.44162 -11.1168
-9.74619 -11.1168
-9.89848 -11.1168
-10.0508 -10.9645
-10.3553 -10.9645
-10.5076 -10.8122
-10.6599 -10.8122
-10.8122 -10.8122
-11.1168 -10.6599
-11.269 -10.6599
-11.4213 -10.5076
-11.7259 -10.5076
-11.8782 -10.3553
-12.0305 -10.203
-12.1827 -10.203
-12.4873 -10.0508
-12.6396 -10.0508
-12.7919 -9.89848
-12.9442 -9.89848
-13.0964 -9.74619
-13.401 -9.59391
-13.5533 -9.59391
-13.7056 -9.44162
-13.8579 -9.44162
-14.1624 -9.28934
-14.3147 -9.13706
-14.467 -9.13706
-14.6193 -8.98477
-14.7716 -8.83249
-15.0761 -8.83249
-15.2284 -8.6802
-15.3807 -8.52792
-15.533 -8.52792
-15.6853 -8.37563
-15.9898 -8.22335
-16.1421 -8.07107
-16.2944 -8.07107
-16.4467 -7.91878
-16.7513 -7.7665
-16.9036 -7.61421
-17.0558 -7.46193
-17.2081 -7.46193
-17.3604 -7.30964
-17.665 -7.15736
-17.8173 -7.00508
-17.9695 -6.85279
-18.1218 -6.70051
-18.4264 -6.54822
-18.5787 -6.39594
-18.731 -6.24365
-18.8832 -6.09137
-19.0355 -5.93909
-19.3401 -5.7868
-19.4924 -5.63452
-19.6447 -5.48223
-19.797 -5.32995
-19.9492 -5.17766
-20.2538 -5.02538
-20.4061 -4.8731
-20.5584 -4.56853
-20.7107 -4.41624
-20.8629 -4.26396
-21.0152 -3.95939
-21.1675 -3.80711
-21.3198 -3.65482
-21.4721 -3.35025
-21.6244 -3.19797
-21.7766 -2.8934
-21.9289 -2.74112
-22.0812 -2.43655
-22.2335 -2.28426
-22.3858 -1.9797
-22.5381 -1.82741
-22.5381 -1.52284
-22.6904 -1.37056
-22.8426 -1.06599
-22.8426 -0.761421
-22.9949 -0.609137
-23.1472 -0.304569
-23.1472 0
-23.2995 0.304569
-23.2995 0.456853
-23.4518 0.761421
-23.4518 1.06599
-23.6041 1.37056
-23.6041 1.67513
-23.7563 1.9797
-23.7563 2.13198
-23.9086 2.43655
-23.9086 2.74112
-23.9086 3.04569
-24.0609 3.35025
-24.0609 3.65482
-24.0609 3.95939
-24.0609 4.26396
-24.2132 4.56853
-24.2132 4.8731
-24.2132 5.17766
-24.2132 5.48223
-24.3655 5.7868
-24.3655 6.09137
-24.3655 6.54822
-24.3655 6.85279
-24.3655 7.15736
-24.3655 7.46193
-24.3655 7.7665
-24.3655 8.07107
-24.2132 8.52792
-24.2132 8.83249
-24.2132 9.13706
-24.0609 9.44162
-24.0609 9.74619
-23.9086 10.0508
-23.7563 10.3553
-23.7563 10.6599
-23.6041 10.9645
-23.4518 11.269
-23.2995 11.5736
-23.1472 11.8782
-22.8426 12.1827
-22.6904 12.4873
-22.5381 12.6396
-22.2335 12.9442
-22.0812 13.2487
-21.7766 13.401
-21.4721 13.5533
-21.3198 13.8579
-21.0152 14.0102
-20.7107 14.1624
-20.4061 14.3147
-20.1015 14.467
-19.797 14.6193
-19.4924 14.7716
-19.1878 14.9239
-18.8832 14.9239
-18.5787 15.0761
-18.2741 15.0761
-17.8173 15.2284
-17.5127 15.2284
-17.2081 15.2284
-16.9036 15.2284
-16.4467 15.2284
-16.1421 15.2284
-15.8376 15.2284
-15.533 15.2284
-15.0761 15.2284
-14.7716 15.2284
-14.467 15.0761
-14.1624 15.0761
-13.8579 14.9239
-13.5533 14.9239
-13.0964 14.7716
-12.7919 14.6193
-12.4873 14.6193
-12.1827 14.467
-11.8782 14.3147
-11.5736 14.1624
-11.4213 14.1624
-11.1168 14.0102
-10.8122 13.8579
-10.5076 13.7056
-10.3553 13.5533
-10.0508 13.5533
-9.74619 13.401
-9.59391 13.2487
-9.28934 13.2487
-9.13706 13.0964
-8.83249 12.9442
-8.6802 12.9442
-8.37563 12.7919
-8.22335 12.7919
-8.07107 12.6396
-7.7665 12.6396
-7.61421 12.4873
-7.46193 12.4873
-7.15736 12.4873
-7.00508 12.335
-6.85279 12.335
-6.54822 12.335
-6.39594 12.1827
-6.24365 12.1827
-5.93909 12.1827
-5.7868 12.0305
-5.63452 12.0305
-5.48223 12.0305
-5.17766 11.8782
-5.02538 11.8782
-4.8731 11.8782
-4.72081 11.7259
-4.41624 11.7259
-4.26396 11.5736
-4.11168 11.5736
-3.95939 11.4213
-3.65482 11.4213
-3.50254 11.269
-3.35025 11.269
-3.19797 11.1168
-3.04569 10.9645
-2.8934 10.9645
-2.74112 10.8122
-2.58883 10.6599
-2.28426 10.6599
-2.13198 10.5076
-1.9797 10.3553
-1.82741 10.3553
-1.67513 10.203
-1.52284 10.0508
-1.37056 10.0508
-1.21827 9.89848
-1.06599 9.74619
-0.913706 9.59391
-0.761421 9.59391
-0.456853 9.44162
-0.304569 9.44162
-0.152284 9.28934
0 9.13706
0.152284 9.13706
0.456853 8.98477
0.609137 8.83249
0.761421 8.83249
1.06599 8.6802
1.21827 8.6802
1.37056 8.52792
1.67513 8.37563
1.82741 8.37563
1.9797 8.22335
2.28426 8.07107
2.43655 7.91878
2.74112 7.91878
2.8934 7.7665
3.04569 7.61421
3.35025 7.46193
3.50254 7.30964
3.65482 7.15736
3.80711 7.00508
4.11168 6.85279
4.26396 6.70051
4.41624 6.54822
4.56853 6.24365
4.72081 6.09137
4.8731 5.93909
5.02538 5.7868
5.17766 5.48223
5.32995 5.32995
5.48223 5.02538
5.63452 4.8731
5.7868 4.72081
5.93909 4.41624
6.09137 4.26396
6.24365 3.95939
6.39594 3.80711
6.54822 3.50254
6.70051 3.35025
6.85279 3.04569
7.15736 2.8934
7.30964 2.58883
7.61421 2.43655
7.7665 2.13198
8.07107 1.82741
8.37563 1.67513
8.6802 1.37056
8.98477 1.06599
