9.74619 0.304569
10.203 0
10.5076 -0.304569
10.8122 -0.609137
11.1168 -0.913706
11.269 -1.37056
11.4213 -1.67513
11.5736 -1.9797
11.7259 -2.28426
11.7259 -2.74112
11.7259 -3.04569
11.7259 -3.35025
11.5736 -3.65482
11.5736 -3.95939
11.4213 -4.26396
11.269 -4.56853
11.1168 -4.8731
10.9645 -5.17766
10.8122 -5.48223
10.5076 -5.7868
10.3553 -6.09137
10.0508 -6.24365
9.89848 -6.54822
9.59391 -6.85279
9.28934 -7.00508
9.13706 -7.30964
8.83249 -7.46193
8.6802 -7.7665
8.37563 -7.91878
8.07107 -8.07107
7.91878 -8.37563
7.61421 -8.52792
7.30964 -8.6802
7.00508 -8.98477
6.85279 -9.13706
6.54822 -9.28934
6.24365 -9.44162
6.09137 -9.59391
5.7868 -9.74619
5.48223 -9.89848
5.17766 -10.0508
5.02538 -10.203
4.72081 -10.3553
4.41624 -10.5076
4.11168 -10.6599
3.95939 -10.8122
3.65482 -10.8122
3.35025 -10.9645
3.04569 -11.1168
2.8934 -11.1168
2.58883 -11.269
2.28426 -11.269
1.9797 -11.4213
1.67513 -11.4213
1.52284 -11.5736
1.21827 -11.5736
0.913706 -11.5736
0.609137 -11.7259
0.304569 -11.7259
0.152284 -11.7259
-0.152284 -11.7259
-0.456853 -11.8782
-0.609137 -11.8782
-0.913706 -11.8782
-1.21827 -11.8782
-1.52284 -11.8782
-1.67513 -11.8782
-1.9797 -11.8782
-2.13198 -11.8782
-2.43655 -11.8782
-2.74112 -11.8782
-2.8934 -11.8782
-3.19797 -11.8782
-3.35025 -11.8782
-3.65482 -11.8782
-3.80711 -11.8782
-4.11168 -11.8782
-4.26396 -11.8782
-4.56853 -11.8782
-4.72081 -11.8782
-5.02538 -11.8782
-5.17766 -11.8782
-5.48223 -11.8782
-5.63452 -11.7259
-5.93909 -11.7259
-6.09137 -11.7259
-6.24365 -11.7259
-6.54822 -11.7259
-6.70051 -11.7259
-7.00508 -11.7259
-7.15736 -11.5736
-7.30964 -11.5736
-7.61421 -11.5736
-7.7665 -11.5736
-7.91878 -11.4213
-8.22335 -11.4213
-8.37563 -11.4213
-8.52792 -11.4213
-8.83249 -11.269
-8.98477 -11.269
-9.13706 -11.269
-9.44162 -11.1168
-9.59391 -11.1168
-9.74619 -10.9645
-9.89848 -10.9645
-10.203 -10.9645
-10.3553 -10.8122
-10.5076 -10.8122
-10.6599 -10.6599
-10.9645 -10.6599
-11.1168 -10.5076
-11.269 -10.5076
-11.4213 -10.3553
-11.7259 -10.3553
-11.8782 -10.203
-12.0305 -10.203
-12.1827 -10.0508
-12.335 -10.0508
-12.6396 -9.89848
-12.7919 -9.89848
-12.9442 -9.74619
-13.0964 -9.59391
-13.2487 -9.59391
-13.5533 -9.44162
-13.7056 -9.44162
-13.8579 -9.28934
-14.0102 -9.13706
-14.3147 -9.13706
-14.467 -8.98477
-14.6193 -8.98477
-14.7716 -8.83249
-14.9239 -8.6802
-15.2284 -8.6802
-15.3807 -8.52792
-15.533 -8.37563
-15.6853 -8.22335
-15.9898 -8.22335
-16.1421 -8.07107
-16.2944 -7.91878
-16.4467 -7.7665
-16.7513 -7.7665
-16.9036 -7.61421
-17.0558 -7.46193
-17.2081 -7.30964
-17.5127 -7.15736
-17.665 -7.00508
-17.8173 -7.00508
-18.1218 -6.85279
-18.2741 -6.70051
-18.4264 -6.54822
-18.731 -6.39594
-18.8832 -6.24365
-19.0355 -6.09137
-19.1878 -5.7868
-19.4924 -5.63452
-19.6447 -5.48223
-19.797 -5.32995
-19.9492 -5.17766
-20.2538 -5.02538
-20.4061 -4.72081
-20.5584 -4.56853
-20.7107 -4.41624
-20.8629 -4.11168
-21.0152 -3.95939
-21.3198 -3.80711
-21.4721 -3.50254
-21.6244 -3.35025
-21.7766 -3.04569
-21.9289 -2.8934
-22.0812 -2.58883
-22.0812 -2.28426
-22.2335 -2.13198
-22.3858 -1.82741
-22.5381 -1.52284
-22.6904 -1.37056
-22.6904 -1.06599
-22.8426 -0.761421
-22.9949 -0.456853
-22.9949 -0.304569
-23.1472 0
-23.2995 0.304569
-23.2995 0.609137
-23.4518 0.913706
-23.4518 1.21827
-23.6041 1.52284
-23.6041 1.82741
-23.7563 1.9797
-23.7563 2.28426
-23.9086 2.58883
-23.9086 2.8934
-23.9086 3.35025
-24.0609 3.65482
-24.0609 3.95939
-24.2132 4.26396
-24.2132 4.56853
-24.2132 4.8731
-24.2132 5.17766
-24.3655 5.48223
-24.3655 5.93909
-24.3655 6.24365
-24.3655 6.54822
-24.3655 6.85279
-24.3655 7.30964
-24.3655 7.61421
-24.3655 7.91878
-24.2132 8.37563
-24.2132 8.6802
-24.2132 8.98477
-24.0609 9.28934
-24.0609 9.59391
-23.9086 10.0508
-23.7563 10.3553
-23.6041 10.6599
-23.4518 10.9645
-23.2995 11.269
-23.1472 11.4213
-22.8426 11.7259
-22.6904 12.0305
-22.3858 12.1827
-22.2335 12.4873
-21.9289 12.6396
-21.6244 12.9442
-21.3198 13.0964
-21.0152 13.2487
-20.7107 13.401
-20.4061 13.5533
-20.1015 13.7056
-19.797 13.8579
-19.4924 14.0102
-19.0355 14.0102
-18.731 14.1624
-18.4264 14.1624
-17.9695 14.3147
-17.665 14.3147
-17.3604 14.3147
-17.0558 14.467
-16.599 14.467
-16.2944 14.467
-15.9898 14.467
-15.6853 14.467
-15.2284 14.467
-14.9239 14.467
-14.6193 14.467
-14.3147 14.467
-14.0102 14.467
-13.7056 14.3147
-13.401 14.3147
-13.0964 14.3147
-12.7919 14.3147
-12.4873 14.3147
-12.1827 14.1624
-11.8782 14.1624
-11.5736 14.1624
-11.4213 14.0102
-11.1168 14.0102
-10.8122 14.0102
-10.5076 13.8579
-10.203 13.8579
-10.0508 13.7056
-9.74619 13.7056
-9.44162 13.7056
-9.28934 13.5533
-8.98477 13.5533
-8.6802 13.401
-8.52792 13.401
-8.22335 13.2487
-8.07107 13.2487
-7.7665 13.0964
-7.61421 13.0964
-7.30964 12.9442
-7.15736 12.7919
-6.85279 12.7919
-6.70051 12.6396
-6.54822 12.6396
-6.24365 12.4873
-6.09137 12.335
-5.93909 12.335
-5.63452 12.1827
-5.48223 12.1827
-5.32995 12.0305
-5.02538 11.8782
-4.8731 11.8782
-4.72081 11.7259
-4.56853 11.5736
-4.26396 11.5736
-4.11168 11.4213
-3.95939 11.4213
-3.80711 11.269
-3.65482 11.1168
-3.50254 11.1168
-3.19797 10.9645
-3.04569 10.8122
-2.8934 10.8122
-2.74112 10.6599
-2.58883 10.6599
-2.43655 10.5076
-2.28426 10.3553
-1.9797 10.3553
-1.82741 10.203
-1.67513 10.0508
-1.52284 10.0508
-1.37056 9.89848
-1.21827 9.89848
-1.06599 9.74619
-0.913706 9.59391
-0.609137 9.59391
-0.456853 9.44162
-0.304569 9.28934
-0.152284 9.28934
0 9.13706
0.152284 9.13706
0.456853 8.98477
0.609137 8.83249
0.761421 8.83249
0.913706 8.6802
1.21827 8.52792
1.37056 8.52792
1.52284 8.37563
1.67513 8.22335
1.9797 8.22335
2.13198 8.07107
2.28426 7.91878
2.43655 7.91878
2.74112 7.7665
2.8934 7.61421
3.04569 7.46193
3.35025 7.30964
3.50254 7.15736
3.65482 7.00508
3.80711 6.85279
3.95939 6.70051
4.26396 6.54822
4.41624 6.39594
4.56853 6.24365
4.72081 6.09137
4.8731 5.93909
5.02538 5.7868
5.17766 5.48223
5.32995 5.32995
5.48223 5.17766
5.63452 5.02538
5.7868 4.72081
5.93909 4.56853
6.09137 4.41624
6.24365 4.11168
6.39594 3.95939
6.54822 3.65482
6.70051 3.50254
6.85279 3.19797
7.00508 3.04569
7.15736 2.8934
7.30964 2.58883
7.46193 2.43655
7.7665 2.13198
7.91878 1.82741
8.22335 1.67513
8.37563 1.37056
8.6802 1.06599
8.98477 0.913706
9.28934 0.609137
