10.203 -0.152284
10.5076 -0.456853
10.8122 -0.761421
11.1168 -1.06599
11.4213 -1.37056
11.5736 -1.67513
11.7259 -2.13198
11.8782 -2.43655
12.0305 -2.74112
12.0305 -3.04569
12.1827 -3.50254
12.1827 -3.80711
12.0305 -4.11168
12.0305 -4.41624
12.0305 -4.72081
11.8782 -5.02538
11.7259 -5.32995
11.5736 -5.63452
11.4213 -5.93909
11.269 -6.24365
10.9645 -6.54822
10.8122 -6.85279
10.5076 -7.00508
10.3553 -7.30964
10.0508 -7.61421
9.89848 -7.7665
9.59391 -8.07107
9.28934 -8.22335
8.98477 -8.37563
8.6802 -8.6802
8.37563 -8.83249
8.07107 -8.98477
7.7665 -9.13706
7.61421 -9.28934
7.30964 -9.44162
7.00508 -9.59391
6.70051 -9.74619
6.39594 -9.89848
6.09137 -10.0508
5.7868 -10.0508
5.48223 -10.203
5.17766 -10.3553
4.8731 -10.3553
4.56853 -10.5076
4.26396 -10.6599
3.95939 -10.6599
3.65482 -10.8122
3.35025 -10.8122
3.04569 -10.9645
2.74112 -10.9645
2.58883 -11.1168
2.28426 -11.1168
1.9797 -11.1168
1.82741 -11.269
1.52284 -11.269
1.21827 -11.4213
1.06599 -11.4213
0.761421 -11.5736
0.456853 -11.5736
0.304569 -11.5736
0 -11.7259
-0.152284 -11.7259
-0.456853 -11.7259
-0.609137 -11.8782
-0.913706 -11.8782
-1.21827 -11.8782
-1.37056 -11.8782
-1.67513 -12.0305
-1.82741 -12.0305
-2.13198 -12.0305
-2.28426 -12.0305
-2.58883 -12.0305
-2.74112 -12.0305
-3.04569 -12.0305
-3.19797 -12.0305
-3.35025 -12.0305
-3.65482 -12.0305
-3.80711 -12.0305
-4.11168 -12.0305
-4.26396 -12.0305
-4.56853 -12.0305
-4.72081 -12.0305
-5.02538 -12.0305
-5.17766 -12.0305
-5.32995 -12.0305
-5.63452 -11.8782
-5.7868 -11.8782
-5.93909 -11.8782
-6.24365 -11.8782
-6.39594 -11.8782
-6.70051 -11.7259
-6.85279 -11.7259
-7.00508 -11.7259
-7.30964 -11.5736
-7.46193 -11.5736
-7.61421 -11.5736
-7.7665 -11.5736
-8.07107 -11.4213
-8.22335 -11.4213
-8.37563 -11.4213
-8.52792 -11.269
-8.83249 -11.269
-8.98477 -11.269
-9.13706 -11.1168
-9.44162 -11.1168
-9.59391 -11.1168
-9.74619 -10.9645
-9.89848 -10.9645
-10.0508 -10.8122
-10.3553 -10.8122
-10.5076 -10.8122
-10.6599 -10.6599
-10.8122 -10.6599
-11.1168 -10.5076
-11.269 -10.5076
-11.4213 -10.3553
-11.5736 -10.3553
-11.7259 -10.203
-12.0305 -10.203
-12.1827 -10.0508
-12.335 -10.0508
-12.4873 -9.89848
-12.7919 -9.89848
-12.9442 -9.74619
-13.0964 -9.74619
-13.2487 -9.59391
-13.401 -9.44162
-13.5533 -9.44162
-13.8579 -9.28934
-14.0102 -9.13706
-14.1624 -9.13706
-14.3147 -8.98477
-14.467 -8.83249
-14.7716 -8.83249
-14.9239 -8.6802
-15.0761 -8.52792
-15.2284 -8.52792
-15.533 -8.37563
-15.6853 -8.22335
-15.8376 -8.07107
-15.9898 -8.07107
-16.2944 -7.91878
-16.4467 -7.7665
-16.599 -7.61421
-16.7513 -7.46193
-17.0558 -7.46193
-17.2081 -7.30964
-17.3604 -7.15736
-17.665 -7.00508
-17.8173 -6.85279
-18.1218 -6.70051
-18.2741 -6.54822
-18.4264 -6.39594
-18.731 -6.24365
-18.8832 -6.09137
-19.0355 -5.93909
-19.3401 -5.7868
-19.4924 -5.63452
-19.797 -5.48223
-19.9492 -5.17766
-20.1015 -5.02538
-20.2538 -4.8731
-20.5584 -4.56853
-20.7107 -4.41624
-20.8629 -4.26396
-21.0152 -3.95939
-21.1675 -3.80711
-21.3198 -3.50254
-21.6244 -3.35025
-21.7766 -3.04569
-21.7766 -2.74112
-21.9289 -2.58883
-22.0812 -2.28426
-22.2335 -1.9797
-22.3858 -1.82741
-22.5381 -1.52284
-22.5381 -1.21827
-22.6904 -0.913706
-22.8426 -0.761421
-22.8426 -0.456853
-22.9949 -0.152284
-23.1472 0.152284
-23.1472 0.456853
-23.2995 0.761421
-23.2995 1.06599
-23.4518 1.37056
-23.4518 1.67513
-23.6041 1.9797
-23.6041 2.28426
-23.7563 2.58883
-23.7563 2.8934
-23.7563 3.19797
-23.9086 3.50254
-23.9086 3.80711
-24.0609 4.26396
-24.0609 4.56853
-24.0609 4.8731
-24.2132 5.17766
-24.2132 5.63452
-24.2132 5.93909
-24.2132 6.24365
-24.3655 6.70051
-24.3655 7.00508
-24.3655 7.30964
-24.2132 7.7665
-24.2132 8.07107
-24.2132 8.37563
-24.2132 8.83249
-24.0609 9.13706
-23.9086 9.44162
-23.9086 9.89848
-23.7563 10.203
-23.6041 10.5076
-23.4518 10.8122
-23.2995 11.1168
-22.9949 11.4213
-22.8426 11.5736
-22.5381 11.8782
-22.3858 12.1827
-22.0812 12.335
-21.7766 12.6396
-21.4721 12.7919
-21.1675 12.9442
-20.8629 13.0964
-20.5584 13.2487
-20.1015 13.401
-19.797 13.5533
-19.4924 13.5533
-19.0355 13.7056
-18.731 13.8579
-18.4264 13.8579
-17.9695 13.8579
-17.665 14.0102
-17.2081 14.0102
-16.9036 14.0102
-16.599 14.0102
-16.1421 14.0102
-15.8376 14.1624
-15.533 14.1624
-15.2284 14.1624
-14.9239 14.1624
-14.467 14.1624
-14.1624 14.1624
-13.8579 14.1624
-13.5533 14.1624
-13.2487 14.1624
-12.9442 14.1624
-12.7919 14.1624
-12.4873 14.1624
-12.1827 14.1624
-11.8782 14.3147
-11.5736 14.3147
-11.269 14.3147
-10.9645 14.3147
-10.8122 14.3147
-10.5076 14.3147
-10.203 14.3147
-9.89848 14.3147
-9.74619 14.3147
-9.44162 14.1624
-9.13706 14.1624
-8.83249 14.1624
-8.6802 14.1624
-8.37563 14.1624
-8.07107 14.1624
-7.91878 14.0102
-7.61421 14.0102
-7.30964 13.8579
-7.15736 13.8579
-6.85279 13.8579
-6.70051 13.7056
-6.39594 13.7056
-6.09137 13.5533
-5.93909 13.401
-5.63452 13.401
-5.48223 13.2487
-5.17766 13.0964
-5.02538 13.0964
-4.72081 12.9442
-4.56853 12.7919
-4.41624 12.6396
-4.11168 12.6396
-3.95939 12.4873
-3.80711 12.335
-3.50254 12.1827
-3.35025 12.0305
-3.19797 11.8782
-3.04569 11.8782
-2.74112 11.7259
-2.58883 11.5736
-2.43655 11.4213
-2.28426 11.269
-2.13198 11.1168
-1.9797 10.9645
-1.67513 10.8122
-1.52284 10.6599
-1.37056 10.5076
-1.21827 10.5076
-1.06599 10.3553
-0.913706 10.203
-0.761421 10.0508
-0.609137 9.89848
-0.456853 9.74619
-0.304569 9.59391
-0.152284 9.59391
0 9.44162
0.152284 9.28934
0.304569 9.13706
0.456853 8.98477
0.761421 8.98477
0.913706 8.83249
1.06599 8.6802
1.21827 8.52792
1.37056 8.52792
1.52284 8.37563
1.67513 8.22335
1.9797 8.22335
2.13198 8.07107
2.28426 7.91878
2.43655 7.7665
2.74112 7.7665
2.8934 7.61421
3.04569 7.46193
3.35025 7.30964
3.50254 7.30964
3.65482 7.15736
3.95939 7.00508
4.11168 6.85279
4.26396 6.70051
4.41624 6.54822
4.72081 6.39594
4.8731 6.24365
5.02538 6.09137
5.17766 5.93909
5.32995 5.7868
5.48223 5.48223
5.63452 5.32995
5.7868 5.17766
5.93909 5.02538
6.09137 4.72081
6.24365 4.56853
6.39594 4.41624
6.54822 4.11168
6.70051 3.95939
6.70051 3.65482
6.85279 3.50254
7.00508 3.35025
7.15736 3.04569
7.30964 2.8934
7.46193 2.58883
7.61421 2.43655
7.7665 2.13198
8.07107 1.9797
8.22335 1.67513
8.37563 1.52284
8.6802 1.21827
8.83249 0.913706
9.13706 0.761421
9.44162 0.456853
9.74619 0.152284
