9.74619 0.456853
10.0508 0.152284
10.3553 -0.152284
10.6599 -0.456853
10.8122 -0.761421
11.1168 -1.06599
11.269 -1.52284
11.4213 -1.82741
11.5736 -2.13198
11.5736 -2.58883
11.7259 -2.8934
11.7259 -3.19797
11.7259 -3.50254
11.7259 -3.95939
11.7259 -4.26396
11.7259 -4.56853
11.5736 -4.8731
11.5736 -5.17766
11.4213 -5.63452
11.269 -5.93909
11.1168 -6.24365
10.9645 -6.54822
10.8122 -6.70051
10.6599 -7.00508
10.3553 -7.30964
10.203 -7.61421
9.89848 -7.7665
9.59391 -8.07107
9.44162 -8.37563
9.13706 -8.52792
8.83249 -8.6802
8.52792 -8.98477
8.22335 -9.13706
7.91878 -9.28934
7.61421 -9.44162
7.30964 -9.59391
7.00508 -9.74619
6.70051 -9.89848
6.39594 -10.0508
5.93909 -10.203
5.63452 -10.203
5.32995 -10.3553
5.02538 -10.5076
4.72081 -10.5076
4.41624 -10.6599
4.11168 -10.6599
3.80711 -10.8122
3.50254 -10.8122
3.19797 -10.9645
2.8934 -10.9645
2.58883 -11.1168
2.28426 -11.1168
1.9797 -11.269
1.82741 -11.269
1.52284 -11.269
1.21827 -11.4213
0.913706 -11.4213
0.761421 -11.5736
0.456853 -11.5736
0.152284 -11.5736
0 -11.7259
-0.304569 -11.7259
-0.609137 -11.7259
-0.761421 -11.8782
-1.06599 -11.8782
-1.37056 -11.8782
-1.52284 -11.8782
-1.82741 -12.0305
-1.9797 -12.0305
-2.28426 -12.0305
-2.43655 -12.0305
-2.74112 -12.0305
-3.04569 -12.0305
-3.19797 -12.0305
-3.50254 -12.0305
-3.65482 -12.0305
-3.95939 -12.0305
-4.11168 -12.0305
-4.41624 -12.0305
-4.56853 -12.0305
-4.8731 -12.0305
-5.02538 -12.0305
-5.32995 -12.0305
-5.48223 -12.0305
-5.7868 -11.8782
-5.93909 -11.8782
-6.24365 -11.8782
-6.39594 -11.8782
-6.70051 -11.7259
-6.85279 -11.7259
-7.00508 -11.7259
-7.30964 -11.7259
-7.46193 -11.5736
-7.61421 -11.5736
-7.91878 -11.5736
-8.07107 -11.4213
-8.37563 -11.4213
-8.52792 -11.4213
-8.6802 -11.269
-8.83249 -11.269
-9.13706 -11.1168
-9.28934 -11.1168
-9.44162 -11.1168
-9.74619 -10.9645
-9.89848 -10.9645
-10.0508 -10.8122
-10.3553 -10.8122
-10.5076 -10.8122
-10.6599 -10.6599
-10.8122 -10.6599
-11.1168 -10.5076
-11.269 -10.5076
-11.4213 -10.3553
-11.5736 -10.3553
-11.8782 -10.203
-12.0305 -10.203
-12.1827 -10.0508
-12.335 -10.0508
-12.6396 -9.89848
-12.7919 -9.89848
-12.9442 -9.74619
-13.0964 -9.59391
-13.2487 -9.59391
-13.5533 -9.44162
-13.7056 -9.44162
-13.8579 -9.28934
-14.0102 -9.13706
-14.3147 -9.13706
-14.467 -8.98477
-14.6193 -8.83249
-14.7716 -8.83249
-14.9239 -8.6802
-15.2284 -8.52792
-15.3807 -8.52792
-15.533 -8.37563
-15.6853 -8.22335
-15.9898 -8.07107
-16.1421 -8.07107
-16.2944 -7.91878
-16.4467 -7.7665
-16.7513 -7.61421
-16.9036 -7.46193
-17.0558 -7.46193
-17.2081 -7.30964
-17.5127 -7.15736
-17.665 -7.00508
-17.8173 -6.85279
-18.1218 -6.70051
-18.2741 -6.54822
-18.4264 -6.39594
-18.731 -6.24365
-18.8832 -6.09137
-19.0355 -5.93909
-19.3401 -5.7868
-19.4924 -5.63452
-19.6447 -5.48223
-19.9492 -5.32995
-20.1015 -5.02538
-20.2538 -4.8731
-20.4061 -4.72081
-20.7107 -4.56853
-20.8629 -4.26396
-21.0152 -4.11168
-21.1675 -3.80711
-21.3198 -3.65482
-21.4721 -3.50254
-21.6244 -3.19797
-21.7766 -2.8934
-21.9289 -2.74112
-22.0812 -2.43655
-22.2335 -2.28426
-22.3858 -1.9797
-22.5381 -1.67513
-22.5381 -1.52284
-22.6904 -1.21827
-22.8426 -0.913706
-22.8426 -0.609137
-22.9949 -0.456853
-23.1472 -0.152284
-23.1472 0.152284
-23.2995 0.456853
-23.2995 0.761421
-23.4518 1.06599
-23.4518 1.37056
-23.4518 1.52284
-23.6041 1.82741
-23.6041 2.13198
-23.7563 2.43655
-23.7563 2.74112
-23.7563 3.04569
-23.9086 3.35025
-23.9086 3.65482
-23.9086 4.11168
-24.0609 4.41624
-24.0609 4.72081
-24.0609 5.02538
-24.2132 5.32995
-24.2132 5.63452
-24.2132 6.09137
-24.2132 6.39594
-24.3655 6.70051
-24.3655 7.00508
-24.3655 7.46193
-24.3655 7.7665
-24.2132 8.07107
-24.2132 8.52792
-24.2132 8.83249
-24.2132 9.13706
-24.0609 9.44162
-24.0609 9.89848
-23.9086 10.203
-23.7563 10.5076
-23.6041 10.8122
-23.4518 11.1168
-23.2995 11.4213
-23.1472 11.7259
-22.8426 12.0305
-22.6904 12.1827
-22.3858 12.4873
-22.2335 12.6396
-21.9289 12.9442
-21.6244 13.0964
-21.3198 13.2487
-21.0152 13.401
-20.7107 13.5533
-20.4061 13.7056
-20.1015 13.8579
-19.6447 14.0102
-19.3401 14.1624
-19.0355 14.1624
-18.731 14.3147
-18.2741 14.3147
-17.9695 14.467
-17.665 14.467
-17.2081 14.467
-16.9036 14.467
-16.599 14.6193
-16.2944 14.6193
-15.8376 14.6193
-15.533 14.6193
-15.2284 14.6193
-14.9239 14.6193
-14.6193 14.6193
-14.3147 14.6193
-14.0102 14.6193
-13.7056 14.6193
-13.401 14.6193
-13.0964 14.6193
-12.7919 14.6193
-12.4873 14.6193
-12.1827 14.6193
-11.8782 14.6193
-11.5736 14.467
-11.4213 14.467
-11.1168 14.467
-10.8122 14.467
-10.5076 14.467
-10.203 14.467
-10.0508 14.3147
-9.74619 14.3147
-9.44162 14.3147
-9.28934 14.1624
-8.98477 14.1624
-8.6802 14.1624
-8.52792 14.0102
-8.22335 14.0102
-8.07107 13.8579
-7.7665 13.8579
-7.46193 13.8579
-7.30964 13.7056
-7.00508 13.5533
-6.85279 13.5533
-6.54822 13.401
-6.39594 13.401
-6.09137 13.2487
-5.93909 13.0964
-5.7868 13.0964
-5.48223 12.9442
-5.32995 12.7919
-5.17766 12.7919
-4.8731 12.6396
-4.72081 12.4873
-4.56853 12.4873
-4.26396 12.335
-4.11168 12.1827
-3.95939 12.0305
-3.80711 11.8782
-3.50254 11.8782
-3.35025 11.7259
-3.19797 11.5736
-3.04569 11.4213
-2.8934 11.269
-2.74112 11.269
-2.58883 11.1168
-2.43655 10.9645
-2.28426 10.8122
-1.9797 10.6599
-1.82741 10.6599
-1.67513 10.5076
-1.52284 10.3553
-1.37056 10.203
-1.21827 10.0508
-1.06599 10.0508
-0.913706 9.89848
-0.761421 9.74619
-0.609137 9.59391
-0.456853 9.59391
-0.304569 9.44162
-0.152284 9.28934
0 9.28934
0.152284 9.13706
0.456853 8.98477
0.609137 8.98477
0.761421 8.83249
0.913706 8.6802
1.06599 8.6802
1.37056 8.52792
1.52284 8.37563
1.67513 8.37563
1.82741 8.22335
2.13198 8.07107
2.28426 8.07107
2.43655 7.91878
2.74112 7.7665
2.8934 7.61421
3.04569 7.61421
3.35025 7.46193
3.50254 7.30964
3.65482 7.15736
3.95939 7.00508
4.11168 6.85279
4.26396 6.70051
4.41624 6.54822
4.56853 6.39594
4.8731 6.24365
5.02538 6.09137
5.17766 5.93909
5.32995 5.63452
5.48223 5.48223
5.63452 5.32995
5.7868 5.02538
5.93909 4.8731
5.93909 4.72081
6.09137 4.41624
6.24365 4.26396
6.39594 4.11168
6.54822 3.80711
6.70051 3.65482
6.85279 3.35025
7.00508 3.19797
7.15736 2.8934
7.30964 2.74112
7.46193 2.43655
7.7665 2.28426
7.91878 1.9797
8.22335 1.82741
8.37563 1.52284
8.6802 1.21827
8.98477 1.06599
9.28934 0.761421
