9.74619 0.761421
9.59391 0.456853
9.44162 0.152284
9.28934 -0.152284
9.13706 -0.456853
9.13706 -0.761421
8.98477 -1.06599
8.98477 -1.21827
8.98477 -1.52284
8.83249 -1.82741
8.83249 -2.13198
8.83249 -2.43655
8.83249 -2.74112
8.83249 -3.04569
8.83249 -3.35025
8.83249 -3.50254
8.83249 -3.80711
8.83249 -4.11168
8.6802 -4.41624
8.6802 -4.72081
8.6802 -5.02538
8.6802 -5.32995
8.52792 -5.63452
8.52792 -5.93909
8.37563 -6.24365
8.22335 -6.54822
8.22335 -6.85279
8.07107 -7.00508
7.91878 -7.30964
7.7665 -7.61421
7.61421 -7.7665
7.30964 -8.07107
7.15736 -8.22335
7.00508 -8.52792
6.70051 -8.6802
6.54822 -8.83249
6.24365 -9.13706
6.09137 -9.28934
5.7868 -9.44162
5.63452 -9.59391
5.32995 -9.74619
5.02538 -9.89848
4.8731 -10.0508
4.56853 -10.203
4.26396 -10.3553
3.95939 -10.5076
3.80711 -10.6599
3.50254 -10.8122
3.19797 -10.8122
2.8934 -10.9645
2.74112 -11.1168
2.43655 -11.1168
2.13198 -11.269
1.82741 -11.269
1.67513 -11.4213
1.37056 -11.4213
1.06599 -11.5736
0.761421 -11.5736
0.609137 -11.7259
0.304569 -11.7259
0 -11.7259
-0.304569 -11.7259
-0.456853 -11.8782
-0.761421 -11.8782
-1.06599 -11.8782
-1.21827 -11.8782
-1.52284 -12.0305
-1.82741 -12.0305
-2.13198 -12.0305
-2.28426 -12.0305
-2.58883 -12.0305
-2.74112 -12.0305
-3.04569 -12.0305
-3.35025 -12.0305
-3.50254 -12.0305
-3.80711 -12.0305
-3.95939 -12.0305
-4.26396 -12.0305
-4.56853 -11.8782
-4.72081 -11.8782
-5.02538 -11.8782
-5.17766 -11.8782
-5.48223 -11.8782
-5.63452 -11.8782
-5.93909 -11.7259
-6.09137 -11.7259
-6.39594 -11.7259
-6.54822 -11.7259
-6.70051 -11.5736
-7.00508 -11.5736
-7.15736 -11.5736
-7.46193 -11.4213
-7.61421 -11.4213
-7.7665 -11.4213
-8.07107 -11.269
-8.22335 -11.269
-8.37563 -11.1168
-8.6802 -11.1168
-8.83249 -11.1168
-8.98477 -10.9645
-9.28934 -10.9645
-9.44162 -10.8122
-9.59391 -10.8122
-9.89848 -10.6599
-10.0508 -10.6599
-10.203 -10.5076
-10.3553 -10.5076
-10.6599 -10.5076
-10.8122 -10.3553
-10.9645 -10.3553
-11.1168 -10.203
-11.4213 -10.0508
-11.5736 -10.0508
-11.7259 -9.89848
-11.8782 -9.89848
-12.0305 -9.74619
-12.335 -9.74619
-12.4873 -9.59391
-12.6396 -9.59391
-12.7919 -9.44162
-12.9442 -9.28934
-13.2487 -9.28934
-13.401 -9.13706
-13.5533 -9.13706
-13.7056 -8.98477
-13.8579 -8.83249
-14.0102 -8.83249
-14.3147 -8.6802
-14.467 -8.52792
-14.6193 -8.52792
-14.7716 -8.37563
-14.9239 -8.22335
-15.2284 -8.07107
-15.3807 -8.07107
-15.533 -7.91878
-15.6853 -7.7665
-15.8376 -7.61421
-15.9898 -7.61421
-16.2944 -7.46193
-16.4467 -7.30964
-16.599 -7.15736
-16.7513 -7.00508
-16.9036 -6.85279
-17.2081 -6.85279
-17.3604 -6.70051
-17.5127 -6.54822
-17.665 -6.39594
-17.8173 -6.24365
-18.1218 -6.09137
-18.2741 -5.93909
-18.4264 -5.7868
-18.5787 -5.63452
-18.731 -5.48223
-18.8832 -5.32995
-19.1878 -5.17766
-19.3401 -4.8731
-19.4924 -4.72081
-19.6447 -4.56853
-19.797 -4.41624
-19.9492 -4.26396
-20.1015 -3.95939
-20.2538 -3.80711
-20.4061 -3.65482
-20.5584 -3.35025
-20.7107 -3.19797
-20.8629 -2.8934
-21.0152 -2.74112
-21.1675 -2.43655
-21.1675 -2.28426
-21.3198 -1.9797
-21.4721 -1.82741
-21.6244 -1.52284
-21.6244 -1.37056
-21.7766 -1.06599
-21.9289 -0.761421
-21.9289 -0.609137
-22.0812 -0.304569
-22.0812 0
-22.2335 0.152284
-22.2335 0.456853
-22.2335 0.761421
-22.3858 0.913706
-22.3858 1.21827
-22.3858 1.52284
-22.5381 1.82741
-22.5381 1.9797
-22.5381 2.28426
-22.5381 2.58883
-22.6904 2.8934
-22.6904 3.19797
-22.6904 3.50254
-22.6904 3.65482
-22.6904 3.95939
-22.6904 4.26396
-22.6904 4.56853
-22.6904 4.8731
-22.6904 5.17766
-22.6904 5.48223
-22.6904 5.7868
-22.6904 6.09137
-22.6904 6.39594
-22.5381 6.54822
-22.5381 6.85279
-22.5381 7.15736
-22.3858 7.46193
-22.3858 7.7665
-22.2335 8.07107
-22.2335 8.37563
-22.0812 8.6802
-21.9289 8.98477
-21.9289 9.13706
-21.7766 9.44162
-21.6244 9.74619
-21.4721 10.0508
-21.3198 10.203
-21.1675 10.5076
-21.0152 10.6599
-20.7107 10.9645
-20.5584 11.1168
-20.4061 11.4213
-20.1015 11.5736
-19.797 11.7259
-19.6447 11.8782
-19.3401 12.0305
-19.1878 12.1827
-18.8832 12.335
-18.5787 12.4873
-18.2741 12.6396
-17.9695 12.7919
-17.8173 12.9442
-17.5127 12.9442
-17.2081 13.0964
-16.9036 13.0964
-16.599 13.2487
-16.2944 13.2487
-15.9898 13.401
-15.6853 13.401
-15.533 13.401
-15.2284 13.5533
-14.9239 13.5533
-14.6193 13.5533
-14.3147 13.5533
-14.0102 13.5533
-13.7056 13.5533
-13.5533 13.5533
-13.2487 13.5533
-12.9442 13.5533
-12.6396 13.5533
-12.335 13.5533
-12.1827 13.5533
-11.8782 13.5533
-11.5736 13.5533
-11.4213 13.5533
-11.1168 13.5533
-10.8122 13.5533
-10.6599 13.401
-10.3553 13.401
-10.0508 13.401
-9.89848 13.401
-9.59391 13.401
-9.44162 13.2487
-9.13706 13.2487
-8.98477 13.2487
-8.6802 13.2487
-8.52792 13.0964
-8.22335 13.0964
-8.07107 13.0964
-7.7665 13.0964
-7.61421 13.0964
-7.46193 12.9442
-7.15736 12.9442
-7.00508 12.9442
-6.70051 12.9442
-6.54822 12.7919
-6.39594 12.7919
-6.09137 12.7919
-5.93909 12.6396
-5.7868 12.6396
-5.48223 12.6396
-5.32995 12.4873
-5.17766 12.4873
-4.8731 12.4873
-4.72081 12.335
-4.56853 12.335
-4.26396 12.1827
-4.11168 12.1827
-3.95939 12.0305
-3.80711 11.8782
-3.50254 11.8782
-3.35025 11.7259
-3.19797 11.5736
-3.04569 11.5736
-2.8934 11.4213
-2.74112 11.269
-2.58883 11.1168
-2.43655 10.9645
-2.28426 10.9645
-1.9797 10.8122
-1.82741 10.6599
-1.67513 10.5076
-1.52284 10.3553
-1.37056 10.203
-1.37056 10.203
-1.21827 10.0508
-1.06599 9.89848
-0.913706 9.74619
-0.761421 9.59391
-0.609137 9.44162
-0.456853 9.44162
-0.304569 9.28934
-0.152284 9.13706
0 8.98477
0.304569 8.98477
0.456853 8.83249
0.609137 8.6802
0.761421 8.6802
0.913706 8.52792
1.06599 8.37563
1.21827 8.37563
1.52284 8.22335
1.67513 8.07107
1.82741 8.07107
2.13198 7.91878
2.28426 7.7665
2.43655 7.7665
2.74112 7.61421
2.8934 7.46193
3.04569 7.46193
3.35025 7.30964
3.50254 7.15736
3.80711 7.00508
3.95939 6.85279
4.11168 6.70051
4.41624 6.54822
4.56853 6.39594
4.72081 6.24365
5.02538 6.09137
5.17766 5.93909
5.32995 5.7868
5.63452 5.63452
5.7868 5.48223
5.93909 5.17766
6.09137 5.02538
6.39594 4.8731
6.54822 4.56853
6.70051 4.41624
6.85279 4.26396
7.15736 3.95939
7.30964 3.80711
7.46193 3.50254
7.61421 3.35025
7.7665 3.04569
7.91878 2.8934
8.22335 2.58883
8.37563 2.28426
8.52792 2.13198
8.6802 1.82741
8.98477 1.52284
9.13706 1.21827
9.28934 1.06599
