9.13706 0.152284
9.28934 -0.152284
9.28934 -0.456853
9.28934 -0.761421
9.28934 -1.06599
9.28934 -1.37056
9.28934 -1.67513
9.28934 -1.9797
9.44162 -2.28426
9.44162 -2.43655
9.44162 -2.74112
9.44162 -3.04569
9.28934 -3.35025
9.28934 -3.65482
9.28934 -3.95939
9.28934 -4.26396
9.28934 -4.56853
9.13706 -4.8731
9.13706 -5.17766
8.98477 -5.48223
8.98477 -5.63452
8.83249 -5.93909
8.6802 -6.24365
8.52792 -6.54822
8.52792 -6.85279
8.37563 -7.00508
8.22335 -7.30964
7.91878 -7.46193
7.7665 -7.7665
7.61421 -8.07107
7.46193 -8.22335
7.15736 -8.37563
7.00508 -8.6802
6.85279 -8.83249
6.54822 -8.98477
6.39594 -9.28934
6.09137 -9.44162
5.7868 -9.59391
5.63452 -9.74619
5.32995 -9.89848
5.02538 -10.0508
4.8731 -10.203
4.56853 -10.3553
4.26396 -10.3553
4.11168 -10.5076
3.80711 -10.6599
3.50254 -10.8122
3.19797 -10.8122
3.04569 -10.9645
2.74112 -11.1168
2.43655 -11.1168
2.28426 -11.269
1.9797 -11.269
1.67513 -11.4213
1.37056 -11.4213
1.21827 -11.5736
0.913706 -11.5736
0.609137 -11.5736
0.456853 -11.7259
0.152284 -11.7259
-0.152284 -11.7259
-0.304569 -11.8782
-0.609137 -11.8782
-0.913706 -11.8782
-1.06599 -11.8782
-1.37056 -12.0305
-1.52284 -12.0305
-1.82741 -12.0305
-2.13198 -12.0305
-2.28426 -12.0305
-2.58883 -12.0305
-2.74112 -12.0305
-3.04569 -12.0305
-3.19797 -12.0305
-3.50254 -12.0305
-3.65482 -12.0305
-3.95939 -12.0305
-4.11168 -12.0305
-4.41624 -12.0305
-4.56853 -12.0305
-4.8731 -12.0305
-5.02538 -12.0305
-5.32995 -12.0305
-5.48223 -12.0305
-5.63452 -11.8782
-5.93909 -11.8782
-6.09137 -11.8782
-6.39594 -11.8782
-6.54822 -11.8782
-6.70051 -11.7259
-7.00508 -11.7259
-7.15736 -11.7259
-7.30964 -11.7259
-7.61421 -11.5736
-7.7665 -11.5736
-7.91878 -11.5736
-8.22335 -11.4213
-8.37563 -11.4213
-8.52792 -11.4213
-8.83249 -11.269
-8.98477 -11.269
-9.13706 -11.1168
-9.28934 -11.1168
-9.59391 -11.1168
-9.74619 -10.9645
-9.89848 -10.9645
-10.0508 -10.8122
-10.203 -10.8122
-10.5076 -10.6599
-10.6599 -10.6599
-10.8122 -10.5076
-10.9645 -10.5076
-11.1168 -10.3553
-11.4213 -10.3553
-11.5736 -10.203
-11.7259 -10.0508
-11.8782 -10.0508
-12.0305 -9.89848
-12.1827 -9.89848
-12.4873 -9.74619
-12.6396 -9.74619
-12.7919 -9.59391
-12.9442 -9.44162
-13.0964 -9.44162
-13.2487 -9.28934
-13.401 -9.13706
-13.7056 -9.13706
-13.8579 -8.98477
-14.0102 -8.98477
-14.1624 -8.83249
-14.3147 -8.6802
-14.467 -8.6802
-14.6193 -8.52792
-14.9239 -8.37563
-15.0761 -8.22335
-15.2284 -8.22335
-15.3807 -8.07107
-15.533 -7.91878
-15.8376 -7.91878
-15.9898 -7.7665
-16.1421 -7.61421
-16.2944 -7.46193
-16.4467 -7.30964
-16.7513 -7.30964
-16.9036 -7.15736
-17.0558 -7.00508
-17.2081 -6.85279
-17.5127 -6.70051
-17.665 -6.54822
-17.8173 -6.39594
-17.9695 -6.24365
-18.2741 -6.09137
-18.4264 -5.93909
-18.5787 -5.7868
-18.731 -5.63452
-18.8832 -5.48223
-19.1878 -5.32995
-19.3401 -5.17766
-19.4924 -5.02538
-19.6447 -4.72081
-19.797 -4.56853
-19.9492 -4.41624
-20.2538 -4.26396
-20.4061 -3.95939
-20.5584 -3.80711
-20.7107 -3.65482
-20.7107 -3.35025
-20.8629 -3.19797
-21.0152 -2.8934
-21.1675 -2.74112
-21.3198 -2.43655
-21.4721 -2.13198
-21.4721 -1.9797
-21.6244 -1.67513
-21.6244 -1.52284
-21.7766 -1.21827
-21.9289 -0.913706
-21.9289 -0.761421
-21.9289 -0.456853
-22.0812 -0.152284
-22.0812 0.152284
-22.2335 0.304569
-22.2335 0.609137
-22.2335 0.913706
-22.2335 1.21827
-22.3858 1.37056
-22.3858 1.67513
-22.3858 1.9797
-22.3858 2.28426
-22.3858 2.58883
-22.3858 2.8934
-22.5381 3.04569
-22.5381 3.35025
-22.5381 3.65482
-22.5381 3.95939
-22.5381 4.26396
-22.5381 4.56853
-22.5381 4.8731
-22.5381 5.17766
-22.5381 5.48223
-22.3858 5.7868
-22.3858 6.09137
-22.3858 6.39594
-22.3858 6.54822
-22.2335 6.85279
-22.2335 7.15736
-22.0812 7.46193
-22.0812 7.7665
-21.9289 8.07107
-21.7766 8.37563
-21.7766 8.6802
-21.6244 8.83249
-21.4721 9.13706
-21.3198 9.44162
-21.1675 9.59391
-21.0152 9.89848
-20.7107 10.0508
-20.5584 10.3553
-20.4061 10.5076
-20.1015 10.8122
-19.9492 10.9645
-19.6447 11.1168
-19.3401 11.269
-19.1878 11.4213
-18.8832 11.5736
-18.5787 11.7259
-18.2741 11.8782
-17.9695 11.8782
-17.665 12.0305
-17.3604 12.1827
-17.2081 12.1827
-16.9036 12.335
-16.599 12.335
-16.2944 12.4873
-15.9898 12.4873
-15.6853 12.4873
-15.3807 12.6396
-15.0761 12.6396
-14.7716 12.6396
-14.467 12.6396
-14.3147 12.6396
-14.0102 12.7919
-13.7056 12.7919
-13.401 12.7919
-13.0964 12.7919
-12.9442 12.7919
-12.6396 12.7919
-12.335 12.7919
-12.1827 12.7919
-11.8782 12.7919
-11.5736 12.9442
-11.4213 12.9442
-11.1168 12.9442
-10.8122 12.9442
-10.6599 12.7919
-10.3553 12.7919
-10.203 12.7919
-9.89848 12.7919
-9.59391 12.7919
-9.44162 12.7919
-9.13706 12.7919
-8.98477 12.7919
-8.6802 12.6396
-8.52792 12.6396
-8.22335 12.6396
-8.07107 12.6396
-7.7665 12.4873
-7.61421 12.4873
-7.46193 12.4873
-7.15736 12.335
-7.00508 12.335
-6.70051 12.335
-6.54822 12.1827
-6.39594 12.1827
-6.09137 12.0305
-5.93909 12.0305
-5.7868 11.8782
-5.48223 11.8782
-5.32995 11.7259
-5.17766 11.7259
-4.8731 11.5736
-4.72081 11.5736
-4.56853 11.4213
-4.41624 11.269
-4.11168 11.269
-3.95939 11.1168
-3.80711 10.9645
-3.65482 10.9645
-3.50254 10.8122
-3.35025 10.8122
-3.04569 10.6599
-2.8934 10.5076
-2.74112 10.5076
-2.58883 10.3553
-2.43655 10.203
-2.28426 10.203
-2.13198 10.0508
-1.9797 9.89848
-1.82741 9.89848
-1.67513 9.74619
-1.52284 9.59391
-1.21827 9.59391
-1.06599 9.44162
-0.913706 9.28934
-0.761421 9.28934
-0.609137 9.13706
-0.456853 8.98477
-0.304569 8.98477
-0.152284 8.83249
0 8.6802
0.152284 8.6802
0.456853 8.52792
0.609137 8.52792
0.761421 8.37563
0.913706 8.22335
1.06599 8.22335
1.37056 8.07107
1.52284 7.91878
1.67513 7.91878
1.9797 7.7665
2.13198 7.7665
2.28426 7.61421
2.58883 7.46193
2.74112 7.30964
2.8934 7.30964
3.19797 7.15736
3.35025 7.00508
3.50254 6.85279
3.80711 6.85279
3.95939 6.70051
4.26396 6.54822
4.41624 6.39594
4.56853 6.24365
4.8731 6.09137
5.02538 5.93909
5.17766 5.7868
5.48223 5.63452
5.63452 5.48223
5.7868 5.17766
5.93909 5.02538
6.24365 4.8731
6.39594 4.72081
6.54822 4.41624
6.70051 4.26396
6.85279 4.11168
7.15736 3.80711
7.30964 3.65482
7.46193 3.35025
7.61421 3.19797
7.7665 2.8934
7.91878 2.74112
8.07107 2.43655
8.22335 2.28426
8.37563 1.9797
8.52792 1.67513
8.6802 1.52284
8.83249 1.21827
8.98477 0.913706
9.13706 0.609137
9.13706 0.304569
