5.93909 -0.609137
5.93909 -0.761421
5.93909 -0.913706
5.93909 -1.21827
5.93909 -1.37056
5.7868 -1.52284
5.7868 -1.82741
5.7868 -1.9797
5.63452 -2.13198
5.63452 -2.28426
5.48223 -2.58883
5.48223 -2.74112
5.32995 -2.8934
5.32995 -3.04569
5.17766 -3.35025
5.17766 -3.50254
5.02538 -3.65482
4.8731 -3.80711
4.72081 -3.95939
4.72081 -4.11168
4.56853 -4.26396
4.41624 -4.41624
4.26396 -4.56853
4.11168 -4.72081
4.11168 -4.8731
3.95939 -5.02538
3.80711 -5.17766
3.65482 -5.32995
3.50254 -5.48223
3.35025 -5.63452
3.19797 -5.7868
3.19797 -5.7868
3.04569 -5.93909
2.8934 -6.09137
2.74112 -6.24365
2.58883 -6.39594
2.43655 -6.39594
2.28426 -6.54822
2.13198 -6.70051
1.9797 -6.85279
1.82741 -6.85279
1.67513 -7.00508
1.67513 -7.15736
1.52284 -7.15736
1.37056 -7.30964
1.21827 -7.46193
1.06599 -7.61421
0.913706 -7.61421
0.761421 -7.7665
0.609137 -7.91878
0.609137 -7.91878
0.456853 -8.07107
0.304569 -8.22335
0.152284 -8.22335
0 -8.37563
-0.152284 -8.52792
-0.304569 -8.52792
-0.456853 -8.6802
-0.609137 -8.83249
-0.609137 -8.83249
-0.761421 -8.98477
-0.913706 -8.98477
-1.06599 -9.13706
-1.21827 -9.28934
-1.37056 -9.28934
-1.52284 -9.44162
-1.67513 -9.44162
-1.82741 -9.59391
-1.9797 -9.59391
-2.13198 -9.59391
-2.28426 -9.74619
-2.43655 -9.74619
-2.58883 -9.89848
-2.74112 -9.89848
-3.04569 -9.89848
-3.19797 -9.89848
-3.35025 -9.89848
-3.50254 -10.0508
-3.65482 -10.0508
-3.80711 -10.0508
-3.95939 -10.0508
-4.11168 -10.0508
-4.26396 -10.0508
-4.56853 -10.0508
-4.72081 -10.0508
-4.8731 -10.0508
-5.02538 -10.0508
-5.17766 -10.0508
-5.32995 -10.0508
-5.48223 -10.0508
-5.63452 -10.0508
-5.7868 -9.89848
-5.93909 -9.89848
-6.09137 -9.89848
-6.24365 -9.89848
-6.39594 -9.89848
-6.70051 -9.89848
-6.85279 -9.89848
-7.00508 -9.89848
-7.15736 -9.74619
-7.30964 -9.74619
-7.46193 -9.74619
-7.61421 -9.74619
-7.7665 -9.74619
-7.91878 -9.74619
-8.07107 -9.74619
-8.22335 -9.74619
-8.37563 -9.59391
-8.52792 -9.59391
-8.83249 -9.59391
-8.98477 -9.59391
-9.13706 -9.59391
-9.28934 -9.59391
-9.44162 -9.44162
-9.59391 -9.44162
-9.74619 -9.44162
-9.89848 -9.28934
-10.0508 -9.28934
-10.203 -9.28934
-10.5076 -9.13706
-10.6599 -9.13706
-10.8122 -9.13706
-10.9645 -8.98477
-11.1168 -8.98477
-11.269 -8.83249
-11.4213 -8.83249
-11.5736 -8.6802
-11.7259 -8.6802
-11.8782 -8.52792
-12.0305 -8.37563
-12.1827 -8.37563
-12.335 -8.22335
-12.4873 -8.22335
-12.6396 -8.07107
-12.7919 -7.91878
-12.9442 -7.91878
-13.0964 -7.7665
-13.2487 -7.61421
-13.401 -7.61421
-13.5533 -7.46193
-13.7056 -7.30964
-13.8579 -7.30964
-14.0102 -7.15736
-14.1624 -7.00508
-14.467 -6.85279
-14.6193 -6.85279
-14.7716 -6.70051
-14.9239 -6.54822
-15.0761 -6.39594
-15.2284 -6.39594
-15.3807 -6.24365
-15.6853 -6.09137
-15.8376 -5.93909
-15.9898 -5.7868
-16.1421 -5.63452
-16.2944 -5.48223
-16.4467 -5.48223
-16.7513 -5.32995
-16.9036 -5.02538
-17.0558 -4.8731
-17.2081 -4.72081
-17.3604 -4.56853
-17.5127 -4.41624
-17.5127 -4.26396
-17.665 -3.95939
-17.8173 -3.80711
-17.9695 -3.65482
-17.9695 -3.50254
-18.1218 -3.19797
-18.1218 -3.04569
-18.2741 -2.74112
-18.2741 -2.58883
-18.2741 -2.28426
-18.4264 -2.13198
-18.4264 -1.9797
-18.4264 -1.67513
-18.4264 -1.52284
-18.4264 -1.21827
-18.4264 -1.06599
-18.4264 -0.761421
-18.2741 -0.609137
-18.2741 -0.304569
-18.2741 -0.152284
-18.1218 0.152284
-18.1218 0.304569
-18.1218 0.456853
-17.9695 0.761421
-17.9695 0.913706
-17.8173 1.06599
-17.8173 1.37056
-17.665 1.52284
-17.5127 1.67513
-17.5127 1.9797
-17.3604 2.13198
-17.2081 2.28426
-17.2081 2.58883
-17.0558 2.74112
-16.9036 2.8934
-16.9036 3.04569
-16.7513 3.19797
-16.599 3.35025
-16.599 3.65482
-16.4467 3.80711
-16.2944 3.95939
-16.1421 4.11168
-15.9898 4.26396
-15.9898 4.41624
-15.8376 4.56853
-15.6853 4.72081
-15.533 4.8731
-15.3807 5.02538
-15.2284 5.17766
-15.0761 5.32995
-14.9239 5.48223
-14.7716 5.63452
-14.6193 5.7868
-14.467 5.93909
-14.3147 5.93909
-14.1624 6.09137
-14.0102 6.24365
-13.8579 6.39594
-13.7056 6.39594
-13.5533 6.54822
-13.401 6.70051
-13.2487 6.70051
-13.0964 6.85279
-12.9442 6.85279
-12.6396 7.00508
-12.4873 7.00508
-12.335 7.15736
-12.1827 7.15736
-12.0305 7.30964
-11.8782 7.30964
-11.7259 7.46193
-11.5736 7.46193
-11.269 7.46193
-11.1168 7.61421
-10.9645 7.61421
-10.8122 7.7665
-10.6599 7.7665
-10.5076 7.7665
-10.3553 7.7665
-10.203 7.91878
-9.89848 7.91878
-9.74619 7.91878
-9.59391 7.91878
-9.44162 8.07107
-9.28934 8.07107
-9.13706 8.07107
-8.98477 8.07107
-8.83249 8.07107
-8.6802 8.07107
-8.52792 8.22335
-8.37563 8.22335
-8.22335 8.22335
-8.07107 8.22335
-7.91878 8.22335
-7.7665 8.22335
-7.61421 8.37563
-7.46193 8.37563
-7.15736 8.37563
-7.00508 8.37563
-6.85279 8.37563
-6.70051 8.37563
-6.54822 8.37563
-6.39594 8.52792
-6.24365 8.52792
-6.09137 8.52792
-5.93909 8.52792
-5.7868 8.52792
-5.63452 8.52792
-5.48223 8.6802
-5.32995 8.6802
-5.17766 8.6802
-5.02538 8.6802
-4.8731 8.6802
-4.72081 8.6802
-4.56853 8.6802
-4.41624 8.6802
-4.11168 8.6802
-3.95939 8.83249
-3.80711 8.83249
-3.65482 8.83249
-3.50254 8.83249
-3.35025 8.6802
-3.19797 8.6802
-3.04569 8.6802
-2.8934 8.6802
-2.58883 8.6802
-2.43655 8.6802
-2.28426 8.6802
-2.13198 8.52792
-1.9797 8.52792
-1.82741 8.52792
-1.67513 8.37563
-1.52284 8.37563
-1.37056 8.37563
-1.21827 8.22335
-1.06599 8.22335
-0.761421 8.07107
-0.609137 8.07107
-0.456853 8.07107
-0.304569 7.91878
-0.152284 7.91878
0 7.7665
0.152284 7.7665
0.304569 7.61421
0.456853 7.61421
0.609137 7.46193
0.913706 7.46193
1.06599 7.46193
1.21827 7.30964
1.37056 7.30964
1.52284 7.15736
1.82741 7.15736
1.9797 7.00508
2.13198 7.00508
2.43655 6.85279
2.58883 6.85279
2.74112 6.70051
3.04569 6.70051
3.19797 6.54822
3.35025 6.54822
3.65482 6.39594
3.80711 6.39594
4.11168 6.24365
4.26396 6.09137
4.41624 5.93909
4.72081 5.93909
4.8731 5.7868
5.02538 5.63452
5.32995 5.48223
5.48223 5.32995
5.63452 5.17766
5.7868 5.02538
6.09137 4.8731
6.24365 4.72081
6.39594 4.56853
6.54822 4.26396
6.70051 4.11168
6.70051 3.95939
6.85279 3.80711
7.00508 3.50254
7.15736 3.35025
7.15736 3.04569
7.15736 2.8934
7.30964 2.58883
7.30964 2.43655
7.30964 2.13198
7.30964 1.9797
7.30964 1.67513
7.30964 1.52284
7.15736 1.21827
7.15736 1.06599
7.00508 0.761421
6.85279 0.456853
6.70051 0.304569
6.54822 0
6.24365 -0.152284
6.09137 -0.304569
