6.24365 1.52284
6.24365 1.21827
6.24365 0.913706
6.24365 0.609137
6.24365 0.456853
6.09137 0.152284
6.09137 -0.152284
6.09137 -0.304569
5.93909 -0.609137
5.93909 -0.913706
5.7868 -1.21827
5.7868 -1.37056
5.63452 -1.67513
5.63452 -1.82741
5.48223 -2.13198
5.32995 -2.43655
5.17766 -2.58883
5.02538 -2.8934
5.02538 -3.04569
4.8731 -3.35025
4.72081 -3.50254
4.56853 -3.80711
4.41624 -3.95939
4.26396 -4.11168
4.11168 -4.41624
3.95939 -4.56853
3.80711 -4.72081
3.65482 -5.02538
3.50254 -5.17766
3.35025 -5.32995
3.19797 -5.63452
2.8934 -5.7868
2.74112 -5.93909
2.58883 -6.09137
2.43655 -6.24365
2.28426 -6.39594
2.13198 -6.70051
1.9797 -6.85279
1.67513 -7.00508
1.52284 -7.15736
1.37056 -7.30964
1.21827 -7.46193
1.06599 -7.61421
0.761421 -7.7665
0.609137 -7.91878
0.456853 -8.07107
0.304569 -8.07107
0 -8.22335
-0.152284 -8.37563
-0.304569 -8.52792
-0.609137 -8.6802
-0.761421 -8.6802
-1.06599 -8.83249
-1.21827 -8.98477
-1.37056 -8.98477
-1.67513 -9.13706
-1.82741 -9.28934
-1.9797 -9.28934
-2.28426 -9.44162
-2.43655 -9.44162
-2.74112 -9.59391
-2.8934 -9.59391
-3.19797 -9.59391
-3.35025 -9.74619
-3.65482 -9.74619
-3.80711 -9.74619
-3.95939 -9.89848
-4.26396 -9.89848
-4.41624 -9.89848
-4.72081 -9.89848
-4.8731 -9.89848
-5.17766 -9.89848
-5.32995 -9.89848
-5.63452 -9.89848
-5.7868 -9.89848
-5.93909 -9.89848
-6.24365 -9.89848
-6.39594 -9.89848
-6.70051 -9.89848
-6.85279 -9.74619
-7.00508 -9.74619
-7.30964 -9.74619
-7.46193 -9.74619
-7.7665 -9.59391
-7.91878 -9.59391
-8.07107 -9.59391
-8.22335 -9.44162
-8.52792 -9.44162
-8.6802 -9.44162
-8.83249 -9.28934
-8.98477 -9.28934
-9.28934 -9.28934
-9.44162 -9.13706
-9.59391 -9.13706
-9.74619 -9.13706
-10.0508 -8.98477
-10.203 -8.98477
-10.3553 -8.83249
-10.5076 -8.83249
-10.6599 -8.83249
-10.8122 -8.6802
-10.9645 -8.6802
-11.269 -8.6802
-11.4213 -8.52792
-11.5736 -8.52792
-11.7259 -8.37563
-11.8782 -8.37563
-12.0305 -8.37563
-12.1827 -8.22335
-12.335 -8.22335
-12.4873 -8.07107
-12.7919 -8.07107
-12.9442 -7.91878
-13.0964 -7.91878
-13.2487 -7.91878
-13.401 -7.7665
-13.5533 -7.7665
-13.7056 -7.61421
-13.8579 -7.61421
-14.0102 -7.46193
-14.1624 -7.30964
-14.3147 -7.30964
-14.467 -7.15736
-14.6193 -7.15736
-14.7716 -7.00508
-14.9239 -6.85279
-15.0761 -6.85279
-15.2284 -6.70051
-15.3807 -6.54822
-15.533 -6.54822
-15.6853 -6.39594
-15.8376 -6.24365
-15.9898 -6.09137
-16.1421 -6.09137
-16.2944 -5.93909
-16.2944 -5.7868
-16.4467 -5.63452
-16.599 -5.63452
-16.7513 -5.48223
-16.9036 -5.32995
-17.0558 -5.17766
-17.2081 -5.17766
-17.3604 -5.02538
-17.5127 -4.8731
-17.665 -4.72081
-17.8173 -4.56853
-17.9695 -4.56853
-18.1218 -4.41624
-18.2741 -4.26396
-18.4264 -4.11168
-18.5787 -3.95939
-18.731 -3.80711
-18.8832 -3.65482
-19.0355 -3.65482
-19.1878 -3.50254
-19.3401 -3.35025
-19.4924 -3.19797
-19.6447 -3.04569
-19.797 -2.8934
-19.9492 -2.74112
-20.1015 -2.58883
-20.2538 -2.43655
-20.4061 -2.13198
-20.5584 -1.9797
-20.7107 -1.82741
-20.8629 -1.67513
-21.0152 -1.52284
-21.1675 -1.37056
-21.3198 -1.06599
-21.4721 -0.913706
-21.6244 -0.761421
-21.7766 -0.456853
-21.7766 -0.304569
-21.9289 -0.152284
-22.0812 0.152284
-22.2335 0.304569
-22.3858 0.609137
-22.3858 0.761421
-22.5381 1.06599
-22.6904 1.21827
-22.8426 1.52284
-22.8426 1.67513
-22.9949 1.9797
-22.9949 2.28426
-23.1472 2.43655
-23.1472 2.74112
-23.2995 3.04569
-23.2995 3.19797
-23.4518 3.50254
-23.4518 3.80711
-23.4518 3.95939
-23.6041 4.26396
-23.6041 4.56853
-23.6041 4.8731
-23.6041 5.17766
-23.6041 5.32995
-23.6041 5.63452
-23.6041 5.93909
-23.6041 6.24365
-23.6041 6.54822
-23.6041 6.70051
-23.4518 7.00508
-23.4518 7.30964
-23.4518 7.61421
-23.2995 7.7665
-23.2995 8.07107
-23.1472 8.37563
-22.9949 8.6802
-22.9949 8.83249
-22.8426 9.13706
-22.6904 9.28934
-22.5381 9.59391
-22.3858 9.74619
-22.2335 10.0508
-22.0812 10.203
-21.7766 10.3553
-21.6244 10.6599
-21.4721 10.8122
-21.1675 10.9645
-21.0152 11.1168
-20.7107 11.269
-20.4061 11.4213
-20.2538 11.5736
-19.9492 11.5736
-19.6447 11.7259
-19.3401 11.8782
-19.1878 11.8782
-18.8832 12.0305
-18.5787 12.0305
-18.2741 12.0305
-17.9695 12.1827
-17.665 12.1827
-17.5127 12.1827
-17.2081 12.1827
-16.9036 12.335
-16.599 12.335
-16.2944 12.335
-16.1421 12.335
-15.8376 12.335
-15.533 12.335
-15.3807 12.335
-15.0761 12.335
-14.7716 12.335
-14.6193 12.335
-14.3147 12.335
-14.1624 12.335
-13.8579 12.1827
-13.5533 12.1827
-13.401 12.1827
-13.2487 12.1827
-12.9442 12.1827
-12.7919 12.1827
-12.4873 12.1827
-12.335 12.1827
-12.1827 12.1827
-11.8782 12.1827
-11.7259 12.0305
-11.5736 12.0305
-11.269 12.0305
-11.1168 12.0305
-10.9645 12.0305
-10.6599 12.0305
-10.5076 12.0305
-10.3553 11.8782
-10.203 11.8782
-9.89848 11.8782
-9.74619 11.8782
-9.59391 11.8782
-9.44162 11.8782
-9.28934 11.7259
-8.98477 11.7259
-8.83249 11.7259
-8.6802 11.7259
-8.52792 11.7259
-8.37563 11.5736
-8.22335 11.5736
-8.07107 11.5736
-7.7665 11.5736
-7.61421 11.4213
-7.46193 11.4213
-7.30964 11.4213
-7.15736 11.269
-7.00508 11.269
-6.85279 11.269
-6.70051 11.1168
-6.54822 11.1168
-6.39594 10.9645
-6.09137 10.9645
-5.93909 10.8122
-5.7868 10.8122
-5.63452 10.6599
-5.48223 10.6599
-5.32995 10.5076
-5.17766 10.5076
-5.02538 10.3553
-4.8731 10.3553
-4.72081 10.203
-4.72081 10.203
-4.56853 10.0508
-4.41624 9.89848
-4.26396 9.89848
-4.11168 9.74619
-3.95939 9.74619
-3.80711 9.59391
-3.65482 9.44162
-3.50254 9.44162
-3.35025 9.28934
-3.19797 9.28934
-3.04569 9.13706
-2.8934 9.13706
-2.74112 8.98477
-2.58883 8.98477
-2.43655 8.83249
-2.28426 8.83249
-2.13198 8.6802
-1.9797 8.6802
-1.67513 8.52792
-1.52284 8.52792
-1.37056 8.37563
-1.21827 8.37563
-1.06599 8.22335
-0.761421 8.22335
-0.609137 8.07107
-0.456853 7.91878
-0.152284 7.91878
0 7.7665
0.152284 7.7665
0.456853 7.61421
0.609137 7.46193
0.913706 7.46193
1.06599 7.30964
1.37056 7.15736
1.52284 7.15736
1.67513 7.00508
1.9797 6.85279
2.13198 6.70051
2.43655 6.54822
2.58883 6.39594
2.8934 6.24365
3.04569 6.09137
3.35025 5.93909
3.50254 5.7868
3.80711 5.63452
3.95939 5.48223
4.26396 5.32995
4.41624 5.02538
4.56853 4.8731
4.8731 4.72081
5.02538 4.41624
5.17766 4.26396
5.32995 3.95939
5.48223 3.80711
5.63452 3.50254
5.7868 3.35025
5.7868 3.04569
5.93909 2.74112
6.09137 2.58883
6.09137 2.28426
6.09137 1.9797
6.24365 1.67513
