5.93909 1.67513
5.93909 1.37056
5.93909 1.06599
6.09137 0.913706
6.09137 0.609137
6.09137 0.304569
6.09137 0
6.09137 -0.152284
5.93909 -0.456853
5.93909 -0.761421
5.93909 -1.06599
5.7868 -1.21827
5.7868 -1.52284
5.63452 -1.82741
5.48223 -1.9797
5.32995 -2.28426
5.32995 -2.43655
5.17766 -2.74112
5.02538 -2.8934
4.8731 -3.19797
4.72081 -3.35025
4.56853 -3.65482
4.41624 -3.80711
4.26396 -4.11168
4.11168 -4.26396
3.95939 -4.56853
3.95939 -4.72081
3.80711 -4.8731
3.65482 -5.17766
3.50254 -5.32995
3.35025 -5.48223
3.19797 -5.7868
3.04569 -5.93909
2.8934 -6.09137
2.74112 -6.39594
2.58883 -6.54822
2.28426 -6.70051
2.13198 -6.85279
1.9797 -7.15736
1.82741 -7.30964
1.67513 -7.46193
1.52284 -7.61421
1.37056 -7.7665
1.06599 -7.91878
0.913706 -8.07107
0.761421 -8.22335
0.456853 -8.37563
0.304569 -8.52792
0.152284 -8.6802
-0.152284 -8.83249
-0.304569 -8.83249
-0.609137 -8.98477
-0.761421 -9.13706
-1.06599 -9.13706
-1.21827 -9.28934
-1.52284 -9.28934
-1.67513 -9.44162
-1.9797 -9.44162
-2.13198 -9.59391
-2.43655 -9.59391
-2.58883 -9.59391
-2.8934 -9.74619
-3.04569 -9.74619
-3.35025 -9.74619
-3.50254 -9.74619
-3.80711 -9.89848
-4.11168 -9.89848
-4.26396 -9.89848
-4.56853 -9.89848
-4.72081 -9.89848
-5.02538 -9.89848
-5.17766 -9.89848
-5.48223 -9.89848
-5.63452 -9.89848
-5.7868 -9.89848
-6.09137 -9.89848
-6.24365 -9.89848
-6.54822 -9.89848
-6.70051 -9.89848
-7.00508 -9.74619
-7.15736 -9.74619
-7.30964 -9.74619
-7.61421 -9.74619
-7.7665 -9.74619
-7.91878 -9.74619
-8.22335 -9.59391
-8.37563 -9.59391
-8.52792 -9.59391
-8.83249 -9.59391
-8.98477 -9.59391
-9.13706 -9.44162
-9.28934 -9.44162
-9.59391 -9.44162
-9.74619 -9.28934
-9.89848 -9.28934
-10.0508 -9.28934
-10.3553 -9.28934
-10.5076 -9.13706
-10.6599 -9.13706
-10.8122 -9.13706
-10.9645 -8.98477
-11.269 -8.98477
-11.4213 -8.83249
-11.5736 -8.83249
-11.7259 -8.83249
-11.8782 -8.6802
-12.1827 -8.6802
-12.335 -8.52792
-12.4873 -8.52792
-12.6396 -8.37563
-12.7919 -8.37563
-12.9442 -8.22335
-13.0964 -8.22335
-13.2487 -8.07107
-13.401 -8.07107
-13.7056 -7.91878
-13.8579 -7.91878
-14.0102 -7.7665
-14.1624 -7.7665
-14.3147 -7.61421
-14.467 -7.46193
-14.6193 -7.46193
-14.7716 -7.30964
-14.9239 -7.15736
-15.0761 -7.15736
-15.2284 -7.00508
-15.3807 -6.85279
-15.533 -6.85279
-15.6853 -6.70051
-15.8376 -6.54822
-15.9898 -6.39594
-16.1421 -6.39594
-16.2944 -6.24365
-16.4467 -6.09137
-16.599 -5.93909
-16.599 -5.93909
-16.7513 -5.7868
-16.9036 -5.63452
-17.0558 -5.48223
-17.2081 -5.32995
-17.3604 -5.32995
-17.5127 -5.17766
-17.665 -5.02538
-17.8173 -4.8731
-17.9695 -4.72081
-18.1218 -4.72081
-18.2741 -4.56853
-18.4264 -4.41624
-18.731 -4.26396
-18.8832 -4.11168
-19.0355 -3.95939
-19.1878 -3.95939
-19.3401 -3.80711
-19.4924 -3.65482
-19.6447 -3.50254
-19.797 -3.35025
-19.9492 -3.19797
-20.2538 -3.04569
-20.4061 -2.8934
-20.5584 -2.74112
-20.7107 -2.58883
-20.8629 -2.43655
-21.0152 -2.28426
-21.1675 -1.9797
-21.3198 -1.82741
-21.4721 -1.67513
-21.6244 -1.52284
-21.7766 -1.21827
-21.9289 -1.06599
-22.0812 -0.913706
-22.2335 -0.609137
-22.3858 -0.456853
-22.5381 -0.304569
-22.6904 0
-22.8426 0.152284
-22.8426 0.456853
-22.9949 0.609137
-23.1472 0.913706
-23.2995 1.21827
-23.2995 1.37056
-23.4518 1.67513
-23.6041 1.82741
-23.6041 2.13198
-23.7563 2.43655
-23.7563 2.74112
-23.9086 2.8934
-23.9086 3.19797
-24.0609 3.50254
-24.0609 3.80711
-24.0609 3.95939
-24.2132 4.26396
-24.2132 4.56853
-24.2132 4.8731
-24.3655 5.17766
-24.3655 5.48223
-24.3655 5.7868
-24.3655 6.09137
-24.3655 6.24365
-24.3655 6.54822
-24.3655 6.85279
-24.3655 7.15736
-24.3655 7.46193
-24.3655 7.7665
-24.3655 8.07107
-24.2132 8.37563
-24.2132 8.6802
-24.0609 8.98477
-24.0609 9.28934
-23.9086 9.44162
-23.7563 9.74619
-23.7563 10.0508
-23.6041 10.3553
-23.4518 10.5076
-23.2995 10.8122
-22.9949 10.9645
-22.8426 11.269
-22.6904 11.4213
-22.3858 11.5736
-22.2335 11.8782
-21.9289 12.0305
-21.6244 12.1827
-21.3198 12.335
-21.1675 12.335
-20.8629 12.4873
-20.5584 12.6396
-20.2538 12.7919
-19.9492 12.7919
-19.6447 12.7919
-19.3401 12.9442
-19.0355 12.9442
-18.731 12.9442
-18.4264 13.0964
-18.1218 13.0964
-17.8173 13.0964
-17.5127 13.0964
-17.2081 13.0964
-16.9036 13.0964
-16.599 13.0964
-16.2944 12.9442
-15.9898 12.9442
-15.6853 12.9442
-15.3807 12.9442
-15.0761 12.9442
-14.9239 12.7919
-14.6193 12.7919
-14.3147 12.7919
-14.1624 12.7919
-13.8579 12.7919
-13.5533 12.6396
-13.401 12.6396
-13.0964 12.6396
-12.9442 12.4873
-12.6396 12.4873
-12.4873 12.4873
-12.1827 12.4873
-12.0305 12.335
-11.8782 12.335
-11.5736 12.335
-11.4213 12.335
-11.269 12.1827
-10.9645 12.1827
-10.8122 12.1827
-10.6599 12.0305
-10.5076 12.0305
-10.203 12.0305
-10.0508 11.8782
-9.89848 11.8782
-9.74619 11.8782
-9.44162 11.7259
-9.28934 11.7259
-9.13706 11.7259
-8.98477 11.7259
-8.83249 11.5736
-8.6802 11.5736
-8.52792 11.5736
-8.37563 11.4213
-8.07107 11.4213
-7.91878 11.4213
-7.7665 11.269
-7.61421 11.269
-7.46193 11.269
-7.30964 11.1168
-7.15736 11.1168
-7.00508 11.1168
-6.85279 10.9645
-6.70051 10.9645
-6.54822 10.9645
-6.39594 10.9645
-6.24365 10.8122
-5.93909 10.8122
-5.7868 10.8122
-5.63452 10.6599
-5.48223 10.6599
-5.32995 10.6599
-5.17766 10.5076
-5.02538 10.5076
-4.8731 10.5076
-4.72081 10.3553
-4.56853 10.3553
-4.41624 10.3553
-4.11168 10.3553
-3.95939 10.203
-3.80711 10.203
-3.65482 10.0508
-3.50254 10.0508
-3.35025 10.0508
-3.04569 9.89848
-2.8934 9.89848
-2.74112 9.89848
-2.58883 9.74619
-2.43655 9.74619
-2.13198 9.59391
-1.9797 9.59391
-1.82741 9.44162
-1.67513 9.44162
-1.52284 9.28934
-1.21827 9.28934
-1.06599 9.13706
-0.913706 9.13706
-0.609137 8.98477
-0.456853 8.98477
-0.304569 8.83249
-0.152284 8.6802
0.152284 8.6802
0.304569 8.52792
0.456853 8.37563
0.761421 8.22335
0.913706 8.22335
1.06599 8.07107
1.21827 7.91878
1.52284 7.7665
1.67513 7.61421
1.82741 7.46193
1.9797 7.30964
2.28426 7.15736
2.43655 7.00508
2.58883 6.85279
2.74112 6.70051
2.8934 6.54822
3.19797 6.39594
3.35025 6.24365
3.50254 5.93909
3.65482 5.7868
3.80711 5.63452
3.95939 5.48223
4.11168 5.17766
4.26396 5.02538
4.41624 4.72081
4.56853 4.56853
4.72081 4.41624
4.8731 4.11168
5.02538 3.95939
5.17766 3.65482
5.32995 3.35025
5.32995 3.19797
5.48223 2.8934
5.63452 2.74112
5.7868 2.43655
5.7868 2.13198
5.93909 1.9797
