6.39594 2.13198
6.54822 1.82741
6.54822 1.52284
6.70051 1.21827
6.70051 0.761421
6.70051 0.456853
6.70051 0.152284
6.70051 -0.152284
6.54822 -0.456853
6.54822 -0.761421
6.39594 -1.21827
6.24365 -1.52284
6.24365 -1.82741
6.09137 -2.13198
5.93909 -2.43655
5.7868 -2.74112
5.63452 -2.8934
5.32995 -3.19797
5.17766 -3.50254
5.02538 -3.80711
4.72081 -3.95939
4.56853 -4.26396
4.26396 -4.56853
4.11168 -4.72081
3.80711 -5.02538
3.50254 -5.17766
3.35025 -5.48223
3.04569 -5.63452
2.74112 -5.7868
2.43655 -5.93909
2.13198 -6.24365
1.9797 -6.39594
1.67513 -6.54822
1.37056 -6.70051
1.06599 -6.85279
0.761421 -7.00508
0.609137 -7.15736
0.304569 -7.30964
0 -7.30964
-0.304569 -7.46193
-0.609137 -7.61421
-0.761421 -7.7665
-1.06599 -7.91878
-1.37056 -7.91878
-1.67513 -8.07107
-1.82741 -8.22335
-2.13198 -8.37563
-2.28426 -8.37563
-2.58883 -8.52792
-2.74112 -8.6802
-3.04569 -8.83249
-3.19797 -8.83249
-3.50254 -8.98477
-3.65482 -9.13706
-3.95939 -9.28934
-4.11168 -9.44162
-4.41624 -9.44162
-4.56853 -9.59391
-4.72081 -9.74619
-5.02538 -9.89848
-5.17766 -9.89848
-5.48223 -10.0508
-5.63452 -10.203
-5.93909 -10.203
-6.09137 -10.3553
-6.39594 -10.5076
-6.54822 -10.5076
-6.70051 -10.6599
-7.00508 -10.8122
-7.15736 -10.8122
-7.46193 -10.9645
-7.61421 -10.9645
-7.91878 -10.9645
-8.22335 -11.1168
-8.37563 -11.1168
-8.6802 -11.1168
-8.83249 -11.269
-9.13706 -11.269
-9.28934 -11.269
-9.59391 -11.269
-9.89848 -11.269
-10.0508 -11.269
-10.3553 -11.269
-10.5076 -11.269
-10.8122 -11.269
-10.9645 -11.269
-11.269 -11.1168
-11.5736 -11.1168
-11.7259 -11.1168
-12.0305 -11.1168
-12.1827 -11.1168
-12.4873 -11.1168
-12.6396 -10.9645
-12.9442 -10.9645
-13.0964 -10.9645
-13.401 -10.9645
-13.5533 -10.9645
-13.8579 -10.9645
-14.0102 -10.8122
-14.3147 -10.8122
-14.467 -10.8122
-14.7716 -10.8122
-14.9239 -10.8122
-15.2284 -10.8122
-15.3807 -10.8122
-15.6853 -10.6599
-15.8376 -10.6599
-16.1421 -10.6599
-16.2944 -10.6599
-16.599 -10.6599
-16.9036 -10.6599
-17.0558 -10.5076
-17.3604 -10.5076
-17.5127 -10.5076
-17.8173 -10.5076
-18.1218 -10.3553
-18.2741 -10.3553
-18.5787 -10.3553
-18.731 -10.203
-19.0355 -10.203
-19.3401 -10.0508
-19.4924 -10.0508
-19.797 -10.0508
-19.9492 -9.89848
-20.2538 -9.74619
-20.5584 -9.74619
-20.7107 -9.59391
-21.0152 -9.59391
-21.1675 -9.44162
-21.4721 -9.28934
-21.7766 -9.13706
-21.9289 -9.13706
-22.2335 -8.98477
-22.3858 -8.83249
-22.6904 -8.6802
-22.8426 -8.52792
-23.1472 -8.37563
-23.2995 -8.22335
-23.6041 -8.07107
-23.7563 -7.91878
-23.9086 -7.7665
-24.2132 -7.61421
-24.3655 -7.30964
-24.6701 -7.15736
-24.8223 -7.00508
-24.9746 -6.85279
-25.1269 -6.54822
-25.4315 -6.39594
-25.5838 -6.24365
-25.736 -5.93909
-25.8883 -5.7868
-26.0406 -5.48223
-26.1929 -5.32995
-26.3452 -5.02538
-26.4975 -4.8731
-26.6497 -4.56853
-26.802 -4.41624
-26.9543 -4.11168
-27.1066 -3.80711
-27.1066 -3.65482
-27.2589 -3.35025
-27.4112 -3.04569
-27.5635 -2.8934
-27.5635 -2.58883
-27.7157 -2.28426
-27.7157 -1.9797
-27.868 -1.82741
-27.868 -1.52284
-28.0203 -1.21827
-28.0203 -0.913706
-28.1726 -0.609137
-28.1726 -0.456853
-28.1726 -0.152284
-28.3249 0.152284
-28.3249 0.456853
-28.3249 0.761421
-28.3249 1.06599
-28.3249 1.21827
-28.3249 1.52284
-28.3249 1.82741
-28.3249 2.13198
-28.3249 2.43655
-28.3249 2.74112
-28.3249 3.04569
-28.3249 3.19797
-28.1726 3.50254
-28.1726 3.80711
-28.1726 4.11168
-28.0203 4.41624
-28.0203 4.72081
-28.0203 4.8731
-27.868 5.17766
-27.868 5.48223
-27.7157 5.7868
-27.7157 5.93909
-27.5635 6.24365
-27.4112 6.54822
-27.4112 6.85279
-27.2589 7.00508
-27.1066 7.30964
-27.1066 7.61421
-26.9543 7.7665
-26.802 8.07107
-26.6497 8.22335
-26.4975 8.52792
-26.4975 8.83249
-26.3452 8.98477
-26.1929 9.28934
-26.0406 9.44162
-25.8883 9.74619
-25.736 9.89848
-25.5838 10.203
-25.4315 10.3553
-25.2792 10.6599
-25.1269 10.8122
-24.9746 10.9645
-24.6701 11.269
-24.5178 11.4213
-24.3655 11.7259
-24.2132 11.8782
-24.0609 12.0305
-23.9086 12.335
-23.6041 12.4873
-23.4518 12.6396
-23.2995 12.7919
-23.1472 13.0964
-22.8426 13.2487
-22.6904 13.401
-22.5381 13.5533
-22.2335 13.7056
-22.0812 13.8579
-21.7766 14.0102
-21.6244 14.1624
-21.3198 14.3147
-21.1675 14.467
-20.8629 14.6193
-20.7107 14.6193
-20.4061 14.7716
-20.1015 14.9239
-19.9492 14.9239
-19.6447 15.0761
-19.3401 15.0761
-19.1878 15.2284
-18.8832 15.2284
-18.5787 15.2284
-18.2741 15.2284
-18.1218 15.3807
-17.8173 15.3807
-17.5127 15.3807
-17.2081 15.3807
-17.0558 15.3807
-16.7513 15.3807
-16.4467 15.2284
-16.2944 15.2284
-15.9898 15.2284
-15.6853 15.2284
-15.533 15.2284
-15.2284 15.0761
-14.9239 15.0761
-14.7716 15.0761
-14.467 15.0761
-14.1624 14.9239
-14.0102 14.9239
-13.7056 14.9239
-13.5533 14.7716
-13.2487 14.7716
-13.0964 14.7716
-12.7919 14.7716
-12.6396 14.6193
-12.4873 14.6193
-12.1827 14.6193
-12.0305 14.6193
-11.7259 14.467
-11.5736 14.467
-11.4213 14.467
-11.1168 14.467
-10.9645 14.3147
-10.6599 14.3147
-10.5076 14.3147
-10.3553 14.3147
-10.0508 14.1624
-9.89848 14.1624
-9.59391 14.1624
-9.44162 14.1624
-9.28934 14.0102
-8.98477 14.0102
-8.83249 14.0102
-8.52792 13.8579
-8.37563 13.8579
-8.22335 13.8579
-7.91878 13.7056
-7.7665 13.7056
-7.61421 13.7056
-7.30964 13.5533
-7.15736 13.5533
-6.85279 13.5533
-6.70051 13.401
-6.54822 13.401
-6.24365 13.2487
-6.09137 13.2487
-5.7868 13.0964
-5.63452 13.0964
-5.48223 12.9442
-5.17766 12.9442
-5.02538 12.7919
-4.72081 12.7919
-4.56853 12.6396
-4.26396 12.6396
-4.11168 12.4873
-3.95939 12.335
-3.65482 12.335
-3.50254 12.1827
-3.19797 12.1827
-3.04569 12.0305
-2.74112 11.8782
-2.58883 11.7259
-2.28426 11.7259
-2.13198 11.5736
-1.82741 11.4213
-1.67513 11.269
-1.37056 11.269
-1.21827 11.1168
-0.913706 10.9645
-0.761421 10.8122
-0.456853 10.6599
-0.152284 10.5076
0 10.3553
0.304569 10.203
0.456853 10.0508
0.761421 9.89848
0.913706 9.74619
1.21827 9.59391
1.37056 9.44162
1.67513 9.13706
1.82741 8.98477
2.13198 8.83249
2.28426 8.52792
2.58883 8.37563
2.74112 8.22335
2.8934 7.91878
3.19797 7.7665
3.35025 7.46193
3.65482 7.30964
3.80711 7.00508
3.95939 6.85279
4.26396 6.54822
4.41624 6.24365
4.56853 6.09137
4.72081 5.7868
4.8731 5.48223
5.17766 5.17766
5.32995 4.8731
5.48223 4.56853
5.63452 4.26396
5.7868 3.95939
5.93909 3.65482
5.93909 3.35025
6.09137 3.04569
6.24365 2.74112
6.39594 2.43655
