5.93909 1.52284
5.93909 1.21827
5.93909 0.913706
6.09137 0.761421
6.09137 0.456853
6.09137 0.152284
6.09137 -0.152284
5.93909 -0.304569
5.93909 -0.609137
5.93909 -0.913706
5.7868 -1.06599
5.7868 -1.37056
5.63452 -1.67513
5.63452 -1.82741
5.48223 -2.13198
5.32995 -2.43655
5.32995 -2.58883
5.17766 -2.8934
5.02538 -3.04569
4.8731 -3.35025
4.72081 -3.50254
4.56853 -3.80711
4.56853 -3.95939
4.41624 -4.26396
4.26396 -4.41624
4.11168 -4.72081
3.95939 -4.8731
3.80711 -5.02538
3.65482 -5.32995
3.50254 -5.48223
3.35025 -5.63452
3.19797 -5.93909
3.04569 -6.09137
2.8934 -6.24365
2.58883 -6.54822
2.43655 -6.70051
2.28426 -6.85279
2.13198 -7.00508
1.9797 -7.15736
1.82741 -7.30964
1.67513 -7.61421
1.37056 -7.7665
1.21827 -7.91878
1.06599 -8.07107
0.913706 -8.22335
0.609137 -8.37563
0.456853 -8.52792
0.304569 -8.52792
0 -8.6802
-0.152284 -8.83249
-0.456853 -8.98477
-0.609137 -8.98477
-0.913706 -9.13706
-1.06599 -9.28934
-1.37056 -9.28934
-1.52284 -9.44162
-1.82741 -9.44162
-1.9797 -9.59391
-2.28426 -9.59391
-2.43655 -9.59391
-2.74112 -9.74619
-2.8934 -9.74619
-3.19797 -9.74619
-3.35025 -9.89848
-3.65482 -9.89848
-3.80711 -9.89848
-4.11168 -9.89848
-4.26396 -9.89848
-4.56853 -9.89848
-4.72081 -9.89848
-5.02538 -9.89848
-5.17766 -9.89848
-5.48223 -9.89848
-5.63452 -9.89848
-5.93909 -9.89848
-6.09137 -9.89848
-6.39594 -9.89848
-6.54822 -9.89848
-6.70051 -9.89848
-7.00508 -9.89848
-7.15736 -9.89848
-7.46193 -9.89848
-7.61421 -9.74619
-7.7665 -9.74619
-8.07107 -9.74619
-8.22335 -9.74619
-8.37563 -9.74619
-8.6802 -9.74619
-8.83249 -9.59391
-8.98477 -9.59391
-9.13706 -9.59391
-9.44162 -9.59391
-9.59391 -9.44162
-9.74619 -9.44162
-9.89848 -9.44162
-10.203 -9.28934
-10.3553 -9.28934
-10.5076 -9.28934
-10.6599 -9.28934
-10.8122 -9.13706
-11.1168 -9.13706
-11.269 -9.13706
-11.4213 -8.98477
-11.5736 -8.98477
-11.7259 -8.83249
-12.0305 -8.83249
-12.1827 -8.83249
-12.335 -8.6802
-12.4873 -8.6802
-12.6396 -8.52792
-12.7919 -8.52792
-12.9442 -8.37563
-13.2487 -8.37563
-13.401 -8.22335
-13.5533 -8.22335
-13.7056 -8.07107
-13.8579 -8.07107
-14.0102 -7.91878
-14.1624 -7.7665
-14.3147 -7.7665
-14.467 -7.61421
-14.6193 -7.46193
-14.7716 -7.46193
-14.9239 -7.30964
-15.0761 -7.15736
-15.2284 -7.15736
-15.3807 -7.00508
-15.533 -6.85279
-15.6853 -6.70051
-15.8376 -6.70051
-15.9898 -6.54822
-16.1421 -6.39594
-16.1421 -6.24365
-16.2944 -6.09137
-16.4467 -6.09137
-16.599 -5.93909
-16.7513 -5.7868
-16.9036 -5.63452
-17.0558 -5.48223
-17.2081 -5.48223
-17.3604 -5.32995
-17.5127 -5.17766
-17.665 -5.02538
-17.8173 -5.02538
-17.9695 -4.8731
-18.1218 -4.72081
-18.2741 -4.56853
-18.4264 -4.41624
-18.5787 -4.41624
-18.731 -4.26396
-18.8832 -4.11168
-19.0355 -3.95939
-19.1878 -3.80711
-19.4924 -3.65482
-19.6447 -3.50254
-19.797 -3.35025
-19.9492 -3.35025
-20.1015 -3.19797
-20.2538 -3.04569
-20.5584 -2.8934
-20.7107 -2.74112
-20.8629 -2.43655
-21.0152 -2.28426
-21.1675 -2.13198
-21.3198 -1.9797
-21.4721 -1.82741
-21.7766 -1.67513
-21.9289 -1.37056
-22.0812 -1.21827
-22.2335 -1.06599
-22.3858 -0.761421
-22.5381 -0.609137
-22.5381 -0.304569
-22.6904 -0.152284
-22.8426 0.152284
-22.9949 0.304569
-23.1472 0.609137
-23.2995 0.761421
-23.2995 1.06599
-23.4518 1.21827
-23.6041 1.52284
-23.6041 1.82741
-23.7563 1.9797
-23.7563 2.28426
-23.9086 2.58883
-23.9086 2.74112
-24.0609 3.04569
-24.0609 3.35025
-24.2132 3.65482
-24.2132 3.95939
-24.2132 4.11168
-24.3655 4.41624
-24.3655 4.72081
-24.3655 5.02538
-24.3655 5.32995
-24.5178 5.63452
-24.5178 5.93909
-24.5178 6.24365
-24.5178 6.54822
-24.5178 6.85279
-24.5178 7.15736
-24.5178 7.30964
-24.3655 7.61421
-24.3655 7.91878
-24.3655 8.22335
-24.2132 8.52792
-24.2132 8.83249
-24.0609 9.13706
-23.9086 9.44162
-23.9086 9.59391
-23.7563 9.89848
-23.6041 10.203
-23.4518 10.3553
-23.2995 10.6599
-23.1472 10.9645
-22.8426 11.1168
-22.6904 11.269
-22.3858 11.5736
-22.2335 11.7259
-21.9289 11.8782
-21.7766 12.0305
-21.4721 12.1827
-21.1675 12.335
-20.8629 12.335
-20.5584 12.4873
-20.2538 12.6396
-19.9492 12.6396
-19.6447 12.7919
-19.3401 12.7919
-19.0355 12.9442
-18.731 12.9442
-18.4264 12.9442
-18.1218 12.9442
-17.8173 12.9442
-17.5127 12.9442
-17.2081 12.9442
-16.9036 12.9442
-16.599 12.9442
-16.2944 12.9442
-15.9898 12.9442
-15.6853 12.9442
-15.533 12.7919
-15.2284 12.7919
-14.9239 12.7919
-14.6193 12.7919
-14.467 12.7919
-14.1624 12.6396
-13.8579 12.6396
-13.7056 12.6396
-13.401 12.6396
-13.2487 12.4873
-12.9442 12.4873
-12.7919 12.4873
-12.4873 12.335
-12.335 12.335
-12.0305 12.335
-11.8782 12.335
-11.7259 12.1827
-11.4213 12.1827
-11.269 12.1827
-11.1168 12.0305
-10.8122 12.0305
-10.6599 12.0305
-10.5076 12.0305
-10.3553 11.8782
-10.0508 11.8782
-9.89848 11.8782
-9.74619 11.7259
-9.59391 11.7259
-9.44162 11.7259
-9.13706 11.5736
-8.98477 11.5736
-8.83249 11.5736
-8.6802 11.5736
-8.52792 11.4213
-8.37563 11.4213
-8.22335 11.4213
-7.91878 11.269
-7.7665 11.269
-7.61421 11.269
-7.46193 11.1168
-7.30964 11.1168
-7.15736 11.1168
-7.00508 11.1168
-6.85279 10.9645
-6.70051 10.9645
-6.54822 10.9645
-6.39594 10.8122
-6.09137 10.8122
-5.93909 10.8122
-5.7868 10.6599
-5.63452 10.6599
-5.48223 10.6599
-5.32995 10.5076
-5.17766 10.5076
-5.02538 10.5076
-4.8731 10.5076
-4.72081 10.3553
-4.56853 10.3553
-4.26396 10.203
-4.11168 10.203
-3.95939 10.203
-3.80711 10.0508
-3.65482 10.0508
-3.50254 10.0508
-3.35025 9.89848
-3.04569 9.89848
-2.8934 9.89848
-2.74112 9.74619
-2.58883 9.74619
-2.43655 9.59391
-2.13198 9.59391
-1.9797 9.44162
-1.82741 9.44162
-1.67513 9.44162
-1.37056 9.28934
-1.21827 9.28934
-1.06599 9.13706
-0.761421 9.13706
-0.609137 8.98477
-0.456853 8.83249
-0.152284 8.83249
0 8.6802
0.152284 8.6802
0.456853 8.52792
0.609137 8.37563
0.913706 8.22335
1.06599 8.22335
1.21827 8.07107
1.52284 7.91878
1.67513 7.7665
1.82741 7.61421
2.13198 7.46193
2.28426 7.30964
2.43655 7.15736
2.58883 7.00508
2.74112 6.85279
3.04569 6.70051
3.19797 6.54822
3.35025 6.39594
3.50254 6.09137
3.65482 5.93909
3.80711 5.7868
3.95939 5.48223
4.11168 5.32995
4.26396 5.17766
4.41624 4.8731
4.56853 4.72081
4.72081 4.41624
4.8731 4.26396
5.02538 3.95939
5.02538 3.80711
5.17766 3.50254
5.32995 3.35025
5.48223 3.04569
5.48223 2.74112
5.63452 2.58883
5.7868 2.28426
5.7868 1.9797
5.93909 1.82741
