5.93909 1.52284
6.09137 1.21827
6.09137 0.913706
6.09137 0.761421
6.09137 0.456853
6.09137 0.152284
6.09137 -0.152284
6.09137 -0.304569
6.09137 -0.609137
5.93909 -0.913706
5.93909 -1.06599
5.7868 -1.37056
5.7868 -1.67513
5.63452 -1.82741
5.63452 -2.13198
5.48223 -2.43655
5.32995 -2.58883
5.17766 -2.8934
5.17766 -3.04569
5.02538 -3.35025
4.8731 -3.50254
4.72081 -3.80711
4.56853 -3.95939
4.41624 -4.26396
4.26396 -4.41624
4.11168 -4.72081
3.95939 -4.8731
3.80711 -5.02538
3.65482 -5.32995
3.50254 -5.48223
3.35025 -5.63452
3.19797 -5.93909
3.04569 -6.09137
2.8934 -6.24365
2.74112 -6.39594
2.58883 -6.70051
2.43655 -6.85279
2.28426 -7.00508
2.13198 -7.15736
1.82741 -7.30964
1.67513 -7.46193
1.52284 -7.7665
1.37056 -7.91878
1.06599 -8.07107
0.913706 -8.22335
0.761421 -8.22335
0.456853 -8.37563
0.304569 -8.52792
0.152284 -8.6802
-0.152284 -8.83249
-0.304569 -8.98477
-0.609137 -8.98477
-0.761421 -9.13706
-1.06599 -9.13706
-1.21827 -9.28934
-1.52284 -9.44162
-1.67513 -9.44162
-1.9797 -9.59391
-2.13198 -9.59391
-2.43655 -9.59391
-2.58883 -9.74619
-2.8934 -9.74619
-3.04569 -9.74619
-3.35025 -9.74619
-3.50254 -9.89848
-3.80711 -9.89848
-3.95939 -9.89848
-4.26396 -9.89848
-4.41624 -9.89848
-4.72081 -9.89848
-4.8731 -9.89848
-5.17766 -9.89848
-5.32995 -9.89848
-5.63452 -9.89848
-5.7868 -9.89848
-6.09137 -9.89848
-6.24365 -9.89848
-6.39594 -9.89848
-6.70051 -9.89848
-6.85279 -9.89848
-7.00508 -9.89848
-7.30964 -9.89848
-7.46193 -9.74619
-7.7665 -9.74619
-7.91878 -9.74619
-8.07107 -9.74619
-8.37563 -9.74619
-8.52792 -9.59391
-8.6802 -9.59391
-8.83249 -9.59391
-9.13706 -9.59391
-9.28934 -9.44162
-9.44162 -9.44162
-9.59391 -9.44162
-9.89848 -9.44162
-10.0508 -9.28934
-10.203 -9.28934
-10.3553 -9.28934
-10.6599 -9.13706
-10.8122 -9.13706
-10.9645 -9.13706
-11.1168 -8.98477
-11.269 -8.98477
-11.5736 -8.98477
-11.7259 -8.83249
-11.8782 -8.83249
-12.0305 -8.83249
-12.1827 -8.6802
-12.335 -8.6802
-12.4873 -8.52792
-12.7919 -8.52792
-12.9442 -8.37563
-13.0964 -8.37563
-13.2487 -8.22335
-13.401 -8.22335
-13.5533 -8.07107
-13.7056 -8.07107
-13.8579 -7.91878
-14.0102 -7.91878
-14.1624 -7.7665
-14.467 -7.61421
-14.6193 -7.61421
-14.7716 -7.46193
-14.9239 -7.30964
-15.0761 -7.30964
-15.0761 -7.15736
-15.2284 -7.00508
-15.3807 -6.85279
-15.533 -6.85279
-15.6853 -6.70051
-15.8376 -6.54822
-15.9898 -6.39594
-16.1421 -6.39594
-16.2944 -6.24365
-16.4467 -6.09137
-16.599 -5.93909
-16.7513 -5.7868
-16.9036 -5.7868
-17.0558 -5.63452
-17.2081 -5.48223
-17.3604 -5.32995
-17.5127 -5.17766
-17.665 -5.17766
-17.8173 -5.02538
-17.9695 -4.8731
-18.1218 -4.72081
-18.2741 -4.56853
-18.4264 -4.56853
-18.5787 -4.41624
-18.731 -4.26396
-18.8832 -4.11168
-19.0355 -3.95939
-19.1878 -3.80711
-19.3401 -3.80711
-19.6447 -3.65482
-19.797 -3.50254
-19.9492 -3.35025
-20.1015 -3.19797
-20.2538 -3.04569
-20.4061 -2.8934
-20.7107 -2.74112
-20.8629 -2.58883
-21.0152 -2.28426
-21.1675 -2.13198
-21.3198 -1.9797
-21.4721 -1.82741
-21.6244 -1.67513
-21.7766 -1.37056
-21.9289 -1.21827
-22.0812 -1.06599
-22.2335 -0.761421
-22.3858 -0.609137
-22.5381 -0.304569
-22.6904 -0.152284
-22.8426 0
-22.9949 0.304569
-23.1472 0.609137
-23.1472 0.761421
-23.2995 1.06599
-23.4518 1.21827
-23.4518 1.52284
-23.6041 1.82741
-23.7563 1.9797
-23.7563 2.28426
-23.9086 2.58883
-23.9086 2.8934
-24.0609 3.04569
-24.0609 3.35025
-24.2132 3.65482
-24.2132 3.95939
-24.3655 4.26396
-24.3655 4.41624
-24.3655 4.72081
-24.5178 5.02538
-24.5178 5.32995
-24.5178 5.63452
-24.5178 5.93909
-24.5178 6.24365
-24.6701 6.54822
-24.6701 6.85279
-24.6701 7.15736
-24.5178 7.46193
-24.5178 7.7665
-24.5178 8.07107
-24.5178 8.37563
-24.3655 8.6802
-24.3655 8.98477
-24.2132 9.28934
-24.2132 9.59391
-24.0609 9.74619
-23.9086 10.0508
-23.7563 10.3553
-23.6041 10.6599
-23.4518 10.8122
-23.2995 11.1168
-22.9949 11.269
-22.8426 11.5736
-22.5381 11.7259
-22.3858 11.8782
-22.0812 12.0305
-21.7766 12.1827
-21.4721 12.335
-21.3198 12.4873
-21.0152 12.6396
-20.7107 12.6396
-20.2538 12.7919
-19.9492 12.7919
-19.6447 12.9442
-19.3401 12.9442
-19.0355 12.9442
-18.731 12.9442
-18.4264 12.9442
-18.1218 13.0964
-17.8173 13.0964
-17.5127 12.9442
-17.0558 12.9442
-16.7513 12.9442
-16.4467 12.9442
-16.1421 12.9442
-15.9898 12.9442
-15.6853 12.7919
-15.3807 12.7919
-15.0761 12.7919
-14.7716 12.7919
-14.6193 12.7919
-14.3147 12.6396
-14.0102 12.6396
-13.8579 12.6396
-13.5533 12.6396
-13.2487 12.4873
-13.0964 12.4873
-12.7919 12.4873
-12.6396 12.4873
-12.4873 12.4873
-12.1827 12.335
-12.0305 12.335
-11.7259 12.335
-11.5736 12.335
-11.4213 12.1827
-11.1168 12.1827
-10.9645 12.1827
-10.8122 12.1827
-10.5076 12.0305
-10.3553 12.0305
-10.203 12.0305
-10.0508 11.8782
-9.74619 11.8782
-9.59391 11.8782
-9.44162 11.7259
-9.28934 11.7259
-9.13706 11.7259
-8.98477 11.5736
-8.6802 11.5736
-8.52792 11.5736
-8.37563 11.4213
-8.22335 11.4213
-8.07107 11.269
-7.91878 11.269
-7.7665 11.269
-7.61421 11.1168
-7.46193 11.1168
-7.15736 11.1168
-7.00508 10.9645
-6.85279 10.9645
-6.70051 10.9645
-6.54822 10.8122
-6.39594 10.8122
-6.24365 10.8122
-6.09137 10.6599
-5.93909 10.6599
-5.7868 10.6599
-5.63452 10.5076
-5.48223 10.5076
-5.32995 10.5076
-5.17766 10.5076
-4.8731 10.3553
-4.72081 10.3553
-4.56853 10.3553
-4.41624 10.3553
-4.26396 10.203
-4.11168 10.203
-3.95939 10.203
-3.65482 10.0508
-3.50254 10.0508
-3.35025 10.0508
-3.19797 10.0508
-3.04569 9.89848
-2.74112 9.89848
-2.58883 9.74619
-2.43655 9.74619
-2.28426 9.74619
-1.9797 9.59391
-1.82741 9.59391
-1.67513 9.44162
-1.37056 9.44162
-1.21827 9.28934
-1.06599 9.28934
-0.913706 9.13706
-0.609137 9.13706
-0.456853 8.98477
-0.304569 8.98477
0 8.83249
0.152284 8.6802
0.304569 8.6802
0.456853 8.52792
0.761421 8.37563
0.913706 8.22335
1.06599 8.07107
1.37056 8.07107
1.52284 7.91878
1.67513 7.7665
1.82741 7.61421
2.13198 7.46193
2.28426 7.30964
2.43655 7.15736
2.58883 7.00508
2.74112 6.85279
3.04569 6.70051
3.19797 6.39594
3.35025 6.24365
3.50254 6.09137
3.65482 5.93909
3.80711 5.63452
3.95939 5.48223
4.11168 5.32995
4.26396 5.02538
4.41624 4.8731
4.56853 4.72081
4.72081 4.41624
4.8731 4.26396
5.02538 3.95939
5.02538 3.80711
5.17766 3.50254
5.32995 3.35025
5.48223 3.04569
5.63452 2.74112
5.7868 2.58883
5.7868 2.28426
5.93909 1.9797
6.09137 1.82741
