6.54822 1.9797
6.70051 1.67513
6.70051 1.37056
6.70051 0.913706
6.70051 0.609137
6.54822 0.304569
6.54822 0
6.54822 -0.304569
6.39594 -0.609137
6.24365 -0.913706
6.24365 -1.37056
6.09137 -1.67513
5.93909 -1.9797
5.7868 -2.28426
5.63452 -2.43655
5.48223 -2.74112
5.32995 -3.04569
5.17766 -3.35025
4.8731 -3.65482
4.72081 -3.95939
4.56853 -4.11168
4.26396 -4.41624
4.11168 -4.56853
3.80711 -4.8731
3.50254 -5.02538
3.35025 -5.32995
3.04569 -5.48223
2.74112 -5.63452
2.58883 -5.93909
2.28426 -6.09137
1.9797 -6.24365
1.67513 -6.39594
1.37056 -6.54822
1.21827 -6.70051
0.913706 -6.85279
0.609137 -7.00508
0.304569 -7.15736
0 -7.30964
-0.152284 -7.46193
-0.456853 -7.61421
-0.761421 -7.61421
-1.06599 -7.7665
-1.21827 -7.91878
-1.52284 -8.07107
-1.82741 -8.07107
-2.13198 -8.22335
-2.28426 -8.37563
-2.58883 -8.37563
-2.74112 -8.52792
-3.04569 -8.6802
-3.19797 -8.83249
-3.50254 -8.83249
-3.65482 -8.98477
-3.95939 -9.13706
-4.11168 -9.28934
-4.26396 -9.28934
-4.56853 -9.44162
-4.72081 -9.59391
-5.02538 -9.74619
-5.17766 -9.74619
-5.32995 -9.89848
-5.63452 -10.0508
-5.7868 -10.203
-6.09137 -10.203
-6.24365 -10.3553
-6.39594 -10.5076
-6.70051 -10.5076
-6.85279 -10.6599
-7.15736 -10.8122
-7.30964 -10.8122
-7.61421 -10.9645
-7.7665 -10.9645
-8.07107 -10.9645
-8.22335 -11.1168
-8.52792 -11.1168
-8.6802 -11.1168
-8.98477 -11.269
-9.13706 -11.269
-9.44162 -11.269
-9.74619 -11.269
-9.89848 -11.269
-10.203 -11.269
-10.3553 -11.269
-10.6599 -11.269
-10.8122 -11.269
-11.1168 -11.269
-11.269 -11.269
-11.5736 -11.269
-11.7259 -11.1168
-12.0305 -11.1168
-12.1827 -11.1168
-12.4873 -11.1168
-12.6396 -11.1168
-12.9442 -10.9645
-13.0964 -10.9645
-13.401 -10.9645
-13.5533 -10.9645
-13.8579 -10.9645
-14.0102 -10.9645
-14.3147 -10.8122
-14.467 -10.8122
-14.7716 -10.8122
-14.9239 -10.8122
-15.2284 -10.8122
-15.3807 -10.6599
-15.6853 -10.6599
-15.8376 -10.6599
-16.1421 -10.6599
-16.2944 -10.6599
-16.599 -10.6599
-16.7513 -10.5076
-17.0558 -10.5076
-17.2081 -10.5076
-17.5127 -10.5076
-17.8173 -10.3553
-17.9695 -10.3553
-18.2741 -10.3553
-18.4264 -10.203
-18.731 -10.203
-18.8832 -10.203
-19.1878 -10.0508
-19.4924 -10.0508
-19.6447 -9.89848
-19.9492 -9.89848
-20.1015 -9.74619
-20.4061 -9.74619
-20.7107 -9.59391
-20.8629 -9.44162
-21.1675 -9.44162
-21.3198 -9.28934
-21.6244 -9.13706
-21.7766 -9.13706
-22.0812 -8.98477
-22.3858 -8.83249
-22.5381 -8.6802
-22.8426 -8.52792
-22.9949 -8.37563
-23.2995 -8.22335
-23.4518 -8.07107
-23.6041 -7.91878
-23.9086 -7.7665
-24.0609 -7.61421
-24.3655 -7.46193
-24.5178 -7.30964
-24.6701 -7.15736
-24.9746 -6.85279
-25.1269 -6.70051
-25.2792 -6.54822
-25.4315 -6.24365
-25.5838 -6.09137
-25.8883 -5.93909
-26.0406 -5.63452
-26.1929 -5.48223
-26.3452 -5.17766
-26.4975 -5.02538
-26.6497 -4.72081
-26.802 -4.56853
-26.802 -4.26396
-26.9543 -3.95939
-27.1066 -3.80711
-27.2589 -3.50254
-27.4112 -3.19797
-27.4112 -3.04569
-27.5635 -2.74112
-27.5635 -2.43655
-27.7157 -2.13198
-27.868 -1.9797
-27.868 -1.67513
-28.0203 -1.37056
-28.0203 -1.06599
-28.0203 -0.761421
-28.1726 -0.609137
-28.1726 -0.304569
-28.1726 0
-28.1726 0.304569
-28.3249 0.609137
-28.3249 0.761421
-28.3249 1.06599
-28.3249 1.37056
-28.3249 1.67513
-28.3249 1.9797
-28.3249 2.28426
-28.3249 2.58883
-28.3249 2.74112
-28.1726 3.04569
-28.1726 3.35025
-28.1726 3.65482
-28.1726 3.95939
-28.0203 4.11168
-28.0203 4.41624
-28.0203 4.72081
-27.868 5.02538
-27.868 5.32995
-27.7157 5.48223
-27.7157 5.7868
-27.5635 6.09137
-27.5635 6.39594
-27.4112 6.54822
-27.4112 6.85279
-27.2589 7.15736
-27.1066 7.30964
-27.1066 7.61421
-26.9543 7.91878
-26.802 8.07107
-26.6497 8.37563
-26.4975 8.6802
-26.4975 8.83249
-26.3452 9.13706
-26.1929 9.28934
-26.0406 9.59391
-25.8883 9.74619
-25.736 10.0508
-25.5838 10.203
-25.4315 10.5076
-25.2792 10.6599
-25.1269 10.9645
-24.9746 11.1168
-24.6701 11.4213
-24.5178 11.5736
-24.3655 11.7259
-24.2132 12.0305
-24.0609 12.1827
-23.7563 12.335
-23.6041 12.6396
-23.4518 12.7919
-23.2995 12.9442
-22.9949 13.0964
-22.8426 13.2487
-22.5381 13.401
-22.3858 13.7056
-22.2335 13.8579
-21.9289 14.0102
-21.7766 14.0102
-21.4721 14.1624
-21.3198 14.3147
-21.0152 14.467
-20.7107 14.6193
-20.5584 14.6193
-20.2538 14.7716
-19.9492 14.9239
-19.797 14.9239
-19.4924 15.0761
-19.1878 15.0761
-19.0355 15.0761
-18.731 15.2284
-18.4264 15.2284
-18.1218 15.2284
-17.9695 15.2284
-17.665 15.2284
-17.3604 15.2284
-17.0558 15.2284
-16.9036 15.2284
-16.599 15.2284
-16.2944 15.2284
-15.9898 15.2284
-15.8376 15.2284
-15.533 15.2284
-15.2284 15.0761
-15.0761 15.0761
-14.7716 15.0761
-14.6193 15.0761
-14.3147 14.9239
-14.0102 14.9239
-13.8579 14.9239
-13.5533 14.9239
-13.401 14.7716
-13.0964 14.7716
-12.9442 14.7716
-12.6396 14.6193
-12.4873 14.6193
-12.1827 14.6193
-12.0305 14.6193
-11.8782 14.467
-11.5736 14.467
-11.4213 14.467
-11.1168 14.467
-10.9645 14.3147
-10.6599 14.3147
-10.5076 14.3147
-10.3553 14.3147
-10.0508 14.1624
-9.89848 14.1624
-9.59391 14.1624
-9.44162 14.1624
-9.28934 14.0102
-8.98477 14.0102
-8.83249 14.0102
-8.52792 13.8579
-8.37563 13.8579
-8.22335 13.8579
-7.91878 13.7056
-7.7665 13.7056
-7.46193 13.7056
-7.30964 13.5533
-7.15736 13.5533
-6.85279 13.5533
-6.70051 13.401
-6.39594 13.401
-6.24365 13.2487
-5.93909 13.2487
-5.7868 13.0964
-5.48223 13.0964
-5.32995 12.9442
-5.17766 12.9442
-4.8731 12.7919
-4.72081 12.7919
-4.41624 12.6396
-4.26396 12.6396
-3.95939 12.4873
-3.80711 12.4873
-3.50254 12.335
-3.35025 12.1827
-3.04569 12.1827
-2.8934 12.0305
-2.58883 11.8782
-2.43655 11.8782
-2.13198 11.7259
-1.9797 11.5736
-1.67513 11.4213
-1.52284 11.269
-1.21827 11.269
-1.06599 11.1168
-0.761421 10.9645
-0.609137 10.8122
-0.304569 10.6599
0 10.5076
0.152284 10.3553
0.456853 10.203
0.609137 10.0508
0.913706 9.89848
1.06599 9.59391
1.37056 9.44162
1.52284 9.28934
1.82741 9.13706
1.9797 8.83249
2.28426 8.6802
2.43655 8.52792
2.58883 8.22335
2.8934 8.07107
3.04569 7.7665
3.35025 7.61421
3.50254 7.30964
3.65482 7.15736
3.95939 6.85279
4.11168 6.70051
4.26396 6.39594
4.41624 6.09137
4.72081 5.7868
4.8731 5.63452
5.02538 5.32995
5.17766 5.02538
5.32995 4.72081
5.48223 4.41624
5.63452 4.11168
5.7868 3.80711
5.93909 3.50254
6.09137 3.19797
6.24365 2.8934
6.39594 2.58883
6.39594 2.28426
