6.09137 1.37056
6.09137 1.21827
6.09137 0.913706
6.24365 0.609137
6.24365 0.304569
6.24365 0.152284
6.09137 -0.152284
6.09137 -0.456853
6.09137 -0.761421
6.09137 -0.913706
5.93909 -1.21827
5.93909 -1.52284
5.7868 -1.67513
5.63452 -1.9797
5.63452 -2.28426
5.48223 -2.43655
5.32995 -2.74112
5.17766 -2.8934
5.02538 -3.19797
5.02538 -3.35025
4.8731 -3.65482
4.72081 -3.80711
4.56853 -4.11168
4.41624 -4.26396
4.26396 -4.56853
4.11168 -4.72081
3.95939 -4.8731
3.80711 -5.17766
3.65482 -5.32995
3.50254 -5.48223
3.35025 -5.7868
3.19797 -5.93909
3.04569 -6.09137
2.74112 -6.39594
2.58883 -6.54822
2.43655 -6.70051
2.28426 -6.85279
2.13198 -7.00508
1.9797 -7.30964
1.82741 -7.46193
1.67513 -7.61421
1.37056 -7.7665
1.21827 -7.91878
1.06599 -8.07107
0.761421 -8.22335
0.609137 -8.37563
0.456853 -8.52792
0.152284 -8.6802
0 -8.83249
-0.152284 -8.83249
-0.456853 -8.98477
-0.609137 -9.13706
-0.913706 -9.13706
-1.06599 -9.28934
-1.37056 -9.44162
-1.52284 -9.44162
-1.82741 -9.59391
-1.9797 -9.59391
-2.28426 -9.59391
-2.43655 -9.74619
-2.74112 -9.74619
-2.8934 -9.74619
-3.19797 -9.89848
-3.35025 -9.89848
-3.65482 -9.89848
-3.80711 -9.89848
-4.11168 -9.89848
-4.26396 -9.89848
-4.56853 -9.89848
-4.72081 -10.0508
-5.02538 -10.0508
-5.17766 -10.0508
-5.48223 -10.0508
-5.63452 -9.89848
-5.93909 -9.89848
-6.09137 -9.89848
-6.39594 -9.89848
-6.54822 -9.89848
-6.70051 -9.89848
-7.00508 -9.89848
-7.15736 -9.89848
-7.46193 -9.89848
-7.61421 -9.74619
-7.7665 -9.74619
-8.07107 -9.74619
-8.22335 -9.74619
-8.37563 -9.59391
-8.52792 -9.59391
-8.83249 -9.59391
-8.98477 -9.59391
-9.13706 -9.44162
-9.28934 -9.44162
-9.59391 -9.44162
-9.74619 -9.44162
-9.89848 -9.28934
-10.0508 -9.28934
-10.3553 -9.28934
-10.5076 -9.13706
-10.6599 -9.13706
-10.8122 -9.13706
-10.9645 -9.13706
-11.269 -8.98477
-11.4213 -8.98477
-11.5736 -8.98477
-11.7259 -8.83249
-11.8782 -8.83249
-12.0305 -8.6802
-12.335 -8.6802
-12.4873 -8.6802
-12.6396 -8.52792
-12.7919 -8.52792
-12.9442 -8.37563
-13.0964 -8.37563
-13.2487 -8.22335
-13.401 -8.22335
-13.7056 -8.07107
-13.8579 -8.07107
-14.0102 -7.91878
-14.1624 -7.91878
-14.3147 -7.7665
-14.467 -7.61421
-14.6193 -7.61421
-14.7716 -7.46193
-14.9239 -7.30964
-15.0761 -7.30964
-15.2284 -7.15736
-15.3807 -7.00508
-15.533 -6.85279
-15.6853 -6.85279
-15.6853 -6.70051
-15.8376 -6.54822
-15.9898 -6.39594
-16.1421 -6.39594
-16.2944 -6.24365
-16.4467 -6.09137
-16.599 -5.93909
-16.7513 -5.7868
-16.9036 -5.63452
-17.0558 -5.63452
-17.0558 -5.48223
-17.2081 -5.32995
-17.3604 -5.17766
-17.5127 -5.02538
-17.665 -5.02538
-17.8173 -4.8731
-17.9695 -4.72081
-18.1218 -4.56853
-18.2741 -4.41624
-18.4264 -4.41624
-18.5787 -4.26396
-18.731 -4.11168
-19.0355 -3.95939
-19.1878 -3.80711
-19.3401 -3.65482
-19.4924 -3.65482
-19.6447 -3.50254
-19.797 -3.35025
-19.9492 -3.19797
-20.1015 -3.04569
-20.4061 -2.8934
-20.5584 -2.74112
-20.7107 -2.58883
-20.8629 -2.28426
-21.0152 -2.13198
-21.1675 -1.9797
-21.3198 -1.82741
-21.6244 -1.67513
-21.7766 -1.52284
-21.9289 -1.21827
-22.0812 -1.06599
-22.2335 -0.913706
-22.3858 -0.609137
-22.5381 -0.456853
-22.5381 -0.152284
-22.6904 0
-22.8426 0.304569
-22.9949 0.456853
-23.1472 0.761421
-23.2995 0.913706
-23.2995 1.21827
-23.4518 1.37056
-23.6041 1.67513
-23.7563 1.9797
-23.7563 2.28426
-23.9086 2.43655
-23.9086 2.74112
-24.0609 3.04569
-24.0609 3.35025
-24.2132 3.50254
-24.2132 3.80711
-24.3655 4.11168
-24.3655 4.41624
-24.3655 4.72081
-24.5178 5.02538
-24.5178 5.32995
-24.5178 5.63452
-24.5178 5.93909
-24.6701 6.09137
-24.6701 6.39594
-24.6701 6.70051
-24.6701 7.00508
-24.6701 7.30964
-24.5178 7.61421
-24.5178 7.91878
-24.5178 8.22335
-24.3655 8.52792
-24.3655 8.83249
-24.2132 9.13706
-24.2132 9.44162
-24.0609 9.74619
-23.9086 9.89848
-23.7563 10.203
-23.6041 10.5076
-23.4518 10.6599
-23.2995 10.9645
-23.1472 11.1168
-22.8426 11.4213
-22.6904 11.5736
-22.3858 11.7259
-22.0812 11.8782
-21.9289 12.0305
-21.6244 12.1827
-21.3198 12.335
-21.0152 12.4873
-20.7107 12.6396
-20.4061 12.6396
-20.1015 12.7919
-19.797 12.7919
-19.4924 12.9442
-19.1878 12.9442
-18.8832 12.9442
-18.5787 12.9442
-18.2741 12.9442
-17.9695 13.0964
-17.5127 13.0964
-17.2081 13.0964
-16.9036 12.9442
-16.599 12.9442
-16.4467 12.9442
-16.1421 12.9442
-15.8376 12.9442
-15.533 12.9442
-15.2284 12.7919
-14.9239 12.7919
-14.7716 12.7919
-14.467 12.7919
-14.1624 12.6396
-14.0102 12.6396
-13.7056 12.6396
-13.401 12.6396
-13.2487 12.4873
-12.9442 12.4873
-12.7919 12.4873
-12.4873 12.4873
-12.335 12.335
-12.0305 12.335
-11.8782 12.335
-11.7259 12.1827
-11.4213 12.1827
-11.269 12.1827
-11.1168 12.1827
-10.8122 12.0305
-10.6599 12.0305
-10.5076 12.0305
-10.203 11.8782
-10.0508 11.8782
-9.89848 11.8782
-9.74619 11.7259
-9.59391 11.7259
-9.28934 11.7259
-9.13706 11.5736
-8.98477 11.5736
-8.83249 11.5736
-8.6802 11.4213
-8.52792 11.4213
-8.37563 11.4213
-8.07107 11.269
-7.91878 11.269
-7.7665 11.269
-7.61421 11.1168
-7.46193 11.1168
-7.30964 11.1168
-7.15736 10.9645
-7.00508 10.9645
-6.85279 10.9645
-6.70051 10.9645
-6.54822 10.8122
-6.24365 10.8122
-6.09137 10.8122
-5.93909 10.6599
-5.7868 10.6599
-5.63452 10.6599
-5.48223 10.5076
-5.32995 10.5076
-5.17766 10.5076
-5.02538 10.5076
-4.8731 10.3553
-4.56853 10.3553
-4.41624 10.3553
-4.26396 10.203
-4.11168 10.203
-3.95939 10.203
-3.80711 10.0508
-3.65482 10.0508
-3.35025 10.0508
-3.19797 9.89848
-3.04569 9.89848
-2.8934 9.89848
-2.58883 9.74619
-2.43655 9.74619
-2.28426 9.59391
-2.13198 9.59391
-1.82741 9.59391
-1.67513 9.44162
-1.52284 9.44162
-1.37056 9.28934
-1.06599 9.28934
-0.913706 9.13706
-0.761421 9.13706
-0.456853 8.98477
-0.304569 8.98477
0 8.83249
0.152284 8.6802
0.304569 8.6802
0.609137 8.52792
0.761421 8.37563
0.913706 8.22335
1.21827 8.22335
1.37056 8.07107
1.52284 7.91878
1.82741 7.7665
1.9797 7.61421
2.13198 7.46193
2.28426 7.30964
2.58883 7.15736
2.74112 7.00508
2.8934 6.85279
3.04569 6.70051
3.19797 6.39594
3.35025 6.24365
3.50254 6.09137
3.65482 5.93909
3.80711 5.63452
3.95939 5.48223
4.11168 5.32995
4.26396 5.02538
4.41624 4.8731
4.56853 4.56853
4.72081 4.41624
4.8731 4.11168
5.02538 3.95939
5.17766 3.65482
5.17766 3.50254
5.32995 3.19797
5.48223 3.04569
5.63452 2.74112
5.63452 2.43655
5.7868 2.28426
5.93909 1.9797
6.09137 1.67513
