6.09137 1.67513
6.09137 1.37056
6.09137 1.06599
6.09137 0.761421
6.24365 0.609137
6.09137 0.304569
6.09137 0
6.09137 -0.304569
6.09137 -0.456853
6.09137 -0.761421
5.93909 -1.06599
5.93909 -1.37056
5.7868 -1.52284
5.63452 -1.82741
5.63452 -2.13198
5.48223 -2.28426
5.32995 -2.58883
5.32995 -2.8934
5.17766 -3.04569
5.02538 -3.35025
4.8731 -3.50254
4.72081 -3.80711
4.56853 -3.95939
4.41624 -4.26396
4.26396 -4.41624
4.11168 -4.72081
3.95939 -4.8731
3.80711 -5.17766
3.65482 -5.32995
3.50254 -5.48223
3.35025 -5.7868
3.19797 -5.93909
3.04569 -6.09137
2.8934 -6.39594
2.74112 -6.54822
2.58883 -6.70051
2.43655 -6.85279
2.13198 -7.15736
1.9797 -7.30964
1.82741 -7.46193
1.67513 -7.61421
1.52284 -7.7665
1.21827 -7.91878
1.06599 -8.07107
0.913706 -8.22335
0.609137 -8.37563
0.456853 -8.52792
0.152284 -8.6802
0 -8.83249
-0.152284 -8.98477
-0.456853 -8.98477
-0.609137 -9.13706
-0.913706 -9.28934
-1.06599 -9.28934
-1.37056 -9.44162
-1.67513 -9.44162
-1.82741 -9.59391
-2.13198 -9.59391
-2.28426 -9.74619
-2.58883 -9.74619
-2.74112 -9.74619
-3.04569 -9.89848
-3.35025 -9.89848
-3.50254 -9.89848
-3.80711 -9.89848
-3.95939 -9.89848
-4.26396 -9.89848
-4.41624 -10.0508
-4.72081 -10.0508
-4.8731 -10.0508
-5.17766 -10.0508
-5.32995 -10.0508
-5.63452 -10.0508
-5.7868 -10.0508
-6.09137 -9.89848
-6.24365 -9.89848
-6.54822 -9.89848
-6.70051 -9.89848
-7.00508 -9.89848
-7.15736 -9.89848
-7.30964 -9.89848
-7.61421 -9.89848
-7.7665 -9.74619
-8.07107 -9.74619
-8.22335 -9.74619
-8.37563 -9.74619
-8.6802 -9.74619
-8.83249 -9.59391
-8.98477 -9.59391
-9.28934 -9.59391
-9.44162 -9.44162
-9.59391 -9.44162
-9.74619 -9.44162
-10.0508 -9.44162
-10.203 -9.28934
-10.3553 -9.28934
-10.5076 -9.28934
-10.8122 -9.13706
-10.9645 -9.13706
-11.1168 -8.98477
-11.269 -8.98477
-11.4213 -8.98477
-11.7259 -8.83249
-11.8782 -8.83249
-12.0305 -8.6802
-12.1827 -8.6802
-12.335 -8.52792
-12.4873 -8.52792
-12.6396 -8.37563
-12.7919 -8.37563
-13.0964 -8.22335
-13.2487 -8.22335
-13.401 -8.07107
-13.5533 -8.07107
-13.7056 -7.91878
-13.8579 -7.91878
-14.0102 -7.7665
-14.1624 -7.7665
-14.3147 -7.61421
-14.467 -7.46193
-14.6193 -7.46193
-14.7716 -7.30964
-14.9239 -7.15736
-15.0761 -7.15736
-15.2284 -7.00508
-15.3807 -6.85279
-15.533 -6.85279
-15.6853 -6.70051
-15.8376 -6.54822
-15.9898 -6.39594
-16.1421 -6.39594
-16.2944 -6.24365
-16.4467 -6.09137
-16.599 -5.93909
-16.599 -5.93909
-16.7513 -5.7868
-16.9036 -5.63452
-17.0558 -5.48223
-17.2081 -5.32995
-17.3604 -5.32995
-17.5127 -5.17766
-17.665 -5.02538
-17.8173 -4.8731
-17.9695 -4.72081
-18.1218 -4.72081
-18.2741 -4.56853
-18.4264 -4.41624
-18.5787 -4.26396
-18.731 -4.11168
-18.8832 -4.11168
-19.0355 -3.95939
-19.1878 -3.80711
-19.3401 -3.65482
-19.4924 -3.50254
-19.6447 -3.35025
-19.797 -3.19797
-20.1015 -3.04569
-20.2538 -2.8934
-20.4061 -2.74112
-20.5584 -2.58883
-20.7107 -2.43655
-20.8629 -2.28426
-21.0152 -2.13198
-21.1675 -1.9797
-21.3198 -1.82741
-21.4721 -1.52284
-21.6244 -1.37056
-21.7766 -1.21827
-21.9289 -1.06599
-22.0812 -0.761421
-22.2335 -0.609137
-22.3858 -0.456853
-22.5381 -0.152284
-22.6904 0
-22.8426 0.304569
-22.9949 0.456853
-23.1472 0.761421
-23.1472 0.913706
-23.2995 1.21827
-23.4518 1.37056
-23.6041 1.67513
-23.6041 1.82741
-23.7563 2.13198
-23.9086 2.43655
-23.9086 2.74112
-24.0609 2.8934
-24.0609 3.19797
-24.2132 3.50254
-24.2132 3.80711
-24.3655 3.95939
-24.3655 4.26396
-24.5178 4.56853
-24.5178 4.8731
-24.5178 5.17766
-24.6701 5.48223
-24.6701 5.7868
-24.6701 6.09137
-24.6701 6.39594
-24.6701 6.70051
-24.6701 6.85279
-24.6701 7.15736
-24.6701 7.46193
-24.6701 7.7665
-24.6701 8.07107
-24.5178 8.37563
-24.5178 8.6802
-24.3655 8.98477
-24.3655 9.28934
-24.2132 9.59391
-24.0609 9.74619
-24.0609 10.0508
-23.9086 10.3553
-23.7563 10.5076
-23.4518 10.8122
-23.2995 11.1168
-23.1472 11.269
-22.8426 11.4213
-22.6904 11.5736
-22.3858 11.8782
-22.2335 12.0305
-21.9289 12.1827
-21.6244 12.335
-21.3198 12.335
-21.0152 12.4873
-20.7107 12.6396
-20.4061 12.6396
-20.1015 12.7919
-19.797 12.7919
-19.4924 12.7919
-19.1878 12.9442
-18.8832 12.9442
-18.5787 12.9442
-18.2741 12.9442
-17.9695 12.9442
-17.665 12.9442
-17.3604 12.9442
-17.0558 12.9442
-16.7513 12.9442
-16.4467 12.9442
-16.1421 12.7919
-15.8376 12.7919
-15.533 12.7919
-15.3807 12.7919
-15.0761 12.7919
-14.7716 12.6396
-14.6193 12.6396
-14.3147 12.6396
-14.0102 12.6396
-13.8579 12.6396
-13.5533 12.6396
-13.401 12.4873
-13.0964 12.4873
-12.9442 12.4873
-12.7919 12.4873
-12.4873 12.4873
-12.335 12.335
-12.0305 12.335
-11.8782 12.335
-11.7259 12.335
-11.4213 12.335
-11.269 12.1827
-11.1168 12.1827
-10.9645 12.1827
-10.6599 12.1827
-10.5076 12.0305
-10.3553 12.0305
-10.203 12.0305
-9.89848 12.0305
-9.74619 11.8782
-9.59391 11.8782
-9.44162 11.8782
-9.28934 11.7259
-9.13706 11.7259
-8.83249 11.7259
-8.6802 11.5736
-8.52792 11.5736
-8.37563 11.5736
-8.22335 11.4213
-8.07107 11.4213
-7.91878 11.4213
-7.7665 11.269
-7.61421 11.269
-7.46193 11.269
-7.15736 11.1168
-7.00508 11.1168
-6.85279 11.1168
-6.70051 10.9645
-6.54822 10.9645
-6.39594 10.9645
-6.24365 10.8122
-6.09137 10.8122
-5.93909 10.8122
-5.7868 10.6599
-5.63452 10.6599
-5.48223 10.6599
-5.32995 10.5076
-5.02538 10.5076
-4.8731 10.5076
-4.72081 10.3553
-4.56853 10.3553
-4.41624 10.3553
-4.26396 10.3553
-4.11168 10.203
-3.80711 10.203
-3.65482 10.203
-3.50254 10.0508
-3.35025 10.0508
-3.19797 10.0508
-2.8934 9.89848
-2.74112 9.89848
-2.58883 9.74619
-2.43655 9.74619
-2.13198 9.74619
-1.9797 9.59391
-1.82741 9.59391
-1.52284 9.44162
-1.37056 9.44162
-1.21827 9.28934
-0.913706 9.28934
-0.761421 9.13706
-0.609137 9.13706
-0.304569 8.98477
-0.152284 8.83249
0 8.83249
0.304569 8.6802
0.456853 8.52792
0.609137 8.52792
0.913706 8.37563
1.06599 8.22335
1.21827 8.07107
1.52284 7.91878
1.67513 7.7665
1.82741 7.61421
2.13198 7.46193
2.28426 7.30964
2.43655 7.15736
2.58883 7.00508
2.8934 6.85279
3.04569 6.70051
3.19797 6.54822
3.35025 6.24365
3.50254 6.09137
3.65482 5.93909
3.80711 5.7868
3.95939 5.48223
4.11168 5.32995
4.26396 5.02538
4.41624 4.8731
4.56853 4.56853
4.72081 4.41624
4.8731 4.11168
5.02538 3.95939
5.17766 3.65482
5.32995 3.50254
5.48223 3.19797
5.63452 2.8934
5.63452 2.74112
5.7868 2.43655
5.93909 2.13198
6.09137 1.9797
