6.09137 1.52284
6.09137 1.37056
6.24365 1.06599
6.24365 0.761421
6.24365 0.456853
6.24365 0.304569
6.24365 0
6.24365 -0.304569
6.24365 -0.609137
6.09137 -0.761421
6.09137 -1.06599
5.93909 -1.37056
5.93909 -1.67513
5.7868 -1.82741
5.7868 -2.13198
5.63452 -2.43655
5.48223 -2.58883
5.32995 -2.8934
5.17766 -3.04569
5.17766 -3.35025
5.02538 -3.50254
4.8731 -3.80711
4.72081 -3.95939
4.56853 -4.26396
4.41624 -4.41624
4.26396 -4.72081
4.11168 -4.8731
3.95939 -5.02538
3.80711 -5.32995
3.65482 -5.48223
3.50254 -5.7868
3.35025 -5.93909
3.19797 -6.09137
3.04569 -6.24365
2.8934 -6.54822
2.74112 -6.70051
2.58883 -6.85279
2.28426 -7.00508
2.13198 -7.30964
1.9797 -7.46193
1.82741 -7.61421
1.67513 -7.7665
1.37056 -7.91878
1.21827 -8.07107
1.06599 -8.22335
0.761421 -8.37563
0.609137 -8.52792
0.456853 -8.6802
0.152284 -8.83249
0 -8.83249
-0.304569 -8.98477
-0.456853 -9.13706
-0.761421 -9.13706
-0.913706 -9.28934
-1.21827 -9.44162
-1.37056 -9.44162
-1.67513 -9.59391
-1.82741 -9.59391
-2.13198 -9.59391
-2.28426 -9.74619
-2.58883 -9.74619
-2.8934 -9.74619
-3.04569 -9.89848
-3.35025 -9.89848
-3.50254 -9.89848
-3.80711 -9.89848
-3.95939 -9.89848
-4.26396 -9.89848
-4.41624 -9.89848
-4.72081 -9.89848
-4.8731 -9.89848
-5.17766 -9.89848
-5.32995 -9.89848
-5.63452 -9.89848
-5.7868 -9.89848
-6.09137 -9.89848
-6.24365 -9.89848
-6.54822 -9.89848
-6.70051 -9.89848
-6.85279 -9.89848
-7.15736 -9.89848
-7.30964 -9.89848
-7.46193 -9.74619
-7.7665 -9.74619
-7.91878 -9.74619
-8.22335 -9.74619
-8.37563 -9.74619
-8.52792 -9.59391
-8.6802 -9.59391
-8.98477 -9.59391
-9.13706 -9.59391
-9.28934 -9.59391
-9.59391 -9.44162
-9.74619 -9.44162
-9.89848 -9.44162
-10.0508 -9.28934
-10.3553 -9.28934
-10.5076 -9.28934
-10.6599 -9.13706
-10.8122 -9.13706
-10.9645 -9.13706
-11.269 -8.98477
-11.4213 -8.98477
-11.5736 -8.98477
-11.7259 -8.83249
-11.8782 -8.83249
-12.0305 -8.83249
-12.335 -8.6802
-12.4873 -8.6802
-12.6396 -8.52792
-12.7919 -8.52792
-12.9442 -8.37563
-13.0964 -8.37563
-13.2487 -8.22335
-13.401 -8.22335
-13.7056 -8.07107
-13.8579 -7.91878
-14.0102 -7.91878
-14.1624 -7.7665
-14.3147 -7.7665
-14.467 -7.61421
-14.6193 -7.46193
-14.7716 -7.30964
-14.9239 -7.30964
-15.0761 -7.15736
-15.2284 -7.00508
-15.3807 -6.85279
-15.3807 -6.85279
-15.533 -6.70051
-15.6853 -6.54822
-15.8376 -6.39594
-15.9898 -6.24365
-16.1421 -6.24365
-16.2944 -6.09137
-16.4467 -5.93909
-16.4467 -5.7868
-16.599 -5.63452
-16.7513 -5.48223
-16.9036 -5.48223
-17.0558 -5.32995
-17.2081 -5.17766
-17.3604 -5.02538
-17.5127 -4.8731
-17.665 -4.8731
-17.8173 -4.72081
-17.9695 -4.56853
-18.1218 -4.41624
-18.2741 -4.26396
-18.4264 -4.26396
-18.5787 -4.11168
-18.731 -3.95939
-18.8832 -3.80711
-19.0355 -3.65482
-19.1878 -3.50254
-19.4924 -3.50254
-19.6447 -3.35025
-19.797 -3.19797
-19.9492 -3.04569
-20.1015 -2.8934
-20.4061 -2.74112
-20.5584 -2.58883
-20.7107 -2.43655
-20.8629 -2.28426
-21.0152 -2.13198
-21.1675 -1.82741
-21.4721 -1.67513
-21.6244 -1.52284
-21.7766 -1.37056
-21.9289 -1.06599
-22.0812 -0.913706
-22.2335 -0.761421
-22.3858 -0.456853
-22.5381 -0.304569
-22.6904 0
-22.8426 0.152284
-22.8426 0.304569
-22.9949 0.609137
-23.1472 0.913706
-23.2995 1.06599
-23.4518 1.37056
-23.4518 1.52284
-23.6041 1.82741
-23.7563 2.13198
-23.7563 2.28426
-23.9086 2.58883
-24.0609 2.8934
-24.0609 3.19797
-24.2132 3.35025
-24.2132 3.65482
-24.3655 3.95939
-24.3655 4.26396
-24.3655 4.56853
-24.5178 4.8731
-24.5178 5.17766
-24.5178 5.48223
-24.6701 5.7868
-24.6701 6.09137
-24.6701 6.39594
-24.6701 6.70051
-24.6701 7.00508
-24.6701 7.30964
-24.6701 7.61421
-24.6701 7.91878
-24.6701 8.22335
-24.5178 8.52792
-24.5178 8.6802
-24.5178 8.98477
-24.3655 9.28934
-24.2132 9.59391
-24.2132 9.89848
-24.0609 10.203
-23.9086 10.5076
-23.7563 10.6599
-23.6041 10.9645
-23.2995 11.1168
-23.1472 11.4213
-22.8426 11.5736
-22.6904 11.7259
-22.3858 12.0305
-22.2335 12.1827
-21.9289 12.335
-21.6244 12.335
-21.3198 12.4873
-21.0152 12.6396
-20.7107 12.7919
-20.4061 12.7919
-20.1015 12.9442
-19.6447 12.9442
-19.3401 12.9442
-19.0355 12.9442
-18.731 12.9442
-18.4264 13.0964
-18.1218 13.0964
-17.8173 13.0964
-17.5127 12.9442
-17.0558 12.9442
-16.7513 12.9442
-16.4467 12.9442
-16.1421 12.9442
-15.9898 12.9442
-15.6853 12.7919
-15.3807 12.7919
-15.0761 12.7919
-14.7716 12.7919
-14.6193 12.6396
-14.3147 12.6396
-14.0102 12.6396
-13.8579 12.6396
-13.5533 12.6396
-13.401 12.4873
-13.0964 12.4873
-12.9442 12.4873
-12.6396 12.4873
-12.4873 12.335
-12.1827 12.335
-12.0305 12.335
-11.8782 12.335
-11.5736 12.335
-11.4213 12.1827
-11.269 12.1827
-10.9645 12.1827
-10.8122 12.1827
-10.6599 12.0305
-10.3553 12.0305
-10.203 12.0305
-10.0508 11.8782
-9.89848 11.8782
-9.74619 11.8782
-9.44162 11.7259
-9.28934 11.7259
-9.13706 11.7259
-8.98477 11.5736
-8.83249 11.5736
-8.6802 11.5736
-8.37563 11.4213
-8.22335 11.4213
-8.07107 11.269
-7.91878 11.269
-7.7665 11.269
-7.61421 11.1168
-7.46193 11.1168
-7.30964 11.1168
-7.15736 10.9645
-7.00508 10.9645
-6.85279 10.9645
-6.70051 10.8122
-6.54822 10.8122
-6.39594 10.8122
-6.24365 10.6599
-5.93909 10.6599
-5.7868 10.6599
-5.63452 10.5076
-5.48223 10.5076
-5.32995 10.5076
-5.17766 10.5076
-5.02538 10.3553
-4.8731 10.3553
-4.72081 10.3553
-4.56853 10.3553
-4.26396 10.203
-4.11168 10.203
-3.95939 10.203
-3.80711 10.203
-3.65482 10.0508
-3.35025 10.0508
-3.19797 10.0508
-3.04569 9.89848
-2.8934 9.89848
-2.74112 9.89848
-2.43655 9.74619
-2.28426 9.74619
-2.13198 9.74619
-1.82741 9.59391
-1.67513 9.59391
-1.52284 9.44162
-1.37056 9.44162
-1.06599 9.28934
-0.913706 9.28934
-0.761421 9.13706
-0.456853 9.13706
-0.304569 8.98477
-0.152284 8.83249
0.152284 8.83249
0.304569 8.6802
0.456853 8.52792
0.761421 8.52792
0.913706 8.37563
1.06599 8.22335
1.21827 8.07107
1.52284 7.91878
1.67513 7.7665
1.82741 7.61421
2.13198 7.46193
2.28426 7.30964
2.43655 7.15736
2.58883 7.00508
2.74112 6.85279
2.8934 6.70051
3.19797 6.54822
3.35025 6.39594
3.50254 6.24365
3.65482 5.93909
3.80711 5.7868
3.95939 5.63452
4.11168 5.32995
4.26396 5.17766
4.41624 5.02538
4.56853 4.72081
4.72081 4.56853
4.8731 4.26396
5.02538 4.11168
5.17766 3.80711
5.17766 3.65482
5.32995 3.35025
5.48223 3.04569
5.63452 2.8934
5.7868 2.58883
5.7868 2.43655
5.93909 2.13198
6.09137 1.82741
