6.09137 1.82741
6.24365 1.67513
6.24365 1.37056
6.24365 1.06599
6.39594 0.761421
6.39594 0.456853
6.39594 0.152284
6.39594 0
6.24365 -0.304569
6.24365 -0.609137
6.24365 -0.913706
6.09137 -1.21827
6.09137 -1.37056
5.93909 -1.67513
5.7868 -1.9797
5.7868 -2.13198
5.63452 -2.43655
5.48223 -2.74112
5.32995 -2.8934
5.17766 -3.19797
5.02538 -3.50254
4.8731 -3.65482
4.72081 -3.95939
4.56853 -4.11168
4.41624 -4.41624
4.26396 -4.56853
4.11168 -4.72081
3.95939 -5.02538
3.80711 -5.17766
3.65482 -5.48223
3.50254 -5.63452
3.35025 -5.93909
3.19797 -6.09137
3.04569 -6.24365
2.8934 -6.54822
2.74112 -6.70051
2.58883 -6.85279
2.28426 -7.00508
2.13198 -7.30964
1.9797 -7.46193
1.82741 -7.61421
1.52284 -7.7665
1.37056 -7.91878
1.21827 -8.07107
1.06599 -8.22335
0.761421 -8.37563
0.609137 -8.52792
0.304569 -8.6802
0.152284 -8.83249
-0.152284 -8.98477
-0.304569 -8.98477
-0.609137 -9.13706
-0.761421 -9.28934
-1.06599 -9.28934
-1.21827 -9.44162
-1.52284 -9.44162
-1.82741 -9.59391
-1.9797 -9.59391
-2.28426 -9.74619
-2.58883 -9.74619
-2.74112 -9.74619
-3.04569 -9.89848
-3.19797 -9.89848
-3.50254 -9.89848
-3.80711 -9.89848
-3.95939 -9.89848
-4.26396 -9.89848
-4.41624 -9.89848
-4.72081 -9.89848
-5.02538 -9.89848
-5.17766 -9.89848
-5.48223 -9.89848
-5.63452 -9.89848
-5.93909 -9.89848
-6.09137 -9.89848
-6.39594 -9.89848
-6.54822 -9.89848
-6.85279 -9.89848
-7.00508 -9.89848
-7.15736 -9.89848
-7.46193 -9.89848
-7.61421 -9.74619
-7.91878 -9.74619
-8.07107 -9.74619
-8.22335 -9.74619
-8.52792 -9.74619
-8.6802 -9.59391
-8.83249 -9.59391
-9.13706 -9.59391
-9.28934 -9.59391
-9.44162 -9.44162
-9.74619 -9.44162
-9.89848 -9.44162
-10.0508 -9.28934
-10.3553 -9.28934
-10.5076 -9.28934
-10.6599 -9.13706
-10.8122 -9.13706
-10.9645 -9.13706
-11.269 -8.98477
-11.4213 -8.98477
-11.5736 -8.83249
-11.7259 -8.83249
-12.0305 -8.6802
-12.1827 -8.6802
-12.335 -8.6802
-12.4873 -8.52792
-12.6396 -8.52792
-12.7919 -8.37563
-12.9442 -8.22335
-13.2487 -8.22335
-13.401 -8.07107
-13.5533 -8.07107
-13.7056 -7.91878
-13.8579 -7.91878
-14.0102 -7.7665
-14.1624 -7.61421
-14.3147 -7.61421
-14.467 -7.46193
-14.6193 -7.30964
-14.7716 -7.30964
-14.9239 -7.15736
-15.0761 -7.00508
-15.2284 -7.00508
-15.3807 -6.85279
-15.533 -6.70051
-15.6853 -6.54822
-15.8376 -6.54822
-15.9898 -6.39594
-16.1421 -6.24365
-16.2944 -6.09137
-16.4467 -6.09137
-16.4467 -5.93909
-16.599 -5.7868
-16.7513 -5.63452
-16.9036 -5.48223
-17.0558 -5.48223
-17.2081 -5.32995
-17.3604 -5.17766
-17.5127 -5.02538
-17.665 -5.02538
-17.8173 -4.8731
-17.9695 -4.72081
-18.1218 -4.56853
-18.2741 -4.41624
-18.4264 -4.41624
-18.5787 -4.26396
-18.731 -4.11168
-18.8832 -3.95939
-19.0355 -3.80711
-19.1878 -3.65482
-19.3401 -3.65482
-19.4924 -3.50254
-19.6447 -3.35025
-19.797 -3.19797
-20.1015 -3.04569
-20.2538 -2.8934
-20.4061 -2.74112
-20.5584 -2.58883
-20.7107 -2.43655
-20.8629 -2.28426
-21.0152 -2.13198
-21.1675 -1.9797
-21.4721 -1.82741
-21.6244 -1.52284
-21.7766 -1.37056
-21.9289 -1.21827
-22.0812 -1.06599
-22.2335 -0.761421
-22.3858 -0.609137
-22.5381 -0.456853
-22.6904 -0.152284
-22.8426 0
-22.9949 0.152284
-23.1472 0.456853
-23.2995 0.609137
-23.2995 0.913706
-23.4518 1.06599
-23.6041 1.37056
-23.7563 1.67513
-23.9086 1.82741
-23.9086 2.13198
-24.0609 2.43655
-24.0609 2.58883
-24.2132 2.8934
-24.3655 3.19797
-24.3655 3.50254
-24.3655 3.65482
-24.5178 3.95939
-24.5178 4.26396
-24.5178 4.56853
-24.6701 4.8731
-24.6701 5.02538
-24.6701 5.32995
-24.6701 5.63452
-24.6701 5.93909
-24.6701 6.24365
-24.6701 6.54822
-24.6701 6.85279
-24.6701 7.00508
-24.5178 7.30964
-24.5178 7.61421
-24.5178 7.91878
-24.3655 8.22335
-24.3655 8.52792
-24.2132 8.6802
-24.2132 8.98477
-24.0609 9.28934
-23.9086 9.59391
-23.7563 9.74619
-23.6041 10.0508
-23.6041 10.3553
-23.4518 10.5076
-23.2995 10.8122
-22.9949 10.9645
-22.8426 11.269
-22.6904 11.4213
-22.5381 11.7259
-22.2335 11.8782
-22.0812 12.0305
-21.9289 12.1827
-21.6244 12.4873
-21.4721 12.6396
-21.1675 12.7919
-20.8629 12.9442
-20.7107 13.0964
-20.4061 13.0964
-20.1015 13.2487
-19.9492 13.401
-19.6447 13.5533
-19.3401 13.5533
-19.0355 13.7056
-18.731 13.7056
-18.4264 13.8579
-18.2741 13.8579
-17.9695 13.8579
-17.665 14.0102
-17.3604 14.0102
-17.0558 14.0102
-16.7513 14.0102
-16.4467 14.0102
-16.1421 14.0102
-15.9898 14.0102
-15.6853 14.0102
-15.3807 13.8579
-15.0761 13.8579
-14.7716 13.8579
-14.467 13.7056
-14.3147 13.7056
-14.0102 13.5533
-13.7056 13.5533
-13.5533 13.401
-13.2487 13.401
-12.9442 13.2487
-12.7919 13.2487
-12.4873 13.0964
-12.335 13.0964
-12.0305 12.9442
-11.8782 12.7919
-11.5736 12.7919
-11.4213 12.6396
-11.269 12.4873
-10.9645 12.4873
-10.8122 12.335
-10.6599 12.335
-10.3553 12.1827
-10.203 12.1827
-10.0508 12.0305
-9.89848 12.0305
-9.74619 11.8782
-9.44162 11.8782
-9.28934 11.7259
-9.13706 11.7259
-8.98477 11.7259
-8.83249 11.5736
-8.6802 11.5736
-8.52792 11.4213
-8.37563 11.4213
-8.22335 11.4213
-8.07107 11.269
-7.7665 11.269
-7.61421 11.269
-7.46193 11.269
-7.30964 11.1168
-7.15736 11.1168
-7.00508 11.1168
-6.85279 10.9645
-6.70051 10.9645
-6.54822 10.9645
-6.39594 10.8122
-6.24365 10.8122
-6.09137 10.8122
-5.93909 10.8122
-5.7868 10.6599
-5.63452 10.6599
-5.48223 10.6599
-5.32995 10.5076
-5.17766 10.5076
-4.8731 10.5076
-4.72081 10.3553
-4.56853 10.3553
-4.41624 10.3553
-4.26396 10.203
-4.11168 10.203
-3.95939 10.203
-3.80711 10.0508
-3.50254 10.0508
-3.35025 10.0508
-3.19797 9.89848
-3.04569 9.89848
-2.74112 9.89848
-2.58883 9.74619
-2.43655 9.74619
-2.28426 9.74619
-1.9797 9.59391
-1.82741 9.59391
-1.67513 9.44162
-1.37056 9.44162
-1.21827 9.28934
-0.913706 9.28934
-0.761421 9.13706
-0.609137 9.13706
-0.304569 8.98477
-0.152284 8.98477
0.152284 8.83249
0.304569 8.6802
0.609137 8.6802
0.761421 8.52792
0.913706 8.37563
1.21827 8.22335
1.37056 8.22335
1.67513 8.07107
1.82741 7.91878
1.9797 7.7665
2.28426 7.61421
2.43655 7.46193
2.58883 7.30964
2.74112 7.15736
2.8934 6.85279
3.19797 6.70051
3.35025 6.54822
3.50254 6.39594
3.65482 6.09137
3.80711 5.93909
3.95939 5.7868
4.11168 5.48223
4.26396 5.32995
4.41624 5.02538
4.56853 4.8731
4.72081 4.56853
4.72081 4.41624
4.8731 4.11168
5.02538 3.95939
5.17766 3.65482
5.32995 3.50254
5.48223 3.19797
5.63452 2.8934
5.7868 2.74112
5.93909 2.43655
6.09137 2.13198
