6.24365 1.52284
6.24365 1.21827
6.39594 1.06599
6.39594 0.761421
6.39594 0.456853
6.39594 0.152284
6.39594 -0.152284
6.39594 -0.304569
6.39594 -0.609137
6.24365 -0.913706
6.24365 -1.06599
6.09137 -1.37056
6.09137 -1.67513
5.93909 -1.9797
5.93909 -2.13198
5.7868 -2.43655
5.63452 -2.58883
5.48223 -2.8934
5.32995 -3.04569
5.17766 -3.35025
5.17766 -3.50254
5.02538 -3.80711
4.8731 -3.95939
4.72081 -4.26396
4.56853 -4.41624
4.41624 -4.72081
4.26396 -4.8731
4.11168 -5.02538
3.95939 -5.32995
3.80711 -5.48223
3.65482 -5.63452
3.50254 -5.93909
3.35025 -6.09137
3.19797 -6.24365
3.04569 -6.54822
2.8934 -6.70051
2.58883 -6.85279
2.43655 -7.00508
2.28426 -7.15736
2.13198 -7.46193
1.9797 -7.61421
1.82741 -7.7665
1.52284 -7.91878
1.37056 -8.07107
1.21827 -8.22335
1.06599 -8.37563
0.761421 -8.52792
0.609137 -8.6802
0.456853 -8.83249
0.152284 -8.83249
0 -8.98477
-0.304569 -9.13706
-0.456853 -9.28934
-0.761421 -9.28934
-0.913706 -9.44162
-1.21827 -9.44162
-1.37056 -9.59391
-1.67513 -9.59391
-1.82741 -9.74619
-2.13198 -9.74619
-2.28426 -9.74619
-2.58883 -9.89848
-2.74112 -9.89848
-3.04569 -9.89848
-3.35025 -9.89848
-3.50254 -10.0508
-3.80711 -10.0508
-3.95939 -10.0508
-4.26396 -10.0508
-4.41624 -10.0508
-4.72081 -10.0508
-4.8731 -10.0508
-5.17766 -10.0508
-5.32995 -10.0508
-5.63452 -10.0508
-5.7868 -10.0508
-5.93909 -10.0508
-6.24365 -10.0508
-6.39594 -9.89848
-6.70051 -9.89848
-6.85279 -9.89848
-7.00508 -9.89848
-7.30964 -9.89848
-7.46193 -9.89848
-7.7665 -9.74619
-7.91878 -9.74619
-8.07107 -9.74619
-8.22335 -9.74619
-8.52792 -9.59391
-8.6802 -9.59391
-8.83249 -9.59391
-9.13706 -9.59391
-9.28934 -9.44162
-9.44162 -9.44162
-9.59391 -9.44162
-9.89848 -9.28934
-10.0508 -9.28934
-10.203 -9.28934
-10.3553 -9.13706
-10.5076 -9.13706
-10.8122 -9.13706
-10.9645 -8.98477
-11.1168 -8.98477
-11.269 -8.98477
-11.4213 -8.83249
-11.7259 -8.83249
-11.8782 -8.6802
-12.0305 -8.6802
-12.1827 -8.6802
-12.335 -8.52792
-12.4873 -8.52792
-12.6396 -8.37563
-12.9442 -8.37563
-13.0964 -8.22335
-13.2487 -8.22335
-13.401 -8.07107
-13.5533 -8.07107
-13.7056 -7.91878
-13.8579 -7.7665
-14.0102 -7.7665
-14.1624 -7.61421
-14.3147 -7.61421
-14.467 -7.46193
-14.6193 -7.30964
-14.7716 -7.15736
-14.9239 -7.15736
-15.0761 -7.00508
-15.2284 -6.85279
-15.3807 -6.70051
-15.533 -6.70051
-15.6853 -6.54822
-15.8376 -6.39594
-15.9898 -6.24365
-16.1421 -6.24365
-16.1421 -6.09137
-16.2944 -5.93909
-16.4467 -5.7868
-16.599 -5.63452
-16.7513 -5.63452
-16.9036 -5.48223
-17.0558 -5.32995
-17.2081 -5.17766
-17.3604 -5.02538
-17.5127 -5.02538
-17.665 -4.8731
-17.8173 -4.72081
-17.9695 -4.56853
-18.1218 -4.56853
-18.2741 -4.41624
-18.4264 -4.26396
-18.731 -4.11168
-18.8832 -3.95939
-19.0355 -3.80711
-19.1878 -3.65482
-19.3401 -3.65482
-19.4924 -3.50254
-19.797 -3.35025
-19.9492 -3.19797
-20.1015 -3.04569
-20.2538 -2.8934
-20.4061 -2.74112
-20.7107 -2.58883
-20.8629 -2.28426
-21.0152 -2.13198
-21.1675 -1.9797
-21.3198 -1.82741
-21.4721 -1.67513
-21.6244 -1.37056
-21.7766 -1.21827
-22.0812 -1.06599
-22.2335 -0.761421
-22.3858 -0.609137
-22.5381 -0.456853
-22.5381 -0.152284
-22.6904 0
-22.8426 0.304569
-22.9949 0.609137
-23.1472 0.761421
-23.2995 1.06599
-23.2995 1.21827
-23.4518 1.52284
-23.6041 1.82741
-23.7563 1.9797
-23.7563 2.28426
-23.9086 2.58883
-23.9086 2.8934
-24.0609 3.04569
-24.0609 3.35025
-24.2132 3.65482
-24.2132 3.95939
-24.3655 4.26396
-24.3655 4.56853
-24.5178 4.8731
-24.5178 5.17766
-24.5178 5.48223
-24.5178 5.7868
-24.5178 6.09137
-24.6701 6.39594
-24.6701 6.70051
-24.6701 7.00508
-24.6701 7.30964
-24.6701 7.61421
-24.5178 7.91878
-24.5178 8.22335
-24.5178 8.52792
-24.3655 8.83249
-24.3655 8.98477
-24.2132 9.28934
-24.2132 9.59391
-24.0609 9.89848
-23.9086 10.203
-23.7563 10.5076
-23.6041 10.6599
-23.4518 10.9645
-23.1472 11.1168
-22.9949 11.4213
-22.8426 11.5736
-22.5381 11.8782
-22.3858 12.0305
-22.0812 12.1827
-21.7766 12.335
-21.4721 12.4873
-21.1675 12.6396
-20.8629 12.7919
-20.5584 12.7919
-20.2538 12.9442
-19.9492 12.9442
-19.6447 13.0964
-19.3401 13.0964
-19.0355 13.0964
-18.731 13.2487
-18.4264 13.2487
-17.9695 13.2487
-17.665 13.2487
-17.3604 13.2487
-17.0558 13.2487
-16.7513 13.2487
-16.4467 13.2487
-16.1421 13.0964
-15.8376 13.0964
-15.533 13.0964
-15.2284 13.0964
-14.9239 12.9442
-14.7716 12.9442
-14.467 12.9442
-14.1624 12.9442
-13.8579 12.7919
-13.7056 12.7919
-13.401 12.7919
-13.2487 12.6396
-12.9442 12.6396
-12.6396 12.6396
-12.4873 12.4873
-12.1827 12.4873
-12.0305 12.4873
-11.7259 12.335
-11.5736 12.335
-11.4213 12.335
-11.1168 12.1827
-10.9645 12.1827
-10.8122 12.1827
-10.5076 12.0305
-10.3553 12.0305
-10.203 12.0305
-10.0508 11.8782
-9.74619 11.8782
-9.59391 11.7259
-9.44162 11.7259
-9.28934 11.7259
-9.13706 11.5736
-8.83249 11.5736
-8.6802 11.5736
-8.52792 11.4213
-8.37563 11.4213
-8.22335 11.269
-8.07107 11.269
-7.91878 11.269
-7.7665 11.1168
-7.46193 11.1168
-7.30964 11.1168
-7.15736 10.9645
-7.00508 10.9645
-6.85279 10.9645
-6.70051 10.9645
-6.54822 10.8122
-6.39594 10.8122
-6.24365 10.8122
-6.09137 10.6599
-5.93909 10.6599
-5.7868 10.6599
-5.63452 10.6599
-5.48223 10.5076
-5.17766 10.5076
-5.02538 10.5076
-4.8731 10.5076
-4.72081 10.5076
-4.56853 10.3553
-4.41624 10.3553
-4.26396 10.3553
-3.95939 10.3553
-3.80711 10.203
-3.65482 10.203
-3.50254 10.203
-3.35025 10.203
-3.04569 10.0508
-2.8934 10.0508
-2.74112 10.0508
-2.58883 9.89848
-2.28426 9.89848
-2.13198 9.89848
-1.9797 9.74619
-1.82741 9.74619
-1.52284 9.59391
-1.37056 9.59391
-1.21827 9.44162
-0.913706 9.44162
-0.761421 9.28934
-0.609137 9.28934
-0.456853 9.13706
-0.152284 9.13706
0 8.98477
0.152284 8.83249
0.304569 8.6802
0.609137 8.6802
0.761421 8.52792
0.913706 8.37563
1.06599 8.22335
1.37056 8.22335
1.52284 8.07107
1.67513 7.91878
1.82741 7.7665
2.13198 7.61421
2.28426 7.46193
2.43655 7.30964
2.58883 7.15736
2.8934 7.00508
3.04569 6.85279
3.19797 6.70051
3.35025 6.54822
3.65482 6.24365
3.80711 6.09137
3.95939 5.93909
4.11168 5.7868
4.26396 5.48223
4.41624 5.32995
4.72081 5.17766
4.8731 4.8731
5.02538 4.72081
5.17766 4.56853
5.32995 4.26396
5.32995 4.11168
5.48223 3.80711
5.63452 3.50254
5.7868 3.35025
5.93909 3.04569
5.93909 2.8934
6.09137 2.58883
6.09137 2.28426
6.24365 1.9797
6.24365 1.82741
