6.24365 1.37056
6.24365 1.21827
6.39594 0.913706
6.39594 0.609137
6.39594 0.304569
6.39594 0.152284
6.39594 -0.152284
6.39594 -0.456853
6.24365 -0.761421
6.24365 -0.913706
6.24365 -1.21827
6.09137 -1.52284
6.09137 -1.67513
5.93909 -1.9797
5.93909 -2.28426
5.7868 -2.43655
5.63452 -2.74112
5.48223 -2.8934
5.32995 -3.19797
5.32995 -3.35025
5.17766 -3.65482
5.02538 -3.80711
4.8731 -4.11168
4.72081 -4.26396
4.56853 -4.56853
4.41624 -4.72081
4.26396 -4.8731
4.11168 -5.17766
3.95939 -5.32995
3.80711 -5.48223
3.65482 -5.7868
3.50254 -5.93909
3.35025 -6.09137
3.19797 -6.24365
3.04569 -6.54822
2.8934 -6.70051
2.74112 -6.85279
2.43655 -7.00508
2.28426 -7.15736
2.13198 -7.46193
1.9797 -7.61421
1.82741 -7.7665
1.52284 -7.91878
1.37056 -8.07107
1.21827 -8.22335
1.06599 -8.37563
0.761421 -8.52792
0.609137 -8.52792
0.456853 -8.6802
0.152284 -8.83249
0 -8.98477
-0.304569 -8.98477
-0.456853 -9.13706
-0.609137 -9.28934
-0.913706 -9.28934
-1.06599 -9.44162
-1.37056 -9.44162
-1.52284 -9.59391
-1.82741 -9.59391
-1.9797 -9.74619
-2.28426 -9.74619
-2.43655 -9.89848
-2.74112 -9.89848
-2.8934 -9.89848
-3.19797 -9.89848
-3.35025 -10.0508
-3.65482 -10.0508
-3.80711 -10.0508
-4.11168 -10.0508
-4.26396 -10.0508
-4.56853 -10.0508
-4.72081 -10.0508
-5.02538 -10.0508
-5.17766 -10.0508
-5.48223 -10.0508
-5.63452 -10.0508
-5.93909 -10.0508
-6.09137 -10.0508
-6.24365 -10.0508
-6.54822 -9.89848
-6.70051 -9.89848
-6.85279 -9.89848
-7.15736 -9.89848
-7.30964 -9.89848
-7.61421 -9.74619
-7.7665 -9.74619
-7.91878 -9.74619
-8.07107 -9.74619
-8.37563 -9.59391
-8.52792 -9.59391
-8.6802 -9.59391
-8.98477 -9.44162
-9.13706 -9.44162
-9.28934 -9.44162
-9.44162 -9.28934
-9.59391 -9.28934
-9.89848 -9.28934
-10.0508 -9.28934
-10.203 -9.13706
-10.3553 -9.13706
-10.5076 -9.13706
-10.8122 -8.98477
-10.9645 -8.98477
-11.1168 -8.98477
-11.269 -8.83249
-11.4213 -8.83249
-11.5736 -8.83249
-11.8782 -8.6802
-12.0305 -8.6802
-12.1827 -8.6802
-12.335 -8.52792
-12.4873 -8.52792
-12.6396 -8.37563
-12.7919 -8.37563
-13.0964 -8.22335
-13.2487 -8.22335
-13.401 -8.07107
-13.5533 -8.07107
-13.7056 -7.91878
-13.8579 -7.91878
-14.0102 -7.7665
-14.1624 -7.61421
-14.3147 -7.61421
-14.467 -7.46193
-14.6193 -7.30964
-14.7716 -7.30964
-14.9239 -7.15736
-15.0761 -7.00508
-15.2284 -6.85279
-15.3807 -6.70051
-15.533 -6.70051
-15.6853 -6.54822
-15.8376 -6.39594
-15.8376 -6.24365
-15.9898 -6.09137
-16.1421 -6.09137
-16.2944 -5.93909
-16.4467 -5.7868
-16.599 -5.63452
-16.7513 -5.48223
-16.9036 -5.48223
-17.0558 -5.32995
-17.2081 -5.17766
-17.3604 -5.02538
-17.5127 -4.8731
-17.665 -4.8731
-17.8173 -4.72081
-17.9695 -4.56853
-18.1218 -4.41624
-18.2741 -4.26396
-18.4264 -4.26396
-18.5787 -4.11168
-18.8832 -3.95939
-19.0355 -3.80711
-19.1878 -3.65482
-19.3401 -3.50254
-19.4924 -3.35025
-19.797 -3.19797
-19.9492 -3.04569
-20.1015 -2.8934
-20.2538 -2.74112
-20.5584 -2.58883
-20.7107 -2.43655
-20.8629 -2.28426
-21.0152 -2.13198
-21.1675 -1.9797
-21.4721 -1.67513
-21.6244 -1.52284
-21.7766 -1.37056
-21.9289 -1.21827
-22.0812 -0.913706
-22.2335 -0.761421
-22.3858 -0.456853
-22.5381 -0.304569
-22.6904 0
-22.8426 0.152284
-22.9949 0.456853
-23.1472 0.609137
-23.1472 0.913706
-23.2995 1.21827
-23.4518 1.37056
-23.6041 1.67513
-23.6041 1.9797
-23.7563 2.13198
-23.7563 2.43655
-23.9086 2.74112
-23.9086 3.04569
-24.0609 3.35025
-24.0609 3.50254
-24.2132 3.80711
-24.2132 4.11168
-24.2132 4.41624
-24.2132 4.72081
-24.2132 5.02538
-24.2132 5.32995
-24.2132 5.63452
-24.2132 5.93909
-24.2132 6.09137
-24.2132 6.39594
-24.2132 6.70051
-24.0609 7.00508
-24.0609 7.30964
-24.0609 7.61421
-23.9086 7.91878
-23.7563 8.07107
-23.7563 8.37563
-23.6041 8.6802
-23.4518 8.98477
-23.2995 9.13706
-23.1472 9.44162
-22.9949 9.74619
-22.8426 9.89848
-22.6904 10.203
-22.5381 10.3553
-22.3858 10.6599
-22.0812 10.8122
-21.9289 10.9645
-21.6244 11.1168
-21.4721 11.269
-21.1675 11.5736
-20.8629 11.7259
-20.7107 11.7259
-20.4061 11.8782
-20.1015 12.0305
-19.797 12.1827
-19.4924 12.1827
-19.1878 12.335
-19.0355 12.335
-18.731 12.4873
-18.4264 12.4873
-18.1218 12.6396
-17.8173 12.6396
-17.5127 12.6396
-17.2081 12.6396
-16.9036 12.6396
-16.599 12.7919
-16.2944 12.7919
-16.1421 12.7919
-15.8376 12.7919
-15.533 12.7919
-15.2284 12.7919
-14.9239 12.6396
-14.7716 12.6396
-14.467 12.6396
-14.1624 12.6396
-14.0102 12.6396
-13.7056 12.6396
-13.401 12.6396
-13.2487 12.4873
-12.9442 12.4873
-12.7919 12.4873
-12.4873 12.4873
-12.335 12.4873
-12.0305 12.335
-11.8782 12.335
-11.5736 12.335
-11.4213 12.1827
-11.269 12.1827
-10.9645 12.1827
-10.8122 12.1827
-10.6599 12.0305
-10.3553 12.0305
-10.203 12.0305
-10.0508 11.8782
-9.74619 11.8782
-9.59391 11.7259
-9.44162 11.7259
-9.28934 11.7259
-9.13706 11.5736
-8.83249 11.5736
-8.6802 11.5736
-8.52792 11.4213
-8.37563 11.4213
-8.22335 11.269
-8.07107 11.269
-7.91878 11.269
-7.7665 11.1168
-7.46193 11.1168
-7.30964 10.9645
-7.15736 10.9645
-7.00508 10.9645
-6.85279 10.8122
-6.70051 10.8122
-6.54822 10.8122
-6.39594 10.6599
-6.24365 10.6599
-6.09137 10.6599
-5.93909 10.6599
-5.7868 10.5076
-5.63452 10.5076
-5.48223 10.5076
-5.17766 10.5076
-5.02538 10.3553
-4.8731 10.3553
-4.72081 10.3553
-4.56853 10.3553
-4.41624 10.3553
-4.26396 10.203
-3.95939 10.203
-3.80711 10.203
-3.65482 10.203
-3.50254 10.203
-3.35025 10.0508
-3.04569 10.0508
-2.8934 10.0508
-2.74112 9.89848
-2.58883 9.89848
-2.28426 9.89848
-2.13198 9.89848
-1.9797 9.74619
-1.82741 9.74619
-1.52284 9.59391
-1.37056 9.59391
-1.21827 9.44162
-0.913706 9.44162
-0.761421 9.28934
-0.609137 9.28934
-0.456853 9.13706
-0.152284 9.13706
0 8.98477
0.152284 8.83249
0.456853 8.83249
0.609137 8.6802
0.761421 8.52792
0.913706 8.52792
1.21827 8.37563
1.37056 8.22335
1.52284 8.07107
1.67513 7.91878
1.9797 7.7665
2.13198 7.61421
2.28426 7.46193
2.43655 7.30964
2.58883 7.15736
2.8934 7.00508
3.04569 6.85279
3.19797 6.70051
3.35025 6.54822
3.50254 6.39594
3.80711 6.24365
3.95939 5.93909
4.11168 5.7868
4.26396 5.63452
4.41624 5.48223
4.56853 5.17766
4.72081 5.02538
4.8731 4.8731
5.02538 4.56853
5.17766 4.41624
5.32995 4.11168
5.48223 3.95939
5.63452 3.65482
5.63452 3.50254
5.7868 3.19797
5.93909 2.8934
5.93909 2.74112
6.09137 2.43655
6.09137 2.13198
6.24365 1.9797
6.24365 1.67513
