6.09137 1.82741
6.24365 1.52284
6.24365 1.21827
6.39594 0.913706
6.39594 0.609137
6.39594 0.456853
6.39594 0.152284
6.39594 -0.152284
6.39594 -0.456853
6.39594 -0.761421
6.24365 -0.913706
6.24365 -1.21827
6.09137 -1.52284
6.09137 -1.67513
5.93909 -1.9797
5.7868 -2.28426
5.63452 -2.43655
5.63452 -2.74112
5.48223 -3.04569
5.32995 -3.19797
5.17766 -3.50254
5.02538 -3.65482
4.8731 -3.95939
4.72081 -4.11168
4.56853 -4.41624
4.41624 -4.56853
4.26396 -4.72081
4.11168 -5.02538
3.95939 -5.17766
3.80711 -5.48223
3.65482 -5.63452
3.50254 -5.7868
3.35025 -6.09137
3.19797 -6.24365
3.04569 -6.39594
2.8934 -6.70051
2.58883 -6.85279
2.43655 -7.00508
2.28426 -7.15736
2.13198 -7.46193
1.9797 -7.61421
1.82741 -7.7665
1.52284 -7.91878
1.37056 -8.07107
1.21827 -8.22335
0.913706 -8.37563
0.761421 -8.52792
0.609137 -8.6802
0.304569 -8.83249
0.152284 -8.98477
-0.152284 -9.13706
-0.304569 -9.13706
-0.609137 -9.28934
-0.761421 -9.44162
-1.06599 -9.44162
-1.21827 -9.59391
-1.52284 -9.59391
-1.82741 -9.74619
-1.9797 -9.74619
-2.28426 -9.74619
-2.43655 -9.89848
-2.74112 -9.89848
-3.04569 -9.89848
-3.19797 -9.89848
-3.50254 -10.0508
-3.65482 -10.0508
-3.95939 -10.0508
-4.26396 -10.0508
-4.41624 -10.0508
-4.72081 -10.0508
-4.8731 -10.0508
-5.17766 -10.0508
-5.32995 -10.0508
-5.63452 -10.0508
-5.7868 -10.0508
-6.09137 -9.89848
-6.24365 -9.89848
-6.54822 -9.89848
-6.70051 -9.89848
-7.00508 -9.89848
-7.15736 -9.89848
-7.30964 -9.74619
-7.61421 -9.74619
-7.7665 -9.74619
-8.07107 -9.74619
-8.22335 -9.74619
-8.37563 -9.59391
-8.6802 -9.59391
-8.83249 -9.59391
-8.98477 -9.44162
-9.13706 -9.44162
-9.44162 -9.44162
-9.59391 -9.28934
-9.74619 -9.28934
-10.0508 -9.28934
-10.203 -9.13706
-10.3553 -9.13706
-10.5076 -9.13706
-10.6599 -8.98477
-10.9645 -8.98477
-11.1168 -8.98477
-11.269 -8.83249
-11.4213 -8.83249
-11.5736 -8.6802
-11.8782 -8.6802
-12.0305 -8.52792
-12.1827 -8.52792
-12.335 -8.52792
-12.4873 -8.37563
-12.6396 -8.37563
-12.7919 -8.22335
-12.9442 -8.07107
-13.2487 -8.07107
-13.401 -7.91878
-13.5533 -7.91878
-13.7056 -7.7665
-13.8579 -7.7665
-14.0102 -7.61421
-14.1624 -7.46193
-14.3147 -7.46193
-14.467 -7.30964
-14.6193 -7.15736
-14.7716 -7.15736
-14.9239 -7.00508
-15.0761 -6.85279
-15.2284 -6.85279
-15.3807 -6.70051
-15.533 -6.54822
-15.6853 -6.39594
-15.8376 -6.39594
-15.9898 -6.24365
-15.9898 -6.09137
-16.1421 -5.93909
-16.2944 -5.93909
-16.4467 -5.7868
-16.599 -5.63452
-16.7513 -5.48223
-16.9036 -5.48223
-17.0558 -5.32995
-17.2081 -5.17766
-17.3604 -5.02538
-17.5127 -4.8731
-17.665 -4.8731
-17.8173 -4.72081
-17.9695 -4.56853
-18.1218 -4.41624
-18.2741 -4.41624
-18.4264 -4.26396
-18.5787 -4.11168
-18.731 -3.95939
-18.8832 -3.80711
-19.0355 -3.65482
-19.3401 -3.65482
-19.4924 -3.50254
-19.6447 -3.35025
-19.797 -3.19797
-19.9492 -3.04569
-20.1015 -2.8934
-20.4061 -2.74112
-20.5584 -2.58883
-20.7107 -2.43655
-20.8629 -2.28426
-21.0152 -2.13198
-21.1675 -1.82741
-21.3198 -1.67513
-21.4721 -1.52284
-21.6244 -1.37056
-21.7766 -1.21827
-21.9289 -0.913706
-22.0812 -0.761421
-22.2335 -0.609137
-22.3858 -0.304569
-22.5381 -0.152284
-22.6904 0.152284
-22.8426 0.304569
-22.9949 0.609137
-23.1472 0.761421
-23.1472 1.06599
-23.2995 1.21827
-23.4518 1.52284
-23.4518 1.82741
-23.6041 1.9797
-23.7563 2.28426
-23.7563 2.58883
-23.9086 2.74112
-23.9086 3.04569
-24.0609 3.35025
-24.0609 3.65482
-24.2132 3.80711
-24.2132 4.11168
-24.3655 4.41624
-24.3655 4.72081
-24.3655 5.02538
-24.5178 5.32995
-24.5178 5.63452
-24.5178 5.93909
-24.5178 6.24365
-24.5178 6.54822
-24.6701 6.70051
-24.6701 7.00508
-24.6701 7.30964
-24.6701 7.61421
-24.5178 7.91878
-24.5178 8.22335
-24.5178 8.52792
-24.3655 8.83249
-24.3655 9.13706
-24.2132 9.44162
-24.2132 9.74619
-24.0609 10.0508
-23.9086 10.3553
-23.7563 10.5076
-23.6041 10.8122
-23.4518 11.1168
-23.2995 11.269
-23.1472 11.5736
-22.8426 11.7259
-22.6904 11.8782
-22.3858 12.0305
-22.0812 12.1827
-21.9289 12.4873
-21.6244 12.4873
-21.3198 12.6396
-21.0152 12.7919
-20.7107 12.9442
-20.4061 12.9442
-20.1015 13.0964
-19.797 13.0964
-19.4924 13.0964
-19.1878 13.2487
-18.8832 13.2487
-18.4264 13.2487
-18.1218 13.2487
-17.8173 13.2487
-17.5127 13.2487
-17.2081 13.2487
-16.9036 13.2487
-16.599 13.0964
-16.2944 13.0964
-15.9898 13.0964
-15.6853 13.0964
-15.3807 12.9442
-15.0761 12.9442
-14.9239 12.9442
-14.6193 12.7919
-14.3147 12.7919
-14.1624 12.7919
-13.8579 12.7919
-13.5533 12.6396
-13.401 12.6396
-13.0964 12.6396
-12.9442 12.4873
-12.6396 12.4873
-12.4873 12.4873
-12.1827 12.335
-12.0305 12.335
-11.8782 12.335
-11.5736 12.1827
-11.4213 12.1827
-11.269 12.1827
-10.9645 12.0305
-10.8122 12.0305
-10.6599 12.0305
-10.5076 11.8782
-10.203 11.8782
-10.0508 11.8782
-9.89848 11.7259
-9.74619 11.7259
-9.59391 11.7259
-9.44162 11.5736
-9.13706 11.5736
-8.98477 11.5736
-8.83249 11.4213
-8.6802 11.4213
-8.52792 11.4213
-8.37563 11.4213
-8.22335 11.269
-8.07107 11.269
-7.91878 11.269
-7.7665 11.1168
-7.61421 11.1168
-7.46193 11.1168
-7.15736 11.1168
-7.00508 10.9645
-6.85279 10.9645
-6.70051 10.9645
-6.54822 10.9645
-6.39594 10.8122
-6.24365 10.8122
-6.09137 10.8122
-5.93909 10.8122
-5.7868 10.6599
-5.63452 10.6599
-5.48223 10.6599
-5.32995 10.5076
-5.17766 10.5076
-4.8731 10.5076
-4.72081 10.5076
-4.56853 10.3553
-4.41624 10.3553
-4.26396 10.3553
-4.11168 10.3553
-3.95939 10.203
-3.80711 10.203
-3.50254 10.203
-3.35025 10.0508
-3.19797 10.0508
-3.04569 10.0508
-2.8934 9.89848
-2.58883 9.89848
-2.43655 9.89848
-2.28426 9.74619
-1.9797 9.74619
-1.82741 9.59391
-1.67513 9.59391
-1.37056 9.59391
-1.21827 9.44162
-1.06599 9.44162
-0.761421 9.28934
-0.609137 9.28934
-0.456853 9.13706
-0.152284 9.13706
0 8.98477
0.304569 8.83249
0.456853 8.83249
0.609137 8.6802
0.913706 8.52792
1.06599 8.52792
1.37056 8.37563
1.52284 8.22335
1.67513 8.07107
1.9797 7.91878
2.13198 7.7665
2.28426 7.61421
2.58883 7.46193
2.74112 7.30964
2.8934 7.15736
3.04569 7.00508
3.19797 6.85279
3.50254 6.54822
3.65482 6.39594
3.80711 6.24365
3.95939 6.09137
4.11168 5.7868
4.26396 5.63452
4.41624 5.48223
4.56853 5.17766
4.72081 5.02538
4.8731 4.72081
5.02538 4.56853
5.02538 4.26396
5.17766 4.11168
5.32995 3.80711
5.48223 3.50254
5.63452 3.35025
5.63452 3.04569
5.7868 2.8934
5.93909 2.58883
6.09137 2.28426
6.09137 1.9797
