6.24365 2.13198
6.39594 1.82741
6.39594 1.52284
6.39594 1.21827
6.39594 0.913706
6.54822 0.761421
6.39594 0.456853
6.39594 0.152284
6.39594 -0.152284
6.39594 -0.456853
6.39594 -0.609137
6.24365 -0.913706
6.24365 -1.21827
6.09137 -1.52284
5.93909 -1.67513
5.93909 -1.9797
5.7868 -2.28426
5.63452 -2.43655
5.48223 -2.74112
5.48223 -3.04569
5.32995 -3.19797
5.17766 -3.50254
5.02538 -3.65482
4.8731 -3.95939
4.72081 -4.11168
4.56853 -4.41624
4.41624 -4.56853
4.26396 -4.8731
4.11168 -5.02538
3.95939 -5.32995
3.80711 -5.48223
3.65482 -5.7868
3.50254 -5.93909
3.35025 -6.09137
3.19797 -6.39594
3.04569 -6.54822
2.8934 -6.70051
2.58883 -6.85279
2.43655 -7.15736
2.28426 -7.30964
2.13198 -7.46193
1.82741 -7.61421
1.67513 -7.7665
1.52284 -8.07107
1.21827 -8.22335
1.06599 -8.37563
0.913706 -8.52792
0.609137 -8.52792
0.456853 -8.6802
0.152284 -8.83249
0 -8.98477
-0.304569 -9.13706
-0.456853 -9.13706
-0.761421 -9.28934
-0.913706 -9.44162
-1.21827 -9.44162
-1.52284 -9.59391
-1.67513 -9.59391
-1.9797 -9.59391
-2.28426 -9.74619
-2.43655 -9.74619
-2.74112 -9.74619
-2.8934 -9.89848
-3.19797 -9.89848
-3.50254 -9.89848
-3.65482 -9.89848
-3.95939 -9.89848
-4.26396 -9.89848
-4.41624 -9.89848
-4.72081 -9.89848
-4.8731 -9.89848
-5.17766 -9.89848
-5.32995 -9.89848
-5.63452 -9.89848
-5.7868 -9.89848
-6.09137 -9.89848
-6.24365 -9.89848
-6.54822 -9.89848
-6.70051 -9.89848
-7.00508 -9.89848
-7.15736 -9.89848
-7.46193 -9.74619
-7.61421 -9.74619
-7.91878 -9.74619
-8.07107 -9.74619
-8.22335 -9.74619
-8.52792 -9.59391
-8.6802 -9.59391
-8.83249 -9.59391
-9.13706 -9.59391
-9.28934 -9.44162
-9.44162 -9.44162
-9.74619 -9.44162
-9.89848 -9.28934
-10.0508 -9.28934
-10.3553 -9.28934
-10.5076 -9.13706
-10.6599 -9.13706
-10.8122 -8.98477
-11.1168 -8.98477
-11.269 -8.83249
-11.4213 -8.83249
-11.5736 -8.83249
-11.7259 -8.6802
-12.0305 -8.6802
-12.1827 -8.52792
-12.335 -8.37563
-12.4873 -8.37563
-12.6396 -8.22335
-12.7919 -8.22335
-12.9442 -8.07107
-13.2487 -8.07107
-13.401 -7.91878
-13.5533 -7.7665
-13.7056 -7.7665
-13.8579 -7.61421
-14.0102 -7.61421
-14.1624 -7.46193
-14.3147 -7.30964
-14.467 -7.30964
-14.6193 -7.15736
-14.7716 -7.00508
-14.9239 -7.00508
-15.0761 -6.85279
-15.2284 -6.70051
-15.3807 -6.70051
-15.533 -6.54822
-15.6853 -6.39594
-15.8376 -6.24365
-15.9898 -6.24365
-16.1421 -6.09137
-16.2944 -5.93909
-16.4467 -5.7868
-16.599 -5.7868
-16.7513 -5.63452
-16.9036 -5.48223
-17.0558 -5.32995
-17.2081 -5.32995
-17.3604 -5.17766
-17.5127 -5.02538
-17.665 -4.8731
-17.8173 -4.72081
-17.9695 -4.72081
-18.1218 -4.56853
-18.2741 -4.41624
-18.4264 -4.26396
-18.5787 -4.11168
-18.731 -4.11168
-18.8832 -3.95939
-19.0355 -3.80711
-19.1878 -3.65482
-19.3401 -3.50254
-19.4924 -3.35025
-19.797 -3.19797
-19.9492 -3.04569
-20.1015 -2.8934
-20.2538 -2.74112
-20.4061 -2.58883
-20.5584 -2.43655
-20.7107 -2.28426
-20.8629 -2.13198
-21.0152 -1.9797
-21.1675 -1.82741
-21.3198 -1.67513
-21.6244 -1.37056
-21.7766 -1.21827
-21.9289 -1.06599
-22.0812 -0.913706
-22.2335 -0.609137
-22.3858 -0.456853
-22.5381 -0.304569
-22.6904 0
-22.8426 0.152284
-22.9949 0.456853
-22.9949 0.609137
-23.1472 0.913706
-23.2995 1.06599
-23.4518 1.37056
-23.6041 1.52284
-23.6041 1.82741
-23.7563 2.13198
-23.9086 2.28426
-23.9086 2.58883
-24.0609 2.8934
-24.2132 3.04569
-24.2132 3.35025
-24.2132 3.65482
-24.3655 3.95939
-24.3655 4.26396
-24.5178 4.41624
-24.5178 4.72081
-24.5178 5.02538
-24.5178 5.32995
-24.5178 5.63452
-24.5178 5.93909
-24.5178 6.09137
-24.5178 6.39594
-24.5178 6.70051
-24.5178 7.00508
-24.5178 7.30964
-24.3655 7.61421
-24.3655 7.91878
-24.2132 8.07107
-24.2132 8.37563
-24.0609 8.6802
-24.0609 8.98477
-23.9086 9.28934
-23.7563 9.44162
-23.7563 9.74619
-23.6041 10.0508
-23.4518 10.203
-23.2995 10.5076
-23.1472 10.6599
-22.9949 10.9645
-22.8426 11.1168
-22.5381 11.4213
-22.3858 11.5736
-22.2335 11.8782
-22.0812 12.0305
-21.7766 12.1827
-21.6244 12.335
-21.3198 12.4873
-21.1675 12.6396
-20.8629 12.7919
-20.5584 12.9442
-20.4061 13.0964
-20.1015 13.2487
-19.797 13.401
-19.6447 13.5533
-19.3401 13.5533
-19.0355 13.7056
-18.731 13.7056
-18.4264 13.8579
-18.2741 13.8579
-17.9695 14.0102
-17.665 14.0102
-17.3604 14.0102
-17.0558 14.0102
-16.7513 14.1624
-16.599 14.1624
-16.2944 14.1624
-15.9898 14.1624
-15.6853 14.0102
-15.3807 14.0102
-15.0761 14.0102
-14.9239 14.0102
-14.6193 14.0102
-14.3147 13.8579
-14.0102 13.8579
-13.8579 13.7056
-13.5533 13.7056
-13.2487 13.7056
-13.0964 13.5533
-12.7919 13.5533
-12.4873 13.401
-12.335 13.401
-12.0305 13.2487
-11.8782 13.0964
-11.5736 13.0964
-11.4213 12.9442
-11.269 12.9442
-10.9645 12.7919
-10.8122 12.7919
-10.6599 12.6396
-10.3553 12.6396
-10.203 12.4873
-10.0508 12.4873
-9.89848 12.335
-9.59391 12.335
-9.44162 12.335
-9.28934 12.1827
-9.13706 12.1827
-8.98477 12.0305
-8.83249 12.0305
-8.6802 12.0305
-8.37563 11.8782
-8.22335 11.8782
-8.07107 11.8782
-7.91878 11.7259
-7.7665 11.7259
-7.61421 11.7259
-7.46193 11.7259
-7.30964 11.5736
-7.15736 11.5736
-7.00508 11.5736
-6.85279 11.4213
-6.70051 11.4213
-6.39594 11.4213
-6.24365 11.269
-6.09137 11.269
-5.93909 11.1168
-5.7868 11.1168
-5.63452 11.1168
-5.48223 10.9645
-5.32995 10.9645
-5.17766 10.8122
-5.02538 10.8122
-4.8731 10.8122
-4.72081 10.6599
-4.56853 10.6599
-4.41624 10.5076
-4.26396 10.5076
-4.11168 10.3553
-3.95939 10.3553
-3.80711 10.3553
-3.65482 10.203
-3.50254 10.203
-3.19797 10.0508
-3.04569 10.0508
-2.8934 9.89848
-2.74112 9.89848
-2.58883 9.89848
-2.43655 9.74619
-2.13198 9.74619
-1.9797 9.59391
-1.82741 9.59391
-1.52284 9.59391
-1.37056 9.44162
-1.21827 9.44162
-0.913706 9.28934
-0.761421 9.28934
-0.456853 9.13706
-0.304569 9.13706
0 8.98477
0.152284 8.98477
0.456853 8.83249
0.609137 8.83249
0.761421 8.6802
1.06599 8.52792
1.21827 8.37563
1.52284 8.37563
1.67513 8.22335
1.9797 8.07107
2.13198 7.91878
2.28426 7.7665
2.58883 7.61421
2.74112 7.46193
2.8934 7.30964
3.04569 7.15736
3.19797 6.85279
3.35025 6.70051
3.50254 6.54822
3.80711 6.24365
3.95939 6.09137
4.11168 5.93909
4.11168 5.63452
4.26396 5.48223
4.41624 5.32995
4.56853 5.02538
4.72081 4.8731
4.8731 4.56853
5.02538 4.41624
5.17766 4.11168
5.32995 3.80711
5.48223 3.65482
5.63452 3.35025
5.7868 3.19797
5.93909 2.8934
6.09137 2.58883
6.24365 2.28426
