6.24365 1.52284
6.24365 1.21827
6.39594 0.913706
6.39594 0.609137
6.39594 0.456853
6.39594 0.152284
6.39594 -0.152284
6.39594 -0.456853
6.39594 -0.609137
6.24365 -0.913706
6.24365 -1.21827
6.09137 -1.37056
6.09137 -1.67513
5.93909 -1.9797
5.93909 -2.13198
5.7868 -2.43655
5.63452 -2.74112
5.48223 -2.8934
5.32995 -3.19797
5.32995 -3.35025
5.17766 -3.65482
5.02538 -3.80711
4.8731 -3.95939
4.72081 -4.26396
4.56853 -4.41624
4.41624 -4.72081
4.26396 -4.8731
4.11168 -5.02538
3.95939 -5.32995
3.80711 -5.48223
3.65482 -5.63452
3.50254 -5.93909
3.35025 -6.09137
3.19797 -6.24365
3.04569 -6.39594
2.8934 -6.70051
2.74112 -6.85279
2.58883 -7.00508
2.28426 -7.15736
2.13198 -7.30964
1.9797 -7.46193
1.82741 -7.7665
1.67513 -7.91878
1.37056 -8.07107
1.21827 -8.22335
1.06599 -8.22335
0.761421 -8.37563
0.609137 -8.52792
0.456853 -8.6802
0.152284 -8.83249
0 -8.98477
-0.304569 -8.98477
-0.456853 -9.13706
-0.609137 -9.28934
-0.913706 -9.28934
-1.06599 -9.44162
-1.37056 -9.44162
-1.52284 -9.59391
-1.82741 -9.59391
-1.9797 -9.59391
-2.28426 -9.74619
-2.43655 -9.74619
-2.74112 -9.74619
-3.04569 -9.89848
-3.19797 -9.89848
-3.50254 -9.89848
-3.65482 -9.89848
-3.95939 -9.89848
-4.11168 -9.89848
-4.41624 -9.89848
-4.56853 -9.89848
-4.72081 -9.89848
-5.02538 -9.89848
-5.17766 -9.89848
-5.48223 -9.89848
-5.63452 -9.89848
-5.93909 -9.89848
-6.09137 -9.89848
-6.24365 -9.89848
-6.54822 -9.89848
-6.70051 -9.89848
-7.00508 -9.74619
-7.15736 -9.74619
-7.30964 -9.74619
-7.61421 -9.74619
-7.7665 -9.74619
-7.91878 -9.59391
-8.07107 -9.59391
-8.37563 -9.59391
-8.52792 -9.59391
-8.6802 -9.59391
-8.83249 -9.44162
-9.13706 -9.44162
-9.28934 -9.44162
-9.44162 -9.28934
-9.59391 -9.28934
-9.89848 -9.28934
-10.0508 -9.28934
-10.203 -9.13706
-10.3553 -9.13706
-10.5076 -9.13706
-10.8122 -8.98477
-10.9645 -8.98477
-11.1168 -8.98477
-11.269 -8.83249
-11.4213 -8.83249
-11.5736 -8.83249
-11.8782 -8.6802
-12.0305 -8.6802
-12.1827 -8.52792
-12.335 -8.52792
-12.4873 -8.52792
-12.6396 -8.37563
-12.7919 -8.37563
-13.0964 -8.22335
-13.2487 -8.22335
-13.401 -8.07107
-13.5533 -8.07107
-13.7056 -7.91878
-13.8579 -7.7665
-14.0102 -7.7665
-14.1624 -7.61421
-14.3147 -7.46193
-14.467 -7.46193
-14.6193 -7.30964
-14.7716 -7.15736
-14.9239 -7.00508
-15.0761 -7.00508
-15.2284 -6.85279
-15.3807 -6.70051
-15.533 -6.54822
-15.6853 -6.54822
-15.6853 -6.39594
-15.8376 -6.24365
-15.9898 -6.09137
-16.1421 -5.93909
-16.2944 -5.93909
-16.4467 -5.7868
-16.599 -5.63452
-16.7513 -5.48223
-16.9036 -5.32995
-17.0558 -5.32995
-17.2081 -5.17766
-17.3604 -5.02538
-17.5127 -4.8731
-17.665 -4.8731
-17.8173 -4.72081
-17.9695 -4.56853
-18.1218 -4.41624
-18.2741 -4.26396
-18.4264 -4.26396
-18.731 -4.11168
-18.8832 -3.95939
-19.0355 -3.80711
-19.1878 -3.65482
-19.3401 -3.50254
-19.6447 -3.35025
-19.797 -3.19797
-19.9492 -3.04569
-20.1015 -2.8934
-20.2538 -2.74112
-20.5584 -2.58883
-20.7107 -2.43655
-20.8629 -2.28426
-21.0152 -2.13198
-21.1675 -1.9797
-21.4721 -1.67513
-21.6244 -1.52284
-21.7766 -1.37056
-21.9289 -1.06599
-22.0812 -0.913706
-22.2335 -0.761421
-22.3858 -0.456853
-22.5381 -0.304569
-22.6904 0
-22.8426 0.152284
-22.9949 0.456853
-23.1472 0.761421
-23.2995 0.913706
-23.2995 1.21827
-23.4518 1.52284
-23.6041 1.67513
-23.6041 1.9797
-23.7563 2.28426
-23.9086 2.43655
-23.9086 2.74112
-23.9086 3.04569
-24.0609 3.35025
-24.0609 3.65482
-24.2132 3.95939
-24.2132 4.11168
-24.2132 4.41624
-24.2132 4.72081
-24.2132 5.02538
-24.2132 5.32995
-24.2132 5.63452
-24.2132 5.93909
-24.2132 6.24365
-24.2132 6.39594
-24.0609 6.70051
-24.0609 7.00508
-24.0609 7.30964
-23.9086 7.61421
-23.9086 7.91878
-23.7563 8.07107
-23.6041 8.37563
-23.6041 8.6802
-23.4518 8.98477
-23.2995 9.13706
-23.1472 9.44162
-22.9949 9.74619
-22.8426 9.89848
-22.6904 10.203
-22.3858 10.3553
-22.2335 10.5076
-22.0812 10.8122
-21.7766 10.9645
-21.6244 11.1168
-21.3198 11.269
-21.0152 11.4213
-20.8629 11.5736
-20.5584 11.7259
-20.2538 11.8782
-19.9492 12.0305
-19.797 12.0305
-19.4924 12.1827
-19.1878 12.335
-18.8832 12.335
-18.5787 12.4873
-18.2741 12.4873
-17.9695 12.4873
-17.665 12.6396
-17.3604 12.6396
-17.2081 12.6396
-16.9036 12.6396
-16.599 12.6396
-16.2944 12.6396
-15.9898 12.6396
-15.6853 12.6396
-15.533 12.6396
-15.2284 12.6396
-14.9239 12.6396
-14.6193 12.6396
-14.467 12.6396
-14.1624 12.6396
-13.8579 12.6396
-13.7056 12.6396
-13.401 12.4873
-13.2487 12.4873
-12.9442 12.4873
-12.7919 12.4873
-12.4873 12.4873
-12.335 12.4873
-12.0305 12.335
-11.8782 12.335
-11.5736 12.335
-11.4213 12.335
-11.269 12.1827
-10.9645 12.1827
-10.8122 12.1827
-10.6599 12.0305
-10.3553 12.0305
-10.203 12.0305
-10.0508 11.8782
-9.74619 11.8782
-9.59391 11.8782
-9.44162 11.7259
-9.28934 11.7259
-9.13706 11.5736
-8.83249 11.5736
-8.6802 11.5736
-8.52792 11.4213
-8.37563 11.4213
-8.22335 11.269
-8.07107 11.269
-7.91878 11.1168
-7.7665 11.1168
-7.46193 11.1168
-7.30964 10.9645
-7.15736 10.9645
-7.00508 10.8122
-6.85279 10.8122
-6.70051 10.8122
-6.54822 10.6599
-6.39594 10.6599
-6.24365 10.6599
-6.09137 10.5076
-5.93909 10.5076
-5.7868 10.5076
-5.63452 10.5076
-5.48223 10.3553
-5.32995 10.3553
-5.17766 10.3553
-5.02538 10.3553
-4.72081 10.3553
-4.56853 10.203
-4.41624 10.203
-4.26396 10.203
-4.11168 10.203
-3.95939 10.203
-3.65482 10.203
-3.50254 10.0508
-3.35025 10.0508
-3.19797 10.0508
-2.8934 10.0508
-2.74112 9.89848
-2.58883 9.89848
-2.28426 9.89848
-2.13198 9.89848
-1.9797 9.74619
-1.82741 9.74619
-1.52284 9.74619
-1.37056 9.59391
-1.21827 9.59391
-0.913706 9.44162
-0.761421 9.44162
-0.609137 9.28934
-0.304569 9.28934
-0.152284 9.13706
0 9.13706
0.304569 8.98477
0.456853 8.83249
0.609137 8.83249
0.913706 8.6802
1.06599 8.52792
1.21827 8.37563
1.37056 8.22335
1.67513 8.22335
1.82741 8.07107
1.9797 7.91878
2.13198 7.7665
2.43655 7.61421
2.58883 7.46193
2.74112 7.30964
2.8934 7.15736
3.04569 7.00508
3.19797 6.85279
3.50254 6.54822
3.65482 6.39594
3.80711 6.24365
3.95939 6.09137
4.11168 5.7868
4.26396 5.63452
4.41624 5.48223
4.56853 5.32995
4.72081 5.02538
4.8731 4.8731
5.02538 4.56853
5.17766 4.41624
5.17766 4.11168
5.32995 3.95939
5.48223 3.65482
5.63452 3.50254
5.7868 3.19797
5.7868 3.04569
5.93909 2.74112
6.09137 2.43655
6.09137 2.28426
6.24365 1.9797
6.24365 1.67513
