6.24365 2.28426
6.39594 1.9797
6.39594 1.67513
6.54822 1.52284
6.54822 1.21827
6.54822 0.913706
6.54822 0.609137
6.54822 0.304569
6.54822 0
6.54822 -0.152284
6.54822 -0.456853
6.39594 -0.761421
6.39594 -1.06599
6.24365 -1.21827
6.24365 -1.52284
6.09137 -1.82741
5.93909 -2.13198
5.7868 -2.28426
5.7868 -2.58883
5.63452 -2.74112
5.48223 -3.04569
5.32995 -3.35025
5.17766 -3.50254
5.02538 -3.80711
4.8731 -3.95939
4.72081 -4.26396
4.56853 -4.41624
4.41624 -4.72081
4.26396 -4.8731
4.11168 -5.17766
3.95939 -5.32995
3.80711 -5.48223
3.65482 -5.7868
3.50254 -5.93909
3.35025 -6.24365
3.19797 -6.39594
3.04569 -6.54822
2.8934 -6.85279
2.58883 -7.00508
2.43655 -7.15736
2.28426 -7.30964
2.13198 -7.61421
1.9797 -7.7665
1.67513 -7.91878
1.52284 -8.07107
1.37056 -8.22335
1.06599 -8.37563
0.913706 -8.52792
0.609137 -8.6802
0.456853 -8.83249
0.152284 -8.98477
0 -9.13706
-0.304569 -9.13706
-0.456853 -9.28934
-0.761421 -9.44162
-1.06599 -9.44162
-1.21827 -9.59391
-1.52284 -9.59391
-1.67513 -9.74619
-1.9797 -9.74619
-2.28426 -9.74619
-2.43655 -9.89848
-2.74112 -9.89848
-3.04569 -9.89848
-3.19797 -9.89848
-3.50254 -10.0508
-3.80711 -10.0508
-3.95939 -10.0508
-4.26396 -10.0508
-4.56853 -10.0508
-4.72081 -10.0508
-5.02538 -10.0508
-5.17766 -10.0508
-5.48223 -10.0508
-5.63452 -10.0508
-5.93909 -10.0508
-6.24365 -10.0508
-6.39594 -9.89848
-6.70051 -9.89848
-6.85279 -9.89848
-7.15736 -9.89848
-7.30964 -9.89848
-7.46193 -9.74619
-7.7665 -9.74619
-7.91878 -9.74619
-8.22335 -9.74619
-8.37563 -9.59391
-8.6802 -9.59391
-8.83249 -9.59391
-8.98477 -9.44162
-9.28934 -9.44162
-9.44162 -9.44162
-9.59391 -9.28934
-9.89848 -9.28934
-10.0508 -9.28934
-10.203 -9.13706
-10.5076 -9.13706
-10.6599 -8.98477
-10.8122 -8.98477
-10.9645 -8.83249
-11.269 -8.83249
-11.4213 -8.83249
-11.5736 -8.6802
-11.7259 -8.6802
-11.8782 -8.52792
-12.1827 -8.52792
-12.335 -8.37563
-12.4873 -8.22335
-12.6396 -8.22335
-12.7919 -8.07107
-12.9442 -8.07107
-13.2487 -7.91878
-13.401 -7.91878
-13.5533 -7.7665
-13.7056 -7.61421
-13.8579 -7.61421
-14.0102 -7.46193
-14.1624 -7.46193
-14.3147 -7.30964
-14.467 -7.15736
-14.6193 -7.15736
-14.7716 -7.00508
-14.9239 -6.85279
-15.0761 -6.85279
-15.3807 -6.70051
-15.533 -6.54822
-15.6853 -6.54822
-15.8376 -6.39594
-15.9898 -6.24365
-16.1421 -6.09137
-16.2944 -6.09137
-16.4467 -5.93909
-16.599 -5.7868
-16.7513 -5.63452
-16.9036 -5.63452
-17.0558 -5.48223
-17.2081 -5.32995
-17.3604 -5.17766
-17.5127 -5.17766
-17.665 -5.02538
-17.8173 -4.8731
-17.9695 -4.72081
-18.1218 -4.56853
-18.2741 -4.41624
-18.4264 -4.41624
-18.5787 -4.26396
-18.731 -4.11168
-18.8832 -3.95939
-19.0355 -3.80711
-19.1878 -3.65482
-19.3401 -3.50254
-19.4924 -3.35025
-19.6447 -3.19797
-19.797 -3.04569
-19.9492 -2.8934
-20.1015 -2.74112
-20.2538 -2.58883
-20.5584 -2.43655
-20.7107 -2.28426
-20.8629 -2.13198
-21.0152 -1.9797
-21.1675 -1.82741
-21.3198 -1.67513
-21.4721 -1.37056
-21.6244 -1.21827
-21.7766 -1.06599
-21.9289 -0.913706
-22.0812 -0.609137
-22.2335 -0.456853
-22.3858 -0.304569
-22.5381 0
-22.6904 0.152284
-22.8426 0.456853
-22.9949 0.609137
-23.1472 0.913706
-23.1472 1.06599
-23.2995 1.37056
-23.4518 1.52284
-23.6041 1.82741
-23.6041 1.9797
-23.7563 2.28426
-23.9086 2.58883
-23.9086 2.74112
-24.0609 3.04569
-24.2132 3.35025
-24.2132 3.65482
-24.2132 3.80711
-24.3655 4.11168
-24.3655 4.41624
-24.3655 4.72081
-24.5178 5.02538
-24.5178 5.32995
-24.5178 5.48223
-24.5178 5.7868
-24.5178 6.09137
-24.5178 6.39594
-24.5178 6.70051
-24.3655 7.00508
-24.3655 7.15736
-24.3655 7.46193
-24.2132 7.7665
-24.2132 8.07107
-24.2132 8.37563
-24.0609 8.52792
-23.9086 8.83249
-23.9086 9.13706
-23.7563 9.44162
-23.6041 9.59391
-23.4518 9.89848
-23.2995 10.0508
-23.1472 10.3553
-22.9949 10.6599
-22.8426 10.8122
-22.6904 11.1168
-22.5381 11.269
-22.3858 11.5736
-22.2335 11.7259
-21.9289 11.8782
-21.7766 12.0305
-21.6244 12.335
-21.3198 12.4873
-21.1675 12.6396
-20.8629 12.7919
-20.7107 12.9442
-20.4061 13.0964
-20.2538 13.2487
-19.9492 13.401
-19.797 13.5533
-19.4924 13.7056
-19.3401 13.8579
-19.0355 14.0102
-18.731 14.0102
-18.5787 14.1624
-18.2741 14.3147
-17.9695 14.467
-17.8173 14.467
-17.5127 14.6193
-17.3604 14.7716
-17.0558 14.7716
-16.7513 14.9239
-16.599 14.9239
-16.2944 15.0761
-16.1421 15.0761
-15.8376 15.2284
-15.533 15.3807
-15.3807 15.3807
-15.0761 15.533
-14.9239 15.533
-14.6193 15.533
-14.3147 15.6853
-14.1624 15.6853
-13.8579 15.8376
-13.7056 15.8376
-13.401 15.8376
-13.0964 15.9898
-12.9442 15.9898
-12.6396 15.9898
-12.4873 16.1421
-12.1827 16.1421
-11.8782 16.1421
-11.7259 16.1421
-11.4213 16.1421
-11.1168 16.1421
-10.9645 16.1421
-10.6599 16.1421
-10.5076 16.1421
-10.203 16.1421
-9.89848 16.1421
-9.74619 15.9898
-9.44162 15.9898
-9.28934 15.9898
-8.98477 15.8376
-8.83249 15.8376
-8.52792 15.8376
-8.37563 15.6853
-8.07107 15.6853
-7.91878 15.533
-7.61421 15.3807
-7.46193 15.3807
-7.15736 15.2284
-7.00508 15.0761
-6.70051 15.0761
-6.54822 14.9239
-6.39594 14.7716
-6.09137 14.6193
-5.93909 14.467
-5.7868 14.467
-5.63452 14.3147
-5.32995 14.1624
-5.17766 14.0102
-5.02538 13.8579
-4.8731 13.7056
-4.72081 13.5533
-4.56853 13.401
-4.41624 13.2487
-4.26396 13.0964
-4.11168 12.9442
-3.95939 12.6396
-3.80711 12.4873
-3.65482 12.335
-3.50254 12.1827
-3.35025 12.0305
-3.19797 11.8782
-3.04569 11.7259
-2.8934 11.5736
-2.8934 11.4213
-2.74112 11.269
-2.58883 11.1168
-2.43655 10.9645
-2.28426 10.9645
-2.13198 10.8122
-1.9797 10.6599
-1.82741 10.5076
-1.67513 10.3553
-1.52284 10.203
-1.37056 10.203
-1.21827 10.0508
-1.06599 9.89848
-0.913706 9.74619
-0.761421 9.74619
-0.609137 9.59391
-0.456853 9.44162
-0.152284 9.28934
0 9.28934
0.152284 9.13706
0.304569 8.98477
0.456853 8.83249
0.761421 8.83249
0.913706 8.6802
1.06599 8.52792
1.21827 8.37563
1.52284 8.22335
1.67513 8.07107
1.82741 7.91878
2.13198 7.7665
2.28426 7.61421
2.43655 7.46193
2.58883 7.30964
2.8934 7.15736
3.04569 7.00508
3.19797 6.85279
3.35025 6.70051
3.65482 6.39594
3.80711 6.24365
3.95939 6.09137
4.11168 5.93909
4.26396 5.63452
4.41624 5.48223
4.56853 5.17766
4.72081 5.02538
4.8731 4.8731
5.02538 4.56853
5.17766 4.26396
5.32995 4.11168
5.48223 3.80711
5.63452 3.65482
5.7868 3.35025
5.93909 3.04569
5.93909 2.8934
6.09137 2.58883
