6.39594 1.67513
6.39594 1.37056
6.54822 1.06599
6.54822 0.913706
6.54822 0.609137
6.54822 0.304569
6.54822 0
6.54822 -0.304569
6.39594 -0.456853
6.39594 -0.761421
6.39594 -1.06599
6.24365 -1.37056
6.24365 -1.52284
6.09137 -1.82741
5.93909 -2.13198
5.93909 -2.28426
5.7868 -2.58883
5.63452 -2.8934
5.48223 -3.04569
5.48223 -3.35025
5.32995 -3.50254
5.17766 -3.80711
5.02538 -3.95939
4.8731 -4.26396
4.72081 -4.41624
4.56853 -4.72081
4.41624 -4.8731
4.26396 -5.17766
4.11168 -5.32995
3.95939 -5.48223
3.80711 -5.7868
3.65482 -5.93909
3.50254 -6.24365
3.35025 -6.39594
3.04569 -6.54822
2.8934 -6.70051
2.74112 -7.00508
2.58883 -7.15736
2.43655 -7.30964
2.28426 -7.46193
1.9797 -7.61421
1.82741 -7.7665
1.67513 -7.91878
1.37056 -8.07107
1.21827 -8.22335
1.06599 -8.37563
0.761421 -8.52792
0.609137 -8.6802
0.304569 -8.83249
0.152284 -8.98477
0 -9.13706
-0.304569 -9.13706
-0.609137 -9.28934
-0.761421 -9.28934
-1.06599 -9.44162
-1.21827 -9.44162
-1.52284 -9.59391
-1.67513 -9.59391
-1.9797 -9.74619
-2.28426 -9.74619
-2.43655 -9.74619
-2.74112 -9.89848
-2.8934 -9.89848
-3.19797 -9.89848
-3.50254 -9.89848
-3.65482 -9.89848
-3.95939 -9.89848
-4.11168 -9.89848
-4.41624 -9.89848
-4.56853 -9.89848
-4.8731 -9.89848
-5.02538 -9.89848
-5.32995 -9.89848
-5.48223 -9.89848
-5.7868 -9.89848
-5.93909 -9.89848
-6.24365 -9.89848
-6.39594 -9.89848
-6.54822 -9.89848
-6.85279 -9.89848
-7.00508 -9.89848
-7.30964 -9.74619
-7.46193 -9.74619
-7.61421 -9.74619
-7.91878 -9.74619
-8.07107 -9.74619
-8.22335 -9.59391
-8.52792 -9.59391
-8.6802 -9.59391
-8.83249 -9.59391
-9.13706 -9.44162
-9.28934 -9.44162
-9.44162 -9.44162
-9.59391 -9.44162
-9.89848 -9.28934
-10.0508 -9.28934
-10.203 -9.28934
-10.3553 -9.13706
-10.6599 -9.13706
-10.8122 -8.98477
-10.9645 -8.98477
-11.1168 -8.98477
-11.269 -8.83249
-11.4213 -8.83249
-11.7259 -8.6802
-11.8782 -8.6802
-12.0305 -8.52792
-12.1827 -8.52792
-12.335 -8.37563
-12.4873 -8.37563
-12.6396 -8.22335
-12.7919 -8.22335
-12.9442 -8.07107
-13.2487 -8.07107
-13.401 -7.91878
-13.5533 -7.7665
-13.7056 -7.7665
-13.8579 -7.61421
-14.0102 -7.61421
-14.1624 -7.46193
-14.3147 -7.30964
-14.467 -7.30964
-14.6193 -7.15736
-14.7716 -7.00508
-14.9239 -7.00508
-15.0761 -6.85279
-15.2284 -6.70051
-15.3807 -6.70051
-15.533 -6.54822
-15.533 -6.39594
-15.6853 -6.24365
-15.8376 -6.24365
-15.9898 -6.09137
-16.1421 -5.93909
-16.2944 -5.7868
-16.4467 -5.7868
-16.599 -5.63452
-16.7513 -5.48223
-16.9036 -5.32995
-17.0558 -5.32995
-17.2081 -5.17766
-17.3604 -5.02538
-17.5127 -4.8731
-17.665 -4.8731
-17.8173 -4.72081
-17.9695 -4.56853
-18.1218 -4.41624
-18.2741 -4.41624
-18.4264 -4.26396
-18.731 -4.11168
-18.8832 -3.95939
-19.0355 -3.80711
-19.1878 -3.65482
-19.3401 -3.65482
-19.4924 -3.50254
-19.6447 -3.35025
-19.9492 -3.19797
-20.1015 -3.04569
-20.2538 -2.8934
-20.4061 -2.74112
-20.5584 -2.58883
-20.7107 -2.43655
-21.0152 -2.13198
-21.1675 -1.9797
-21.3198 -1.82741
-21.4721 -1.67513
-21.6244 -1.52284
-21.7766 -1.21827
-21.9289 -1.06599
-22.0812 -0.913706
-22.2335 -0.609137
-22.3858 -0.456853
-22.5381 -0.304569
-22.6904 0
-22.8426 0.152284
-22.8426 0.456853
-22.9949 0.609137
-23.1472 0.913706
-23.2995 1.21827
-23.2995 1.37056
-23.4518 1.67513
-23.6041 1.9797
-23.6041 2.13198
-23.7563 2.43655
-23.7563 2.74112
-23.9086 2.8934
-23.9086 3.19797
-24.0609 3.50254
-24.0609 3.80711
-24.2132 4.11168
-24.2132 4.26396
-24.3655 4.56853
-24.3655 4.8731
-24.3655 5.17766
-24.3655 5.48223
-24.5178 5.7868
-24.5178 6.09137
-24.5178 6.39594
-24.5178 6.70051
-24.5178 7.00508
-24.5178 7.30964
-24.5178 7.61421
-24.5178 7.91878
-24.5178 8.22335
-24.3655 8.52792
-24.3655 8.83249
-24.3655 9.13706
-24.2132 9.44162
-24.0609 9.59391
-24.0609 9.89848
-23.9086 10.203
-23.7563 10.5076
-23.6041 10.6599
-23.4518 10.9645
-23.1472 11.269
-22.9949 11.4213
-22.8426 11.5736
-22.5381 11.8782
-22.2335 12.0305
-22.0812 12.1827
-21.7766 12.335
-21.4721 12.4873
-21.1675 12.6396
-20.8629 12.6396
-20.5584 12.7919
-20.2538 12.9442
-19.9492 12.9442
-19.6447 12.9442
-19.3401 13.0964
-19.0355 13.0964
-18.731 13.0964
-18.4264 13.0964
-17.9695 13.0964
-17.665 13.0964
-17.3604 13.0964
-17.0558 13.0964
-16.7513 13.0964
-16.4467 13.0964
-16.1421 12.9442
-15.8376 12.9442
-15.533 12.9442
-15.3807 12.9442
-15.0761 12.7919
-14.7716 12.7919
-14.467 12.7919
-14.3147 12.7919
-14.0102 12.6396
-13.7056 12.6396
-13.5533 12.6396
-13.2487 12.6396
-13.0964 12.4873
-12.7919 12.4873
-12.6396 12.4873
-12.335 12.4873
-12.1827 12.335
-11.8782 12.335
-11.7259 12.335
-11.5736 12.1827
-11.269 12.1827
-11.1168 12.1827
-10.9645 12.1827
-10.6599 12.0305
-10.5076 12.0305
-10.3553 12.0305
-10.203 11.8782
-9.89848 11.8782
-9.74619 11.8782
-9.59391 11.7259
-9.44162 11.7259
-9.28934 11.5736
-9.13706 11.5736
-8.83249 11.5736
-8.6802 11.4213
-8.52792 11.4213
-8.37563 11.4213
-8.22335 11.269
-8.07107 11.269
-7.91878 11.269
-7.7665 11.1168
-7.61421 11.1168
-7.46193 10.9645
-7.30964 10.9645
-7.15736 10.9645
-7.00508 10.8122
-6.85279 10.8122
-6.70051 10.8122
-6.39594 10.8122
-6.24365 10.6599
-6.09137 10.6599
-5.93909 10.6599
-5.7868 10.5076
-5.63452 10.5076
-5.48223 10.5076
-5.32995 10.5076
-5.17766 10.5076
-5.02538 10.3553
-4.8731 10.3553
-4.72081 10.3553
-4.41624 10.3553
-4.26396 10.203
-4.11168 10.203
-3.95939 10.203
-3.80711 10.203
-3.50254 10.203
-3.35025 10.0508
-3.19797 10.0508
-3.04569 10.0508
-2.74112 9.89848
-2.58883 9.89848
-2.43655 9.89848
-2.28426 9.89848
-1.9797 9.74619
-1.82741 9.74619
-1.67513 9.59391
-1.37056 9.59391
-1.21827 9.59391
-1.06599 9.44162
-0.761421 9.44162
-0.609137 9.28934
-0.304569 9.28934
-0.152284 9.13706
0 8.98477
0.304569 8.98477
0.456853 8.83249
0.761421 8.6802
0.913706 8.6802
1.06599 8.52792
1.37056 8.37563
1.52284 8.22335
1.67513 8.22335
1.9797 8.07107
2.13198 7.91878
2.28426 7.7665
2.58883 7.61421
2.74112 7.46193
2.8934 7.30964
3.19797 7.15736
3.35025 6.85279
3.50254 6.70051
3.65482 6.54822
3.80711 6.39594
3.95939 6.09137
4.11168 5.93909
4.41624 5.7868
4.56853 5.48223
4.72081 5.32995
4.8731 5.17766
5.02538 4.8731
5.17766 4.72081
5.17766 4.41624
5.32995 4.26396
5.48223 3.95939
5.63452 3.65482
5.7868 3.50254
5.93909 3.19797
5.93909 3.04569
6.09137 2.74112
6.24365 2.43655
6.24365 2.13198
6.39594 1.9797
