6.39594 2.13198
6.54822 1.82741
6.54822 1.52284
6.54822 1.06599
6.54822 0.761421
6.54822 0.456853
6.54822 0.152284
6.54822 -0.152284
6.39594 -0.456853
6.39594 -0.761421
6.24365 -1.21827
6.24365 -1.52284
6.09137 -1.82741
5.93909 -2.13198
5.7868 -2.43655
5.63452 -2.58883
5.48223 -2.8934
5.17766 -3.19797
5.02538 -3.50254
4.8731 -3.80711
4.56853 -3.95939
4.41624 -4.26396
4.11168 -4.56853
3.95939 -4.72081
3.65482 -5.02538
3.50254 -5.17766
3.19797 -5.48223
2.8934 -5.63452
2.74112 -5.7868
2.43655 -5.93909
2.13198 -6.24365
1.82741 -6.39594
1.67513 -6.54822
1.37056 -6.70051
1.06599 -6.85279
0.761421 -7.00508
0.456853 -7.15736
0.304569 -7.30964
0 -7.46193
-0.304569 -7.61421
-0.609137 -7.7665
-0.761421 -7.7665
-1.06599 -7.91878
-1.37056 -8.07107
-1.52284 -8.22335
-1.82741 -8.37563
-2.13198 -8.37563
-2.28426 -8.52792
-2.58883 -8.6802
-2.74112 -8.6802
-3.04569 -8.83249
-3.19797 -8.98477
-3.50254 -9.13706
-3.65482 -9.13706
-3.95939 -9.28934
-4.11168 -9.44162
-4.41624 -9.59391
-4.56853 -9.59391
-4.8731 -9.74619
-5.02538 -9.89848
-5.32995 -9.89848
-5.48223 -10.0508
-5.7868 -10.203
-5.93909 -10.203
-6.24365 -10.3553
-6.39594 -10.5076
-6.54822 -10.5076
-6.85279 -10.6599
-7.00508 -10.6599
-7.30964 -10.8122
-7.61421 -10.8122
-7.7665 -10.9645
-8.07107 -10.9645
-8.22335 -10.9645
-8.52792 -11.1168
-8.6802 -11.1168
-8.98477 -11.1168
-9.13706 -11.1168
-9.44162 -11.1168
-9.74619 -11.1168
-9.89848 -11.269
-10.203 -11.269
-10.3553 -11.269
-10.6599 -11.269
-10.8122 -11.269
-11.1168 -11.1168
-11.269 -11.1168
-11.5736 -11.1168
-11.7259 -11.1168
-12.0305 -11.1168
-12.335 -11.1168
-12.4873 -11.1168
-12.7919 -10.9645
-12.9442 -10.9645
-13.2487 -10.9645
-13.401 -10.9645
-13.7056 -10.9645
-13.8579 -10.9645
-14.0102 -10.8122
-14.3147 -10.8122
-14.467 -10.8122
-14.7716 -10.8122
-14.9239 -10.6599
-15.2284 -10.6599
-15.3807 -10.6599
-15.6853 -10.6599
-15.8376 -10.6599
-16.1421 -10.5076
-16.2944 -10.5076
-16.599 -10.5076
-16.7513 -10.3553
-17.0558 -10.3553
-17.3604 -10.3553
-17.5127 -10.3553
-17.8173 -10.203
-17.9695 -10.203
-18.2741 -10.203
-18.4264 -10.0508
-18.731 -10.0508
-18.8832 -9.89848
-19.1878 -9.89848
-19.4924 -9.74619
-19.6447 -9.74619
-19.9492 -9.74619
-20.1015 -9.59391
-20.4061 -9.44162
-20.7107 -9.44162
-20.8629 -9.28934
-21.1675 -9.28934
-21.3198 -9.13706
-21.6244 -8.98477
-21.9289 -8.98477
-22.0812 -8.83249
-22.3858 -8.6802
-22.5381 -8.52792
-22.8426 -8.37563
-22.9949 -8.22335
-23.2995 -8.22335
-23.4518 -8.07107
-23.7563 -7.91878
-23.9086 -7.61421
-24.2132 -7.46193
-24.3655 -7.30964
-24.5178 -7.15736
-24.8223 -7.00508
-24.9746 -6.85279
-25.1269 -6.54822
-25.4315 -6.39594
-25.5838 -6.24365
-25.736 -5.93909
-25.8883 -5.7868
-26.0406 -5.48223
-26.1929 -5.32995
-26.3452 -5.02538
-26.4975 -4.8731
-26.6497 -4.56853
-26.802 -4.41624
-26.9543 -4.11168
-27.1066 -3.80711
-27.2589 -3.65482
-27.2589 -3.35025
-27.4112 -3.04569
-27.5635 -2.8934
-27.5635 -2.58883
-27.7157 -2.28426
-27.7157 -1.9797
-27.868 -1.82741
-27.868 -1.52284
-28.0203 -1.21827
-28.0203 -0.913706
-28.0203 -0.609137
-28.1726 -0.456853
-28.1726 -0.152284
-28.1726 0.152284
-28.1726 0.456853
-28.3249 0.761421
-28.3249 1.06599
-28.3249 1.21827
-28.3249 1.52284
-28.3249 1.82741
-28.3249 2.13198
-28.3249 2.43655
-28.3249 2.74112
-28.1726 2.8934
-28.1726 3.19797
-28.1726 3.50254
-28.1726 3.80711
-28.0203 4.11168
-28.0203 4.41624
-28.0203 4.56853
-27.868 4.8731
-27.868 5.17766
-27.868 5.48223
-27.7157 5.63452
-27.7157 5.93909
-27.5635 6.24365
-27.5635 6.54822
-27.4112 6.70051
-27.2589 7.00508
-27.2589 7.30964
-27.1066 7.46193
-26.9543 7.7665
-26.9543 8.07107
-26.802 8.22335
-26.6497 8.52792
-26.4975 8.83249
-26.3452 8.98477
-26.1929 9.28934
-26.0406 9.44162
-26.0406 9.74619
-25.8883 9.89848
-25.736 10.203
-25.5838 10.3553
-25.4315 10.6599
-25.1269 10.8122
-24.9746 11.1168
-24.8223 11.269
-24.6701 11.4213
-24.5178 11.7259
-24.3655 11.8782
-24.2132 12.0305
-23.9086 12.335
-23.7563 12.4873
-23.6041 12.6396
-23.2995 12.7919
-23.1472 12.9442
-22.9949 13.2487
-22.6904 13.401
-22.5381 13.5533
-22.2335 13.7056
-22.0812 13.8579
-21.7766 14.0102
-21.6244 14.0102
-21.3198 14.1624
-21.1675 14.3147
-20.8629 14.467
-20.5584 14.467
-20.4061 14.6193
-20.1015 14.7716
-19.797 14.7716
-19.6447 14.9239
-19.3401 14.9239
-19.0355 14.9239
-18.8832 15.0761
-18.5787 15.0761
-18.2741 15.0761
-17.9695 15.0761
-17.8173 15.0761
-17.5127 15.0761
-17.2081 15.0761
-17.0558 15.0761
-16.7513 15.0761
-16.4467 15.0761
-16.1421 15.0761
-15.9898 15.0761
-15.6853 14.9239
-15.533 14.9239
-15.2284 14.9239
-14.9239 14.9239
-14.7716 14.9239
-14.467 14.7716
-14.3147 14.7716
-14.0102 14.7716
-13.8579 14.7716
-13.5533 14.6193
-13.401 14.6193
-13.0964 14.6193
-12.9442 14.6193
-12.6396 14.6193
-12.4873 14.6193
-12.335 14.467
-12.0305 14.467
-11.8782 14.467
-11.5736 14.467
-11.4213 14.467
-11.1168 14.467
-10.9645 14.467
-10.8122 14.3147
-10.5076 14.3147
-10.3553 14.3147
-10.0508 14.3147
-9.89848 14.3147
-9.74619 14.3147
-9.44162 14.1624
-9.28934 14.1624
-8.98477 14.1624
-8.83249 14.1624
-8.52792 14.0102
-8.37563 14.0102
-8.22335 14.0102
-7.91878 13.8579
-7.7665 13.8579
-7.46193 13.8579
-7.30964 13.7056
-7.15736 13.7056
-6.85279 13.5533
-6.70051 13.5533
-6.54822 13.401
-6.24365 13.401
-6.09137 13.2487
-5.7868 13.2487
-5.63452 13.0964
-5.48223 13.0964
-5.17766 12.9442
-5.02538 12.9442
-4.72081 12.7919
-4.56853 12.6396
-4.41624 12.6396
-4.11168 12.4873
-3.95939 12.4873
-3.65482 12.335
-3.50254 12.1827
-3.19797 12.1827
-3.04569 12.0305
-2.74112 11.8782
-2.58883 11.7259
-2.28426 11.7259
-2.13198 11.5736
-1.82741 11.4213
-1.67513 11.269
-1.37056 11.269
-1.21827 11.1168
-0.913706 10.9645
-0.761421 10.8122
-0.456853 10.6599
-0.304569 10.5076
0 10.3553
0.304569 10.203
0.456853 10.0508
0.761421 9.89848
0.913706 9.74619
1.21827 9.59391
1.37056 9.44162
1.67513 9.13706
1.82741 8.98477
2.13198 8.83249
2.28426 8.6802
2.58883 8.37563
2.74112 8.22335
3.04569 7.91878
3.19797 7.7665
3.50254 7.46193
3.65482 7.30964
3.80711 7.00508
4.11168 6.85279
4.26396 6.54822
4.41624 6.24365
4.56853 6.09137
4.8731 5.7868
5.02538 5.48223
5.17766 5.17766
5.32995 4.8731
5.48223 4.56853
5.63452 4.26396
5.7868 3.95939
5.93909 3.65482
6.09137 3.35025
6.09137 3.04569
6.24365 2.74112
6.39594 2.43655
