6.39594 2.13198
6.54822 1.82741
6.54822 1.52284
6.70051 1.21827
6.70051 0.913706
6.70051 0.609137
6.85279 0.456853
6.85279 0.152284
6.70051 -0.152284
6.70051 -0.456853
6.70051 -0.761421
6.70051 -1.06599
6.54822 -1.21827
6.54822 -1.52284
6.39594 -1.82741
6.24365 -2.13198
6.24365 -2.28426
6.09137 -2.58883
5.93909 -2.8934
5.7868 -3.04569
5.63452 -3.35025
5.48223 -3.65482
5.32995 -3.80711
5.17766 -4.11168
5.02538 -4.26396
4.8731 -4.56853
4.72081 -4.72081
4.56853 -5.02538
4.41624 -5.17766
4.26396 -5.48223
4.11168 -5.63452
3.95939 -5.7868
3.80711 -6.09137
3.65482 -6.24365
3.50254 -6.39594
3.19797 -6.70051
3.04569 -6.85279
2.8934 -7.00508
2.74112 -7.30964
2.58883 -7.46193
2.28426 -7.61421
2.13198 -7.7665
1.9797 -7.91878
1.67513 -8.07107
1.52284 -8.22335
1.21827 -8.37563
1.06599 -8.52792
0.913706 -8.6802
0.609137 -8.83249
0.456853 -8.98477
0.152284 -9.13706
-0.152284 -9.13706
-0.304569 -9.28934
-0.609137 -9.44162
-0.761421 -9.44162
-1.06599 -9.59391
-1.37056 -9.59391
-1.52284 -9.74619
-1.82741 -9.74619
-2.13198 -9.89848
-2.28426 -9.89848
-2.58883 -9.89848
-2.8934 -9.89848
-3.04569 -10.0508
-3.35025 -10.0508
-3.50254 -10.0508
-3.80711 -10.0508
-4.11168 -10.0508
-4.26396 -10.0508
-4.56853 -10.0508
-4.8731 -10.0508
-5.02538 -10.0508
-5.32995 -10.0508
-5.48223 -10.0508
-5.7868 -10.0508
-5.93909 -10.0508
-6.24365 -10.0508
-6.39594 -10.0508
-6.70051 -9.89848
-6.85279 -9.89848
-7.15736 -9.89848
-7.30964 -9.89848
-7.61421 -9.89848
-7.7665 -9.74619
-7.91878 -9.74619
-8.22335 -9.74619
-8.37563 -9.74619
-8.52792 -9.59391
-8.83249 -9.59391
-8.98477 -9.59391
-9.28934 -9.44162
-9.44162 -9.44162
-9.59391 -9.44162
-9.74619 -9.28934
-10.0508 -9.28934
-10.203 -9.28934
-10.3553 -9.13706
-10.5076 -9.13706
-10.8122 -8.98477
-10.9645 -8.98477
-11.1168 -8.83249
-11.269 -8.83249
-11.5736 -8.6802
-11.7259 -8.6802
-11.8782 -8.52792
-12.0305 -8.52792
-12.1827 -8.37563
-12.335 -8.37563
-12.6396 -8.22335
-12.7919 -8.22335
-12.9442 -8.07107
-13.0964 -7.91878
-13.2487 -7.91878
-13.401 -7.7665
-13.5533 -7.7665
-13.7056 -7.61421
-13.8579 -7.46193
-14.0102 -7.46193
-14.1624 -7.30964
-14.3147 -7.15736
-14.467 -7.15736
-14.6193 -7.00508
-14.7716 -6.85279
-14.9239 -6.85279
-15.0761 -6.70051
-15.2284 -6.54822
-15.3807 -6.54822
-15.533 -6.39594
-15.6853 -6.24365
-15.8376 -6.09137
-15.9898 -6.09137
-16.1421 -5.93909
-16.2944 -5.7868
-16.4467 -5.7868
-16.599 -5.63452
-16.7513 -5.48223
-16.9036 -5.32995
-17.0558 -5.32995
-17.2081 -5.17766
-17.3604 -5.02538
-17.5127 -4.8731
-17.665 -4.72081
-17.8173 -4.72081
-17.9695 -4.56853
-18.1218 -4.41624
-18.2741 -4.26396
-18.4264 -4.11168
-18.5787 -4.11168
-18.731 -3.95939
-19.0355 -3.80711
-19.1878 -3.65482
-19.3401 -3.50254
-19.4924 -3.35025
-19.6447 -3.19797
-19.797 -3.04569
-19.9492 -2.8934
-20.1015 -2.74112
-20.4061 -2.58883
-20.5584 -2.43655
-20.7107 -2.28426
-20.8629 -2.13198
-21.0152 -1.9797
-21.1675 -1.82741
-21.3198 -1.67513
-21.4721 -1.52284
-21.6244 -1.21827
-21.7766 -1.06599
-21.9289 -0.913706
-22.0812 -0.609137
-22.2335 -0.456853
-22.3858 -0.304569
-22.5381 0
-22.6904 0.152284
-22.8426 0.456853
-22.9949 0.609137
-23.1472 0.913706
-23.1472 1.06599
-23.2995 1.37056
-23.4518 1.52284
-23.6041 1.82741
-23.6041 2.13198
-23.7563 2.28426
-23.9086 2.58883
-23.9086 2.8934
-24.0609 3.04569
-24.0609 3.35025
-24.0609 3.65482
-24.2132 3.95939
-24.2132 4.11168
-24.3655 4.41624
-24.3655 4.72081
-24.3655 5.02538
-24.3655 5.32995
-24.3655 5.63452
-24.3655 5.7868
-24.5178 6.09137
-24.3655 6.39594
-24.3655 6.70051
-24.3655 7.00508
-24.3655 7.30964
-24.3655 7.61421
-24.3655 7.91878
-24.2132 8.07107
-24.2132 8.37563
-24.0609 8.6802
-24.0609 8.98477
-23.9086 9.28934
-23.7563 9.44162
-23.7563 9.74619
-23.6041 10.0508
-23.4518 10.203
-23.2995 10.5076
-23.1472 10.8122
-22.9949 10.9645
-22.8426 11.269
-22.5381 11.4213
-22.3858 11.5736
-22.2335 11.8782
-21.9289 12.0305
-21.6244 12.1827
-21.4721 12.335
-21.1675 12.4873
-21.0152 12.6396
-20.7107 12.7919
-20.4061 12.9442
-20.1015 12.9442
-19.797 13.0964
-19.4924 13.0964
-19.3401 13.2487
-19.0355 13.2487
-18.731 13.401
-18.4264 13.401
-18.1218 13.401
-17.8173 13.5533
-17.5127 13.5533
-17.2081 13.5533
-16.9036 13.5533
-16.599 13.5533
-16.4467 13.5533
-16.1421 13.5533
-15.8376 13.5533
-15.533 13.401
-15.2284 13.401
-14.9239 13.401
-14.7716 13.401
-14.467 13.401
-14.1624 13.2487
-14.0102 13.2487
-13.7056 13.2487
-13.401 13.0964
-13.2487 13.0964
-12.9442 13.0964
-12.7919 12.9442
-12.4873 12.9442
-12.335 12.7919
-12.0305 12.7919
-11.8782 12.7919
-11.7259 12.6396
-11.4213 12.6396
-11.269 12.4873
-11.1168 12.4873
-10.8122 12.4873
-10.6599 12.335
-10.5076 12.335
-10.3553 12.335
-10.0508 12.335
-9.89848 12.1827
-9.74619 12.1827
-9.59391 12.1827
-9.44162 12.1827
-9.28934 12.0305
-8.98477 12.0305
-8.83249 12.0305
-8.6802 12.0305
-8.52792 12.0305
-8.37563 12.0305
-8.22335 11.8782
-8.07107 11.8782
-7.7665 11.8782
-7.61421 11.8782
-7.46193 11.8782
-7.30964 11.8782
-7.15736 11.7259
-7.00508 11.7259
-6.85279 11.7259
-6.70051 11.7259
-6.54822 11.5736
-6.24365 11.5736
-6.09137 11.5736
-5.93909 11.4213
-5.7868 11.4213
-5.63452 11.269
-5.48223 11.269
-5.32995 11.269
-5.17766 11.1168
-5.02538 11.1168
-4.8731 10.9645
-4.72081 10.9645
-4.56853 10.8122
-4.41624 10.6599
-4.26396 10.6599
-4.11168 10.5076
-3.95939 10.5076
-3.80711 10.3553
-3.65482 10.3553
-3.50254 10.203
-3.35025 10.203
-3.19797 10.0508
-3.04569 10.0508
-2.74112 10.0508
-2.58883 9.89848
-2.43655 9.89848
-2.28426 9.74619
-2.13198 9.74619
-1.82741 9.59391
-1.67513 9.59391
-1.52284 9.59391
-1.21827 9.44162
-1.06599 9.44162
-0.761421 9.28934
-0.609137 9.28934
-0.456853 9.28934
-0.152284 9.13706
0 9.13706
0.304569 8.98477
0.609137 8.83249
0.761421 8.83249
1.06599 8.6802
1.21827 8.52792
1.52284 8.52792
1.67513 8.37563
1.9797 8.22335
2.13198 8.07107
2.43655 7.91878
2.58883 7.7665
2.74112 7.61421
3.04569 7.46193
3.19797 7.30964
3.35025 7.15736
3.50254 7.00508
3.65482 6.70051
3.95939 6.54822
4.11168 6.39594
4.26396 6.09137
4.41624 5.93909
4.56853 5.7868
4.72081 5.48223
4.72081 5.32995
4.8731 5.02538
5.02538 4.8731
5.17766 4.56853
5.32995 4.41624
5.48223 4.11168
5.63452 3.80711
5.63452 3.65482
5.7868 3.35025
5.93909 3.19797
6.09137 2.8934
6.24365 2.58883
6.39594 2.28426
