6.54822 1.67513
6.70051 1.37056
6.70051 1.06599
6.70051 0.913706
6.85279 0.609137
6.85279 0.304569
6.85279 0
6.85279 -0.304569
6.70051 -0.609137
6.70051 -0.761421
6.70051 -1.06599
6.54822 -1.37056
6.54822 -1.67513
6.39594 -1.82741
6.39594 -2.13198
6.24365 -2.43655
6.09137 -2.74112
5.93909 -2.8934
5.93909 -3.19797
5.7868 -3.35025
5.63452 -3.65482
5.48223 -3.95939
5.32995 -4.11168
5.17766 -4.41624
5.02538 -4.56853
4.8731 -4.8731
4.72081 -5.02538
4.56853 -5.17766
4.41624 -5.48223
4.26396 -5.63452
4.11168 -5.93909
3.95939 -6.09137
3.80711 -6.24365
3.50254 -6.54822
3.35025 -6.70051
3.19797 -6.85279
3.04569 -7.00508
2.8934 -7.30964
2.58883 -7.46193
2.43655 -7.61421
2.28426 -7.7665
1.9797 -7.91878
1.82741 -8.07107
1.67513 -8.22335
1.37056 -8.37563
1.21827 -8.52792
0.913706 -8.6802
0.761421 -8.83249
0.456853 -8.98477
0.304569 -8.98477
0 -9.13706
-0.152284 -9.28934
-0.456853 -9.28934
-0.609137 -9.44162
-0.913706 -9.59391
-1.06599 -9.59391
-1.37056 -9.74619
-1.67513 -9.74619
-1.82741 -9.74619
-2.13198 -9.89848
-2.28426 -9.89848
-2.58883 -9.89848
-2.8934 -10.0508
-3.04569 -10.0508
-3.35025 -10.0508
-3.50254 -10.0508
-3.80711 -10.0508
-3.95939 -10.0508
-4.26396 -10.0508
-4.41624 -10.0508
-4.72081 -10.0508
-5.02538 -10.0508
-5.17766 -10.0508
-5.48223 -10.0508
-5.63452 -10.0508
-5.93909 -10.0508
-6.09137 -10.0508
-6.24365 -10.0508
-6.54822 -10.0508
-6.70051 -10.0508
-7.00508 -10.0508
-7.15736 -9.89848
-7.30964 -9.89848
-7.61421 -9.89848
-7.7665 -9.89848
-8.07107 -9.89848
-8.22335 -9.74619
-8.37563 -9.74619
-8.6802 -9.74619
-8.83249 -9.59391
-8.98477 -9.59391
-9.13706 -9.59391
-9.44162 -9.59391
-9.59391 -9.44162
-9.74619 -9.44162
-10.0508 -9.28934
-10.203 -9.28934
-10.3553 -9.28934
-10.5076 -9.13706
-10.6599 -9.13706
-10.9645 -8.98477
-11.1168 -8.98477
-11.269 -8.98477
-11.4213 -8.83249
-11.5736 -8.83249
-11.7259 -8.6802
-12.0305 -8.6802
-12.1827 -8.52792
-12.335 -8.52792
-12.4873 -8.37563
-12.6396 -8.37563
-12.7919 -8.22335
-12.9442 -8.07107
-13.0964 -8.07107
-13.2487 -7.91878
-13.401 -7.91878
-13.5533 -7.7665
-13.7056 -7.61421
-14.0102 -7.61421
-14.1624 -7.46193
-14.3147 -7.46193
-14.467 -7.30964
-14.6193 -7.15736
-14.7716 -7.15736
-14.7716 -7.00508
-14.9239 -6.85279
-15.0761 -6.70051
-15.2284 -6.70051
-15.3807 -6.54822
-15.533 -6.39594
-15.6853 -6.39594
-15.8376 -6.24365
-15.9898 -6.09137
-16.1421 -5.93909
-16.2944 -5.93909
-16.4467 -5.7868
-16.599 -5.63452
-16.7513 -5.48223
-16.9036 -5.48223
-17.0558 -5.32995
-17.2081 -5.17766
-17.3604 -5.02538
-17.5127 -4.8731
-17.665 -4.8731
-17.8173 -4.72081
-17.9695 -4.56853
-18.1218 -4.41624
-18.2741 -4.41624
-18.4264 -4.26396
-18.5787 -4.11168
-18.731 -3.95939
-18.8832 -3.80711
-19.1878 -3.65482
-19.3401 -3.50254
-19.4924 -3.50254
-19.6447 -3.35025
-19.797 -3.19797
-19.9492 -3.04569
-20.2538 -2.8934
-20.4061 -2.74112
-20.5584 -2.58883
-20.7107 -2.28426
-20.8629 -2.13198
-21.0152 -1.9797
-21.1675 -1.82741
-21.3198 -1.67513
-21.4721 -1.52284
-21.7766 -1.21827
-21.9289 -1.06599
-22.0812 -0.913706
-22.2335 -0.609137
-22.3858 -0.456853
-22.5381 -0.152284
-22.5381 0
-22.6904 0.152284
-22.8426 0.456853
-22.9949 0.761421
-23.1472 0.913706
-23.2995 1.21827
-23.2995 1.37056
-23.4518 1.67513
-23.6041 1.9797
-23.6041 2.13198
-23.7563 2.43655
-23.9086 2.74112
-23.9086 3.04569
-24.0609 3.19797
-24.0609 3.50254
-24.0609 3.80711
-24.2132 4.11168
-24.2132 4.41624
-24.2132 4.56853
-24.3655 4.8731
-24.3655 5.17766
-24.3655 5.48223
-24.3655 5.7868
-24.3655 6.09137
-24.3655 6.39594
-24.3655 6.70051
-24.3655 7.00508
-24.3655 7.30964
-24.3655 7.61421
-24.3655 7.91878
-24.2132 8.07107
-24.2132 8.37563
-24.0609 8.6802
-24.0609 8.98477
-23.9086 9.28934
-23.7563 9.59391
-23.7563 9.74619
-23.6041 10.0508
-23.4518 10.3553
-23.2995 10.5076
-23.1472 10.8122
-22.8426 10.9645
-22.6904 11.269
-22.5381 11.4213
-22.2335 11.7259
-22.0812 11.8782
-21.7766 12.0305
-21.6244 12.1827
-21.3198 12.335
-21.0152 12.4873
-20.7107 12.6396
-20.5584 12.7919
-20.2538 12.7919
-19.9492 12.9442
-19.6447 13.0964
-19.3401 13.0964
-19.0355 13.2487
-18.731 13.2487
-18.4264 13.2487
-18.1218 13.401
-17.8173 13.401
-17.5127 13.401
-17.2081 13.401
-16.9036 13.401
-16.599 13.401
-16.2944 13.401
-16.1421 13.401
-15.8376 13.401
-15.533 13.401
-15.2284 13.401
-14.9239 13.401
-14.6193 13.2487
-14.467 13.2487
-14.1624 13.2487
-13.8579 13.2487
-13.7056 13.0964
-13.401 13.0964
-13.0964 13.0964
-12.9442 12.9442
-12.6396 12.9442
-12.4873 12.7919
-12.1827 12.7919
-12.0305 12.7919
-11.7259 12.6396
-11.5736 12.6396
-11.269 12.4873
-11.1168 12.4873
-10.9645 12.335
-10.6599 12.335
-10.5076 12.335
-10.3553 12.1827
-10.0508 12.1827
-9.89848 12.0305
-9.74619 12.0305
-9.59391 11.8782
-9.44162 11.8782
-9.13706 11.7259
-8.98477 11.7259
-8.83249 11.5736
-8.6802 11.5736
-8.52792 11.5736
-8.37563 11.4213
-8.22335 11.4213
-8.07107 11.269
-7.7665 11.269
-7.61421 11.269
-7.46193 11.1168
-7.30964 11.1168
-7.15736 10.9645
-7.00508 10.9645
-6.85279 10.9645
-6.70051 10.8122
-6.54822 10.8122
-6.39594 10.8122
-6.24365 10.6599
-6.09137 10.6599
-5.93909 10.6599
-5.7868 10.6599
-5.63452 10.5076
-5.48223 10.5076
-5.32995 10.5076
-5.02538 10.5076
-4.8731 10.3553
-4.72081 10.3553
-4.56853 10.3553
-4.41624 10.3553
-4.26396 10.3553
-4.11168 10.203
-3.80711 10.203
-3.65482 10.203
-3.50254 10.203
-3.35025 10.0508
-3.19797 10.0508
-2.8934 10.0508
-2.74112 10.0508
-2.58883 9.89848
-2.28426 9.89848
-2.13198 9.89848
-1.9797 9.74619
-1.67513 9.74619
-1.52284 9.74619
-1.37056 9.59391
-1.06599 9.59391
-0.913706 9.44162
-0.609137 9.44162
-0.456853 9.44162
-0.304569 9.28934
0 9.13706
0.152284 9.13706
0.456853 8.98477
0.609137 8.98477
0.913706 8.83249
1.06599 8.6802
1.21827 8.6802
1.52284 8.52792
1.67513 8.37563
1.9797 8.22335
2.13198 8.07107
2.28426 7.91878
2.58883 7.7665
2.74112 7.61421
2.8934 7.46193
3.19797 7.30964
3.35025 7.15736
3.50254 7.00508
3.65482 6.85279
3.80711 6.54822
4.11168 6.39594
4.26396 6.24365
4.41624 6.09137
4.56853 5.7868
4.72081 5.63452
4.8731 5.32995
5.02538 5.17766
5.17766 4.8731
5.32995 4.72081
5.48223 4.41624
5.48223 4.26396
5.63452 3.95939
5.7868 3.80711
5.93909 3.50254
6.09137 3.19797
6.09137 3.04569
6.24365 2.74112
6.39594 2.43655
6.39594 2.28426
6.54822 1.9797
