6.54822 1.9797
6.70051 1.67513
6.70051 1.37056
6.85279 1.06599
6.85279 0.913706
6.85279 0.609137
6.85279 0.304569
6.85279 0
6.85279 -0.304569
6.85279 -0.456853
6.70051 -0.761421
6.70051 -1.06599
6.70051 -1.37056
6.54822 -1.67513
6.54822 -1.82741
6.39594 -2.13198
6.24365 -2.43655
6.24365 -2.58883
6.09137 -2.8934
5.93909 -3.19797
5.7868 -3.35025
5.63452 -3.65482
5.48223 -3.80711
5.48223 -4.11168
5.32995 -4.26396
5.17766 -4.56853
5.02538 -4.72081
4.8731 -5.02538
4.72081 -5.17766
4.56853 -5.48223
4.41624 -5.63452
4.26396 -5.93909
4.11168 -6.09137
3.80711 -6.24365
3.65482 -6.54822
3.50254 -6.70051
3.35025 -6.85279
3.19797 -7.00508
2.8934 -7.30964
2.74112 -7.46193
2.58883 -7.61421
2.43655 -7.7665
2.13198 -7.91878
1.9797 -8.07107
1.82741 -8.22335
1.52284 -8.37563
1.37056 -8.52792
1.06599 -8.6802
0.913706 -8.83249
0.609137 -8.98477
0.456853 -9.13706
0.152284 -9.13706
0 -9.28934
-0.304569 -9.44162
-0.456853 -9.44162
-0.761421 -9.59391
-1.06599 -9.59391
-1.21827 -9.74619
-1.52284 -9.74619
-1.67513 -9.89848
-1.9797 -9.89848
-2.28426 -9.89848
-2.43655 -10.0508
-2.74112 -10.0508
-3.04569 -10.0508
-3.19797 -10.0508
-3.50254 -10.0508
-3.65482 -10.0508
-3.95939 -10.203
-4.11168 -10.203
-4.41624 -10.203
-4.72081 -10.203
-4.8731 -10.203
-5.17766 -10.203
-5.32995 -10.203
-5.63452 -10.0508
-5.7868 -10.0508
-6.09137 -10.0508
-6.24365 -10.0508
-6.54822 -10.0508
-6.70051 -10.0508
-7.00508 -10.0508
-7.15736 -9.89848
-7.30964 -9.89848
-7.61421 -9.89848
-7.7665 -9.89848
-8.07107 -9.74619
-8.22335 -9.74619
-8.37563 -9.74619
-8.6802 -9.59391
-8.83249 -9.59391
-8.98477 -9.59391
-9.28934 -9.44162
-9.44162 -9.44162
-9.59391 -9.44162
-9.74619 -9.28934
-10.0508 -9.28934
-10.203 -9.28934
-10.3553 -9.13706
-10.5076 -9.13706
-10.8122 -8.98477
-10.9645 -8.98477
-11.1168 -8.98477
-11.269 -8.83249
-11.5736 -8.83249
-11.7259 -8.6802
-11.8782 -8.6802
-12.0305 -8.52792
-12.1827 -8.52792
-12.335 -8.37563
-12.6396 -8.37563
-12.7919 -8.22335
-12.9442 -8.07107
-13.0964 -8.07107
-13.2487 -7.91878
-13.401 -7.91878
-13.5533 -7.7665
-13.7056 -7.7665
-13.8579 -7.61421
-14.0102 -7.46193
-14.1624 -7.46193
-14.3147 -7.30964
-14.467 -7.15736
-14.6193 -7.00508
-14.7716 -7.00508
-14.9239 -6.85279
-15.0761 -6.70051
-15.2284 -6.70051
-15.3807 -6.54822
-15.533 -6.39594
-15.6853 -6.24365
-15.8376 -6.24365
-15.9898 -6.09137
-16.1421 -5.93909
-16.2944 -5.7868
-16.4467 -5.63452
-16.599 -5.63452
-16.7513 -5.48223
-16.9036 -5.32995
-17.0558 -5.17766
-17.2081 -5.02538
-17.3604 -5.02538
-17.5127 -4.8731
-17.665 -4.72081
-17.8173 -4.56853
-17.9695 -4.41624
-18.1218 -4.41624
-18.4264 -4.26396
-18.5787 -4.11168
-18.731 -3.95939
-18.8832 -3.80711
-19.0355 -3.65482
-19.1878 -3.65482
-19.4924 -3.50254
-19.6447 -3.35025
-19.797 -3.19797
-19.9492 -3.04569
-20.1015 -2.8934
-20.2538 -2.74112
-20.5584 -2.58883
-20.7107 -2.43655
-20.8629 -2.13198
-21.0152 -1.9797
-21.1675 -1.82741
-21.3198 -1.67513
-21.6244 -1.52284
-21.7766 -1.21827
-21.9289 -1.06599
-22.0812 -0.913706
-22.2335 -0.609137
-22.3858 -0.456853
-22.5381 -0.152284
-22.6904 0
-22.6904 0.304569
-22.8426 0.456853
-22.9949 0.761421
-23.1472 0.913706
-23.2995 1.21827
-23.2995 1.37056
-23.4518 1.67513
-23.6041 1.9797
-23.6041 2.13198
-23.7563 2.43655
-23.7563 2.74112
-23.9086 3.04569
-23.9086 3.19797
-24.0609 3.50254
-24.0609 3.80711
-24.2132 4.11168
-24.2132 4.41624
-24.2132 4.72081
-24.2132 5.02538
-24.3655 5.17766
-24.3655 5.48223
-24.3655 5.7868
-24.3655 6.09137
-24.3655 6.39594
-24.3655 6.70051
-24.3655 7.00508
-24.3655 7.30964
-24.3655 7.61421
-24.2132 7.91878
-24.2132 8.22335
-24.2132 8.52792
-24.0609 8.6802
-24.0609 8.98477
-23.9086 9.28934
-23.7563 9.59391
-23.7563 9.89848
-23.6041 10.0508
-23.4518 10.3553
-23.2995 10.6599
-22.9949 10.8122
-22.8426 11.1168
-22.6904 11.269
-22.3858 11.4213
-22.2335 11.7259
-21.9289 11.8782
-21.7766 12.0305
-21.4721 12.1827
-21.1675 12.335
-20.8629 12.4873
-20.5584 12.4873
-20.2538 12.6396
-19.9492 12.7919
-19.6447 12.7919
-19.3401 12.7919
-19.0355 12.9442
-18.731 12.9442
-18.4264 12.9442
-18.1218 12.9442
-17.8173 12.9442
-17.5127 12.9442
-17.2081 12.9442
-16.9036 12.9442
-16.599 12.9442
-16.2944 12.9442
-15.9898 12.9442
-15.6853 12.9442
-15.3807 12.9442
-15.0761 12.9442
-14.9239 12.7919
-14.6193 12.7919
-14.3147 12.7919
-14.1624 12.7919
-13.8579 12.7919
-13.7056 12.7919
-13.401 12.7919
-13.2487 12.7919
-12.9442 12.7919
-12.7919 12.7919
-12.4873 12.7919
-12.335 12.7919
-12.1827 12.7919
-11.8782 12.6396
-11.7259 12.6396
-11.5736 12.6396
-11.269 12.6396
-11.1168 12.6396
-10.9645 12.6396
-10.6599 12.6396
-10.5076 12.6396
-10.3553 12.6396
-10.203 12.6396
-9.89848 12.6396
-9.74619 12.6396
-9.59391 12.4873
-9.44162 12.4873
-9.13706 12.4873
-8.98477 12.4873
-8.83249 12.4873
-8.6802 12.335
-8.52792 12.335
-8.22335 12.335
-8.07107 12.335
-7.91878 12.1827
-7.7665 12.1827
-7.61421 12.1827
-7.46193 12.0305
-7.15736 12.0305
-7.00508 12.0305
-6.85279 11.8782
-6.70051 11.8782
-6.54822 11.8782
-6.39594 11.7259
-6.24365 11.7259
-6.09137 11.5736
-5.93909 11.5736
-5.7868 11.4213
-5.63452 11.4213
-5.32995 11.4213
-5.17766 11.269
-5.02538 11.269
-4.8731 11.1168
-4.72081 11.1168
-4.56853 10.9645
-4.41624 10.9645
-4.26396 10.8122
-4.11168 10.8122
-3.95939 10.6599
-3.80711 10.6599
-3.65482 10.5076
-3.50254 10.5076
-3.35025 10.3553
-3.19797 10.3553
-3.04569 10.3553
-2.8934 10.203
-2.58883 10.203
-2.43655 10.0508
-2.28426 10.0508
-2.13198 9.89848
-1.9797 9.89848
-1.82741 9.74619
-1.52284 9.74619
-1.37056 9.59391
-1.21827 9.59391
-0.913706 9.59391
-0.761421 9.44162
-0.609137 9.44162
-0.304569 9.28934
-0.152284 9.28934
0 9.13706
0.304569 9.13706
0.456853 8.98477
0.761421 8.83249
0.913706 8.83249
1.21827 8.6802
1.37056 8.52792
1.52284 8.52792
1.82741 8.37563
1.9797 8.22335
2.28426 8.07107
2.43655 7.91878
2.58883 7.7665
2.8934 7.61421
3.04569 7.46193
3.19797 7.30964
3.50254 7.15736
3.65482 7.00508
3.80711 6.85279
3.95939 6.54822
4.11168 6.39594
4.26396 6.24365
4.56853 6.09137
4.72081 5.7868
4.8731 5.63452
5.02538 5.32995
5.17766 5.17766
5.17766 4.8731
5.32995 4.72081
5.48223 4.41624
5.63452 4.26396
5.7868 3.95939
5.93909 3.80711
5.93909 3.50254
6.09137 3.19797
6.24365 3.04569
6.39594 2.74112
6.39594 2.43655
6.54822 2.28426
