6.70051 1.82741
6.85279 1.67513
6.85279 1.37056
7.00508 1.06599
7.00508 0.761421
7.00508 0.456853
7.00508 0.152284
7.00508 0
7.00508 -0.304569
7.00508 -0.609137
7.00508 -0.913706
6.85279 -1.21827
6.85279 -1.37056
6.70051 -1.67513
6.54822 -1.9797
6.54822 -2.28426
6.39594 -2.43655
6.24365 -2.74112
6.09137 -3.04569
5.93909 -3.19797
5.93909 -3.50254
5.7868 -3.65482
5.63452 -3.95939
5.48223 -4.11168
5.32995 -4.41624
5.17766 -4.56853
5.02538 -4.8731
4.8731 -5.02538
4.72081 -5.32995
4.56853 -5.48223
4.26396 -5.7868
4.11168 -5.93909
3.95939 -6.09137
3.80711 -6.39594
3.65482 -6.54822
3.50254 -6.70051
3.35025 -7.00508
3.19797 -7.15736
2.8934 -7.30964
2.74112 -7.46193
2.58883 -7.61421
2.43655 -7.91878
2.13198 -8.07107
1.9797 -8.22335
1.82741 -8.37563
1.52284 -8.52792
1.37056 -8.6802
1.06599 -8.83249
0.913706 -8.98477
0.609137 -8.98477
0.456853 -9.13706
0.152284 -9.28934
0 -9.44162
-0.304569 -9.44162
-0.456853 -9.59391
-0.761421 -9.59391
-1.06599 -9.74619
-1.21827 -9.74619
-1.52284 -9.89848
-1.67513 -9.89848
-1.9797 -9.89848
-2.28426 -10.0508
-2.43655 -10.0508
-2.74112 -10.0508
-3.04569 -10.0508
-3.19797 -10.0508
-3.50254 -10.203
-3.65482 -10.203
-3.95939 -10.203
-4.26396 -10.203
-4.41624 -10.203
-4.72081 -10.203
-4.8731 -10.203
-5.17766 -10.203
-5.32995 -10.203
-5.63452 -10.203
-5.7868 -10.0508
-6.09137 -10.0508
-6.24365 -10.0508
-6.54822 -10.0508
-6.70051 -10.0508
-7.00508 -10.0508
-7.15736 -9.89848
-7.30964 -9.89848
-7.61421 -9.89848
-7.7665 -9.89848
-8.07107 -9.74619
-8.22335 -9.74619
-8.37563 -9.74619
-8.6802 -9.74619
-8.83249 -9.59391
-8.98477 -9.59391
-9.28934 -9.59391
-9.44162 -9.44162
-9.59391 -9.44162
-9.74619 -9.28934
-10.0508 -9.28934
-10.203 -9.28934
-10.3553 -9.13706
-10.5076 -9.13706
-10.8122 -8.98477
-10.9645 -8.98477
-11.1168 -8.98477
-11.269 -8.83249
-11.4213 -8.83249
-11.7259 -8.6802
-11.8782 -8.6802
-12.0305 -8.52792
-12.1827 -8.52792
-12.335 -8.37563
-12.4873 -8.37563
-12.6396 -8.22335
-12.7919 -8.07107
-13.0964 -8.07107
-13.2487 -7.91878
-13.401 -7.91878
-13.5533 -7.7665
-13.7056 -7.7665
-13.8579 -7.61421
-14.0102 -7.46193
-14.1624 -7.46193
-14.3147 -7.30964
-14.467 -7.15736
-14.6193 -7.15736
-14.7716 -7.00508
-14.9239 -6.85279
-15.0761 -6.85279
-15.2284 -6.70051
-15.3807 -6.54822
-15.533 -6.39594
-15.6853 -6.39594
-15.8376 -6.24365
-15.9898 -6.09137
-16.1421 -5.93909
-16.2944 -5.93909
-16.4467 -5.7868
-16.599 -5.63452
-16.7513 -5.48223
-16.9036 -5.48223
-17.0558 -5.32995
-17.2081 -5.17766
-17.3604 -5.02538
-17.5127 -4.8731
-17.665 -4.8731
-17.8173 -4.72081
-17.9695 -4.56853
-18.1218 -4.41624
-18.2741 -4.26396
-18.4264 -4.11168
-18.731 -4.11168
-18.8832 -3.95939
-19.0355 -3.80711
-19.1878 -3.65482
-19.3401 -3.50254
-19.4924 -3.35025
-19.6447 -3.19797
-19.797 -3.04569
-19.9492 -2.8934
-20.1015 -2.74112
-20.4061 -2.58883
-20.5584 -2.43655
-20.7107 -2.28426
-20.8629 -1.9797
-21.0152 -1.82741
-21.1675 -1.67513
-21.3198 -1.52284
-21.4721 -1.21827
-21.6244 -1.06599
-21.7766 -0.913706
-21.9289 -0.609137
-22.0812 -0.456853
-22.2335 -0.304569
-22.3858 0
-22.5381 0.152284
-22.6904 0.456853
-22.8426 0.609137
-22.9949 0.913706
-23.1472 1.06599
-23.2995 1.37056
-23.2995 1.67513
-23.4518 1.82741
-23.6041 2.13198
-23.6041 2.43655
-23.7563 2.58883
-23.9086 2.8934
-23.9086 3.19797
-24.0609 3.50254
-24.0609 3.80711
-24.0609 3.95939
-24.2132 4.26396
-24.2132 4.56853
-24.2132 4.8731
-24.3655 5.17766
-24.3655 5.48223
-24.3655 5.7868
-24.3655 6.09137
-24.3655 6.24365
-24.3655 6.54822
-24.2132 6.85279
-24.2132 7.15736
-24.2132 7.46193
-24.2132 7.7665
-24.0609 8.07107
-24.0609 8.37563
-23.9086 8.52792
-23.7563 8.83249
-23.7563 9.13706
-23.6041 9.44162
-23.4518 9.59391
-23.2995 9.89848
-23.1472 10.203
-22.9949 10.3553
-22.8426 10.6599
-22.6904 10.8122
-22.5381 11.1168
-22.2335 11.269
-22.0812 11.4213
-21.7766 11.7259
-21.6244 11.8782
-21.3198 12.0305
-21.1675 12.1827
-20.8629 12.335
-20.5584 12.4873
-20.2538 12.6396
-20.1015 12.6396
-19.797 12.7919
-19.4924 12.9442
-19.1878 12.9442
-18.8832 13.0964
-18.5787 13.0964
-18.2741 13.2487
-18.1218 13.2487
-17.8173 13.2487
-17.5127 13.401
-17.2081 13.401
-16.9036 13.401
-16.599 13.401
-16.2944 13.401
-16.1421 13.5533
-15.8376 13.5533
-15.533 13.5533
-15.2284 13.5533
-15.0761 13.5533
-14.7716 13.5533
-14.467 13.5533
-14.3147 13.5533
-14.0102 13.5533
-13.7056 13.5533
-13.5533 13.401
-13.2487 13.401
-13.0964 13.401
-12.7919 13.401
-12.6396 13.401
-12.335 13.401
-12.1827 13.401
-11.8782 13.2487
-11.7259 13.2487
-11.4213 13.2487
-11.269 13.2487
-10.9645 13.0964
-10.8122 13.0964
-10.6599 13.0964
-10.3553 13.0964
-10.203 12.9442
-10.0508 12.9442
-9.74619 12.9442
-9.59391 12.7919
-9.44162 12.7919
-9.13706 12.6396
-8.98477 12.6396
-8.83249 12.4873
-8.6802 12.4873
-8.52792 12.335
-8.22335 12.335
-8.07107 12.335
-7.91878 12.1827
-7.7665 12.1827
-7.61421 12.0305
-7.46193 12.0305
-7.30964 11.8782
-7.00508 11.8782
-6.85279 11.7259
-6.70051 11.7259
-6.54822 11.5736
-6.39594 11.5736
-6.24365 11.4213
-6.09137 11.4213
-5.93909 11.269
-5.7868 11.269
-5.63452 11.1168
-5.48223 11.1168
-5.32995 10.9645
-5.17766 10.9645
-5.02538 10.8122
-4.8731 10.8122
-4.72081 10.8122
-4.56853 10.6599
-4.41624 10.6599
-4.26396 10.6599
-3.95939 10.5076
-3.80711 10.5076
-3.65482 10.3553
-3.50254 10.3553
-3.35025 10.3553
-3.19797 10.203
-3.04569 10.203
-2.8934 10.203
-2.58883 10.0508
-2.43655 10.0508
-2.28426 9.89848
-2.13198 9.89848
-1.82741 9.89848
-1.67513 9.74619
-1.52284 9.74619
-1.37056 9.59391
-1.06599 9.59391
-0.913706 9.59391
-0.761421 9.44162
-0.456853 9.44162
-0.304569 9.28934
0 9.28934
0.152284 9.13706
0.304569 8.98477
0.609137 8.98477
0.761421 8.83249
1.06599 8.6802
1.21827 8.6802
1.37056 8.52792
1.67513 8.37563
1.82741 8.22335
2.13198 8.22335
2.28426 8.07107
2.43655 7.91878
2.74112 7.7665
2.8934 7.61421
3.04569 7.46193
3.35025 7.30964
3.50254 7.15736
3.65482 6.85279
3.80711 6.70051
4.11168 6.54822
4.26396 6.39594
4.41624 6.24365
4.56853 5.93909
4.72081 5.7868
4.8731 5.48223
5.02538 5.32995
5.17766 5.17766
5.32995 4.8731
5.48223 4.72081
5.63452 4.41624
5.7868 4.11168
5.93909 3.95939
6.09137 3.65482
6.09137 3.50254
6.24365 3.19797
6.39594 2.8934
6.54822 2.74112
6.54822 2.43655
6.70051 2.13198
