6.70051 1.67513
6.85279 1.52284
6.85279 1.21827
7.00508 0.913706
7.00508 0.609137
7.00508 0.304569
7.00508 0.152284
7.00508 -0.152284
7.00508 -0.456853
7.00508 -0.761421
6.85279 -1.06599
6.85279 -1.21827
6.70051 -1.52284
6.70051 -1.82741
6.54822 -2.13198
6.39594 -2.28426
6.39594 -2.58883
6.24365 -2.8934
6.09137 -3.04569
5.93909 -3.35025
5.7868 -3.50254
5.63452 -3.80711
5.48223 -3.95939
5.32995 -4.26396
5.17766 -4.41624
5.02538 -4.72081
4.8731 -4.8731
4.72081 -5.17766
4.56853 -5.32995
4.41624 -5.63452
4.26396 -5.7868
4.11168 -5.93909
3.95939 -6.24365
3.80711 -6.39594
3.65482 -6.54822
3.50254 -6.85279
3.35025 -7.00508
3.19797 -7.15736
2.8934 -7.30964
2.74112 -7.61421
2.58883 -7.7665
2.43655 -7.91878
2.13198 -8.07107
1.9797 -8.22335
1.82741 -8.37563
1.52284 -8.52792
1.37056 -8.6802
1.21827 -8.83249
0.913706 -8.98477
0.761421 -9.13706
0.456853 -9.28934
0.304569 -9.28934
0 -9.44162
-0.152284 -9.59391
-0.456853 -9.59391
-0.761421 -9.74619
-0.913706 -9.74619
-1.21827 -9.89848
-1.37056 -9.89848
-1.67513 -9.89848
-1.9797 -10.0508
-2.13198 -10.0508
-2.43655 -10.0508
-2.58883 -10.203
-2.8934 -10.203
-3.19797 -10.203
-3.35025 -10.203
-3.65482 -10.203
-3.80711 -10.203
-4.11168 -10.203
-4.41624 -10.203
-4.56853 -10.203
-4.8731 -10.203
-5.02538 -10.203
-5.32995 -10.203
-5.48223 -10.203
-5.7868 -10.203
-5.93909 -10.203
-6.24365 -10.203
-6.39594 -10.0508
-6.70051 -10.0508
-6.85279 -10.0508
-7.00508 -10.0508
-7.30964 -10.0508
-7.46193 -9.89848
-7.7665 -9.89848
-7.91878 -9.89848
-8.07107 -9.89848
-8.37563 -9.74619
-8.52792 -9.74619
-8.6802 -9.74619
-8.98477 -9.59391
-9.13706 -9.59391
-9.28934 -9.59391
-9.44162 -9.44162
-9.74619 -9.44162
-9.89848 -9.44162
-10.0508 -9.28934
-10.203 -9.28934
-10.5076 -9.13706
-10.6599 -9.13706
-10.8122 -9.13706
-10.9645 -8.98477
-11.1168 -8.98477
-11.4213 -8.83249
-11.5736 -8.83249
-11.7259 -8.6802
-11.8782 -8.6802
-12.0305 -8.52792
-12.1827 -8.52792
-12.335 -8.37563
-12.6396 -8.37563
-12.7919 -8.22335
-12.9442 -8.07107
-13.0964 -8.07107
-13.2487 -7.91878
-13.401 -7.91878
-13.5533 -7.7665
-13.7056 -7.61421
-13.8579 -7.61421
-14.0102 -7.46193
-14.1624 -7.30964
-14.3147 -7.30964
-14.467 -7.15736
-14.6193 -7.00508
-14.7716 -7.00508
-14.9239 -6.85279
-15.0761 -6.70051
-15.2284 -6.54822
-15.3807 -6.54822
-15.533 -6.39594
-15.6853 -6.24365
-15.8376 -6.09137
-15.9898 -6.09137
-16.1421 -5.93909
-16.2944 -5.7868
-16.4467 -5.63452
-16.599 -5.63452
-16.7513 -5.48223
-16.9036 -5.32995
-17.0558 -5.17766
-17.2081 -5.02538
-17.3604 -5.02538
-17.5127 -4.8731
-17.665 -4.72081
-17.8173 -4.56853
-17.9695 -4.41624
-18.1218 -4.41624
-18.2741 -4.26396
-18.4264 -4.11168
-18.5787 -3.95939
-18.731 -3.80711
-19.0355 -3.65482
-19.1878 -3.50254
-19.3401 -3.35025
-19.4924 -3.35025
-19.6447 -3.19797
-19.797 -3.04569
-19.9492 -2.8934
-20.2538 -2.58883
-20.4061 -2.43655
-20.5584 -2.28426
-20.7107 -2.13198
-20.8629 -1.9797
-21.0152 -1.82741
-21.1675 -1.52284
-21.3198 -1.37056
-21.4721 -1.21827
-21.6244 -1.06599
-21.7766 -0.761421
-21.9289 -0.609137
-22.0812 -0.304569
-22.2335 -0.152284
-22.3858 0
-22.5381 0.304569
-22.6904 0.456853
-22.8426 0.761421
-22.8426 1.06599
-22.9949 1.21827
-23.1472 1.52284
-23.1472 1.67513
-23.2995 1.9797
-23.4518 2.28426
-23.4518 2.58883
-23.6041 2.74112
-23.6041 3.04569
-23.7563 3.35025
-23.7563 3.65482
-23.9086 3.80711
-23.9086 4.11168
-24.0609 4.41624
-24.0609 4.72081
-24.0609 5.02538
-24.2132 5.32995
-24.2132 5.63452
-24.2132 5.93909
-24.2132 6.24365
-24.2132 6.54822
-24.2132 6.85279
-24.2132 7.15736
-24.2132 7.46193
-24.2132 7.61421
-24.2132 7.91878
-24.0609 8.22335
-24.0609 8.52792
-23.9086 8.83249
-23.9086 9.13706
-23.7563 9.44162
-23.6041 9.74619
-23.6041 9.89848
-23.4518 10.203
-23.2995 10.5076
-23.1472 10.6599
-22.8426 10.9645
-22.6904 11.1168
-22.5381 11.4213
-22.2335 11.5736
-22.0812 11.7259
-21.7766 11.8782
-21.4721 12.0305
-21.1675 12.1827
-20.8629 12.335
-20.7107 12.4873
-20.4061 12.6396
-19.9492 12.6396
-19.6447 12.7919
-19.3401 12.7919
-19.0355 12.7919
-18.731 12.9442
-18.4264 12.9442
-18.1218 12.9442
-17.8173 12.9442
-17.5127 12.9442
-17.2081 12.9442
-16.9036 12.9442
-16.599 12.9442
-16.2944 12.9442
-15.9898 12.9442
-15.6853 12.9442
-15.3807 12.9442
-15.0761 12.7919
-14.9239 12.7919
-14.6193 12.7919
-14.3147 12.7919
-14.1624 12.7919
-13.8579 12.7919
-13.7056 12.7919
-13.401 12.7919
-13.0964 12.7919
-12.9442 12.7919
-12.7919 12.7919
-12.4873 12.7919
-12.335 12.7919
-12.0305 12.7919
-11.8782 12.7919
-11.7259 12.7919
-11.4213 12.7919
-11.269 12.7919
-11.1168 12.7919
-10.8122 12.7919
-10.6599 12.7919
-10.5076 12.7919
-10.203 12.7919
-10.0508 12.7919
-9.89848 12.7919
-9.74619 12.7919
-9.44162 12.6396
-9.28934 12.6396
-9.13706 12.6396
-8.83249 12.6396
-8.6802 12.6396
-8.52792 12.4873
-8.37563 12.4873
-8.22335 12.4873
-7.91878 12.4873
-7.7665 12.335
-7.61421 12.335
-7.46193 12.335
-7.30964 12.1827
-7.00508 12.1827
-6.85279 12.0305
-6.70051 12.0305
-6.54822 12.0305
-6.39594 11.8782
-6.24365 11.8782
-6.09137 11.7259
-5.7868 11.7259
-5.63452 11.5736
-5.48223 11.5736
-5.32995 11.4213
-5.17766 11.4213
-5.02538 11.269
-4.8731 11.269
-4.72081 11.1168
-4.56853 11.1168
-4.41624 10.9645
-4.26396 10.9645
-4.11168 10.8122
-3.95939 10.8122
-3.80711 10.6599
-3.65482 10.6599
-3.50254 10.5076
-3.35025 10.5076
-3.19797 10.3553
-2.8934 10.3553
-2.74112 10.203
-2.58883 10.203
-2.43655 10.0508
-2.28426 10.0508
-2.13198 9.89848
-1.9797 9.89848
-1.67513 9.74619
-1.52284 9.74619
-1.37056 9.59391
-1.21827 9.59391
-0.913706 9.44162
-0.761421 9.44162
-0.609137 9.44162
-0.304569 9.28934
-0.152284 9.28934
0.152284 9.13706
0.304569 9.13706
0.609137 8.98477
0.761421 8.83249
1.06599 8.83249
1.21827 8.6802
1.37056 8.52792
1.67513 8.52792
1.82741 8.37563
2.13198 8.22335
2.28426 8.07107
2.58883 7.91878
2.74112 7.91878
3.04569 7.7665
3.19797 7.61421
3.35025 7.46193
3.65482 7.15736
3.80711 7.00508
3.95939 6.85279
4.11168 6.70051
4.26396 6.54822
4.41624 6.24365
4.56853 6.09137
4.72081 5.93909
4.8731 5.63452
5.02538 5.48223
5.17766 5.17766
5.32995 5.02538
5.48223 4.72081
5.63452 4.56853
5.7868 4.26396
5.7868 4.11168
5.93909 3.80711
6.09137 3.50254
6.24365 3.35025
6.24365 3.04569
6.39594 2.74112
6.54822 2.58883
6.54822 2.28426
6.70051 1.9797
