6.70051 1.82741
6.85279 1.52284
6.85279 1.21827
7.00508 1.06599
7.00508 0.761421
7.00508 0.456853
7.00508 0.152284
7.00508 -0.152284
7.00508 -0.304569
7.00508 -0.609137
6.85279 -0.913706
6.85279 -1.21827
6.70051 -1.37056
6.70051 -1.67513
6.54822 -1.9797
6.54822 -2.13198
6.39594 -2.43655
6.24365 -2.74112
6.09137 -2.8934
6.09137 -3.19797
5.93909 -3.35025
5.7868 -3.65482
5.63452 -3.80711
5.48223 -4.11168
5.32995 -4.26396
5.17766 -4.56853
5.02538 -4.72081
4.8731 -5.02538
4.72081 -5.17766
4.56853 -5.48223
4.41624 -5.63452
4.26396 -5.7868
4.11168 -6.09137
3.95939 -6.24365
3.80711 -6.39594
3.65482 -6.70051
3.50254 -6.85279
3.19797 -7.00508
3.04569 -7.15736
2.8934 -7.30964
2.74112 -7.61421
2.58883 -7.7665
2.28426 -7.91878
2.13198 -8.07107
1.9797 -8.22335
1.67513 -8.37563
1.52284 -8.52792
1.37056 -8.6802
1.06599 -8.83249
0.913706 -8.83249
0.609137 -8.98477
0.456853 -9.13706
0.152284 -9.28934
0 -9.28934
-0.304569 -9.44162
-0.456853 -9.59391
-0.761421 -9.59391
-0.913706 -9.74619
-1.21827 -9.74619
-1.37056 -9.89848
-1.67513 -9.89848
-1.9797 -9.89848
-2.13198 -10.0508
-2.43655 -10.0508
-2.58883 -10.0508
-2.8934 -10.203
-3.04569 -10.203
-3.35025 -10.203
-3.65482 -10.203
-3.80711 -10.203
-4.11168 -10.203
-4.26396 -10.203
-4.56853 -10.203
-4.72081 -10.203
-5.02538 -10.203
-5.17766 -10.203
-5.48223 -10.203
-5.63452 -10.203
-5.93909 -10.203
-6.09137 -10.203
-6.39594 -10.0508
-6.54822 -10.0508
-6.70051 -10.0508
-7.00508 -10.0508
-7.15736 -9.89848
-7.46193 -9.89848
-7.61421 -9.89848
-7.7665 -9.89848
-8.07107 -9.74619
-8.22335 -9.74619
-8.37563 -9.74619
-8.6802 -9.59391
-8.83249 -9.59391
-8.98477 -9.59391
-9.28934 -9.44162
-9.44162 -9.44162
-9.59391 -9.44162
-9.74619 -9.28934
-10.0508 -9.28934
-10.203 -9.13706
-10.3553 -9.13706
-10.5076 -9.13706
-10.8122 -8.98477
-10.9645 -8.98477
-11.1168 -8.83249
-11.269 -8.83249
-11.4213 -8.6802
-11.5736 -8.6802
-11.8782 -8.52792
-12.0305 -8.52792
-12.1827 -8.37563
-12.335 -8.37563
-12.4873 -8.22335
-12.6396 -8.22335
-12.7919 -8.07107
-13.0964 -8.07107
-13.2487 -7.91878
-13.401 -7.91878
-13.5533 -7.7665
-13.7056 -7.61421
-13.8579 -7.61421
-14.0102 -7.46193
-14.1624 -7.30964
-14.3147 -7.30964
-14.467 -7.15736
-14.6193 -7.00508
-14.7716 -7.00508
-14.9239 -6.85279
-15.0761 -6.70051
-15.2284 -6.54822
-15.3807 -6.54822
-15.533 -6.39594
-15.6853 -6.24365
-15.8376 -6.09137
-15.9898 -6.09137
-16.1421 -5.93909
-16.2944 -5.7868
-16.4467 -5.63452
-16.599 -5.48223
-16.7513 -5.48223
-16.9036 -5.32995
-17.0558 -5.17766
-17.2081 -5.02538
-17.3604 -4.8731
-17.5127 -4.8731
-17.665 -4.72081
-17.8173 -4.56853
-18.1218 -4.41624
-18.2741 -4.26396
-18.4264 -4.11168
-18.5787 -3.95939
-18.731 -3.95939
-18.8832 -3.80711
-19.0355 -3.65482
-19.3401 -3.50254
-19.4924 -3.35025
-19.6447 -3.19797
-19.797 -3.04569
-19.9492 -2.8934
-20.1015 -2.74112
-20.4061 -2.58883
-20.5584 -2.28426
-20.7107 -2.13198
-20.8629 -1.9797
-21.0152 -1.82741
-21.1675 -1.67513
-21.3198 -1.37056
-21.4721 -1.21827
-21.7766 -1.06599
-21.9289 -0.761421
-22.0812 -0.609137
-22.2335 -0.304569
-22.2335 -0.152284
-22.3858 0.152284
-22.5381 0.304569
-22.6904 0.609137
-22.8426 0.761421
-22.9949 1.06599
-22.9949 1.37056
-23.1472 1.52284
-23.2995 1.82741
-23.4518 2.13198
-23.4518 2.28426
-23.6041 2.58883
-23.6041 2.8934
-23.7563 3.19797
-23.7563 3.35025
-23.9086 3.65482
-23.9086 3.95939
-23.9086 4.26396
-24.0609 4.56853
-24.0609 4.8731
-24.0609 5.17766
-24.2132 5.48223
-24.2132 5.7868
-24.2132 6.09137
-24.2132 6.39594
-24.2132 6.70051
-24.2132 6.85279
-24.2132 7.15736
-24.0609 7.46193
-24.0609 7.7665
-24.0609 8.07107
-23.9086 8.37563
-23.9086 8.6802
-23.7563 8.98477
-23.7563 9.28934
-23.6041 9.59391
-23.4518 9.74619
-23.2995 10.0508
-23.1472 10.3553
-22.9949 10.5076
-22.8426 10.8122
-22.6904 11.1168
-22.5381 11.269
-22.2335 11.4213
-22.0812 11.7259
-21.7766 11.8782
-21.4721 12.0305
-21.3198 12.1827
-21.0152 12.335
-20.7107 12.4873
-20.4061 12.6396
-20.1015 12.6396
-19.797 12.7919
-19.4924 12.7919
-19.1878 12.9442
-18.8832 12.9442
-18.5787 12.9442
-18.2741 13.0964
-17.8173 13.0964
-17.5127 13.0964
-17.2081 13.0964
-16.9036 13.0964
-16.599 13.0964
-16.2944 13.0964
-15.9898 13.0964
-15.6853 13.0964
-15.3807 12.9442
-15.0761 12.9442
-14.9239 12.9442
-14.6193 12.9442
-14.3147 12.9442
-14.0102 12.7919
-13.8579 12.7919
-13.5533 12.7919
-13.2487 12.7919
-13.0964 12.6396
-12.7919 12.6396
-12.6396 12.6396
-12.335 12.6396
-12.1827 12.6396
-11.8782 12.4873
-11.7259 12.4873
-11.5736 12.4873
-11.269 12.4873
-11.1168 12.4873
-10.8122 12.335
-10.6599 12.335
-10.5076 12.335
-10.3553 12.335
-10.0508 12.335
-9.89848 12.1827
-9.74619 12.1827
-9.59391 12.1827
-9.28934 12.1827
-9.13706 12.1827
-8.98477 12.0305
-8.83249 12.0305
-8.6802 12.0305
-8.37563 12.0305
-8.22335 12.0305
-8.07107 11.8782
-7.91878 11.8782
-7.7665 11.8782
-7.61421 11.8782
-7.46193 11.7259
-7.15736 11.7259
-7.00508 11.7259
-6.85279 11.7259
-6.70051 11.5736
-6.54822 11.5736
-6.39594 11.5736
-6.24365 11.5736
-6.09137 11.4213
-5.7868 11.4213
-5.63452 11.4213
-5.48223 11.269
-5.32995 11.269
-5.17766 11.269
-5.02538 11.269
-4.8731 11.1168
-4.72081 11.1168
-4.56853 10.9645
-4.41624 10.9645
-4.26396 10.9645
-3.95939 10.8122
-3.80711 10.8122
-3.65482 10.6599
-3.50254 10.6599
-3.35025 10.6599
-3.19797 10.5076
-3.04569 10.5076
-2.8934 10.3553
-2.74112 10.3553
-2.58883 10.203
-2.28426 10.203
-2.13198 10.203
-1.9797 10.0508
-1.82741 10.0508
-1.67513 9.89848
-1.37056 9.89848
-1.21827 9.74619
-1.06599 9.74619
-0.913706 9.59391
-0.761421 9.59391
-0.456853 9.44162
-0.304569 9.44162
-0.152284 9.28934
0.152284 9.28934
0.304569 9.13706
0.456853 8.98477
0.761421 8.98477
0.913706 8.83249
1.06599 8.83249
1.37056 8.6802
1.52284 8.52792
1.67513 8.37563
1.9797 8.37563
2.13198 8.22335
2.28426 8.07107
2.58883 7.91878
2.74112 7.7665
2.8934 7.61421
3.19797 7.46193
3.35025 7.30964
3.50254 7.15736
3.65482 7.00508
3.95939 6.85279
4.11168 6.54822
4.26396 6.39594
4.41624 6.24365
4.56853 6.09137
4.72081 5.7868
4.8731 5.63452
5.02538 5.48223
5.17766 5.17766
5.32995 5.02538
5.48223 4.72081
5.63452 4.56853
5.7868 4.26396
5.7868 4.11168
5.93909 3.80711
6.09137 3.65482
6.24365 3.35025
6.24365 3.04569
6.39594 2.8934
6.54822 2.58883
6.54822 2.28426
6.70051 2.13198
