7.00508 1.9797
7.15736 1.67513
7.15736 1.37056
7.15736 1.06599
7.15736 0.761421
7.15736 0.456853
7.15736 0.304569
7.15736 0
7.15736 -0.304569
7.15736 -0.609137
7.00508 -0.913706
7.00508 -1.21827
6.85279 -1.37056
6.85279 -1.67513
6.70051 -1.9797
6.70051 -2.28426
6.54822 -2.43655
6.39594 -2.74112
6.24365 -3.04569
6.09137 -3.19797
6.09137 -3.50254
5.93909 -3.65482
5.7868 -3.95939
5.63452 -4.26396
5.48223 -4.41624
5.32995 -4.72081
5.17766 -4.8731
5.02538 -5.17766
4.8731 -5.32995
4.72081 -5.63452
4.56853 -5.7868
4.26396 -5.93909
4.11168 -6.24365
3.95939 -6.39594
3.80711 -6.54822
3.65482 -6.85279
3.50254 -7.00508
3.19797 -7.15736
3.04569 -7.30964
2.8934 -7.61421
2.74112 -7.7665
2.43655 -7.91878
2.28426 -8.07107
2.13198 -8.22335
1.82741 -8.37563
1.67513 -8.52792
1.37056 -8.6802
1.21827 -8.83249
0.913706 -8.98477
0.761421 -9.13706
0.456853 -9.13706
0.304569 -9.28934
0 -9.44162
-0.152284 -9.44162
-0.456853 -9.59391
-0.761421 -9.74619
-0.913706 -9.74619
-1.21827 -9.89848
-1.52284 -9.89848
-1.67513 -9.89848
-1.9797 -10.0508
-2.13198 -10.0508
-2.43655 -10.0508
-2.74112 -10.203
-2.8934 -10.203
-3.19797 -10.203
-3.50254 -10.203
-3.65482 -10.203
-3.95939 -10.203
-4.11168 -10.203
-4.41624 -10.203
-4.56853 -10.203
-4.8731 -10.203
-5.17766 -10.203
-5.32995 -10.203
-5.63452 -10.203
-5.7868 -10.203
-6.09137 -10.203
-6.24365 -10.203
-6.54822 -10.203
-6.70051 -10.0508
-7.00508 -10.0508
-7.15736 -10.0508
-7.30964 -10.0508
-7.61421 -10.0508
-7.7665 -9.89848
-8.07107 -9.89848
-8.22335 -9.89848
-8.37563 -9.74619
-8.6802 -9.74619
-8.83249 -9.74619
-8.98477 -9.59391
-9.28934 -9.59391
-9.44162 -9.59391
-9.59391 -9.44162
-9.89848 -9.44162
-10.0508 -9.28934
-10.203 -9.28934
-10.3553 -9.28934
-10.6599 -9.13706
-10.8122 -9.13706
-10.9645 -8.98477
-11.1168 -8.98477
-11.269 -8.83249
-11.5736 -8.83249
-11.7259 -8.6802
-11.8782 -8.6802
-12.0305 -8.52792
-12.1827 -8.52792
-12.335 -8.37563
-12.4873 -8.22335
-12.7919 -8.22335
-12.9442 -8.07107
-13.0964 -8.07107
-13.2487 -7.91878
-13.401 -7.91878
-13.5533 -7.7665
-13.7056 -7.61421
-13.8579 -7.61421
-14.0102 -7.46193
-14.1624 -7.30964
-14.3147 -7.30964
-14.467 -7.15736
-14.6193 -7.00508
-14.7716 -7.00508
-14.9239 -6.85279
-15.0761 -6.70051
-15.2284 -6.70051
-15.3807 -6.54822
-15.533 -6.39594
-15.6853 -6.24365
-15.8376 -6.24365
-15.9898 -6.09137
-16.1421 -5.93909
-16.2944 -5.7868
-16.4467 -5.7868
-16.599 -5.63452
-16.7513 -5.48223
-16.9036 -5.32995
-17.0558 -5.17766
-17.2081 -5.17766
-17.3604 -5.02538
-17.5127 -4.8731
-17.665 -4.72081
-17.8173 -4.56853
-17.9695 -4.56853
-18.1218 -4.41624
-18.2741 -4.26396
-18.4264 -4.11168
-18.5787 -3.95939
-18.731 -3.80711
-18.8832 -3.65482
-19.0355 -3.50254
-19.1878 -3.35025
-19.3401 -3.19797
-19.6447 -3.04569
-19.797 -2.8934
-19.9492 -2.74112
-20.1015 -2.58883
-20.2538 -2.43655
-20.4061 -2.28426
-20.5584 -2.13198
-20.7107 -1.9797
-20.8629 -1.82741
-21.0152 -1.52284
-21.1675 -1.37056
-21.3198 -1.21827
-21.4721 -1.06599
-21.6244 -0.761421
-21.7766 -0.609137
-21.9289 -0.456853
-22.0812 -0.152284
-22.2335 0
-22.3858 0.304569
-22.5381 0.456853
-22.5381 0.761421
-22.6904 0.913706
-22.8426 1.21827
-22.9949 1.37056
-23.1472 1.67513
-23.1472 1.9797
-23.2995 2.13198
-23.4518 2.43655
-23.4518 2.74112
-23.6041 2.8934
-23.6041 3.19797
-23.7563 3.50254
-23.7563 3.80711
-23.9086 3.95939
-23.9086 4.26396
-23.9086 4.56853
-24.0609 4.8731
-24.0609 5.17766
-24.0609 5.48223
-24.0609 5.7868
-24.0609 5.93909
-24.0609 6.24365
-24.0609 6.54822
-24.0609 6.85279
-23.9086 7.15736
-23.9086 7.46193
-23.9086 7.61421
-23.7563 7.91878
-23.7563 8.22335
-23.6041 8.52792
-23.4518 8.83249
-23.4518 8.98477
-23.2995 9.28934
-23.1472 9.59391
-22.9949 9.74619
-22.8426 10.0508
-22.6904 10.203
-22.5381 10.5076
-22.3858 10.6599
-22.0812 10.9645
-21.9289 11.1168
-21.7766 11.269
-21.4721 11.4213
-21.3198 11.7259
-21.0152 11.8782
-20.8629 12.0305
-20.5584 12.1827
-20.2538 12.335
-20.1015 12.335
-19.797 12.4873
-19.4924 12.6396
-19.1878 12.6396
-19.0355 12.7919
-18.731 12.9442
-18.4264 12.9442
-18.1218 12.9442
-17.8173 13.0964
-17.5127 13.0964
-17.2081 13.0964
-17.0558 13.0964
-16.7513 13.2487
-16.4467 13.2487
-16.1421 13.2487
-15.8376 13.2487
-15.6853 13.2487
-15.3807 13.2487
-15.0761 13.2487
-14.7716 13.2487
-14.6193 13.0964
-14.3147 13.0964
-14.0102 13.0964
-13.8579 13.0964
-13.5533 13.0964
-13.2487 12.9442
-13.0964 12.9442
-12.7919 12.9442
-12.6396 12.7919
-12.335 12.7919
-12.1827 12.7919
-11.8782 12.7919
-11.7259 12.6396
-11.5736 12.6396
-11.269 12.6396
-11.1168 12.4873
-10.8122 12.4873
-10.6599 12.4873
-10.5076 12.335
-10.3553 12.335
-10.0508 12.335
-9.89848 12.1827
-9.74619 12.1827
-9.59391 12.1827
-9.44162 12.1827
-9.13706 12.0305
-8.98477 12.0305
-8.83249 12.0305
-8.6802 12.0305
-8.52792 11.8782
-8.37563 11.8782
-8.07107 11.8782
-7.91878 11.8782
-7.7665 11.8782
-7.61421 11.7259
-7.46193 11.7259
-7.30964 11.7259
-7.15736 11.7259
-7.00508 11.5736
-6.70051 11.5736
-6.54822 11.5736
-6.39594 11.5736
-6.24365 11.4213
-6.09137 11.4213
-5.93909 11.4213
-5.7868 11.269
-5.63452 11.269
-5.48223 11.269
-5.32995 11.1168
-5.17766 11.1168
-5.02538 10.9645
-4.8731 10.9645
-4.56853 10.9645
-4.41624 10.8122
-4.26396 10.8122
-4.11168 10.6599
-3.95939 10.6599
-3.80711 10.5076
-3.65482 10.5076
-3.50254 10.5076
-3.35025 10.3553
-3.19797 10.3553
-3.04569 10.203
-2.8934 10.203
-2.58883 10.0508
-2.43655 10.0508
-2.28426 10.0508
-2.13198 9.89848
-1.9797 9.89848
-1.67513 9.74619
-1.52284 9.74619
-1.37056 9.74619
-1.06599 9.59391
-0.913706 9.59391
-0.761421 9.44162
-0.456853 9.44162
-0.304569 9.44162
0 9.28934
0.152284 9.28934
0.456853 9.13706
0.609137 8.98477
0.913706 8.98477
1.06599 8.83249
1.37056 8.83249
1.52284 8.6802
1.82741 8.52792
1.9797 8.37563
2.28426 8.37563
2.43655 8.22335
2.74112 8.07107
2.8934 7.91878
3.19797 7.7665
3.35025 7.61421
3.50254 7.46193
3.65482 7.30964
3.95939 7.00508
4.11168 6.85279
4.26396 6.70051
4.41624 6.54822
4.56853 6.24365
4.72081 6.09137
4.8731 5.93909
5.02538 5.63452
5.17766 5.48223
5.32995 5.17766
5.48223 5.02538
5.63452 4.72081
5.7868 4.56853
5.93909 4.26396
6.09137 3.95939
6.24365 3.80711
6.24365 3.50254
6.39594 3.19797
6.54822 3.04569
6.70051 2.74112
6.85279 2.43655
7.00508 2.13198
