7.30964 1.06599
7.30964 0.913706
7.30964 0.609137
7.30964 0.304569
7.30964 0.152284
7.30964 -0.152284
7.15736 -0.456853
7.15736 -0.761421
7.15736 -0.913706
7.00508 -1.21827
7.00508 -1.52284
6.85279 -1.67513
6.85279 -1.9797
6.70051 -2.28426
6.70051 -2.43655
6.54822 -2.74112
6.39594 -2.8934
6.39594 -3.19797
6.24365 -3.35025
6.09137 -3.65482
5.93909 -3.80711
5.7868 -4.11168
5.63452 -4.26396
5.48223 -4.56853
5.48223 -4.72081
5.32995 -4.8731
5.17766 -5.17766
5.02538 -5.32995
4.8731 -5.63452
4.72081 -5.7868
4.56853 -5.93909
4.41624 -6.09137
4.26396 -6.39594
4.11168 -6.54822
3.95939 -6.70051
3.80711 -6.85279
3.50254 -7.15736
3.35025 -7.30964
3.19797 -7.46193
3.04569 -7.61421
2.8934 -7.7665
2.74112 -7.91878
2.43655 -8.07107
2.28426 -8.22335
2.13198 -8.37563
1.9797 -8.52792
1.67513 -8.6802
1.52284 -8.83249
1.37056 -8.98477
1.06599 -8.98477
0.913706 -9.13706
0.609137 -9.28934
0.456853 -9.44162
0.304569 -9.44162
0 -9.59391
-0.152284 -9.59391
-0.456853 -9.74619
-0.609137 -9.74619
-0.913706 -9.89848
-1.06599 -9.89848
-1.37056 -10.0508
-1.52284 -10.0508
-1.82741 -10.0508
-1.9797 -10.203
-2.28426 -10.203
-2.43655 -10.203
-2.74112 -10.203
-2.8934 -10.203
-3.19797 -10.3553
-3.35025 -10.3553
-3.65482 -10.3553
-3.80711 -10.3553
-3.95939 -10.3553
-4.26396 -10.3553
-4.41624 -10.3553
-4.72081 -10.3553
-4.8731 -10.3553
-5.17766 -10.3553
-5.32995 -10.3553
-5.48223 -10.203
-5.7868 -10.203
-5.93909 -10.203
-6.09137 -10.203
-6.39594 -10.203
-6.54822 -10.0508
-6.70051 -10.0508
-7.00508 -10.0508
-7.15736 -10.0508
-7.30964 -10.0508
-7.61421 -9.89848
-7.7665 -9.89848
-7.91878 -9.89848
-8.07107 -9.74619
-8.37563 -9.74619
-8.52792 -9.74619
-8.6802 -9.59391
-8.83249 -9.59391
-9.13706 -9.59391
-9.28934 -9.44162
-9.44162 -9.44162
-9.59391 -9.44162
-9.74619 -9.28934
-10.0508 -9.28934
-10.203 -9.28934
-10.3553 -9.13706
-10.5076 -9.13706
-10.6599 -9.13706
-10.8122 -8.98477
-10.9645 -8.98477
-11.269 -8.83249
-11.4213 -8.83249
-11.5736 -8.83249
-11.7259 -8.6802
-11.8782 -8.6802
-12.0305 -8.52792
-12.1827 -8.52792
-12.335 -8.37563
-12.6396 -8.37563
-12.7919 -8.22335
-12.9442 -8.22335
-13.0964 -8.07107
-13.2487 -7.91878
-13.401 -7.91878
-13.5533 -7.7665
-13.7056 -7.7665
-13.8579 -7.61421
-14.0102 -7.46193
-14.1624 -7.46193
-14.3147 -7.30964
-14.467 -7.15736
-14.6193 -7.00508
-14.7716 -7.00508
-14.9239 -6.85279
-15.0761 -6.70051
-15.2284 -6.70051
-15.3807 -6.54822
-15.533 -6.39594
-15.6853 -6.24365
-15.8376 -6.09137
-15.9898 -6.09137
-16.1421 -5.93909
-16.2944 -5.7868
-16.4467 -5.63452
-16.599 -5.48223
-16.7513 -5.48223
-16.9036 -5.32995
-17.0558 -5.17766
-17.2081 -5.02538
-17.3604 -4.8731
-17.665 -4.72081
-17.8173 -4.56853
-17.9695 -4.56853
-18.1218 -4.41624
-18.2741 -4.26396
-18.4264 -4.11168
-18.5787 -3.95939
-18.731 -3.80711
-18.8832 -3.65482
-19.0355 -3.50254
-19.3401 -3.35025
-19.4924 -3.19797
-19.6447 -2.8934
-19.797 -2.74112
-19.9492 -2.58883
-20.1015 -2.43655
-20.2538 -2.28426
-20.4061 -1.9797
-20.7107 -1.82741
-20.8629 -1.67513
-21.0152 -1.37056
-21.1675 -1.21827
-21.3198 -1.06599
-21.4721 -0.761421
-21.6244 -0.609137
-21.7766 -0.304569
-21.9289 -0.152284
-22.0812 0.152284
-22.2335 0.304569
-22.3858 0.609137
-22.5381 0.913706
-22.6904 1.06599
-22.6904 1.37056
-22.8426 1.67513
-22.9949 1.9797
-23.1472 2.13198
-23.1472 2.43655
-23.2995 2.74112
-23.2995 3.04569
-23.4518 3.35025
-23.4518 3.65482
-23.6041 3.95939
-23.6041 4.26396
-23.6041 4.56853
-23.6041 4.8731
-23.6041 5.02538
-23.6041 5.32995
-23.6041 5.63452
-23.6041 5.93909
-23.6041 6.24365
-23.6041 6.54822
-23.6041 6.85279
-23.4518 7.15736
-23.4518 7.46193
-23.2995 7.7665
-23.2995 8.07107
-23.1472 8.22335
-22.9949 8.52792
-22.8426 8.83249
-22.6904 9.13706
-22.5381 9.28934
-22.3858 9.59391
-22.2335 9.89848
-22.0812 10.0508
-21.9289 10.3553
-21.6244 10.5076
-21.4721 10.6599
-21.1675 10.9645
-21.0152 11.1168
-20.7107 11.269
-20.4061 11.4213
-20.2538 11.5736
-19.9492 11.7259
-19.6447 11.8782
-19.3401 11.8782
-19.0355 12.0305
-18.731 12.1827
-18.4264 12.1827
-18.1218 12.335
-17.8173 12.335
-17.5127 12.4873
-17.2081 12.4873
-16.9036 12.4873
-16.599 12.4873
-16.4467 12.6396
-16.1421 12.6396
-15.8376 12.6396
-15.533 12.6396
-15.2284 12.6396
-14.9239 12.6396
-14.6193 12.4873
-14.3147 12.4873
-14.0102 12.4873
-13.8579 12.4873
-13.5533 12.4873
-13.2487 12.4873
-12.9442 12.335
-12.7919 12.335
-12.4873 12.335
-12.1827 12.1827
-12.0305 12.1827
-11.7259 12.1827
-11.5736 12.0305
-11.269 12.0305
-11.1168 12.0305
-10.8122 11.8782
-10.6599 11.8782
-10.3553 11.8782
-10.203 11.7259
-10.0508 11.7259
-9.74619 11.7259
-9.59391 11.5736
-9.44162 11.5736
-9.13706 11.5736
-8.98477 11.4213
-8.83249 11.4213
-8.6802 11.269
-8.52792 11.269
-8.22335 11.269
-8.07107 11.1168
-7.91878 11.1168
-7.7665 11.1168
-7.61421 10.9645
-7.46193 10.9645
-7.30964 10.9645
-7.00508 10.8122
-6.85279 10.8122
-6.70051 10.8122
-6.54822 10.8122
-6.39594 10.6599
-6.24365 10.6599
-6.09137 10.6599
-5.93909 10.6599
-5.7868 10.6599
-5.63452 10.5076
-5.48223 10.5076
-5.17766 10.5076
-5.02538 10.5076
-4.8731 10.5076
-4.72081 10.5076
-4.56853 10.3553
-4.41624 10.3553
-4.26396 10.3553
-3.95939 10.3553
-3.80711 10.3553
-3.65482 10.3553
-3.50254 10.3553
-3.35025 10.3553
-3.04569 10.203
-2.8934 10.203
-2.74112 10.203
-2.58883 10.203
-2.28426 10.203
-2.13198 10.203
-1.9797 10.0508
-1.67513 10.0508
-1.52284 10.0508
-1.37056 10.0508
-1.06599 9.89848
-0.913706 9.89848
-0.761421 9.74619
-0.456853 9.74619
-0.304569 9.74619
-0.152284 9.59391
0.152284 9.59391
0.304569 9.44162
0.456853 9.44162
0.609137 9.28934
0.913706 9.13706
1.06599 9.13706
1.21827 8.98477
1.52284 8.83249
1.67513 8.6802
1.82741 8.6802
1.9797 8.52792
2.13198 8.37563
2.43655 8.22335
2.58883 8.07107
2.74112 7.91878
2.8934 7.7665
3.19797 7.61421
3.35025 7.46193
3.50254 7.30964
3.65482 7.15736
3.80711 7.00508
4.11168 6.85279
4.26396 6.70051
4.41624 6.54822
4.56853 6.39594
4.72081 6.24365
4.8731 5.93909
5.17766 5.7868
5.32995 5.63452
5.48223 5.48223
5.63452 5.17766
5.7868 5.02538
5.93909 4.8731
6.09137 4.56853
6.24365 4.41624
6.39594 4.11168
6.54822 3.95939
6.54822 3.65482
6.70051 3.35025
6.85279 3.19797
6.85279 2.8934
7.00508 2.74112
7.00508 2.43655
7.15736 2.13198
7.15736 1.9797
7.15736 1.67513
7.15736 1.37056
