7.30964 1.37056
7.30964 1.06599
7.46193 0.913706
7.46193 0.609137
7.46193 0.304569
7.30964 0
7.30964 -0.304569
7.30964 -0.456853
7.30964 -0.761421
7.15736 -1.06599
7.15736 -1.37056
7.00508 -1.52284
7.00508 -1.82741
6.85279 -2.13198
6.70051 -2.28426
6.70051 -2.58883
6.54822 -2.8934
6.39594 -3.04569
6.24365 -3.35025
6.24365 -3.50254
6.09137 -3.80711
5.93909 -3.95939
5.7868 -4.26396
5.63452 -4.41624
5.48223 -4.72081
5.32995 -4.8731
5.17766 -5.17766
5.02538 -5.32995
4.8731 -5.48223
4.72081 -5.7868
4.56853 -5.93909
4.41624 -6.09137
4.26396 -6.39594
4.11168 -6.54822
3.95939 -6.70051
3.80711 -7.00508
3.65482 -7.15736
3.35025 -7.30964
3.19797 -7.46193
3.04569 -7.61421
2.8934 -7.91878
2.74112 -8.07107
2.43655 -8.22335
2.28426 -8.37563
2.13198 -8.52792
1.82741 -8.6802
1.67513 -8.83249
1.52284 -8.98477
1.21827 -8.98477
1.06599 -9.13706
0.761421 -9.28934
0.609137 -9.44162
0.304569 -9.44162
0.152284 -9.59391
-0.152284 -9.74619
-0.304569 -9.74619
-0.609137 -9.89848
-0.761421 -9.89848
-1.06599 -10.0508
-1.21827 -10.0508
-1.52284 -10.0508
-1.82741 -10.203
-1.9797 -10.203
-2.28426 -10.203
-2.43655 -10.203
-2.74112 -10.3553
-2.8934 -10.3553
-3.19797 -10.3553
-3.35025 -10.3553
-3.65482 -10.3553
-3.80711 -10.3553
-4.11168 -10.3553
-4.26396 -10.3553
-4.56853 -10.3553
-4.72081 -10.3553
-5.02538 -10.3553
-5.17766 -10.3553
-5.48223 -10.3553
-5.63452 -10.203
-5.93909 -10.203
-6.09137 -10.203
-6.24365 -10.203
-6.54822 -10.203
-6.70051 -10.0508
-7.00508 -10.0508
-7.15736 -10.0508
-7.30964 -10.0508
-7.61421 -9.89848
-7.7665 -9.89848
-7.91878 -9.89848
-8.07107 -9.74619
-8.37563 -9.74619
-8.52792 -9.74619
-8.6802 -9.59391
-8.98477 -9.59391
-9.13706 -9.59391
-9.28934 -9.44162
-9.44162 -9.44162
-9.59391 -9.44162
-9.89848 -9.28934
-10.0508 -9.28934
-10.203 -9.13706
-10.3553 -9.13706
-10.5076 -8.98477
-10.6599 -8.98477
-10.9645 -8.98477
-11.1168 -8.83249
-11.269 -8.83249
-11.4213 -8.6802
-11.5736 -8.6802
-11.7259 -8.52792
-11.8782 -8.52792
-12.1827 -8.37563
-12.335 -8.37563
-12.4873 -8.22335
-12.6396 -8.22335
-12.7919 -8.07107
-12.9442 -8.07107
-13.0964 -7.91878
-13.2487 -7.91878
-13.401 -7.7665
-13.5533 -7.61421
-13.7056 -7.61421
-13.8579 -7.46193
-14.0102 -7.46193
-14.3147 -7.30964
-14.467 -7.15736
-14.6193 -7.15736
-14.7716 -7.00508
-14.9239 -6.85279
-15.0761 -6.85279
-15.2284 -6.70051
-15.3807 -6.54822
-15.533 -6.54822
-15.6853 -6.39594
-15.8376 -6.24365
-15.9898 -6.09137
-16.1421 -6.09137
-16.2944 -5.93909
-16.4467 -5.7868
-16.599 -5.63452
-16.7513 -5.63452
-16.9036 -5.48223
-17.0558 -5.32995
-17.2081 -5.17766
-17.3604 -5.02538
-17.5127 -4.8731
-17.665 -4.72081
-17.8173 -4.56853
-17.9695 -4.56853
-18.1218 -4.41624
-18.2741 -4.26396
-18.4264 -4.11168
-18.5787 -3.95939
-18.731 -3.80711
-18.8832 -3.65482
-19.0355 -3.50254
-19.1878 -3.35025
-19.3401 -3.19797
-19.4924 -2.8934
-19.6447 -2.74112
-19.797 -2.58883
-19.9492 -2.43655
-20.1015 -2.28426
-20.2538 -2.13198
-20.4061 -1.9797
-20.5584 -1.67513
-20.7107 -1.52284
-20.8629 -1.37056
-21.1675 -1.06599
-21.3198 -0.913706
-21.4721 -0.761421
-21.6244 -0.456853
-21.7766 -0.304569
-21.9289 0
-22.0812 0.152284
-22.2335 0.456853
-22.3858 0.609137
-22.5381 0.913706
-22.6904 1.06599
-22.8426 1.37056
-22.9949 1.67513
-22.9949 1.9797
-23.1472 2.13198
-23.2995 2.43655
-23.4518 2.74112
-23.4518 3.04569
-23.6041 3.35025
-23.6041 3.50254
-23.7563 3.80711
-23.7563 4.11168
-23.7563 4.41624
-23.9086 4.72081
-23.9086 5.02538
-23.9086 5.32995
-23.9086 5.63452
-23.9086 5.93909
-23.9086 6.24365
-23.7563 6.54822
-23.7563 6.70051
-23.7563 7.00508
-23.6041 7.30964
-23.6041 7.61421
-23.4518 7.91878
-23.2995 8.22335
-23.2995 8.37563
-23.1472 8.6802
-22.9949 8.98477
-22.8426 9.28934
-22.6904 9.44162
-22.5381 9.74619
-22.3858 9.89848
-22.2335 10.203
-22.0812 10.3553
-21.9289 10.6599
-21.6244 10.8122
-21.4721 11.1168
-21.1675 11.269
-21.0152 11.4213
-20.8629 11.5736
-20.5584 11.8782
-20.2538 12.0305
-20.1015 12.1827
-19.797 12.335
-19.6447 12.4873
-19.3401 12.4873
-19.0355 12.6396
-18.731 12.7919
-18.5787 12.9442
-18.2741 12.9442
-17.9695 13.0964
-17.665 13.0964
-17.3604 13.2487
-17.0558 13.2487
-16.7513 13.401
-16.599 13.401
-16.2944 13.401
-15.9898 13.401
-15.6853 13.401
-15.3807 13.401
-15.0761 13.401
-14.7716 13.401
-14.467 13.401
-14.1624 13.401
-14.0102 13.2487
-13.7056 13.2487
-13.401 13.2487
-13.0964 13.0964
-12.7919 13.0964
-12.6396 12.9442
-12.335 12.9442
-12.0305 12.7919
-11.8782 12.7919
-11.5736 12.6396
-11.269 12.4873
-11.1168 12.4873
-10.8122 12.335
-10.6599 12.1827
-10.5076 12.1827
-10.203 12.0305
-10.0508 12.0305
-9.74619 11.8782
-9.59391 11.7259
-9.44162 11.7259
-9.28934 11.5736
-8.98477 11.5736
-8.83249 11.4213
-8.6802 11.4213
-8.52792 11.269
-8.37563 11.269
-8.07107 11.269
-7.91878 11.1168
-7.7665 11.1168
-7.61421 11.1168
-7.46193 10.9645
-7.30964 10.9645
-7.15736 10.9645
-7.00508 10.9645
-6.85279 10.8122
-6.70051 10.8122
-6.54822 10.8122
-6.24365 10.8122
-6.09137 10.8122
-5.93909 10.8122
-5.7868 10.6599
-5.63452 10.6599
-5.48223 10.6599
-5.32995 10.6599
-5.17766 10.6599
-5.02538 10.6599
-4.8731 10.6599
-4.56853 10.5076
-4.41624 10.5076
-4.26396 10.5076
-4.11168 10.5076
-3.95939 10.5076
-3.80711 10.3553
-3.50254 10.3553
-3.35025 10.3553
-3.19797 10.3553
-3.04569 10.203
-2.8934 10.203
-2.58883 10.203
-2.43655 10.203
-2.28426 10.0508
-2.13198 10.0508
-1.82741 10.0508
-1.67513 9.89848
-1.52284 9.89848
-1.37056 9.89848
-1.06599 9.74619
-0.913706 9.74619
-0.761421 9.59391
-0.456853 9.59391
-0.304569 9.44162
-0.152284 9.44162
0.152284 9.28934
0.304569 9.28934
0.456853 9.13706
0.761421 9.13706
0.913706 8.98477
1.06599 8.83249
1.37056 8.83249
1.52284 8.6802
1.67513 8.52792
1.9797 8.52792
2.13198 8.37563
2.43655 8.22335
2.58883 8.07107
2.74112 7.91878
3.04569 7.7665
3.19797 7.61421
3.35025 7.46193
3.65482 7.30964
3.80711 7.15736
3.95939 7.00508
4.11168 6.85279
4.41624 6.70051
4.56853 6.54822
4.72081 6.39594
4.8731 6.09137
5.17766 5.93909
5.32995 5.7868
5.48223 5.48223
5.63452 5.32995
5.7868 5.17766
5.93909 4.8731
6.09137 4.72081
6.24365 4.41624
6.39594 4.26396
6.54822 3.95939
6.70051 3.65482
6.70051 3.50254
6.85279 3.19797
7.00508 3.04569
7.00508 2.74112
7.15736 2.43655
7.15736 2.13198
7.30964 1.9797
7.30964 1.67513
