8.52792 1.06599
8.52792 0.761421
8.52792 0.456853
8.52792 0.152284
8.52792 0
8.52792 -0.304569
8.37563 -0.609137
8.37563 -0.913706
8.37563 -1.06599
8.22335 -1.37056
8.22335 -1.67513
8.07107 -1.82741
8.07107 -2.13198
7.91878 -2.43655
7.7665 -2.58883
7.61421 -2.8934
7.46193 -3.04569
7.46193 -3.35025
7.30964 -3.50254
7.15736 -3.80711
7.00508 -3.95939
6.85279 -4.26396
6.70051 -4.41624
6.54822 -4.72081
6.39594 -4.8731
6.24365 -5.02538
6.09137 -5.32995
5.93909 -5.48223
5.7868 -5.63452
5.63452 -5.7868
5.32995 -6.09137
5.17766 -6.24365
5.02538 -6.39594
4.8731 -6.54822
4.72081 -6.85279
4.56853 -7.00508
4.41624 -7.15736
4.26396 -7.30964
3.95939 -7.46193
3.80711 -7.61421
3.65482 -7.7665
3.50254 -7.91878
3.35025 -8.07107
3.04569 -8.22335
2.8934 -8.37563
2.74112 -8.52792
2.58883 -8.6802
2.28426 -8.83249
2.13198 -8.98477
1.9797 -9.13706
1.67513 -9.13706
1.52284 -9.28934
1.37056 -9.44162
1.06599 -9.59391
0.913706 -9.59391
0.761421 -9.74619
0.456853 -9.74619
0.304569 -9.89848
0 -10.0508
-0.152284 -10.0508
-0.456853 -10.203
-0.609137 -10.203
-0.761421 -10.203
-1.06599 -10.3553
-1.21827 -10.3553
-1.52284 -10.3553
-1.67513 -10.5076
-1.9797 -10.5076
-2.13198 -10.5076
-2.43655 -10.5076
-2.58883 -10.5076
-2.74112 -10.6599
-3.04569 -10.6599
-3.19797 -10.6599
-3.50254 -10.6599
-3.65482 -10.6599
-3.95939 -10.6599
-4.11168 -10.6599
-4.41624 -10.5076
-4.56853 -10.5076
-4.72081 -10.5076
-5.02538 -10.5076
-5.17766 -10.5076
-5.32995 -10.5076
-5.63452 -10.3553
-5.7868 -10.3553
-5.93909 -10.3553
-6.24365 -10.3553
-6.39594 -10.203
-6.54822 -10.203
-6.85279 -10.203
-7.00508 -10.203
-7.15736 -10.0508
-7.30964 -10.0508
-7.61421 -10.0508
-7.7665 -9.89848
-7.91878 -9.89848
-8.07107 -9.89848
-8.37563 -9.74619
-8.52792 -9.74619
-8.6802 -9.74619
-8.83249 -9.59391
-8.98477 -9.59391
-9.28934 -9.59391
-9.44162 -9.44162
-9.59391 -9.44162
-9.74619 -9.28934
-9.89848 -9.28934
-10.203 -9.28934
-10.3553 -9.13706
-10.5076 -9.13706
-10.6599 -8.98477
-10.8122 -8.98477
-10.9645 -8.83249
-11.1168 -8.83249
-11.4213 -8.6802
-11.5736 -8.6802
-11.7259 -8.52792
-11.8782 -8.52792
-12.0305 -8.37563
-12.1827 -8.37563
-12.335 -8.22335
-12.4873 -8.07107
-12.6396 -8.07107
-12.7919 -7.91878
-12.9442 -7.7665
-13.0964 -7.7665
-13.2487 -7.61421
-13.401 -7.46193
-13.5533 -7.30964
-13.7056 -7.30964
-13.8579 -7.15736
-14.0102 -7.00508
-14.1624 -6.85279
-14.3147 -6.70051
-14.467 -6.70051
-14.6193 -6.54822
-14.7716 -6.39594
-14.9239 -6.24365
-15.0761 -6.09137
-15.2284 -6.09137
-15.3807 -5.93909
-15.533 -5.7868
-15.6853 -5.63452
-15.8376 -5.48223
-15.9898 -5.32995
-16.1421 -5.32995
-16.2944 -5.17766
-16.4467 -5.02538
-16.599 -4.8731
-16.7513 -4.72081
-16.9036 -4.56853
-17.0558 -4.41624
-17.2081 -4.26396
-17.3604 -4.11168
-17.665 -3.95939
-17.8173 -3.80711
-17.9695 -3.65482
-18.1218 -3.50254
-18.2741 -3.35025
-18.4264 -3.19797
-18.5787 -3.04569
-18.731 -2.8934
-19.0355 -2.74112
-19.1878 -2.58883
-19.3401 -2.28426
-19.4924 -2.13198
-19.6447 -1.9797
-19.797 -1.82741
-19.9492 -1.52284
-20.1015 -1.37056
-20.2538 -1.06599
-20.4061 -0.913706
-20.5584 -0.761421
-20.7107 -0.456853
-20.8629 -0.304569
-21.0152 0
-21.1675 0.304569
-21.3198 0.456853
-21.3198 0.761421
-21.4721 1.06599
-21.6244 1.21827
-21.7766 1.52284
-21.7766 1.82741
-21.9289 2.13198
-21.9289 2.28426
-22.0812 2.58883
-22.0812 2.8934
-22.2335 3.19797
-22.2335 3.50254
-22.2335 3.80711
-22.3858 3.95939
-22.3858 4.26396
-22.3858 4.56853
-22.3858 4.8731
-22.3858 5.17766
-22.3858 5.48223
-22.3858 5.7868
-22.3858 6.09137
-22.3858 6.39594
-22.2335 6.70051
-22.2335 6.85279
-22.0812 7.15736
-22.0812 7.46193
-21.9289 7.7665
-21.9289 8.07107
-21.7766 8.22335
-21.6244 8.52792
-21.4721 8.83249
-21.3198 8.98477
-21.1675 9.28934
-21.0152 9.59391
-20.8629 9.74619
-20.5584 9.89848
-20.4061 10.203
-20.2538 10.3553
-19.9492 10.5076
-19.797 10.8122
-19.4924 10.9645
-19.1878 11.1168
-19.0355 11.269
-18.731 11.269
-18.4264 11.4213
-18.1218 11.5736
-17.8173 11.7259
-17.5127 11.7259
-17.2081 11.8782
-16.9036 11.8782
-16.599 12.0305
-16.4467 12.0305
-16.1421 12.0305
-15.8376 12.0305
-15.533 12.0305
-15.2284 12.1827
-14.9239 12.1827
-14.6193 12.1827
-14.3147 12.1827
-14.0102 12.1827
-13.7056 12.0305
-13.401 12.0305
-13.2487 12.0305
-12.9442 12.0305
-12.6396 12.0305
-12.4873 12.0305
-12.1827 12.0305
-11.8782 11.8782
-11.7259 11.8782
-11.4213 11.8782
-11.269 11.8782
-10.9645 11.8782
-10.8122 11.7259
-10.5076 11.7259
-10.3553 11.7259
-10.0508 11.7259
-9.89848 11.7259
-9.59391 11.5736
-9.44162 11.5736
-9.28934 11.5736
-8.98477 11.5736
-8.83249 11.5736
-8.6802 11.4213
-8.52792 11.4213
-8.22335 11.4213
-8.07107 11.4213
-7.91878 11.269
-7.7665 11.269
-7.46193 11.269
-7.30964 11.269
-7.15736 11.269
-7.00508 11.269
-6.85279 11.1168
-6.70051 11.1168
-6.39594 11.1168
-6.24365 11.1168
-6.09137 11.1168
-5.93909 11.1168
-5.7868 11.1168
-5.63452 10.9645
-5.32995 10.9645
-5.17766 10.9645
-5.02538 10.9645
-4.8731 10.9645
-4.72081 10.9645
-4.56853 10.9645
-4.26396 10.9645
-4.11168 10.8122
-3.95939 10.8122
-3.80711 10.8122
-3.65482 10.8122
-3.50254 10.8122
-3.19797 10.8122
-3.04569 10.8122
-2.8934 10.6599
-2.74112 10.6599
-2.43655 10.6599
-2.28426 10.6599
-2.13198 10.6599
-1.9797 10.5076
-1.67513 10.5076
-1.52284 10.5076
-1.37056 10.5076
-1.21827 10.3553
-0.913706 10.3553
-0.761421 10.3553
-0.609137 10.3553
-0.304569 10.203
-0.152284 10.203
0 10.0508
0.304569 10.0508
0.456853 9.89848
0.609137 9.89848
0.913706 9.74619
1.06599 9.74619
1.21827 9.59391
1.52284 9.59391
1.67513 9.44162
1.82741 9.28934
1.9797 9.28934
2.28426 9.13706
2.43655 8.98477
2.58883 8.98477
2.8934 8.83249
3.04569 8.6802
3.19797 8.52792
3.35025 8.37563
3.65482 8.22335
3.80711 8.22335
3.95939 8.07107
4.11168 7.91878
4.41624 7.7665
4.56853 7.61421
4.72081 7.46193
4.8731 7.15736
5.02538 7.00508
5.32995 6.85279
5.48223 6.70051
5.63452 6.54822
5.7868 6.39594
5.93909 6.09137
6.09137 5.93909
6.39594 5.7868
6.54822 5.63452
6.70051 5.32995
6.85279 5.17766
7.00508 5.02538
7.15736 4.72081
7.30964 4.56853
7.46193 4.26396
7.46193 4.11168
7.61421 3.80711
7.7665 3.50254
7.91878 3.35025
7.91878 3.04569
8.07107 2.8934
8.07107 2.58883
8.22335 2.28426
8.22335 1.9797
8.37563 1.82741
8.37563 1.52284
8.37563 1.21827
