6.54822 1.9797
6.54822 1.67513
6.54822 1.21827
6.54822 0.913706
6.54822 0.609137
6.54822 0.304569
6.54822 0
6.54822 -0.304569
6.39594 -0.761421
6.39594 -1.06599
6.24365 -1.37056
6.09137 -1.67513
6.09137 -1.9797
5.93909 -2.28426
5.7868 -2.58883
5.48223 -2.8934
5.32995 -3.04569
5.17766 -3.35025
5.02538 -3.65482
4.72081 -3.95939
4.56853 -4.11168
4.26396 -4.41624
4.11168 -4.56853
3.80711 -4.8731
3.50254 -5.02538
3.35025 -5.32995
3.04569 -5.48223
2.74112 -5.63452
2.43655 -5.93909
2.28426 -6.09137
1.9797 -6.24365
1.67513 -6.39594
1.37056 -6.54822
1.06599 -6.70051
0.761421 -6.85279
0.609137 -7.00508
0.304569 -7.15736
0 -7.30964
-0.304569 -7.46193
-0.609137 -7.46193
-0.761421 -7.61421
-1.06599 -7.7665
-1.37056 -7.7665
-1.67513 -7.91878
-1.82741 -8.07107
-2.13198 -8.22335
-2.43655 -8.22335
-2.58883 -8.37563
-2.8934 -8.52792
-3.04569 -8.52792
-3.35025 -8.6802
-3.50254 -8.83249
-3.80711 -8.83249
-3.95939 -8.98477
-4.11168 -9.13706
-4.41624 -9.28934
-4.56853 -9.28934
-4.8731 -9.44162
-5.02538 -9.59391
-5.17766 -9.74619
-5.48223 -9.74619
-5.63452 -9.89848
-5.7868 -10.0508
-6.09137 -10.203
-6.24365 -10.203
-6.54822 -10.3553
-6.70051 -10.5076
-6.85279 -10.5076
-7.15736 -10.6599
-7.30964 -10.6599
-7.61421 -10.8122
-7.7665 -10.8122
-8.07107 -10.9645
-8.22335 -10.9645
-8.52792 -10.9645
-8.6802 -11.1168
-8.98477 -11.1168
-9.13706 -11.1168
-9.44162 -11.1168
-9.74619 -11.1168
-9.89848 -11.1168
-10.203 -11.1168
-10.3553 -11.1168
-10.6599 -11.1168
-10.8122 -11.1168
-11.1168 -11.1168
-11.269 -11.1168
-11.5736 -11.1168
-11.7259 -11.1168
-12.0305 -11.1168
-12.1827 -10.9645
-12.4873 -10.9645
-12.6396 -10.9645
-12.9442 -10.9645
-13.0964 -10.9645
-13.401 -10.9645
-13.5533 -10.8122
-13.8579 -10.8122
-14.0102 -10.8122
-14.1624 -10.8122
-14.467 -10.8122
-14.6193 -10.8122
-14.9239 -10.8122
-15.0761 -10.6599
-15.3807 -10.6599
-15.533 -10.6599
-15.8376 -10.6599
-15.9898 -10.6599
-16.2944 -10.6599
-16.599 -10.5076
-16.7513 -10.5076
-17.0558 -10.5076
-17.2081 -10.5076
-17.5127 -10.5076
-17.665 -10.3553
-17.9695 -10.3553
-18.1218 -10.3553
-18.4264 -10.203
-18.731 -10.203
-18.8832 -10.203
-19.1878 -10.0508
-19.3401 -10.0508
-19.6447 -9.89848
-19.9492 -9.89848
-20.1015 -9.74619
-20.4061 -9.74619
-20.5584 -9.59391
-20.8629 -9.44162
-21.0152 -9.44162
-21.3198 -9.28934
-21.6244 -9.13706
-21.7766 -9.13706
-22.0812 -8.98477
-22.2335 -8.83249
-22.5381 -8.6802
-22.6904 -8.52792
-22.9949 -8.37563
-23.1472 -8.22335
-23.4518 -8.07107
-23.6041 -7.91878
-23.7563 -7.7665
-24.0609 -7.61421
-24.2132 -7.46193
-24.5178 -7.30964
-24.6701 -7.15736
-24.8223 -6.85279
-24.9746 -6.70051
-25.2792 -6.54822
-25.4315 -6.24365
-25.5838 -6.09137
-25.736 -5.93909
-26.0406 -5.63452
-26.1929 -5.48223
-26.3452 -5.17766
-26.4975 -5.02538
-26.6497 -4.72081
-26.802 -4.56853
-26.9543 -4.26396
-27.1066 -4.11168
-27.1066 -3.80711
-27.2589 -3.50254
-27.4112 -3.35025
-27.5635 -3.04569
-27.7157 -2.74112
-27.7157 -2.58883
-27.868 -2.28426
-27.868 -1.9797
-28.0203 -1.67513
-28.0203 -1.37056
-28.1726 -1.21827
-28.1726 -0.913706
-28.1726 -0.609137
-28.3249 -0.304569
-28.3249 0
-28.3249 0.304569
-28.3249 0.456853
-28.3249 0.761421
-28.3249 1.06599
-28.4772 1.37056
-28.3249 1.67513
-28.3249 1.9797
-28.3249 2.28426
-28.3249 2.43655
-28.3249 2.74112
-28.3249 3.04569
-28.3249 3.35025
-28.1726 3.65482
-28.1726 3.95939
-28.1726 4.11168
-28.0203 4.41624
-28.0203 4.72081
-27.868 5.02538
-27.868 5.32995
-27.868 5.48223
-27.7157 5.7868
-27.5635 6.09137
-27.5635 6.39594
-27.4112 6.54822
-27.4112 6.85279
-27.2589 7.15736
-27.1066 7.30964
-27.1066 7.61421
-26.9543 7.91878
-26.802 8.07107
-26.6497 8.37563
-26.6497 8.6802
-26.4975 8.83249
-26.3452 9.13706
-26.1929 9.44162
-26.0406 9.59391
-25.8883 9.89848
-25.736 10.0508
-25.5838 10.3553
-25.4315 10.5076
-25.2792 10.8122
-25.1269 10.9645
-24.9746 11.269
-24.8223 11.4213
-24.6701 11.5736
-24.5178 11.8782
-24.2132 12.0305
-24.0609 12.1827
-23.9086 12.4873
-23.7563 12.6396
-23.4518 12.7919
-23.2995 12.9442
-23.1472 13.2487
-22.8426 13.401
-22.6904 13.5533
-22.3858 13.7056
-22.2335 13.8579
-21.9289 14.0102
-21.7766 14.1624
-21.4721 14.1624
-21.3198 14.3147
-21.0152 14.467
-20.7107 14.6193
-20.5584 14.6193
-20.2538 14.7716
-19.9492 14.9239
-19.6447 14.9239
-19.4924 14.9239
-19.1878 15.0761
-18.8832 15.0761
-18.5787 15.0761
-18.4264 15.0761
-18.1218 15.2284
-17.8173 15.2284
-17.5127 15.2284
-17.3604 15.2284
-17.0558 15.2284
-16.7513 15.2284
-16.4467 15.2284
-16.2944 15.0761
-15.9898 15.0761
-15.6853 15.0761
-15.533 15.0761
-15.2284 15.0761
-14.9239 14.9239
-14.7716 14.9239
-14.467 14.9239
-14.3147 14.9239
-14.0102 14.7716
-13.8579 14.7716
-13.5533 14.7716
-13.401 14.7716
-13.0964 14.6193
-12.9442 14.6193
-12.6396 14.6193
-12.4873 14.6193
-12.1827 14.6193
-12.0305 14.467
-11.7259 14.467
-11.5736 14.467
-11.269 14.467
-11.1168 14.467
-10.9645 14.467
-10.6599 14.3147
-10.5076 14.3147
-10.203 14.3147
-10.0508 14.3147
-9.89848 14.3147
-9.59391 14.1624
-9.44162 14.1624
-9.13706 14.1624
-8.98477 14.1624
-8.6802 14.1624
-8.52792 14.0102
-8.37563 14.0102
-8.07107 14.0102
-7.91878 13.8579
-7.61421 13.8579
-7.46193 13.8579
-7.15736 13.7056
-7.00508 13.7056
-6.85279 13.5533
-6.54822 13.5533
-6.39594 13.401
-6.09137 13.401
-5.93909 13.2487
-5.63452 13.2487
-5.48223 13.0964
-5.32995 13.0964
-5.02538 12.9442
-4.8731 12.9442
-4.56853 12.7919
-4.41624 12.6396
-4.11168 12.6396
-3.95939 12.4873
-3.80711 12.335
-3.50254 12.335
-3.35025 12.1827
-3.04569 12.0305
-2.8934 12.0305
-2.58883 11.8782
-2.43655 11.7259
-2.13198 11.5736
-1.9797 11.5736
-1.67513 11.4213
-1.52284 11.269
-1.21827 11.1168
-1.06599 10.9645
-0.761421 10.8122
-0.609137 10.8122
-0.304569 10.6599
0 10.5076
0.152284 10.3553
0.456853 10.0508
0.609137 9.89848
0.913706 9.74619
1.06599 9.59391
1.37056 9.44162
1.52284 9.28934
1.82741 9.13706
1.9797 8.83249
2.28426 8.6802
2.43655 8.52792
2.58883 8.22335
2.8934 8.07107
3.04569 7.7665
3.35025 7.61421
3.50254 7.30964
3.65482 7.15736
3.95939 6.85279
4.11168 6.54822
4.26396 6.39594
4.41624 6.09137
4.72081 5.7868
4.8731 5.63452
5.02538 5.32995
5.17766 5.02538
5.32995 4.72081
5.48223 4.41624
5.63452 4.11168
5.7868 3.80711
5.93909 3.50254
6.09137 3.19797
6.24365 2.8934
6.24365 2.58883
6.39594 2.28426
