8.6802 1.21827
8.6802 0.913706
8.6802 0.761421
8.6802 0.456853
8.6802 0.152284
8.6802 -0.152284
8.6802 -0.304569
8.6802 -0.609137
8.52792 -0.913706
8.52792 -1.21827
8.37563 -1.37056
8.37563 -1.67513
8.22335 -1.9797
8.07107 -2.13198
8.07107 -2.43655
7.91878 -2.74112
7.7665 -2.8934
7.61421 -3.19797
7.46193 -3.35025
7.30964 -3.65482
7.15736 -3.80711
7.00508 -4.11168
7.00508 -4.26396
6.85279 -4.56853
6.70051 -4.72081
6.54822 -4.8731
6.39594 -5.17766
6.09137 -5.32995
5.93909 -5.48223
5.7868 -5.7868
5.63452 -5.93909
5.48223 -6.09137
5.32995 -6.24365
5.17766 -6.54822
5.02538 -6.70051
4.8731 -6.85279
4.72081 -7.00508
4.56853 -7.15736
4.26396 -7.46193
4.11168 -7.61421
3.95939 -7.7665
3.80711 -7.91878
3.50254 -8.07107
3.35025 -8.22335
3.19797 -8.37563
3.04569 -8.52792
2.74112 -8.6802
2.58883 -8.83249
2.43655 -8.98477
2.13198 -8.98477
1.9797 -9.13706
1.82741 -9.28934
1.52284 -9.44162
1.37056 -9.44162
1.06599 -9.59391
0.913706 -9.74619
0.761421 -9.74619
0.456853 -9.89848
0.304569 -9.89848
0 -10.0508
-0.152284 -10.0508
-0.456853 -10.203
-0.609137 -10.203
-0.913706 -10.3553
-1.06599 -10.3553
-1.37056 -10.3553
-1.52284 -10.5076
-1.82741 -10.5076
-1.9797 -10.5076
-2.28426 -10.5076
-2.43655 -10.5076
-2.74112 -10.5076
-2.8934 -10.5076
-3.19797 -10.5076
-3.35025 -10.6599
-3.65482 -10.5076
-3.80711 -10.5076
-3.95939 -10.5076
-4.26396 -10.5076
-4.41624 -10.5076
-4.72081 -10.5076
-4.8731 -10.5076
-5.17766 -10.5076
-5.32995 -10.3553
-5.48223 -10.3553
-5.7868 -10.3553
-5.93909 -10.3553
-6.09137 -10.203
-6.39594 -10.203
-6.54822 -10.203
-6.70051 -10.203
-7.00508 -10.0508
-7.15736 -10.0508
-7.30964 -10.0508
-7.61421 -9.89848
-7.7665 -9.89848
-7.91878 -9.74619
-8.07107 -9.74619
-8.37563 -9.74619
-8.52792 -9.59391
-8.6802 -9.59391
-8.83249 -9.59391
-8.98477 -9.44162
-9.28934 -9.44162
-9.44162 -9.28934
-9.59391 -9.28934
-9.74619 -9.28934
-9.89848 -9.13706
-10.0508 -9.13706
-10.3553 -8.98477
-10.5076 -8.98477
-10.6599 -8.83249
-10.8122 -8.83249
-10.9645 -8.6802
-11.1168 -8.6802
-11.4213 -8.52792
-11.5736 -8.52792
-11.7259 -8.37563
-11.8782 -8.37563
-12.0305 -8.22335
-12.1827 -8.22335
-12.335 -8.07107
-12.4873 -7.91878
-12.6396 -7.91878
-12.7919 -7.7665
-12.9442 -7.61421
-13.0964 -7.61421
-13.2487 -7.46193
-13.401 -7.30964
-13.7056 -7.15736
-13.8579 -7.15736
-14.0102 -7.00508
-14.1624 -6.85279
-14.3147 -6.70051
-14.467 -6.70051
-14.6193 -6.54822
-14.7716 -6.39594
-14.9239 -6.24365
-14.9239 -6.09137
-15.0761 -6.09137
-15.2284 -5.93909
-15.3807 -5.7868
-15.533 -5.63452
-15.8376 -5.48223
-15.9898 -5.32995
-16.1421 -5.32995
-16.2944 -5.17766
-16.4467 -5.02538
-16.599 -4.8731
-16.7513 -4.72081
-16.9036 -4.56853
-17.0558 -4.41624
-17.2081 -4.26396
-17.3604 -4.11168
-17.5127 -3.95939
-17.665 -3.80711
-17.8173 -3.65482
-17.9695 -3.50254
-18.1218 -3.35025
-18.2741 -3.19797
-18.4264 -3.04569
-18.5787 -2.8934
-18.8832 -2.58883
-19.0355 -2.43655
-19.1878 -2.28426
-19.3401 -2.13198
-19.4924 -1.9797
-19.6447 -1.67513
-19.797 -1.52284
-19.9492 -1.37056
-20.1015 -1.06599
-20.2538 -0.913706
-20.2538 -0.609137
-20.4061 -0.456853
-20.5584 -0.152284
-20.7107 0
-20.8629 0.304569
-21.0152 0.456853
-21.1675 0.761421
-21.1675 1.06599
-21.3198 1.21827
-21.4721 1.52284
-21.4721 1.82741
-21.6244 1.9797
-21.7766 2.28426
-21.7766 2.58883
-21.9289 2.8934
-21.9289 3.04569
-21.9289 3.35025
-22.0812 3.65482
-22.0812 3.95939
-22.0812 4.26396
-22.0812 4.56853
-22.2335 4.8731
-22.2335 5.02538
-22.2335 5.32995
-22.2335 5.63452
-22.2335 5.93909
-22.0812 6.24365
-22.0812 6.54822
-22.0812 6.85279
-21.9289 7.15736
-21.9289 7.30964
-21.9289 7.61421
-21.7766 7.91878
-21.6244 8.22335
-21.6244 8.52792
-21.4721 8.6802
-21.3198 8.98477
-21.1675 9.28934
-21.0152 9.44162
-20.8629 9.74619
-20.5584 9.89848
-20.4061 10.0508
-20.2538 10.3553
-19.9492 10.5076
-19.797 10.6599
-19.4924 10.8122
-19.1878 10.9645
-19.0355 11.1168
-18.731 11.269
-18.4264 11.4213
-18.1218 11.5736
-17.8173 11.5736
-17.5127 11.7259
-17.2081 11.7259
-16.9036 11.7259
-16.599 11.8782
-16.2944 11.8782
-15.9898 11.8782
-15.6853 11.8782
-15.3807 11.8782
-15.0761 11.8782
-14.7716 11.8782
-14.467 11.8782
-14.3147 11.8782
-14.0102 11.8782
-13.7056 11.8782
-13.401 11.8782
-13.0964 11.8782
-12.7919 11.8782
-12.6396 11.8782
-12.335 11.7259
-12.1827 11.7259
-11.8782 11.7259
-11.5736 11.7259
-11.4213 11.7259
-11.1168 11.7259
-10.9645 11.7259
-10.8122 11.5736
-10.5076 11.5736
-10.3553 11.5736
-10.0508 11.5736
-9.89848 11.5736
-9.74619 11.5736
-9.59391 11.5736
-9.28934 11.5736
-9.13706 11.5736
-8.98477 11.5736
-8.6802 11.4213
-8.52792 11.4213
-8.37563 11.4213
-8.22335 11.4213
-8.07107 11.4213
-7.7665 11.4213
-7.61421 11.4213
-7.46193 11.4213
-7.30964 11.4213
-7.15736 11.4213
-7.00508 11.269
-6.70051 11.269
-6.54822 11.269
-6.39594 11.269
-6.24365 11.269
-6.09137 11.269
-5.93909 11.269
-5.7868 11.1168
-5.48223 11.1168
-5.32995 11.1168
-5.17766 11.1168
-5.02538 11.1168
-4.8731 11.1168
-4.72081 11.1168
-4.56853 10.9645
-4.26396 10.9645
-4.11168 10.9645
-3.95939 10.9645
-3.80711 10.9645
-3.65482 10.9645
-3.50254 10.8122
-3.19797 10.8122
-3.04569 10.8122
-2.8934 10.8122
-2.74112 10.8122
-2.58883 10.8122
-2.28426 10.6599
-2.13198 10.6599
-1.9797 10.6599
-1.82741 10.6599
-1.52284 10.6599
-1.37056 10.5076
-1.21827 10.5076
-1.06599 10.5076
-0.761421 10.3553
-0.609137 10.3553
-0.456853 10.3553
-0.152284 10.203
0 10.203
0.152284 10.203
0.456853 10.0508
0.609137 10.0508
0.761421 9.89848
0.913706 9.89848
1.21827 9.74619
1.37056 9.74619
1.52284 9.59391
1.82741 9.44162
1.9797 9.44162
2.13198 9.28934
2.43655 9.13706
2.58883 9.13706
2.74112 8.98477
2.8934 8.83249
3.19797 8.6802
3.35025 8.52792
3.50254 8.52792
3.65482 8.37563
3.95939 8.22335
4.11168 8.07107
4.26396 7.91878
4.41624 7.7665
4.72081 7.61421
4.8731 7.46193
5.02538 7.30964
5.17766 7.15736
5.32995 6.85279
5.63452 6.70051
5.7868 6.54822
5.93909 6.39594
6.09137 6.24365
6.24365 5.93909
6.39594 5.7868
6.54822 5.63452
6.85279 5.32995
7.00508 5.17766
7.15736 5.02538
7.30964 4.72081
7.46193 4.56853
7.61421 4.26396
7.61421 4.11168
7.7665 3.80711
7.91878 3.65482
8.07107 3.35025
8.07107 3.04569
8.22335 2.8934
8.37563 2.58883
8.37563 2.28426
8.52792 1.9797
8.52792 1.82741
8.6802 1.52284
