8.52792 1.37056
8.6802 1.06599
8.6802 0.761421
8.6802 0.609137
8.6802 0.304569
8.6802 0
8.6802 -0.304569
8.6802 -0.456853
8.52792 -0.761421
8.52792 -1.06599
8.37563 -1.37056
8.37563 -1.52284
8.22335 -1.82741
8.22335 -2.13198
8.07107 -2.28426
7.91878 -2.58883
7.7665 -2.74112
7.7665 -3.04569
7.61421 -3.35025
7.46193 -3.50254
7.30964 -3.80711
7.15736 -3.95939
7.00508 -4.11168
6.85279 -4.41624
6.70051 -4.56853
6.54822 -4.8731
6.39594 -5.02538
6.24365 -5.17766
6.09137 -5.48223
5.93909 -5.63452
5.7868 -5.7868
5.63452 -6.09137
5.48223 -6.24365
5.32995 -6.39594
5.02538 -6.54822
4.8731 -6.85279
4.72081 -7.00508
4.56853 -7.15736
4.41624 -7.30964
4.26396 -7.46193
4.11168 -7.61421
3.80711 -7.7665
3.65482 -7.91878
3.50254 -8.07107
3.35025 -8.22335
3.04569 -8.37563
2.8934 -8.52792
2.74112 -8.6802
2.43655 -8.83249
2.28426 -8.98477
2.13198 -9.13706
1.82741 -9.28934
1.67513 -9.28934
1.37056 -9.44162
1.21827 -9.59391
0.913706 -9.59391
0.761421 -9.74619
0.609137 -9.74619
0.304569 -9.89848
0.152284 -9.89848
-0.152284 -10.0508
-0.304569 -10.0508
-0.609137 -10.203
-0.761421 -10.203
-1.06599 -10.203
-1.21827 -10.3553
-1.52284 -10.3553
-1.67513 -10.3553
-1.9797 -10.3553
-2.13198 -10.5076
-2.43655 -10.5076
-2.58883 -10.5076
-2.8934 -10.5076
-3.04569 -10.5076
-3.35025 -10.5076
-3.50254 -10.5076
-3.80711 -10.5076
-3.95939 -10.5076
-4.26396 -10.5076
-4.41624 -10.5076
-4.56853 -10.5076
-4.8731 -10.3553
-5.02538 -10.3553
-5.32995 -10.3553
-5.48223 -10.3553
-5.63452 -10.3553
-5.93909 -10.203
-6.09137 -10.203
-6.39594 -10.203
-6.54822 -10.203
-6.70051 -10.0508
-6.85279 -10.0508
-7.15736 -10.0508
-7.30964 -9.89848
-7.46193 -9.89848
-7.7665 -9.89848
-7.91878 -9.74619
-8.07107 -9.74619
-8.22335 -9.74619
-8.52792 -9.59391
-8.6802 -9.59391
-8.83249 -9.59391
-8.98477 -9.44162
-9.13706 -9.44162
-9.44162 -9.28934
-9.59391 -9.28934
-9.74619 -9.28934
-9.89848 -9.13706
-10.0508 -9.13706
-10.3553 -8.98477
-10.5076 -8.98477
-10.6599 -8.83249
-10.8122 -8.83249
-10.9645 -8.6802
-11.1168 -8.6802
-11.4213 -8.52792
-11.5736 -8.52792
-11.7259 -8.37563
-11.8782 -8.22335
-12.0305 -8.22335
-12.1827 -8.07107
-12.335 -8.07107
-12.4873 -7.91878
-12.6396 -7.7665
-12.7919 -7.7665
-12.9442 -7.61421
-13.0964 -7.46193
-13.2487 -7.30964
-13.401 -7.30964
-13.5533 -7.15736
-13.7056 -7.00508
-13.8579 -6.85279
-14.0102 -6.85279
-14.1624 -6.70051
-14.3147 -6.54822
-14.467 -6.39594
-14.6193 -6.24365
-14.7716 -6.24365
-14.9239 -6.09137
-15.0761 -5.93909
-15.2284 -5.7868
-15.3807 -5.63452
-15.533 -5.48223
-15.6853 -5.48223
-15.8376 -5.32995
-15.9898 -5.17766
-16.1421 -5.02538
-16.2944 -4.8731
-16.4467 -4.72081
-16.599 -4.56853
-16.7513 -4.41624
-16.9036 -4.26396
-17.2081 -4.11168
-17.3604 -3.95939
-17.5127 -3.80711
-17.665 -3.65482
-17.8173 -3.50254
-17.9695 -3.35025
-18.1218 -3.19797
-18.2741 -3.04569
-18.4264 -2.8934
-18.5787 -2.74112
-18.731 -2.58883
-18.8832 -2.28426
-19.0355 -2.13198
-19.1878 -1.9797
-19.3401 -1.82741
-19.4924 -1.52284
-19.6447 -1.37056
-19.797 -1.21827
-19.9492 -0.913706
-20.1015 -0.761421
-20.2538 -0.609137
-20.4061 -0.304569
-20.5584 -0.152284
-20.7107 0.152284
-20.7107 0.456853
-20.8629 0.609137
-21.0152 0.913706
-21.1675 1.06599
-21.1675 1.37056
-21.3198 1.67513
-21.4721 1.82741
-21.4721 2.13198
-21.6244 2.43655
-21.6244 2.74112
-21.7766 2.8934
-21.7766 3.19797
-21.7766 3.50254
-21.9289 3.80711
-21.9289 4.11168
-21.9289 4.26396
-21.9289 4.56853
-21.9289 4.8731
-21.9289 5.17766
-21.9289 5.48223
-21.9289 5.7868
-21.9289 5.93909
-21.9289 6.24365
-21.7766 6.54822
-21.7766 6.85279
-21.7766 7.15736
-21.6244 7.46193
-21.6244 7.61421
-21.4721 7.91878
-21.3198 8.22335
-21.1675 8.37563
-21.1675 8.6802
-21.0152 8.98477
-20.8629 9.13706
-20.7107 9.44162
-20.4061 9.59391
-20.2538 9.89848
-20.1015 10.0508
-19.797 10.203
-19.6447 10.3553
-19.3401 10.6599
-19.1878 10.8122
-18.8832 10.8122
-18.5787 10.9645
-18.4264 11.1168
-18.1218 11.269
-17.8173 11.4213
-17.5127 11.4213
-17.2081 11.5736
-16.9036 11.5736
-16.599 11.5736
-16.2944 11.7259
-15.9898 11.7259
-15.6853 11.7259
-15.3807 11.7259
-15.0761 11.7259
-14.9239 11.7259
-14.6193 11.7259
-14.3147 11.7259
-14.0102 11.7259
-13.7056 11.7259
-13.401 11.7259
-13.2487 11.7259
-12.9442 11.7259
-12.6396 11.7259
-12.4873 11.7259
-12.1827 11.7259
-12.0305 11.7259
-11.7259 11.7259
-11.5736 11.7259
-11.269 11.7259
-11.1168 11.7259
-10.8122 11.7259
-10.6599 11.7259
-10.5076 11.7259
-10.203 11.7259
-10.0508 11.7259
-9.89848 11.7259
-9.74619 11.7259
-9.44162 11.7259
-9.28934 11.7259
-9.13706 11.7259
-8.98477 11.7259
-8.6802 11.7259
-8.52792 11.7259
-8.37563 11.7259
-8.22335 11.7259
-7.91878 11.7259
-7.7665 11.5736
-7.61421 11.5736
-7.46193 11.5736
-7.30964 11.5736
-7.00508 11.5736
-6.85279 11.5736
-6.70051 11.5736
-6.54822 11.5736
-6.39594 11.4213
-6.24365 11.4213
-6.09137 11.4213
-5.7868 11.4213
-5.63452 11.4213
-5.48223 11.269
-5.32995 11.269
-5.17766 11.269
-5.02538 11.269
-4.8731 11.269
-4.56853 11.1168
-4.41624 11.1168
-4.26396 11.1168
-4.11168 11.1168
-3.95939 11.1168
-3.80711 10.9645
-3.65482 10.9645
-3.35025 10.9645
-3.19797 10.9645
-3.04569 10.9645
-2.8934 10.9645
-2.74112 10.8122
-2.43655 10.8122
-2.28426 10.8122
-2.13198 10.8122
-1.9797 10.8122
-1.67513 10.6599
-1.52284 10.6599
-1.37056 10.6599
-1.21827 10.6599
-0.913706 10.5076
-0.761421 10.5076
-0.609137 10.5076
-0.304569 10.5076
-0.152284 10.3553
0 10.3553
0.304569 10.203
0.456853 10.203
0.609137 10.203
0.761421 10.0508
1.06599 10.0508
1.21827 9.89848
1.37056 9.74619
1.67513 9.74619
1.82741 9.59391
1.9797 9.59391
2.28426 9.44162
2.43655 9.28934
2.58883 9.13706
2.74112 9.13706
3.04569 8.98477
3.19797 8.83249
3.35025 8.6802
3.50254 8.52792
3.80711 8.37563
3.95939 8.37563
4.11168 8.22335
4.26396 8.07107
4.56853 7.91878
4.72081 7.7665
4.8731 7.61421
5.02538 7.30964
5.17766 7.15736
5.48223 7.00508
5.63452 6.85279
5.7868 6.70051
5.93909 6.54822
6.09137 6.24365
6.39594 6.09137
6.54822 5.93909
6.70051 5.7868
6.85279 5.48223
7.00508 5.32995
7.15736 5.02538
7.30964 4.8731
7.46193 4.56853
7.61421 4.41624
7.7665 4.11168
7.91878 3.95939
7.91878 3.65482
8.07107 3.50254
8.22335 3.19797
8.22335 2.8934
8.37563 2.74112
8.37563 2.43655
8.52792 2.13198
8.52792 1.82741
8.52792 1.67513
