8.83249 1.37056
8.83249 1.06599
8.83249 0.761421
8.83249 0.609137
8.83249 0.304569
8.83249 0
8.83249 -0.304569
8.83249 -0.456853
8.6802 -0.761421
8.6802 -1.06599
8.52792 -1.21827
8.52792 -1.52284
8.37563 -1.82741
8.22335 -1.9797
8.22335 -2.28426
8.07107 -2.58883
7.91878 -2.74112
7.7665 -3.04569
7.61421 -3.19797
7.46193 -3.50254
7.30964 -3.65482
7.30964 -3.80711
7.15736 -4.11168
7.00508 -4.26396
6.85279 -4.56853
6.70051 -4.72081
6.54822 -4.8731
6.39594 -5.17766
6.24365 -5.32995
6.09137 -5.48223
5.93909 -5.7868
5.7868 -5.93909
5.63452 -6.09137
5.32995 -6.24365
5.17766 -6.54822
5.02538 -6.70051
4.8731 -6.85279
4.72081 -7.00508
4.56853 -7.15736
4.41624 -7.30964
4.26396 -7.61421
4.11168 -7.7665
3.80711 -7.91878
3.65482 -8.07107
3.50254 -8.22335
3.35025 -8.37563
3.04569 -8.52792
2.8934 -8.6802
2.74112 -8.6802
2.43655 -8.83249
2.28426 -8.98477
2.13198 -9.13706
1.82741 -9.28934
1.67513 -9.28934
1.52284 -9.44162
1.21827 -9.59391
1.06599 -9.59391
0.761421 -9.74619
0.609137 -9.74619
0.304569 -9.89848
0.152284 -9.89848
-0.152284 -10.0508
-0.304569 -10.0508
-0.456853 -10.203
-0.761421 -10.203
-0.913706 -10.203
-1.21827 -10.3553
-1.37056 -10.3553
-1.67513 -10.3553
-1.82741 -10.3553
-2.13198 -10.3553
-2.28426 -10.5076
-2.58883 -10.5076
-2.74112 -10.5076
-3.04569 -10.5076
-3.19797 -10.5076
-3.50254 -10.5076
-3.65482 -10.5076
-3.95939 -10.5076
-4.11168 -10.5076
-4.26396 -10.5076
-4.56853 -10.3553
-4.72081 -10.3553
-5.02538 -10.3553
-5.17766 -10.3553
-5.32995 -10.3553
-5.63452 -10.203
-5.7868 -10.203
-5.93909 -10.203
-6.24365 -10.203
-6.39594 -10.0508
-6.54822 -10.0508
-6.85279 -10.0508
-7.00508 -10.0508
-7.15736 -9.89848
-7.30964 -9.89848
-7.61421 -9.89848
-7.7665 -9.74619
-7.91878 -9.74619
-8.07107 -9.74619
-8.37563 -9.59391
-8.52792 -9.59391
-8.6802 -9.44162
-8.83249 -9.44162
-9.13706 -9.44162
-9.28934 -9.28934
-9.44162 -9.28934
-9.59391 -9.13706
-9.74619 -9.13706
-10.0508 -9.13706
-10.203 -8.98477
-10.3553 -8.98477
-10.5076 -8.83249
-10.6599 -8.83249
-10.8122 -8.6802
-11.1168 -8.6802
-11.269 -8.52792
-11.4213 -8.37563
-11.5736 -8.37563
-11.7259 -8.22335
-11.8782 -8.22335
-12.0305 -8.07107
-12.1827 -7.91878
-12.335 -7.91878
-12.6396 -7.7665
-12.7919 -7.61421
-12.9442 -7.61421
-13.0964 -7.46193
-13.2487 -7.30964
-13.401 -7.30964
-13.5533 -7.15736
-13.7056 -7.00508
-13.8579 -6.85279
-14.0102 -6.85279
-14.1624 -6.70051
-14.3147 -6.54822
-14.467 -6.39594
-14.6193 -6.24365
-14.7716 -6.24365
-14.9239 -6.09137
-15.0761 -5.93909
-15.2284 -5.7868
-15.3807 -5.63452
-15.533 -5.48223
-15.6853 -5.32995
-15.8376 -5.17766
-15.9898 -5.17766
-16.1421 -5.02538
-16.2944 -4.8731
-16.4467 -4.72081
-16.599 -4.56853
-16.7513 -4.41624
-16.9036 -4.26396
-17.0558 -4.11168
-17.2081 -3.95939
-17.3604 -3.80711
-17.5127 -3.65482
-17.665 -3.50254
-17.8173 -3.19797
-17.9695 -3.04569
-18.1218 -2.8934
-18.2741 -2.74112
-18.4264 -2.58883
-18.5787 -2.43655
-18.731 -2.13198
-18.8832 -1.9797
-19.0355 -1.82741
-19.1878 -1.52284
-19.3401 -1.37056
-19.4924 -1.21827
-19.6447 -0.913706
-19.797 -0.761421
-19.9492 -0.609137
-20.1015 -0.304569
-20.1015 -0.152284
-20.2538 0.152284
-20.4061 0.304569
-20.5584 0.609137
-20.7107 0.913706
-20.7107 1.06599
-20.8629 1.37056
-21.0152 1.67513
-21.0152 1.82741
-21.1675 2.13198
-21.3198 2.43655
-21.3198 2.74112
-21.4721 2.8934
-21.4721 3.19797
-21.4721 3.50254
-21.6244 3.80711
-21.6244 4.11168
-21.6244 4.26396
-21.7766 4.56853
-21.7766 4.8731
-21.7766 5.17766
-21.7766 5.48223
-21.7766 5.7868
-21.7766 6.09137
-21.7766 6.39594
-21.6244 6.70051
-21.6244 6.85279
-21.6244 7.15736
-21.4721 7.46193
-21.4721 7.7665
-21.3198 8.07107
-21.3198 8.22335
-21.1675 8.52792
-21.0152 8.83249
-20.8629 8.98477
-20.7107 9.28934
-20.5584 9.59391
-20.4061 9.74619
-20.2538 10.0508
-19.9492 10.203
-19.797 10.3553
-19.4924 10.5076
-19.3401 10.8122
-19.0355 10.9645
-18.731 11.1168
-18.5787 11.1168
-18.2741 11.269
-17.9695 11.4213
-17.665 11.4213
-17.3604 11.5736
-17.0558 11.5736
-16.7513 11.7259
-16.4467 11.7259
-16.1421 11.7259
-15.8376 11.7259
-15.533 11.8782
-15.2284 11.8782
-14.9239 11.8782
-14.6193 11.8782
-14.3147 11.7259
-14.0102 11.7259
-13.7056 11.7259
-13.401 11.7259
-13.0964 11.7259
-12.7919 11.7259
-12.6396 11.7259
-12.335 11.5736
-12.0305 11.5736
-11.8782 11.5736
-11.5736 11.5736
-11.4213 11.5736
-11.1168 11.5736
-10.9645 11.5736
-10.6599 11.5736
-10.5076 11.5736
-10.3553 11.5736
-10.0508 11.5736
-9.89848 11.5736
-9.74619 11.5736
-9.59391 11.5736
-9.28934 11.5736
-9.13706 11.5736
-8.98477 11.5736
-8.83249 11.5736
-8.52792 11.5736
-8.37563 11.5736
-8.22335 11.7259
-8.07107 11.7259
-7.91878 11.7259
-7.61421 11.7259
-7.46193 11.7259
-7.30964 11.7259
-7.15736 11.7259
-7.00508 11.5736
-6.70051 11.5736
-6.54822 11.5736
-6.39594 11.5736
-6.24365 11.5736
-6.09137 11.5736
-5.93909 11.5736
-5.63452 11.5736
-5.48223 11.5736
-5.32995 11.4213
-5.17766 11.4213
-5.02538 11.4213
-4.8731 11.4213
-4.56853 11.4213
-4.41624 11.4213
-4.26396 11.269
-4.11168 11.269
-3.95939 11.269
-3.80711 11.269
-3.50254 11.269
-3.35025 11.1168
-3.19797 11.1168
-3.04569 11.1168
-2.8934 11.1168
-2.74112 11.1168
-2.43655 10.9645
-2.28426 10.9645
-2.13198 10.9645
-1.9797 10.9645
-1.67513 10.9645
-1.52284 10.8122
-1.37056 10.8122
-1.21827 10.8122
-0.913706 10.8122
-0.761421 10.6599
-0.609137 10.6599
-0.456853 10.6599
-0.152284 10.5076
0 10.5076
0.152284 10.5076
0.456853 10.3553
0.609137 10.3553
0.761421 10.203
1.06599 10.203
1.21827 10.0508
1.37056 10.0508
1.52284 9.89848
1.82741 9.89848
1.9797 9.74619
2.13198 9.59391
2.28426 9.59391
2.58883 9.44162
2.74112 9.28934
2.8934 9.13706
3.04569 8.98477
3.35025 8.98477
3.50254 8.83249
3.65482 8.6802
3.80711 8.52792
3.95939 8.37563
4.26396 8.22335
4.41624 8.07107
4.56853 7.91878
4.72081 7.7665
4.8731 7.61421
5.17766 7.46193
5.32995 7.30964
5.48223 7.15736
5.63452 7.00508
5.7868 6.85279
5.93909 6.54822
6.24365 6.39594
6.39594 6.24365
6.54822 6.09137
6.70051 5.93909
6.85279 5.63452
7.00508 5.48223
7.15736 5.32995
7.30964 5.02538
7.46193 4.8731
7.61421 4.56853
7.7665 4.41624
7.91878 4.11168
8.07107 3.95939
8.22335 3.65482
8.37563 3.35025
8.37563 3.19797
8.52792 2.8934
8.52792 2.74112
8.6802 2.43655
8.6802 2.13198
8.83249 1.82741
8.83249 1.67513
