8.83249 1.67513
8.83249 1.37056
8.83249 1.21827
8.98477 0.913706
8.98477 0.609137
8.83249 0.304569
8.83249 0
8.83249 -0.152284
8.83249 -0.456853
8.6802 -0.761421
8.6802 -0.913706
8.52792 -1.21827
8.37563 -1.52284
8.37563 -1.67513
8.22335 -1.9797
8.07107 -2.28426
7.91878 -2.43655
7.7665 -2.74112
7.61421 -2.8934
7.46193 -3.19797
7.30964 -3.35025
7.15736 -3.50254
7.00508 -3.80711
6.85279 -3.95939
6.70051 -4.26396
6.54822 -4.41624
6.39594 -4.56853
6.24365 -4.8731
6.09137 -5.02538
5.93909 -5.17766
5.7868 -5.32995
5.63452 -5.63452
5.48223 -5.7868
5.32995 -5.93909
5.17766 -6.09137
5.02538 -6.39594
4.8731 -6.54822
4.56853 -6.70051
4.41624 -6.85279
4.26396 -7.00508
4.11168 -7.15736
3.95939 -7.30964
3.80711 -7.46193
3.65482 -7.7665
3.35025 -7.91878
3.19797 -8.07107
3.04569 -8.22335
2.8934 -8.22335
2.58883 -8.37563
2.43655 -8.52792
2.28426 -8.6802
1.9797 -8.83249
1.82741 -8.98477
1.67513 -8.98477
1.37056 -9.13706
1.21827 -9.28934
0.913706 -9.44162
0.761421 -9.44162
0.609137 -9.59391
0.304569 -9.59391
0.152284 -9.74619
-0.152284 -9.74619
-0.304569 -9.89848
-0.609137 -9.89848
-0.761421 -10.0508
-1.06599 -10.0508
-1.21827 -10.0508
-1.52284 -10.203
-1.67513 -10.203
-1.82741 -10.203
-2.13198 -10.203
-2.28426 -10.3553
-2.58883 -10.3553
-2.74112 -10.3553
-3.04569 -10.3553
-3.19797 -10.3553
-3.50254 -10.3553
-3.65482 -10.3553
-3.95939 -10.3553
-4.11168 -10.3553
-4.41624 -10.3553
-4.56853 -10.3553
-4.72081 -10.203
-5.02538 -10.203
-5.17766 -10.203
-5.48223 -10.203
-5.63452 -10.203
-5.7868 -10.0508
-6.09137 -10.0508
-6.24365 -10.0508
-6.39594 -10.0508
-6.70051 -9.89848
-6.85279 -9.89848
-7.00508 -9.89848
-7.30964 -9.74619
-7.46193 -9.74619
-7.61421 -9.74619
-7.91878 -9.59391
-8.07107 -9.59391
-8.22335 -9.44162
-8.37563 -9.44162
-8.6802 -9.44162
-8.83249 -9.28934
-8.98477 -9.28934
-9.13706 -9.13706
-9.28934 -9.13706
-9.59391 -8.98477
-9.74619 -8.98477
-9.89848 -8.83249
-10.0508 -8.83249
-10.203 -8.6802
-10.5076 -8.6802
-10.6599 -8.52792
-10.8122 -8.52792
-10.9645 -8.37563
-11.1168 -8.37563
-11.269 -8.22335
-11.4213 -8.22335
-11.7259 -8.07107
-11.8782 -7.91878
-12.0305 -7.91878
-12.1827 -7.7665
-12.335 -7.61421
-12.4873 -7.61421
-12.6396 -7.46193
-12.7919 -7.30964
-12.9442 -7.30964
-13.0964 -7.15736
-13.2487 -7.00508
-13.401 -6.85279
-13.5533 -6.85279
-13.7056 -6.70051
-13.8579 -6.54822
-14.0102 -6.39594
-14.1624 -6.24365
-14.3147 -6.24365
-14.467 -6.09137
-14.6193 -5.93909
-14.7716 -5.7868
-14.9239 -5.63452
-15.0761 -5.48223
-15.2284 -5.32995
-15.3807 -5.32995
-15.533 -5.17766
-15.6853 -5.02538
-15.8376 -4.8731
-15.9898 -4.72081
-15.9898 -4.56853
-16.1421 -4.41624
-16.2944 -4.26396
-16.4467 -4.11168
-16.599 -3.95939
-16.7513 -3.80711
-16.9036 -3.65482
-17.0558 -3.50254
-17.2081 -3.35025
-17.3604 -3.19797
-17.5127 -3.04569
-17.665 -2.74112
-17.665 -2.58883
-17.8173 -2.43655
-17.9695 -2.28426
-18.1218 -2.13198
-18.2741 -1.9797
-18.4264 -1.67513
-18.5787 -1.52284
-18.731 -1.37056
-18.731 -1.21827
-18.8832 -0.913706
-19.0355 -0.761421
-19.1878 -0.609137
-19.3401 -0.304569
-19.4924 -0.152284
-19.6447 0
-19.6447 0.304569
-19.797 0.456853
-19.9492 0.761421
-20.1015 0.913706
-20.1015 1.21827
-20.2538 1.37056
-20.4061 1.67513
-20.4061 1.9797
-20.5584 2.13198
-20.7107 2.43655
-20.7107 2.74112
-20.8629 2.8934
-20.8629 3.19797
-20.8629 3.50254
-21.0152 3.65482
-21.0152 3.95939
-21.0152 4.26396
-21.1675 4.56853
-21.1675 4.8731
-21.1675 5.02538
-21.1675 5.32995
-21.1675 5.63452
-21.1675 5.93909
-21.1675 6.09137
-21.1675 6.39594
-21.0152 6.70051
-21.0152 7.00508
-21.0152 7.30964
-20.8629 7.46193
-20.8629 7.7665
-20.7107 8.07107
-20.7107 8.37563
-20.5584 8.52792
-20.4061 8.83249
-20.2538 8.98477
-20.2538 9.28934
-20.1015 9.59391
-19.9492 9.74619
-19.797 9.89848
-19.4924 10.203
-19.3401 10.3553
-19.1878 10.5076
-19.0355 10.8122
-18.731 10.9645
-18.5787 11.1168
-18.2741 11.269
-18.1218 11.4213
-17.8173 11.5736
-17.5127 11.7259
-17.3604 11.7259
-17.0558 11.8782
-16.7513 12.0305
-16.4467 12.0305
-16.2944 12.1827
-15.9898 12.1827
-15.6853 12.335
-15.3807 12.335
-15.2284 12.335
-14.9239 12.4873
-14.6193 12.4873
-14.3147 12.4873
-14.0102 12.4873
-13.8579 12.4873
-13.5533 12.4873
-13.2487 12.4873
-12.9442 12.4873
-12.7919 12.4873
-12.4873 12.4873
-12.1827 12.4873
-12.0305 12.4873
-11.7259 12.4873
-11.5736 12.4873
-11.269 12.4873
-11.1168 12.4873
-10.8122 12.4873
-10.6599 12.4873
-10.3553 12.335
-10.203 12.335
-9.89848 12.335
-9.74619 12.335
-9.44162 12.335
-9.28934 12.335
-9.13706 12.1827
-8.83249 12.1827
-8.6802 12.1827
-8.52792 12.1827
-8.37563 12.1827
-8.07107 12.1827
-7.91878 12.1827
-7.7665 12.0305
-7.61421 12.0305
-7.30964 12.0305
-7.15736 12.0305
-7.00508 12.0305
-6.85279 12.0305
-6.70051 12.0305
-6.39594 12.0305
-6.24365 12.0305
-6.09137 12.0305
-5.93909 11.8782
-5.7868 11.8782
-5.63452 11.8782
-5.32995 11.8782
-5.17766 11.8782
-5.02538 11.8782
-4.8731 11.8782
-4.72081 11.8782
-4.56853 11.8782
-4.26396 11.8782
-4.11168 11.8782
-3.95939 11.7259
-3.80711 11.7259
-3.65482 11.7259
-3.35025 11.7259
-3.19797 11.7259
-3.04569 11.5736
-2.8934 11.5736
-2.74112 11.5736
-2.43655 11.5736
-2.28426 11.4213
-2.13198 11.4213
-1.9797 11.4213
-1.82741 11.269
-1.52284 11.269
-1.37056 11.269
-1.21827 11.1168
-1.06599 11.1168
-0.913706 10.9645
-0.609137 10.9645
-0.456853 10.9645
-0.304569 10.8122
-0.152284 10.8122
0 10.6599
0.304569 10.6599
0.456853 10.5076
0.609137 10.5076
0.761421 10.3553
1.06599 10.203
1.21827 10.203
1.37056 10.0508
1.52284 10.0508
1.82741 9.89848
1.9797 9.89848
2.13198 9.74619
2.28426 9.59391
2.58883 9.44162
2.74112 9.44162
2.8934 9.28934
3.19797 9.13706
3.35025 9.13706
3.50254 8.98477
3.65482 8.83249
3.95939 8.6802
4.11168 8.52792
4.26396 8.37563
4.41624 8.22335
4.72081 8.07107
4.8731 7.91878
5.02538 7.7665
5.17766 7.61421
5.48223 7.46193
5.63452 7.30964
5.7868 7.15736
5.93909 7.00508
6.09137 6.85279
6.24365 6.54822
6.54822 6.39594
6.70051 6.24365
6.85279 5.93909
7.00508 5.7868
7.15736 5.63452
7.30964 5.32995
7.46193 5.17766
7.61421 4.8731
7.7665 4.72081
7.7665 4.41624
7.91878 4.26396
8.07107 3.95939
8.22335 3.80711
8.37563 3.50254
8.37563 3.19797
8.52792 3.04569
8.52792 2.74112
8.6802 2.43655
8.6802 2.28426
8.83249 1.9797
