8.98477 1.82741
8.98477 1.52284
8.98477 1.21827
8.83249 0.913706
8.83249 0.761421
8.83249 0.456853
8.83249 0.152284
8.6802 0
8.6802 -0.304569
8.52792 -0.609137
8.52792 -0.761421
8.37563 -1.06599
8.22335 -1.21827
8.22335 -1.52284
8.07107 -1.82741
7.91878 -1.9797
7.91878 -2.28426
7.7665 -2.43655
7.61421 -2.74112
7.46193 -2.8934
7.30964 -3.04569
7.15736 -3.35025
7.00508 -3.50254
7.00508 -3.80711
6.85279 -3.95939
6.70051 -4.11168
6.54822 -4.41624
6.39594 -4.56853
6.24365 -4.72081
6.09137 -5.02538
5.93909 -5.17766
5.7868 -5.32995
5.63452 -5.48223
5.48223 -5.7868
5.32995 -5.93909
5.17766 -6.09137
4.8731 -6.24365
4.72081 -6.39594
4.56853 -6.54822
4.41624 -6.70051
4.26396 -6.85279
4.11168 -7.15736
3.95939 -7.30964
3.80711 -7.46193
3.50254 -7.61421
3.35025 -7.7665
3.19797 -7.7665
3.04569 -7.91878
2.74112 -8.07107
2.58883 -8.22335
2.43655 -8.37563
2.28426 -8.52792
1.9797 -8.6802
1.82741 -8.6802
1.67513 -8.83249
1.37056 -8.98477
1.21827 -8.98477
1.06599 -9.13706
0.761421 -9.28934
0.609137 -9.28934
0.304569 -9.44162
0.152284 -9.44162
0 -9.59391
-0.304569 -9.59391
-0.456853 -9.74619
-0.761421 -9.74619
-0.913706 -9.74619
-1.21827 -9.89848
-1.37056 -9.89848
-1.52284 -9.89848
-1.82741 -10.0508
-1.9797 -10.0508
-2.28426 -10.0508
-2.43655 -10.0508
-2.74112 -10.0508
-2.8934 -10.0508
-3.19797 -10.0508
-3.35025 -10.0508
-3.50254 -10.0508
-3.80711 -10.0508
-3.95939 -10.0508
-4.26396 -10.0508
-4.41624 -10.0508
-4.72081 -10.0508
-4.8731 -10.0508
-5.02538 -9.89848
-5.32995 -9.89848
-5.48223 -9.89848
-5.63452 -9.89848
-5.93909 -9.74619
-6.09137 -9.74619
-6.24365 -9.74619
-6.54822 -9.74619
-6.70051 -9.59391
-6.85279 -9.59391
-7.15736 -9.59391
-7.30964 -9.44162
-7.46193 -9.44162
-7.61421 -9.28934
-7.91878 -9.28934
-8.07107 -9.28934
-8.22335 -9.13706
-8.37563 -9.13706
-8.52792 -9.13706
-8.83249 -8.98477
-8.98477 -8.98477
-9.13706 -8.83249
-9.28934 -8.83249
-9.59391 -8.6802
-9.74619 -8.6802
-9.89848 -8.6802
-10.0508 -8.52792
-10.203 -8.52792
-10.3553 -8.37563
-10.6599 -8.37563
-10.8122 -8.22335
-10.9645 -8.07107
-11.1168 -8.07107
-11.269 -7.91878
-11.4213 -7.91878
-11.5736 -7.7665
-11.7259 -7.7665
-12.0305 -7.61421
-12.1827 -7.46193
-12.335 -7.46193
-12.4873 -7.30964
-12.6396 -7.15736
-12.7919 -7.15736
-12.9442 -7.00508
-13.0964 -6.85279
-13.2487 -6.85279
-13.401 -6.70051
-13.5533 -6.54822
-13.7056 -6.39594
-13.8579 -6.24365
-14.0102 -6.24365
-14.1624 -6.09137
-14.3147 -5.93909
-14.467 -5.7868
-14.6193 -5.63452
-14.7716 -5.63452
-14.9239 -5.48223
-15.0761 -5.32995
-15.2284 -5.17766
-15.3807 -5.02538
-15.533 -4.8731
-15.6853 -4.72081
-15.8376 -4.56853
-15.9898 -4.41624
-16.1421 -4.26396
-16.2944 -4.11168
-16.4467 -3.95939
-16.599 -3.80711
-16.7513 -3.65482
-16.9036 -3.50254
-17.0558 -3.35025
-17.2081 -3.19797
-17.3604 -3.04569
-17.5127 -2.74112
-17.665 -2.58883
-17.665 -2.43655
-17.8173 -2.28426
-17.9695 -2.13198
-18.1218 -1.9797
-18.2741 -1.67513
-18.4264 -1.52284
-18.5787 -1.37056
-18.731 -1.06599
-18.8832 -0.913706
-19.0355 -0.761421
-19.0355 -0.456853
-19.1878 -0.304569
-19.3401 -0.152284
-19.4924 0.152284
-19.6447 0.304569
-19.797 0.609137
-19.797 0.761421
-19.9492 1.06599
-20.1015 1.21827
-20.2538 1.52284
-20.2538 1.82741
-20.4061 1.9797
-20.5584 2.28426
-20.5584 2.58883
-20.7107 2.74112
-20.7107 3.04569
-20.8629 3.35025
-20.8629 3.65482
-21.0152 3.80711
-21.0152 4.11168
-21.0152 4.41624
-21.0152 4.72081
-21.0152 5.02538
-21.1675 5.17766
-21.1675 5.48223
-21.1675 5.7868
-21.0152 6.09137
-21.0152 6.39594
-21.0152 6.54822
-21.0152 6.85279
-20.8629 7.15736
-20.8629 7.46193
-20.7107 7.7665
-20.7107 7.91878
-20.5584 8.22335
-20.4061 8.52792
-20.2538 8.6802
-20.1015 8.98477
-19.9492 9.13706
-19.797 9.44162
-19.6447 9.59391
-19.4924 9.89848
-19.3401 10.0508
-19.1878 10.203
-18.8832 10.3553
-18.731 10.6599
-18.4264 10.8122
-18.2741 10.9645
-17.9695 10.9645
-17.665 11.1168
-17.3604 11.269
-17.2081 11.4213
-16.9036 11.4213
-16.599 11.5736
-16.2944 11.5736
-15.9898 11.7259
-15.6853 11.7259
-15.3807 11.7259
-15.2284 11.8782
-14.9239 11.8782
-14.6193 11.8782
-14.3147 11.8782
-14.0102 11.8782
-13.7056 11.8782
-13.5533 11.8782
-13.2487 11.8782
-12.9442 11.8782
-12.6396 11.8782
-12.4873 11.8782
-12.1827 11.8782
-12.0305 11.8782
-11.7259 11.8782
-11.5736 11.8782
-11.269 11.8782
-11.1168 11.8782
-10.8122 12.0305
-10.6599 12.0305
-10.5076 12.0305
-10.203 12.0305
-10.0508 12.0305
-9.89848 12.0305
-9.59391 12.0305
-9.44162 12.0305
-9.28934 12.1827
-9.13706 12.1827
-8.83249 12.1827
-8.6802 12.1827
-8.52792 12.1827
-8.37563 12.1827
-8.07107 12.1827
-7.91878 12.335
-7.7665 12.335
-7.61421 12.335
-7.46193 12.335
-7.15736 12.335
-7.00508 12.335
-6.85279 12.335
-6.70051 12.335
-6.39594 12.335
-6.24365 12.335
-6.09137 12.335
-5.93909 12.335
-5.7868 12.335
-5.48223 12.335
-5.32995 12.1827
-5.17766 12.1827
-5.02538 12.1827
-4.8731 12.1827
-4.56853 12.1827
-4.41624 12.1827
-4.26396 12.0305
-4.11168 12.0305
-3.95939 12.0305
-3.80711 12.0305
-3.50254 12.0305
-3.35025 11.8782
-3.19797 11.8782
-3.04569 11.8782
-2.8934 11.8782
-2.58883 11.7259
-2.43655 11.7259
-2.28426 11.7259
-2.13198 11.7259
-1.9797 11.5736
-1.67513 11.5736
-1.52284 11.5736
-1.37056 11.4213
-1.21827 11.4213
-0.913706 11.4213
-0.761421 11.4213
-0.609137 11.269
-0.456853 11.269
-0.152284 11.1168
0 11.1168
0.152284 11.1168
0.304569 10.9645
0.609137 10.9645
0.761421 10.8122
0.913706 10.8122
1.06599 10.6599
1.37056 10.6599
1.52284 10.5076
1.67513 10.3553
1.82741 10.3553
2.13198 10.203
2.28426 10.203
2.43655 10.0508
2.58883 9.89848
2.74112 9.74619
3.04569 9.74619
3.19797 9.59391
3.35025 9.44162
3.50254 9.28934
3.65482 9.13706
3.95939 8.98477
4.11168 8.83249
4.26396 8.6802
4.41624 8.6802
4.56853 8.52792
4.72081 8.37563
5.02538 8.22335
5.17766 8.07107
5.32995 7.7665
5.48223 7.61421
5.63452 7.46193
5.7868 7.30964
5.93909 7.15736
6.24365 7.00508
6.39594 6.85279
6.54822 6.54822
6.70051 6.39594
6.85279 6.24365
7.00508 6.09137
7.15736 5.7868
7.30964 5.63452
7.46193 5.48223
7.61421 5.17766
7.7665 5.02538
7.91878 4.72081
8.07107 4.56853
8.22335 4.26396
8.22335 4.11168
8.37563 3.80711
8.52792 3.50254
8.52792 3.35025
8.6802 3.04569
8.6802 2.74112
8.83249 2.58883
8.83249 2.28426
8.83249 1.9797
