8.83249 1.67513
8.83249 1.37056
8.83249 1.06599
8.83249 0.913706
8.6802 0.609137
8.6802 0.304569
8.6802 0.152284
8.52792 -0.152284
8.52792 -0.456853
8.37563 -0.609137
8.37563 -0.913706
8.22335 -1.06599
8.22335 -1.37056
8.07107 -1.67513
7.91878 -1.82741
7.91878 -2.13198
7.7665 -2.28426
7.61421 -2.58883
7.46193 -2.74112
7.46193 -3.04569
7.30964 -3.19797
7.15736 -3.35025
7.00508 -3.65482
6.85279 -3.80711
6.70051 -3.95939
6.54822 -4.26396
6.39594 -4.41624
6.39594 -4.56853
6.24365 -4.8731
6.09137 -5.02538
5.93909 -5.17766
5.7868 -5.32995
5.63452 -5.63452
5.48223 -5.7868
5.32995 -5.93909
5.02538 -6.09137
4.8731 -6.24365
4.72081 -6.54822
4.56853 -6.70051
4.41624 -6.85279
4.26396 -7.00508
4.11168 -7.15736
3.95939 -7.30964
3.80711 -7.46193
3.50254 -7.61421
3.35025 -7.7665
3.19797 -7.91878
3.04569 -8.07107
2.74112 -8.07107
2.58883 -8.22335
2.43655 -8.37563
2.28426 -8.52792
1.9797 -8.6802
1.82741 -8.6802
1.67513 -8.83249
1.37056 -8.98477
1.21827 -9.13706
1.06599 -9.13706
0.761421 -9.28934
0.609137 -9.28934
0.456853 -9.44162
0.152284 -9.44162
0 -9.59391
-0.304569 -9.59391
-0.456853 -9.74619
-0.609137 -9.74619
-0.913706 -9.89848
-1.06599 -9.89848
-1.37056 -9.89848
-1.52284 -10.0508
-1.67513 -10.0508
-1.9797 -10.0508
-2.13198 -10.0508
-2.43655 -10.0508
-2.58883 -10.203
-2.8934 -10.203
-3.04569 -10.203
-3.19797 -10.203
-3.50254 -10.203
-3.65482 -10.203
-3.95939 -10.203
-4.11168 -10.203
-4.26396 -10.203
-4.56853 -10.203
-4.72081 -10.0508
-5.02538 -10.0508
-5.17766 -10.0508
-5.32995 -10.0508
-5.63452 -10.0508
-5.7868 -9.89848
-5.93909 -9.89848
-6.24365 -9.89848
-6.39594 -9.89848
-6.54822 -9.74619
-6.85279 -9.74619
-7.00508 -9.74619
-7.15736 -9.59391
-7.30964 -9.59391
-7.61421 -9.59391
-7.7665 -9.44162
-7.91878 -9.44162
-8.07107 -9.44162
-8.37563 -9.28934
-8.52792 -9.28934
-8.6802 -9.13706
-8.83249 -9.13706
-8.98477 -9.13706
-9.28934 -8.98477
-9.44162 -8.98477
-9.59391 -8.83249
-9.74619 -8.83249
-9.89848 -8.6802
-10.203 -8.6802
-10.3553 -8.52792
-10.5076 -8.52792
-10.6599 -8.37563
-10.8122 -8.37563
-10.9645 -8.22335
-11.1168 -8.22335
-11.4213 -8.07107
-11.5736 -7.91878
-11.7259 -7.91878
-11.8782 -7.7665
-12.0305 -7.61421
-12.1827 -7.61421
-12.335 -7.46193
-12.4873 -7.30964
-12.6396 -7.30964
-12.7919 -7.15736
-13.0964 -7.00508
-13.2487 -7.00508
-13.401 -6.85279
-13.5533 -6.70051
-13.7056 -6.54822
-13.8579 -6.54822
-14.0102 -6.39594
-14.1624 -6.24365
-14.3147 -6.09137
-14.467 -5.93909
-14.6193 -5.7868
-14.7716 -5.7868
-14.9239 -5.63452
-15.0761 -5.48223
-15.2284 -5.32995
-15.3807 -5.17766
-15.533 -5.02538
-15.6853 -4.8731
-15.8376 -4.72081
-15.9898 -4.56853
-16.1421 -4.41624
-16.2944 -4.26396
-16.4467 -4.11168
-16.599 -3.95939
-16.7513 -3.80711
-16.9036 -3.65482
-17.0558 -3.50254
-17.2081 -3.35025
-17.2081 -3.19797
-17.3604 -3.04569
-17.5127 -2.74112
-17.665 -2.58883
-17.8173 -2.43655
-17.9695 -2.28426
-18.1218 -2.13198
-18.2741 -1.82741
-18.4264 -1.67513
-18.5787 -1.52284
-18.731 -1.37056
-18.8832 -1.06599
-19.0355 -0.913706
-19.0355 -0.609137
-19.1878 -0.456853
-19.3401 -0.304569
-19.4924 0
-19.6447 0.152284
-19.797 0.456853
-19.9492 0.609137
-19.9492 0.913706
-20.1015 1.06599
-20.2538 1.37056
-20.4061 1.67513
-20.4061 1.82741
-20.5584 2.13198
-20.5584 2.43655
-20.7107 2.58883
-20.7107 2.8934
-20.8629 3.19797
-20.8629 3.50254
-21.0152 3.80711
-21.0152 3.95939
-21.0152 4.26396
-21.0152 4.56853
-21.0152 4.8731
-21.0152 5.17766
-21.0152 5.32995
-21.0152 5.63452
-21.0152 5.93909
-20.8629 6.24365
-20.8629 6.39594
-20.8629 6.70051
-20.7107 7.00508
-20.7107 7.30964
-20.5584 7.46193
-20.4061 7.7665
-20.2538 8.07107
-20.2538 8.22335
-20.1015 8.52792
-19.9492 8.6802
-19.797 8.98477
-19.4924 9.13706
-19.3401 9.44162
-19.1878 9.59391
-19.0355 9.74619
-18.731 9.89848
-18.5787 10.0508
-18.4264 10.3553
-18.1218 10.5076
-17.8173 10.6599
-17.665 10.6599
-17.3604 10.8122
-17.0558 10.9645
-16.9036 11.1168
-16.599 11.1168
-16.2944 11.269
-15.9898 11.4213
-15.8376 11.4213
-15.533 11.4213
-15.2284 11.5736
-14.9239 11.5736
-14.6193 11.5736
-14.467 11.7259
-14.1624 11.7259
-13.8579 11.7259
-13.5533 11.7259
-13.401 11.7259
-13.0964 11.7259
-12.7919 11.7259
-12.6396 11.7259
-12.335 11.7259
-12.0305 11.8782
-11.8782 11.8782
-11.5736 11.8782
-11.4213 11.8782
-11.269 11.8782
-10.9645 11.8782
-10.8122 11.8782
-10.5076 11.8782
-10.3553 11.8782
-10.203 11.8782
-9.89848 12.0305
-9.74619 12.0305
-9.59391 12.0305
-9.28934 12.0305
-9.13706 12.0305
-8.98477 12.0305
-8.83249 12.0305
-8.52792 12.1827
-8.37563 12.1827
-8.22335 12.1827
-8.07107 12.1827
-7.91878 12.1827
-7.61421 12.1827
-7.46193 12.1827
-7.30964 12.1827
-7.15736 12.1827
-6.85279 12.1827
-6.70051 12.1827
-6.54822 12.1827
-6.39594 12.1827
-6.24365 12.1827
-5.93909 12.1827
-5.7868 12.1827
-5.63452 12.1827
-5.48223 12.1827
-5.17766 12.1827
-5.02538 12.1827
-4.8731 12.1827
-4.72081 12.1827
-4.56853 12.1827
-4.26396 12.1827
-4.11168 12.0305
-3.95939 12.0305
-3.80711 12.0305
-3.65482 12.0305
-3.35025 12.0305
-3.19797 11.8782
-3.04569 11.8782
-2.8934 11.8782
-2.74112 11.8782
-2.43655 11.8782
-2.28426 11.7259
-2.13198 11.7259
-1.9797 11.7259
-1.67513 11.7259
-1.52284 11.5736
-1.37056 11.5736
-1.21827 11.5736
-0.913706 11.4213
-0.761421 11.4213
-0.609137 11.4213
-0.456853 11.269
-0.152284 11.269
0 11.1168
0.152284 11.1168
0.304569 11.1168
0.609137 10.9645
0.761421 10.9645
0.913706 10.8122
1.06599 10.8122
1.37056 10.6599
1.52284 10.5076
1.67513 10.5076
1.82741 10.3553
2.13198 10.203
2.28426 10.203
2.43655 10.0508
2.58883 9.89848
2.74112 9.89848
3.04569 9.74619
3.19797 9.59391
3.35025 9.44162
3.50254 9.28934
3.65482 9.13706
3.80711 9.13706
4.11168 8.98477
4.26396 8.83249
4.41624 8.6802
4.56853 8.52792
4.72081 8.37563
4.8731 8.22335
5.17766 8.07107
5.32995 7.91878
5.48223 7.7665
5.63452 7.61421
5.7868 7.30964
5.93909 7.15736
6.09137 7.00508
6.24365 6.85279
6.54822 6.70051
6.70051 6.54822
6.85279 6.24365
7.00508 6.09137
7.15736 5.93909
7.30964 5.63452
7.46193 5.48223
7.61421 5.32995
7.7665 5.02538
7.91878 4.8731
8.07107 4.56853
8.22335 4.41624
8.22335 4.11168
8.37563 3.95939
8.52792 3.65482
8.52792 3.35025
8.6802 3.19797
8.6802 2.8934
8.6802 2.74112
8.83249 2.43655
8.83249 2.13198
8.83249 1.82741
