8.6802 1.52284
8.6802 1.37056
8.6802 1.06599
8.6802 0.761421
8.6802 0.609137
8.6802 0.304569
8.6802 0
8.6802 -0.152284
8.52792 -0.456853
8.52792 -0.761421
8.37563 -0.913706
8.37563 -1.21827
8.22335 -1.37056
8.22335 -1.67513
8.07107 -1.82741
7.91878 -2.13198
7.91878 -2.43655
7.7665 -2.58883
7.61421 -2.74112
7.46193 -3.04569
7.30964 -3.19797
7.30964 -3.50254
7.15736 -3.65482
7.00508 -3.80711
6.85279 -4.11168
6.70051 -4.26396
6.54822 -4.41624
6.39594 -4.72081
6.24365 -4.8731
6.09137 -5.02538
5.93909 -5.17766
5.7868 -5.48223
5.63452 -5.63452
5.48223 -5.7868
5.32995 -5.93909
5.17766 -6.09137
5.02538 -6.24365
4.8731 -6.39594
4.72081 -6.70051
4.56853 -6.85279
4.26396 -7.00508
4.11168 -7.15736
3.95939 -7.30964
3.80711 -7.46193
3.65482 -7.61421
3.50254 -7.7665
3.19797 -7.91878
3.04569 -7.91878
2.8934 -8.07107
2.74112 -8.22335
2.43655 -8.37563
2.28426 -8.52792
2.13198 -8.6802
1.9797 -8.6802
1.67513 -8.83249
1.52284 -8.98477
1.37056 -8.98477
1.06599 -9.13706
0.913706 -9.28934
0.761421 -9.28934
0.456853 -9.44162
0.304569 -9.44162
0.152284 -9.59391
-0.152284 -9.59391
-0.304569 -9.74619
-0.609137 -9.74619
-0.761421 -9.89848
-0.913706 -9.89848
-1.21827 -9.89848
-1.37056 -10.0508
-1.67513 -10.0508
-1.82741 -10.0508
-1.9797 -10.0508
-2.28426 -10.203
-2.43655 -10.203
-2.74112 -10.203
-2.8934 -10.203
-3.04569 -10.203
-3.35025 -10.203
-3.50254 -10.203
-3.80711 -10.203
-3.95939 -10.203
-4.11168 -10.203
-4.41624 -10.203
-4.56853 -10.203
-4.8731 -10.203
-5.02538 -10.203
-5.17766 -10.0508
-5.48223 -10.0508
-5.63452 -10.0508
-5.7868 -10.0508
-6.09137 -10.0508
-6.24365 -9.89848
-6.39594 -9.89848
-6.70051 -9.89848
-6.85279 -9.74619
-7.00508 -9.74619
-7.15736 -9.74619
-7.46193 -9.59391
-7.61421 -9.59391
-7.7665 -9.59391
-7.91878 -9.44162
-8.22335 -9.44162
-8.37563 -9.44162
-8.52792 -9.28934
-8.6802 -9.28934
-8.83249 -9.13706
-9.13706 -9.13706
-9.28934 -8.98477
-9.44162 -8.98477
-9.59391 -8.83249
-9.74619 -8.83249
-10.0508 -8.6802
-10.203 -8.6802
-10.3553 -8.52792
-10.5076 -8.52792
-10.6599 -8.37563
-10.8122 -8.37563
-10.9645 -8.22335
-11.269 -8.07107
-11.4213 -8.07107
-11.5736 -7.91878
-11.7259 -7.91878
-11.8782 -7.7665
-12.0305 -7.61421
-12.1827 -7.61421
-12.335 -7.46193
-12.6396 -7.30964
-12.7919 -7.30964
-12.9442 -7.15736
-13.0964 -7.00508
-13.2487 -7.00508
-13.401 -6.85279
-13.5533 -6.70051
-13.7056 -6.70051
-13.8579 -6.54822
-14.0102 -6.39594
-14.1624 -6.24365
-14.467 -6.09137
-14.6193 -5.93909
-14.7716 -5.93909
-14.9239 -5.7868
-15.0761 -5.63452
-15.2284 -5.48223
-15.3807 -5.32995
-15.533 -5.17766
-15.6853 -5.02538
-15.8376 -4.8731
-15.9898 -4.72081
-16.1421 -4.56853
-16.2944 -4.41624
-16.4467 -4.26396
-16.4467 -4.11168
-16.599 -3.95939
-16.7513 -3.80711
-16.9036 -3.65482
-17.0558 -3.50254
-17.2081 -3.19797
-17.3604 -3.04569
-17.5127 -2.8934
-17.665 -2.74112
-17.8173 -2.58883
-17.9695 -2.28426
-18.1218 -2.13198
-18.1218 -1.9797
-18.2741 -1.82741
-18.4264 -1.52284
-18.5787 -1.37056
-18.731 -1.21827
-18.8832 -0.913706
-19.0355 -0.761421
-19.1878 -0.609137
-19.3401 -0.304569
-19.4924 -0.152284
-19.6447 0.152284
-19.797 0.304569
-19.797 0.609137
-19.9492 0.761421
-20.1015 1.06599
-20.2538 1.37056
-20.2538 1.52284
-20.4061 1.82741
-20.5584 2.13198
-20.5584 2.28426
-20.7107 2.58883
-20.7107 2.8934
-20.8629 3.19797
-20.8629 3.35025
-20.8629 3.65482
-20.8629 3.95939
-21.0152 4.26396
-21.0152 4.56853
-21.0152 4.72081
-20.8629 5.02538
-20.8629 5.32995
-20.8629 5.63452
-20.7107 5.7868
-20.7107 6.09137
-20.5584 6.39594
-20.5584 6.70051
-20.4061 6.85279
-20.2538 7.15736
-20.2538 7.30964
-20.1015 7.61421
-19.9492 7.7665
-19.797 8.07107
-19.6447 8.22335
-19.3401 8.52792
-19.1878 8.6802
-19.0355 8.83249
-18.8832 9.13706
-18.5787 9.28934
-18.4264 9.44162
-18.2741 9.59391
-17.9695 9.74619
-17.8173 9.89848
-17.5127 10.0508
-17.3604 10.203
-17.0558 10.3553
-16.7513 10.5076
-16.599 10.5076
-16.2944 10.6599
-15.9898 10.8122
-15.8376 10.8122
-15.533 10.9645
-15.2284 10.9645
-15.0761 11.1168
-14.7716 11.1168
-14.467 11.269
-14.3147 11.269
-14.0102 11.269
-13.8579 11.4213
-13.5533 11.4213
-13.2487 11.4213
-13.0964 11.5736
-12.7919 11.5736
-12.6396 11.5736
-12.335 11.5736
-12.1827 11.5736
-11.8782 11.7259
-11.7259 11.7259
-11.4213 11.7259
-11.269 11.7259
-10.9645 11.7259
-10.8122 11.7259
-10.6599 11.8782
-10.3553 11.8782
-10.203 11.8782
-10.0508 11.8782
-9.74619 11.8782
-9.59391 11.8782
-9.44162 12.0305
-9.28934 12.0305
-8.98477 12.0305
-8.83249 12.0305
-8.6802 12.0305
-8.52792 12.1827
-8.22335 12.1827
-8.07107 12.1827
-7.91878 12.1827
-7.7665 12.1827
-7.46193 12.1827
-7.30964 12.1827
-7.15736 12.1827
-7.00508 12.1827
-6.70051 12.1827
-6.54822 12.335
-6.39594 12.335
-6.24365 12.335
-6.09137 12.335
-5.7868 12.335
-5.63452 12.1827
-5.48223 12.1827
-5.32995 12.1827
-5.02538 12.1827
-4.8731 12.1827
-4.72081 12.1827
-4.56853 12.1827
-4.41624 12.1827
-4.11168 12.1827
-3.95939 12.1827
-3.80711 12.0305
-3.65482 12.0305
-3.35025 12.0305
-3.19797 12.0305
-3.04569 12.0305
-2.8934 11.8782
-2.74112 11.8782
-2.43655 11.8782
-2.28426 11.8782
-2.13198 11.7259
-1.9797 11.7259
-1.67513 11.7259
-1.52284 11.7259
-1.37056 11.5736
-1.21827 11.5736
-0.913706 11.5736
-0.761421 11.4213
-0.609137 11.4213
-0.456853 11.269
-0.152284 11.269
0 11.269
0.152284 11.1168
0.304569 11.1168
0.609137 10.9645
0.761421 10.9645
0.913706 10.8122
1.06599 10.8122
1.21827 10.6599
1.52284 10.6599
1.67513 10.5076
1.82741 10.3553
1.9797 10.3553
2.28426 10.203
2.43655 10.0508
2.58883 10.0508
2.74112 9.89848
2.8934 9.74619
3.19797 9.59391
3.35025 9.59391
3.50254 9.44162
3.65482 9.28934
3.80711 9.13706
3.95939 8.98477
4.26396 8.83249
4.41624 8.6802
4.56853 8.52792
4.72081 8.37563
4.8731 8.22335
5.02538 8.07107
5.17766 7.91878
5.48223 7.7665
5.63452 7.61421
5.7868 7.46193
5.93909 7.30964
6.09137 7.15736
6.24365 7.00508
6.39594 6.85279
6.54822 6.54822
6.85279 6.39594
7.00508 6.24365
7.15736 6.09137
7.30964 5.7868
7.46193 5.63452
7.61421 5.48223
7.7665 5.17766
7.91878 5.02538
8.07107 4.72081
8.07107 4.56853
8.22335 4.26396
8.37563 4.11168
8.37563 3.80711
8.52792 3.65482
8.52792 3.35025
8.6802 3.04569
8.6802 2.8934
8.6802 2.58883
8.6802 2.28426
8.6802 2.13198
8.6802 1.82741
