8.83249 1.52284
8.83249 1.21827
8.83249 0.913706
8.6802 0.761421
8.6802 0.456853
8.6802 0.152284
8.6802 0
8.52792 -0.304569
8.52792 -0.456853
8.37563 -0.761421
8.37563 -1.06599
8.22335 -1.21827
8.22335 -1.52284
8.07107 -1.67513
7.91878 -1.9797
7.7665 -2.13198
7.7665 -2.43655
7.61421 -2.58883
7.46193 -2.8934
7.30964 -3.04569
7.15736 -3.19797
7.15736 -3.50254
7.00508 -3.65482
6.85279 -3.80711
6.70051 -4.11168
6.54822 -4.26396
6.39594 -4.41624
6.24365 -4.72081
6.09137 -4.8731
5.93909 -5.02538
5.7868 -5.17766
5.63452 -5.48223
5.48223 -5.63452
5.32995 -5.7868
5.17766 -5.93909
5.02538 -6.09137
4.8731 -6.24365
4.72081 -6.39594
4.56853 -6.54822
4.41624 -6.85279
4.26396 -7.00508
4.11168 -7.15736
3.80711 -7.30964
3.65482 -7.46193
3.50254 -7.61421
3.35025 -7.7665
3.19797 -7.7665
3.04569 -7.91878
2.74112 -8.07107
2.58883 -8.22335
2.43655 -8.37563
2.28426 -8.52792
2.13198 -8.52792
1.82741 -8.6802
1.67513 -8.83249
1.52284 -8.98477
1.21827 -8.98477
1.06599 -9.13706
0.913706 -9.28934
0.609137 -9.28934
0.456853 -9.44162
0.304569 -9.44162
0 -9.59391
-0.152284 -9.59391
-0.304569 -9.74619
-0.609137 -9.74619
-0.761421 -9.89848
-0.913706 -9.89848
-1.21827 -9.89848
-1.37056 -10.0508
-1.67513 -10.0508
-1.82741 -10.0508
-1.9797 -10.0508
-2.28426 -10.203
-2.43655 -10.203
-2.74112 -10.203
-2.8934 -10.203
-3.04569 -10.203
-3.35025 -10.203
-3.50254 -10.203
-3.80711 -10.203
-3.95939 -10.203
-4.11168 -10.203
-4.41624 -10.203
-4.56853 -10.203
-4.8731 -10.203
-5.02538 -10.203
-5.17766 -10.203
-5.48223 -10.0508
-5.63452 -10.0508
-5.7868 -10.0508
-6.09137 -10.0508
-6.24365 -9.89848
-6.39594 -9.89848
-6.54822 -9.89848
-6.85279 -9.89848
-7.00508 -9.74619
-7.15736 -9.74619
-7.30964 -9.74619
-7.61421 -9.59391
-7.7665 -9.59391
-7.91878 -9.59391
-8.07107 -9.44162
-8.37563 -9.44162
-8.52792 -9.28934
-8.6802 -9.28934
-8.83249 -9.13706
-9.13706 -9.13706
-9.28934 -9.13706
-9.44162 -8.98477
-9.59391 -8.98477
-9.74619 -8.83249
-9.89848 -8.83249
-10.203 -8.6802
-10.3553 -8.6802
-10.5076 -8.52792
-10.6599 -8.52792
-10.8122 -8.37563
-10.9645 -8.22335
-11.1168 -8.22335
-11.4213 -8.07107
-11.5736 -8.07107
-11.7259 -7.91878
-11.8782 -7.7665
-12.0305 -7.7665
-12.1827 -7.61421
-12.335 -7.46193
-12.4873 -7.46193
-12.6396 -7.30964
-12.7919 -7.15736
-12.9442 -7.15736
-13.2487 -7.00508
-13.401 -6.85279
-13.5533 -6.70051
-13.7056 -6.70051
-13.8579 -6.54822
-14.0102 -6.39594
-14.1624 -6.24365
-14.3147 -6.09137
-14.467 -6.09137
-14.6193 -5.93909
-14.7716 -5.7868
-14.9239 -5.63452
-15.0761 -5.48223
-15.2284 -5.32995
-15.3807 -5.17766
-15.533 -5.02538
-15.6853 -4.8731
-15.8376 -4.72081
-15.9898 -4.56853
-16.1421 -4.41624
-16.2944 -4.26396
-16.4467 -4.11168
-16.599 -3.95939
-16.7513 -3.80711
-16.9036 -3.65482
-17.0558 -3.50254
-17.2081 -3.35025
-17.3604 -3.19797
-17.5127 -3.04569
-17.665 -2.74112
-17.8173 -2.58883
-17.9695 -2.43655
-18.1218 -2.28426
-18.1218 -2.13198
-18.2741 -1.82741
-18.4264 -1.67513
-18.5787 -1.52284
-18.731 -1.21827
-18.8832 -1.06599
-19.0355 -0.913706
-19.1878 -0.609137
-19.3401 -0.456853
-19.4924 -0.152284
-19.6447 0
-19.797 0.304569
-19.797 0.456853
-19.9492 0.761421
-20.1015 0.913706
-20.2538 1.21827
-20.2538 1.52284
-20.4061 1.67513
-20.5584 1.9797
-20.5584 2.28426
-20.7107 2.58883
-20.7107 2.74112
-20.7107 3.04569
-20.8629 3.35025
-20.8629 3.65482
-20.8629 3.80711
-20.8629 4.11168
-20.8629 4.41624
-20.8629 4.72081
-20.8629 5.02538
-20.8629 5.17766
-20.7107 5.48223
-20.7107 5.7868
-20.7107 5.93909
-20.5584 6.24365
-20.4061 6.54822
-20.4061 6.70051
-20.2538 7.00508
-20.1015 7.30964
-19.9492 7.46193
-19.797 7.7665
-19.6447 7.91878
-19.4924 8.22335
-19.3401 8.37563
-19.1878 8.52792
-19.0355 8.83249
-18.731 8.98477
-18.5787 9.13706
-18.4264 9.28934
-18.1218 9.44162
-17.9695 9.59391
-17.665 9.74619
-17.5127 9.89848
-17.2081 10.0508
-17.0558 10.203
-16.7513 10.3553
-16.4467 10.5076
-16.2944 10.5076
-15.9898 10.6599
-15.8376 10.8122
-15.533 10.8122
-15.2284 10.9645
-15.0761 10.9645
-14.7716 11.1168
-14.467 11.1168
-14.3147 11.1168
-14.0102 11.269
-13.7056 11.269
-13.5533 11.269
-13.2487 11.4213
-13.0964 11.4213
-12.7919 11.4213
-12.4873 11.4213
-12.335 11.4213
-12.0305 11.5736
-11.8782 11.5736
-11.7259 11.5736
-11.4213 11.5736
-11.269 11.5736
-10.9645 11.7259
-10.8122 11.7259
-10.6599 11.7259
-10.3553 11.7259
-10.203 11.7259
-10.0508 11.8782
-9.74619 11.8782
-9.59391 11.8782
-9.44162 11.8782
-9.28934 11.8782
-8.98477 12.0305
-8.83249 12.0305
-8.6802 12.0305
-8.52792 12.0305
-8.22335 12.0305
-8.07107 12.1827
-7.91878 12.1827
-7.7665 12.1827
-7.46193 12.1827
-7.30964 12.1827
-7.15736 12.1827
-7.00508 12.1827
-6.70051 12.335
-6.54822 12.335
-6.39594 12.335
-6.24365 12.335
-5.93909 12.335
-5.7868 12.335
-5.63452 12.335
-5.48223 12.335
-5.17766 12.335
-5.02538 12.335
-4.8731 12.335
-4.72081 12.1827
-4.56853 12.1827
-4.26396 12.1827
-4.11168 12.1827
-3.95939 12.1827
-3.80711 12.1827
-3.50254 12.1827
-3.35025 12.0305
-3.19797 12.0305
-3.04569 12.0305
-2.74112 12.0305
-2.58883 12.0305
-2.43655 11.8782
-2.28426 11.8782
-1.9797 11.8782
-1.82741 11.8782
-1.67513 11.7259
-1.52284 11.7259
-1.21827 11.7259
-1.06599 11.5736
-0.913706 11.5736
-0.761421 11.5736
-0.456853 11.4213
-0.304569 11.4213
-0.152284 11.269
0 11.269
0.304569 11.1168
0.456853 11.1168
0.609137 10.9645
0.761421 10.9645
1.06599 10.8122
1.21827 10.8122
1.37056 10.6599
1.52284 10.6599
1.82741 10.5076
1.9797 10.3553
2.13198 10.3553
2.28426 10.203
2.43655 10.0508
2.74112 10.0508
2.8934 9.89848
3.04569 9.74619
3.19797 9.59391
3.35025 9.44162
3.50254 9.28934
3.80711 9.28934
3.95939 9.13706
4.11168 8.98477
4.26396 8.83249
4.41624 8.6802
4.56853 8.52792
4.72081 8.37563
5.02538 8.22335
5.17766 8.07107
5.32995 7.91878
5.48223 7.7665
5.63452 7.61421
5.7868 7.46193
5.93909 7.15736
6.09137 7.00508
6.24365 6.85279
6.54822 6.70051
6.70051 6.54822
6.85279 6.39594
7.00508 6.09137
7.15736 5.93909
7.30964 5.7868
7.46193 5.48223
7.61421 5.32995
7.7665 5.17766
7.91878 4.8731
7.91878 4.72081
8.07107 4.41624
8.22335 4.26396
8.37563 3.95939
8.37563 3.80711
8.52792 3.50254
8.52792 3.19797
8.6802 3.04569
8.6802 2.74112
8.6802 2.43655
8.83249 2.28426
8.83249 1.9797
8.83249 1.67513
