8.6802 1.52284
8.6802 1.21827
8.6802 1.06599
8.83249 0.761421
8.83249 0.456853
8.83249 0.152284
8.6802 0
8.6802 -0.304569
8.6802 -0.456853
8.52792 -0.761421
8.52792 -1.06599
8.37563 -1.21827
8.37563 -1.52284
8.22335 -1.67513
8.07107 -1.9797
7.91878 -2.13198
7.91878 -2.43655
7.7665 -2.58883
7.61421 -2.8934
7.46193 -3.04569
7.30964 -3.19797
7.15736 -3.50254
7.00508 -3.65482
6.85279 -3.80711
6.70051 -4.11168
6.54822 -4.26396
6.39594 -4.41624
6.24365 -4.72081
6.09137 -4.8731
5.93909 -5.02538
5.7868 -5.17766
5.63452 -5.32995
5.48223 -5.63452
5.32995 -5.7868
5.17766 -5.93909
5.02538 -6.09137
4.8731 -6.24365
4.72081 -6.39594
4.56853 -6.70051
4.41624 -6.85279
4.26396 -7.00508
4.11168 -7.15736
3.95939 -7.30964
3.80711 -7.46193
3.65482 -7.61421
3.50254 -7.7665
3.19797 -7.91878
3.04569 -8.07107
2.8934 -8.22335
2.74112 -8.22335
2.58883 -8.37563
2.28426 -8.52792
2.13198 -8.6802
1.9797 -8.83249
1.67513 -8.83249
1.52284 -8.98477
1.37056 -9.13706
1.06599 -9.13706
0.913706 -9.28934
0.761421 -9.28934
0.456853 -9.44162
0.304569 -9.44162
0.152284 -9.59391
-0.152284 -9.59391
-0.304569 -9.74619
-0.609137 -9.74619
-0.761421 -9.74619
-0.913706 -9.89848
-1.21827 -9.89848
-1.37056 -9.89848
-1.67513 -10.0508
-1.82741 -10.0508
-1.9797 -10.0508
-2.28426 -10.0508
-2.43655 -10.0508
-2.74112 -10.0508
-2.8934 -10.203
-3.04569 -10.203
-3.35025 -10.203
-3.50254 -10.203
-3.80711 -10.203
-3.95939 -10.203
-4.11168 -10.203
-4.41624 -10.203
-4.56853 -10.203
-4.72081 -10.203
-5.02538 -10.203
-5.17766 -10.0508
-5.32995 -10.0508
-5.63452 -10.0508
-5.7868 -10.0508
-5.93909 -10.0508
-6.24365 -10.0508
-6.39594 -9.89848
-6.54822 -9.89848
-6.85279 -9.89848
-7.00508 -9.89848
-7.15736 -9.74619
-7.30964 -9.74619
-7.61421 -9.74619
-7.7665 -9.59391
-7.91878 -9.59391
-8.22335 -9.59391
-8.37563 -9.44162
-8.52792 -9.44162
-8.6802 -9.44162
-8.83249 -9.28934
-9.13706 -9.28934
-9.28934 -9.13706
-9.44162 -9.13706
-9.59391 -8.98477
-9.74619 -8.98477
-10.0508 -8.83249
-10.203 -8.83249
-10.3553 -8.6802
-10.5076 -8.6802
-10.6599 -8.52792
-10.8122 -8.52792
-11.1168 -8.37563
-11.269 -8.37563
-11.4213 -8.22335
-11.5736 -8.07107
-11.7259 -8.07107
-11.8782 -7.91878
-12.0305 -7.7665
-12.1827 -7.7665
-12.4873 -7.61421
-12.6396 -7.46193
-12.7919 -7.46193
-12.9442 -7.30964
-13.0964 -7.15736
-13.2487 -7.00508
-13.401 -7.00508
-13.5533 -6.85279
-13.7056 -6.70051
-13.8579 -6.54822
-14.0102 -6.39594
-14.1624 -6.24365
-14.3147 -6.24365
-14.467 -6.09137
-14.6193 -5.93909
-14.7716 -5.7868
-14.9239 -5.63452
-15.0761 -5.48223
-15.2284 -5.32995
-15.3807 -5.17766
-15.533 -5.02538
-15.6853 -4.8731
-15.8376 -4.72081
-15.9898 -4.56853
-16.1421 -4.41624
-16.2944 -4.26396
-16.4467 -4.11168
-16.4467 -3.95939
-16.599 -3.80711
-16.7513 -3.65482
-16.9036 -3.50254
-17.0558 -3.35025
-17.2081 -3.04569
-17.3604 -2.8934
-17.5127 -2.74112
-17.665 -2.58883
-17.8173 -2.43655
-17.8173 -2.13198
-17.9695 -1.9797
-18.1218 -1.82741
-18.2741 -1.67513
-18.4264 -1.37056
-18.5787 -1.21827
-18.731 -1.06599
-18.8832 -0.761421
-19.0355 -0.609137
-19.0355 -0.304569
-19.1878 -0.152284
-19.3401 0.152284
-19.4924 0.304569
-19.6447 0.609137
-19.6447 0.761421
-19.797 1.06599
-19.9492 1.21827
-19.9492 1.52284
-20.1015 1.67513
-20.2538 1.9797
-20.2538 2.28426
-20.4061 2.58883
-20.4061 2.74112
-20.4061 3.04569
-20.5584 3.35025
-20.5584 3.50254
-20.5584 3.80711
-20.5584 4.11168
-20.5584 4.41624
-20.5584 4.56853
-20.5584 4.8731
-20.4061 5.17766
-20.4061 5.48223
-20.4061 5.63452
-20.2538 5.93909
-20.2538 6.24365
-20.1015 6.39594
-20.1015 6.70051
-19.9492 6.85279
-19.797 7.15736
-19.6447 7.46193
-19.4924 7.61421
-19.3401 7.7665
-19.1878 8.07107
-19.0355 8.22335
-18.8832 8.52792
-18.731 8.6802
-18.5787 8.83249
-18.2741 8.98477
-18.1218 9.13706
-17.9695 9.44162
-17.665 9.59391
-17.5127 9.74619
-17.2081 9.89848
-17.0558 9.89848
-16.7513 10.0508
-16.599 10.203
-16.2944 10.3553
-16.1421 10.5076
-15.8376 10.5076
-15.533 10.6599
-15.3807 10.6599
-15.0761 10.8122
-14.7716 10.8122
-14.6193 10.9645
-14.3147 10.9645
-14.1624 11.1168
-13.8579 11.1168
-13.5533 11.1168
-13.401 11.1168
-13.0964 11.269
-12.9442 11.269
-12.6396 11.269
-12.4873 11.269
-12.1827 11.4213
-12.0305 11.4213
-11.7259 11.4213
-11.5736 11.4213
-11.4213 11.5736
-11.1168 11.5736
-10.9645 11.5736
-10.8122 11.5736
-10.5076 11.7259
-10.3553 11.7259
-10.203 11.7259
-9.89848 11.8782
-9.74619 11.8782
-9.59391 11.8782
-9.44162 12.0305
-9.28934 12.0305
-8.98477 12.0305
-8.83249 12.0305
-8.6802 12.1827
-8.52792 12.1827
-8.22335 12.1827
-8.07107 12.335
-7.91878 12.335
-7.7665 12.335
-7.46193 12.335
-7.30964 12.335
-7.15736 12.4873
-7.00508 12.4873
-6.70051 12.4873
-6.54822 12.4873
-6.39594 12.4873
-6.24365 12.4873
-5.93909 12.4873
-5.7868 12.4873
-5.63452 12.4873
-5.48223 12.4873
-5.17766 12.4873
-5.02538 12.4873
-4.8731 12.4873
-4.72081 12.4873
-4.41624 12.4873
-4.26396 12.4873
-4.11168 12.335
-3.95939 12.335
-3.65482 12.335
-3.50254 12.335
-3.35025 12.335
-3.19797 12.1827
-2.8934 12.1827
-2.74112 12.1827
-2.58883 12.1827
-2.43655 12.0305
-2.13198 12.0305
-1.9797 12.0305
-1.82741 11.8782
-1.67513 11.8782
-1.37056 11.8782
-1.21827 11.7259
-1.06599 11.7259
-0.913706 11.5736
-0.609137 11.5736
-0.456853 11.5736
-0.304569 11.4213
-0.152284 11.4213
0.152284 11.269
0.304569 11.269
0.456853 11.1168
0.609137 11.1168
0.761421 10.9645
1.06599 10.9645
1.21827 10.8122
1.37056 10.6599
1.52284 10.6599
1.82741 10.5076
1.9797 10.3553
2.13198 10.3553
2.28426 10.203
2.43655 10.0508
2.74112 10.0508
2.8934 9.89848
3.04569 9.74619
3.19797 9.59391
3.35025 9.44162
3.65482 9.44162
3.80711 9.28934
3.95939 9.13706
4.11168 8.98477
4.26396 8.83249
4.56853 8.6802
4.72081 8.52792
4.8731 8.37563
5.02538 8.22335
5.17766 8.07107
5.32995 7.91878
5.48223 7.7665
5.7868 7.61421
5.93909 7.46193
6.09137 7.30964
6.24365 7.15736
6.39594 7.00508
6.54822 6.70051
6.70051 6.54822
6.85279 6.39594
7.15736 6.24365
7.30964 5.93909
7.46193 5.7868
7.61421 5.63452
7.7665 5.32995
7.7665 5.17766
7.91878 4.8731
8.07107 4.72081
8.22335 4.41624
8.37563 4.26396
8.37563 3.95939
8.52792 3.80711
8.52792 3.50254
8.6802 3.19797
8.6802 3.04569
8.6802 2.74112
8.6802 2.58883
8.6802 2.28426
8.6802 1.9797
8.6802 1.82741
