8.83249 1.52284
8.83249 1.21827
8.83249 1.06599
8.83249 0.761421
8.83249 0.456853
8.6802 0.304569
8.6802 0
8.6802 -0.304569
8.52792 -0.456853
8.52792 -0.761421
8.37563 -1.06599
8.37563 -1.21827
8.22335 -1.52284
8.07107 -1.67513
8.07107 -1.9797
7.91878 -2.13198
7.7665 -2.43655
7.61421 -2.58883
7.46193 -2.74112
7.46193 -3.04569
7.30964 -3.19797
7.15736 -3.50254
7.00508 -3.65482
6.85279 -3.80711
6.70051 -3.95939
6.54822 -4.26396
6.39594 -4.41624
6.24365 -4.56853
6.09137 -4.8731
5.93909 -5.02538
5.7868 -5.17766
5.63452 -5.32995
5.63452 -5.48223
5.48223 -5.7868
5.32995 -5.93909
5.17766 -6.09137
5.02538 -6.24365
4.8731 -6.39594
4.56853 -6.54822
4.41624 -6.70051
4.26396 -6.85279
4.11168 -7.15736
3.95939 -7.30964
3.80711 -7.46193
3.65482 -7.61421
3.50254 -7.7665
3.35025 -7.7665
3.19797 -7.91878
2.8934 -8.07107
2.74112 -8.22335
2.58883 -8.37563
2.43655 -8.52792
2.13198 -8.6802
1.9797 -8.6802
1.82741 -8.83249
1.67513 -8.98477
1.37056 -8.98477
1.21827 -9.13706
1.06599 -9.28934
0.761421 -9.28934
0.609137 -9.44162
0.304569 -9.44162
0.152284 -9.59391
0 -9.59391
-0.304569 -9.74619
-0.456853 -9.74619
-0.609137 -9.89848
-0.913706 -9.89848
-1.06599 -9.89848
-1.37056 -10.0508
-1.52284 -10.0508
-1.67513 -10.0508
-1.9797 -10.0508
-2.13198 -10.0508
-2.43655 -10.203
-2.58883 -10.203
-2.74112 -10.203
-3.04569 -10.203
-3.19797 -10.203
-3.50254 -10.203
-3.65482 -10.203
-3.80711 -10.203
-4.11168 -10.203
-4.26396 -10.203
-4.41624 -10.203
-4.72081 -10.203
-4.8731 -10.203
-5.17766 -10.203
-5.32995 -10.0508
-5.48223 -10.0508
-5.7868 -10.0508
-5.93909 -10.0508
-6.09137 -10.0508
-6.24365 -9.89848
-6.54822 -9.89848
-6.70051 -9.89848
-6.85279 -9.89848
-7.15736 -9.74619
-7.30964 -9.74619
-7.46193 -9.74619
-7.61421 -9.59391
-7.91878 -9.59391
-8.07107 -9.59391
-8.22335 -9.44162
-8.37563 -9.44162
-8.6802 -9.28934
-8.83249 -9.28934
-8.98477 -9.13706
-9.13706 -9.13706
-9.28934 -8.98477
-9.59391 -8.98477
-9.74619 -8.98477
-9.89848 -8.83249
-10.0508 -8.6802
-10.203 -8.6802
-10.3553 -8.52792
-10.6599 -8.52792
-10.8122 -8.37563
-10.9645 -8.37563
-11.1168 -8.22335
-11.269 -8.22335
-11.4213 -8.07107
-11.5736 -7.91878
-11.8782 -7.91878
-12.0305 -7.7665
-12.1827 -7.61421
-12.335 -7.61421
-12.4873 -7.46193
-12.6396 -7.30964
-12.7919 -7.30964
-12.9442 -7.15736
-13.0964 -7.00508
-13.2487 -6.85279
-13.401 -6.85279
-13.5533 -6.70051
-13.8579 -6.54822
-14.0102 -6.39594
-14.1624 -6.39594
-14.3147 -6.24365
-14.467 -6.09137
-14.6193 -5.93909
-14.7716 -5.7868
-14.9239 -5.63452
-15.0761 -5.48223
-15.2284 -5.32995
-15.3807 -5.17766
-15.533 -5.02538
-15.6853 -5.02538
-15.8376 -4.8731
-15.9898 -4.72081
-16.1421 -4.41624
-16.2944 -4.26396
-16.4467 -4.11168
-16.599 -3.95939
-16.599 -3.80711
-16.7513 -3.65482
-16.9036 -3.50254
-17.0558 -3.35025
-17.2081 -3.19797
-17.3604 -3.04569
-17.5127 -2.74112
-17.665 -2.58883
-17.8173 -2.43655
-17.9695 -2.28426
-18.1218 -1.9797
-18.1218 -1.82741
-18.2741 -1.67513
-18.4264 -1.37056
-18.5787 -1.21827
-18.731 -1.06599
-18.8832 -0.761421
-19.0355 -0.609137
-19.0355 -0.456853
-19.1878 -0.152284
-19.3401 0
-19.4924 0.304569
-19.6447 0.456853
-19.6447 0.761421
-19.797 1.06599
-19.9492 1.21827
-19.9492 1.52284
-20.1015 1.82741
-20.1015 1.9797
-20.2538 2.28426
-20.2538 2.58883
-20.2538 2.74112
-20.4061 3.04569
-20.4061 3.35025
-20.4061 3.50254
-20.4061 3.80711
-20.4061 4.11168
-20.4061 4.41624
-20.4061 4.56853
-20.2538 4.8731
-20.2538 5.17766
-20.2538 5.32995
-20.1015 5.63452
-20.1015 5.93909
-19.9492 6.09137
-19.797 6.39594
-19.6447 6.54822
-19.6447 6.85279
-19.4924 7.00508
-19.3401 7.30964
-19.1878 7.46193
-19.0355 7.61421
-18.731 7.91878
-18.5787 8.07107
-18.4264 8.22335
-18.2741 8.52792
-18.1218 8.6802
-17.8173 8.83249
-17.665 8.98477
-17.5127 9.13706
-17.2081 9.28934
-17.0558 9.44162
-16.7513 9.59391
-16.599 9.74619
-16.2944 9.74619
-16.1421 9.89848
-15.8376 10.0508
-15.6853 10.203
-15.3807 10.203
-15.2284 10.3553
-14.9239 10.5076
-14.7716 10.5076
-14.467 10.6599
-14.3147 10.6599
-14.0102 10.8122
-13.8579 10.8122
-13.5533 10.8122
-13.401 10.9645
-13.0964 10.9645
-12.9442 11.1168
-12.6396 11.1168
-12.4873 11.1168
-12.335 11.269
-12.0305 11.269
-11.8782 11.269
-11.7259 11.4213
-11.4213 11.4213
-11.269 11.4213
-11.1168 11.5736
-10.8122 11.5736
-10.6599 11.5736
-10.5076 11.7259
-10.203 11.7259
-10.0508 11.7259
-9.89848 11.8782
-9.74619 11.8782
-9.59391 11.8782
-9.28934 12.0305
-9.13706 12.0305
-8.98477 12.0305
-8.83249 12.1827
-8.52792 12.1827
-8.37563 12.1827
-8.22335 12.335
-8.07107 12.335
-7.7665 12.335
-7.61421 12.335
-7.46193 12.4873
-7.30964 12.4873
-7.00508 12.4873
-6.85279 12.4873
-6.70051 12.4873
-6.54822 12.4873
-6.24365 12.6396
-6.09137 12.6396
-5.93909 12.6396
-5.7868 12.6396
-5.48223 12.6396
-5.32995 12.6396
-5.17766 12.6396
-4.8731 12.6396
-4.72081 12.4873
-4.56853 12.4873
-4.41624 12.4873
-4.11168 12.4873
-3.95939 12.4873
-3.80711 12.4873
-3.65482 12.4873
-3.35025 12.335
-3.19797 12.335
-3.04569 12.335
-2.8934 12.335
-2.58883 12.1827
-2.43655 12.1827
-2.28426 12.1827
-2.13198 12.0305
-1.82741 12.0305
-1.67513 12.0305
-1.52284 11.8782
-1.37056 11.8782
-1.06599 11.7259
-0.913706 11.7259
-0.761421 11.7259
-0.609137 11.5736
-0.456853 11.5736
-0.152284 11.4213
0 11.4213
0.152284 11.269
0.304569 11.269
0.609137 11.1168
0.761421 11.1168
0.913706 10.9645
1.06599 10.8122
1.21827 10.8122
1.52284 10.6599
1.67513 10.6599
1.82741 10.5076
1.9797 10.3553
2.13198 10.3553
2.43655 10.203
2.58883 10.0508
2.74112 9.89848
2.8934 9.89848
3.04569 9.74619
3.35025 9.59391
3.50254 9.44162
3.65482 9.28934
3.80711 9.28934
3.95939 9.13706
4.11168 8.98477
4.41624 8.83249
4.56853 8.6802
4.72081 8.52792
4.8731 8.37563
5.02538 8.22335
5.17766 8.07107
5.32995 7.91878
5.63452 7.7665
5.7868 7.61421
5.93909 7.46193
6.09137 7.30964
6.24365 7.00508
6.39594 6.85279
6.54822 6.70051
6.70051 6.54822
6.85279 6.39594
7.00508 6.09137
7.15736 5.93909
7.30964 5.7868
7.46193 5.48223
7.61421 5.32995
7.7665 5.17766
7.91878 4.8731
8.07107 4.72081
8.07107 4.41624
8.22335 4.26396
8.37563 3.95939
8.37563 3.80711
8.52792 3.50254
8.52792 3.19797
8.6802 3.04569
8.6802 2.74112
8.6802 2.43655
8.83249 2.28426
8.83249 1.9797
8.83249 1.82741
