8.6802 1.67513
8.6802 1.37056
8.6802 1.06599
8.6802 0.913706
8.6802 0.609137
8.6802 0.304569
8.6802 0.152284
8.6802 -0.152284
8.52792 -0.304569
8.52792 -0.609137
8.37563 -0.913706
8.37563 -1.06599
8.22335 -1.37056
8.22335 -1.52284
8.07107 -1.82741
7.91878 -1.9797
7.91878 -2.28426
7.7665 -2.43655
7.61421 -2.58883
7.46193 -2.8934
7.30964 -3.04569
7.30964 -3.35025
7.15736 -3.50254
7.00508 -3.65482
6.85279 -3.80711
6.70051 -4.11168
6.54822 -4.26396
6.39594 -4.41624
6.24365 -4.72081
6.09137 -4.8731
5.93909 -5.02538
5.7868 -5.17766
5.63452 -5.32995
5.48223 -5.63452
5.32995 -5.7868
5.17766 -5.93909
5.02538 -6.09137
4.8731 -6.24365
4.72081 -6.39594
4.56853 -6.54822
4.41624 -6.70051
4.26396 -6.85279
4.11168 -7.00508
3.95939 -7.15736
3.80711 -7.30964
3.65482 -7.46193
3.50254 -7.61421
3.19797 -7.7665
3.04569 -7.91878
2.8934 -8.07107
2.74112 -8.22335
2.58883 -8.22335
2.28426 -8.37563
2.13198 -8.52792
1.9797 -8.6802
1.67513 -8.6802
1.52284 -8.83249
1.37056 -8.98477
1.21827 -8.98477
0.913706 -9.13706
0.761421 -9.13706
0.609137 -9.28934
0.304569 -9.28934
0.152284 -9.44162
0 -9.44162
-0.304569 -9.59391
-0.456853 -9.59391
-0.761421 -9.74619
-0.913706 -9.74619
-1.06599 -9.74619
-1.37056 -9.89848
-1.52284 -9.89848
-1.67513 -9.89848
-1.9797 -10.0508
-2.13198 -10.0508
-2.43655 -10.0508
-2.58883 -10.0508
-2.74112 -10.0508
-3.04569 -10.0508
-3.19797 -10.203
-3.35025 -10.203
-3.65482 -10.203
-3.80711 -10.203
-4.11168 -10.203
-4.26396 -10.203
-4.41624 -10.203
-4.72081 -10.203
-4.8731 -10.203
-5.02538 -10.203
-5.32995 -10.0508
-5.48223 -10.0508
-5.63452 -10.0508
-5.93909 -10.0508
-6.09137 -10.0508
-6.24365 -10.0508
-6.54822 -9.89848
-6.70051 -9.89848
-6.85279 -9.89848
-7.15736 -9.74619
-7.30964 -9.74619
-7.46193 -9.74619
-7.7665 -9.59391
-7.91878 -9.59391
-8.07107 -9.59391
-8.22335 -9.44162
-8.52792 -9.44162
-8.6802 -9.44162
-8.83249 -9.28934
-8.98477 -9.28934
-9.13706 -9.13706
-9.44162 -9.13706
-9.59391 -8.98477
-9.74619 -8.98477
-9.89848 -8.83249
-10.0508 -8.83249
-10.3553 -8.6802
-10.5076 -8.52792
-10.6599 -8.52792
-10.8122 -8.37563
-10.9645 -8.37563
-11.1168 -8.22335
-11.4213 -8.22335
-11.5736 -8.07107
-11.7259 -7.91878
-11.8782 -7.91878
-12.0305 -7.7665
-12.1827 -7.61421
-12.4873 -7.61421
-12.6396 -7.46193
-12.7919 -7.30964
-12.9442 -7.30964
-13.0964 -7.15736
-13.2487 -7.00508
-13.401 -6.85279
-13.5533 -6.85279
-13.7056 -6.70051
-14.0102 -6.54822
-14.1624 -6.39594
-14.3147 -6.24365
-14.467 -6.09137
-14.6193 -5.93909
-14.7716 -5.93909
-14.9239 -5.7868
-15.0761 -5.63452
-15.2284 -5.48223
-15.3807 -5.32995
-15.533 -5.17766
-15.6853 -5.02538
-15.6853 -4.72081
-15.8376 -4.56853
-15.9898 -4.41624
-16.1421 -4.26396
-16.2944 -4.11168
-16.4467 -3.95939
-16.599 -3.80711
-16.599 -3.65482
-16.7513 -3.35025
-16.9036 -3.19797
-17.0558 -3.04569
-17.2081 -2.8934
-17.3604 -2.74112
-17.3604 -2.43655
-17.5127 -2.28426
-17.665 -2.13198
-17.8173 -1.9797
-17.9695 -1.67513
-17.9695 -1.52284
-18.1218 -1.37056
-18.2741 -1.06599
-18.4264 -0.913706
-18.5787 -0.609137
-18.5787 -0.456853
-18.731 -0.304569
-18.8832 0
-19.0355 0.152284
-19.1878 0.456853
-19.1878 0.609137
-19.3401 0.913706
-19.4924 1.06599
-19.6447 1.37056
-19.6447 1.67513
-19.797 1.82741
-19.797 2.13198
-19.9492 2.43655
-19.9492 2.58883
-19.9492 2.8934
-20.1015 3.19797
-20.1015 3.35025
-20.1015 3.65482
-20.1015 3.95939
-20.1015 4.26396
-20.1015 4.41624
-20.1015 4.72081
-20.1015 5.02538
-19.9492 5.17766
-19.9492 5.48223
-19.797 5.7868
-19.797 5.93909
-19.6447 6.24365
-19.4924 6.39594
-19.3401 6.70051
-19.1878 6.85279
-19.0355 7.15736
-18.8832 7.30964
-18.731 7.46193
-18.5787 7.7665
-18.4264 7.91878
-18.2741 8.07107
-18.1218 8.22335
-17.8173 8.52792
-17.665 8.6802
-17.5127 8.83249
-17.2081 8.98477
-17.0558 9.13706
-16.7513 9.28934
-16.599 9.44162
-16.4467 9.59391
-16.1421 9.59391
-15.9898 9.74619
-15.6853 9.89848
-15.533 10.0508
-15.2284 10.0508
-15.0761 10.203
-14.7716 10.3553
-14.6193 10.3553
-14.3147 10.5076
-14.1624 10.5076
-14.0102 10.6599
-13.7056 10.8122
-13.5533 10.8122
-13.2487 10.9645
-13.0964 10.9645
-12.7919 10.9645
-12.6396 11.1168
-12.4873 11.1168
-12.1827 11.269
-12.0305 11.269
-11.8782 11.4213
-11.5736 11.4213
-11.4213 11.4213
-11.269 11.5736
-10.9645 11.5736
-10.8122 11.7259
-10.6599 11.7259
-10.5076 11.7259
-10.203 11.8782
-10.0508 11.8782
-9.89848 12.0305
-9.74619 12.0305
-9.59391 12.0305
-9.28934 12.1827
-9.13706 12.1827
-8.98477 12.335
-8.83249 12.335
-8.52792 12.335
-8.37563 12.4873
-8.22335 12.4873
-8.07107 12.4873
-7.7665 12.6396
-7.61421 12.6396
-7.46193 12.6396
-7.30964 12.6396
-7.00508 12.7919
-6.85279 12.7919
-6.70051 12.7919
-6.54822 12.7919
-6.24365 12.7919
-6.09137 12.7919
-5.93909 12.7919
-5.63452 12.7919
-5.48223 12.7919
-5.32995 12.7919
-5.17766 12.7919
-4.8731 12.6396
-4.72081 12.6396
-4.56853 12.6396
-4.41624 12.6396
-4.11168 12.6396
-3.95939 12.4873
-3.80711 12.4873
-3.65482 12.4873
-3.35025 12.4873
-3.19797 12.335
-3.04569 12.335
-2.8934 12.335
-2.58883 12.1827
-2.43655 12.1827
-2.28426 12.1827
-2.13198 12.0305
-1.9797 12.0305
-1.67513 12.0305
-1.52284 11.8782
-1.37056 11.8782
-1.21827 11.8782
-0.913706 11.7259
-0.761421 11.7259
-0.609137 11.7259
-0.456853 11.5736
-0.152284 11.5736
0 11.4213
0.152284 11.4213
0.304569 11.4213
0.609137 11.269
0.761421 11.269
0.913706 11.1168
1.06599 11.1168
1.37056 10.9645
1.52284 10.8122
1.67513 10.8122
1.82741 10.6599
1.9797 10.6599
2.28426 10.5076
2.43655 10.3553
2.58883 10.3553
2.74112 10.203
2.8934 10.0508
3.19797 9.89848
3.35025 9.89848
3.50254 9.74619
3.65482 9.59391
3.80711 9.44162
3.95939 9.28934
4.11168 9.13706
4.26396 8.98477
4.56853 8.83249
4.72081 8.6802
4.8731 8.52792
5.02538 8.37563
5.17766 8.22335
5.32995 8.07107
5.48223 7.91878
5.63452 7.7665
5.7868 7.61421
5.93909 7.46193
6.09137 7.30964
6.24365 7.15736
6.39594 7.00508
6.54822 6.70051
6.70051 6.54822
6.85279 6.39594
7.15736 6.24365
7.30964 5.93909
7.46193 5.7868
7.46193 5.63452
7.61421 5.32995
7.7665 5.17766
7.91878 5.02538
8.07107 4.72081
8.22335 4.56853
8.22335 4.26396
8.37563 4.11168
8.52792 3.80711
8.52792 3.65482
8.52792 3.35025
8.6802 3.04569
8.6802 2.8934
8.6802 2.58883
8.6802 2.43655
8.6802 2.13198
8.6802 1.82741
