8.6802 1.52284
8.6802 1.21827
8.6802 1.06599
8.6802 0.761421
8.6802 0.456853
8.6802 0.304569
8.6802 0
8.6802 -0.304569
8.52792 -0.456853
8.52792 -0.761421
8.37563 -0.913706
8.37563 -1.21827
8.22335 -1.37056
8.22335 -1.67513
8.07107 -1.82741
7.91878 -2.13198
7.7665 -2.28426
7.7665 -2.58883
7.61421 -2.74112
7.46193 -2.8934
7.30964 -3.19797
7.15736 -3.35025
7.00508 -3.50254
6.85279 -3.80711
6.70051 -3.95939
6.54822 -4.11168
6.39594 -4.41624
6.39594 -4.56853
6.24365 -4.72081
6.09137 -4.8731
5.93909 -5.02538
5.7868 -5.32995
5.63452 -5.48223
5.48223 -5.63452
5.32995 -5.7868
5.17766 -5.93909
5.02538 -6.09137
4.8731 -6.39594
4.72081 -6.54822
4.56853 -6.70051
4.41624 -6.85279
4.26396 -7.00508
4.11168 -7.15736
3.95939 -7.30964
3.65482 -7.46193
3.50254 -7.61421
3.35025 -7.7665
3.19797 -7.91878
3.04569 -8.07107
2.8934 -8.07107
2.58883 -8.22335
2.43655 -8.37563
2.28426 -8.52792
2.13198 -8.52792
1.82741 -8.6802
1.67513 -8.83249
1.52284 -8.98477
1.21827 -8.98477
1.06599 -9.13706
0.913706 -9.13706
0.609137 -9.28934
0.456853 -9.28934
0.304569 -9.44162
0 -9.44162
-0.152284 -9.59391
-0.304569 -9.59391
-0.609137 -9.74619
-0.761421 -9.74619
-0.913706 -9.74619
-1.21827 -9.89848
-1.37056 -9.89848
-1.67513 -9.89848
-1.82741 -9.89848
-1.9797 -10.0508
-2.28426 -10.0508
-2.43655 -10.0508
-2.58883 -10.0508
-2.8934 -10.0508
-3.04569 -10.203
-3.35025 -10.203
-3.50254 -10.203
-3.65482 -10.203
-3.95939 -10.203
-4.11168 -10.203
-4.26396 -10.203
-4.56853 -10.203
-4.72081 -10.203
-4.8731 -10.203
-5.17766 -10.0508
-5.32995 -10.0508
-5.48223 -10.0508
-5.7868 -10.0508
-5.93909 -10.0508
-6.09137 -10.0508
-6.39594 -9.89848
-6.54822 -9.89848
-6.70051 -9.89848
-7.00508 -9.89848
-7.15736 -9.74619
-7.30964 -9.74619
-7.46193 -9.74619
-7.7665 -9.59391
-7.91878 -9.59391
-8.07107 -9.59391
-8.22335 -9.44162
-8.52792 -9.44162
-8.6802 -9.28934
-8.83249 -9.28934
-8.98477 -9.28934
-9.28934 -9.13706
-9.44162 -9.13706
-9.59391 -8.98477
-9.74619 -8.98477
-9.89848 -8.83249
-10.0508 -8.83249
-10.3553 -8.6802
-10.5076 -8.52792
-10.6599 -8.52792
-10.8122 -8.37563
-10.9645 -8.37563
-11.1168 -8.22335
-11.4213 -8.22335
-11.5736 -8.07107
-11.7259 -7.91878
-11.8782 -7.91878
-12.0305 -7.7665
-12.1827 -7.61421
-12.335 -7.61421
-12.4873 -7.46193
-12.7919 -7.30964
-12.9442 -7.30964
-13.0964 -7.15736
-13.2487 -7.00508
-13.401 -6.85279
-13.5533 -6.85279
-13.7056 -6.70051
-13.8579 -6.54822
-14.0102 -6.39594
-14.1624 -6.24365
-14.3147 -6.09137
-14.467 -6.09137
-14.6193 -5.93909
-14.7716 -5.7868
-14.9239 -5.63452
-15.0761 -5.48223
-15.2284 -5.32995
-15.3807 -5.17766
-15.533 -5.02538
-15.6853 -4.8731
-15.8376 -4.72081
-15.9898 -4.56853
-16.1421 -4.41624
-16.2944 -4.11168
-16.4467 -3.95939
-16.4467 -3.80711
-16.599 -3.65482
-16.7513 -3.50254
-16.9036 -3.35025
-17.0558 -3.19797
-17.2081 -2.8934
-17.2081 -2.74112
-17.3604 -2.58883
-17.5127 -2.43655
-17.665 -2.13198
-17.8173 -1.9797
-17.9695 -1.82741
-17.9695 -1.67513
-18.1218 -1.37056
-18.2741 -1.21827
-18.4264 -1.06599
-18.5787 -0.761421
-18.731 -0.609137
-18.731 -0.304569
-18.8832 -0.152284
-19.0355 0.152284
-19.1878 0.304569
-19.1878 0.609137
-19.3401 0.761421
-19.4924 1.06599
-19.4924 1.21827
-19.6447 1.52284
-19.797 1.82741
-19.797 1.9797
-19.9492 2.28426
-19.9492 2.58883
-19.9492 2.74112
-20.1015 3.04569
-20.1015 3.35025
-20.1015 3.50254
-20.1015 3.80711
-20.1015 4.11168
-20.1015 4.26396
-20.1015 4.56853
-19.9492 4.8731
-19.9492 5.02538
-19.797 5.32995
-19.797 5.63452
-19.6447 5.7868
-19.6447 6.09137
-19.4924 6.24365
-19.3401 6.54822
-19.1878 6.70051
-19.0355 7.00508
-18.8832 7.15736
-18.731 7.46193
-18.5787 7.61421
-18.4264 7.7665
-18.2741 8.07107
-18.1218 8.22335
-17.9695 8.37563
-17.665 8.52792
-17.5127 8.6802
-17.3604 8.83249
-17.0558 8.98477
-16.9036 9.13706
-16.7513 9.28934
-16.4467 9.44162
-16.2944 9.59391
-15.9898 9.74619
-15.8376 9.89848
-15.533 9.89848
-15.3807 10.0508
-15.2284 10.203
-14.9239 10.203
-14.7716 10.3553
-14.467 10.5076
-14.3147 10.5076
-14.0102 10.6599
-13.8579 10.6599
-13.7056 10.8122
-13.401 10.8122
-13.2487 10.9645
-12.9442 10.9645
-12.7919 11.1168
-12.6396 11.1168
-12.335 11.269
-12.1827 11.269
-11.8782 11.4213
-11.7259 11.4213
-11.5736 11.4213
-11.269 11.5736
-11.1168 11.5736
-10.9645 11.7259
-10.8122 11.7259
-10.5076 11.7259
-10.3553 11.8782
-10.203 11.8782
-10.0508 12.0305
-9.74619 12.0305
-9.59391 12.0305
-9.44162 12.1827
-9.28934 12.1827
-8.98477 12.335
-8.83249 12.335
-8.6802 12.335
-8.52792 12.4873
-8.22335 12.4873
-8.07107 12.4873
-7.91878 12.4873
-7.7665 12.6396
-7.46193 12.6396
-7.30964 12.6396
-7.15736 12.6396
-6.85279 12.6396
-6.70051 12.7919
-6.54822 12.7919
-6.39594 12.7919
-6.09137 12.7919
-5.93909 12.7919
-5.7868 12.7919
-5.48223 12.7919
-5.32995 12.7919
-5.17766 12.6396
-5.02538 12.6396
-4.72081 12.6396
-4.56853 12.6396
-4.41624 12.6396
-4.26396 12.6396
-3.95939 12.4873
-3.80711 12.4873
-3.65482 12.4873
-3.35025 12.4873
-3.19797 12.335
-3.04569 12.335
-2.8934 12.335
-2.74112 12.1827
-2.43655 12.1827
-2.28426 12.1827
-2.13198 12.1827
-1.9797 12.0305
-1.67513 12.0305
-1.52284 11.8782
-1.37056 11.8782
-1.21827 11.8782
-0.913706 11.7259
-0.761421 11.7259
-0.609137 11.7259
-0.456853 11.5736
-0.152284 11.5736
0 11.4213
0.152284 11.4213
0.304569 11.269
0.609137 11.269
0.761421 11.1168
0.913706 11.1168
1.06599 10.9645
1.37056 10.9645
1.52284 10.8122
1.67513 10.8122
1.82741 10.6599
1.9797 10.5076
2.28426 10.5076
2.43655 10.3553
2.58883 10.203
2.74112 10.203
3.04569 10.0508
3.19797 9.89848
3.35025 9.74619
3.50254 9.74619
3.65482 9.59391
3.80711 9.44162
4.11168 9.28934
4.26396 9.13706
4.41624 8.98477
4.56853 8.83249
4.72081 8.6802
4.8731 8.52792
5.02538 8.37563
5.32995 8.22335
5.48223 8.07107
5.63452 7.91878
5.7868 7.7665
5.93909 7.61421
6.09137 7.46193
6.24365 7.30964
6.39594 7.00508
6.54822 6.85279
6.70051 6.70051
6.85279 6.54822
7.00508 6.39594
7.15736 6.09137
7.30964 5.93909
7.46193 5.7868
7.61421 5.48223
7.7665 5.32995
7.7665 5.02538
7.91878 4.8731
8.07107 4.72081
8.22335 4.41624
8.22335 4.26396
8.37563 3.95939
8.37563 3.65482
8.52792 3.50254
8.52792 3.19797
8.52792 3.04569
8.6802 2.74112
8.6802 2.43655
8.6802 2.28426
8.6802 1.9797
8.6802 1.82741
