8.6802 1.52284
8.6802 1.21827
8.6802 1.06599
8.6802 0.761421
8.6802 0.609137
8.6802 0.304569
8.52792 0
8.52792 -0.152284
8.52792 -0.456853
8.37563 -0.609137
8.37563 -0.913706
8.22335 -1.06599
8.22335 -1.37056
8.07107 -1.52284
7.91878 -1.82741
7.91878 -1.9797
7.7665 -2.28426
7.61421 -2.43655
7.46193 -2.58883
7.30964 -2.8934
7.30964 -3.04569
7.15736 -3.19797
7.00508 -3.50254
6.85279 -3.65482
6.70051 -3.80711
6.54822 -3.95939
6.39594 -4.26396
6.24365 -4.41624
6.09137 -4.56853
6.09137 -4.72081
5.93909 -4.8731
5.7868 -5.17766
5.63452 -5.32995
5.48223 -5.48223
5.32995 -5.63452
5.17766 -5.7868
5.02538 -5.93909
4.8731 -6.09137
4.72081 -6.24365
4.56853 -6.39594
4.41624 -6.54822
4.26396 -6.70051
4.11168 -6.85279
3.95939 -7.00508
3.65482 -7.15736
3.50254 -7.30964
3.35025 -7.46193
3.19797 -7.61421
3.04569 -7.7665
2.8934 -7.91878
2.74112 -8.07107
2.43655 -8.07107
2.28426 -8.22335
2.13198 -8.37563
1.9797 -8.52792
1.82741 -8.52792
1.52284 -8.6802
1.37056 -8.83249
1.21827 -8.83249
0.913706 -8.98477
0.761421 -8.98477
0.609137 -9.13706
0.456853 -9.28934
0.152284 -9.28934
0 -9.44162
-0.152284 -9.44162
-0.456853 -9.44162
-0.609137 -9.59391
-0.761421 -9.59391
-1.06599 -9.74619
-1.21827 -9.74619
-1.37056 -9.74619
-1.67513 -9.74619
-1.82741 -9.89848
-1.9797 -9.89848
-2.28426 -9.89848
-2.43655 -9.89848
-2.74112 -9.89848
-2.8934 -10.0508
-3.04569 -10.0508
-3.35025 -10.0508
-3.50254 -10.0508
-3.65482 -10.0508
-3.95939 -10.0508
-4.11168 -10.0508
-4.26396 -10.0508
-4.56853 -10.0508
-4.72081 -10.0508
-4.8731 -10.0508
-5.17766 -10.0508
-5.32995 -10.0508
-5.48223 -10.0508
-5.7868 -9.89848
-5.93909 -9.89848
-6.09137 -9.89848
-6.39594 -9.89848
-6.54822 -9.89848
-6.70051 -9.74619
-6.85279 -9.74619
-7.15736 -9.74619
-7.30964 -9.59391
-7.46193 -9.59391
-7.61421 -9.59391
-7.91878 -9.44162
-8.07107 -9.44162
-8.22335 -9.44162
-8.37563 -9.28934
-8.6802 -9.28934
-8.83249 -9.13706
-8.98477 -9.13706
-9.13706 -9.13706
-9.44162 -8.98477
-9.59391 -8.98477
-9.74619 -8.83249
-9.89848 -8.83249
-10.0508 -8.6802
-10.203 -8.6802
-10.5076 -8.52792
-10.6599 -8.37563
-10.8122 -8.37563
-10.9645 -8.22335
-11.1168 -8.22335
-11.269 -8.07107
-11.5736 -8.07107
-11.7259 -7.91878
-11.8782 -7.7665
-12.0305 -7.7665
-12.1827 -7.61421
-12.335 -7.46193
-12.6396 -7.46193
-12.7919 -7.30964
-12.9442 -7.15736
-13.0964 -7.00508
-13.2487 -7.00508
-13.401 -6.85279
-13.5533 -6.70051
-13.7056 -6.54822
-13.8579 -6.54822
-14.1624 -6.39594
-14.3147 -6.24365
-14.467 -6.09137
-14.6193 -5.93909
-14.7716 -5.7868
-14.9239 -5.63452
-15.0761 -5.48223
-15.2284 -5.32995
-15.3807 -5.17766
-15.533 -5.02538
-15.6853 -4.8731
-15.8376 -4.72081
-15.9898 -4.56853
-16.1421 -4.41624
-16.2944 -4.26396
-16.4467 -4.11168
-16.4467 -3.95939
-16.599 -3.80711
-16.7513 -3.50254
-16.9036 -3.35025
-17.0558 -3.19797
-17.2081 -3.04569
-17.3604 -2.8934
-17.5127 -2.58883
-17.5127 -2.43655
-17.665 -2.28426
-17.8173 -1.9797
-17.9695 -1.82741
-18.1218 -1.67513
-18.1218 -1.37056
-18.2741 -1.21827
-18.4264 -1.06599
-18.5787 -0.761421
-18.5787 -0.609137
-18.731 -0.304569
-18.8832 -0.152284
-18.8832 0.152284
-19.0355 0.304569
-19.1878 0.609137
-19.1878 0.761421
-19.3401 1.06599
-19.3401 1.21827
-19.4924 1.52284
-19.4924 1.82741
-19.4924 1.9797
-19.6447 2.28426
-19.6447 2.58883
-19.6447 2.74112
-19.6447 3.04569
-19.6447 3.35025
-19.6447 3.50254
-19.6447 3.80711
-19.6447 4.11168
-19.6447 4.26396
-19.6447 4.56853
-19.6447 4.8731
-19.4924 5.02538
-19.4924 5.32995
-19.3401 5.63452
-19.3401 5.7868
-19.1878 6.09137
-19.0355 6.24365
-19.0355 6.54822
-18.8832 6.70051
-18.731 7.00508
-18.5787 7.15736
-18.4264 7.30964
-18.2741 7.61421
-18.1218 7.7665
-17.9695 7.91878
-17.8173 8.22335
-17.665 8.37563
-17.5127 8.52792
-17.2081 8.6802
-17.0558 8.83249
-16.9036 8.98477
-16.7513 9.13706
-16.4467 9.28934
-16.2944 9.44162
-16.1421 9.59391
-15.8376 9.74619
-15.6853 9.89848
-15.3807 10.0508
-15.2284 10.203
-15.0761 10.203
-14.7716 10.3553
-14.6193 10.5076
-14.3147 10.5076
-14.1624 10.6599
-14.0102 10.8122
-13.7056 10.8122
-13.5533 10.9645
-13.2487 10.9645
-13.0964 11.1168
-12.7919 11.1168
-12.6396 11.269
-12.4873 11.269
-12.1827 11.4213
-12.0305 11.4213
-11.8782 11.5736
-11.5736 11.5736
-11.4213 11.7259
-11.269 11.7259
-10.9645 11.7259
-10.8122 11.8782
-10.6599 11.8782
-10.3553 12.0305
-10.203 12.0305
-10.0508 12.1827
-9.89848 12.1827
-9.59391 12.1827
-9.44162 12.335
-9.28934 12.335
-9.13706 12.4873
-8.83249 12.4873
-8.6802 12.4873
-8.52792 12.6396
-8.37563 12.6396
-8.07107 12.6396
-7.91878 12.7919
-7.7665 12.7919
-7.46193 12.7919
-7.30964 12.7919
-7.15736 12.7919
-6.85279 12.9442
-6.70051 12.9442
-6.54822 12.9442
-6.39594 12.9442
-6.09137 12.9442
-5.93909 12.9442
-5.7868 12.9442
-5.48223 12.9442
-5.32995 12.9442
-5.17766 12.9442
-4.8731 12.9442
-4.72081 12.9442
-4.56853 12.7919
-4.41624 12.7919
-4.11168 12.7919
-3.95939 12.7919
-3.80711 12.7919
-3.50254 12.6396
-3.35025 12.6396
-3.19797 12.6396
-3.04569 12.4873
-2.74112 12.4873
-2.58883 12.4873
-2.43655 12.4873
-2.28426 12.335
-1.9797 12.335
-1.82741 12.1827
-1.67513 12.1827
-1.52284 12.1827
-1.21827 12.0305
-1.06599 12.0305
-0.913706 12.0305
-0.761421 11.8782
-0.456853 11.8782
-0.304569 11.7259
-0.152284 11.7259
0 11.5736
0.304569 11.5736
0.456853 11.4213
0.609137 11.4213
0.761421 11.269
0.913706 11.269
1.21827 11.1168
1.37056 11.1168
1.52284 10.9645
1.67513 10.9645
1.9797 10.8122
2.13198 10.6599
2.28426 10.6599
2.43655 10.5076
2.58883 10.3553
2.8934 10.203
3.04569 10.203
3.19797 10.0508
3.35025 9.89848
3.50254 9.74619
3.65482 9.59391
3.80711 9.59391
3.95939 9.44162
4.26396 9.28934
4.41624 9.13706
4.56853 8.98477
4.72081 8.83249
4.8731 8.6802
5.02538 8.52792
5.17766 8.37563
5.32995 8.22335
5.48223 8.07107
5.63452 7.91878
5.7868 7.7665
5.93909 7.46193
6.09137 7.30964
6.24365 7.15736
6.39594 7.00508
6.54822 6.85279
6.70051 6.70051
6.85279 6.39594
7.00508 6.24365
7.15736 6.09137
7.30964 5.93909
7.46193 5.63452
7.61421 5.48223
7.7665 5.32995
7.7665 5.02538
7.91878 4.8731
8.07107 4.56853
8.22335 4.41624
8.22335 4.11168
8.37563 3.95939
8.37563 3.65482
8.52792 3.50254
8.52792 3.19797
8.52792 3.04569
8.6802 2.74112
8.6802 2.43655
8.6802 2.28426
8.6802 1.9797
8.6802 1.82741
