8.83249 1.52284
8.83249 1.37056
8.83249 1.06599
8.6802 0.913706
8.6802 0.609137
8.6802 0.304569
8.52792 0.152284
8.52792 -0.152284
8.37563 -0.304569
8.37563 -0.609137
8.22335 -0.761421
8.22335 -1.06599
8.07107 -1.21827
7.91878 -1.52284
7.91878 -1.67513
7.7665 -1.9797
7.61421 -2.13198
7.61421 -2.43655
7.46193 -2.58883
7.30964 -2.74112
7.15736 -3.04569
7.15736 -3.19797
7.00508 -3.50254
6.85279 -3.65482
6.70051 -3.80711
6.54822 -3.95939
6.39594 -4.26396
6.39594 -4.41624
6.24365 -4.56853
6.09137 -4.72081
5.93909 -5.02538
5.7868 -5.17766
5.63452 -5.32995
5.48223 -5.48223
5.32995 -5.63452
5.17766 -5.7868
5.02538 -5.93909
4.8731 -6.24365
4.72081 -6.39594
4.56853 -6.54822
4.41624 -6.70051
4.26396 -6.85279
4.11168 -7.00508
3.80711 -7.15736
3.65482 -7.15736
3.50254 -7.30964
3.35025 -7.46193
3.19797 -7.61421
3.04569 -7.7665
2.74112 -7.91878
2.58883 -8.07107
2.43655 -8.07107
2.28426 -8.22335
2.13198 -8.37563
1.82741 -8.52792
1.67513 -8.52792
1.52284 -8.6802
1.37056 -8.83249
1.06599 -8.83249
0.913706 -8.98477
0.761421 -8.98477
0.456853 -9.13706
0.304569 -9.13706
0.152284 -9.28934
-0.152284 -9.28934
-0.304569 -9.44162
-0.456853 -9.44162
-0.761421 -9.59391
-0.913706 -9.59391
-1.06599 -9.59391
-1.37056 -9.74619
-1.52284 -9.74619
-1.67513 -9.74619
-1.9797 -9.74619
-2.13198 -9.89848
-2.28426 -9.89848
-2.58883 -9.89848
-2.74112 -9.89848
-3.04569 -9.89848
-3.19797 -9.89848
-3.35025 -9.89848
-3.65482 -10.0508
-3.80711 -10.0508
-3.95939 -10.0508
-4.26396 -10.0508
-4.41624 -10.0508
-4.56853 -10.0508
-4.8731 -10.0508
-5.02538 -9.89848
-5.17766 -9.89848
-5.48223 -9.89848
-5.63452 -9.89848
-5.7868 -9.89848
-6.09137 -9.89848
-6.24365 -9.89848
-6.39594 -9.74619
-6.54822 -9.74619
-6.85279 -9.74619
-7.00508 -9.74619
-7.15736 -9.59391
-7.46193 -9.59391
-7.61421 -9.59391
-7.7665 -9.44162
-7.91878 -9.44162
-8.22335 -9.44162
-8.37563 -9.28934
-8.52792 -9.28934
-8.6802 -9.28934
-8.98477 -9.13706
-9.13706 -9.13706
-9.28934 -8.98477
-9.44162 -8.98477
-9.59391 -8.83249
-9.89848 -8.83249
-10.0508 -8.6802
-10.203 -8.6802
-10.3553 -8.52792
-10.5076 -8.52792
-10.8122 -8.37563
-10.9645 -8.37563
-11.1168 -8.22335
-11.269 -8.07107
-11.4213 -8.07107
-11.5736 -7.91878
-11.7259 -7.91878
-12.0305 -7.7665
-12.1827 -7.61421
-12.335 -7.61421
-12.4873 -7.46193
-12.6396 -7.30964
-12.7919 -7.15736
-12.9442 -7.15736
-13.0964 -7.00508
-13.2487 -6.85279
-13.401 -6.70051
-13.5533 -6.54822
-13.8579 -6.54822
-14.0102 -6.39594
-14.1624 -6.24365
-14.3147 -6.09137
-14.467 -5.93909
-14.6193 -5.7868
-14.7716 -5.63452
-14.9239 -5.48223
-15.0761 -5.32995
-15.2284 -5.32995
-15.3807 -5.17766
-15.533 -5.02538
-15.6853 -4.8731
-15.8376 -4.72081
-15.9898 -4.41624
-16.1421 -4.26396
-16.2944 -4.11168
-16.2944 -3.95939
-16.4467 -3.80711
-16.599 -3.65482
-16.7513 -3.50254
-16.9036 -3.35025
-17.0558 -3.04569
-17.2081 -2.8934
-17.3604 -2.74112
-17.5127 -2.58883
-17.5127 -2.43655
-17.665 -2.13198
-17.8173 -1.9797
-17.9695 -1.82741
-18.1218 -1.52284
-18.1218 -1.37056
-18.2741 -1.21827
-18.4264 -0.913706
-18.5787 -0.761421
-18.5787 -0.456853
-18.731 -0.304569
-18.8832 0
-18.8832 0.152284
-19.0355 0.456853
-19.0355 0.609137
-19.1878 0.913706
-19.1878 1.06599
-19.3401 1.37056
-19.3401 1.52284
-19.4924 1.82741
-19.4924 2.13198
-19.4924 2.28426
-19.6447 2.58883
-19.6447 2.8934
-19.6447 3.04569
-19.6447 3.35025
-19.6447 3.65482
-19.6447 3.80711
-19.6447 4.11168
-19.6447 4.41624
-19.6447 4.56853
-19.4924 4.8731
-19.4924 5.02538
-19.4924 5.32995
-19.3401 5.63452
-19.3401 5.7868
-19.1878 6.09137
-19.1878 6.24365
-19.0355 6.54822
-18.8832 6.70051
-18.731 7.00508
-18.731 7.15736
-18.5787 7.46193
-18.4264 7.61421
-18.2741 7.7665
-18.1218 8.07107
-17.9695 8.22335
-17.8173 8.37563
-17.665 8.6802
-17.3604 8.83249
-17.2081 8.98477
-17.0558 9.13706
-16.9036 9.28934
-16.599 9.44162
-16.4467 9.59391
-16.2944 9.74619
-15.9898 9.89848
-15.8376 10.0508
-15.533 10.0508
-15.3807 10.203
-15.2284 10.3553
-14.9239 10.5076
-14.7716 10.5076
-14.467 10.6599
-14.3147 10.8122
-14.0102 10.8122
-13.8579 10.9645
-13.5533 10.9645
-13.401 11.1168
-13.0964 11.1168
-12.9442 11.269
-12.7919 11.269
-12.4873 11.269
-12.335 11.4213
-12.0305 11.4213
-11.8782 11.5736
-11.7259 11.5736
-11.4213 11.5736
-11.269 11.7259
-11.1168 11.7259
-10.8122 11.8782
-10.6599 11.8782
-10.5076 12.0305
-10.3553 12.0305
-10.0508 12.0305
-9.89848 12.1827
-9.74619 12.1827
-9.59391 12.335
-9.28934 12.335
-9.13706 12.4873
-8.98477 12.4873
-8.83249 12.6396
-8.52792 12.6396
-8.37563 12.6396
-8.22335 12.7919
-8.07107 12.7919
-7.7665 12.7919
-7.61421 12.9442
-7.46193 12.9442
-7.15736 12.9442
-7.00508 13.0964
-6.85279 13.0964
-6.70051 13.0964
-6.39594 13.0964
-6.24365 13.0964
-6.09137 13.0964
-5.7868 13.0964
-5.63452 13.0964
-5.48223 13.0964
-5.17766 13.0964
-5.02538 13.0964
-4.8731 13.0964
-4.56853 13.0964
-4.41624 12.9442
-4.26396 12.9442
-3.95939 12.9442
-3.80711 12.9442
-3.65482 12.7919
-3.50254 12.7919
-3.19797 12.7919
-3.04569 12.7919
-2.8934 12.6396
-2.74112 12.6396
-2.43655 12.4873
-2.28426 12.4873
-2.13198 12.4873
-1.9797 12.335
-1.67513 12.335
-1.52284 12.1827
-1.37056 12.1827
-1.21827 12.1827
-0.913706 12.0305
-0.761421 12.0305
-0.609137 11.8782
-0.456853 11.8782
-0.304569 11.7259
0 11.7259
0.152284 11.5736
0.304569 11.5736
0.456853 11.4213
0.609137 11.4213
0.913706 11.269
1.06599 11.1168
1.21827 11.1168
1.37056 10.9645
1.52284 10.9645
1.82741 10.8122
1.9797 10.6599
2.13198 10.6599
2.28426 10.5076
2.43655 10.3553
2.74112 10.203
2.8934 10.203
3.04569 10.0508
3.19797 9.89848
3.35025 9.74619
3.50254 9.74619
3.80711 9.59391
3.95939 9.44162
4.11168 9.28934
4.26396 9.13706
4.41624 8.98477
4.56853 8.83249
4.72081 8.6802
4.8731 8.52792
5.17766 8.37563
5.32995 8.22335
5.48223 8.07107
5.63452 7.91878
5.7868 7.7665
5.93909 7.61421
6.09137 7.46193
6.24365 7.30964
6.39594 7.15736
6.54822 6.85279
6.70051 6.70051
6.85279 6.54822
7.00508 6.39594
7.00508 6.09137
7.15736 5.93909
7.30964 5.7868
7.46193 5.48223
7.61421 5.32995
7.7665 5.17766
7.7665 4.8731
7.91878 4.72081
8.07107 4.41624
8.07107 4.26396
8.22335 3.95939
8.37563 3.80711
8.37563 3.50254
8.52792 3.35025
8.52792 3.04569
8.52792 2.74112
8.6802 2.58883
8.6802 2.28426
8.6802 2.13198
8.83249 1.82741
