6.39594 2.13198
6.54822 1.82741
6.54822 1.52284
6.70051 1.21827
6.70051 0.913706
6.70051 0.609137
6.70051 0.152284
6.70051 -0.152284
6.70051 -0.456853
6.54822 -0.761421
6.54822 -1.06599
6.39594 -1.37056
6.24365 -1.67513
6.09137 -1.9797
5.93909 -2.28426
5.7868 -2.58883
5.63452 -2.8934
5.48223 -3.19797
5.32995 -3.50254
5.02538 -3.65482
4.8731 -3.95939
4.56853 -4.26396
4.41624 -4.41624
4.11168 -4.72081
3.80711 -4.8731
3.65482 -5.17766
3.35025 -5.32995
3.04569 -5.48223
2.8934 -5.7868
2.58883 -5.93909
2.28426 -6.09137
1.9797 -6.24365
1.67513 -6.39594
1.37056 -6.54822
1.21827 -6.70051
0.913706 -6.85279
0.609137 -7.00508
0.304569 -7.15736
0 -7.30964
-0.152284 -7.46193
-0.456853 -7.46193
-0.761421 -7.61421
-1.06599 -7.7665
-1.21827 -7.91878
-1.52284 -7.91878
-1.82741 -8.07107
-1.9797 -8.22335
-2.28426 -8.37563
-2.43655 -8.37563
-2.74112 -8.52792
-2.8934 -8.6802
-3.19797 -8.83249
-3.35025 -8.83249
-3.65482 -8.98477
-3.80711 -9.13706
-4.11168 -9.28934
-4.26396 -9.28934
-4.41624 -9.44162
-4.72081 -9.59391
-4.8731 -9.74619
-5.17766 -9.74619
-5.32995 -9.89848
-5.48223 -10.0508
-5.7868 -10.203
-5.93909 -10.203
-6.24365 -10.3553
-6.39594 -10.5076
-6.70051 -10.5076
-6.85279 -10.6599
-7.15736 -10.6599
-7.30964 -10.8122
-7.61421 -10.8122
-7.7665 -10.9645
-8.07107 -10.9645
-8.22335 -10.9645
-8.52792 -10.9645
-8.6802 -11.1168
-8.98477 -11.1168
-9.28934 -11.1168
-9.44162 -11.1168
-9.74619 -11.1168
-9.89848 -11.1168
-10.203 -11.1168
-10.3553 -11.1168
-10.6599 -11.1168
-10.8122 -11.1168
-11.1168 -11.1168
-11.4213 -10.9645
-11.5736 -10.9645
-11.8782 -10.9645
-12.0305 -10.9645
-12.335 -10.9645
-12.4873 -10.9645
-12.7919 -10.8122
-12.9442 -10.8122
-13.2487 -10.8122
-13.401 -10.8122
-13.7056 -10.8122
-13.8579 -10.8122
-14.1624 -10.6599
-14.3147 -10.6599
-14.6193 -10.6599
-14.7716 -10.6599
-15.0761 -10.6599
-15.2284 -10.6599
-15.533 -10.6599
-15.6853 -10.6599
-15.9898 -10.5076
-16.1421 -10.5076
-16.4467 -10.5076
-16.599 -10.5076
-16.9036 -10.5076
-17.2081 -10.3553
-17.3604 -10.3553
-17.665 -10.3553
-17.8173 -10.3553
-18.1218 -10.203
-18.4264 -10.203
-18.5787 -10.203
-18.8832 -10.203
-19.1878 -10.0508
-19.3401 -10.0508
-19.6447 -9.89848
-19.797 -9.89848
-20.1015 -9.74619
-20.4061 -9.74619
-20.5584 -9.59391
-20.8629 -9.59391
-21.1675 -9.44162
-21.3198 -9.28934
-21.6244 -9.28934
-21.9289 -9.13706
-22.0812 -8.98477
-22.3858 -8.83249
-22.5381 -8.6802
-22.8426 -8.52792
-22.9949 -8.37563
-23.2995 -8.37563
-23.4518 -8.07107
-23.7563 -7.91878
-23.9086 -7.7665
-24.2132 -7.61421
-24.3655 -7.46193
-24.6701 -7.30964
-24.8223 -7.15736
-24.9746 -6.85279
-25.2792 -6.70051
-25.4315 -6.54822
-25.5838 -6.24365
-25.736 -6.09137
-25.8883 -5.7868
-26.1929 -5.63452
-26.3452 -5.32995
-26.4975 -5.17766
-26.6497 -4.8731
-26.802 -4.72081
-26.9543 -4.41624
-26.9543 -4.11168
-27.1066 -3.95939
-27.2589 -3.65482
-27.4112 -3.35025
-27.5635 -3.19797
-27.5635 -2.8934
-27.7157 -2.58883
-27.868 -2.28426
-27.868 -2.13198
-28.0203 -1.82741
-28.0203 -1.52284
-28.1726 -1.21827
-28.1726 -0.913706
-28.3249 -0.609137
-28.3249 -0.456853
-28.3249 -0.152284
-28.3249 0.152284
-28.4772 0.456853
-28.4772 0.761421
-28.4772 1.06599
-28.4772 1.37056
-28.4772 1.67513
-28.4772 1.82741
-28.4772 2.13198
-28.4772 2.43655
-28.4772 2.74112
-28.4772 3.04569
-28.4772 3.35025
-28.3249 3.65482
-28.3249 3.95939
-28.3249 4.11168
-28.1726 4.41624
-28.1726 4.72081
-28.1726 5.02538
-28.0203 5.32995
-28.0203 5.63452
-27.868 5.7868
-27.868 6.09137
-27.7157 6.39594
-27.5635 6.70051
-27.5635 6.85279
-27.4112 7.15736
-27.2589 7.46193
-27.2589 7.7665
-27.1066 7.91878
-26.9543 8.22335
-26.802 8.52792
-26.6497 8.6802
-26.4975 8.98477
-26.4975 9.13706
-26.3452 9.44162
-26.1929 9.59391
-26.0406 9.89848
-25.8883 10.203
-25.5838 10.3553
-25.4315 10.5076
-25.2792 10.8122
-25.1269 10.9645
-24.9746 11.269
-24.8223 11.4213
-24.6701 11.7259
-24.3655 11.8782
-24.2132 12.0305
-24.0609 12.1827
-23.9086 12.4873
-23.6041 12.6396
-23.4518 12.7919
-23.2995 12.9442
-22.9949 13.0964
-22.8426 13.401
-22.5381 13.5533
-22.3858 13.7056
-22.0812 13.8579
-21.9289 14.0102
-21.6244 14.1624
-21.4721 14.1624
-21.1675 14.3147
-21.0152 14.467
-20.7107 14.6193
-20.4061 14.6193
-20.2538 14.7716
-19.9492 14.9239
-19.6447 14.9239
-19.4924 14.9239
-19.1878 15.0761
-18.8832 15.0761
-18.5787 15.0761
-18.4264 15.2284
-18.1218 15.2284
-17.8173 15.2284
-17.5127 15.2284
-17.3604 15.2284
-17.0558 15.2284
-16.7513 15.2284
-16.4467 15.2284
-16.2944 15.0761
-15.9898 15.0761
-15.6853 15.0761
-15.533 15.0761
-15.2284 15.0761
-15.0761 14.9239
-14.7716 14.9239
-14.467 14.9239
-14.3147 14.9239
-14.0102 14.7716
-13.8579 14.7716
-13.5533 14.7716
-13.401 14.7716
-13.0964 14.6193
-12.9442 14.6193
-12.6396 14.6193
-12.4873 14.6193
-12.335 14.6193
-12.0305 14.467
-11.8782 14.467
-11.5736 14.467
-11.4213 14.467
-11.1168 14.467
-10.9645 14.467
-10.8122 14.467
-10.5076 14.467
-10.3553 14.3147
-10.0508 14.3147
-9.89848 14.3147
-9.74619 14.3147
-9.44162 14.3147
-9.28934 14.3147
-8.98477 14.1624
-8.83249 14.1624
-8.6802 14.1624
-8.37563 14.1624
-8.22335 14.0102
-7.91878 14.0102
-7.7665 14.0102
-7.61421 13.8579
-7.30964 13.8579
-7.15736 13.8579
-6.85279 13.7056
-6.70051 13.7056
-6.54822 13.5533
-6.24365 13.5533
-6.09137 13.401
-5.7868 13.401
-5.63452 13.2487
-5.48223 13.0964
-5.17766 13.0964
-5.02538 12.9442
-4.8731 12.9442
-4.56853 12.7919
-4.41624 12.6396
-4.11168 12.6396
-3.95939 12.4873
-3.80711 12.4873
-3.50254 12.335
-3.35025 12.1827
-3.04569 12.0305
-2.8934 12.0305
-2.74112 11.8782
-2.43655 11.7259
-2.28426 11.7259
-1.9797 11.5736
-1.82741 11.4213
-1.52284 11.269
-1.37056 11.1168
-1.06599 10.9645
-0.913706 10.9645
-0.609137 10.8122
-0.456853 10.6599
-0.152284 10.5076
0 10.3553
0.304569 10.203
0.456853 10.0508
0.761421 9.89848
0.913706 9.74619
1.21827 9.44162
1.37056 9.28934
1.67513 9.13706
1.82741 8.98477
2.13198 8.83249
2.28426 8.52792
2.58883 8.37563
2.74112 8.22335
2.8934 7.91878
3.19797 7.7665
3.35025 7.46193
3.50254 7.30964
3.80711 7.00508
3.95939 6.70051
4.11168 6.54822
4.41624 6.24365
4.56853 5.93909
4.72081 5.7868
4.8731 5.48223
5.02538 5.17766
5.17766 4.8731
5.32995 4.56853
5.48223 4.26396
5.63452 4.11168
5.7868 3.80711
5.93909 3.50254
6.09137 3.19797
6.24365 2.74112
6.24365 2.43655
