8.6802 1.82741
8.6802 1.52284
8.6802 1.37056
8.6802 1.06599
8.6802 0.761421
8.6802 0.609137
8.6802 0.304569
8.52792 0.152284
8.52792 -0.152284
8.37563 -0.456853
8.37563 -0.609137
8.37563 -0.913706
8.22335 -1.06599
8.07107 -1.37056
8.07107 -1.52284
7.91878 -1.82741
7.7665 -1.9797
7.7665 -2.13198
7.61421 -2.43655
7.46193 -2.58883
7.30964 -2.8934
7.15736 -3.04569
7.15736 -3.19797
7.00508 -3.50254
6.85279 -3.65482
6.70051 -3.80711
6.54822 -3.95939
6.39594 -4.26396
6.24365 -4.41624
6.09137 -4.56853
5.93909 -4.72081
5.7868 -5.02538
5.63452 -5.17766
5.48223 -5.32995
5.32995 -5.48223
5.17766 -5.63452
5.02538 -5.7868
4.8731 -5.93909
4.72081 -6.09137
4.56853 -6.24365
4.41624 -6.39594
4.26396 -6.54822
4.11168 -6.70051
3.95939 -6.85279
3.80711 -7.00508
3.65482 -7.15736
3.50254 -7.30964
3.19797 -7.46193
3.04569 -7.61421
2.8934 -7.7665
2.74112 -7.91878
2.58883 -7.91878
2.28426 -8.07107
2.13198 -8.22335
1.9797 -8.37563
1.82741 -8.37563
1.52284 -8.52792
1.37056 -8.6802
1.21827 -8.6802
0.913706 -8.83249
0.761421 -8.83249
0.609137 -8.98477
0.304569 -9.13706
0.152284 -9.13706
0 -9.13706
-0.304569 -9.28934
-0.456853 -9.28934
-0.609137 -9.44162
-0.913706 -9.44162
-1.06599 -9.44162
-1.21827 -9.59391
-1.52284 -9.59391
-1.67513 -9.59391
-1.82741 -9.74619
-2.13198 -9.74619
-2.28426 -9.74619
-2.43655 -9.74619
-2.74112 -9.74619
-2.8934 -9.89848
-3.19797 -9.89848
-3.35025 -9.89848
-3.50254 -9.89848
-3.80711 -9.89848
-3.95939 -9.89848
-4.11168 -9.89848
-4.41624 -9.89848
-4.56853 -9.89848
-4.72081 -9.89848
-5.02538 -9.89848
-5.17766 -9.89848
-5.32995 -9.89848
-5.63452 -9.89848
-5.7868 -9.74619
-5.93909 -9.74619
-6.24365 -9.74619
-6.39594 -9.74619
-6.54822 -9.74619
-6.85279 -9.59391
-7.00508 -9.59391
-7.15736 -9.59391
-7.46193 -9.59391
-7.61421 -9.44162
-7.7665 -9.44162
-7.91878 -9.44162
-8.22335 -9.28934
-8.37563 -9.28934
-8.52792 -9.13706
-8.6802 -9.13706
-8.98477 -9.13706
-9.13706 -8.98477
-9.28934 -8.98477
-9.44162 -8.83249
-9.74619 -8.83249
-9.89848 -8.6802
-10.0508 -8.6802
-10.203 -8.52792
-10.3553 -8.52792
-10.5076 -8.37563
-10.8122 -8.22335
-10.9645 -8.22335
-11.1168 -8.07107
-11.269 -8.07107
-11.4213 -7.91878
-11.5736 -7.7665
-11.8782 -7.7665
-12.0305 -7.61421
-12.1827 -7.46193
-12.335 -7.46193
-12.4873 -7.30964
-12.6396 -7.15736
-12.7919 -7.00508
-12.9442 -7.00508
-13.2487 -6.85279
-13.401 -6.70051
-13.5533 -6.54822
-13.7056 -6.54822
-13.8579 -6.39594
-14.0102 -6.24365
-14.1624 -6.09137
-14.3147 -5.93909
-14.467 -5.7868
-14.6193 -5.63452
-14.7716 -5.48223
-14.9239 -5.32995
-15.0761 -5.17766
-15.2284 -5.02538
-15.3807 -4.8731
-15.533 -4.72081
-15.6853 -4.56853
-15.8376 -4.41624
-15.9898 -4.26396
-16.1421 -4.11168
-16.2944 -3.95939
-16.2944 -3.80711
-16.4467 -3.65482
-16.599 -3.50254
-16.7513 -3.19797
-16.9036 -3.04569
-17.0558 -2.8934
-17.2081 -2.74112
-17.2081 -2.58883
-17.3604 -2.28426
-17.5127 -2.13198
-17.665 -1.9797
-17.8173 -1.67513
-17.8173 -1.52284
-17.9695 -1.37056
-18.1218 -1.06599
-18.2741 -0.913706
-18.2741 -0.761421
-18.4264 -0.456853
-18.5787 -0.304569
-18.5787 0
-18.731 0.152284
-18.8832 0.456853
-18.8832 0.609137
-19.0355 0.913706
-19.0355 1.06599
-19.1878 1.37056
-19.1878 1.52284
-19.3401 1.82741
-19.3401 1.9797
-19.4924 2.28426
-19.4924 2.58883
-19.4924 2.74112
-19.6447 3.04569
-19.6447 3.35025
-19.6447 3.50254
-19.6447 3.80711
-19.6447 4.11168
-19.6447 4.26396
-19.6447 4.56853
-19.4924 4.8731
-19.4924 5.02538
-19.4924 5.32995
-19.4924 5.48223
-19.3401 5.7868
-19.3401 6.09137
-19.1878 6.24365
-19.0355 6.54822
-19.0355 6.70051
-18.8832 7.00508
-18.731 7.15736
-18.5787 7.46193
-18.4264 7.61421
-18.2741 7.7665
-18.1218 8.07107
-17.9695 8.22335
-17.8173 8.37563
-17.665 8.6802
-17.5127 8.83249
-17.3604 8.98477
-17.0558 9.13706
-16.9036 9.28934
-16.7513 9.44162
-16.599 9.59391
-16.2944 9.74619
-16.1421 9.89848
-15.8376 10.0508
-15.6853 10.0508
-15.3807 10.203
-15.2284 10.3553
-15.0761 10.5076
-14.7716 10.5076
-14.6193 10.6599
-14.3147 10.6599
-14.1624 10.8122
-13.8579 10.9645
-13.7056 10.9645
-13.401 11.1168
-13.2487 11.1168
-12.9442 11.1168
-12.7919 11.269
-12.4873 11.269
-12.335 11.4213
-12.1827 11.4213
-11.8782 11.4213
-11.7259 11.5736
-11.5736 11.5736
-11.269 11.7259
-11.1168 11.7259
-10.9645 11.7259
-10.8122 11.8782
-10.5076 11.8782
-10.3553 12.0305
-10.203 12.0305
-10.0508 12.1827
-9.74619 12.1827
-9.59391 12.335
-9.44162 12.335
-9.28934 12.4873
-9.13706 12.4873
-8.83249 12.4873
-8.6802 12.6396
-8.52792 12.6396
-8.37563 12.7919
-8.22335 12.7919
-7.91878 12.9442
-7.7665 12.9442
-7.61421 12.9442
-7.30964 13.0964
-7.15736 13.0964
-7.00508 13.0964
-6.85279 13.0964
-6.54822 13.2487
-6.39594 13.2487
-6.24365 13.2487
-5.93909 13.2487
-5.7868 13.2487
-5.63452 13.2487
-5.32995 13.2487
-5.17766 13.2487
-5.02538 13.2487
-4.8731 13.2487
-4.56853 13.0964
-4.41624 13.0964
-4.26396 13.0964
-3.95939 13.0964
-3.80711 12.9442
-3.65482 12.9442
-3.50254 12.9442
-3.19797 12.9442
-3.04569 12.7919
-2.8934 12.7919
-2.74112 12.6396
-2.43655 12.6396
-2.28426 12.6396
-2.13198 12.4873
-1.9797 12.4873
-1.67513 12.335
-1.52284 12.335
-1.37056 12.335
-1.21827 12.1827
-1.06599 12.1827
-0.761421 12.0305
-0.609137 12.0305
-0.456853 11.8782
-0.304569 11.8782
-0.152284 11.7259
0.152284 11.7259
0.304569 11.5736
0.456853 11.5736
0.609137 11.4213
0.761421 11.4213
1.06599 11.269
1.21827 11.269
1.37056 11.1168
1.52284 10.9645
1.67513 10.9645
1.9797 10.8122
2.13198 10.6599
2.28426 10.6599
2.43655 10.5076
2.58883 10.3553
2.74112 10.3553
3.04569 10.203
3.19797 10.0508
3.35025 9.89848
3.50254 9.74619
3.65482 9.74619
3.80711 9.59391
3.95939 9.44162
4.11168 9.28934
4.26396 9.13706
4.56853 8.98477
4.72081 8.83249
4.8731 8.6802
5.02538 8.52792
5.17766 8.37563
5.32995 8.22335
5.48223 8.07107
5.63452 7.91878
5.7868 7.7665
5.93909 7.61421
6.09137 7.46193
6.24365 7.15736
6.39594 7.00508
6.54822 6.85279
6.70051 6.70051
6.85279 6.54822
7.00508 6.24365
7.15736 6.09137
7.30964 5.93909
7.46193 5.7868
7.61421 5.48223
7.61421 5.32995
7.7665 5.02538
7.91878 4.8731
8.07107 4.72081
8.07107 4.41624
8.22335 4.26396
8.37563 3.95939
8.37563 3.80711
8.52792 3.50254
8.52792 3.19797
8.52792 3.04569
8.6802 2.74112
8.6802 2.58883
8.6802 2.28426
8.6802 1.9797
