8.22335 2.28426
8.22335 2.13198
8.37563 1.82741
8.37563 1.52284
8.37563 1.37056
8.37563 1.06599
8.22335 0.913706
8.22335 0.609137
8.22335 0.304569
8.07107 0.152284
8.07107 -0.152284
7.91878 -0.304569
7.91878 -0.609137
7.7665 -0.761421
7.7665 -1.06599
7.61421 -1.21827
7.46193 -1.37056
7.30964 -1.67513
7.30964 -1.82741
7.15736 -2.13198
7.00508 -2.28426
6.85279 -2.43655
6.70051 -2.58883
6.54822 -2.8934
6.54822 -3.04569
6.39594 -3.19797
6.24365 -3.50254
6.09137 -3.65482
5.93909 -3.80711
5.7868 -3.95939
5.63452 -4.11168
5.48223 -4.41624
5.48223 -4.56853
5.32995 -4.72081
5.17766 -4.8731
5.02538 -5.02538
4.8731 -5.17766
4.72081 -5.48223
4.56853 -5.63452
4.41624 -5.7868
4.26396 -5.93909
4.11168 -6.09137
3.95939 -6.24365
3.80711 -6.39594
3.65482 -6.54822
3.50254 -6.70051
3.35025 -6.85279
3.19797 -7.00508
3.04569 -7.15736
2.74112 -7.30964
2.58883 -7.46193
2.43655 -7.61421
2.28426 -7.61421
2.13198 -7.7665
1.82741 -7.91878
1.67513 -8.07107
1.52284 -8.07107
1.21827 -8.22335
1.06599 -8.37563
0.913706 -8.37563
0.761421 -8.52792
0.456853 -8.52792
0.304569 -8.6802
0.152284 -8.6802
-0.152284 -8.83249
-0.304569 -8.83249
-0.456853 -8.98477
-0.761421 -8.98477
-0.913706 -8.98477
-1.21827 -9.13706
-1.37056 -9.13706
-1.52284 -9.28934
-1.82741 -9.28934
-1.9797 -9.28934
-2.13198 -9.28934
-2.43655 -9.44162
-2.58883 -9.44162
-2.8934 -9.44162
-3.04569 -9.44162
-3.19797 -9.44162
-3.50254 -9.44162
-3.65482 -9.59391
-3.80711 -9.59391
-4.11168 -9.59391
-4.26396 -9.59391
-4.56853 -9.59391
-4.72081 -9.59391
-4.8731 -9.59391
-5.17766 -9.59391
-5.32995 -9.59391
-5.48223 -9.59391
-5.7868 -9.44162
-5.93909 -9.44162
-6.09137 -9.44162
-6.39594 -9.44162
-6.54822 -9.44162
-6.70051 -9.44162
-7.00508 -9.28934
-7.15736 -9.28934
-7.30964 -9.28934
-7.61421 -9.13706
-7.7665 -9.13706
-7.91878 -9.13706
-8.22335 -8.98477
-8.37563 -8.98477
-8.52792 -8.98477
-8.6802 -8.83249
-8.98477 -8.83249
-9.13706 -8.6802
-9.28934 -8.6802
-9.44162 -8.52792
-9.74619 -8.52792
-9.89848 -8.37563
-10.0508 -8.37563
-10.203 -8.22335
-10.3553 -8.22335
-10.6599 -8.07107
-10.8122 -8.07107
-10.9645 -7.91878
-11.1168 -7.7665
-11.269 -7.7665
-11.5736 -7.61421
-11.7259 -7.61421
-11.8782 -7.46193
-12.0305 -7.30964
-12.1827 -7.30964
-12.335 -7.15736
-12.6396 -7.00508
-12.7919 -7.00508
-12.9442 -6.85279
-13.0964 -6.70051
-13.2487 -6.54822
-13.401 -6.54822
-13.5533 -6.39594
-13.7056 -6.24365
-14.0102 -6.09137
-14.1624 -5.93909
-14.3147 -5.7868
-14.467 -5.7868
-14.6193 -5.63452
-14.7716 -5.48223
-14.9239 -5.32995
-15.0761 -5.17766
-15.2284 -5.02538
-15.3807 -4.8731
-15.533 -4.72081
-15.6853 -4.56853
-15.8376 -4.41624
-15.9898 -4.26396
-15.9898 -3.95939
-16.1421 -3.80711
-16.2944 -3.65482
-16.4467 -3.50254
-16.599 -3.35025
-16.7513 -3.19797
-16.7513 -2.8934
-16.9036 -2.74112
-17.0558 -2.58883
-17.2081 -2.43655
-17.3604 -2.28426
-17.3604 -1.9797
-17.5127 -1.82741
-17.665 -1.67513
-17.665 -1.37056
-17.8173 -1.21827
-17.9695 -1.06599
-17.9695 -0.761421
-18.1218 -0.609137
-18.2741 -0.456853
-18.2741 -0.152284
-18.4264 0
-18.5787 0.304569
-18.5787 0.456853
-18.731 0.609137
-18.8832 0.913706
-18.8832 1.06599
-19.0355 1.37056
-19.0355 1.52284
-19.1878 1.82741
-19.1878 2.13198
-19.3401 2.28426
-19.3401 2.58883
-19.3401 2.74112
-19.4924 3.04569
-19.4924 3.35025
-19.4924 3.50254
-19.4924 3.80711
-19.6447 3.95939
-19.6447 4.26396
-19.6447 4.56853
-19.6447 4.72081
-19.4924 5.02538
-19.4924 5.32995
-19.4924 5.48223
-19.4924 5.7868
-19.3401 5.93909
-19.3401 6.24365
-19.1878 6.54822
-19.1878 6.70051
-19.0355 7.00508
-18.8832 7.15736
-18.8832 7.46193
-18.731 7.61421
-18.5787 7.7665
-18.4264 8.07107
-18.2741 8.22335
-18.1218 8.37563
-17.9695 8.6802
-17.8173 8.83249
-17.665 8.98477
-17.5127 9.13706
-17.2081 9.28934
-17.0558 9.44162
-16.9036 9.74619
-16.7513 9.89848
-16.4467 9.89848
-16.2944 10.0508
-16.1421 10.203
-15.8376 10.3553
-15.6853 10.5076
-15.3807 10.6599
-15.2284 10.6599
-14.9239 10.8122
-14.7716 10.9645
-14.467 10.9645
-14.3147 11.1168
-14.0102 11.1168
-13.8579 11.269
-13.7056 11.269
-13.401 11.4213
-13.2487 11.4213
-12.9442 11.5736
-12.7919 11.5736
-12.4873 11.5736
-12.335 11.7259
-12.1827 11.7259
-11.8782 11.8782
-11.7259 11.8782
-11.5736 11.8782
-11.4213 12.0305
-11.1168 12.0305
-10.9645 12.1827
-10.8122 12.1827
-10.6599 12.335
-10.5076 12.335
-10.203 12.4873
-10.0508 12.4873
-9.89848 12.6396
-9.74619 12.7919
-9.59391 12.7919
-9.44162 12.9442
-9.13706 12.9442
-8.98477 13.0964
-8.83249 13.0964
-8.6802 13.2487
-8.52792 13.2487
-8.37563 13.401
-8.07107 13.401
-7.91878 13.5533
-7.7665 13.5533
-7.46193 13.7056
-7.30964 13.7056
-7.15736 13.7056
-7.00508 13.8579
-6.70051 13.8579
-6.54822 13.8579
-6.39594 13.8579
-6.09137 13.8579
-5.93909 13.8579
-5.7868 13.8579
-5.48223 13.8579
-5.32995 13.8579
-5.17766 13.8579
-4.8731 13.8579
-4.72081 13.7056
-4.56853 13.7056
-4.26396 13.7056
-4.11168 13.7056
-3.95939 13.5533
-3.80711 13.5533
-3.50254 13.5533
-3.35025 13.401
-3.19797 13.401
-3.04569 13.2487
-2.74112 13.2487
-2.58883 13.0964
-2.43655 13.0964
-2.28426 12.9442
-2.13198 12.9442
-1.82741 12.9442
-1.67513 12.7919
-1.52284 12.7919
-1.37056 12.6396
-1.21827 12.6396
-1.06599 12.4873
-0.761421 12.4873
-0.609137 12.335
-0.456853 12.335
-0.304569 12.1827
-0.152284 12.1827
0.152284 12.0305
0.304569 11.8782
0.456853 11.8782
0.609137 11.7259
0.761421 11.7259
0.913706 11.5736
1.21827 11.4213
1.37056 11.4213
1.52284 11.269
1.67513 11.269
1.82741 11.1168
1.9797 10.9645
2.13198 10.8122
2.28426 10.8122
2.58883 10.6599
2.74112 10.5076
2.8934 10.3553
3.04569 10.3553
3.19797 10.203
3.35025 10.0508
3.50254 9.89848
3.65482 9.74619
3.80711 9.59391
3.95939 9.44162
4.11168 9.28934
4.26396 9.13706
4.56853 9.13706
4.72081 8.98477
4.8731 8.83249
5.02538 8.52792
5.17766 8.37563
5.32995 8.22335
5.48223 8.07107
5.63452 7.91878
5.7868 7.7665
5.7868 7.61421
5.93909 7.46193
6.09137 7.30964
6.24365 7.00508
6.39594 6.85279
6.54822 6.70051
6.70051 6.54822
6.85279 6.24365
7.00508 6.09137
7.15736 5.93909
7.15736 5.7868
7.30964 5.48223
7.46193 5.32995
7.61421 5.02538
7.61421 4.8731
7.7665 4.56853
7.7665 4.41624
7.91878 4.11168
7.91878 3.95939
8.07107 3.65482
8.07107 3.50254
8.07107 3.19797
8.22335 3.04569
8.22335 2.74112
8.22335 2.58883
