7.7665 2.58883
7.7665 2.28426
7.7665 1.9797
7.7665 1.82741
7.7665 1.52284
7.7665 1.37056
7.7665 1.06599
7.7665 0.913706
7.61421 0.609137
7.61421 0.456853
7.46193 0.152284
7.46193 0
7.30964 -0.304569
7.30964 -0.456853
7.15736 -0.761421
7.00508 -0.913706
7.00508 -1.21827
6.85279 -1.37056
6.70051 -1.52284
6.54822 -1.82741
6.54822 -1.9797
6.39594 -2.13198
6.24365 -2.28426
6.09137 -2.58883
5.93909 -2.74112
5.7868 -2.8934
5.7868 -3.04569
5.63452 -3.35025
5.48223 -3.50254
5.32995 -3.65482
5.17766 -3.80711
5.02538 -4.11168
5.02538 -4.26396
4.8731 -4.41624
4.72081 -4.56853
4.56853 -4.72081
4.41624 -4.8731
4.26396 -5.02538
4.11168 -5.32995
3.95939 -5.48223
3.80711 -5.63452
3.65482 -5.7868
3.50254 -5.93909
3.35025 -6.09137
3.19797 -6.24365
3.04569 -6.39594
2.8934 -6.54822
2.74112 -6.54822
2.58883 -6.70051
2.28426 -6.85279
2.13198 -7.00508
1.9797 -7.15736
1.82741 -7.15736
1.52284 -7.30964
1.37056 -7.46193
1.21827 -7.46193
1.06599 -7.61421
0.761421 -7.61421
0.609137 -7.7665
0.456853 -7.7665
0.152284 -7.91878
0 -7.91878
-0.152284 -8.07107
-0.456853 -8.07107
-0.609137 -8.07107
-0.761421 -8.22335
-1.06599 -8.22335
-1.21827 -8.22335
-1.37056 -8.37563
-1.67513 -8.37563
-1.82741 -8.37563
-1.9797 -8.52792
-2.28426 -8.52792
-2.43655 -8.52792
-2.58883 -8.6802
-2.8934 -8.6802
-3.04569 -8.6802
-3.19797 -8.6802
-3.35025 -8.83249
-3.65482 -8.83249
-3.80711 -8.83249
-3.95939 -8.83249
-4.26396 -8.98477
-4.41624 -8.98477
-4.56853 -8.98477
-4.8731 -8.98477
-5.02538 -8.98477
-5.17766 -8.98477
-5.48223 -8.98477
-5.63452 -9.13706
-5.7868 -9.13706
-5.93909 -9.13706
-6.24365 -9.13706
-6.39594 -9.13706
-6.54822 -8.98477
-6.85279 -8.98477
-7.00508 -8.98477
-7.15736 -8.98477
-7.46193 -8.98477
-7.61421 -8.83249
-7.7665 -8.83249
-8.07107 -8.83249
-8.22335 -8.6802
-8.37563 -8.6802
-8.52792 -8.6802
-8.83249 -8.52792
-8.98477 -8.52792
-9.13706 -8.37563
-9.28934 -8.37563
-9.44162 -8.22335
-9.74619 -8.22335
-9.89848 -8.07107
-10.0508 -7.91878
-10.203 -7.91878
-10.3553 -7.7665
-10.5076 -7.7665
-10.8122 -7.61421
-10.9645 -7.46193
-11.1168 -7.46193
-11.269 -7.30964
-11.4213 -7.30964
-11.5736 -7.15736
-11.8782 -7.00508
-12.0305 -7.00508
-12.1827 -6.85279
-12.335 -6.85279
-12.4873 -6.70051
-12.6396 -6.54822
-12.9442 -6.54822
-13.0964 -6.39594
-13.2487 -6.39594
-13.401 -6.24365
-13.5533 -6.09137
-13.7056 -5.93909
-13.8579 -5.93909
-14.1624 -5.7868
-14.3147 -5.63452
-14.467 -5.48223
-14.6193 -5.32995
-14.7716 -5.32995
-14.9239 -5.17766
-15.0761 -5.02538
-15.2284 -4.8731
-15.3807 -4.72081
-15.533 -4.56853
-15.6853 -4.41624
-15.8376 -4.26396
-15.9898 -4.11168
-15.9898 -3.80711
-16.1421 -3.65482
-16.2944 -3.50254
-16.4467 -3.35025
-16.4467 -3.19797
-16.599 -3.04569
-16.7513 -2.74112
-16.7513 -2.58883
-16.9036 -2.43655
-17.0558 -2.28426
-17.0558 -1.9797
-17.2081 -1.82741
-17.3604 -1.67513
-17.3604 -1.52284
-17.5127 -1.21827
-17.5127 -1.06599
-17.665 -0.913706
-17.8173 -0.761421
-17.8173 -0.456853
-17.9695 -0.304569
-17.9695 -0.152284
-18.1218 0.152284
-18.2741 0.304569
-18.4264 0.456853
-18.4264 0.761421
-18.5787 0.913706
-18.731 1.21827
-18.731 1.37056
-18.8832 1.67513
-19.0355 1.82741
-19.0355 1.9797
-19.1878 2.28426
-19.1878 2.58883
-19.3401 2.74112
-19.3401 3.04569
-19.4924 3.19797
-19.4924 3.50254
-19.4924 3.65482
-19.6447 3.95939
-19.6447 4.26396
-19.6447 4.41624
-19.6447 4.72081
-19.6447 5.02538
-19.6447 5.17766
-19.6447 5.48223
-19.6447 5.63452
-19.6447 5.93909
-19.4924 6.24365
-19.4924 6.39594
-19.3401 6.70051
-19.3401 6.85279
-19.1878 7.15736
-19.0355 7.30964
-18.8832 7.61421
-18.8832 7.7665
-18.731 7.91878
-18.5787 8.22335
-18.4264 8.37563
-18.2741 8.52792
-18.1218 8.6802
-17.8173 8.98477
-17.665 9.13706
-17.5127 9.28934
-17.3604 9.44162
-17.2081 9.59391
-16.9036 9.74619
-16.7513 9.89848
-16.599 10.0508
-16.2944 10.203
-16.1421 10.203
-15.8376 10.3553
-15.6853 10.5076
-15.533 10.6599
-15.2284 10.6599
-15.0761 10.8122
-14.7716 10.9645
-14.6193 10.9645
-14.3147 11.1168
-14.1624 11.1168
-14.0102 11.269
-13.7056 11.269
-13.5533 11.4213
-13.2487 11.4213
-13.0964 11.5736
-12.9442 11.5736
-12.7919 11.7259
-12.4873 11.7259
-12.335 11.8782
-12.1827 11.8782
-11.8782 12.0305
-11.7259 12.0305
-11.5736 12.1827
-11.4213 12.1827
-11.269 12.335
-11.1168 12.335
-10.9645 12.4873
-10.6599 12.6396
-10.5076 12.6396
-10.3553 12.7919
-10.203 12.9442
-10.0508 12.9442
-9.89848 13.0964
-9.74619 13.2487
-9.59391 13.401
-9.28934 13.401
-9.13706 13.5533
-8.98477 13.7056
-8.83249 13.7056
-8.6802 13.8579
-8.37563 13.8579
-8.22335 14.0102
-8.07107 14.1624
-7.91878 14.1624
-7.61421 14.1624
-7.46193 14.3147
-7.30964 14.3147
-7.00508 14.3147
-6.85279 14.467
-6.70051 14.467
-6.39594 14.467
-6.24365 14.467
-6.09137 14.467
-5.7868 14.467
-5.63452 14.467
-5.32995 14.3147
-5.17766 14.3147
-5.02538 14.3147
-4.72081 14.3147
-4.56853 14.1624
-4.41624 14.1624
-4.11168 14.0102
-3.95939 14.0102
-3.80711 14.0102
-3.65482 13.8579
-3.35025 13.8579
-3.19797 13.7056
-3.04569 13.7056
-2.8934 13.5533
-2.58883 13.5533
-2.43655 13.401
-2.28426 13.401
-2.13198 13.2487
-1.9797 13.0964
-1.67513 13.0964
-1.52284 12.9442
-1.37056 12.9442
-1.21827 12.7919
-1.06599 12.7919
-0.913706 12.6396
-0.609137 12.6396
-0.456853 12.4873
-0.304569 12.4873
-0.152284 12.335
0 12.335
0.304569 12.1827
0.456853 12.0305
0.609137 12.0305
0.761421 11.8782
0.913706 11.8782
1.06599 11.7259
1.21827 11.5736
1.52284 11.4213
1.67513 11.4213
1.82741 11.269
1.9797 11.1168
2.13198 10.9645
2.28426 10.9645
2.43655 10.8122
2.58883 10.6599
2.74112 10.5076
2.8934 10.3553
3.04569 10.203
3.19797 10.0508
3.35025 9.89848
3.50254 9.74619
3.65482 9.59391
3.80711 9.59391
3.95939 9.44162
4.11168 9.28934
4.26396 8.98477
4.41624 8.83249
4.56853 8.6802
4.72081 8.52792
4.8731 8.37563
5.02538 8.22335
5.17766 8.07107
5.17766 7.91878
5.32995 7.7665
5.48223 7.61421
5.63452 7.46193
5.7868 7.15736
5.93909 7.00508
6.09137 6.85279
6.24365 6.70051
6.39594 6.39594
6.54822 6.24365
6.70051 6.09137
6.70051 5.93909
6.85279 5.63452
7.00508 5.48223
7.15736 5.32995
7.15736 5.02538
7.30964 4.8731
7.46193 4.56853
7.46193 4.41624
7.61421 4.11168
7.61421 3.95939
7.61421 3.65482
7.7665 3.50254
7.7665 3.19797
7.7665 3.04569
7.7665 2.74112
