7.46193 2.74112
7.46193 2.58883
7.61421 2.28426
7.61421 2.13198
7.61421 1.82741
7.61421 1.52284
7.61421 1.37056
7.61421 1.06599
7.61421 0.913706
7.61421 0.609137
7.46193 0.304569
7.46193 0.152284
7.30964 -0.152284
7.30964 -0.304569
7.15736 -0.609137
7.15736 -0.761421
7.00508 -0.913706
6.85279 -1.21827
6.85279 -1.37056
6.70051 -1.67513
6.54822 -1.82741
6.39594 -1.9797
6.24365 -2.28426
6.09137 -2.43655
6.09137 -2.58883
5.93909 -2.8934
5.7868 -3.04569
5.63452 -3.19797
5.48223 -3.35025
5.32995 -3.65482
5.17766 -3.80711
5.02538 -3.95939
4.8731 -4.11168
4.72081 -4.26396
4.56853 -4.41624
4.41624 -4.56853
4.26396 -4.8731
4.11168 -5.02538
3.95939 -5.17766
3.80711 -5.32995
3.65482 -5.48223
3.50254 -5.63452
3.35025 -5.7868
3.19797 -5.93909
3.04569 -5.93909
2.74112 -6.09137
2.58883 -6.24365
2.43655 -6.39594
2.28426 -6.54822
2.13198 -6.70051
1.82741 -6.70051
1.67513 -6.85279
1.52284 -7.00508
1.37056 -7.15736
1.06599 -7.15736
0.913706 -7.30964
0.761421 -7.46193
0.456853 -7.46193
0.304569 -7.61421
0.152284 -7.61421
0 -7.7665
-0.304569 -7.7665
-0.456853 -7.91878
-0.609137 -7.91878
-0.913706 -8.07107
-1.06599 -8.07107
-1.21827 -8.07107
-1.52284 -8.22335
-1.67513 -8.22335
-1.82741 -8.22335
-2.13198 -8.37563
-2.28426 -8.37563
-2.43655 -8.37563
-2.74112 -8.37563
-2.8934 -8.52792
-3.04569 -8.52792
-3.35025 -8.52792
-3.50254 -8.52792
-3.65482 -8.52792
-3.95939 -8.6802
-4.11168 -8.6802
-4.26396 -8.6802
-4.56853 -8.6802
-4.72081 -8.6802
-4.8731 -8.6802
-5.17766 -8.6802
-5.32995 -8.6802
-5.48223 -8.6802
-5.7868 -8.6802
-5.93909 -8.6802
-6.09137 -8.6802
-6.39594 -8.6802
-6.54822 -8.6802
-6.70051 -8.6802
-7.00508 -8.6802
-7.15736 -8.6802
-7.30964 -8.52792
-7.46193 -8.52792
-7.7665 -8.52792
-7.91878 -8.52792
-8.07107 -8.37563
-8.37563 -8.37563
-8.52792 -8.37563
-8.6802 -8.22335
-8.83249 -8.22335
-9.13706 -8.22335
-9.28934 -8.07107
-9.44162 -8.07107
-9.59391 -8.07107
-9.89848 -7.91878
-10.0508 -7.91878
-10.203 -7.7665
-10.3553 -7.7665
-10.5076 -7.61421
-10.8122 -7.61421
-10.9645 -7.46193
-11.1168 -7.46193
-11.269 -7.30964
-11.4213 -7.30964
-11.7259 -7.15736
-11.8782 -7.15736
-12.0305 -7.00508
-12.1827 -7.00508
-12.335 -6.85279
-12.6396 -6.70051
-12.7919 -6.70051
-12.9442 -6.54822
-13.0964 -6.39594
-13.2487 -6.39594
-13.401 -6.24365
-13.7056 -6.09137
-13.8579 -6.09137
-14.0102 -5.93909
-14.1624 -5.7868
-14.3147 -5.7868
-14.467 -5.63452
-14.7716 -5.48223
-14.9239 -5.32995
-15.0761 -5.17766
-15.2284 -5.17766
-15.3807 -5.02538
-15.533 -4.8731
-15.6853 -4.72081
-15.8376 -4.56853
-15.9898 -4.41624
-16.1421 -4.26396
-16.2944 -4.11168
-16.4467 -3.95939
-16.599 -3.80711
-16.7513 -3.65482
-16.9036 -3.50254
-17.0558 -3.35025
-17.2081 -3.19797
-17.3604 -2.8934
-17.5127 -2.74112
-17.665 -2.58883
-17.8173 -2.43655
-17.9695 -2.28426
-18.1218 -1.9797
-18.2741 -1.82741
-18.2741 -1.67513
-18.4264 -1.52284
-18.5787 -1.21827
-18.731 -1.06599
-18.731 -0.913706
-18.8832 -0.609137
-19.0355 -0.456853
-19.1878 -0.152284
-19.1878 0
-19.3401 0.152284
-19.3401 0.456853
-19.4924 0.609137
-19.4924 0.913706
-19.6447 1.06599
-19.6447 1.37056
-19.797 1.52284
-19.797 1.82741
-19.9492 2.13198
-19.9492 2.28426
-19.9492 2.58883
-20.1015 2.74112
-20.1015 3.04569
-20.1015 3.19797
-20.1015 3.50254
-20.1015 3.80711
-20.1015 3.95939
-20.1015 4.26396
-20.1015 4.56853
-20.1015 4.72081
-20.1015 5.02538
-19.9492 5.17766
-19.9492 5.48223
-19.9492 5.63452
-19.797 5.93909
-19.797 6.24365
-19.6447 6.39594
-19.6447 6.70051
-19.4924 6.85279
-19.3401 7.15736
-19.3401 7.30964
-19.1878 7.46193
-19.0355 7.7665
-18.8832 7.91878
-18.731 8.07107
-18.5787 8.37563
-18.4264 8.52792
-18.2741 8.6802
-18.1218 8.83249
-17.9695 9.13706
-17.8173 9.28934
-17.665 9.44162
-17.5127 9.59391
-17.2081 9.74619
-17.0558 9.89848
-16.9036 10.0508
-16.7513 10.203
-16.599 10.3553
-16.2944 10.5076
-16.1421 10.6599
-15.9898 10.8122
-15.8376 10.9645
-15.6853 10.9645
-15.3807 11.1168
-15.2284 11.269
-15.0761 11.4213
-14.9239 11.5736
-14.6193 11.5736
-14.467 11.7259
-14.3147 11.8782
-14.1624 11.8782
-13.8579 12.0305
-13.7056 12.1827
-13.5533 12.1827
-13.401 12.335
-13.0964 12.4873
-12.9442 12.4873
-12.7919 12.6396
-12.6396 12.6396
-12.335 12.7919
-12.1827 12.9442
-12.0305 12.9442
-11.8782 13.0964
-11.5736 13.0964
-11.4213 13.2487
-11.269 13.2487
-11.1168 13.401
-10.8122 13.401
-10.6599 13.5533
-10.5076 13.5533
-10.3553 13.7056
-10.0508 13.7056
-9.89848 13.8579
-9.74619 13.8579
-9.59391 13.8579
-9.28934 14.0102
-9.13706 14.0102
-8.98477 14.0102
-8.6802 14.1624
-8.52792 14.1624
-8.37563 14.1624
-8.22335 14.1624
-7.91878 14.3147
-7.7665 14.3147
-7.61421 14.3147
-7.30964 14.3147
-7.15736 14.3147
-7.00508 14.3147
-6.70051 14.3147
-6.54822 14.3147
-6.39594 14.3147
-6.09137 14.3147
-5.93909 14.3147
-5.7868 14.3147
-5.48223 14.3147
-5.32995 14.1624
-5.17766 14.1624
-4.8731 14.1624
-4.72081 14.1624
-4.56853 14.1624
-4.41624 14.0102
-4.11168 14.0102
-3.95939 14.0102
-3.80711 13.8579
-3.50254 13.8579
-3.35025 13.8579
-3.19797 13.7056
-3.04569 13.7056
-2.8934 13.5533
-2.58883 13.5533
-2.43655 13.5533
-2.28426 13.401
-2.13198 13.401
-1.82741 13.2487
-1.67513 13.2487
-1.52284 13.0964
-1.37056 13.0964
-1.06599 13.0964
-0.913706 12.9442
-0.761421 12.9442
-0.609137 12.7919
-0.456853 12.6396
-0.152284 12.6396
0 12.4873
0.152284 12.4873
0.304569 12.335
0.456853 12.335
0.761421 12.1827
0.913706 12.0305
1.06599 12.0305
1.21827 11.8782
1.37056 11.7259
1.52284 11.5736
1.67513 11.5736
1.9797 11.4213
2.13198 11.269
2.28426 11.1168
2.43655 10.9645
2.58883 10.9645
2.74112 10.8122
2.8934 10.6599
3.04569 10.5076
3.19797 10.3553
3.35025 10.203
3.50254 10.0508
3.65482 9.89848
3.80711 9.74619
3.95939 9.59391
4.11168 9.44162
4.26396 9.28934
4.41624 9.13706
4.56853 8.98477
4.72081 8.83249
4.8731 8.6802
5.02538 8.52792
5.17766 8.22335
5.32995 8.07107
5.48223 7.91878
5.48223 7.7665
5.63452 7.61421
5.7868 7.30964
5.93909 7.15736
6.09137 7.00508
6.09137 6.70051
6.24365 6.54822
6.39594 6.39594
6.54822 6.09137
6.54822 5.93909
6.70051 5.7868
6.85279 5.48223
6.85279 5.32995
7.00508 5.02538
7.00508 4.8731
7.15736 4.56853
7.15736 4.41624
7.30964 4.11168
7.30964 3.95939
7.30964 3.65482
7.46193 3.50254
7.46193 3.19797
7.46193 3.04569
