7.46193 2.8934
7.46193 2.58883
7.61421 2.43655
7.61421 2.13198
7.61421 1.9797
7.61421 1.67513
7.61421 1.52284
7.61421 1.21827
7.61421 0.913706
7.61421 0.761421
7.61421 0.456853
7.46193 0.304569
7.46193 0
7.30964 -0.152284
7.30964 -0.456853
7.15736 -0.609137
7.00508 -0.913706
7.00508 -1.06599
6.85279 -1.37056
6.70051 -1.52284
6.54822 -1.67513
6.54822 -1.9797
6.39594 -2.13198
6.24365 -2.28426
6.09137 -2.58883
5.93909 -2.74112
5.7868 -2.8934
5.63452 -3.04569
5.48223 -3.35025
5.32995 -3.50254
5.17766 -3.65482
5.02538 -3.80711
4.8731 -3.95939
4.72081 -4.11168
4.56853 -4.41624
4.41624 -4.56853
4.26396 -4.72081
4.11168 -4.8731
3.95939 -5.02538
3.80711 -5.17766
3.65482 -5.32995
3.50254 -5.48223
3.35025 -5.63452
3.19797 -5.7868
3.04569 -5.93909
2.8934 -6.09137
2.58883 -6.24365
2.43655 -6.24365
2.28426 -6.39594
2.13198 -6.54822
1.9797 -6.70051
1.67513 -6.85279
1.52284 -6.85279
1.37056 -7.00508
1.21827 -7.15736
0.913706 -7.15736
0.761421 -7.30964
0.609137 -7.46193
0.456853 -7.46193
0.152284 -7.61421
0 -7.61421
-0.152284 -7.7665
-0.456853 -7.7665
-0.609137 -7.91878
-0.761421 -7.91878
-1.06599 -8.07107
-1.21827 -8.07107
-1.37056 -8.07107
-1.67513 -8.22335
-1.82741 -8.22335
-1.9797 -8.22335
-2.28426 -8.37563
-2.43655 -8.37563
-2.58883 -8.37563
-2.8934 -8.52792
-3.04569 -8.52792
-3.19797 -8.52792
-3.50254 -8.52792
-3.65482 -8.52792
-3.80711 -8.52792
-4.11168 -8.6802
-4.26396 -8.6802
-4.41624 -8.6802
-4.72081 -8.6802
-4.8731 -8.6802
-5.02538 -8.6802
-5.32995 -8.6802
-5.48223 -8.6802
-5.63452 -8.6802
-5.93909 -8.6802
-6.09137 -8.6802
-6.24365 -8.52792
-6.54822 -8.52792
-6.70051 -8.52792
-6.85279 -8.52792
-7.15736 -8.52792
-7.30964 -8.52792
-7.46193 -8.37563
-7.61421 -8.37563
-7.91878 -8.37563
-8.07107 -8.37563
-8.22335 -8.22335
-8.52792 -8.22335
-8.6802 -8.22335
-8.83249 -8.07107
-8.98477 -8.07107
-9.28934 -8.07107
-9.44162 -7.91878
-9.59391 -7.91878
-9.74619 -7.7665
-10.0508 -7.7665
-10.203 -7.7665
-10.3553 -7.61421
-10.5076 -7.61421
-10.6599 -7.46193
-10.9645 -7.46193
-11.1168 -7.30964
-11.269 -7.30964
-11.4213 -7.15736
-11.5736 -7.15736
-11.8782 -7.00508
-12.0305 -6.85279
-12.1827 -6.85279
-12.335 -6.70051
-12.4873 -6.70051
-12.7919 -6.54822
-12.9442 -6.39594
-13.0964 -6.39594
-13.2487 -6.24365
-13.401 -6.09137
-13.5533 -6.09137
-13.8579 -5.93909
-14.0102 -5.7868
-14.1624 -5.7868
-14.3147 -5.63452
-14.467 -5.48223
-14.6193 -5.32995
-14.7716 -5.17766
-15.0761 -5.17766
-15.2284 -5.02538
-15.3807 -4.8731
-15.533 -4.72081
-15.6853 -4.56853
-15.8376 -4.41624
-15.9898 -4.26396
-16.1421 -4.11168
-16.2944 -3.95939
-16.4467 -3.80711
-16.599 -3.65482
-16.7513 -3.50254
-16.9036 -3.35025
-17.0558 -3.19797
-17.2081 -3.04569
-17.3604 -2.8934
-17.5127 -2.58883
-17.665 -2.43655
-17.8173 -2.28426
-17.9695 -2.13198
-17.9695 -1.9797
-18.1218 -1.67513
-18.2741 -1.52284
-18.4264 -1.37056
-18.5787 -1.06599
-18.5787 -0.913706
-18.731 -0.761421
-18.8832 -0.456853
-19.0355 -0.304569
-19.0355 -0.152284
-19.1878 0.152284
-19.1878 0.304569
-19.3401 0.609137
-19.4924 0.761421
-19.4924 1.06599
-19.6447 1.21827
-19.6447 1.52284
-19.797 1.67513
-19.797 1.9797
-19.797 2.13198
-19.9492 2.43655
-19.9492 2.58883
-19.9492 2.8934
-19.9492 3.19797
-20.1015 3.35025
-20.1015 3.65482
-20.1015 3.80711
-20.1015 4.11168
-20.1015 4.41624
-20.1015 4.56853
-20.1015 4.8731
-19.9492 5.17766
-19.9492 5.32995
-19.9492 5.63452
-19.797 5.7868
-19.797 6.09137
-19.6447 6.24365
-19.6447 6.54822
-19.4924 6.70051
-19.4924 7.00508
-19.3401 7.15736
-19.1878 7.46193
-19.0355 7.61421
-19.0355 7.91878
-18.8832 8.07107
-18.731 8.22335
-18.5787 8.37563
-18.4264 8.6802
-18.2741 8.83249
-18.1218 8.98477
-17.9695 9.13706
-17.8173 9.44162
-17.665 9.59391
-17.5127 9.74619
-17.2081 9.89848
-17.0558 10.0508
-16.9036 10.203
-16.7513 10.3553
-16.599 10.5076
-16.2944 10.6599
-16.1421 10.8122
-15.9898 10.9645
-15.8376 11.1168
-15.6853 11.1168
-15.3807 11.269
-15.2284 11.4213
-15.0761 11.5736
-14.9239 11.7259
-14.6193 11.7259
-14.467 11.8782
-14.3147 12.0305
-14.1624 12.0305
-13.8579 12.1827
-13.7056 12.335
-13.5533 12.335
-13.2487 12.4873
-13.0964 12.6396
-12.9442 12.6396
-12.7919 12.7919
-12.4873 12.7919
-12.335 12.9442
-12.1827 12.9442
-12.0305 13.0964
-11.7259 13.2487
-11.5736 13.2487
-11.4213 13.401
-11.269 13.401
-10.9645 13.5533
-10.8122 13.5533
-10.6599 13.7056
-10.5076 13.7056
-10.203 13.7056
-10.0508 13.8579
-9.89848 13.8579
-9.74619 14.0102
-9.44162 14.0102
-9.28934 14.0102
-9.13706 14.1624
-8.83249 14.1624
-8.6802 14.1624
-8.52792 14.3147
-8.37563 14.3147
-8.07107 14.3147
-7.91878 14.3147
-7.7665 14.3147
-7.46193 14.467
-7.30964 14.467
-7.15736 14.467
-6.85279 14.467
-6.70051 14.467
-6.54822 14.467
-6.24365 14.467
-6.09137 14.467
-5.93909 14.467
-5.63452 14.467
-5.48223 14.3147
-5.32995 14.3147
-5.02538 14.3147
-4.8731 14.3147
-4.72081 14.3147
-4.56853 14.1624
-4.26396 14.1624
-4.11168 14.1624
-3.95939 14.1624
-3.65482 14.0102
-3.50254 14.0102
-3.35025 14.0102
-3.19797 13.8579
-2.8934 13.8579
-2.74112 13.8579
-2.58883 13.7056
-2.43655 13.7056
-2.13198 13.5533
-1.9797 13.5533
-1.82741 13.401
-1.67513 13.401
-1.52284 13.2487
-1.21827 13.2487
-1.06599 13.0964
-0.913706 13.0964
-0.761421 12.9442
-0.609137 12.9442
-0.304569 12.7919
-0.152284 12.7919
0 12.6396
0.152284 12.4873
0.304569 12.4873
0.456853 12.335
0.761421 12.1827
0.913706 12.1827
1.06599 12.0305
1.21827 11.8782
1.37056 11.8782
1.52284 11.7259
1.67513 11.5736
1.9797 11.4213
2.13198 11.4213
2.28426 11.269
2.43655 11.1168
2.58883 10.9645
2.74112 10.8122
2.8934 10.8122
3.04569 10.6599
3.19797 10.5076
3.35025 10.3553
3.50254 10.203
3.65482 10.0508
3.80711 9.89848
4.11168 9.74619
4.26396 9.59391
4.41624 9.44162
4.41624 9.28934
4.56853 9.13706
4.72081 8.98477
4.8731 8.83249
5.02538 8.52792
5.17766 8.37563
5.32995 8.22335
5.48223 8.07107
5.63452 7.91878
5.7868 7.61421
5.7868 7.46193
5.93909 7.30964
6.09137 7.15736
6.24365 6.85279
6.24365 6.70051
6.39594 6.54822
6.54822 6.24365
6.54822 6.09137
6.70051 5.7868
6.85279 5.63452
6.85279 5.48223
7.00508 5.17766
7.00508 5.02538
7.15736 4.72081
7.15736 4.56853
7.15736 4.26396
7.30964 4.11168
7.30964 3.80711
7.30964 3.65482
7.46193 3.35025
7.46193 3.19797
