7.7665 3.04569
7.7665 2.74112
7.91878 2.43655
7.91878 2.28426
7.91878 1.9797
7.91878 1.82741
7.91878 1.52284
7.91878 1.21827
7.7665 1.06599
7.7665 0.761421
7.7665 0.609137
7.61421 0.304569
7.61421 0.152284
7.46193 -0.152284
7.46193 -0.304569
7.30964 -0.609137
7.15736 -0.761421
7.00508 -1.06599
7.00508 -1.21827
6.85279 -1.37056
6.70051 -1.67513
6.54822 -1.82741
6.39594 -1.9797
6.24365 -2.13198
6.09137 -2.43655
5.93909 -2.58883
5.93909 -2.74112
5.7868 -3.04569
5.63452 -3.19797
5.48223 -3.35025
5.32995 -3.50254
5.17766 -3.65482
5.02538 -3.80711
4.8731 -4.11168
4.72081 -4.26396
4.56853 -4.41624
4.41624 -4.56853
4.26396 -4.72081
4.11168 -4.8731
3.95939 -5.02538
3.80711 -5.17766
3.65482 -5.32995
3.50254 -5.48223
3.35025 -5.63452
3.19797 -5.7868
3.04569 -5.93909
2.8934 -6.09137
2.74112 -6.24365
2.43655 -6.39594
2.28426 -6.54822
2.13198 -6.70051
1.9797 -6.70051
1.67513 -6.85279
1.52284 -7.00508
1.37056 -7.15736
1.21827 -7.15736
0.913706 -7.30964
0.761421 -7.46193
0.609137 -7.46193
0.456853 -7.61421
0.152284 -7.61421
0 -7.7665
-0.152284 -7.7665
-0.456853 -7.91878
-0.609137 -7.91878
-0.761421 -8.07107
-1.06599 -8.07107
-1.21827 -8.07107
-1.52284 -8.22335
-1.67513 -8.22335
-1.82741 -8.22335
-2.13198 -8.37563
-2.28426 -8.37563
-2.43655 -8.37563
-2.74112 -8.37563
-2.8934 -8.52792
-3.04569 -8.52792
-3.35025 -8.52792
-3.50254 -8.52792
-3.65482 -8.52792
-3.95939 -8.52792
-4.11168 -8.52792
-4.41624 -8.52792
-4.56853 -8.52792
-4.72081 -8.52792
-5.02538 -8.52792
-5.17766 -8.52792
-5.32995 -8.52792
-5.63452 -8.52792
-5.7868 -8.52792
-5.93909 -8.52792
-6.24365 -8.52792
-6.39594 -8.52792
-6.54822 -8.37563
-6.70051 -8.37563
-7.00508 -8.37563
-7.15736 -8.37563
-7.30964 -8.37563
-7.61421 -8.22335
-7.7665 -8.22335
-7.91878 -8.22335
-8.07107 -8.07107
-8.37563 -8.07107
-8.52792 -7.91878
-8.6802 -7.91878
-8.83249 -7.91878
-9.13706 -7.7665
-9.28934 -7.7665
-9.44162 -7.61421
-9.59391 -7.61421
-9.74619 -7.46193
-9.89848 -7.46193
-10.203 -7.30964
-10.3553 -7.30964
-10.5076 -7.15736
-10.6599 -7.15736
-10.8122 -7.00508
-11.1168 -7.00508
-11.269 -6.85279
-11.4213 -6.85279
-11.5736 -6.70051
-11.7259 -6.70051
-11.8782 -6.54822
-12.1827 -6.54822
-12.335 -6.39594
-12.4873 -6.24365
-12.6396 -6.24365
-12.7919 -6.09137
-13.0964 -6.09137
-13.2487 -5.93909
-13.401 -5.7868
-13.5533 -5.7868
-13.7056 -5.63452
-13.8579 -5.48223
-14.1624 -5.48223
-14.3147 -5.32995
-14.467 -5.17766
-14.6193 -5.02538
-14.7716 -5.02538
-14.9239 -4.8731
-15.2284 -4.72081
-15.3807 -4.56853
-15.533 -4.41624
-15.6853 -4.26396
-15.8376 -4.11168
-15.9898 -4.11168
-16.1421 -3.95939
-16.2944 -3.80711
-16.4467 -3.50254
-16.599 -3.35025
-16.7513 -3.19797
-16.9036 -3.04569
-17.0558 -2.8934
-17.2081 -2.74112
-17.3604 -2.58883
-17.5127 -2.43655
-17.665 -2.13198
-17.8173 -1.9797
-17.8173 -1.82741
-17.9695 -1.67513
-18.1218 -1.37056
-18.2741 -1.21827
-18.4264 -1.06599
-18.4264 -0.761421
-18.5787 -0.609137
-18.731 -0.456853
-18.731 -0.152284
-18.8832 0
-19.0355 0.152284
-19.0355 0.456853
-19.1878 0.609137
-19.3401 0.913706
-19.3401 1.06599
-19.4924 1.37056
-19.4924 1.52284
-19.6447 1.82741
-19.6447 1.9797
-19.6447 2.28426
-19.797 2.43655
-19.797 2.74112
-19.797 3.04569
-19.9492 3.19797
-19.9492 3.50254
-19.9492 3.65482
-19.9492 3.95939
-19.9492 4.26396
-19.9492 4.41624
-19.9492 4.72081
-19.9492 5.02538
-19.9492 5.17766
-19.9492 5.48223
-19.797 5.63452
-19.797 5.93909
-19.6447 6.09137
-19.6447 6.39594
-19.4924 6.70051
-19.4924 6.85279
-19.3401 7.00508
-19.1878 7.30964
-19.1878 7.46193
-19.0355 7.7665
-18.8832 7.91878
-18.731 8.07107
-18.5787 8.37563
-18.4264 8.52792
-18.2741 8.6802
-18.1218 8.98477
-17.9695 9.13706
-17.8173 9.28934
-17.665 9.44162
-17.5127 9.59391
-17.3604 9.74619
-17.0558 9.89848
-16.9036 10.0508
-16.7513 10.203
-16.599 10.3553
-16.4467 10.5076
-16.2944 10.6599
-15.9898 10.8122
-15.8376 10.9645
-15.6853 11.1168
-15.533 11.269
-15.3807 11.4213
-15.0761 11.5736
-14.9239 11.7259
-14.7716 11.7259
-14.6193 11.8782
-14.3147 12.0305
-14.1624 12.1827
-14.0102 12.1827
-13.8579 12.335
-13.7056 12.4873
-13.401 12.6396
-13.2487 12.6396
-13.0964 12.7919
-12.9442 12.9442
-12.6396 12.9442
-12.4873 13.0964
-12.335 13.0964
-12.1827 13.2487
-11.8782 13.401
-11.7259 13.401
-11.5736 13.5533
-11.4213 13.5533
-11.1168 13.7056
-10.9645 13.7056
-10.8122 13.8579
-10.6599 13.8579
-10.3553 14.0102
-10.203 14.0102
-10.0508 14.0102
-9.74619 14.1624
-9.59391 14.1624
-9.44162 14.1624
-9.13706 14.3147
-8.98477 14.3147
-8.83249 14.3147
-8.6802 14.467
-8.37563 14.467
-8.22335 14.467
-8.07107 14.467
-7.7665 14.467
-7.61421 14.6193
-7.46193 14.6193
-7.15736 14.6193
-7.00508 14.6193
-6.85279 14.6193
-6.54822 14.6193
-6.39594 14.6193
-6.24365 14.6193
-5.93909 14.6193
-5.7868 14.467
-5.63452 14.467
-5.32995 14.467
-5.17766 14.467
-5.02538 14.467
-4.72081 14.467
-4.56853 14.3147
-4.41624 14.3147
-4.11168 14.3147
-3.95939 14.3147
-3.80711 14.1624
-3.65482 14.1624
-3.35025 14.1624
-3.19797 14.0102
-3.04569 14.0102
-2.8934 14.0102
-2.58883 13.8579
-2.43655 13.8579
-2.28426 13.8579
-2.13198 13.7056
-1.82741 13.7056
-1.67513 13.5533
-1.52284 13.5533
-1.37056 13.5533
-1.06599 13.401
-0.913706 13.401
-0.761421 13.2487
-0.609137 13.2487
-0.304569 13.0964
-0.152284 13.0964
0 12.9442
0.152284 12.9442
0.456853 12.7919
0.609137 12.6396
0.761421 12.6396
0.913706 12.4873
1.06599 12.335
1.37056 12.335
1.52284 12.1827
1.67513 12.0305
1.82741 12.0305
1.9797 11.8782
2.13198 11.7259
2.28426 11.5736
2.43655 11.4213
2.74112 11.269
2.8934 11.269
3.04569 11.1168
3.19797 10.9645
3.35025 10.8122
3.50254 10.6599
3.65482 10.5076
3.80711 10.3553
3.95939 10.203
3.95939 10.0508
4.11168 9.89848
4.26396 9.59391
4.41624 9.44162
4.56853 9.28934
4.72081 9.13706
4.8731 8.98477
5.02538 8.83249
5.17766 8.6802
5.17766 8.52792
5.32995 8.22335
5.48223 8.07107
5.63452 7.91878
5.7868 7.7665
5.93909 7.61421
5.93909 7.30964
6.09137 7.15736
6.24365 7.00508
6.39594 6.70051
6.54822 6.54822
6.54822 6.39594
6.70051 6.09137
6.85279 5.93909
6.85279 5.7868
7.00508 5.48223
7.15736 5.32995
7.15736 5.02538
7.30964 4.8731
7.30964 4.56853
7.46193 4.41624
7.46193 4.11168
7.61421 3.95939
7.61421 3.65482
7.61421 3.50254
7.7665 3.19797
