6.39594 2.13198
6.54822 1.82741
6.54822 1.52284
6.54822 1.06599
6.54822 0.761421
6.54822 0.456853
6.54822 0.152284
6.54822 -0.152284
6.39594 -0.456853
6.39594 -0.761421
6.24365 -1.21827
6.24365 -1.52284
6.09137 -1.82741
5.93909 -2.13198
5.7868 -2.43655
5.63452 -2.58883
5.48223 -2.8934
5.17766 -3.19797
5.02538 -3.50254
4.8731 -3.80711
4.56853 -3.95939
4.41624 -4.26396
4.26396 -4.56853
3.95939 -4.72081
3.65482 -5.02538
3.50254 -5.17766
3.19797 -5.32995
2.8934 -5.63452
2.74112 -5.7868
2.43655 -5.93909
2.13198 -6.09137
1.82741 -6.39594
1.67513 -6.54822
1.37056 -6.70051
1.06599 -6.85279
0.761421 -7.00508
0.609137 -7.15736
0.304569 -7.30964
0 -7.46193
-0.304569 -7.46193
-0.456853 -7.61421
-0.761421 -7.7665
-1.06599 -7.91878
-1.37056 -8.07107
-1.52284 -8.07107
-1.82741 -8.22335
-2.13198 -8.37563
-2.28426 -8.52792
-2.58883 -8.52792
-2.74112 -8.6802
-3.04569 -8.83249
-3.19797 -8.83249
-3.50254 -8.98477
-3.65482 -9.13706
-3.95939 -9.28934
-4.11168 -9.28934
-4.41624 -9.44162
-4.56853 -9.59391
-4.72081 -9.74619
-5.02538 -9.74619
-5.17766 -9.89848
-5.48223 -10.0508
-5.63452 -10.0508
-5.93909 -10.203
-6.09137 -10.3553
-6.39594 -10.3553
-6.54822 -10.5076
-6.85279 -10.5076
-7.00508 -10.6599
-7.30964 -10.6599
-7.46193 -10.8122
-7.7665 -10.8122
-7.91878 -10.9645
-8.22335 -10.9645
-8.37563 -10.9645
-8.6802 -10.9645
-8.83249 -11.1168
-9.13706 -11.1168
-9.28934 -11.1168
-9.59391 -11.1168
-9.89848 -11.1168
-10.0508 -11.1168
-10.3553 -11.1168
-10.5076 -11.1168
-10.8122 -11.1168
-10.9645 -11.1168
-11.269 -11.1168
-11.4213 -11.1168
-11.7259 -10.9645
-11.8782 -10.9645
-12.1827 -10.9645
-12.335 -10.9645
-12.6396 -10.9645
-12.7919 -10.9645
-13.0964 -10.8122
-13.2487 -10.8122
-13.5533 -10.8122
-13.7056 -10.8122
-14.0102 -10.8122
-14.1624 -10.8122
-14.467 -10.8122
-14.6193 -10.6599
-14.9239 -10.6599
-15.0761 -10.6599
-15.3807 -10.6599
-15.533 -10.6599
-15.8376 -10.6599
-15.9898 -10.5076
-16.2944 -10.5076
-16.4467 -10.5076
-16.7513 -10.5076
-17.0558 -10.5076
-17.2081 -10.3553
-17.5127 -10.3553
-17.665 -10.3553
-17.9695 -10.3553
-18.1218 -10.203
-18.4264 -10.203
-18.731 -10.203
-18.8832 -10.0508
-19.1878 -10.0508
-19.4924 -9.89848
-19.6447 -9.89848
-19.9492 -9.89848
-20.1015 -9.74619
-20.4061 -9.59391
-20.7107 -9.59391
-20.8629 -9.44162
-21.1675 -9.44162
-21.3198 -9.28934
-21.6244 -9.13706
-21.9289 -8.98477
-22.0812 -8.98477
-22.3858 -8.83249
-22.5381 -8.6802
-22.8426 -8.52792
-22.9949 -8.37563
-23.2995 -8.22335
-23.4518 -8.07107
-23.7563 -7.91878
-23.9086 -7.7665
-24.2132 -7.61421
-24.3655 -7.46193
-24.6701 -7.30964
-24.8223 -7.00508
-24.9746 -6.85279
-25.1269 -6.70051
-25.4315 -6.54822
-25.5838 -6.24365
-25.736 -6.09137
-25.8883 -5.7868
-26.1929 -5.63452
-26.3452 -5.48223
-26.4975 -5.17766
-26.6497 -4.8731
-26.802 -4.72081
-26.9543 -4.41624
-27.1066 -4.26396
-27.1066 -3.95939
-27.2589 -3.65482
-27.4112 -3.50254
-27.5635 -3.19797
-27.7157 -2.8934
-27.7157 -2.58883
-27.868 -2.43655
-27.868 -2.13198
-28.0203 -1.82741
-28.0203 -1.52284
-28.1726 -1.21827
-28.1726 -1.06599
-28.3249 -0.761421
-28.3249 -0.456853
-28.3249 -0.152284
-28.3249 0.152284
-28.3249 0.456853
-28.3249 0.761421
-28.4772 0.913706
-28.4772 1.21827
-28.4772 1.52284
-28.3249 1.82741
-28.3249 2.13198
-28.3249 2.43655
-28.3249 2.74112
-28.3249 2.8934
-28.3249 3.19797
-28.1726 3.50254
-28.1726 3.80711
-28.1726 4.11168
-28.0203 4.41624
-28.0203 4.56853
-28.0203 4.8731
-27.868 5.17766
-27.868 5.48223
-27.7157 5.63452
-27.7157 5.93909
-27.5635 6.24365
-27.5635 6.54822
-27.4112 6.70051
-27.2589 7.00508
-27.2589 7.30964
-27.1066 7.61421
-26.9543 7.7665
-26.9543 8.07107
-26.802 8.37563
-26.6497 8.52792
-26.4975 8.83249
-26.4975 9.13706
-26.3452 9.28934
-26.1929 9.59391
-26.0406 9.74619
-25.8883 10.0508
-25.736 10.203
-25.5838 10.5076
-25.4315 10.6599
-25.2792 10.9645
-25.1269 11.1168
-24.8223 11.4213
-24.6701 11.5736
-24.5178 11.7259
-24.3655 12.0305
-24.2132 12.1827
-23.9086 12.335
-23.7563 12.4873
-23.6041 12.7919
-23.2995 12.9442
-23.1472 13.0964
-22.8426 13.2487
-22.6904 13.401
-22.3858 13.5533
-22.2335 13.7056
-21.9289 13.8579
-21.7766 14.0102
-21.4721 14.0102
-21.3198 14.1624
-21.0152 14.3147
-20.7107 14.467
-20.5584 14.467
-20.2538 14.6193
-19.9492 14.6193
-19.797 14.7716
-19.4924 14.7716
-19.1878 14.9239
-19.0355 14.9239
-18.731 14.9239
-18.4264 14.9239
-18.1218 15.0761
-17.9695 15.0761
-17.665 15.0761
-17.3604 15.0761
-17.2081 15.0761
-16.9036 15.0761
-16.599 15.0761
-16.2944 15.0761
-16.1421 15.0761
-15.8376 15.0761
-15.6853 15.0761
-15.3807 14.9239
-15.0761 14.9239
-14.9239 14.9239
-14.6193 14.9239
-14.467 14.9239
-14.1624 14.9239
-14.0102 14.7716
-13.7056 14.7716
-13.5533 14.7716
-13.2487 14.7716
-13.0964 14.7716
-12.7919 14.7716
-12.6396 14.6193
-12.335 14.6193
-12.1827 14.6193
-11.8782 14.6193
-11.7259 14.6193
-11.5736 14.6193
-11.269 14.467
-11.1168 14.467
-10.8122 14.467
-10.6599 14.467
-10.3553 14.467
-10.203 14.467
-10.0508 14.3147
-9.74619 14.3147
-9.59391 14.3147
-9.28934 14.3147
-9.13706 14.1624
-8.98477 14.1624
-8.6802 14.1624
-8.52792 14.1624
-8.22335 14.0102
-8.07107 14.0102
-7.91878 14.0102
-7.61421 13.8579
-7.46193 13.8579
-7.15736 13.7056
-7.00508 13.7056
-6.85279 13.5533
-6.54822 13.5533
-6.39594 13.401
-6.09137 13.401
-5.93909 13.2487
-5.7868 13.2487
-5.48223 13.0964
-5.32995 13.0964
-5.17766 12.9442
-4.8731 12.9442
-4.72081 12.7919
-4.41624 12.6396
-4.26396 12.6396
-4.11168 12.4873
-3.80711 12.335
-3.65482 12.335
-3.35025 12.1827
-3.19797 12.0305
-2.8934 12.0305
-2.74112 11.8782
-2.43655 11.7259
-2.28426 11.5736
-2.13198 11.5736
-1.82741 11.4213
-1.67513 11.269
-1.37056 11.1168
-1.21827 10.9645
-0.913706 10.9645
-0.609137 10.8122
-0.456853 10.6599
-0.152284 10.5076
0 10.3553
0.304569 10.203
0.456853 10.0508
0.761421 9.89848
0.913706 9.74619
1.21827 9.44162
1.37056 9.28934
1.67513 9.13706
1.82741 8.98477
2.13198 8.83249
2.28426 8.52792
2.58883 8.37563
2.74112 8.07107
3.04569 7.91878
3.19797 7.7665
3.50254 7.46193
3.65482 7.30964
3.80711 7.00508
4.11168 6.70051
4.26396 6.54822
4.41624 6.24365
4.56853 5.93909
4.8731 5.7868
5.02538 5.48223
5.17766 5.17766
5.32995 4.8731
5.48223 4.56853
5.63452 4.26396
5.7868 3.95939
5.93909 3.65482
6.09137 3.35025
6.09137 3.04569
6.24365 2.74112
6.39594 2.43655
