6.39594 1.9797
6.54822 1.67513
6.54822 1.37056
6.54822 1.06599
6.54822 0.761421
6.54822 0.456853
6.54822 0.152284
6.54822 -0.152284
6.39594 -0.609137
6.39594 -0.913706
6.24365 -1.21827
6.09137 -1.52284
6.09137 -1.82741
5.93909 -2.13198
5.7868 -2.43655
5.63452 -2.58883
5.48223 -2.8934
5.32995 -3.19797
5.02538 -3.50254
4.8731 -3.80711
4.72081 -3.95939
4.41624 -4.26396
4.26396 -4.41624
3.95939 -4.72081
3.80711 -4.8731
3.50254 -5.17766
3.35025 -5.32995
3.04569 -5.63452
2.74112 -5.7868
2.58883 -5.93909
2.28426 -6.09137
1.9797 -6.39594
1.82741 -6.54822
1.52284 -6.70051
1.21827 -6.85279
0.913706 -7.00508
0.761421 -7.15736
0.456853 -7.30964
0.152284 -7.46193
-0.152284 -7.46193
-0.304569 -7.61421
-0.609137 -7.7665
-0.913706 -7.91878
-1.06599 -8.07107
-1.37056 -8.07107
-1.67513 -8.22335
-1.82741 -8.37563
-2.13198 -8.52792
-2.28426 -8.52792
-2.58883 -8.6802
-2.74112 -8.83249
-3.04569 -8.98477
-3.19797 -8.98477
-3.50254 -9.13706
-3.65482 -9.28934
-3.95939 -9.28934
-4.11168 -9.44162
-4.41624 -9.59391
-4.56853 -9.74619
-4.8731 -9.74619
-5.02538 -9.89848
-5.17766 -10.0508
-5.48223 -10.0508
-5.63452 -10.203
-5.93909 -10.3553
-6.09137 -10.3553
-6.39594 -10.5076
-6.54822 -10.5076
-6.85279 -10.6599
-7.00508 -10.6599
-7.30964 -10.8122
-7.46193 -10.8122
-7.7665 -10.8122
-7.91878 -10.9645
-8.22335 -10.9645
-8.37563 -10.9645
-8.6802 -10.9645
-8.83249 -11.1168
-9.13706 -11.1168
-9.28934 -11.1168
-9.59391 -11.1168
-9.89848 -11.1168
-10.0508 -11.1168
-10.3553 -11.1168
-10.5076 -11.1168
-10.8122 -11.1168
-10.9645 -11.1168
-11.269 -10.9645
-11.4213 -10.9645
-11.7259 -10.9645
-11.8782 -10.9645
-12.1827 -10.9645
-12.335 -10.9645
-12.6396 -10.9645
-12.7919 -10.8122
-13.0964 -10.8122
-13.2487 -10.8122
-13.5533 -10.8122
-13.7056 -10.8122
-14.0102 -10.8122
-14.1624 -10.8122
-14.467 -10.8122
-14.6193 -10.8122
-14.9239 -10.8122
-15.0761 -10.6599
-15.3807 -10.6599
-15.533 -10.6599
-15.8376 -10.6599
-15.9898 -10.6599
-16.2944 -10.6599
-16.4467 -10.6599
-16.7513 -10.5076
-17.0558 -10.5076
-17.2081 -10.5076
-17.5127 -10.5076
-17.665 -10.5076
-17.9695 -10.3553
-18.2741 -10.3553
-18.4264 -10.3553
-18.731 -10.203
-19.0355 -10.203
-19.1878 -10.203
-19.4924 -10.0508
-19.797 -10.0508
-19.9492 -9.89848
-20.2538 -9.89848
-20.5584 -9.74619
-20.7107 -9.59391
-21.0152 -9.59391
-21.1675 -9.44162
-21.4721 -9.28934
-21.7766 -9.28934
-21.9289 -9.13706
-22.2335 -8.98477
-22.3858 -8.83249
-22.6904 -8.6802
-22.8426 -8.52792
-23.1472 -8.37563
-23.2995 -8.22335
-23.6041 -8.07107
-23.7563 -7.91878
-24.0609 -7.7665
-24.2132 -7.61421
-24.5178 -7.46193
-24.6701 -7.15736
-24.8223 -7.00508
-25.1269 -6.85279
-25.2792 -6.70051
-25.4315 -6.39594
-25.5838 -6.24365
-25.8883 -5.93909
-26.0406 -5.7868
-26.1929 -5.48223
-26.3452 -5.32995
-26.4975 -5.02538
-26.6497 -4.8731
-26.802 -4.56853
-26.9543 -4.26396
-27.1066 -4.11168
-27.1066 -3.80711
-27.2589 -3.50254
-27.4112 -3.35025
-27.5635 -3.04569
-27.5635 -2.74112
-27.7157 -2.43655
-27.868 -2.28426
-27.868 -1.9797
-28.0203 -1.67513
-28.0203 -1.37056
-28.0203 -1.06599
-28.1726 -0.761421
-28.1726 -0.609137
-28.1726 -0.304569
-28.3249 0
-28.3249 0.304569
-28.3249 0.609137
-28.3249 0.913706
-28.3249 1.21827
-28.3249 1.52284
-28.3249 1.82741
-28.3249 1.9797
-28.3249 2.28426
-28.3249 2.58883
-28.3249 2.8934
-28.3249 3.19797
-28.3249 3.50254
-28.1726 3.80711
-28.1726 4.11168
-28.1726 4.26396
-28.0203 4.56853
-28.0203 4.8731
-28.0203 5.17766
-27.868 5.48223
-27.868 5.7868
-27.7157 5.93909
-27.7157 6.24365
-27.5635 6.54822
-27.4112 6.85279
-27.4112 7.00508
-27.2589 7.30964
-27.1066 7.61421
-27.1066 7.91878
-26.9543 8.07107
-26.802 8.37563
-26.6497 8.6802
-26.4975 8.83249
-26.4975 9.13706
-26.3452 9.44162
-26.1929 9.59391
-26.0406 9.89848
-25.8883 10.0508
-25.736 10.3553
-25.5838 10.5076
-25.4315 10.8122
-25.1269 10.9645
-24.9746 11.269
-24.8223 11.4213
-24.6701 11.7259
-24.5178 11.8782
-24.3655 12.0305
-24.0609 12.335
-23.9086 12.4873
-23.7563 12.6396
-23.4518 12.7919
-23.2995 12.9442
-22.9949 13.2487
-22.8426 13.401
-22.6904 13.5533
-22.3858 13.7056
-22.2335 13.8579
-21.9289 14.0102
-21.6244 14.1624
-21.4721 14.3147
-21.1675 14.3147
-21.0152 14.467
-20.7107 14.6193
-20.4061 14.6193
-20.2538 14.7716
-19.9492 14.9239
-19.6447 14.9239
-19.3401 15.0761
-19.1878 15.0761
-18.8832 15.0761
-18.5787 15.2284
-18.2741 15.2284
-18.1218 15.2284
-17.8173 15.2284
-17.5127 15.2284
-17.2081 15.2284
-16.9036 15.2284
-16.7513 15.2284
-16.4467 15.2284
-16.1421 15.2284
-15.9898 15.2284
-15.6853 15.0761
-15.3807 15.0761
-15.2284 15.0761
-14.9239 15.0761
-14.6193 15.0761
-14.467 14.9239
-14.1624 14.9239
-14.0102 14.9239
-13.7056 14.9239
-13.5533 14.7716
-13.2487 14.7716
-13.0964 14.7716
-12.7919 14.7716
-12.6396 14.6193
-12.335 14.6193
-12.1827 14.6193
-11.8782 14.6193
-11.7259 14.6193
-11.4213 14.467
-11.269 14.467
-11.1168 14.467
-10.8122 14.467
-10.6599 14.467
-10.3553 14.467
-10.203 14.3147
-9.89848 14.3147
-9.74619 14.3147
-9.59391 14.3147
-9.28934 14.3147
-9.13706 14.1624
-8.83249 14.1624
-8.6802 14.1624
-8.52792 14.1624
-8.22335 14.0102
-8.07107 14.0102
-7.7665 14.0102
-7.61421 13.8579
-7.46193 13.8579
-7.15736 13.7056
-7.00508 13.7056
-6.70051 13.7056
-6.54822 13.5533
-6.39594 13.5533
-6.09137 13.401
-5.93909 13.2487
-5.63452 13.2487
-5.48223 13.0964
-5.32995 13.0964
-5.02538 12.9442
-4.8731 12.9442
-4.72081 12.7919
-4.41624 12.6396
-4.26396 12.6396
-3.95939 12.4873
-3.80711 12.335
-3.65482 12.335
-3.35025 12.1827
-3.19797 12.0305
-3.04569 12.0305
-2.74112 11.8782
-2.58883 11.7259
-2.28426 11.5736
-2.13198 11.5736
-1.82741 11.4213
-1.67513 11.269
-1.37056 11.1168
-1.21827 10.9645
-1.06599 10.8122
-0.761421 10.8122
-0.609137 10.6599
-0.304569 10.5076
-0.152284 10.3553
0.152284 10.203
0.304569 10.0508
0.609137 9.89848
0.761421 9.74619
1.06599 9.59391
1.21827 9.28934
1.52284 9.13706
1.67513 8.98477
1.9797 8.83249
2.13198 8.6802
2.43655 8.37563
2.58883 8.22335
2.8934 8.07107
3.04569 7.7665
3.35025 7.61421
3.50254 7.30964
3.80711 7.15736
3.95939 6.85279
4.11168 6.70051
4.41624 6.39594
4.56853 6.09137
4.72081 5.93909
4.8731 5.63452
5.17766 5.32995
5.32995 5.02538
5.48223 4.72081
5.63452 4.56853
5.7868 4.26396
5.7868 3.95939
5.93909 3.65482
6.09137 3.35025
6.24365 3.04569
6.24365 2.74112
6.39594 2.43655
