7.91878 3.04569
7.91878 2.74112
8.07107 2.58883
8.07107 2.28426
8.07107 1.9797
8.07107 1.82741
8.07107 1.52284
8.07107 1.21827
7.91878 1.06599
7.91878 0.761421
7.91878 0.609137
7.7665 0.304569
7.7665 0.152284
7.61421 -0.152284
7.46193 -0.456853
7.46193 -0.609137
7.30964 -0.761421
7.15736 -1.06599
7.00508 -1.21827
7.00508 -1.52284
6.85279 -1.67513
6.70051 -1.82741
6.54822 -2.13198
6.39594 -2.28426
6.24365 -2.43655
6.09137 -2.74112
5.93909 -2.8934
5.7868 -3.04569
5.63452 -3.19797
5.48223 -3.50254
5.32995 -3.65482
5.17766 -3.80711
5.02538 -3.95939
4.8731 -4.11168
4.72081 -4.41624
4.56853 -4.56853
4.41624 -4.72081
4.26396 -4.8731
4.11168 -5.02538
3.95939 -5.17766
3.80711 -5.32995
3.65482 -5.48223
3.50254 -5.63452
3.35025 -5.7868
3.19797 -5.93909
2.8934 -6.09137
2.74112 -6.24365
2.58883 -6.39594
2.43655 -6.54822
2.28426 -6.54822
1.9797 -6.70051
1.82741 -6.85279
1.67513 -7.00508
1.37056 -7.00508
1.21827 -7.15736
1.06599 -7.15736
0.913706 -7.30964
0.609137 -7.46193
0.456853 -7.46193
0.152284 -7.61421
0 -7.61421
-0.152284 -7.7665
-0.456853 -7.7665
-0.609137 -7.7665
-0.761421 -7.91878
-1.06599 -7.91878
-1.21827 -7.91878
-1.52284 -8.07107
-1.67513 -8.07107
-1.82741 -8.07107
-2.13198 -8.07107
-2.28426 -8.22335
-2.43655 -8.22335
-2.74112 -8.22335
-2.8934 -8.22335
-3.19797 -8.22335
-3.35025 -8.22335
-3.50254 -8.22335
-3.80711 -8.22335
-3.95939 -8.22335
-4.11168 -8.22335
-4.41624 -8.22335
-4.56853 -8.22335
-4.72081 -8.22335
-5.02538 -8.22335
-5.17766 -8.22335
-5.32995 -8.22335
-5.48223 -8.22335
-5.7868 -8.22335
-5.93909 -8.22335
-6.09137 -8.07107
-6.39594 -8.07107
-6.54822 -8.07107
-6.70051 -8.07107
-6.85279 -8.07107
-7.15736 -7.91878
-7.30964 -7.91878
-7.46193 -7.91878
-7.61421 -7.91878
-7.91878 -7.7665
-8.07107 -7.7665
-8.22335 -7.7665
-8.37563 -7.61421
-8.52792 -7.61421
-8.83249 -7.61421
-8.98477 -7.46193
-9.13706 -7.46193
-9.28934 -7.30964
-9.44162 -7.30964
-9.74619 -7.30964
-9.89848 -7.15736
-10.0508 -7.15736
-10.203 -7.00508
-10.3553 -7.00508
-10.5076 -6.85279
-10.8122 -6.85279
-10.9645 -6.85279
-11.1168 -6.70051
-11.269 -6.70051
-11.4213 -6.54822
-11.5736 -6.39594
-11.8782 -6.39594
-12.0305 -6.24365
-12.1827 -6.24365
-12.335 -6.09137
-12.4873 -6.09137
-12.6396 -5.93909
-12.7919 -5.93909
-12.9442 -5.7868
-13.2487 -5.63452
-13.401 -5.63452
-13.5533 -5.48223
-13.7056 -5.32995
-13.8579 -5.32995
-14.0102 -5.17766
-14.1624 -5.02538
-14.3147 -4.8731
-14.6193 -4.8731
-14.7716 -4.72081
-14.9239 -4.56853
-15.0761 -4.41624
-15.2284 -4.26396
-15.3807 -4.11168
-15.533 -4.11168
-15.6853 -3.95939
-15.8376 -3.80711
-15.9898 -3.65482
-16.1421 -3.50254
-16.2944 -3.35025
-16.4467 -3.19797
-16.599 -3.04569
-16.7513 -2.8934
-16.9036 -2.74112
-17.0558 -2.58883
-17.2081 -2.28426
-17.3604 -2.13198
-17.5127 -1.9797
-17.5127 -1.82741
-17.665 -1.67513
-17.8173 -1.52284
-17.9695 -1.21827
-18.1218 -1.06599
-18.2741 -0.913706
-18.2741 -0.761421
-18.4264 -0.456853
-18.5787 -0.304569
-18.731 -0.152284
-18.731 0.152284
-18.8832 0.304569
-19.0355 0.456853
-19.0355 0.761421
-19.1878 0.913706
-19.3401 1.21827
-19.3401 1.37056
-19.4924 1.67513
-19.4924 1.82741
-19.6447 2.13198
-19.6447 2.28426
-19.797 2.58883
-19.797 2.74112
-19.9492 3.04569
-19.9492 3.19797
-19.9492 3.50254
-19.9492 3.80711
-19.9492 3.95939
-20.1015 4.26396
-20.1015 4.41624
-20.1015 4.72081
-20.1015 5.02538
-19.9492 5.17766
-19.9492 5.48223
-19.9492 5.7868
-19.9492 5.93909
-19.797 6.24365
-19.797 6.39594
-19.6447 6.70051
-19.6447 6.85279
-19.4924 7.15736
-19.3401 7.30964
-19.3401 7.61421
-19.1878 7.7665
-19.0355 7.91878
-18.8832 8.22335
-18.731 8.37563
-18.5787 8.52792
-18.4264 8.83249
-18.2741 8.98477
-18.1218 9.13706
-17.9695 9.28934
-17.8173 9.44162
-17.665 9.74619
-17.5127 9.89848
-17.3604 10.0508
-17.2081 10.203
-16.9036 10.3553
-16.7513 10.5076
-16.599 10.6599
-16.4467 10.8122
-16.2944 10.9645
-16.1421 11.1168
-15.8376 11.269
-15.6853 11.269
-15.533 11.4213
-15.3807 11.5736
-15.2284 11.7259
-14.9239 11.8782
-14.7716 12.0305
-14.6193 12.0305
-14.467 12.1827
-14.1624 12.335
-14.0102 12.4873
-13.8579 12.4873
-13.7056 12.6396
-13.5533 12.7919
-13.2487 12.7919
-13.0964 12.9442
-12.9442 13.0964
-12.7919 13.0964
-12.4873 13.2487
-12.335 13.401
-12.1827 13.401
-12.0305 13.5533
-11.7259 13.5533
-11.5736 13.7056
-11.4213 13.7056
-11.1168 13.8579
-10.9645 13.8579
-10.8122 14.0102
-10.6599 14.0102
-10.3553 14.1624
-10.203 14.1624
-10.0508 14.3147
-9.74619 14.3147
-9.59391 14.3147
-9.44162 14.467
-9.13706 14.467
-8.98477 14.467
-8.83249 14.6193
-8.6802 14.6193
-8.37563 14.6193
-8.22335 14.6193
-7.91878 14.7716
-7.7665 14.7716
-7.61421 14.7716
-7.30964 14.7716
-7.15736 14.7716
-7.00508 14.7716
-6.70051 14.7716
-6.54822 14.7716
-6.39594 14.7716
-6.09137 14.7716
-5.93909 14.7716
-5.7868 14.7716
-5.48223 14.7716
-5.32995 14.6193
-5.17766 14.6193
-4.8731 14.6193
-4.72081 14.6193
-4.56853 14.6193
-4.26396 14.467
-4.11168 14.467
-3.95939 14.467
-3.65482 14.467
-3.50254 14.3147
-3.35025 14.3147
-3.19797 14.3147
-2.8934 14.1624
-2.74112 14.1624
-2.58883 14.1624
-2.28426 14.0102
-2.13198 14.0102
-1.9797 13.8579
-1.82741 13.8579
-1.52284 13.8579
-1.37056 13.7056
-1.21827 13.7056
-0.913706 13.5533
-0.761421 13.5533
-0.609137 13.401
-0.456853 13.401
-0.152284 13.2487
0 13.2487
0.152284 13.0964
0.304569 13.0964
0.456853 12.9442
0.761421 12.7919
0.913706 12.7919
1.06599 12.6396
1.21827 12.4873
1.37056 12.335
1.67513 12.335
1.82741 12.1827
1.9797 12.0305
2.13198 11.8782
2.28426 11.7259
2.43655 11.5736
2.58883 11.4213
2.74112 11.269
2.8934 11.1168
3.04569 10.9645
3.19797 10.8122
3.35025 10.6599
3.50254 10.5076
3.65482 10.3553
3.80711 10.203
3.95939 10.0508
4.11168 9.89848
4.11168 9.74619
4.26396 9.59391
4.41624 9.44162
4.56853 9.28934
4.72081 8.98477
4.8731 8.83249
5.02538 8.6802
5.17766 8.52792
5.32995 8.37563
5.48223 8.22335
5.48223 7.91878
5.63452 7.7665
5.7868 7.61421
5.93909 7.46193
6.09137 7.30964
6.24365 7.00508
6.39594 6.85279
6.54822 6.70051
6.70051 6.39594
6.85279 6.24365
7.00508 6.09137
7.00508 5.7868
7.15736 5.63452
7.30964 5.32995
7.46193 5.17766
7.46193 4.8731
7.61421 4.72081
7.61421 4.41624
7.7665 4.26396
7.7665 3.95939
7.7665 3.80711
7.91878 3.50254
7.91878 3.19797
