6.24365 2.43655
6.39594 2.13198
6.54822 1.82741
6.54822 1.52284
6.70051 1.06599
6.70051 0.761421
6.70051 0.456853
6.70051 0.152284
6.70051 -0.304569
6.54822 -0.609137
6.54822 -0.913706
6.39594 -1.21827
6.24365 -1.52284
6.24365 -1.82741
6.09137 -2.13198
5.7868 -2.43655
5.63452 -2.74112
5.48223 -3.04569
5.32995 -3.35025
5.02538 -3.50254
4.8731 -3.80711
4.56853 -4.11168
4.41624 -4.26396
4.11168 -4.56853
3.95939 -4.8731
3.65482 -5.02538
3.35025 -5.17766
3.04569 -5.48223
2.8934 -5.63452
2.58883 -5.7868
2.28426 -6.09137
2.13198 -6.24365
1.82741 -6.39594
1.52284 -6.54822
1.21827 -6.70051
0.913706 -6.85279
0.761421 -7.00508
0.456853 -7.15736
0.152284 -7.30964
-0.152284 -7.46193
-0.304569 -7.61421
-0.609137 -7.7665
-0.913706 -7.91878
-1.06599 -8.07107
-1.37056 -8.22335
-1.67513 -8.22335
-1.9797 -8.37563
-2.13198 -8.52792
-2.43655 -8.6802
-2.58883 -8.6802
-2.8934 -8.83249
-3.19797 -8.98477
-3.35025 -9.13706
-3.65482 -9.13706
-3.80711 -9.28934
-4.11168 -9.44162
-4.26396 -9.44162
-4.56853 -9.59391
-4.8731 -9.74619
-5.02538 -9.74619
-5.32995 -9.89848
-5.48223 -9.89848
-5.7868 -10.0508
-5.93909 -10.203
-6.24365 -10.203
-6.39594 -10.3553
-6.70051 -10.3553
-6.85279 -10.5076
-7.15736 -10.5076
-7.30964 -10.6599
-7.61421 -10.6599
-7.91878 -10.6599
-8.07107 -10.8122
-8.37563 -10.8122
-8.52792 -10.8122
-8.83249 -10.9645
-8.98477 -10.9645
-9.28934 -10.9645
-9.59391 -10.9645
-9.74619 -11.1168
-10.0508 -11.1168
-10.203 -11.1168
-10.5076 -11.1168
-10.6599 -11.1168
-10.9645 -11.1168
-11.1168 -11.1168
-11.4213 -11.1168
-11.7259 -11.1168
-11.8782 -11.1168
-12.1827 -11.1168
-12.335 -11.1168
-12.6396 -11.1168
-12.7919 -11.1168
-13.0964 -11.1168
-13.401 -11.1168
-13.5533 -11.1168
-13.8579 -11.1168
-14.0102 -11.1168
-14.3147 -10.9645
-14.467 -10.9645
-14.7716 -10.9645
-14.9239 -10.9645
-15.2284 -10.9645
-15.533 -10.9645
-15.6853 -10.8122
-15.9898 -10.8122
-16.1421 -10.8122
-16.4467 -10.8122
-16.599 -10.6599
-16.9036 -10.6599
-17.0558 -10.6599
-17.3604 -10.5076
-17.665 -10.5076
-17.8173 -10.5076
-18.1218 -10.3553
-18.2741 -10.3553
-18.5787 -10.203
-18.8832 -10.203
-19.0355 -10.0508
-19.3401 -10.0508
-19.4924 -9.89848
-19.797 -9.89848
-19.9492 -9.74619
-20.2538 -9.74619
-20.5584 -9.59391
-20.7107 -9.44162
-21.0152 -9.44162
-21.1675 -9.28934
-21.4721 -9.13706
-21.6244 -8.98477
-21.9289 -8.98477
-22.0812 -8.83249
-22.3858 -8.6802
-22.6904 -8.52792
-22.8426 -8.37563
-23.1472 -8.22335
-23.2995 -8.07107
-23.4518 -7.91878
-23.7563 -7.7665
-23.9086 -7.61421
-24.2132 -7.46193
-24.3655 -7.30964
-24.5178 -7.15736
-24.8223 -6.85279
-24.9746 -6.70051
-25.1269 -6.54822
-25.4315 -6.39594
-25.5838 -6.09137
-25.736 -5.93909
-25.8883 -5.63452
-26.0406 -5.48223
-26.1929 -5.17766
-26.4975 -5.02538
-26.6497 -4.72081
-26.802 -4.56853
-26.802 -4.26396
-26.9543 -4.11168
-27.1066 -3.80711
-27.2589 -3.50254
-27.4112 -3.35025
-27.5635 -3.04569
-27.5635 -2.74112
-27.7157 -2.58883
-27.868 -2.28426
-27.868 -1.9797
-28.0203 -1.67513
-28.0203 -1.52284
-28.1726 -1.21827
-28.1726 -0.913706
-28.1726 -0.609137
-28.3249 -0.304569
-28.3249 -0.152284
-28.3249 0.152284
-28.3249 0.456853
-28.4772 0.761421
-28.4772 1.06599
-28.4772 1.37056
-28.4772 1.67513
-28.4772 1.82741
-28.4772 2.13198
-28.3249 2.43655
-28.3249 2.74112
-28.3249 3.04569
-28.3249 3.35025
-28.3249 3.50254
-28.1726 3.80711
-28.1726 4.11168
-28.1726 4.41624
-28.0203 4.72081
-28.0203 4.8731
-27.868 5.17766
-27.868 5.48223
-27.7157 5.7868
-27.7157 5.93909
-27.5635 6.24365
-27.5635 6.54822
-27.4112 6.70051
-27.4112 7.00508
-27.2589 7.30964
-27.1066 7.46193
-27.1066 7.7665
-26.9543 8.07107
-26.802 8.22335
-26.802 8.52792
-26.6497 8.83249
-26.4975 8.98477
-26.3452 9.28934
-26.1929 9.44162
-26.0406 9.74619
-25.8883 9.89848
-25.736 10.203
-25.5838 10.3553
-25.4315 10.6599
-25.2792 10.8122
-25.1269 11.1168
-24.9746 11.269
-24.8223 11.4213
-24.6701 11.7259
-24.5178 11.8782
-24.2132 12.0305
-24.0609 12.335
-23.9086 12.4873
-23.7563 12.6396
-23.4518 12.7919
-23.2995 12.9442
-23.1472 13.0964
-22.8426 13.2487
-22.6904 13.401
-22.3858 13.5533
-22.2335 13.7056
-21.9289 13.8579
-21.7766 14.0102
-21.4721 14.1624
-21.3198 14.1624
-21.0152 14.3147
-20.7107 14.467
-20.5584 14.467
-20.2538 14.6193
-20.1015 14.7716
-19.797 14.7716
-19.4924 14.9239
-19.3401 14.9239
-19.0355 14.9239
-18.731 15.0761
-18.5787 15.0761
-18.2741 15.0761
-17.9695 15.0761
-17.8173 15.0761
-17.5127 15.0761
-17.2081 15.2284
-17.0558 15.2284
-16.7513 15.2284
-16.4467 15.2284
-16.2944 15.0761
-15.9898 15.0761
-15.8376 15.0761
-15.533 15.0761
-15.2284 15.0761
-15.0761 15.0761
-14.7716 15.0761
-14.6193 15.0761
-14.3147 14.9239
-14.1624 14.9239
-13.8579 14.9239
-13.7056 14.9239
-13.401 14.9239
-13.2487 14.7716
-13.0964 14.7716
-12.7919 14.7716
-12.6396 14.7716
-12.335 14.7716
-12.1827 14.7716
-12.0305 14.6193
-11.7259 14.6193
-11.5736 14.6193
-11.269 14.6193
-11.1168 14.6193
-10.9645 14.467
-10.6599 14.467
-10.5076 14.467
-10.203 14.467
-10.0508 14.3147
-9.89848 14.3147
-9.59391 14.3147
-9.44162 14.3147
-9.28934 14.1624
-8.98477 14.1624
-8.83249 14.1624
-8.52792 14.0102
-8.37563 14.0102
-8.22335 14.0102
-7.91878 13.8579
-7.7665 13.8579
-7.61421 13.8579
-7.30964 13.7056
-7.15736 13.7056
-7.00508 13.5533
-6.70051 13.5533
-6.54822 13.401
-6.24365 13.401
-6.09137 13.2487
-5.93909 13.2487
-5.63452 13.0964
-5.48223 13.0964
-5.32995 12.9442
-5.02538 12.9442
-4.8731 12.7919
-4.56853 12.7919
-4.41624 12.6396
-4.26396 12.4873
-3.95939 12.4873
-3.80711 12.335
-3.50254 12.335
-3.35025 12.1827
-3.04569 12.0305
-2.8934 12.0305
-2.58883 11.8782
-2.43655 11.7259
-2.13198 11.5736
-1.9797 11.5736
-1.67513 11.4213
-1.52284 11.269
-1.21827 11.1168
-1.06599 10.9645
-0.761421 10.8122
-0.609137 10.6599
-0.304569 10.6599
0 10.5076
0.152284 10.3553
0.456853 10.0508
0.609137 9.89848
0.913706 9.74619
1.06599 9.59391
1.37056 9.44162
1.52284 9.28934
1.82741 8.98477
1.9797 8.83249
2.28426 8.6802
2.43655 8.37563
2.74112 8.22335
2.8934 8.07107
3.19797 7.7665
3.35025 7.61421
3.50254 7.30964
3.80711 7.00508
3.95939 6.85279
4.11168 6.54822
4.26396 6.24365
4.56853 6.09137
4.72081 5.7868
4.8731 5.48223
5.02538 5.17766
5.17766 4.8731
5.32995 4.56853
5.48223 4.26396
5.63452 3.95939
5.7868 3.65482
5.93909 3.35025
6.09137 3.04569
6.09137 2.74112
