8.52792 3.65482
8.52792 3.35025
8.6802 3.19797
8.6802 2.8934
8.6802 2.74112
8.6802 2.43655
8.6802 2.13198
8.6802 1.9797
8.6802 1.67513
8.6802 1.37056
8.6802 1.21827
8.52792 0.913706
8.52792 0.761421
8.37563 0.456853
8.37563 0.304569
8.22335 0
8.22335 -0.152284
8.07107 -0.456853
7.91878 -0.609137
7.7665 -0.913706
7.61421 -1.06599
7.61421 -1.37056
7.46193 -1.52284
7.30964 -1.67513
7.15736 -1.9797
7.00508 -2.13198
6.85279 -2.28426
6.70051 -2.43655
6.54822 -2.74112
6.39594 -2.8934
6.24365 -3.04569
6.09137 -3.19797
5.93909 -3.35025
5.7868 -3.50254
5.63452 -3.80711
5.48223 -3.95939
5.32995 -4.11168
5.17766 -4.26396
4.8731 -4.41624
4.72081 -4.56853
4.56853 -4.72081
4.41624 -4.8731
4.26396 -5.02538
4.11168 -5.17766
3.95939 -5.32995
3.65482 -5.48223
3.50254 -5.63452
3.35025 -5.63452
3.19797 -5.7868
3.04569 -5.93909
2.74112 -6.09137
2.58883 -6.24365
2.43655 -6.24365
2.28426 -6.39594
1.9797 -6.54822
1.82741 -6.70051
1.67513 -6.70051
1.52284 -6.85279
1.21827 -7.00508
1.06599 -7.00508
0.913706 -7.15736
0.609137 -7.15736
0.456853 -7.30964
0.304569 -7.30964
0 -7.46193
-0.152284 -7.46193
-0.304569 -7.61421
-0.609137 -7.61421
-0.761421 -7.61421
-1.06599 -7.7665
-1.21827 -7.7665
-1.37056 -7.7665
-1.67513 -7.91878
-1.82741 -7.91878
-1.9797 -7.91878
-2.28426 -7.91878
-2.43655 -7.91878
-2.74112 -7.91878
-2.8934 -7.91878
-3.04569 -7.91878
-3.35025 -7.91878
-3.50254 -7.91878
-3.80711 -7.91878
-3.95939 -7.91878
-4.11168 -7.91878
-4.41624 -7.91878
-4.56853 -7.91878
-4.72081 -7.91878
-5.02538 -7.7665
-5.17766 -7.7665
-5.32995 -7.7665
-5.63452 -7.7665
-5.7868 -7.7665
-5.93909 -7.61421
-6.09137 -7.61421
-6.39594 -7.61421
-6.54822 -7.61421
-6.70051 -7.46193
-7.00508 -7.46193
-7.15736 -7.46193
-7.30964 -7.30964
-7.46193 -7.30964
-7.7665 -7.30964
-7.91878 -7.15736
-8.07107 -7.15736
-8.22335 -7.15736
-8.37563 -7.00508
-8.6802 -7.00508
-8.83249 -7.00508
-8.98477 -6.85279
-9.13706 -6.85279
-9.28934 -6.70051
-9.59391 -6.70051
-9.74619 -6.54822
-9.89848 -6.54822
-10.0508 -6.39594
-10.203 -6.39594
-10.5076 -6.24365
-10.6599 -6.24365
-10.8122 -6.09137
-10.9645 -6.09137
-11.1168 -5.93909
-11.269 -5.7868
-11.4213 -5.7868
-11.5736 -5.63452
-11.7259 -5.48223
-11.8782 -5.32995
-12.0305 -5.32995
-12.335 -5.17766
-12.4873 -5.02538
-12.6396 -4.8731
-12.7919 -4.8731
-12.9442 -4.72081
-13.0964 -4.56853
-13.2487 -4.41624
-13.401 -4.26396
-13.5533 -4.26396
-13.7056 -4.11168
-13.8579 -3.95939
-14.0102 -3.80711
-14.1624 -3.65482
-14.3147 -3.50254
-14.467 -3.50254
-14.6193 -3.35025
-14.7716 -3.19797
-14.9239 -3.04569
-15.0761 -2.8934
-15.2284 -2.74112
-15.3807 -2.58883
-15.533 -2.43655
-15.8376 -2.28426
-15.9898 -2.13198
-16.1421 -2.13198
-16.2944 -1.9797
-16.4467 -1.82741
-16.599 -1.52284
-16.7513 -1.37056
-16.9036 -1.21827
-17.2081 -1.06599
-17.3604 -0.913706
-17.5127 -0.761421
-17.665 -0.609137
-17.8173 -0.304569
-17.9695 -0.152284
-18.1218 0
-18.2741 0.152284
-18.4264 0.456853
-18.4264 0.609137
-18.5787 0.761421
-18.731 1.06599
-18.8832 1.21827
-19.0355 1.52284
-19.0355 1.67513
-19.1878 1.9797
-19.1878 2.13198
-19.3401 2.43655
-19.3401 2.74112
-19.4924 2.8934
-19.4924 3.19797
-19.6447 3.35025
-19.6447 3.65482
-19.6447 3.95939
-19.6447 4.11168
-19.6447 4.41624
-19.6447 4.72081
-19.6447 4.8731
-19.6447 5.17766
-19.6447 5.48223
-19.6447 5.63452
-19.6447 5.93909
-19.4924 6.09137
-19.4924 6.39594
-19.4924 6.70051
-19.3401 6.85279
-19.3401 7.15736
-19.1878 7.30964
-19.1878 7.61421
-19.0355 7.7665
-18.8832 8.07107
-18.731 8.22335
-18.731 8.52792
-18.5787 8.6802
-18.4264 8.98477
-18.2741 9.13706
-18.1218 9.28934
-17.9695 9.59391
-17.8173 9.74619
-17.665 9.89848
-17.5127 10.0508
-17.3604 10.3553
-17.2081 10.5076
-16.9036 10.6599
-16.7513 10.8122
-16.599 10.9645
-16.4467 11.1168
-16.2944 11.269
-15.9898 11.4213
-15.8376 11.5736
-15.6853 11.7259
-15.533 11.8782
-15.2284 12.0305
-15.0761 12.1827
-14.9239 12.1827
-14.7716 12.335
-14.467 12.4873
-14.3147 12.6396
-14.1624 12.7919
-13.8579 12.7919
-13.7056 12.9442
-13.5533 13.0964
-13.401 13.0964
-13.0964 13.2487
-12.9442 13.401
-12.7919 13.401
-12.4873 13.5533
-12.335 13.7056
-12.1827 13.7056
-12.0305 13.8579
-11.7259 13.8579
-11.5736 14.0102
-11.4213 14.1624
-11.269 14.1624
-10.9645 14.3147
-10.8122 14.3147
-10.6599 14.467
-10.5076 14.467
-10.203 14.6193
-10.0508 14.6193
-9.89848 14.7716
-9.59391 14.7716
-9.44162 14.9239
-9.28934 14.9239
-9.13706 15.0761
-8.83249 15.0761
-8.6802 15.2284
-8.52792 15.2284
-8.22335 15.2284
-8.07107 15.3807
-7.91878 15.3807
-7.61421 15.3807
-7.46193 15.533
-7.30964 15.533
-7.00508 15.533
-6.85279 15.533
-6.54822 15.533
-6.39594 15.533
-6.24365 15.533
-5.93909 15.533
-5.7868 15.533
-5.63452 15.533
-5.32995 15.533
-5.17766 15.533
-5.02538 15.3807
-4.72081 15.3807
-4.56853 15.3807
-4.41624 15.3807
-4.11168 15.2284
-3.95939 15.2284
-3.80711 15.2284
-3.50254 15.0761
-3.35025 15.0761
-3.19797 15.0761
-2.8934 14.9239
-2.74112 14.9239
-2.58883 14.7716
-2.43655 14.7716
-2.13198 14.7716
-1.9797 14.6193
-1.82741 14.6193
-1.67513 14.467
-1.37056 14.467
-1.21827 14.3147
-1.06599 14.3147
-0.913706 14.3147
-0.761421 14.1624
-0.456853 14.1624
-0.304569 14.0102
-0.152284 14.0102
0 13.8579
0.304569 13.8579
0.456853 13.7056
0.609137 13.7056
0.761421 13.5533
1.06599 13.401
1.21827 13.401
1.37056 13.2487
1.52284 13.2487
1.67513 13.0964
1.9797 12.9442
2.13198 12.7919
2.28426 12.7919
2.43655 12.6396
2.58883 12.4873
2.74112 12.335
2.8934 12.1827
3.04569 12.0305
3.19797 12.0305
3.35025 11.8782
3.50254 11.7259
3.65482 11.5736
3.80711 11.4213
3.95939 11.269
4.11168 11.1168
4.26396 10.9645
4.41624 10.8122
4.56853 10.6599
4.72081 10.3553
4.8731 10.203
4.8731 10.0508
5.02538 9.89848
5.17766 9.74619
5.32995 9.59391
5.48223 9.44162
5.63452 9.28934
5.7868 9.13706
5.93909 8.83249
5.93909 8.6802
6.09137 8.52792
6.24365 8.37563
6.39594 8.22335
6.54822 7.91878
6.70051 7.7665
6.85279 7.61421
7.00508 7.46193
7.15736 7.15736
7.15736 7.00508
7.30964 6.85279
7.46193 6.54822
7.61421 6.39594
7.7665 6.24365
7.7665 5.93909
7.91878 5.7868
8.07107 5.48223
8.07107 5.32995
8.22335 5.02538
8.22335 4.8731
8.37563 4.56853
8.37563 4.41624
8.37563 4.11168
8.52792 3.95939
