8.6802 3.80711
8.6802 3.50254
8.6802 3.35025
8.83249 3.04569
8.83249 2.8934
8.83249 2.58883
8.83249 2.28426
8.83249 2.13198
8.83249 1.82741
8.83249 1.52284
8.6802 1.37056
8.6802 1.06599
8.6802 0.913706
8.52792 0.609137
8.52792 0.304569
8.37563 0.152284
8.37563 -0.152284
8.22335 -0.304569
8.07107 -0.609137
7.91878 -0.761421
7.91878 -0.913706
7.7665 -1.21827
7.61421 -1.37056
7.46193 -1.67513
7.30964 -1.82741
7.15736 -1.9797
7.00508 -2.13198
6.85279 -2.43655
6.70051 -2.58883
6.54822 -2.74112
6.39594 -2.8934
6.24365 -3.19797
6.09137 -3.35025
5.93909 -3.50254
5.7868 -3.65482
5.63452 -3.80711
5.48223 -3.95939
5.32995 -4.11168
5.17766 -4.26396
4.8731 -4.41624
4.72081 -4.56853
4.56853 -4.72081
4.41624 -4.8731
4.26396 -5.02538
4.11168 -5.17766
3.80711 -5.32995
3.65482 -5.48223
3.50254 -5.63452
3.35025 -5.7868
3.19797 -5.7868
2.8934 -5.93909
2.74112 -6.09137
2.58883 -6.24365
2.43655 -6.39594
2.13198 -6.39594
1.9797 -6.54822
1.82741 -6.70051
1.52284 -6.70051
1.37056 -6.85279
1.21827 -7.00508
0.913706 -7.00508
0.761421 -7.15736
0.609137 -7.15736
0.304569 -7.30964
0.152284 -7.30964
0 -7.46193
-0.304569 -7.46193
-0.456853 -7.61421
-0.609137 -7.61421
-0.913706 -7.61421
-1.06599 -7.7665
-1.21827 -7.7665
-1.52284 -7.7665
-1.67513 -7.7665
-1.9797 -7.91878
-2.13198 -7.91878
-2.28426 -7.91878
-2.58883 -7.91878
-2.74112 -7.91878
-3.04569 -7.91878
-3.19797 -7.91878
-3.35025 -7.91878
-3.65482 -7.91878
-3.80711 -7.91878
-4.11168 -7.91878
-4.26396 -7.91878
-4.41624 -7.91878
-4.72081 -7.7665
-4.8731 -7.7665
-5.02538 -7.7665
-5.32995 -7.7665
-5.48223 -7.7665
-5.63452 -7.61421
-5.93909 -7.61421
-6.09137 -7.61421
-6.24365 -7.61421
-6.39594 -7.46193
-6.70051 -7.46193
-6.85279 -7.46193
-7.00508 -7.46193
-7.30964 -7.30964
-7.46193 -7.30964
-7.61421 -7.30964
-7.7665 -7.15736
-8.07107 -7.15736
-8.22335 -7.15736
-8.37563 -7.00508
-8.52792 -7.00508
-8.6802 -6.85279
-8.98477 -6.85279
-9.13706 -6.85279
-9.28934 -6.70051
-9.44162 -6.70051
-9.74619 -6.54822
-9.89848 -6.54822
-10.0508 -6.39594
-10.203 -6.39594
-10.3553 -6.24365
-10.5076 -6.24365
-10.8122 -6.09137
-10.9645 -5.93909
-11.1168 -5.93909
-11.269 -5.7868
-11.4213 -5.63452
-11.5736 -5.63452
-11.7259 -5.48223
-11.8782 -5.32995
-12.0305 -5.32995
-12.335 -5.17766
-12.4873 -5.02538
-12.6396 -4.8731
-12.7919 -4.72081
-12.9442 -4.72081
-13.0964 -4.56853
-13.2487 -4.41624
-13.401 -4.26396
-13.5533 -4.11168
-13.7056 -4.11168
-13.8579 -3.95939
-14.0102 -3.80711
-14.1624 -3.65482
-14.3147 -3.50254
-14.467 -3.35025
-14.6193 -3.19797
-14.7716 -3.04569
-14.9239 -2.8934
-15.0761 -2.8934
-15.2284 -2.74112
-15.3807 -2.58883
-15.533 -2.43655
-15.6853 -2.28426
-15.9898 -2.13198
-16.1421 -1.9797
-16.2944 -1.82741
-16.4467 -1.67513
-16.599 -1.52284
-16.7513 -1.37056
-16.9036 -1.06599
-17.0558 -0.913706
-17.2081 -0.761421
-17.3604 -0.609137
-17.5127 -0.456853
-17.665 -0.152284
-17.8173 0
-17.9695 0.152284
-18.1218 0.304569
-18.2741 0.609137
-18.4264 0.761421
-18.5787 1.06599
-18.5787 1.21827
-18.731 1.37056
-18.8832 1.67513
-19.0355 1.82741
-19.0355 2.13198
-19.1878 2.28426
-19.1878 2.58883
-19.3401 2.8934
-19.3401 3.04569
-19.4924 3.35025
-19.4924 3.50254
-19.6447 3.80711
-19.6447 4.11168
-19.6447 4.26396
-19.6447 4.56853
-19.6447 4.8731
-19.6447 5.02538
-19.6447 5.32995
-19.6447 5.63452
-19.6447 5.7868
-19.6447 6.09137
-19.6447 6.39594
-19.4924 6.54822
-19.4924 6.85279
-19.4924 7.00508
-19.3401 7.30964
-19.1878 7.61421
-19.1878 7.7665
-19.0355 8.07107
-18.8832 8.22335
-18.8832 8.52792
-18.731 8.6802
-18.5787 8.83249
-18.4264 9.13706
-18.2741 9.28934
-18.1218 9.44162
-17.9695 9.74619
-17.8173 9.89848
-17.665 10.0508
-17.3604 10.203
-17.2081 10.5076
-17.0558 10.6599
-16.9036 10.8122
-16.7513 10.9645
-16.4467 11.1168
-16.2944 11.269
-16.1421 11.4213
-15.9898 11.5736
-15.6853 11.7259
-15.533 11.8782
-15.3807 12.0305
-15.0761 12.0305
-14.9239 12.1827
-14.7716 12.335
-14.6193 12.4873
-14.3147 12.6396
-14.1624 12.7919
-14.0102 12.7919
-13.8579 12.9442
-13.5533 13.0964
-13.401 13.0964
-13.2487 13.2487
-12.9442 13.401
-12.7919 13.401
-12.6396 13.5533
-12.4873 13.7056
-12.1827 13.7056
-12.0305 13.8579
-11.8782 14.0102
-11.7259 14.0102
-11.4213 14.1624
-11.269 14.1624
-11.1168 14.3147
-10.8122 14.3147
-10.6599 14.467
-10.5076 14.467
-10.3553 14.6193
-10.0508 14.7716
-9.89848 14.7716
-9.74619 14.9239
-9.59391 14.9239
-9.28934 14.9239
-9.13706 15.0761
-8.98477 15.0761
-8.6802 15.2284
-8.52792 15.2284
-8.37563 15.2284
-8.07107 15.3807
-7.91878 15.3807
-7.7665 15.3807
-7.46193 15.533
-7.30964 15.533
-7.15736 15.533
-6.85279 15.533
-6.70051 15.533
-6.54822 15.533
-6.24365 15.533
-6.09137 15.533
-5.93909 15.533
-5.63452 15.533
-5.48223 15.533
-5.32995 15.533
-5.02538 15.533
-4.8731 15.533
-4.72081 15.3807
-4.41624 15.3807
-4.26396 15.3807
-4.11168 15.3807
-3.80711 15.2284
-3.65482 15.2284
-3.50254 15.2284
-3.35025 15.0761
-3.04569 15.0761
-2.8934 14.9239
-2.74112 14.9239
-2.43655 14.9239
-2.28426 14.7716
-2.13198 14.7716
-1.9797 14.6193
-1.82741 14.6193
-1.52284 14.6193
-1.37056 14.467
-1.21827 14.467
-1.06599 14.3147
-0.761421 14.3147
-0.609137 14.1624
-0.456853 14.1624
-0.304569 14.1624
0 14.0102
0.152284 14.0102
0.304569 13.8579
0.456853 13.8579
0.609137 13.7056
0.913706 13.5533
1.06599 13.5533
1.21827 13.401
1.37056 13.401
1.52284 13.2487
1.82741 13.0964
1.9797 13.0964
2.13198 12.9442
2.28426 12.7919
2.43655 12.6396
2.58883 12.6396
2.74112 12.4873
2.8934 12.335
3.04569 12.1827
3.19797 12.0305
3.35025 11.8782
3.50254 11.7259
3.65482 11.5736
3.80711 11.4213
3.95939 11.269
4.11168 11.1168
4.26396 10.9645
4.41624 10.8122
4.56853 10.6599
4.72081 10.5076
4.8731 10.3553
4.8731 10.203
5.02538 10.0508
5.17766 9.89848
5.32995 9.74619
5.48223 9.44162
5.63452 9.28934
5.7868 9.13706
5.7868 8.98477
5.93909 8.83249
6.09137 8.6802
6.24365 8.52792
6.39594 8.22335
6.54822 8.07107
6.70051 7.91878
6.70051 7.7665
6.85279 7.46193
7.00508 7.30964
7.15736 7.15736
7.30964 7.00508
7.46193 6.70051
7.61421 6.54822
7.61421 6.39594
7.7665 6.09137
7.91878 5.93909
8.07107 5.63452
8.07107 5.48223
8.22335 5.17766
8.22335 5.02538
8.37563 4.72081
8.52792 4.56853
8.52792 4.26396
8.6802 4.11168
