8.83249 3.80711
8.83249 3.50254
8.83249 3.35025
8.83249 3.04569
8.83249 2.74112
8.83249 2.58883
8.83249 2.28426
8.83249 2.13198
8.83249 1.82741
8.6802 1.52284
8.6802 1.37056
8.6802 1.06599
8.52792 0.913706
8.52792 0.609137
8.37563 0.456853
8.37563 0.152284
8.22335 0
8.22335 -0.304569
8.07107 -0.456853
7.91878 -0.761421
7.91878 -0.913706
7.7665 -1.21827
7.61421 -1.37056
7.46193 -1.67513
7.46193 -1.82741
7.30964 -1.9797
7.15736 -2.28426
7.00508 -2.43655
6.85279 -2.58883
6.70051 -2.74112
6.54822 -3.04569
6.39594 -3.19797
6.24365 -3.35025
6.09137 -3.50254
5.93909 -3.65482
5.7868 -3.80711
5.63452 -3.95939
5.32995 -4.26396
5.17766 -4.41624
5.02538 -4.56853
4.8731 -4.72081
4.72081 -4.8731
4.56853 -4.8731
4.26396 -5.02538
4.11168 -5.17766
3.95939 -5.32995
3.80711 -5.48223
3.50254 -5.63452
3.35025 -5.7868
3.19797 -5.7868
3.04569 -5.93909
2.74112 -6.09137
2.58883 -6.24365
2.43655 -6.24365
2.13198 -6.39594
1.9797 -6.54822
1.82741 -6.54822
1.67513 -6.70051
1.37056 -6.70051
1.21827 -6.85279
1.06599 -7.00508
0.761421 -7.00508
0.609137 -7.15736
0.456853 -7.15736
0.152284 -7.30964
0 -7.30964
-0.152284 -7.30964
-0.456853 -7.46193
-0.609137 -7.46193
-0.913706 -7.46193
-1.06599 -7.61421
-1.21827 -7.61421
-1.52284 -7.61421
-1.67513 -7.7665
-1.82741 -7.7665
-2.13198 -7.7665
-2.28426 -7.7665
-2.43655 -7.7665
-2.74112 -7.7665
-2.8934 -7.91878
-3.19797 -7.91878
-3.35025 -7.91878
-3.50254 -7.91878
-3.80711 -7.91878
-3.95939 -7.91878
-4.11168 -7.91878
-4.41624 -7.91878
-4.56853 -7.7665
-4.72081 -7.7665
-5.02538 -7.7665
-5.17766 -7.7665
-5.32995 -7.7665
-5.63452 -7.7665
-5.7868 -7.7665
-5.93909 -7.61421
-6.24365 -7.61421
-6.39594 -7.61421
-6.54822 -7.46193
-6.70051 -7.46193
-7.00508 -7.46193
-7.15736 -7.30964
-7.30964 -7.30964
-7.61421 -7.30964
-7.7665 -7.15736
-7.91878 -7.15736
-8.07107 -7.15736
-8.22335 -7.00508
-8.52792 -7.00508
-8.6802 -6.85279
-8.83249 -6.85279
-8.98477 -6.70051
-9.13706 -6.70051
-9.44162 -6.54822
-9.59391 -6.54822
-9.74619 -6.39594
-9.89848 -6.24365
-10.0508 -6.24365
-10.203 -6.09137
-10.3553 -6.09137
-10.6599 -5.93909
-10.8122 -5.7868
-10.9645 -5.7868
-11.1168 -5.63452
-11.269 -5.63452
-11.4213 -5.48223
-11.5736 -5.32995
-11.7259 -5.32995
-11.8782 -5.17766
-12.0305 -5.02538
-12.335 -5.02538
-12.4873 -4.8731
-12.6396 -4.72081
-12.7919 -4.56853
-12.9442 -4.56853
-13.0964 -4.41624
-13.2487 -4.26396
-13.401 -4.11168
-13.5533 -4.11168
-13.7056 -3.95939
-13.8579 -3.80711
-14.0102 -3.65482
-14.1624 -3.50254
-14.467 -3.35025
-14.6193 -3.19797
-14.7716 -3.19797
-14.9239 -3.04569
-15.0761 -2.8934
-15.2284 -2.74112
-15.3807 -2.58883
-15.533 -2.43655
-15.6853 -2.28426
-15.8376 -2.13198
-15.9898 -1.9797
-16.1421 -1.82741
-16.2944 -1.67513
-16.4467 -1.52284
-16.599 -1.37056
-16.7513 -1.06599
-16.9036 -0.913706
-17.0558 -0.761421
-17.2081 -0.609137
-17.3604 -0.456853
-17.5127 -0.152284
-17.665 0
-17.8173 0.152284
-17.9695 0.304569
-18.1218 0.609137
-18.1218 0.761421
-18.2741 1.06599
-18.4264 1.21827
-18.5787 1.37056
-18.731 1.67513
-18.731 1.82741
-18.8832 2.13198
-19.0355 2.28426
-19.0355 2.58883
-19.1878 2.74112
-19.1878 3.04569
-19.3401 3.35025
-19.3401 3.50254
-19.4924 3.80711
-19.4924 3.95939
-19.4924 4.26396
-19.4924 4.56853
-19.6447 4.72081
-19.6447 5.02538
-19.6447 5.32995
-19.6447 5.48223
-19.6447 5.7868
-19.4924 6.09137
-19.4924 6.24365
-19.4924 6.54822
-19.4924 6.85279
-19.3401 7.00508
-19.3401 7.30964
-19.1878 7.61421
-19.1878 7.7665
-19.0355 8.07107
-18.8832 8.22335
-18.8832 8.52792
-18.731 8.6802
-18.5787 8.98477
-18.4264 9.13706
-18.2741 9.28934
-18.1218 9.59391
-17.9695 9.74619
-17.8173 9.89848
-17.665 10.203
-17.5127 10.3553
-17.3604 10.5076
-17.2081 10.6599
-16.9036 10.8122
-16.7513 10.9645
-16.599 11.1168
-16.4467 11.4213
-16.1421 11.5736
-15.9898 11.7259
-15.8376 11.8782
-15.6853 11.8782
-15.3807 12.0305
-15.2284 12.1827
-15.0761 12.335
-14.9239 12.4873
-14.6193 12.6396
-14.467 12.7919
-14.3147 12.7919
-14.0102 12.9442
-13.8579 13.0964
-13.7056 13.2487
-13.401 13.2487
-13.2487 13.401
-13.0964 13.5533
-12.9442 13.5533
-12.6396 13.7056
-12.4873 13.8579
-12.335 13.8579
-12.0305 14.0102
-11.8782 14.1624
-11.7259 14.1624
-11.4213 14.3147
-11.269 14.3147
-11.1168 14.467
-10.9645 14.467
-10.6599 14.6193
-10.5076 14.6193
-10.3553 14.7716
-10.0508 14.9239
-9.89848 14.9239
-9.74619 15.0761
-9.59391 15.0761
-9.28934 15.0761
-9.13706 15.2284
-8.98477 15.2284
-8.6802 15.3807
-8.52792 15.3807
-8.37563 15.3807
-8.07107 15.533
-7.91878 15.533
-7.7665 15.533
-7.46193 15.6853
-7.30964 15.6853
-7.00508 15.6853
-6.85279 15.6853
-6.70051 15.6853
-6.39594 15.6853
-6.24365 15.6853
-6.09137 15.6853
-5.7868 15.6853
-5.63452 15.6853
-5.32995 15.6853
-5.17766 15.6853
-5.02538 15.533
-4.72081 15.533
-4.56853 15.533
-4.41624 15.533
-4.11168 15.3807
-3.95939 15.3807
-3.80711 15.3807
-3.50254 15.2284
-3.35025 15.2284
-3.19797 15.2284
-3.04569 15.0761
-2.74112 15.0761
-2.58883 14.9239
-2.43655 14.9239
-2.28426 14.9239
-1.9797 14.7716
-1.82741 14.7716
-1.67513 14.6193
-1.52284 14.6193
-1.21827 14.6193
-1.06599 14.467
-0.913706 14.467
-0.761421 14.3147
-0.456853 14.3147
-0.304569 14.1624
-0.152284 14.1624
0 14.0102
0.304569 14.0102
0.456853 13.8579
0.609137 13.8579
0.761421 13.7056
1.06599 13.7056
1.21827 13.5533
1.37056 13.5533
1.52284 13.401
1.67513 13.2487
1.9797 13.2487
2.13198 13.0964
2.28426 12.9442
2.43655 12.9442
2.58883 12.7919
2.74112 12.6396
2.8934 12.4873
3.04569 12.335
3.19797 12.1827
3.35025 12.0305
3.50254 11.8782
3.65482 11.7259
3.80711 11.5736
3.95939 11.4213
4.11168 11.269
4.26396 11.1168
4.41624 10.9645
4.56853 10.8122
4.72081 10.6599
4.8731 10.5076
4.8731 10.3553
5.02538 10.203
5.17766 10.0508
5.32995 9.89848
5.48223 9.74619
5.63452 9.44162
5.63452 9.28934
5.7868 9.13706
5.93909 8.98477
6.09137 8.83249
6.24365 8.6802
6.39594 8.37563
6.54822 8.22335
6.70051 8.07107
6.70051 7.91878
6.85279 7.7665
7.00508 7.46193
7.15736 7.30964
7.30964 7.15736
7.46193 7.00508
7.61421 6.70051
7.7665 6.54822
7.7665 6.24365
7.91878 6.09137
8.07107 5.93909
8.22335 5.63452
8.22335 5.48223
8.37563 5.17766
8.52792 5.02538
8.52792 4.72081
8.6802 4.56853
8.6802 4.26396
8.83249 3.95939
