8.83249 3.80711
8.83249 3.65482
8.83249 3.35025
8.98477 3.19797
8.98477 2.8934
8.98477 2.58883
8.98477 2.43655
8.98477 2.13198
8.98477 1.82741
8.83249 1.67513
8.83249 1.37056
8.83249 1.21827
8.6802 0.913706
8.6802 0.609137
8.52792 0.456853
8.52792 0.152284
8.37563 0
8.37563 -0.304569
8.22335 -0.456853
8.07107 -0.609137
7.91878 -0.913706
7.7665 -1.06599
7.7665 -1.37056
7.61421 -1.52284
7.46193 -1.67513
7.30964 -1.9797
7.15736 -2.13198
7.00508 -2.28426
6.85279 -2.58883
6.70051 -2.74112
6.54822 -2.8934
6.39594 -3.04569
6.24365 -3.19797
6.09137 -3.50254
5.93909 -3.65482
5.7868 -3.80711
5.63452 -3.95939
5.48223 -4.11168
5.32995 -4.26396
5.17766 -4.41624
4.8731 -4.56853
4.72081 -4.72081
4.56853 -4.8731
4.41624 -5.02538
4.26396 -5.17766
4.11168 -5.32995
3.80711 -5.48223
3.65482 -5.63452
3.50254 -5.63452
3.35025 -5.7868
3.04569 -5.93909
2.8934 -6.09137
2.74112 -6.24365
2.58883 -6.24365
2.28426 -6.39594
2.13198 -6.54822
1.9797 -6.54822
1.67513 -6.70051
1.52284 -6.70051
1.37056 -6.85279
1.06599 -7.00508
0.913706 -7.00508
0.761421 -7.15736
0.456853 -7.15736
0.304569 -7.30964
0.152284 -7.30964
-0.152284 -7.30964
-0.304569 -7.46193
-0.609137 -7.46193
-0.761421 -7.46193
-0.913706 -7.61421
-1.21827 -7.61421
-1.37056 -7.61421
-1.52284 -7.61421
-1.82741 -7.7665
-1.9797 -7.7665
-2.28426 -7.7665
-2.43655 -7.7665
-2.58883 -7.7665
-2.8934 -7.7665
-3.04569 -7.7665
-3.35025 -7.91878
-3.50254 -7.91878
-3.65482 -7.91878
-3.95939 -7.91878
-4.11168 -7.91878
-4.26396 -7.7665
-4.56853 -7.7665
-4.72081 -7.7665
-4.8731 -7.7665
-5.17766 -7.7665
-5.32995 -7.7665
-5.48223 -7.7665
-5.7868 -7.61421
-5.93909 -7.61421
-6.09137 -7.61421
-6.39594 -7.61421
-6.54822 -7.46193
-6.70051 -7.46193
-6.85279 -7.46193
-7.15736 -7.30964
-7.30964 -7.30964
-7.46193 -7.30964
-7.61421 -7.15736
-7.91878 -7.15736
-8.07107 -7.00508
-8.22335 -7.00508
-8.37563 -6.85279
-8.6802 -6.85279
-8.83249 -6.70051
-8.98477 -6.70051
-9.13706 -6.54822
-9.28934 -6.54822
-9.44162 -6.39594
-9.74619 -6.39594
-9.89848 -6.24365
-10.0508 -6.24365
-10.203 -6.09137
-10.3553 -6.09137
-10.5076 -5.93909
-10.6599 -5.7868
-10.9645 -5.7868
-11.1168 -5.63452
-11.269 -5.48223
-11.4213 -5.48223
-11.5736 -5.32995
-11.7259 -5.17766
-11.8782 -5.17766
-12.0305 -5.02538
-12.335 -4.8731
-12.4873 -4.8731
-12.6396 -4.72081
-12.7919 -4.56853
-12.9442 -4.56853
-13.0964 -4.41624
-13.2487 -4.26396
-13.401 -4.11168
-13.5533 -3.95939
-13.7056 -3.95939
-13.8579 -3.80711
-14.1624 -3.65482
-14.3147 -3.50254
-14.467 -3.35025
-14.6193 -3.19797
-14.7716 -3.04569
-14.9239 -3.04569
-15.0761 -2.8934
-15.2284 -2.74112
-15.3807 -2.58883
-15.533 -2.43655
-15.6853 -2.28426
-15.8376 -2.13198
-15.9898 -1.9797
-16.1421 -1.82741
-16.2944 -1.67513
-16.4467 -1.37056
-16.599 -1.21827
-16.7513 -1.06599
-16.9036 -0.913706
-17.0558 -0.761421
-17.2081 -0.609137
-17.3604 -0.304569
-17.5127 -0.152284
-17.665 0
-17.8173 0.304569
-17.9695 0.456853
-18.1218 0.609137
-18.1218 0.913706
-18.2741 1.06599
-18.4264 1.21827
-18.5787 1.52284
-18.5787 1.67513
-18.731 1.9797
-18.8832 2.13198
-18.8832 2.43655
-19.0355 2.58883
-19.1878 2.8934
-19.1878 3.19797
-19.3401 3.35025
-19.3401 3.65482
-19.3401 3.80711
-19.4924 4.11168
-19.4924 4.41624
-19.4924 4.56853
-19.4924 4.8731
-19.4924 5.17766
-19.4924 5.32995
-19.4924 5.63452
-19.4924 5.93909
-19.4924 6.09137
-19.4924 6.39594
-19.4924 6.70051
-19.3401 6.85279
-19.3401 7.15736
-19.3401 7.46193
-19.1878 7.61421
-19.0355 7.91878
-19.0355 8.07107
-18.8832 8.37563
-18.731 8.52792
-18.5787 8.83249
-18.5787 8.98477
-18.4264 9.28934
-18.2741 9.44162
-18.1218 9.59391
-17.9695 9.89848
-17.8173 10.0508
-17.665 10.203
-17.3604 10.3553
-17.2081 10.6599
-17.0558 10.8122
-16.9036 10.9645
-16.7513 11.1168
-16.599 11.269
-16.2944 11.4213
-16.1421 11.5736
-15.9898 11.7259
-15.6853 11.8782
-15.533 12.0305
-15.3807 12.1827
-15.2284 12.335
-14.9239 12.4873
-14.7716 12.4873
-14.6193 12.6396
-14.3147 12.7919
-14.1624 12.9442
-14.0102 13.0964
-13.7056 13.0964
-13.5533 13.2487
-13.401 13.401
-13.2487 13.401
-12.9442 13.5533
-12.7919 13.7056
-12.6396 13.7056
-12.335 13.8579
-12.1827 14.0102
-12.0305 14.0102
-11.7259 14.1624
-11.5736 14.1624
-11.4213 14.3147
-11.269 14.3147
-10.9645 14.467
-10.8122 14.6193
-10.6599 14.6193
-10.3553 14.7716
-10.203 14.7716
-10.0508 14.9239
-9.89848 14.9239
-9.59391 15.0761
-9.44162 15.0761
-9.28934 15.2284
-8.98477 15.2284
-8.83249 15.2284
-8.6802 15.3807
-8.37563 15.3807
-8.22335 15.533
-8.07107 15.533
-7.7665 15.533
-7.61421 15.6853
-7.46193 15.6853
-7.15736 15.6853
-7.00508 15.6853
-6.85279 15.6853
-6.54822 15.6853
-6.39594 15.6853
-6.24365 15.6853
-5.93909 15.6853
-5.7868 15.6853
-5.48223 15.6853
-5.32995 15.6853
-5.17766 15.6853
-4.8731 15.6853
-4.72081 15.533
-4.56853 15.533
-4.26396 15.533
-4.11168 15.533
-3.95939 15.3807
-3.65482 15.3807
-3.50254 15.3807
-3.35025 15.2284
-3.19797 15.2284
-2.8934 15.0761
-2.74112 15.0761
-2.58883 14.9239
-2.43655 14.9239
-2.13198 14.9239
-1.9797 14.7716
-1.82741 14.7716
-1.67513 14.6193
-1.37056 14.6193
-1.21827 14.467
-1.06599 14.467
-0.913706 14.467
-0.761421 14.3147
-0.456853 14.3147
-0.304569 14.1624
-0.152284 14.1624
0 14.0102
0.304569 14.0102
0.456853 13.8579
0.609137 13.8579
0.761421 13.7056
0.913706 13.7056
1.21827 13.5533
1.37056 13.5533
1.52284 13.401
1.67513 13.2487
1.82741 13.2487
2.13198 13.0964
2.28426 12.9442
2.43655 12.7919
2.58883 12.7919
2.74112 12.6396
2.8934 12.4873
3.04569 12.335
3.19797 12.1827
3.35025 12.0305
3.50254 12.0305
3.65482 11.8782
3.80711 11.7259
3.95939 11.5736
4.11168 11.4213
4.26396 11.269
4.41624 11.1168
4.56853 10.9645
4.72081 10.6599
4.8731 10.5076
4.8731 10.3553
5.02538 10.203
5.17766 10.0508
5.32995 9.89848
5.48223 9.74619
5.63452 9.59391
5.7868 9.44162
5.7868 9.28934
5.93909 8.98477
6.09137 8.83249
6.24365 8.6802
6.39594 8.52792
6.54822 8.37563
6.70051 8.22335
6.85279 7.91878
7.00508 7.7665
7.00508 7.61421
7.15736 7.46193
7.30964 7.15736
7.46193 7.00508
7.61421 6.85279
7.7665 6.54822
7.91878 6.39594
7.91878 6.24365
8.07107 5.93909
8.22335 5.7868
8.22335 5.48223
8.37563 5.32995
8.52792 5.02538
8.52792 4.8731
8.6802 4.56853
8.6802 4.41624
8.6802 4.11168
