6.39594 1.9797
6.54822 1.67513
6.54822 1.37056
6.54822 1.06599
6.54822 0.609137
6.54822 0.304569
6.54822 0
6.54822 -0.304569
6.39594 -0.609137
6.39594 -0.913706
6.24365 -1.21827
6.09137 -1.52284
5.93909 -1.82741
5.7868 -2.13198
5.63452 -2.43655
5.48223 -2.74112
5.32995 -3.04569
5.17766 -3.35025
4.8731 -3.65482
4.72081 -3.80711
4.41624 -4.11168
4.26396 -4.41624
3.95939 -4.56853
3.80711 -4.8731
3.50254 -5.02538
3.19797 -5.32995
3.04569 -5.48223
2.74112 -5.63452
2.43655 -5.93909
2.28426 -6.09137
1.9797 -6.24365
1.67513 -6.39594
1.37056 -6.54822
1.06599 -6.70051
0.913706 -6.85279
0.609137 -7.00508
0.304569 -7.15736
0 -7.30964
-0.152284 -7.46193
-0.456853 -7.61421
-0.761421 -7.7665
-1.06599 -7.91878
-1.21827 -7.91878
-1.52284 -8.07107
-1.82741 -8.22335
-1.9797 -8.37563
-2.28426 -8.37563
-2.58883 -8.52792
-2.74112 -8.6802
-3.04569 -8.6802
-3.19797 -8.83249
-3.50254 -8.98477
-3.65482 -8.98477
-3.95939 -9.13706
-4.11168 -9.28934
-4.41624 -9.28934
-4.56853 -9.44162
-4.8731 -9.59391
-5.02538 -9.59391
-5.32995 -9.74619
-5.48223 -9.89848
-5.7868 -9.89848
-5.93909 -10.0508
-6.24365 -10.0508
-6.39594 -10.203
-6.70051 -10.203
-6.85279 -10.3553
-7.00508 -10.3553
-7.30964 -10.5076
-7.46193 -10.5076
-7.7665 -10.6599
-7.91878 -10.6599
-8.22335 -10.8122
-8.37563 -10.8122
-8.6802 -10.8122
-8.83249 -10.9645
-9.13706 -10.9645
-9.28934 -10.9645
-9.59391 -10.9645
-9.74619 -10.9645
-10.0508 -11.1168
-10.3553 -11.1168
-10.5076 -11.1168
-10.8122 -11.1168
-10.9645 -11.1168
-11.269 -11.1168
-11.4213 -11.1168
-11.7259 -11.1168
-11.8782 -11.1168
-12.1827 -11.1168
-12.335 -11.1168
-12.6396 -11.1168
-12.7919 -11.1168
-13.0964 -11.1168
-13.2487 -11.1168
-13.5533 -11.1168
-13.7056 -11.1168
-14.0102 -10.9645
-14.1624 -10.9645
-14.467 -10.9645
-14.6193 -10.9645
-14.9239 -10.9645
-15.0761 -10.9645
-15.3807 -10.8122
-15.533 -10.8122
-15.8376 -10.8122
-15.9898 -10.8122
-16.2944 -10.8122
-16.4467 -10.6599
-16.7513 -10.6599
-16.9036 -10.6599
-17.2081 -10.6599
-17.3604 -10.5076
-17.665 -10.5076
-17.9695 -10.5076
-18.1218 -10.3553
-18.4264 -10.3553
-18.5787 -10.203
-18.8832 -10.203
-19.0355 -10.0508
-19.3401 -10.0508
-19.4924 -9.89848
-19.797 -9.89848
-20.1015 -9.74619
-20.2538 -9.74619
-20.5584 -9.59391
-20.7107 -9.59391
-21.0152 -9.44162
-21.1675 -9.28934
-21.4721 -9.13706
-21.6244 -9.13706
-21.9289 -8.98477
-22.0812 -8.83249
-22.3858 -8.6802
-22.5381 -8.52792
-22.8426 -8.52792
-22.9949 -8.37563
-23.2995 -8.22335
-23.4518 -8.07107
-23.7563 -7.91878
-23.9086 -7.7665
-24.0609 -7.46193
-24.3655 -7.30964
-24.5178 -7.15736
-24.8223 -7.00508
-24.9746 -6.85279
-25.1269 -6.54822
-25.2792 -6.39594
-25.5838 -6.24365
-25.736 -5.93909
-25.8883 -5.7868
-26.0406 -5.63452
-26.1929 -5.32995
-26.3452 -5.17766
-26.4975 -4.8731
-26.6497 -4.72081
-26.802 -4.41624
-26.9543 -4.26396
-27.1066 -3.95939
-27.2589 -3.65482
-27.4112 -3.50254
-27.5635 -3.19797
-27.5635 -2.8934
-27.7157 -2.74112
-27.868 -2.43655
-27.868 -2.13198
-28.0203 -1.82741
-28.0203 -1.67513
-28.1726 -1.37056
-28.1726 -1.06599
-28.3249 -0.761421
-28.3249 -0.456853
-28.3249 -0.304569
-28.4772 0
-28.4772 0.304569
-28.4772 0.609137
-28.4772 0.913706
-28.4772 1.21827
-28.4772 1.37056
-28.4772 1.67513
-28.4772 1.9797
-28.4772 2.28426
-28.4772 2.58883
-28.4772 2.8934
-28.4772 3.19797
-28.4772 3.35025
-28.3249 3.65482
-28.3249 3.95939
-28.3249 4.26396
-28.1726 4.56853
-28.1726 4.72081
-28.0203 5.02538
-28.0203 5.32995
-28.0203 5.63452
-27.868 5.93909
-27.7157 6.09137
-27.7157 6.39594
-27.5635 6.70051
-27.5635 6.85279
-27.4112 7.15736
-27.2589 7.46193
-27.1066 7.7665
-27.1066 7.91878
-26.9543 8.22335
-26.802 8.37563
-26.6497 8.6802
-26.4975 8.98477
-26.3452 9.13706
-26.1929 9.44162
-26.1929 9.59391
-26.0406 9.89848
-25.8883 10.0508
-25.5838 10.3553
-25.4315 10.5076
-25.2792 10.8122
-25.1269 10.9645
-24.9746 11.1168
-24.8223 11.4213
-24.6701 11.5736
-24.5178 11.7259
-24.2132 12.0305
-24.0609 12.1827
-23.9086 12.335
-23.6041 12.4873
-23.4518 12.7919
-23.2995 12.9442
-22.9949 13.0964
-22.8426 13.2487
-22.6904 13.401
-22.3858 13.5533
-22.2335 13.7056
-21.9289 13.8579
-21.7766 14.0102
-21.4721 14.1624
-21.3198 14.3147
-21.0152 14.3147
-20.7107 14.467
-20.5584 14.6193
-20.2538 14.6193
-19.9492 14.7716
-19.797 14.7716
-19.4924 14.9239
-19.1878 14.9239
-19.0355 15.0761
-18.731 15.0761
-18.4264 15.0761
-18.1218 15.0761
-17.9695 15.2284
-17.665 15.2284
-17.3604 15.2284
-17.2081 15.2284
-16.9036 15.2284
-16.599 15.2284
-16.4467 15.2284
-16.1421 15.2284
-15.8376 15.2284
-15.6853 15.0761
-15.3807 15.0761
-15.0761 15.0761
-14.9239 15.0761
-14.6193 15.0761
-14.467 15.0761
-14.1624 14.9239
-14.0102 14.9239
-13.7056 14.9239
-13.5533 14.9239
-13.2487 14.7716
-13.0964 14.7716
-12.7919 14.7716
-12.6396 14.7716
-12.335 14.7716
-12.1827 14.6193
-11.8782 14.6193
-11.7259 14.6193
-11.4213 14.6193
-11.269 14.6193
-10.9645 14.467
-10.8122 14.467
-10.6599 14.467
-10.3553 14.467
-10.203 14.3147
-9.89848 14.3147
-9.74619 14.3147
-9.59391 14.3147
-9.28934 14.1624
-9.13706 14.1624
-8.83249 14.1624
-8.6802 14.0102
-8.37563 14.0102
-8.22335 14.0102
-8.07107 13.8579
-7.7665 13.8579
-7.61421 13.8579
-7.30964 13.7056
-7.15736 13.7056
-7.00508 13.5533
-6.70051 13.5533
-6.54822 13.401
-6.24365 13.401
-6.09137 13.2487
-5.93909 13.2487
-5.63452 13.0964
-5.48223 13.0964
-5.17766 12.9442
-5.02538 12.9442
-4.72081 12.7919
-4.56853 12.6396
-4.41624 12.6396
-4.11168 12.4873
-3.95939 12.4873
-3.65482 12.335
-3.50254 12.1827
-3.19797 12.1827
-3.04569 12.0305
-2.74112 11.8782
-2.58883 11.8782
-2.28426 11.7259
-2.13198 11.5736
-1.82741 11.4213
-1.67513 11.269
-1.37056 11.269
-1.21827 11.1168
-0.913706 10.9645
-0.761421 10.8122
-0.456853 10.6599
-0.152284 10.5076
0 10.3553
0.304569 10.203
0.456853 10.0508
0.761421 9.89848
0.913706 9.74619
1.21827 9.59391
1.52284 9.28934
1.67513 9.13706
1.9797 8.98477
2.13198 8.83249
2.43655 8.52792
2.58883 8.37563
2.8934 8.22335
3.04569 7.91878
3.35025 7.7665
3.50254 7.46193
3.80711 7.30964
3.95939 7.00508
4.11168 6.70051
4.41624 6.54822
4.56853 6.24365
4.72081 5.93909
4.8731 5.63452
5.17766 5.32995
5.32995 5.17766
5.48223 4.8731
5.63452 4.56853
5.7868 4.26396
5.93909 3.95939
5.93909 3.65482
6.09137 3.35025
6.24365 3.04569
6.24365 2.58883
6.39594 2.28426
