8.83249 3.95939
8.98477 3.80711
8.98477 3.50254
8.98477 3.35025
9.13706 3.04569
9.13706 2.74112
9.13706 2.58883
9.13706 2.28426
9.13706 1.9797
9.13706 1.82741
9.13706 1.52284
8.98477 1.21827
8.98477 1.06599
8.83249 0.761421
8.83249 0.609137
8.6802 0.304569
8.52792 0.152284
8.52792 -0.152284
8.37563 -0.304569
8.22335 -0.609137
8.07107 -0.761421
8.07107 -0.913706
7.91878 -1.21827
7.7665 -1.37056
7.61421 -1.67513
7.46193 -1.82741
7.30964 -1.9797
7.15736 -2.13198
7.00508 -2.43655
6.85279 -2.58883
6.70051 -2.74112
6.54822 -2.8934
6.39594 -3.04569
6.24365 -3.35025
6.09137 -3.50254
5.93909 -3.65482
5.63452 -3.80711
5.48223 -3.95939
5.32995 -4.11168
5.17766 -4.26396
5.02538 -4.41624
4.8731 -4.56853
4.72081 -4.72081
4.41624 -4.8731
4.26396 -5.02538
4.11168 -5.17766
3.95939 -5.17766
3.65482 -5.32995
3.50254 -5.48223
3.35025 -5.63452
3.19797 -5.7868
2.8934 -5.7868
2.74112 -5.93909
2.58883 -6.09137
2.43655 -6.24365
2.13198 -6.24365
1.9797 -6.39594
1.82741 -6.39594
1.52284 -6.54822
1.37056 -6.70051
1.21827 -6.70051
0.913706 -6.85279
0.761421 -6.85279
0.609137 -7.00508
0.304569 -7.00508
0.152284 -7.00508
0 -7.15736
-0.304569 -7.15736
-0.456853 -7.30964
-0.761421 -7.30964
-0.913706 -7.30964
-1.06599 -7.30964
-1.37056 -7.46193
-1.52284 -7.46193
-1.67513 -7.46193
-1.9797 -7.46193
-2.13198 -7.46193
-2.43655 -7.61421
-2.58883 -7.61421
-2.74112 -7.61421
-3.04569 -7.61421
-3.19797 -7.61421
-3.35025 -7.61421
-3.65482 -7.61421
-3.80711 -7.61421
-3.95939 -7.61421
-4.26396 -7.61421
-4.41624 -7.61421
-4.56853 -7.61421
-4.8731 -7.61421
-5.02538 -7.46193
-5.17766 -7.46193
-5.48223 -7.46193
-5.63452 -7.46193
-5.7868 -7.46193
-6.09137 -7.30964
-6.24365 -7.30964
-6.39594 -7.30964
-6.54822 -7.30964
-6.85279 -7.15736
-7.00508 -7.15736
-7.15736 -7.15736
-7.46193 -7.00508
-7.61421 -7.00508
-7.7665 -7.00508
-7.91878 -6.85279
-8.07107 -6.85279
-8.37563 -6.70051
-8.52792 -6.70051
-8.6802 -6.70051
-8.83249 -6.54822
-9.13706 -6.54822
-9.28934 -6.39594
-9.44162 -6.39594
-9.59391 -6.24365
-9.74619 -6.24365
-9.89848 -6.09137
-10.203 -5.93909
-10.3553 -5.93909
-10.5076 -5.7868
-10.6599 -5.7868
-10.8122 -5.63452
-10.9645 -5.48223
-11.1168 -5.48223
-11.4213 -5.32995
-11.5736 -5.17766
-11.7259 -5.17766
-11.8782 -5.02538
-12.0305 -4.8731
-12.1827 -4.8731
-12.335 -4.72081
-12.4873 -4.56853
-12.6396 -4.41624
-12.7919 -4.41624
-12.9442 -4.26396
-13.0964 -4.11168
-13.401 -3.95939
-13.5533 -3.80711
-13.7056 -3.80711
-13.8579 -3.65482
-14.0102 -3.50254
-14.1624 -3.35025
-14.3147 -3.19797
-14.467 -3.04569
-14.6193 -2.8934
-14.7716 -2.74112
-14.9239 -2.58883
-15.0761 -2.43655
-15.2284 -2.28426
-15.3807 -2.13198
-15.533 -1.9797
-15.6853 -1.82741
-15.8376 -1.67513
-15.9898 -1.52284
-16.1421 -1.37056
-16.2944 -1.21827
-16.4467 -1.06599
-16.599 -0.913706
-16.599 -0.761421
-16.7513 -0.456853
-16.9036 -0.304569
-17.0558 -0.152284
-17.2081 0
-17.3604 0.304569
-17.5127 0.456853
-17.665 0.609137
-17.8173 0.913706
-17.8173 1.06599
-17.9695 1.21827
-18.1218 1.52284
-18.2741 1.67513
-18.2741 1.9797
-18.4264 2.13198
-18.5787 2.28426
-18.731 2.58883
-18.731 2.74112
-18.8832 3.04569
-18.8832 3.35025
-19.0355 3.50254
-19.0355 3.80711
-19.1878 3.95939
-19.1878 4.26396
-19.3401 4.56853
-19.3401 4.72081
-19.3401 5.02538
-19.3401 5.32995
-19.3401 5.48223
-19.4924 5.7868
-19.4924 6.09137
-19.3401 6.24365
-19.3401 6.54822
-19.3401 6.85279
-19.3401 7.00508
-19.1878 7.30964
-19.1878 7.61421
-19.0355 7.7665
-19.0355 8.07107
-18.8832 8.22335
-18.8832 8.52792
-18.731 8.6802
-18.5787 8.98477
-18.4264 9.13706
-18.2741 9.44162
-18.1218 9.59391
-17.9695 9.74619
-17.8173 10.0508
-17.665 10.203
-17.5127 10.3553
-17.3604 10.5076
-17.2081 10.8122
-17.0558 10.9645
-16.9036 11.1168
-16.599 11.269
-16.4467 11.4213
-16.2944 11.5736
-16.1421 11.7259
-15.8376 11.8782
-15.6853 12.0305
-15.533 12.1827
-15.3807 12.335
-15.0761 12.4873
-14.9239 12.6396
-14.7716 12.7919
-14.467 12.9442
-14.3147 12.9442
-14.1624 13.0964
-14.0102 13.2487
-13.7056 13.401
-13.5533 13.401
-13.401 13.5533
-13.0964 13.7056
-12.9442 13.8579
-12.7919 13.8579
-12.6396 14.0102
-12.335 14.1624
-12.1827 14.1624
-12.0305 14.3147
-11.7259 14.467
-11.5736 14.467
-11.4213 14.6193
-11.1168 14.6193
-10.9645 14.7716
-10.8122 14.7716
-10.5076 14.9239
-10.3553 14.9239
-10.203 15.0761
-10.0508 15.0761
-9.74619 15.2284
-9.59391 15.2284
-9.44162 15.3807
-9.13706 15.3807
-8.98477 15.533
-8.83249 15.533
-8.52792 15.533
-8.37563 15.6853
-8.22335 15.6853
-7.91878 15.6853
-7.7665 15.6853
-7.46193 15.8376
-7.30964 15.8376
-7.15736 15.8376
-6.85279 15.8376
-6.70051 15.8376
-6.54822 15.8376
-6.24365 15.8376
-6.09137 15.8376
-5.7868 15.8376
-5.63452 15.8376
-5.48223 15.8376
-5.17766 15.8376
-5.02538 15.8376
-4.8731 15.6853
-4.56853 15.6853
-4.41624 15.6853
-4.26396 15.6853
-3.95939 15.533
-3.80711 15.533
-3.65482 15.533
-3.50254 15.3807
-3.19797 15.3807
-3.04569 15.3807
-2.8934 15.2284
-2.58883 15.2284
-2.43655 15.2284
-2.28426 15.0761
-2.13198 15.0761
-1.82741 14.9239
-1.67513 14.9239
-1.52284 14.9239
-1.37056 14.7716
-1.06599 14.7716
-0.913706 14.6193
-0.761421 14.6193
-0.609137 14.467
-0.456853 14.467
-0.152284 14.467
0 14.3147
0.152284 14.3147
0.304569 14.1624
0.609137 14.1624
0.761421 14.0102
0.913706 14.0102
1.06599 13.8579
1.37056 13.7056
1.52284 13.7056
1.67513 13.5533
1.82741 13.5533
1.9797 13.401
2.28426 13.2487
2.43655 13.2487
2.58883 13.0964
2.74112 12.9442
2.8934 12.7919
3.04569 12.7919
3.19797 12.6396
3.35025 12.4873
3.50254 12.335
3.80711 12.1827
3.95939 12.0305
4.11168 11.8782
4.26396 11.7259
4.41624 11.5736
4.56853 11.4213
4.56853 11.269
4.72081 11.1168
4.8731 10.9645
5.02538 10.8122
5.17766 10.6599
5.32995 10.5076
5.48223 10.3553
5.63452 10.203
5.7868 10.0508
5.7868 9.74619
5.93909 9.59391
6.09137 9.44162
6.24365 9.28934
6.39594 9.13706
6.54822 8.83249
6.54822 8.6802
6.70051 8.52792
6.85279 8.37563
7.00508 8.22335
7.15736 7.91878
7.15736 7.7665
7.30964 7.61421
7.46193 7.30964
7.61421 7.15736
7.61421 7.00508
7.7665 6.70051
7.91878 6.54822
7.91878 6.24365
8.07107 6.09137
8.22335 5.93909
8.22335 5.63452
8.37563 5.48223
8.37563 5.17766
8.52792 5.02538
8.6802 4.72081
8.6802 4.56853
8.83249 4.26396
