8.98477 4.11168
9.13706 3.95939
9.13706 3.65482
9.28934 3.35025
9.28934 3.19797
9.28934 2.8934
9.28934 2.58883
9.28934 2.43655
9.28934 2.13198
9.28934 1.82741
9.13706 1.67513
9.13706 1.37056
9.13706 1.21827
8.98477 0.913706
8.83249 0.609137
8.83249 0.456853
8.6802 0.152284
8.52792 0
8.37563 -0.152284
8.37563 -0.456853
8.22335 -0.609137
8.07107 -0.913706
7.91878 -1.06599
7.7665 -1.21827
7.61421 -1.52284
7.46193 -1.67513
7.30964 -1.82741
7.15736 -1.9797
7.00508 -2.28426
6.85279 -2.43655
6.70051 -2.58883
6.54822 -2.74112
6.39594 -2.8934
6.24365 -3.19797
6.09137 -3.35025
5.93909 -3.50254
5.7868 -3.65482
5.63452 -3.80711
5.48223 -3.95939
5.17766 -4.11168
5.02538 -4.26396
4.8731 -4.41624
4.72081 -4.56853
4.56853 -4.72081
4.41624 -4.8731
4.26396 -5.02538
3.95939 -5.17766
3.80711 -5.32995
3.65482 -5.48223
3.50254 -5.63452
3.19797 -5.63452
3.04569 -5.7868
2.8934 -5.93909
2.74112 -6.09137
2.43655 -6.09137
2.28426 -6.24365
2.13198 -6.39594
1.82741 -6.39594
1.67513 -6.54822
1.52284 -6.70051
1.21827 -6.70051
1.06599 -6.85279
0.913706 -6.85279
0.609137 -7.00508
0.456853 -7.00508
0.304569 -7.15736
0 -7.15736
-0.152284 -7.15736
-0.304569 -7.30964
-0.609137 -7.30964
-0.761421 -7.30964
-1.06599 -7.46193
-1.21827 -7.46193
-1.37056 -7.46193
-1.67513 -7.46193
-1.82741 -7.46193
-2.13198 -7.61421
-2.28426 -7.61421
-2.43655 -7.61421
-2.74112 -7.61421
-2.8934 -7.61421
-3.19797 -7.61421
-3.35025 -7.61421
-3.50254 -7.61421
-3.80711 -7.61421
-3.95939 -7.61421
-4.11168 -7.61421
-4.41624 -7.61421
-4.56853 -7.61421
-4.72081 -7.46193
-5.02538 -7.46193
-5.17766 -7.46193
-5.32995 -7.46193
-5.63452 -7.46193
-5.7868 -7.30964
-5.93909 -7.30964
-6.24365 -7.30964
-6.39594 -7.30964
-6.54822 -7.15736
-6.85279 -7.15736
-7.00508 -7.15736
-7.15736 -7.00508
-7.30964 -7.00508
-7.61421 -7.00508
-7.7665 -6.85279
-7.91878 -6.85279
-8.07107 -6.85279
-8.37563 -6.70051
-8.52792 -6.70051
-8.6802 -6.54822
-8.83249 -6.54822
-8.98477 -6.39594
-9.28934 -6.39594
-9.44162 -6.24365
-9.59391 -6.24365
-9.74619 -6.09137
-9.89848 -6.09137
-10.0508 -5.93909
-10.3553 -5.7868
-10.5076 -5.7868
-10.6599 -5.63452
-10.8122 -5.48223
-10.9645 -5.48223
-11.1168 -5.32995
-11.269 -5.17766
-11.4213 -5.17766
-11.5736 -5.02538
-11.8782 -4.8731
-12.0305 -4.72081
-12.1827 -4.72081
-12.335 -4.56853
-12.4873 -4.41624
-12.6396 -4.26396
-12.7919 -4.26396
-12.9442 -4.11168
-13.0964 -3.95939
-13.2487 -3.80711
-13.401 -3.65482
-13.5533 -3.50254
-13.7056 -3.35025
-13.8579 -3.35025
-14.0102 -3.19797
-14.1624 -3.04569
-14.3147 -2.8934
-14.467 -2.74112
-14.6193 -2.58883
-14.7716 -2.43655
-14.9239 -2.28426
-15.0761 -2.13198
-15.2284 -1.9797
-15.3807 -1.82741
-15.533 -1.67513
-15.6853 -1.52284
-15.8376 -1.37056
-15.9898 -1.21827
-16.1421 -1.06599
-16.2944 -0.913706
-16.4467 -0.761421
-16.599 -0.456853
-16.7513 -0.304569
-16.9036 -0.152284
-17.0558 0
-17.0558 0.152284
-17.2081 0.456853
-17.3604 0.609137
-17.5127 0.761421
-17.665 0.913706
-17.8173 1.21827
-17.9695 1.37056
-17.9695 1.67513
-18.1218 1.82741
-18.2741 1.9797
-18.4264 2.28426
-18.4264 2.43655
-18.5787 2.74112
-18.731 2.8934
-18.731 3.19797
-18.8832 3.35025
-18.8832 3.65482
-19.0355 3.95939
-19.0355 4.11168
-19.0355 4.41624
-19.1878 4.56853
-19.1878 4.8731
-19.1878 5.17766
-19.1878 5.32995
-19.1878 5.63452
-19.1878 5.93909
-19.1878 6.09137
-19.1878 6.39594
-19.1878 6.70051
-19.1878 6.85279
-19.1878 7.15736
-19.0355 7.46193
-19.0355 7.61421
-18.8832 7.91878
-18.8832 8.07107
-18.731 8.37563
-18.731 8.52792
-18.5787 8.83249
-18.4264 8.98477
-18.2741 9.28934
-18.2741 9.44162
-18.1218 9.74619
-17.9695 9.89848
-17.8173 10.0508
-17.665 10.3553
-17.5127 10.5076
-17.3604 10.6599
-17.0558 10.8122
-16.9036 11.1168
-16.7513 11.269
-16.599 11.4213
-16.4467 11.5736
-16.2944 11.7259
-15.9898 11.8782
-15.8376 12.0305
-15.6853 12.1827
-15.533 12.335
-15.2284 12.4873
-15.0761 12.6396
-14.9239 12.7919
-14.7716 12.9442
-14.467 13.0964
-14.3147 13.0964
-14.1624 13.2487
-14.0102 13.401
-13.7056 13.5533
-13.5533 13.7056
-13.401 13.7056
-13.0964 13.8579
-12.9442 14.0102
-12.7919 14.0102
-12.4873 14.1624
-12.335 14.3147
-12.1827 14.3147
-11.8782 14.467
-11.7259 14.6193
-11.5736 14.6193
-11.269 14.7716
-11.1168 14.7716
-10.9645 14.9239
-10.6599 14.9239
-10.5076 15.0761
-10.3553 15.0761
-10.203 15.2284
-9.89848 15.2284
-9.74619 15.2284
-9.59391 15.3807
-9.28934 15.3807
-9.13706 15.533
-8.83249 15.533
-8.6802 15.533
-8.52792 15.6853
-8.22335 15.6853
-8.07107 15.6853
-7.91878 15.6853
-7.61421 15.8376
-7.46193 15.8376
-7.30964 15.8376
-7.00508 15.8376
-6.85279 15.8376
-6.70051 15.8376
-6.39594 15.8376
-6.24365 15.8376
-5.93909 15.8376
-5.7868 15.8376
-5.63452 15.8376
-5.32995 15.8376
-5.17766 15.8376
-5.02538 15.8376
-4.72081 15.8376
-4.56853 15.6853
-4.41624 15.6853
-4.11168 15.6853
-3.95939 15.6853
-3.80711 15.533
-3.65482 15.533
-3.35025 15.533
-3.19797 15.3807
-3.04569 15.3807
-2.74112 15.3807
-2.58883 15.2284
-2.43655 15.2284
-2.28426 15.2284
-1.9797 15.0761
-1.82741 15.0761
-1.67513 15.0761
-1.52284 14.9239
-1.21827 14.9239
-1.06599 14.7716
-0.913706 14.7716
-0.761421 14.7716
-0.456853 14.6193
-0.304569 14.6193
-0.152284 14.467
0 14.467
0.304569 14.3147
0.456853 14.3147
0.609137 14.1624
0.761421 14.1624
0.913706 14.0102
1.21827 14.0102
1.37056 13.8579
1.52284 13.8579
1.67513 13.7056
1.9797 13.5533
2.13198 13.5533
2.28426 13.401
2.43655 13.2487
2.58883 13.2487
2.74112 13.0964
2.8934 12.9442
3.19797 12.7919
3.35025 12.7919
3.50254 12.6396
3.65482 12.4873
3.80711 12.335
3.95939 12.1827
4.11168 12.0305
4.26396 11.8782
4.41624 11.7259
4.56853 11.5736
4.72081 11.4213
4.8731 11.269
5.02538 11.1168
5.02538 10.9645
5.17766 10.8122
5.32995 10.6599
5.48223 10.5076
5.63452 10.3553
5.7868 10.0508
5.93909 9.89848
6.09137 9.74619
6.24365 9.59391
6.24365 9.44162
6.39594 9.28934
6.54822 8.98477
6.70051 8.83249
6.85279 8.6802
7.00508 8.52792
7.15736 8.37563
7.15736 8.07107
7.30964 7.91878
7.46193 7.7665
7.61421 7.46193
7.7665 7.30964
7.91878 7.15736
7.91878 6.85279
8.07107 6.70051
8.22335 6.39594
8.22335 6.24365
8.37563 6.09137
8.52792 5.7868
8.52792 5.63452
8.6802 5.32995
8.6802 5.17766
8.83249 4.8731
8.83249 4.56853
8.98477 4.41624
