8.98477 4.26396
9.13706 3.95939
9.13706 3.80711
9.28934 3.50254
9.28934 3.19797
9.28934 2.8934
9.28934 2.74112
9.28934 2.43655
9.28934 2.13198
9.28934 1.9797
9.28934 1.67513
9.13706 1.52284
9.13706 1.21827
9.13706 0.913706
8.98477 0.761421
8.83249 0.456853
8.83249 0.304569
8.6802 0
8.52792 -0.152284
8.37563 -0.456853
8.22335 -0.609137
8.07107 -0.913706
8.07107 -1.06599
7.91878 -1.21827
7.7665 -1.52284
7.61421 -1.67513
7.46193 -1.82741
7.30964 -1.9797
7.15736 -2.28426
6.85279 -2.43655
6.70051 -2.58883
6.54822 -2.74112
6.39594 -2.8934
6.24365 -3.19797
6.09137 -3.35025
5.93909 -3.50254
5.7868 -3.65482
5.63452 -3.80711
5.32995 -3.95939
5.17766 -4.11168
5.02538 -4.26396
4.8731 -4.41624
4.72081 -4.56853
4.56853 -4.72081
4.26396 -4.8731
4.11168 -5.02538
3.95939 -5.17766
3.80711 -5.17766
3.50254 -5.32995
3.35025 -5.48223
3.19797 -5.63452
3.04569 -5.7868
2.74112 -5.7868
2.58883 -5.93909
2.43655 -6.09137
2.13198 -6.09137
1.9797 -6.24365
1.82741 -6.39594
1.52284 -6.39594
1.37056 -6.54822
1.21827 -6.70051
0.913706 -6.70051
0.761421 -6.85279
0.609137 -6.85279
0.304569 -7.00508
0.152284 -7.00508
0 -7.15736
-0.304569 -7.15736
-0.456853 -7.15736
-0.609137 -7.30964
-0.913706 -7.30964
-1.06599 -7.30964
-1.37056 -7.46193
-1.52284 -7.46193
-1.67513 -7.46193
-1.9797 -7.46193
-2.13198 -7.46193
-2.43655 -7.46193
-2.58883 -7.61421
-2.74112 -7.61421
-3.04569 -7.61421
-3.19797 -7.61421
-3.35025 -7.61421
-3.65482 -7.61421
-3.80711 -7.61421
-4.11168 -7.61421
-4.26396 -7.46193
-4.41624 -7.46193
-4.72081 -7.46193
-4.8731 -7.46193
-5.02538 -7.46193
-5.32995 -7.46193
-5.48223 -7.46193
-5.63452 -7.30964
-5.93909 -7.30964
-6.09137 -7.30964
-6.24365 -7.15736
-6.54822 -7.15736
-6.70051 -7.15736
-6.85279 -7.15736
-7.00508 -7.00508
-7.30964 -7.00508
-7.46193 -6.85279
-7.61421 -6.85279
-7.7665 -6.85279
-8.07107 -6.70051
-8.22335 -6.70051
-8.37563 -6.54822
-8.52792 -6.54822
-8.6802 -6.39594
-8.98477 -6.39594
-9.13706 -6.24365
-9.28934 -6.24365
-9.44162 -6.09137
-9.59391 -6.09137
-9.74619 -5.93909
-10.0508 -5.7868
-10.203 -5.7868
-10.3553 -5.63452
-10.5076 -5.48223
-10.6599 -5.48223
-10.8122 -5.32995
-10.9645 -5.17766
-11.1168 -5.17766
-11.269 -5.02538
-11.4213 -4.8731
-11.5736 -4.8731
-11.7259 -4.72081
-12.0305 -4.56853
-12.1827 -4.41624
-12.335 -4.26396
-12.4873 -4.26396
-12.6396 -4.11168
-12.7919 -3.95939
-12.9442 -3.80711
-13.0964 -3.65482
-13.0964 -3.65482
-13.2487 -3.50254
-13.401 -3.35025
-13.5533 -3.19797
-13.7056 -3.04569
-13.8579 -2.8934
-14.0102 -2.74112
-14.1624 -2.58883
-14.3147 -2.58883
-14.467 -2.43655
-14.6193 -2.28426
-14.7716 -2.13198
-14.9239 -1.9797
-15.0761 -1.82741
-15.2284 -1.67513
-15.3807 -1.52284
-15.533 -1.37056
-15.6853 -1.21827
-15.8376 -1.06599
-15.9898 -0.913706
-16.1421 -0.761421
-16.2944 -0.609137
-16.4467 -0.456853
-16.599 -0.152284
-16.7513 0
-16.9036 0.152284
-17.0558 0.304569
-17.2081 0.456853
-17.3604 0.761421
-17.5127 0.913706
-17.665 1.06599
-17.8173 1.37056
-17.9695 1.52284
-17.9695 1.67513
-18.1218 1.9797
-18.2741 2.13198
-18.4264 2.43655
-18.4264 2.58883
-18.5787 2.74112
-18.731 3.04569
-18.731 3.19797
-18.8832 3.50254
-18.8832 3.80711
-19.0355 3.95939
-19.0355 4.26396
-19.1878 4.41624
-19.1878 4.72081
-19.1878 5.02538
-19.1878 5.17766
-19.3401 5.48223
-19.3401 5.7868
-19.3401 5.93909
-19.3401 6.24365
-19.3401 6.54822
-19.1878 6.70051
-19.1878 7.00508
-19.1878 7.15736
-19.0355 7.46193
-19.0355 7.7665
-19.0355 7.91878
-18.8832 8.22335
-18.731 8.37563
-18.731 8.6802
-18.5787 8.83249
-18.4264 9.13706
-18.2741 9.28934
-18.1218 9.59391
-17.9695 9.74619
-17.8173 9.89848
-17.665 10.203
-17.5127 10.3553
-17.3604 10.5076
-17.2081 10.6599
-17.0558 10.8122
-16.9036 11.1168
-16.7513 11.269
-16.599 11.4213
-16.2944 11.5736
-16.1421 11.7259
-15.9898 11.8782
-15.8376 12.0305
-15.6853 12.1827
-15.3807 12.335
-15.2284 12.4873
-15.0761 12.6396
-14.9239 12.7919
-14.6193 12.9442
-14.467 12.9442
-14.3147 13.0964
-14.1624 13.2487
-13.8579 13.401
-13.7056 13.5533
-13.5533 13.5533
-13.401 13.7056
-13.0964 13.8579
-12.9442 14.0102
-12.7919 14.0102
-12.4873 14.1624
-12.335 14.3147
-12.1827 14.3147
-12.0305 14.467
-11.7259 14.467
-11.5736 14.6193
-11.4213 14.7716
-11.1168 14.7716
-10.9645 14.9239
-10.8122 14.9239
-10.5076 15.0761
-10.3553 15.0761
-10.203 15.2284
-10.0508 15.2284
-9.74619 15.3807
-9.59391 15.3807
-9.44162 15.3807
-9.13706 15.533
-8.98477 15.533
-8.83249 15.533
-8.52792 15.6853
-8.37563 15.6853
-8.22335 15.6853
-7.91878 15.8376
-7.7665 15.8376
-7.61421 15.8376
-7.30964 15.8376
-7.15736 15.8376
-7.00508 15.8376
-6.70051 15.9898
-6.54822 15.9898
-6.24365 15.9898
-6.09137 15.9898
-5.93909 15.9898
-5.63452 15.9898
-5.48223 15.9898
-5.32995 15.8376
-5.02538 15.8376
-4.8731 15.8376
-4.72081 15.8376
-4.41624 15.8376
-4.26396 15.8376
-4.11168 15.6853
-3.80711 15.6853
-3.65482 15.6853
-3.50254 15.6853
-3.35025 15.533
-3.04569 15.533
-2.8934 15.533
-2.74112 15.3807
-2.43655 15.3807
-2.28426 15.3807
-2.13198 15.2284
-1.9797 15.2284
-1.67513 15.2284
-1.52284 15.0761
-1.37056 15.0761
-1.21827 14.9239
-0.913706 14.9239
-0.761421 14.9239
-0.609137 14.7716
-0.456853 14.7716
-0.152284 14.6193
0 14.6193
0.152284 14.467
0.304569 14.467
0.609137 14.3147
0.761421 14.3147
0.913706 14.1624
1.06599 14.1624
1.21827 14.0102
1.52284 13.8579
1.67513 13.8579
1.82741 13.7056
1.9797 13.7056
2.13198 13.5533
2.43655 13.401
2.58883 13.2487
2.74112 13.2487
2.8934 13.0964
3.04569 12.9442
3.19797 12.7919
3.35025 12.6396
3.50254 12.6396
3.65482 12.4873
3.95939 12.335
4.11168 12.1827
4.26396 12.0305
4.41624 11.8782
4.56853 11.7259
4.72081 11.5736
4.8731 11.4213
5.02538 11.269
5.17766 11.1168
5.32995 10.9645
5.32995 10.8122
5.48223 10.6599
5.63452 10.5076
5.7868 10.203
5.93909 10.0508
6.09137 9.89848
6.24365 9.74619
6.39594 9.59391
6.54822 9.44162
6.70051 9.13706
6.85279 8.98477
6.85279 8.83249
7.00508 8.6802
7.15736 8.37563
7.30964 8.22335
7.46193 8.07107
7.61421 7.91878
7.61421 7.61421
7.7665 7.46193
7.91878 7.15736
8.07107 7.00508
8.07107 6.85279
8.22335 6.54822
8.37563 6.39594
8.37563 6.09137
8.52792 5.93909
8.52792 5.63452
8.6802 5.48223
8.83249 5.17766
8.83249 5.02538
8.83249 4.72081
8.98477 4.41624
