8.98477 4.26396
9.13706 3.95939
9.13706 3.65482
9.28934 3.50254
9.28934 3.19797
9.28934 2.8934
9.28934 2.74112
9.28934 2.43655
9.28934 2.28426
9.28934 1.9797
9.28934 1.67513
9.28934 1.52284
9.13706 1.21827
9.13706 0.913706
8.98477 0.761421
8.98477 0.456853
8.83249 0.304569
8.6802 0
8.6802 -0.152284
8.52792 -0.456853
8.37563 -0.609137
8.22335 -0.761421
8.07107 -1.06599
7.91878 -1.21827
7.7665 -1.37056
7.61421 -1.67513
7.46193 -1.82741
7.30964 -1.9797
7.15736 -2.28426
7.00508 -2.43655
6.85279 -2.58883
6.70051 -2.74112
6.54822 -2.8934
6.39594 -3.04569
6.24365 -3.19797
5.93909 -3.35025
5.7868 -3.65482
5.63452 -3.80711
5.48223 -3.95939
5.32995 -4.11168
5.17766 -4.26396
4.8731 -4.26396
4.72081 -4.41624
4.56853 -4.56853
4.41624 -4.72081
4.11168 -4.8731
3.95939 -5.02538
3.80711 -5.17766
3.65482 -5.32995
3.50254 -5.32995
3.19797 -5.48223
3.04569 -5.63452
2.8934 -5.7868
2.74112 -5.7868
2.43655 -5.93909
2.28426 -6.09137
2.13198 -6.24365
1.9797 -6.24365
1.67513 -6.39594
1.52284 -6.54822
1.37056 -6.54822
1.06599 -6.70051
0.913706 -6.70051
0.761421 -6.85279
0.456853 -6.85279
0.304569 -7.00508
0.152284 -7.00508
-0.152284 -7.15736
-0.304569 -7.15736
-0.456853 -7.30964
-0.761421 -7.30964
-0.913706 -7.30964
-1.06599 -7.46193
-1.37056 -7.46193
-1.52284 -7.46193
-1.82741 -7.46193
-1.9797 -7.46193
-2.13198 -7.61421
-2.43655 -7.61421
-2.58883 -7.61421
-2.8934 -7.61421
-3.04569 -7.61421
-3.19797 -7.61421
-3.50254 -7.61421
-3.65482 -7.61421
-3.80711 -7.61421
-4.11168 -7.61421
-4.26396 -7.46193
-4.56853 -7.46193
-4.72081 -7.46193
-4.8731 -7.46193
-5.17766 -7.46193
-5.32995 -7.46193
-5.48223 -7.30964
-5.63452 -7.30964
-5.93909 -7.30964
-6.09137 -7.30964
-6.24365 -7.15736
-6.54822 -7.15736
-6.70051 -7.15736
-6.85279 -7.00508
-7.15736 -7.00508
-7.30964 -7.00508
-7.46193 -6.85279
-7.61421 -6.85279
-7.91878 -6.70051
-8.07107 -6.70051
-8.22335 -6.70051
-8.37563 -6.54822
-8.52792 -6.54822
-8.83249 -6.39594
-8.98477 -6.39594
-9.13706 -6.24365
-9.28934 -6.24365
-9.44162 -6.09137
-9.74619 -6.09137
-9.89848 -5.93909
-10.0508 -5.7868
-10.203 -5.7868
-10.3553 -5.63452
-10.5076 -5.63452
-10.6599 -5.48223
-10.8122 -5.32995
-10.9645 -5.17766
-11.269 -5.17766
-11.4213 -5.02538
-11.5736 -4.8731
-11.7259 -4.72081
-11.8782 -4.72081
-12.0305 -4.56853
-12.1827 -4.41624
-12.335 -4.26396
-12.4873 -4.11168
-12.6396 -3.95939
-12.7919 -3.95939
-12.9442 -3.80711
-13.0964 -3.65482
-13.2487 -3.50254
-13.2487 -3.35025
-13.401 -3.19797
-13.5533 -3.04569
-13.7056 -2.8934
-13.8579 -2.8934
-14.0102 -2.74112
-14.1624 -2.58883
-14.3147 -2.43655
-14.467 -2.28426
-14.6193 -2.13198
-14.7716 -1.9797
-14.9239 -1.82741
-15.0761 -1.67513
-15.2284 -1.52284
-15.3807 -1.37056
-15.533 -1.21827
-15.6853 -1.06599
-15.8376 -0.913706
-16.1421 -0.761421
-16.2944 -0.609137
-16.4467 -0.456853
-16.599 -0.304569
-16.7513 -0.152284
-16.9036 0.152284
-17.0558 0.304569
-17.2081 0.456853
-17.2081 0.609137
-17.3604 0.913706
-17.5127 1.06599
-17.665 1.21827
-17.8173 1.52284
-17.9695 1.67513
-18.1218 1.82741
-18.2741 2.13198
-18.2741 2.28426
-18.4264 2.58883
-18.5787 2.74112
-18.5787 3.04569
-18.731 3.19797
-18.8832 3.50254
-18.8832 3.65482
-19.0355 3.95939
-19.0355 4.26396
-19.1878 4.41624
-19.1878 4.72081
-19.1878 5.02538
-19.1878 5.17766
-19.3401 5.48223
-19.3401 5.7868
-19.3401 5.93909
-19.3401 6.24365
-19.3401 6.54822
-19.1878 6.70051
-19.1878 7.00508
-19.1878 7.30964
-19.1878 7.46193
-19.0355 7.7665
-19.0355 7.91878
-18.8832 8.22335
-18.731 8.52792
-18.731 8.6802
-18.5787 8.98477
-18.4264 9.13706
-18.2741 9.28934
-18.1218 9.59391
-18.1218 9.74619
-17.9695 10.0508
-17.8173 10.203
-17.665 10.3553
-17.3604 10.6599
-17.2081 10.8122
-17.0558 10.9645
-16.9036 11.1168
-16.7513 11.269
-16.599 11.4213
-16.2944 11.7259
-16.1421 11.8782
-15.9898 12.0305
-15.8376 12.1827
-15.533 12.335
-15.3807 12.4873
-15.2284 12.6396
-15.0761 12.6396
-14.7716 12.7919
-14.6193 12.9442
-14.467 13.0964
-14.3147 13.2487
-14.0102 13.401
-13.8579 13.401
-13.7056 13.5533
-13.401 13.7056
-13.2487 13.8579
-13.0964 13.8579
-12.7919 14.0102
-12.6396 14.1624
-12.4873 14.1624
-12.1827 14.3147
-12.0305 14.467
-11.8782 14.467
-11.5736 14.6193
-11.4213 14.6193
-11.269 14.7716
-11.1168 14.7716
-10.8122 14.9239
-10.6599 14.9239
-10.5076 15.0761
-10.203 15.0761
-10.0508 15.2284
-9.89848 15.2284
-9.59391 15.3807
-9.44162 15.3807
-9.28934 15.533
-8.98477 15.533
-8.83249 15.533
-8.6802 15.6853
-8.37563 15.6853
-8.22335 15.6853
-7.91878 15.6853
-7.7665 15.8376
-7.61421 15.8376
-7.30964 15.8376
-7.15736 15.8376
-7.00508 15.8376
-6.70051 15.8376
-6.54822 15.8376
-6.39594 15.9898
-6.09137 15.9898
-5.93909 15.9898
-5.7868 15.9898
-5.48223 15.9898
-5.32995 15.8376
-5.17766 15.8376
-4.8731 15.8376
-4.72081 15.8376
-4.56853 15.8376
-4.26396 15.8376
-4.11168 15.8376
-3.95939 15.6853
-3.65482 15.6853
-3.50254 15.6853
-3.35025 15.6853
-3.04569 15.533
-2.8934 15.533
-2.74112 15.533
-2.58883 15.3807
-2.28426 15.3807
-2.13198 15.3807
-1.9797 15.2284
-1.67513 15.2284
-1.52284 15.0761
-1.37056 15.0761
-1.21827 15.0761
-0.913706 14.9239
-0.761421 14.9239
-0.609137 14.7716
-0.456853 14.7716
-0.304569 14.7716
0 14.6193
0.152284 14.6193
0.304569 14.467
0.456853 14.467
0.761421 14.3147
0.913706 14.1624
1.06599 14.1624
1.21827 14.0102
1.37056 14.0102
1.67513 13.8579
1.82741 13.7056
1.9797 13.7056
2.13198 13.5533
2.28426 13.401
2.43655 13.401
2.74112 13.2487
2.8934 13.0964
3.04569 12.9442
3.19797 12.9442
3.35025 12.7919
3.50254 12.6396
3.65482 12.4873
3.80711 12.335
3.95939 12.1827
4.11168 12.0305
4.26396 11.8782
4.41624 11.7259
4.56853 11.5736
4.72081 11.4213
4.8731 11.269
5.02538 11.1168
5.17766 10.9645
5.32995 10.8122
5.48223 10.6599
5.63452 10.5076
5.7868 10.3553
5.93909 10.203
6.09137 10.0508
6.09137 9.89848
6.24365 9.59391
6.39594 9.44162
6.54822 9.28934
6.70051 9.13706
6.85279 8.98477
6.85279 8.6802
7.00508 8.52792
7.15736 8.37563
7.30964 8.22335
7.46193 7.91878
7.61421 7.7665
7.61421 7.61421
7.7665 7.30964
7.91878 7.15736
7.91878 7.00508
8.07107 6.70051
8.22335 6.54822
8.37563 6.24365
8.37563 6.09137
8.52792 5.7868
8.52792 5.63452
8.6802 5.32995
8.6802 5.17766
8.83249 4.8731
8.83249 4.72081
8.98477 4.41624
