9.13706 4.26396
9.13706 3.95939
9.28934 3.65482
9.28934 3.50254
9.28934 3.19797
9.28934 3.04569
9.44162 2.74112
9.44162 2.43655
9.44162 2.28426
9.28934 1.9797
9.28934 1.67513
9.28934 1.52284
9.28934 1.21827
9.13706 1.06599
9.13706 0.761421
8.98477 0.609137
8.98477 0.304569
8.83249 0
8.6802 -0.152284
8.52792 -0.304569
8.52792 -0.609137
8.37563 -0.761421
8.22335 -1.06599
8.07107 -1.21827
7.91878 -1.37056
7.7665 -1.67513
7.61421 -1.82741
7.46193 -1.9797
7.30964 -2.13198
7.15736 -2.43655
7.00508 -2.58883
6.85279 -2.74112
6.70051 -2.8934
6.54822 -3.04569
6.39594 -3.19797
6.09137 -3.35025
5.93909 -3.50254
5.7868 -3.65482
5.63452 -3.80711
5.48223 -3.95939
5.17766 -4.11168
5.02538 -4.26396
4.8731 -4.41624
4.72081 -4.56853
4.41624 -4.72081
4.26396 -4.8731
4.11168 -4.8731
3.95939 -5.02538
3.65482 -5.17766
3.50254 -5.32995
3.35025 -5.32995
3.19797 -5.48223
2.8934 -5.63452
2.74112 -5.7868
2.58883 -5.7868
2.43655 -5.93909
2.28426 -6.09137
1.9797 -6.09137
1.82741 -6.24365
1.67513 -6.39594
1.37056 -6.39594
1.21827 -6.54822
1.06599 -6.70051
0.913706 -6.70051
0.609137 -6.85279
0.456853 -6.85279
0.304569 -7.00508
0 -7.00508
-0.152284 -7.00508
-0.304569 -7.15736
-0.609137 -7.15736
-0.761421 -7.30964
-0.913706 -7.30964
-1.21827 -7.30964
-1.37056 -7.30964
-1.67513 -7.30964
-1.82741 -7.46193
-1.9797 -7.46193
-2.28426 -7.46193
-2.43655 -7.46193
-2.58883 -7.46193
-2.8934 -7.46193
-3.04569 -7.46193
-3.35025 -7.46193
-3.50254 -7.46193
-3.65482 -7.46193
-3.95939 -7.46193
-4.11168 -7.46193
-4.26396 -7.46193
-4.56853 -7.30964
-4.72081 -7.30964
-4.8731 -7.30964
-5.17766 -7.30964
-5.32995 -7.30964
-5.48223 -7.30964
-5.7868 -7.15736
-5.93909 -7.15736
-6.09137 -7.15736
-6.24365 -7.15736
-6.54822 -7.00508
-6.70051 -7.00508
-6.85279 -7.00508
-7.15736 -6.85279
-7.30964 -6.85279
-7.46193 -6.85279
-7.61421 -6.85279
-7.91878 -6.70051
-8.07107 -6.70051
-8.22335 -6.54822
-8.37563 -6.54822
-8.6802 -6.54822
-8.83249 -6.39594
-8.98477 -6.39594
-9.13706 -6.24365
-9.28934 -6.24365
-9.59391 -6.09137
-9.74619 -6.09137
-9.89848 -5.93909
-10.0508 -5.7868
-10.203 -5.7868
-10.3553 -5.63452
-10.5076 -5.48223
-10.8122 -5.48223
-10.9645 -5.32995
-11.1168 -5.17766
-11.269 -5.02538
-11.4213 -5.02538
-11.5736 -4.8731
-11.7259 -4.72081
-11.8782 -4.56853
-12.0305 -4.41624
-12.1827 -4.41624
-12.335 -4.26396
-12.4873 -4.11168
-12.6396 -3.95939
-12.7919 -3.80711
-12.9442 -3.65482
-13.0964 -3.50254
-13.2487 -3.35025
-13.401 -3.35025
-13.5533 -3.19797
-13.5533 -3.04569
-13.7056 -2.8934
-13.8579 -2.74112
-14.0102 -2.58883
-14.1624 -2.43655
-14.467 -2.28426
-14.6193 -2.13198
-14.7716 -1.9797
-14.9239 -1.82741
-15.0761 -1.67513
-15.2284 -1.67513
-15.3807 -1.52284
-15.533 -1.37056
-15.6853 -1.21827
-15.8376 -0.913706
-15.9898 -0.761421
-16.1421 -0.609137
-16.2944 -0.456853
-16.4467 -0.304569
-16.7513 -0.152284
-16.9036 0
-17.0558 0.152284
-17.2081 0.456853
-17.3604 0.609137
-17.5127 0.761421
-17.5127 1.06599
-17.665 1.21827
-17.8173 1.37056
-17.9695 1.67513
-18.1218 1.82741
-18.2741 2.13198
-18.4264 2.28426
-18.4264 2.58883
-18.5787 2.74112
-18.731 3.04569
-18.731 3.19797
-18.8832 3.50254
-18.8832 3.65482
-19.0355 3.95939
-19.0355 4.26396
-19.0355 4.41624
-19.1878 4.72081
-19.1878 5.02538
-19.1878 5.17766
-19.1878 5.48223
-19.1878 5.7868
-19.1878 5.93909
-19.1878 6.24365
-19.1878 6.54822
-19.1878 6.70051
-19.1878 7.00508
-19.0355 7.30964
-19.0355 7.46193
-18.8832 7.7665
-18.8832 8.07107
-18.731 8.22335
-18.731 8.52792
-18.5787 8.6802
-18.4264 8.98477
-18.4264 9.13706
-18.2741 9.44162
-18.1218 9.59391
-17.9695 9.89848
-17.8173 10.0508
-17.665 10.203
-17.5127 10.5076
-17.3604 10.6599
-17.2081 10.8122
-17.0558 11.1168
-16.9036 11.269
-16.7513 11.4213
-16.599 11.5736
-16.2944 11.7259
-16.1421 11.8782
-15.9898 12.0305
-15.8376 12.1827
-15.533 12.335
-15.3807 12.4873
-15.2284 12.6396
-15.0761 12.7919
-14.7716 12.9442
-14.6193 13.0964
-14.467 13.2487
-14.1624 13.401
-14.0102 13.5533
-13.8579 13.5533
-13.5533 13.7056
-13.401 13.8579
-13.2487 14.0102
-12.9442 14.0102
-12.7919 14.1624
-12.6396 14.3147
-12.335 14.3147
-12.1827 14.467
-12.0305 14.6193
-11.7259 14.6193
-11.5736 14.7716
-11.269 14.7716
-11.1168 14.9239
-10.9645 14.9239
-10.6599 15.0761
-10.5076 15.0761
-10.3553 15.2284
-10.0508 15.2284
-9.89848 15.3807
-9.74619 15.3807
-9.44162 15.3807
-9.28934 15.533
-9.13706 15.533
-8.83249 15.6853
-8.6802 15.6853
-8.52792 15.6853
-8.22335 15.8376
-8.07107 15.8376
-7.7665 15.8376
-7.61421 15.8376
-7.46193 15.9898
-7.15736 15.9898
-7.00508 15.9898
-6.85279 15.9898
-6.54822 15.9898
-6.39594 15.9898
-6.24365 15.9898
-5.93909 15.9898
-5.7868 15.9898
-5.48223 15.9898
-5.32995 15.9898
-5.17766 15.9898
-4.8731 15.9898
-4.72081 15.9898
-4.56853 15.9898
-4.26396 15.9898
-4.11168 15.8376
-3.95939 15.8376
-3.65482 15.8376
-3.50254 15.8376
-3.35025 15.6853
-3.04569 15.6853
-2.8934 15.6853
-2.74112 15.533
-2.58883 15.533
-2.28426 15.533
-2.13198 15.3807
-1.9797 15.3807
-1.67513 15.2284
-1.52284 15.2284
-1.37056 15.2284
-1.21827 15.0761
-0.913706 15.0761
-0.761421 14.9239
-0.609137 14.9239
-0.456853 14.7716
-0.304569 14.7716
0 14.6193
0.152284 14.6193
0.304569 14.467
0.456853 14.467
0.609137 14.3147
0.913706 14.3147
1.06599 14.1624
1.21827 14.1624
1.37056 14.0102
1.52284 13.8579
1.82741 13.8579
1.9797 13.7056
2.13198 13.5533
2.28426 13.5533
2.43655 13.401
2.58883 13.2487
2.74112 13.2487
3.04569 13.0964
3.19797 12.9442
3.35025 12.7919
3.50254 12.6396
3.65482 12.4873
3.80711 12.4873
3.95939 12.335
4.11168 12.1827
4.26396 12.0305
4.41624 11.8782
4.56853 11.7259
4.72081 11.5736
4.8731 11.4213
5.02538 11.269
5.17766 11.1168
5.32995 10.9645
5.32995 10.8122
5.48223 10.6599
5.63452 10.5076
5.7868 10.3553
5.93909 10.0508
6.09137 9.89848
6.24365 9.74619
6.39594 9.59391
6.54822 9.44162
6.54822 9.28934
6.70051 9.13706
6.85279 8.83249
7.00508 8.6802
7.15736 8.52792
7.30964 8.37563
7.46193 8.22335
7.61421 7.91878
7.61421 7.7665
7.7665 7.61421
7.91878 7.30964
8.07107 7.15736
8.07107 7.00508
8.22335 6.70051
8.37563 6.54822
8.52792 6.24365
8.52792 6.09137
8.6802 5.7868
8.6802 5.63452
8.83249 5.32995
8.83249 5.17766
8.98477 4.8731
8.98477 4.72081
8.98477 4.41624
