6.54822 1.9797
6.70051 1.67513
6.70051 1.37056
6.70051 1.06599
6.54822 0.761421
6.54822 0.456853
6.54822 0
6.39594 -0.304569
6.39594 -0.609137
6.24365 -0.913706
6.24365 -1.21827
6.09137 -1.52284
5.93909 -1.82741
5.7868 -2.13198
5.63452 -2.43655
5.48223 -2.74112
5.32995 -3.04569
5.17766 -3.19797
5.02538 -3.50254
4.72081 -3.80711
4.56853 -4.11168
4.26396 -4.26396
4.11168 -4.56853
3.95939 -4.72081
3.65482 -5.02538
3.35025 -5.17766
3.19797 -5.48223
2.8934 -5.63452
2.58883 -5.7868
2.43655 -6.09137
2.13198 -6.24365
1.82741 -6.39594
1.67513 -6.54822
1.37056 -6.70051
1.06599 -6.85279
0.761421 -7.00508
0.456853 -7.15736
0.304569 -7.30964
0 -7.46193
-0.304569 -7.61421
-0.609137 -7.7665
-0.761421 -7.7665
-1.06599 -7.91878
-1.37056 -8.07107
-1.52284 -8.22335
-1.82741 -8.22335
-2.13198 -8.37563
-2.28426 -8.52792
-2.58883 -8.6802
-2.8934 -8.6802
-3.04569 -8.83249
-3.35025 -8.98477
-3.50254 -8.98477
-3.80711 -9.13706
-3.95939 -9.28934
-4.26396 -9.28934
-4.41624 -9.44162
-4.72081 -9.59391
-4.8731 -9.59391
-5.02538 -9.74619
-5.32995 -9.89848
-5.48223 -9.89848
-5.7868 -10.0508
-5.93909 -10.203
-6.24365 -10.203
-6.39594 -10.3553
-6.70051 -10.3553
-6.85279 -10.5076
-7.15736 -10.5076
-7.30964 -10.6599
-7.61421 -10.6599
-7.7665 -10.6599
-8.07107 -10.8122
-8.22335 -10.8122
-8.52792 -10.8122
-8.6802 -10.9645
-8.98477 -10.9645
-9.13706 -10.9645
-9.44162 -10.9645
-9.59391 -10.9645
-9.89848 -10.9645
-10.0508 -10.9645
-10.3553 -10.9645
-10.5076 -10.9645
-10.8122 -10.9645
-10.9645 -10.9645
-11.269 -10.9645
-11.4213 -10.9645
-11.7259 -10.9645
-11.8782 -10.9645
-12.1827 -10.9645
-12.335 -10.9645
-12.6396 -10.9645
-12.7919 -10.9645
-13.0964 -10.8122
-13.2487 -10.8122
-13.5533 -10.8122
-13.7056 -10.8122
-14.0102 -10.8122
-14.1624 -10.8122
-14.467 -10.8122
-14.6193 -10.6599
-14.9239 -10.6599
-15.0761 -10.6599
-15.3807 -10.6599
-15.533 -10.6599
-15.8376 -10.6599
-15.9898 -10.5076
-16.2944 -10.5076
-16.4467 -10.5076
-16.7513 -10.5076
-16.9036 -10.5076
-17.2081 -10.3553
-17.5127 -10.3553
-17.665 -10.3553
-17.9695 -10.203
-18.1218 -10.203
-18.4264 -10.203
-18.5787 -10.0508
-18.8832 -10.0508
-19.1878 -10.0508
-19.3401 -9.89848
-19.6447 -9.89848
-19.797 -9.74619
-20.1015 -9.74619
-20.4061 -9.59391
-20.5584 -9.59391
-20.8629 -9.44162
-21.0152 -9.28934
-21.3198 -9.28934
-21.4721 -9.13706
-21.7766 -8.98477
-22.0812 -8.83249
-22.2335 -8.83249
-22.5381 -8.6802
-22.6904 -8.52792
-22.9949 -8.37563
-23.1472 -8.22335
-23.4518 -8.07107
-23.6041 -7.91878
-23.7563 -7.7665
-24.0609 -7.61421
-24.2132 -7.46193
-24.5178 -7.15736
-24.6701 -7.00508
-24.8223 -6.85279
-25.1269 -6.70051
-25.2792 -6.39594
-25.4315 -6.24365
-25.5838 -6.09137
-25.736 -5.7868
-26.0406 -5.63452
-26.1929 -5.32995
-26.3452 -5.17766
-26.4975 -4.8731
-26.6497 -4.72081
-26.802 -4.41624
-26.9543 -4.26396
-27.1066 -3.95939
-27.1066 -3.65482
-27.2589 -3.50254
-27.4112 -3.19797
-27.5635 -2.8934
-27.5635 -2.74112
-27.7157 -2.43655
-27.7157 -2.13198
-27.868 -1.82741
-28.0203 -1.67513
-28.0203 -1.37056
-28.0203 -1.06599
-28.1726 -0.761421
-28.1726 -0.456853
-28.1726 -0.152284
-28.3249 0
-28.3249 0.304569
-28.3249 0.609137
-28.3249 0.913706
-28.3249 1.21827
-28.3249 1.52284
-28.3249 1.82741
-28.3249 1.9797
-28.3249 2.28426
-28.3249 2.58883
-28.3249 2.8934
-28.1726 3.19797
-28.1726 3.50254
-28.1726 3.65482
-28.1726 3.95939
-28.0203 4.26396
-28.0203 4.56853
-27.868 4.8731
-27.868 5.02538
-27.868 5.32995
-27.7157 5.63452
-27.7157 5.93909
-27.5635 6.09137
-27.5635 6.39594
-27.4112 6.70051
-27.2589 7.00508
-27.2589 7.15736
-27.1066 7.46193
-26.9543 7.7665
-26.9543 7.91878
-26.802 8.22335
-26.6497 8.52792
-26.4975 8.6802
-26.3452 8.98477
-26.3452 9.28934
-26.1929 9.44162
-26.0406 9.74619
-25.8883 9.89848
-25.736 10.203
-25.5838 10.3553
-25.4315 10.6599
-25.2792 10.8122
-25.1269 11.1168
-24.8223 11.269
-24.6701 11.4213
-24.5178 11.7259
-24.3655 11.8782
-24.2132 12.0305
-23.9086 12.335
-23.7563 12.4873
-23.6041 12.6396
-23.2995 12.7919
-23.1472 12.9442
-22.9949 13.2487
-22.6904 13.401
-22.5381 13.5533
-22.2335 13.7056
-22.0812 13.8579
-21.7766 13.8579
-21.6244 14.0102
-21.3198 14.1624
-21.1675 14.3147
-20.8629 14.467
-20.5584 14.467
-20.4061 14.6193
-20.1015 14.7716
-19.797 14.7716
-19.6447 14.9239
-19.3401 14.9239
-19.0355 14.9239
-18.731 15.0761
-18.5787 15.0761
-18.2741 15.0761
-17.9695 15.0761
-17.665 15.0761
-17.5127 15.0761
-17.2081 15.2284
-16.9036 15.2284
-16.7513 15.2284
-16.4467 15.0761
-16.1421 15.0761
-15.9898 15.0761
-15.6853 15.0761
-15.3807 15.0761
-15.2284 15.0761
-14.9239 15.0761
-14.7716 14.9239
-14.467 14.9239
-14.1624 14.9239
-14.0102 14.9239
-13.7056 14.9239
-13.5533 14.7716
-13.2487 14.7716
-13.0964 14.7716
-12.7919 14.7716
-12.6396 14.7716
-12.335 14.6193
-12.1827 14.6193
-12.0305 14.6193
-11.7259 14.6193
-11.5736 14.6193
-11.269 14.6193
-11.1168 14.467
-10.8122 14.467
-10.6599 14.467
-10.5076 14.467
-10.203 14.467
-10.0508 14.3147
-9.74619 14.3147
-9.59391 14.3147
-9.28934 14.3147
-9.13706 14.1624
-8.98477 14.1624
-8.6802 14.1624
-8.52792 14.1624
-8.22335 14.0102
-8.07107 14.0102
-7.91878 13.8579
-7.61421 13.8579
-7.46193 13.8579
-7.15736 13.7056
-7.00508 13.7056
-6.85279 13.5533
-6.54822 13.5533
-6.39594 13.401
-6.09137 13.401
-5.93909 13.2487
-5.7868 13.2487
-5.48223 13.0964
-5.32995 13.0964
-5.02538 12.9442
-4.8731 12.9442
-4.72081 12.7919
-4.41624 12.6396
-4.26396 12.6396
-3.95939 12.4873
-3.80711 12.335
-3.50254 12.335
-3.35025 12.1827
-3.04569 12.0305
-2.8934 12.0305
-2.74112 11.8782
-2.43655 11.7259
-2.13198 11.7259
-1.9797 11.5736
-1.67513 11.4213
-1.52284 11.269
-1.21827 11.1168
-1.06599 11.1168
-0.761421 10.9645
-0.609137 10.8122
-0.304569 10.6599
-0.152284 10.5076
0.152284 10.3553
0.304569 10.203
0.609137 10.0508
0.913706 9.89848
1.06599 9.74619
1.37056 9.59391
1.52284 9.28934
1.82741 9.13706
1.9797 8.98477
2.28426 8.83249
2.43655 8.52792
2.74112 8.37563
2.8934 8.07107
3.04569 7.91878
3.35025 7.61421
3.50254 7.46193
3.80711 7.15736
3.95939 7.00508
4.11168 6.70051
4.26396 6.39594
4.56853 6.24365
4.72081 5.93909
4.8731 5.63452
5.02538 5.32995
5.17766 5.17766
5.32995 4.8731
5.48223 4.56853
5.63452 4.26396
5.7868 3.95939
5.93909 3.65482
6.09137 3.35025
6.24365 3.04569
6.39594 2.74112
6.39594 2.43655
