9.13706 4.56853
9.28934 4.26396
9.28934 3.95939
9.44162 3.80711
9.44162 3.50254
9.44162 3.19797
9.44162 3.04569
9.44162 2.74112
9.44162 2.43655
9.44162 2.28426
9.44162 1.9797
9.44162 1.82741
9.28934 1.52284
9.28934 1.21827
9.13706 1.06599
9.13706 0.761421
8.98477 0.609137
8.83249 0.304569
8.83249 0.152284
8.6802 -0.152284
8.52792 -0.304569
8.37563 -0.609137
8.22335 -0.761421
8.07107 -0.913706
7.91878 -1.21827
7.7665 -1.37056
7.61421 -1.52284
7.46193 -1.82741
7.30964 -1.9797
7.15736 -2.13198
7.00508 -2.28426
6.85279 -2.58883
6.70051 -2.74112
6.54822 -2.8934
6.39594 -3.04569
6.24365 -3.19797
6.09137 -3.35025
5.93909 -3.50254
5.63452 -3.65482
5.48223 -3.80711
5.32995 -3.95939
5.17766 -4.11168
5.02538 -4.26396
4.8731 -4.41624
4.56853 -4.56853
4.41624 -4.72081
4.26396 -4.8731
4.11168 -5.02538
3.80711 -5.17766
3.65482 -5.17766
3.50254 -5.32995
3.35025 -5.48223
3.04569 -5.63452
2.8934 -5.7868
2.74112 -5.7868
2.58883 -5.93909
2.28426 -6.09137
2.13198 -6.09137
1.9797 -6.24365
1.67513 -6.39594
1.52284 -6.39594
1.37056 -6.54822
1.06599 -6.54822
0.913706 -6.70051
0.761421 -6.70051
0.456853 -6.85279
0.304569 -6.85279
0.152284 -7.00508
-0.152284 -7.00508
-0.304569 -7.15736
-0.609137 -7.15736
-0.761421 -7.15736
-0.913706 -7.30964
-1.21827 -7.30964
-1.37056 -7.30964
-1.67513 -7.30964
-1.82741 -7.30964
-1.9797 -7.46193
-2.28426 -7.46193
-2.43655 -7.46193
-2.74112 -7.46193
-2.8934 -7.46193
-3.04569 -7.46193
-3.35025 -7.46193
-3.50254 -7.46193
-3.80711 -7.46193
-3.95939 -7.46193
-4.11168 -7.46193
-4.41624 -7.46193
-4.56853 -7.46193
-4.72081 -7.30964
-5.02538 -7.30964
-5.17766 -7.30964
-5.48223 -7.30964
-5.63452 -7.30964
-5.7868 -7.15736
-6.09137 -7.15736
-6.24365 -7.15736
-6.39594 -7.15736
-6.54822 -7.00508
-6.85279 -7.00508
-7.00508 -7.00508
-7.15736 -6.85279
-7.46193 -6.85279
-7.61421 -6.85279
-7.7665 -6.70051
-8.07107 -6.70051
-8.22335 -6.54822
-8.37563 -6.54822
-8.52792 -6.54822
-8.83249 -6.39594
-8.98477 -6.39594
-9.13706 -6.24365
-9.28934 -6.24365
-9.44162 -6.09137
-9.74619 -5.93909
-9.89848 -5.93909
-10.0508 -5.7868
-10.203 -5.7868
-10.3553 -5.63452
-10.5076 -5.48223
-10.8122 -5.48223
-10.9645 -5.32995
-11.1168 -5.17766
-11.269 -5.02538
-11.4213 -5.02538
-11.5736 -4.8731
-11.7259 -4.72081
-11.8782 -4.56853
-12.0305 -4.41624
-12.1827 -4.41624
-12.335 -4.26396
-12.4873 -4.11168
-12.6396 -3.95939
-12.7919 -3.80711
-12.9442 -3.65482
-13.0964 -3.50254
-13.2487 -3.35025
-13.401 -3.35025
-13.5533 -3.19797
-13.7056 -3.04569
-13.8579 -2.8934
-14.0102 -2.74112
-14.1624 -2.58883
-14.3147 -2.43655
-14.467 -2.28426
-14.6193 -2.13198
-14.7716 -1.9797
-14.9239 -1.82741
-15.0761 -1.67513
-15.2284 -1.52284
-15.3807 -1.37056
-15.533 -1.21827
-15.6853 -1.06599
-15.8376 -0.913706
-15.9898 -0.761421
-16.1421 -0.609137
-16.2944 -0.456853
-16.4467 -0.152284
-16.599 0
-16.7513 0.152284
-16.9036 0.304569
-17.0558 0.456853
-17.2081 0.761421
-17.3604 0.913706
-17.5127 1.06599
-17.665 1.37056
-17.8173 1.52284
-17.9695 1.67513
-17.9695 1.9797
-18.1218 2.13198
-18.2741 2.43655
-18.4264 2.58883
-18.4264 2.8934
-18.5787 3.04569
-18.731 3.35025
-18.731 3.50254
-18.8832 3.80711
-18.8832 3.95939
-19.0355 4.26396
-19.0355 4.56853
-19.1878 4.72081
-19.1878 5.02538
-19.1878 5.32995
-19.1878 5.48223
-19.3401 5.7868
-19.3401 6.09137
-19.3401 6.24365
-19.3401 6.54822
-19.1878 6.85279
-19.1878 7.00508
-19.1878 7.30964
-19.1878 7.61421
-19.0355 7.7665
-19.0355 8.07107
-18.8832 8.22335
-18.8832 8.52792
-18.731 8.83249
-18.5787 8.98477
-18.4264 9.28934
-18.2741 9.44162
-18.2741 9.59391
-18.1218 9.89848
-17.9695 10.0508
-17.8173 10.203
-17.5127 10.5076
-17.3604 10.6599
-17.2081 10.8122
-17.0558 10.9645
-16.9036 11.269
-16.7513 11.4213
-16.4467 11.5736
-16.2944 11.7259
-16.1421 11.8782
-15.9898 12.0305
-15.6853 12.1827
-15.533 12.335
-15.3807 12.4873
-15.2284 12.6396
-14.9239 12.7919
-14.7716 12.9442
-14.6193 13.0964
-14.467 13.0964
-14.1624 13.2487
-14.0102 13.401
-13.8579 13.5533
-13.7056 13.7056
-13.401 13.7056
-13.2487 13.8579
-13.0964 14.0102
-12.7919 14.1624
-12.6396 14.1624
-12.4873 14.3147
-12.335 14.467
-12.0305 14.467
-11.8782 14.6193
-11.7259 14.7716
-11.4213 14.7716
-11.269 14.9239
-11.1168 14.9239
-10.8122 15.0761
-10.6599 15.0761
-10.5076 15.2284
-10.3553 15.2284
-10.0508 15.3807
-9.89848 15.3807
-9.74619 15.533
-9.44162 15.533
-9.28934 15.6853
-9.13706 15.6853
-8.83249 15.6853
-8.6802 15.8376
-8.52792 15.8376
-8.22335 15.8376
-8.07107 15.8376
-7.91878 15.9898
-7.61421 15.9898
-7.46193 15.9898
-7.30964 15.9898
-7.00508 15.9898
-6.85279 16.1421
-6.70051 16.1421
-6.39594 16.1421
-6.24365 16.1421
-5.93909 16.1421
-5.7868 16.1421
-5.63452 16.1421
-5.32995 16.1421
-5.17766 16.1421
-5.02538 16.1421
-4.72081 16.1421
-4.56853 15.9898
-4.41624 15.9898
-4.11168 15.9898
-3.95939 15.9898
-3.80711 15.9898
-3.65482 15.8376
-3.35025 15.8376
-3.19797 15.8376
-3.04569 15.8376
-2.74112 15.6853
-2.58883 15.6853
-2.43655 15.6853
-2.28426 15.533
-1.9797 15.533
-1.82741 15.533
-1.67513 15.3807
-1.52284 15.3807
-1.21827 15.2284
-1.06599 15.2284
-0.913706 15.2284
-0.761421 15.0761
-0.456853 15.0761
-0.304569 14.9239
-0.152284 14.9239
0 14.7716
0.152284 14.7716
0.456853 14.6193
0.609137 14.6193
0.761421 14.467
0.913706 14.467
1.06599 14.3147
1.37056 14.3147
1.52284 14.1624
1.67513 14.0102
1.82741 14.0102
1.9797 13.8579
2.13198 13.7056
2.43655 13.7056
2.58883 13.5533
2.74112 13.401
2.8934 13.401
3.04569 13.2487
3.19797 13.0964
3.35025 12.9442
3.50254 12.7919
3.65482 12.6396
3.80711 12.4873
3.95939 12.335
4.11168 12.335
4.26396 12.1827
4.41624 12.0305
4.56853 11.8782
4.72081 11.7259
4.8731 11.5736
5.02538 11.4213
5.17766 11.1168
5.32995 10.9645
5.32995 10.8122
5.48223 10.6599
5.63452 10.5076
5.7868 10.3553
5.93909 10.203
6.09137 10.0508
6.24365 9.89848
6.39594 9.74619
6.39594 9.44162
6.54822 9.28934
6.70051 9.13706
6.85279 8.98477
7.00508 8.83249
7.15736 8.6802
7.30964 8.37563
7.30964 8.22335
7.46193 8.07107
7.61421 7.7665
7.7665 7.61421
7.91878 7.46193
8.07107 7.15736
8.07107 7.00508
8.22335 6.85279
8.37563 6.54822
8.52792 6.39594
8.52792 6.09137
8.6802 5.93909
8.83249 5.63452
8.83249 5.48223
8.98477 5.17766
8.98477 5.02538
9.13706 4.72081
