9.28934 4.41624
9.28934 4.11168
9.28934 3.95939
9.44162 3.65482
9.44162 3.35025
9.44162 3.19797
9.44162 2.8934
9.44162 2.58883
9.28934 2.43655
9.28934 2.13198
9.28934 1.9797
9.28934 1.67513
9.13706 1.37056
9.13706 1.21827
8.98477 0.913706
8.98477 0.761421
8.83249 0.456853
8.83249 0.152284
8.6802 0
8.52792 -0.304569
8.52792 -0.456853
8.37563 -0.609137
8.22335 -0.913706
8.07107 -1.06599
7.91878 -1.37056
7.7665 -1.52284
7.61421 -1.67513
7.46193 -1.9797
7.30964 -2.13198
7.15736 -2.28426
7.00508 -2.43655
6.85279 -2.74112
6.70051 -2.8934
6.54822 -3.04569
6.39594 -3.19797
6.09137 -3.35025
5.93909 -3.50254
5.7868 -3.65482
5.63452 -3.80711
5.48223 -3.95939
5.17766 -4.11168
5.02538 -4.26396
4.8731 -4.41624
4.72081 -4.56853
4.41624 -4.72081
4.26396 -4.8731
4.11168 -4.8731
3.95939 -5.02538
3.65482 -5.17766
3.50254 -5.32995
3.35025 -5.48223
3.19797 -5.48223
2.8934 -5.63452
2.74112 -5.7868
2.58883 -5.93909
2.28426 -5.93909
2.13198 -6.09137
1.9797 -6.24365
1.82741 -6.24365
1.52284 -6.39594
1.37056 -6.54822
1.21827 -6.54822
0.913706 -6.70051
0.761421 -6.70051
0.609137 -6.85279
0.304569 -7.00508
0.152284 -7.00508
0 -7.00508
-0.304569 -7.15736
-0.456853 -7.15736
-0.761421 -7.30964
-0.913706 -7.30964
-1.06599 -7.30964
-1.37056 -7.46193
-1.52284 -7.46193
-1.82741 -7.46193
-1.9797 -7.46193
-2.13198 -7.46193
-2.43655 -7.46193
-2.58883 -7.46193
-2.8934 -7.46193
-3.04569 -7.61421
-3.19797 -7.46193
-3.50254 -7.46193
-3.65482 -7.46193
-3.95939 -7.46193
-4.11168 -7.46193
-4.26396 -7.46193
-4.56853 -7.46193
-4.72081 -7.46193
-4.8731 -7.30964
-5.17766 -7.30964
-5.32995 -7.30964
-5.48223 -7.30964
-5.7868 -7.15736
-5.93909 -7.15736
-6.09137 -7.15736
-6.39594 -7.15736
-6.54822 -7.00508
-6.70051 -7.00508
-7.00508 -7.00508
-7.15736 -6.85279
-7.30964 -6.85279
-7.46193 -6.70051
-7.7665 -6.70051
-7.91878 -6.70051
-8.07107 -6.54822
-8.22335 -6.54822
-8.52792 -6.39594
-8.6802 -6.39594
-8.83249 -6.24365
-8.98477 -6.24365
-9.13706 -6.09137
-9.44162 -6.09137
-9.59391 -5.93909
-9.74619 -5.93909
-9.89848 -5.7868
-10.0508 -5.63452
-10.203 -5.63452
-10.3553 -5.48223
-10.6599 -5.32995
-10.8122 -5.32995
-10.9645 -5.17766
-11.1168 -5.02538
-11.269 -4.8731
-11.4213 -4.8731
-11.5736 -4.72081
-11.7259 -4.56853
-11.8782 -4.41624
-12.0305 -4.41624
-12.1827 -4.26396
-12.335 -4.11168
-12.4873 -3.95939
-12.6396 -3.80711
-12.7919 -3.65482
-12.9442 -3.65482
-13.0964 -3.50254
-13.2487 -3.35025
-13.401 -3.19797
-13.5533 -3.04569
-13.7056 -2.8934
-13.8579 -2.74112
-14.0102 -2.58883
-14.1624 -2.43655
-14.3147 -2.28426
-14.467 -2.28426
-14.6193 -2.13198
-14.7716 -1.9797
-14.9239 -1.82741
-15.0761 -1.67513
-15.2284 -1.52284
-15.3807 -1.37056
-15.533 -1.21827
-15.6853 -1.06599
-15.8376 -0.913706
-15.9898 -0.761421
-16.1421 -0.609137
-16.2944 -0.304569
-16.4467 -0.152284
-16.599 0
-16.7513 0.152284
-16.9036 0.304569
-16.9036 0.456853
-17.0558 0.761421
-17.2081 0.913706
-17.3604 1.06599
-17.5127 1.21827
-17.665 1.52284
-17.8173 1.67513
-17.9695 1.82741
-18.1218 2.13198
-18.1218 2.28426
-18.2741 2.58883
-18.4264 2.74112
-18.4264 3.04569
-18.5787 3.19797
-18.731 3.50254
-18.731 3.65482
-18.8832 3.95939
-18.8832 4.11168
-19.0355 4.41624
-19.0355 4.72081
-19.0355 4.8731
-19.1878 5.17766
-19.1878 5.48223
-19.1878 5.63452
-19.1878 5.93909
-19.1878 6.24365
-19.1878 6.39594
-19.1878 6.70051
-19.1878 7.00508
-19.1878 7.15736
-19.0355 7.46193
-19.0355 7.61421
-19.0355 7.91878
-18.8832 8.22335
-18.8832 8.37563
-18.731 8.6802
-18.5787 8.83249
-18.4264 9.13706
-18.4264 9.28934
-18.2741 9.59391
-18.1218 9.74619
-17.9695 9.89848
-17.8173 10.203
-17.665 10.3553
-17.5127 10.5076
-17.3604 10.8122
-17.2081 10.9645
-17.0558 11.1168
-16.9036 11.269
-16.599 11.4213
-16.4467 11.5736
-16.2944 11.7259
-16.1421 11.8782
-15.9898 12.1827
-15.6853 12.335
-15.533 12.4873
-15.3807 12.4873
-15.2284 12.6396
-14.9239 12.7919
-14.7716 12.9442
-14.6193 13.0964
-14.467 13.2487
-14.1624 13.401
-14.0102 13.5533
-13.8579 13.5533
-13.5533 13.7056
-13.401 13.8579
-13.2487 14.0102
-13.0964 14.0102
-12.7919 14.1624
-12.6396 14.3147
-12.4873 14.3147
-12.1827 14.467
-12.0305 14.6193
-11.8782 14.6193
-11.7259 14.7716
-11.4213 14.9239
-11.269 14.9239
-11.1168 15.0761
-10.8122 15.0761
-10.6599 15.2284
-10.5076 15.2284
-10.203 15.3807
-10.0508 15.3807
-9.89848 15.3807
-9.59391 15.533
-9.44162 15.533
-9.28934 15.6853
-8.98477 15.6853
-8.83249 15.6853
-8.6802 15.8376
-8.37563 15.8376
-8.22335 15.8376
-8.07107 15.9898
-7.7665 15.9898
-7.61421 15.9898
-7.46193 15.9898
-7.15736 15.9898
-7.00508 16.1421
-6.85279 16.1421
-6.54822 16.1421
-6.39594 16.1421
-6.24365 16.1421
-5.93909 16.1421
-5.7868 16.1421
-5.48223 16.1421
-5.32995 16.1421
-5.17766 16.1421
-4.8731 16.1421
-4.72081 15.9898
-4.56853 15.9898
-4.26396 15.9898
-4.11168 15.9898
-3.95939 15.9898
-3.65482 15.9898
-3.50254 15.8376
-3.35025 15.8376
-3.19797 15.8376
-2.8934 15.8376
-2.74112 15.6853
-2.58883 15.6853
-2.28426 15.6853
-2.13198 15.533
-1.9797 15.533
-1.82741 15.533
-1.52284 15.3807
-1.37056 15.3807
-1.21827 15.3807
-1.06599 15.2284
-0.761421 15.2284
-0.609137 15.0761
-0.456853 15.0761
-0.304569 14.9239
0 14.9239
0.152284 14.9239
0.304569 14.7716
0.456853 14.7716
0.761421 14.6193
0.913706 14.6193
1.06599 14.467
1.21827 14.3147
1.52284 14.3147
1.67513 14.1624
1.82741 14.0102
1.9797 14.0102
2.13198 13.8579
2.43655 13.7056
2.58883 13.7056
2.74112 13.5533
2.8934 13.401
3.04569 13.2487
3.19797 13.0964
3.35025 12.9442
3.50254 12.9442
3.65482 12.7919
3.80711 12.6396
3.95939 12.4873
4.11168 12.335
4.26396 12.1827
4.41624 12.0305
4.56853 11.8782
4.72081 11.7259
4.8731 11.5736
5.02538 11.4213
5.02538 11.1168
5.17766 10.9645
5.32995 10.8122
5.48223 10.6599
5.63452 10.5076
5.7868 10.3553
5.93909 10.203
6.09137 10.0508
6.09137 9.89848
6.24365 9.59391
6.39594 9.44162
6.54822 9.28934
6.70051 9.13706
6.85279 8.98477
7.00508 8.83249
7.15736 8.52792
7.30964 8.37563
7.46193 8.22335
7.61421 8.07107
7.7665 7.7665
7.91878 7.61421
8.07107 7.46193
8.07107 7.15736
8.22335 7.00508
8.37563 6.70051
8.52792 6.54822
8.6802 6.39594
8.6802 6.09137
8.83249 5.93909
8.98477 5.63452
8.98477 5.32995
9.13706 5.17766
9.13706 4.8731
9.28934 4.72081
