9.44162 4.72081
9.59391 4.41624
9.59391 4.11168
9.59391 3.95939
9.74619 3.65482
9.74619 3.35025
9.74619 3.19797
9.74619 2.8934
9.74619 2.58883
9.59391 2.43655
9.59391 2.13198
9.59391 1.82741
9.44162 1.67513
9.44162 1.37056
9.28934 1.21827
9.13706 0.913706
9.13706 0.609137
8.98477 0.456853
8.83249 0.304569
8.6802 0
8.52792 -0.152284
8.37563 -0.456853
8.37563 -0.609137
8.22335 -0.761421
8.07107 -1.06599
7.91878 -1.21827
7.7665 -1.37056
7.61421 -1.67513
7.46193 -1.82741
7.15736 -1.9797
7.00508 -2.13198
6.85279 -2.43655
6.70051 -2.58883
6.54822 -2.74112
6.39594 -2.8934
6.24365 -3.04569
6.09137 -3.19797
5.93909 -3.35025
5.7868 -3.50254
5.48223 -3.65482
5.32995 -3.80711
5.17766 -3.95939
5.02538 -4.11168
4.8731 -4.26396
4.72081 -4.41624
4.41624 -4.56853
4.26396 -4.72081
4.11168 -4.8731
3.95939 -5.02538
3.80711 -5.17766
3.50254 -5.17766
3.35025 -5.32995
3.19797 -5.48223
3.04569 -5.63452
2.74112 -5.7868
2.58883 -5.7868
2.43655 -5.93909
2.13198 -6.09137
1.9797 -6.09137
1.82741 -6.24365
1.52284 -6.39594
1.37056 -6.39594
1.21827 -6.54822
0.913706 -6.70051
0.761421 -6.70051
0.609137 -6.85279
0.304569 -6.85279
0.152284 -7.00508
0 -7.00508
-0.304569 -7.00508
-0.456853 -7.15736
-0.761421 -7.15736
-0.913706 -7.15736
-1.06599 -7.30964
-1.37056 -7.30964
-1.52284 -7.30964
-1.82741 -7.30964
-1.9797 -7.30964
-2.13198 -7.46193
-2.43655 -7.46193
-2.58883 -7.46193
-2.8934 -7.46193
-3.04569 -7.46193
-3.35025 -7.46193
-3.50254 -7.46193
-3.65482 -7.46193
-3.95939 -7.46193
-4.11168 -7.30964
-4.41624 -7.30964
-4.56853 -7.30964
-4.72081 -7.30964
-5.02538 -7.30964
-5.17766 -7.30964
-5.32995 -7.15736
-5.63452 -7.15736
-5.7868 -7.15736
-5.93909 -7.15736
-6.24365 -7.00508
-6.39594 -7.00508
-6.54822 -7.00508
-6.85279 -6.85279
-7.00508 -6.85279
-7.15736 -6.85279
-7.46193 -6.70051
-7.61421 -6.70051
-7.7665 -6.54822
-7.91878 -6.54822
-8.22335 -6.39594
-8.37563 -6.39594
-8.52792 -6.24365
-8.6802 -6.24365
-8.98477 -6.09137
-9.13706 -6.09137
-9.28934 -5.93909
-9.44162 -5.93909
-9.59391 -5.7868
-9.74619 -5.63452
-10.0508 -5.63452
-10.203 -5.48223
-10.3553 -5.32995
-10.5076 -5.32995
-10.6599 -5.17766
-10.8122 -5.02538
-10.9645 -4.8731
-11.1168 -4.8731
-11.269 -4.72081
-11.4213 -4.56853
-11.5736 -4.41624
-11.7259 -4.26396
-11.8782 -4.11168
-12.0305 -4.11168
-12.1827 -3.95939
-12.335 -3.80711
-12.4873 -3.65482
-12.6396 -3.50254
-12.7919 -3.35025
-12.9442 -3.19797
-13.0964 -3.04569
-13.2487 -2.8934
-13.401 -2.74112
-13.401 -2.58883
-13.5533 -2.43655
-13.7056 -2.43655
-13.8579 -2.28426
-14.0102 -2.13198
-14.1624 -1.9797
-14.3147 -1.82741
-14.467 -1.67513
-14.6193 -1.52284
-14.7716 -1.37056
-14.9239 -1.21827
-15.0761 -1.06599
-15.2284 -0.913706
-15.3807 -0.761421
-15.533 -0.609137
-15.6853 -0.456853
-15.8376 -0.304569
-15.8376 -0.152284
-15.9898 0.152284
-16.1421 0.304569
-16.2944 0.456853
-16.4467 0.609137
-16.599 0.761421
-16.7513 0.913706
-16.9036 1.21827
-17.0558 1.37056
-17.2081 1.52284
-17.3604 1.82741
-17.5127 1.9797
-17.5127 2.13198
-17.665 2.43655
-17.8173 2.58883
-17.9695 2.74112
-18.1218 3.04569
-18.1218 3.19797
-18.2741 3.50254
-18.4264 3.65482
-18.4264 3.95939
-18.5787 4.11168
-18.5787 4.41624
-18.731 4.72081
-18.731 4.8731
-18.8832 5.17766
-18.8832 5.32995
-18.8832 5.63452
-18.8832 5.93909
-19.0355 6.09137
-19.0355 6.39594
-19.0355 6.70051
-19.0355 6.85279
-18.8832 7.15736
-18.8832 7.46193
-18.8832 7.61421
-18.8832 7.91878
-18.731 8.07107
-18.731 8.37563
-18.5787 8.6802
-18.5787 8.83249
-18.4264 9.13706
-18.2741 9.28934
-18.2741 9.59391
-18.1218 9.74619
-17.9695 10.0508
-17.8173 10.203
-17.665 10.3553
-17.5127 10.6599
-17.3604 10.8122
-17.2081 10.9645
-17.0558 11.1168
-16.9036 11.4213
-16.7513 11.5736
-16.599 11.7259
-16.4467 11.8782
-16.1421 12.0305
-15.9898 12.1827
-15.8376 12.335
-15.6853 12.4873
-15.533 12.6396
-15.2284 12.7919
-15.0761 12.9442
-14.9239 13.0964
-14.7716 13.2487
-14.467 13.401
-14.3147 13.5533
-14.1624 13.7056
-14.0102 13.8579
-13.7056 14.0102
-13.5533 14.0102
-13.401 14.1624
-13.0964 14.3147
-12.9442 14.467
-12.7919 14.467
-12.6396 14.6193
-12.335 14.7716
-12.1827 14.9239
-12.0305 14.9239
-11.7259 15.0761
-11.5736 15.0761
-11.4213 15.2284
-11.1168 15.2284
-10.9645 15.3807
-10.8122 15.533
-10.5076 15.533
-10.3553 15.533
-10.203 15.6853
-9.89848 15.6853
-9.74619 15.8376
-9.59391 15.8376
-9.28934 15.8376
-9.13706 15.9898
-8.83249 15.9898
-8.6802 15.9898
-8.52792 16.1421
-8.22335 16.1421
-8.07107 16.1421
-7.91878 16.1421
-7.61421 16.2944
-7.46193 16.2944
-7.30964 16.2944
-7.00508 16.2944
-6.85279 16.2944
-6.54822 16.2944
-6.39594 16.2944
-6.24365 16.2944
-5.93909 16.2944
-5.7868 16.2944
-5.63452 16.2944
-5.32995 16.2944
-5.17766 16.2944
-5.02538 16.2944
-4.72081 16.2944
-4.56853 16.2944
-4.41624 16.1421
-4.11168 16.1421
-3.95939 16.1421
-3.80711 16.1421
-3.50254 16.1421
-3.35025 15.9898
-3.19797 15.9898
-3.04569 15.9898
-2.74112 15.8376
-2.58883 15.8376
-2.43655 15.8376
-2.13198 15.8376
-1.9797 15.6853
-1.82741 15.6853
-1.67513 15.6853
-1.37056 15.533
-1.21827 15.533
-1.06599 15.3807
-0.913706 15.3807
-0.609137 15.3807
-0.456853 15.2284
-0.304569 15.2284
-0.152284 15.0761
0 15.0761
0.304569 14.9239
0.456853 14.9239
0.609137 14.7716
0.761421 14.7716
1.06599 14.6193
1.21827 14.6193
1.37056 14.467
1.52284 14.3147
1.67513 14.3147
1.9797 14.1624
2.13198 14.1624
2.28426 14.0102
2.43655 13.8579
2.58883 13.7056
2.74112 13.7056
2.8934 13.5533
3.19797 13.401
3.35025 13.2487
3.50254 13.2487
3.65482 13.0964
3.80711 12.9442
3.95939 12.7919
4.11168 12.6396
4.26396 12.4873
4.41624 12.335
4.56853 12.1827
4.72081 12.0305
4.8731 11.8782
5.02538 11.7259
5.17766 11.5736
5.32995 11.4213
5.48223 11.269
5.63452 11.1168
5.7868 10.9645
5.93909 10.8122
6.09137 10.6599
6.24365 10.5076
6.39594 10.3553
6.39594 10.203
6.54822 9.89848
6.70051 9.74619
6.85279 9.59391
7.00508 9.44162
7.15736 9.28934
7.30964 8.98477
7.46193 8.83249
7.61421 8.6802
7.7665 8.52792
7.91878 8.22335
7.91878 8.07107
8.07107 7.91878
8.22335 7.61421
8.37563 7.46193
8.52792 7.15736
8.52792 7.00508
8.6802 6.85279
8.83249 6.54822
8.83249 6.39594
8.98477 6.09137
9.13706 5.7868
9.13706 5.63452
9.28934 5.32995
9.28934 5.17766
9.28934 4.8731
