9.44162 4.72081
9.59391 4.41624
9.59391 4.26396
9.74619 3.95939
9.74619 3.65482
9.74619 3.50254
9.74619 3.19797
9.74619 2.8934
9.74619 2.74112
9.74619 2.43655
9.74619 2.13198
9.59391 1.9797
9.59391 1.67513
9.44162 1.37056
9.28934 1.21827
9.28934 0.913706
9.13706 0.761421
8.98477 0.456853
8.83249 0.304569
8.83249 0
8.6802 -0.152284
8.52792 -0.456853
8.37563 -0.609137
8.22335 -0.761421
8.07107 -1.06599
7.91878 -1.21827
7.7665 -1.37056
7.61421 -1.52284
7.46193 -1.82741
7.30964 -1.9797
7.15736 -2.13198
6.85279 -2.28426
6.70051 -2.58883
6.54822 -2.74112
6.39594 -2.8934
6.24365 -3.04569
6.09137 -3.19797
5.93909 -3.35025
5.7868 -3.50254
5.48223 -3.65482
5.32995 -3.80711
5.17766 -3.95939
5.02538 -4.11168
4.8731 -4.26396
4.72081 -4.41624
4.41624 -4.56853
4.26396 -4.72081
4.11168 -4.8731
3.95939 -5.02538
3.65482 -5.17766
3.50254 -5.17766
3.35025 -5.32995
3.19797 -5.48223
2.8934 -5.63452
2.74112 -5.63452
2.58883 -5.7868
2.28426 -5.93909
2.13198 -6.09137
1.9797 -6.09137
1.67513 -6.24365
1.52284 -6.24365
1.37056 -6.39594
1.06599 -6.54822
0.913706 -6.54822
0.761421 -6.70051
0.456853 -6.70051
0.304569 -6.85279
0.152284 -6.85279
-0.152284 -6.85279
-0.304569 -7.00508
-0.609137 -7.00508
-0.761421 -7.15736
-0.913706 -7.15736
-1.21827 -7.15736
-1.37056 -7.15736
-1.67513 -7.30964
-1.82741 -7.30964
-1.9797 -7.30964
-2.28426 -7.30964
-2.43655 -7.30964
-2.74112 -7.30964
-2.8934 -7.30964
-3.19797 -7.46193
-3.35025 -7.46193
-3.50254 -7.46193
-3.80711 -7.30964
-3.95939 -7.30964
-4.26396 -7.30964
-4.41624 -7.30964
-4.56853 -7.30964
-4.8731 -7.30964
-5.02538 -7.30964
-5.17766 -7.30964
-5.48223 -7.15736
-5.63452 -7.15736
-5.93909 -7.15736
-6.09137 -7.15736
-6.24365 -7.00508
-6.54822 -7.00508
-6.70051 -7.00508
-6.85279 -6.85279
-7.00508 -6.85279
-7.30964 -6.70051
-7.46193 -6.70051
-7.61421 -6.54822
-7.91878 -6.54822
-8.07107 -6.54822
-8.22335 -6.39594
-8.37563 -6.24365
-8.6802 -6.24365
-8.83249 -6.09137
-8.98477 -6.09137
-9.13706 -5.93909
-9.28934 -5.93909
-9.44162 -5.7868
-9.74619 -5.63452
-9.89848 -5.63452
-10.0508 -5.48223
-10.203 -5.32995
-10.3553 -5.17766
-10.5076 -5.17766
-10.6599 -5.02538
-10.8122 -4.8731
-10.9645 -4.72081
-11.1168 -4.72081
-11.269 -4.56853
-11.4213 -4.41624
-11.5736 -4.26396
-11.7259 -4.11168
-11.8782 -3.95939
-12.0305 -3.95939
-12.1827 -3.80711
-12.335 -3.65482
-12.4873 -3.50254
-12.6396 -3.35025
-12.7919 -3.19797
-12.9442 -3.04569
-13.0964 -2.8934
-13.2487 -2.74112
-13.401 -2.74112
-13.5533 -2.58883
-13.7056 -2.43655
-13.7056 -2.28426
-13.8579 -2.13198
-14.0102 -1.9797
-14.1624 -1.82741
-14.3147 -1.67513
-14.467 -1.52284
-14.6193 -1.37056
-14.7716 -1.21827
-14.9239 -1.06599
-15.0761 -0.913706
-15.2284 -0.761421
-15.3807 -0.609137
-15.533 -0.456853
-15.6853 -0.304569
-15.8376 -0.152284
-15.9898 0
-16.1421 0.152284
-16.2944 0.304569
-16.4467 0.456853
-16.4467 0.761421
-16.599 0.913706
-16.7513 1.06599
-16.9036 1.21827
-17.0558 1.52284
-17.2081 1.67513
-17.3604 1.82741
-17.5127 1.9797
-17.5127 2.28426
-17.665 2.43655
-17.8173 2.74112
-17.9695 2.8934
-18.1218 3.04569
-18.1218 3.35025
-18.2741 3.50254
-18.4264 3.80711
-18.4264 3.95939
-18.5787 4.26396
-18.5787 4.41624
-18.731 4.72081
-18.731 5.02538
-18.731 5.17766
-18.8832 5.48223
-18.8832 5.63452
-18.8832 5.93909
-18.8832 6.24365
-18.8832 6.39594
-18.8832 6.70051
-18.8832 7.00508
-18.8832 7.15736
-18.8832 7.46193
-18.8832 7.7665
-18.8832 7.91878
-18.731 8.22335
-18.731 8.37563
-18.5787 8.6802
-18.5787 8.98477
-18.4264 9.13706
-18.2741 9.44162
-18.2741 9.59391
-18.1218 9.74619
-17.9695 10.0508
-17.8173 10.203
-17.665 10.5076
-17.5127 10.6599
-17.3604 10.8122
-17.2081 10.9645
-17.0558 11.269
-16.9036 11.4213
-16.7513 11.5736
-16.599 11.7259
-16.4467 11.8782
-16.1421 12.1827
-15.9898 12.335
-15.8376 12.4873
-15.6853 12.6396
-15.533 12.7919
-15.2284 12.9442
-15.0761 13.0964
-14.9239 13.2487
-14.7716 13.401
-14.6193 13.401
-14.3147 13.5533
-14.1624 13.7056
-14.0102 13.8579
-13.8579 14.0102
-13.5533 14.1624
-13.401 14.1624
-13.2487 14.3147
-12.9442 14.467
-12.7919 14.6193
-12.6396 14.6193
-12.335 14.7716
-12.1827 14.9239
-12.0305 14.9239
-11.8782 15.0761
-11.5736 15.2284
-11.4213 15.2284
-11.269 15.3807
-10.9645 15.3807
-10.8122 15.533
-10.6599 15.533
-10.3553 15.6853
-10.203 15.6853
-10.0508 15.6853
-9.74619 15.8376
-9.59391 15.8376
-9.28934 15.9898
-9.13706 15.9898
-8.98477 15.9898
-8.6802 16.1421
-8.52792 16.1421
-8.37563 16.1421
-8.07107 16.1421
-7.91878 16.1421
-7.7665 16.2944
-7.46193 16.2944
-7.30964 16.2944
-7.15736 16.2944
-6.85279 16.2944
-6.70051 16.2944
-6.39594 16.2944
-6.24365 16.2944
-6.09137 16.2944
-5.7868 16.2944
-5.63452 16.2944
-5.48223 16.2944
-5.17766 16.2944
-5.02538 16.2944
-4.8731 16.2944
-4.56853 16.2944
-4.41624 16.2944
-4.26396 16.1421
-3.95939 16.1421
-3.80711 16.1421
-3.65482 16.1421
-3.50254 16.1421
-3.19797 15.9898
-3.04569 15.9898
-2.8934 15.9898
-2.58883 15.9898
-2.43655 15.8376
-2.28426 15.8376
-2.13198 15.8376
-1.82741 15.6853
-1.67513 15.6853
-1.52284 15.6853
-1.37056 15.533
-1.06599 15.533
-0.913706 15.3807
-0.761421 15.3807
-0.609137 15.3807
-0.304569 15.2284
-0.152284 15.2284
0 15.0761
0.152284 15.0761
0.304569 14.9239
0.609137 14.9239
0.761421 14.7716
0.913706 14.7716
1.06599 14.6193
1.37056 14.6193
1.52284 14.467
1.67513 14.3147
1.82741 14.3147
1.9797 14.1624
2.13198 14.0102
2.43655 14.0102
2.58883 13.8579
2.74112 13.7056
2.8934 13.5533
3.04569 13.5533
3.19797 13.401
3.35025 13.2487
3.50254 13.0964
3.65482 12.9442
3.80711 12.7919
3.95939 12.6396
4.11168 12.4873
4.26396 12.4873
4.41624 12.335
4.56853 12.1827
4.72081 12.0305
4.8731 11.8782
5.02538 11.7259
5.17766 11.5736
5.32995 11.4213
5.48223 11.1168
5.63452 10.9645
5.7868 10.8122
5.93909 10.6599
6.09137 10.5076
6.24365 10.3553
6.39594 10.203
6.54822 10.0508
6.70051 9.89848
6.85279 9.59391
7.00508 9.44162
7.15736 9.28934
7.15736 9.13706
7.30964 8.98477
7.46193 8.6802
7.61421 8.52792
7.7665 8.37563
7.91878 8.07107
8.07107 7.91878
8.22335 7.7665
8.37563 7.46193
8.37563 7.30964
8.52792 7.15736
8.6802 6.85279
8.83249 6.70051
8.83249 6.39594
8.98477 6.24365
9.13706 5.93909
9.13706 5.63452
9.28934 5.48223
9.28934 5.17766
9.44162 5.02538
