9.59391 4.56853
9.59391 4.41624
9.74619 4.11168
9.74619 3.80711
9.74619 3.65482
9.74619 3.35025
9.74619 3.04569
9.74619 2.74112
9.74619 2.58883
9.74619 2.28426
9.74619 2.13198
9.59391 1.82741
9.59391 1.52284
9.44162 1.37056
9.44162 1.06599
9.28934 0.913706
9.28934 0.609137
9.13706 0.456853
8.98477 0.152284
8.83249 0
8.6802 -0.304569
8.52792 -0.456853
8.52792 -0.761421
8.37563 -0.913706
8.22335 -1.06599
8.07107 -1.37056
7.91878 -1.52284
7.7665 -1.67513
7.61421 -1.82741
7.30964 -2.13198
7.15736 -2.28426
7.00508 -2.43655
6.85279 -2.58883
6.70051 -2.74112
6.54822 -2.8934
6.39594 -3.04569
6.24365 -3.19797
5.93909 -3.35025
5.7868 -3.50254
5.63452 -3.65482
5.48223 -3.80711
5.32995 -3.95939
5.02538 -4.11168
4.8731 -4.26396
4.72081 -4.41624
4.56853 -4.56853
4.41624 -4.72081
4.11168 -4.8731
3.95939 -5.02538
3.80711 -5.02538
3.65482 -5.17766
3.35025 -5.32995
3.19797 -5.48223
3.04569 -5.48223
2.74112 -5.63452
2.58883 -5.7868
2.43655 -5.7868
2.28426 -5.93909
1.9797 -6.09137
1.82741 -6.09137
1.67513 -6.24365
1.37056 -6.39594
1.21827 -6.39594
1.06599 -6.54822
0.761421 -6.54822
0.609137 -6.70051
0.456853 -6.70051
0.152284 -6.85279
0 -6.85279
-0.152284 -6.85279
-0.456853 -7.00508
-0.609137 -7.00508
-0.913706 -7.00508
-1.06599 -7.15736
-1.21827 -7.15736
-1.52284 -7.15736
-1.67513 -7.30964
-1.82741 -7.30964
-2.13198 -7.30964
-2.28426 -7.30964
-2.58883 -7.30964
-2.74112 -7.30964
-2.8934 -7.30964
-3.19797 -7.30964
-3.35025 -7.30964
-3.65482 -7.30964
-3.80711 -7.30964
-3.95939 -7.30964
-4.26396 -7.30964
-4.41624 -7.30964
-4.56853 -7.30964
-4.8731 -7.30964
-5.02538 -7.30964
-5.17766 -7.15736
-5.48223 -7.15736
-5.63452 -7.15736
-5.7868 -7.15736
-6.09137 -7.00508
-6.24365 -7.00508
-6.39594 -7.00508
-6.70051 -6.85279
-6.85279 -6.85279
-7.00508 -6.70051
-7.30964 -6.70051
-7.46193 -6.70051
-7.61421 -6.54822
-7.7665 -6.54822
-8.07107 -6.39594
-8.22335 -6.39594
-8.37563 -6.24365
-8.52792 -6.24365
-8.6802 -6.09137
-8.98477 -5.93909
-9.13706 -5.93909
-9.28934 -5.7868
-9.44162 -5.7868
-9.59391 -5.63452
-9.74619 -5.48223
-9.89848 -5.48223
-10.0508 -5.32995
-10.3553 -5.17766
-10.5076 -5.02538
-10.6599 -5.02538
-10.8122 -4.8731
-10.9645 -4.72081
-11.1168 -4.56853
-11.269 -4.56853
-11.4213 -4.41624
-11.5736 -4.26396
-11.7259 -4.11168
-11.8782 -3.95939
-12.0305 -3.95939
-12.1827 -3.80711
-12.335 -3.65482
-12.4873 -3.50254
-12.6396 -3.35025
-12.7919 -3.19797
-12.9442 -3.19797
-13.0964 -3.04569
-13.2487 -2.8934
-13.401 -2.74112
-13.5533 -2.58883
-13.7056 -2.43655
-13.7056 -2.28426
-13.8579 -2.13198
-14.0102 -1.9797
-14.1624 -1.82741
-14.3147 -1.67513
-14.467 -1.52284
-14.6193 -1.37056
-14.7716 -1.21827
-14.9239 -1.06599
-15.0761 -0.913706
-15.2284 -0.761421
-15.3807 -0.609137
-15.533 -0.456853
-15.6853 -0.304569
-15.8376 -0.152284
-15.9898 0
-16.1421 0.152284
-16.1421 0.304569
-16.2944 0.609137
-16.4467 0.761421
-16.599 0.913706
-16.7513 1.06599
-16.9036 1.37056
-17.0558 1.52284
-17.2081 1.67513
-17.3604 1.82741
-17.3604 2.13198
-17.5127 2.28426
-17.665 2.58883
-17.8173 2.74112
-17.9695 2.8934
-17.9695 3.19797
-18.1218 3.35025
-18.2741 3.65482
-18.2741 3.80711
-18.4264 4.11168
-18.4264 4.41624
-18.5787 4.56853
-18.5787 4.8731
-18.731 5.02538
-18.731 5.32995
-18.8832 5.63452
-18.8832 5.7868
-18.8832 6.09137
-18.8832 6.39594
-18.8832 6.54822
-18.8832 6.85279
-18.8832 7.15736
-18.8832 7.30964
-18.8832 7.61421
-18.8832 7.91878
-18.731 8.07107
-18.731 8.37563
-18.5787 8.6802
-18.5787 8.83249
-18.4264 9.13706
-18.4264 9.28934
-18.2741 9.59391
-18.1218 9.74619
-17.9695 10.0508
-17.9695 10.203
-17.8173 10.5076
-17.665 10.6599
-17.5127 10.8122
-17.3604 11.1168
-17.2081 11.269
-17.0558 11.4213
-16.9036 11.5736
-16.7513 11.8782
-16.4467 12.0305
-16.2944 12.1827
-16.1421 12.335
-15.9898 12.4873
-15.8376 12.6396
-15.533 12.7919
-15.3807 12.9442
-15.2284 13.0964
-15.0761 13.2487
-14.7716 13.401
-14.6193 13.5533
-14.467 13.7056
-14.3147 13.8579
-14.0102 14.0102
-13.8579 14.1624
-13.7056 14.3147
-13.401 14.467
-13.2487 14.467
-13.0964 14.6193
-12.7919 14.7716
-12.6396 14.7716
-12.4873 14.9239
-12.1827 15.0761
-12.0305 15.0761
-11.8782 15.2284
-11.5736 15.3807
-11.4213 15.3807
-11.1168 15.533
-10.9645 15.533
-10.8122 15.6853
-10.5076 15.6853
-10.3553 15.6853
-10.0508 15.8376
-9.89848 15.8376
-9.74619 15.9898
-9.44162 15.9898
-9.28934 15.9898
-8.98477 15.9898
-8.83249 16.1421
-8.6802 16.1421
-8.37563 16.1421
-8.22335 16.1421
-7.91878 16.1421
-7.7665 16.2944
-7.61421 16.2944
-7.30964 16.2944
-7.15736 16.2944
-6.85279 16.2944
-6.70051 16.2944
-6.54822 16.2944
-6.24365 16.2944
-6.09137 16.2944
-5.93909 16.2944
-5.63452 16.2944
-5.48223 16.2944
-5.17766 16.2944
-5.02538 16.2944
-4.8731 16.2944
-4.56853 16.2944
-4.41624 16.2944
-4.26396 16.2944
-3.95939 16.2944
-3.80711 16.1421
-3.65482 16.1421
-3.35025 16.1421
-3.19797 16.1421
-3.04569 16.1421
-2.74112 16.1421
-2.58883 15.9898
-2.43655 15.9898
-2.28426 15.9898
-1.9797 15.8376
-1.82741 15.8376
-1.67513 15.8376
-1.37056 15.6853
-1.21827 15.6853
-1.06599 15.6853
-0.913706 15.533
-0.609137 15.533
-0.456853 15.3807
-0.304569 15.3807
-0.152284 15.2284
0.152284 15.2284
0.304569 15.0761
0.456853 15.0761
0.609137 14.9239
0.913706 14.9239
1.06599 14.7716
1.21827 14.6193
1.37056 14.6193
1.52284 14.467
1.67513 14.467
1.9797 14.3147
2.13198 14.1624
2.28426 14.0102
2.43655 14.0102
2.58883 13.8579
2.74112 13.7056
2.8934 13.5533
3.04569 13.5533
3.35025 13.401
3.50254 13.2487
3.65482 13.0964
3.80711 12.9442
3.95939 12.7919
4.11168 12.7919
4.26396 12.6396
4.41624 12.4873
4.56853 12.335
4.72081 12.1827
4.8731 12.0305
5.02538 11.8782
5.17766 11.7259
5.32995 11.5736
5.48223 11.4213
5.63452 11.269
5.7868 11.1168
5.93909 10.9645
6.09137 10.8122
6.24365 10.6599
6.39594 10.5076
6.54822 10.203
6.70051 10.0508
6.85279 9.89848
7.00508 9.74619
7.15736 9.59391
7.30964 9.44162
7.30964 9.13706
7.46193 8.98477
7.61421 8.83249
7.7665 8.6802
7.91878 8.37563
8.07107 8.22335
8.22335 8.07107
8.37563 7.7665
8.37563 7.61421
8.52792 7.46193
8.6802 7.15736
8.83249 7.00508
8.83249 6.70051
8.98477 6.54822
9.13706 6.24365
9.13706 6.09137
9.28934 5.7868
9.28934 5.63452
9.44162 5.32995
9.44162 5.02538
9.59391 4.8731
