9.44162 5.02538
9.59391 4.72081
9.74619 4.41624
9.74619 4.26396
9.89848 3.95939
9.89848 3.65482
9.89848 3.50254
9.89848 3.19797
9.89848 2.8934
9.89848 2.58883
9.89848 2.43655
9.74619 2.13198
9.74619 1.82741
9.74619 1.67513
9.59391 1.37056
9.44162 1.21827
9.44162 0.913706
9.28934 0.609137
9.13706 0.456853
8.98477 0.152284
8.83249 0
8.6802 -0.152284
8.6802 -0.456853
8.52792 -0.609137
8.37563 -0.913706
8.22335 -1.06599
7.91878 -1.21827
7.7665 -1.37056
7.61421 -1.67513
7.46193 -1.82741
7.30964 -1.9797
7.15736 -2.13198
7.00508 -2.43655
6.85279 -2.58883
6.70051 -2.74112
6.39594 -2.8934
6.24365 -3.04569
6.09137 -3.19797
5.93909 -3.35025
5.7868 -3.50254
5.48223 -3.65482
5.32995 -3.80711
5.17766 -3.95939
5.02538 -4.11168
4.8731 -4.26396
4.56853 -4.41624
4.41624 -4.56853
4.26396 -4.72081
4.11168 -4.8731
3.80711 -4.8731
3.65482 -5.02538
3.50254 -5.17766
3.19797 -5.32995
3.04569 -5.48223
2.8934 -5.48223
2.58883 -5.63452
2.43655 -5.7868
2.28426 -5.7868
1.9797 -5.93909
1.82741 -6.09137
1.67513 -6.09137
1.37056 -6.24365
1.21827 -6.39594
1.06599 -6.39594
0.761421 -6.54822
0.609137 -6.54822
0.456853 -6.70051
0.152284 -6.70051
0 -6.85279
-0.304569 -6.85279
-0.456853 -6.85279
-0.609137 -7.00508
-0.913706 -7.00508
-1.06599 -7.00508
-1.37056 -7.15736
-1.52284 -7.15736
-1.67513 -7.15736
-1.9797 -7.15736
-2.13198 -7.30964
-2.43655 -7.30964
-2.58883 -7.30964
-2.8934 -7.30964
-3.04569 -7.30964
-3.19797 -7.30964
-3.50254 -7.30964
-3.65482 -7.30964
-3.95939 -7.30964
-4.11168 -7.30964
-4.41624 -7.30964
-4.56853 -7.30964
-4.72081 -7.30964
-5.02538 -7.15736
-5.17766 -7.15736
-5.48223 -7.15736
-5.63452 -7.15736
-5.7868 -7.00508
-6.09137 -7.00508
-6.24365 -7.00508
-6.39594 -6.85279
-6.70051 -6.85279
-6.85279 -6.70051
-7.00508 -6.70051
-7.30964 -6.54822
-7.46193 -6.54822
-7.61421 -6.39594
-7.7665 -6.39594
-8.07107 -6.24365
-8.22335 -6.24365
-8.37563 -6.09137
-8.52792 -5.93909
-8.6802 -5.93909
-8.98477 -5.7868
-9.13706 -5.63452
-9.28934 -5.63452
-9.44162 -5.48223
-9.59391 -5.32995
-9.74619 -5.32995
-9.89848 -5.17766
-10.0508 -5.02538
-10.3553 -5.02538
-10.5076 -4.8731
-10.6599 -4.72081
-10.8122 -4.56853
-10.9645 -4.56853
-11.1168 -4.41624
-11.269 -4.26396
-11.4213 -4.26396
-11.5736 -4.11168
-11.7259 -3.95939
-11.8782 -3.80711
-12.0305 -3.65482
-12.1827 -3.65482
-12.335 -3.50254
-12.4873 -3.35025
-12.6396 -3.19797
-12.7919 -3.04569
-12.9442 -3.04569
-13.0964 -2.8934
-13.2487 -2.74112
-13.401 -2.58883
-13.5533 -2.43655
-13.7056 -2.28426
-13.8579 -2.13198
-14.0102 -1.9797
-14.1624 -1.82741
-14.3147 -1.67513
-14.467 -1.52284
-14.6193 -1.37056
-14.7716 -1.21827
-14.9239 -1.06599
-15.0761 -0.913706
-15.0761 -0.761421
-15.2284 -0.609137
-15.3807 -0.456853
-15.533 -0.304569
-15.6853 -0.152284
-15.8376 0
-15.8376 0.304569
-15.9898 0.456853
-16.1421 0.609137
-16.2944 0.761421
-16.4467 0.913706
-16.599 1.21827
-16.599 1.37056
-16.7513 1.52284
-16.9036 1.67513
-17.0558 1.9797
-17.0558 2.13198
-17.2081 2.28426
-17.3604 2.58883
-17.5127 2.74112
-17.665 2.8934
-17.665 3.19797
-17.8173 3.35025
-17.9695 3.65482
-17.9695 3.80711
-18.1218 4.11168
-18.2741 4.26396
-18.2741 4.56853
-18.4264 4.72081
-18.5787 5.02538
-18.5787 5.17766
-18.5787 5.48223
-18.731 5.63452
-18.731 5.93909
-18.8832 6.24365
-18.8832 6.39594
-18.8832 6.70051
-18.8832 7.00508
-18.8832 7.15736
-18.8832 7.46193
-18.8832 7.7665
-18.8832 7.91878
-18.8832 8.22335
-18.731 8.52792
-18.731 8.6802
-18.731 8.98477
-18.5787 9.13706
-18.4264 9.44162
-18.4264 9.59391
-18.2741 9.89848
-18.1218 10.0508
-18.1218 10.3553
-17.9695 10.5076
-17.8173 10.8122
-17.665 10.9645
-17.5127 11.1168
-17.3604 11.4213
-17.2081 11.5736
-17.0558 11.7259
-16.9036 11.8782
-16.599 12.1827
-16.4467 12.335
-16.2944 12.4873
-16.1421 12.6396
-15.9898 12.7919
-15.6853 12.9442
-15.533 13.0964
-15.3807 13.2487
-15.2284 13.401
-14.9239 13.5533
-14.7716 13.7056
-14.6193 13.8579
-14.467 14.0102
-14.1624 14.1624
-14.0102 14.1624
-13.8579 14.3147
-13.5533 14.467
-13.401 14.6193
-13.2487 14.6193
-12.9442 14.7716
-12.7919 14.9239
-12.6396 14.9239
-12.335 15.0761
-12.1827 15.2284
-12.0305 15.2284
-11.7259 15.3807
-11.5736 15.3807
-11.4213 15.533
-11.1168 15.533
-10.9645 15.6853
-10.8122 15.6853
-10.5076 15.8376
-10.3553 15.8376
-10.0508 15.9898
-9.89848 15.9898
-9.74619 15.9898
-9.44162 16.1421
-9.28934 16.1421
-9.13706 16.1421
-8.83249 16.1421
-8.6802 16.2944
-8.37563 16.2944
-8.22335 16.2944
-8.07107 16.2944
-7.7665 16.2944
-7.61421 16.2944
-7.46193 16.4467
-7.15736 16.4467
-7.00508 16.4467
-6.85279 16.4467
-6.54822 16.4467
-6.39594 16.4467
-6.24365 16.4467
-5.93909 16.4467
-5.7868 16.4467
-5.63452 16.4467
-5.32995 16.4467
-5.17766 16.4467
-5.02538 16.2944
-4.72081 16.2944
-4.56853 16.2944
-4.41624 16.2944
-4.11168 16.2944
-3.95939 16.2944
-3.80711 16.2944
-3.65482 16.1421
-3.35025 16.1421
-3.19797 16.1421
-3.04569 16.1421
-2.8934 15.9898
-2.58883 15.9898
-2.43655 15.9898
-2.28426 15.9898
-1.9797 15.8376
-1.82741 15.8376
-1.67513 15.8376
-1.52284 15.6853
-1.21827 15.6853
-1.06599 15.6853
-0.913706 15.533
-0.761421 15.533
-0.456853 15.533
-0.304569 15.3807
-0.152284 15.3807
0 15.3807
0.304569 15.2284
0.456853 15.2284
0.609137 15.0761
0.761421 15.0761
0.913706 14.9239
1.21827 14.9239
1.37056 14.7716
1.52284 14.7716
1.67513 14.6193
1.9797 14.467
2.13198 14.467
2.28426 14.3147
2.43655 14.3147
2.58883 14.1624
2.8934 14.0102
3.04569 13.8579
3.19797 13.8579
3.35025 13.7056
3.50254 13.5533
3.65482 13.401
3.80711 13.2487
3.95939 13.0964
4.11168 12.9442
4.26396 12.9442
4.41624 12.7919
4.56853 12.6396
4.72081 12.4873
4.8731 12.335
5.02538 12.1827
5.17766 12.0305
5.32995 11.8782
5.48223 11.7259
5.63452 11.4213
5.7868 11.269
5.93909 11.1168
6.09137 10.9645
6.24365 10.8122
6.39594 10.6599
6.54822 10.5076
6.70051 10.3553
6.85279 10.0508
6.85279 9.89848
7.00508 9.74619
7.15736 9.59391
7.30964 9.44162
7.46193 9.13706
7.61421 8.98477
7.7665 8.83249
7.91878 8.6802
8.07107 8.37563
8.22335 8.22335
8.22335 7.91878
8.37563 7.7665
8.52792 7.61421
8.6802 7.30964
8.6802 7.15736
8.83249 6.85279
8.98477 6.70051
8.98477 6.39594
9.13706 6.24365
9.13706 5.93909
9.28934 5.7868
9.28934 5.48223
9.44162 5.17766
