9.59391 4.8731
9.74619 4.56853
9.74619 4.41624
9.89848 4.11168
9.89848 3.80711
10.0508 3.65482
10.0508 3.35025
10.0508 3.04569
10.0508 2.8934
9.89848 2.58883
9.89848 2.28426
9.89848 2.13198
9.74619 1.82741
9.74619 1.52284
9.59391 1.37056
9.44162 1.06599
9.28934 0.913706
9.28934 0.609137
9.13706 0.456853
8.98477 0.152284
8.83249 0
8.6802 -0.152284
8.52792 -0.456853
8.37563 -0.609137
8.22335 -0.761421
8.07107 -1.06599
7.91878 -1.21827
7.7665 -1.37056
7.61421 -1.52284
7.46193 -1.82741
7.15736 -1.9797
7.00508 -2.13198
6.85279 -2.28426
6.70051 -2.43655
6.54822 -2.58883
6.39594 -2.8934
6.24365 -3.04569
6.09137 -3.19797
5.93909 -3.35025
5.7868 -3.50254
5.63452 -3.65482
5.32995 -3.80711
5.17766 -3.95939
5.02538 -4.11168
4.8731 -4.26396
4.72081 -4.41624
4.41624 -4.56853
4.26396 -4.72081
4.11168 -4.8731
3.95939 -4.8731
3.80711 -5.02538
3.50254 -5.17766
3.35025 -5.32995
3.19797 -5.48223
2.8934 -5.48223
2.74112 -5.63452
2.58883 -5.7868
2.28426 -5.7868
2.13198 -5.93909
1.9797 -6.09137
1.67513 -6.09137
1.52284 -6.24365
1.37056 -6.24365
1.06599 -6.39594
0.913706 -6.39594
0.761421 -6.54822
0.456853 -6.54822
0.304569 -6.70051
0 -6.70051
-0.152284 -6.70051
-0.304569 -6.85279
-0.609137 -6.85279
-0.761421 -6.85279
-1.06599 -7.00508
-1.21827 -7.00508
-1.37056 -7.00508
-1.67513 -7.00508
-1.82741 -7.15736
-1.9797 -7.15736
-2.28426 -7.15736
-2.43655 -7.15736
-2.74112 -7.15736
-2.8934 -7.15736
-3.19797 -7.15736
-3.35025 -7.30964
-3.50254 -7.30964
-3.80711 -7.30964
-3.95939 -7.30964
-4.26396 -7.15736
-4.41624 -7.15736
-4.56853 -7.15736
-4.8731 -7.15736
-5.02538 -7.15736
-5.17766 -7.15736
-5.48223 -7.15736
-5.63452 -7.00508
-5.7868 -7.00508
-6.09137 -7.00508
-6.24365 -6.85279
-6.39594 -6.85279
-6.70051 -6.70051
-6.85279 -6.70051
-7.00508 -6.70051
-7.30964 -6.54822
-7.46193 -6.54822
-7.61421 -6.39594
-7.7665 -6.24365
-8.07107 -6.24365
-8.22335 -6.09137
-8.37563 -6.09137
-8.52792 -5.93909
-8.6802 -5.7868
-8.98477 -5.7868
-9.13706 -5.63452
-9.28934 -5.63452
-9.44162 -5.48223
-9.59391 -5.32995
-9.74619 -5.17766
-9.89848 -5.17766
-10.0508 -5.02538
-10.203 -4.8731
-10.5076 -4.8731
-10.6599 -4.72081
-10.8122 -4.56853
-10.9645 -4.41624
-11.1168 -4.41624
-11.269 -4.26396
-11.4213 -4.11168
-11.5736 -3.95939
-11.7259 -3.95939
-11.8782 -3.80711
-12.0305 -3.65482
-12.1827 -3.50254
-12.335 -3.35025
-12.4873 -3.35025
-12.6396 -3.19797
-12.7919 -3.04569
-12.9442 -2.8934
-13.0964 -2.74112
-13.2487 -2.58883
-13.401 -2.43655
-13.5533 -2.43655
-13.7056 -2.28426
-13.8579 -2.13198
-14.0102 -1.9797
-14.1624 -1.82741
-14.3147 -1.67513
-14.467 -1.52284
-14.467 -1.37056
-14.6193 -1.21827
-14.7716 -1.06599
-14.9239 -0.761421
-15.0761 -0.609137
-15.2284 -0.456853
-15.3807 -0.304569
-15.3807 -0.152284
-15.533 0
-15.6853 0.152284
-15.8376 0.304569
-15.9898 0.609137
-15.9898 0.761421
-16.1421 0.913706
-16.2944 1.06599
-16.4467 1.21827
-16.599 1.52284
-16.599 1.67513
-16.7513 1.82741
-16.9036 1.9797
-17.0558 2.28426
-17.2081 2.43655
-17.2081 2.58883
-17.3604 2.8934
-17.5127 3.04569
-17.665 3.35025
-17.8173 3.50254
-17.8173 3.65482
-17.9695 3.95939
-18.1218 4.11168
-18.1218 4.41624
-18.2741 4.72081
-18.4264 4.8731
-18.4264 5.17766
-18.5787 5.32995
-18.5787 5.63452
-18.731 5.93909
-18.731 6.09137
-18.731 6.39594
-18.731 6.70051
-18.8832 6.85279
-18.8832 7.15736
-18.8832 7.46193
-18.8832 7.61421
-18.8832 7.91878
-18.731 8.22335
-18.731 8.37563
-18.731 8.6802
-18.5787 8.83249
-18.5787 9.13706
-18.4264 9.44162
-18.4264 9.59391
-18.2741 9.89848
-18.1218 10.0508
-17.9695 10.3553
-17.9695 10.5076
-17.8173 10.8122
-17.665 10.9645
-17.5127 11.1168
-17.3604 11.4213
-17.2081 11.5736
-17.0558 11.7259
-16.9036 11.8782
-16.599 12.1827
-16.4467 12.335
-16.2944 12.4873
-16.1421 12.6396
-15.9898 12.7919
-15.6853 12.9442
-15.533 13.0964
-15.3807 13.2487
-15.2284 13.401
-14.9239 13.5533
-14.7716 13.7056
-14.6193 13.8579
-14.467 14.0102
-14.1624 14.1624
-14.0102 14.3147
-13.8579 14.467
-13.5533 14.467
-13.401 14.6193
-13.2487 14.7716
-12.9442 14.9239
-12.7919 14.9239
-12.4873 15.0761
-12.335 15.2284
-12.1827 15.2284
-11.8782 15.3807
-11.7259 15.3807
-11.5736 15.533
-11.269 15.533
-11.1168 15.6853
-10.8122 15.6853
-10.6599 15.8376
-10.5076 15.8376
-10.203 15.8376
-10.0508 15.9898
-9.74619 15.9898
-9.59391 15.9898
-9.44162 16.1421
-9.13706 16.1421
-8.98477 16.1421
-8.6802 16.1421
-8.52792 16.2944
-8.37563 16.2944
-8.07107 16.2944
-7.91878 16.2944
-7.61421 16.2944
-7.46193 16.2944
-7.30964 16.2944
-7.00508 16.4467
-6.85279 16.4467
-6.70051 16.4467
-6.39594 16.4467
-6.24365 16.4467
-6.09137 16.4467
-5.7868 16.4467
-5.63452 16.4467
-5.48223 16.4467
-5.17766 16.4467
-5.02538 16.2944
-4.8731 16.2944
-4.56853 16.2944
-4.41624 16.2944
-4.26396 16.2944
-3.95939 16.2944
-3.80711 16.2944
-3.65482 16.2944
-3.35025 16.1421
-3.19797 16.1421
-3.04569 16.1421
-2.8934 16.1421
-2.58883 16.1421
-2.43655 15.9898
-2.28426 15.9898
-1.9797 15.9898
-1.82741 15.9898
-1.67513 15.8376
-1.52284 15.8376
-1.21827 15.8376
-1.06599 15.6853
-0.913706 15.6853
-0.761421 15.6853
-0.456853 15.533
-0.304569 15.533
-0.152284 15.533
0 15.3807
0.304569 15.3807
0.456853 15.2284
0.609137 15.2284
0.761421 15.0761
1.06599 15.0761
1.21827 14.9239
1.37056 14.9239
1.52284 14.7716
1.82741 14.7716
1.9797 14.6193
2.13198 14.467
2.28426 14.467
2.43655 14.3147
2.58883 14.1624
2.8934 14.0102
3.04569 14.0102
3.19797 13.8579
3.35025 13.7056
3.50254 13.5533
3.65482 13.5533
3.80711 13.401
3.95939 13.2487
4.11168 13.0964
4.26396 12.9442
4.41624 12.7919
4.56853 12.6396
4.72081 12.4873
4.8731 12.335
5.02538 12.1827
5.17766 12.0305
5.32995 11.8782
5.48223 11.7259
5.63452 11.5736
5.7868 11.4213
5.93909 11.269
6.09137 11.1168
6.24365 10.9645
6.39594 10.6599
6.54822 10.5076
6.70051 10.3553
6.85279 10.203
6.85279 10.0508
7.00508 9.89848
7.15736 9.59391
7.30964 9.44162
7.46193 9.28934
7.61421 9.13706
7.7665 8.83249
7.91878 8.6802
7.91878 8.52792
8.07107 8.22335
8.22335 8.07107
8.37563 7.91878
8.52792 7.61421
8.52792 7.46193
8.6802 7.30964
8.83249 7.00508
8.98477 6.85279
8.98477 6.54822
9.13706 6.39594
9.13706 6.09137
9.28934 5.7868
9.44162 5.63452
9.44162 5.32995
9.44162 5.17766
