10.0508 5.48223
10.203 5.17766
10.203 4.8731
10.3553 4.72081
10.3553 4.41624
10.5076 4.11168
10.5076 3.95939
10.5076 3.65482
10.5076 3.35025
10.5076 3.19797
10.5076 2.8934
10.3553 2.58883
10.3553 2.43655
10.3553 2.13198
10.203 1.9797
10.0508 1.67513
10.0508 1.52284
9.89848 1.21827
9.74619 0.913706
9.59391 0.761421
9.59391 0.609137
9.44162 0.304569
9.28934 0.152284
9.13706 -0.152284
8.98477 -0.304569
8.83249 -0.456853
8.6802 -0.761421
8.52792 -0.913706
8.37563 -1.06599
8.22335 -1.21827
8.07107 -1.52284
7.91878 -1.67513
7.7665 -1.82741
7.61421 -1.9797
7.46193 -2.13198
7.15736 -2.28426
7.00508 -2.58883
6.85279 -2.74112
6.70051 -2.8934
6.54822 -3.04569
6.39594 -3.19797
6.24365 -3.35025
5.93909 -3.50254
5.7868 -3.65482
5.63452 -3.80711
5.48223 -3.95939
5.32995 -4.11168
5.02538 -4.26396
4.8731 -4.26396
4.72081 -4.41624
4.41624 -4.56853
4.26396 -4.72081
4.11168 -4.8731
3.95939 -4.8731
3.65482 -5.02538
3.50254 -5.17766
3.35025 -5.17766
3.04569 -5.32995
2.8934 -5.48223
2.74112 -5.48223
2.43655 -5.63452
2.28426 -5.63452
1.9797 -5.7868
1.82741 -5.7868
1.67513 -5.93909
1.37056 -5.93909
1.21827 -6.09137
1.06599 -6.09137
0.761421 -6.24365
0.609137 -6.24365
0.304569 -6.39594
0.152284 -6.39594
0 -6.39594
-0.304569 -6.54822
-0.456853 -6.54822
-0.761421 -6.54822
-0.913706 -6.70051
-1.06599 -6.70051
-1.37056 -6.70051
-1.52284 -6.70051
-1.82741 -6.85279
-1.9797 -6.85279
-2.13198 -6.85279
-2.43655 -6.85279
-2.58883 -6.85279
-2.8934 -6.85279
-3.04569 -6.85279
-3.19797 -6.85279
-3.50254 -6.85279
-3.65482 -6.85279
-3.95939 -6.85279
-4.11168 -6.85279
-4.41624 -6.85279
-4.56853 -6.85279
-4.72081 -6.85279
-5.02538 -6.70051
-5.17766 -6.70051
-5.32995 -6.70051
-5.63452 -6.54822
-5.7868 -6.54822
-5.93909 -6.54822
-6.24365 -6.39594
-6.39594 -6.39594
-6.54822 -6.24365
-6.85279 -6.09137
-7.00508 -6.09137
-7.15736 -5.93909
-7.30964 -5.93909
-7.61421 -5.7868
-7.7665 -5.63452
-7.91878 -5.63452
-8.07107 -5.48223
-8.22335 -5.32995
-8.37563 -5.17766
-8.6802 -5.17766
-8.83249 -5.02538
-8.98477 -4.8731
-9.13706 -4.72081
-9.28934 -4.72081
-9.44162 -4.56853
-9.59391 -4.41624
-9.74619 -4.26396
-9.89848 -4.11168
-10.0508 -3.95939
-10.203 -3.95939
-10.3553 -3.80711
-10.5076 -3.65482
-10.6599 -3.50254
-10.8122 -3.35025
-10.9645 -3.19797
-11.1168 -3.19797
-11.269 -3.04569
-11.4213 -2.8934
-11.5736 -2.74112
-11.7259 -2.58883
-11.8782 -2.43655
-12.0305 -2.28426
-12.0305 -2.13198
-12.1827 -2.13198
-12.335 -1.9797
-12.4873 -1.82741
-12.6396 -1.67513
-12.7919 -1.52284
-12.9442 -1.37056
-13.0964 -1.21827
-13.2487 -1.06599
-13.401 -0.913706
-13.5533 -0.761421
-13.7056 -0.609137
-13.8579 -0.456853
-14.0102 -0.304569
-14.0102 -0.152284
-14.1624 0
-14.3147 0.152284
-14.467 0.304569
-14.6193 0.456853
-14.7716 0.609137
-14.9239 0.761421
-15.0761 0.913706
-15.2284 1.06599
-15.3807 1.21827
-15.533 1.52284
-15.533 1.67513
-15.6853 1.82741
-15.8376 1.9797
-15.9898 2.13198
-16.1421 2.43655
-16.2944 2.58883
-16.2944 2.74112
-16.4467 3.04569
-16.599 3.19797
-16.7513 3.35025
-16.7513 3.65482
-16.9036 3.80711
-17.0558 4.11168
-17.0558 4.26396
-17.2081 4.56853
-17.3604 4.72081
-17.3604 5.02538
-17.5127 5.17766
-17.5127 5.48223
-17.665 5.63452
-17.665 5.93909
-17.665 6.09137
-17.8173 6.39594
-17.8173 6.70051
-17.8173 6.85279
-17.9695 7.15736
-17.9695 7.46193
-17.9695 7.61421
-17.9695 7.91878
-17.9695 8.22335
-17.9695 8.37563
-17.9695 8.6802
-17.9695 8.98477
-17.9695 9.28934
-17.9695 9.44162
-17.9695 9.74619
-17.9695 10.0508
-17.8173 10.203
-17.8173 10.5076
-17.8173 10.8122
-17.665 10.9645
-17.665 11.269
-17.5127 11.5736
-17.3604 11.7259
-17.3604 12.0305
-17.2081 12.1827
-17.0558 12.4873
-16.9036 12.6396
-16.7513 12.9442
-16.599 13.0964
-16.4467 13.2487
-16.2944 13.5533
-16.1421 13.7056
-15.9898 13.8579
-15.8376 14.0102
-15.533 14.1624
-15.3807 14.3147
-15.0761 14.467
-14.9239 14.6193
-14.7716 14.7716
-14.467 14.9239
-14.1624 15.0761
-14.0102 15.2284
-13.7056 15.2284
-13.5533 15.3807
-13.2487 15.3807
-12.9442 15.533
-12.7919 15.533
-12.4873 15.6853
-12.1827 15.6853
-12.0305 15.8376
-11.7259 15.8376
-11.5736 15.8376
-11.269 15.9898
-10.9645 15.9898
-10.8122 15.9898
-10.5076 16.1421
-10.3553 16.1421
-10.0508 16.1421
-9.89848 16.2944
-9.74619 16.2944
-9.44162 16.2944
-9.28934 16.4467
-8.98477 16.4467
-8.83249 16.4467
-8.6802 16.599
-8.37563 16.599
-8.22335 16.599
-8.07107 16.7513
-7.7665 16.7513
-7.61421 16.9036
-7.46193 16.9036
-7.15736 16.9036
-7.00508 16.9036
-6.85279 17.0558
-6.54822 17.0558
-6.39594 17.0558
-6.24365 17.0558
-5.93909 17.2081
-5.7868 17.2081
-5.63452 17.2081
-5.32995 17.2081
-5.17766 17.2081
-4.8731 17.2081
-4.72081 17.2081
-4.56853 17.2081
-4.26396 17.2081
-4.11168 17.2081
-3.95939 17.2081
-3.65482 17.2081
-3.50254 17.0558
-3.35025 17.0558
-3.04569 17.0558
-2.8934 17.0558
-2.74112 16.9036
-2.43655 16.9036
-2.28426 16.9036
-2.13198 16.7513
-1.9797 16.7513
-1.67513 16.599
-1.52284 16.599
-1.37056 16.599
-1.21827 16.4467
-0.913706 16.4467
-0.761421 16.2944
-0.609137 16.2944
-0.456853 16.2944
-0.152284 16.1421
0 16.1421
0.152284 15.9898
0.304569 15.9898
0.609137 15.9898
0.761421 15.8376
0.913706 15.8376
1.06599 15.6853
1.21827 15.6853
1.52284 15.533
1.67513 15.533
1.82741 15.3807
1.9797 15.3807
2.28426 15.2284
2.43655 15.2284
2.58883 15.0761
2.74112 14.9239
2.8934 14.9239
3.19797 14.7716
3.35025 14.7716
3.50254 14.6193
3.65482 14.467
3.80711 14.3147
3.95939 14.3147
4.26396 14.1624
4.41624 14.0102
4.56853 13.8579
4.72081 13.7056
4.8731 13.5533
5.02538 13.5533
5.17766 13.401
5.32995 13.2487
5.48223 13.0964
5.63452 12.9442
5.7868 12.7919
5.93909 12.6396
6.09137 12.4873
6.24365 12.335
6.39594 12.1827
6.54822 12.0305
6.70051 11.7259
6.85279 11.5736
6.85279 11.4213
7.00508 11.269
7.15736 11.1168
7.30964 10.9645
7.46193 10.8122
7.61421 10.5076
7.7665 10.3553
7.91878 10.203
7.91878 10.0508
8.07107 9.74619
8.22335 9.59391
8.37563 9.44162
8.52792 9.28934
8.6802 8.98477
8.6802 8.83249
8.83249 8.6802
8.98477 8.37563
9.13706 8.22335
9.13706 7.91878
9.28934 7.7665
9.44162 7.61421
9.44162 7.30964
9.59391 7.15736
9.59391 6.85279
9.74619 6.70051
9.74619 6.39594
9.89848 6.09137
9.89848 5.93909
9.89848 5.63452
