9.89848 5.63452
10.0508 5.32995
10.203 5.17766
10.3553 4.8731
10.3553 4.56853
10.5076 4.26396
10.5076 4.11168
10.5076 3.80711
10.6599 3.50254
10.6599 3.35025
10.6599 3.04569
10.5076 2.74112
10.5076 2.58883
10.5076 2.28426
10.3553 1.9797
10.3553 1.82741
10.203 1.52284
10.0508 1.37056
10.0508 1.06599
9.89848 0.913706
9.74619 0.609137
9.59391 0.456853
9.44162 0.152284
9.28934 0
9.13706 -0.152284
8.98477 -0.456853
8.83249 -0.609137
8.6802 -0.761421
8.52792 -1.06599
8.37563 -1.21827
8.22335 -1.37056
8.07107 -1.52284
7.91878 -1.82741
7.7665 -1.9797
7.61421 -2.13198
7.30964 -2.28426
7.15736 -2.43655
7.00508 -2.58883
6.85279 -2.74112
6.70051 -3.04569
6.54822 -3.19797
6.24365 -3.35025
6.09137 -3.50254
5.93909 -3.50254
5.7868 -3.65482
5.48223 -3.80711
5.32995 -3.95939
5.17766 -4.11168
5.02538 -4.26396
4.72081 -4.41624
4.56853 -4.56853
4.41624 -4.56853
4.11168 -4.72081
3.95939 -4.8731
3.80711 -5.02538
3.50254 -5.02538
3.35025 -5.17766
3.19797 -5.32995
2.8934 -5.32995
2.74112 -5.48223
2.58883 -5.48223
2.28426 -5.63452
2.13198 -5.7868
1.82741 -5.7868
1.67513 -5.93909
1.52284 -5.93909
1.21827 -6.09137
1.06599 -6.09137
0.913706 -6.09137
0.609137 -6.24365
0.456853 -6.24365
0.152284 -6.39594
0 -6.39594
-0.152284 -6.39594
-0.456853 -6.54822
-0.609137 -6.54822
-0.913706 -6.54822
-1.06599 -6.70051
-1.37056 -6.70051
-1.52284 -6.70051
-1.67513 -6.70051
-1.9797 -6.85279
-2.13198 -6.85279
-2.43655 -6.85279
-2.58883 -6.85279
-2.8934 -6.85279
-3.04569 -6.85279
-3.19797 -6.85279
-3.50254 -6.85279
-3.65482 -6.85279
-3.95939 -6.85279
-4.11168 -6.85279
-4.41624 -6.85279
-4.56853 -6.85279
-4.72081 -6.70051
-5.02538 -6.70051
-5.17766 -6.70051
-5.48223 -6.54822
-5.63452 -6.54822
-5.7868 -6.54822
-6.09137 -6.39594
-6.24365 -6.39594
-6.39594 -6.24365
-6.70051 -6.24365
-6.85279 -6.09137
-7.00508 -6.09137
-7.15736 -5.93909
-7.46193 -5.7868
-7.61421 -5.7868
-7.7665 -5.63452
-7.91878 -5.48223
-8.07107 -5.32995
-8.37563 -5.32995
-8.52792 -5.17766
-8.6802 -5.02538
-8.83249 -4.8731
-8.98477 -4.8731
-9.13706 -4.72081
-9.28934 -4.56853
-9.44162 -4.41624
-9.59391 -4.26396
-9.74619 -4.11168
-9.89848 -4.11168
-10.0508 -3.95939
-10.203 -3.80711
-10.3553 -3.65482
-10.5076 -3.50254
-10.6599 -3.35025
-10.8122 -3.19797
-10.9645 -3.19797
-11.1168 -3.04569
-11.269 -2.8934
-11.4213 -2.74112
-11.5736 -2.58883
-11.7259 -2.43655
-11.8782 -2.28426
-12.0305 -2.13198
-12.0305 -1.9797
-12.1827 -1.9797
-12.335 -1.82741
-12.4873 -1.67513
-12.6396 -1.52284
-12.7919 -1.37056
-12.9442 -1.21827
-13.0964 -1.06599
-13.2487 -0.913706
-13.401 -0.761421
-13.401 -0.609137
-13.5533 -0.456853
-13.7056 -0.304569
-13.8579 -0.152284
-14.0102 0
-14.1624 0.152284
-14.3147 0.304569
-14.467 0.456853
-14.467 0.609137
-14.6193 0.761421
-14.7716 0.913706
-14.9239 1.21827
-15.0761 1.37056
-15.2284 1.52284
-15.3807 1.67513
-15.3807 1.82741
-15.533 1.9797
-15.6853 2.28426
-15.8376 2.43655
-15.9898 2.58883
-15.9898 2.74112
-16.1421 3.04569
-16.2944 3.19797
-16.4467 3.35025
-16.599 3.65482
-16.599 3.80711
-16.7513 3.95939
-16.9036 4.26396
-16.9036 4.41624
-17.0558 4.72081
-17.2081 4.8731
-17.2081 5.17766
-17.3604 5.32995
-17.3604 5.63452
-17.5127 5.7868
-17.5127 6.09137
-17.665 6.24365
-17.665 6.54822
-17.8173 6.85279
-17.8173 7.00508
-17.8173 7.30964
-17.9695 7.61421
-17.9695 7.7665
-17.9695 8.07107
-17.9695 8.37563
-17.9695 8.52792
-17.9695 8.83249
-17.9695 9.13706
-17.9695 9.44162
-17.9695 9.59391
-17.9695 9.89848
-17.9695 10.203
-17.8173 10.3553
-17.8173 10.6599
-17.8173 10.9645
-17.665 11.1168
-17.665 11.4213
-17.5127 11.7259
-17.3604 11.8782
-17.3604 12.1827
-17.2081 12.335
-17.0558 12.6396
-16.9036 12.7919
-16.7513 13.0964
-16.599 13.2487
-16.4467 13.401
-16.2944 13.7056
-16.1421 13.8579
-15.9898 14.0102
-15.8376 14.1624
-15.533 14.3147
-15.3807 14.6193
-15.2284 14.7716
-14.9239 14.7716
-14.7716 14.9239
-14.467 15.0761
-14.3147 15.2284
-14.0102 15.3807
-13.7056 15.3807
-13.5533 15.533
-13.2487 15.6853
-13.0964 15.6853
-12.7919 15.8376
-12.4873 15.8376
-12.335 15.9898
-12.0305 15.9898
-11.7259 15.9898
-11.5736 16.1421
-11.269 16.1421
-11.1168 16.2944
-10.8122 16.2944
-10.6599 16.2944
-10.3553 16.2944
-10.203 16.4467
-9.89848 16.4467
-9.74619 16.4467
-9.44162 16.599
-9.28934 16.599
-8.98477 16.599
-8.83249 16.7513
-8.6802 16.7513
-8.37563 16.7513
-8.22335 16.7513
-8.07107 16.9036
-7.7665 16.9036
-7.61421 16.9036
-7.46193 17.0558
-7.15736 17.0558
-7.00508 17.0558
-6.85279 17.0558
-6.54822 17.2081
-6.39594 17.2081
-6.09137 17.2081
-5.93909 17.2081
-5.7868 17.2081
-5.48223 17.2081
-5.32995 17.2081
-5.17766 17.2081
-4.8731 17.2081
-4.72081 17.2081
-4.56853 17.2081
-4.26396 17.2081
-4.11168 17.2081
-3.95939 17.2081
-3.65482 17.2081
-3.50254 17.2081
-3.35025 17.2081
-3.04569 17.0558
-2.8934 17.0558
-2.74112 17.0558
-2.43655 17.0558
-2.28426 16.9036
-2.13198 16.9036
-1.9797 16.9036
-1.67513 16.7513
-1.52284 16.7513
-1.37056 16.7513
-1.21827 16.599
-0.913706 16.599
-0.761421 16.4467
-0.609137 16.4467
-0.456853 16.4467
-0.152284 16.2944
0 16.2944
0.152284 16.1421
0.304569 16.1421
0.609137 16.1421
0.761421 15.9898
0.913706 15.9898
1.06599 15.8376
1.21827 15.8376
1.52284 15.6853
1.67513 15.6853
1.82741 15.533
1.9797 15.533
2.13198 15.3807
2.43655 15.2284
2.58883 15.2284
2.74112 15.0761
2.8934 15.0761
3.04569 14.9239
3.35025 14.7716
3.50254 14.7716
3.65482 14.6193
3.80711 14.467
3.95939 14.3147
4.11168 14.3147
4.41624 14.1624
4.56853 14.0102
4.72081 13.8579
4.8731 13.7056
5.02538 13.7056
5.17766 13.5533
5.32995 13.401
5.48223 13.2487
5.63452 13.0964
5.7868 12.9442
5.93909 12.7919
6.24365 12.6396
6.39594 12.4873
6.54822 12.335
6.70051 12.1827
6.85279 12.0305
6.85279 11.8782
7.00508 11.7259
7.15736 11.5736
7.30964 11.269
7.46193 11.1168
7.61421 10.9645
7.7665 10.8122
7.91878 10.6599
8.07107 10.3553
8.07107 10.203
8.22335 10.0508
8.37563 9.89848
8.52792 9.59391
8.6802 9.44162
8.6802 9.28934
8.83249 8.98477
8.98477 8.83249
8.98477 8.52792
9.13706 8.37563
9.13706 8.07107
9.28934 7.91878
9.44162 7.7665
9.44162 7.46193
9.59391 7.30964
9.59391 7.00508
9.59391 6.85279
9.74619 6.54822
9.74619 6.24365
9.74619 6.09137
9.89848 5.7868
