9.89848 5.63452
10.0508 5.32995
10.203 5.17766
10.3553 4.8731
10.3553 4.56853
10.5076 4.41624
10.5076 4.11168
10.6599 3.80711
10.6599 3.50254
10.6599 3.35025
10.6599 3.04569
10.6599 2.74112
10.5076 2.58883
10.5076 2.28426
10.5076 2.13198
10.3553 1.82741
10.3553 1.52284
10.203 1.37056
10.0508 1.06599
9.89848 0.913706
9.89848 0.609137
9.74619 0.456853
9.59391 0.152284
9.44162 0
9.28934 -0.152284
9.13706 -0.456853
8.98477 -0.609137
8.83249 -0.761421
8.6802 -0.913706
8.52792 -1.21827
8.37563 -1.37056
8.22335 -1.52284
7.91878 -1.67513
7.7665 -1.9797
7.61421 -2.13198
7.46193 -2.28426
7.30964 -2.43655
7.15736 -2.58883
6.85279 -2.74112
6.70051 -2.8934
6.54822 -3.04569
6.39594 -3.19797
6.24365 -3.35025
5.93909 -3.50254
5.7868 -3.65482
5.63452 -3.80711
5.48223 -3.95939
5.17766 -3.95939
5.02538 -4.11168
4.8731 -4.26396
4.72081 -4.41624
4.41624 -4.56853
4.26396 -4.56853
4.11168 -4.72081
3.80711 -4.8731
3.65482 -5.02538
3.50254 -5.02538
3.19797 -5.17766
3.04569 -5.32995
2.8934 -5.32995
2.58883 -5.48223
2.43655 -5.48223
2.28426 -5.63452
1.9797 -5.7868
1.82741 -5.7868
1.67513 -5.93909
1.37056 -5.93909
1.21827 -6.09137
0.913706 -6.09137
0.761421 -6.09137
0.609137 -6.24365
0.304569 -6.24365
0.152284 -6.39594
-0.152284 -6.39594
-0.304569 -6.39594
-0.456853 -6.54822
-0.761421 -6.54822
-0.913706 -6.54822
-1.21827 -6.70051
-1.37056 -6.70051
-1.52284 -6.70051
-1.82741 -6.70051
-1.9797 -6.70051
-2.28426 -6.70051
-2.43655 -6.85279
-2.58883 -6.85279
-2.8934 -6.85279
-3.04569 -6.85279
-3.35025 -6.85279
-3.50254 -6.85279
-3.80711 -6.85279
-3.95939 -6.70051
-4.11168 -6.70051
-4.41624 -6.70051
-4.56853 -6.70051
-4.8731 -6.70051
-5.02538 -6.54822
-5.17766 -6.54822
-5.48223 -6.54822
-5.63452 -6.39594
-5.7868 -6.39594
-6.09137 -6.39594
-6.24365 -6.24365
-6.39594 -6.24365
-6.70051 -6.09137
-6.85279 -6.09137
-7.00508 -5.93909
-7.30964 -5.7868
-7.46193 -5.7868
-7.61421 -5.63452
-7.7665 -5.48223
-7.91878 -5.48223
-8.22335 -5.32995
-8.37563 -5.17766
-8.52792 -5.17766
-8.6802 -5.02538
-8.83249 -4.8731
-8.98477 -4.72081
-9.13706 -4.56853
-9.28934 -4.56853
-9.44162 -4.41624
-9.59391 -4.26396
-9.74619 -4.11168
-9.89848 -3.95939
-10.0508 -3.80711
-10.203 -3.65482
-10.3553 -3.65482
-10.5076 -3.50254
-10.6599 -3.35025
-10.8122 -3.19797
-10.9645 -3.04569
-11.1168 -2.8934
-11.269 -2.74112
-11.4213 -2.58883
-11.5736 -2.43655
-11.7259 -2.28426
-11.8782 -2.13198
-11.8782 -1.9797
-12.0305 -1.9797
-12.1827 -1.82741
-12.335 -1.67513
-12.4873 -1.52284
-12.6396 -1.37056
-12.7919 -1.21827
-12.9442 -1.06599
-13.0964 -0.913706
-13.0964 -0.761421
-13.2487 -0.609137
-13.401 -0.456853
-13.5533 -0.304569
-13.7056 -0.152284
-13.8579 0
-14.0102 0.152284
-14.1624 0.304569
-14.3147 0.456853
-14.467 0.609137
-14.6193 0.761421
-14.6193 0.913706
-14.7716 1.06599
-14.9239 1.37056
-15.0761 1.52284
-15.2284 1.67513
-15.3807 1.82741
-15.533 1.9797
-15.6853 2.13198
-15.8376 2.43655
-15.8376 2.58883
-15.9898 2.74112
-16.1421 2.8934
-16.2944 3.19797
-16.4467 3.35025
-16.4467 3.50254
-16.599 3.80711
-16.7513 3.95939
-16.9036 4.26396
-16.9036 4.41624
-17.0558 4.72081
-17.2081 4.8731
-17.2081 5.17766
-17.3604 5.32995
-17.3604 5.63452
-17.5127 5.7868
-17.5127 6.09137
-17.665 6.39594
-17.665 6.54822
-17.665 6.85279
-17.8173 7.00508
-17.8173 7.30964
-17.8173 7.61421
-17.9695 7.7665
-17.9695 8.07107
-17.9695 8.37563
-17.9695 8.6802
-17.9695 8.83249
-17.9695 9.13706
-17.9695 9.44162
-17.9695 9.74619
-17.9695 9.89848
-17.8173 10.203
-17.8173 10.5076
-17.8173 10.6599
-17.665 10.9645
-17.665 11.269
-17.665 11.4213
-17.5127 11.7259
-17.3604 12.0305
-17.3604 12.1827
-17.2081 12.4873
-17.0558 12.6396
-16.9036 12.9442
-16.7513 13.0964
-16.599 13.401
-16.4467 13.5533
-16.2944 13.7056
-16.1421 14.0102
-15.9898 14.1624
-15.8376 14.3147
-15.533 14.467
-15.3807 14.6193
-15.0761 14.7716
-14.9239 14.9239
-14.6193 15.0761
-14.467 15.2284
-14.1624 15.3807
-14.0102 15.3807
-13.7056 15.533
-13.401 15.6853
-13.2487 15.6853
-12.9442 15.8376
-12.6396 15.8376
-12.4873 15.9898
-12.1827 15.9898
-11.8782 15.9898
-11.7259 16.1421
-11.4213 16.1421
-11.1168 16.1421
-10.9645 16.2944
-10.6599 16.2944
-10.5076 16.2944
-10.203 16.4467
-10.0508 16.4467
-9.74619 16.4467
-9.59391 16.4467
-9.28934 16.599
-9.13706 16.599
-8.83249 16.599
-8.6802 16.7513
-8.52792 16.7513
-8.22335 16.7513
-8.07107 16.9036
-7.91878 16.9036
-7.61421 16.9036
-7.46193 16.9036
-7.30964 17.0558
-7.00508 17.0558
-6.85279 17.0558
-6.70051 17.2081
-6.39594 17.2081
-6.24365 17.2081
-5.93909 17.2081
-5.7868 17.2081
-5.63452 17.3604
-5.32995 17.3604
-5.17766 17.3604
-5.02538 17.3604
-4.72081 17.3604
-4.56853 17.3604
-4.41624 17.3604
-4.11168 17.3604
-3.95939 17.3604
-3.80711 17.3604
-3.50254 17.3604
-3.35025 17.2081
-3.19797 17.2081
-2.8934 17.2081
-2.74112 17.2081
-2.58883 17.0558
-2.28426 17.0558
-2.13198 17.0558
-1.9797 17.0558
-1.67513 16.9036
-1.52284 16.9036
-1.37056 16.7513
-1.21827 16.7513
-0.913706 16.7513
-0.761421 16.599
-0.609137 16.599
-0.456853 16.4467
-0.152284 16.4467
0 16.4467
0.152284 16.2944
0.304569 16.2944
0.456853 16.1421
0.761421 16.1421
0.913706 15.9898
1.06599 15.9898
1.21827 15.8376
1.37056 15.8376
1.67513 15.6853
1.82741 15.533
1.9797 15.533
2.13198 15.3807
2.28426 15.3807
2.58883 15.2284
2.74112 15.0761
2.8934 15.0761
3.04569 14.9239
3.19797 14.9239
3.35025 14.7716
3.50254 14.6193
3.80711 14.467
3.95939 14.467
4.11168 14.3147
4.26396 14.1624
4.41624 14.0102
4.56853 14.0102
4.72081 13.8579
5.02538 13.7056
5.17766 13.5533
5.32995 13.401
5.48223 13.2487
5.63452 13.2487
5.7868 13.0964
5.93909 12.9442
6.09137 12.7919
6.24365 12.6396
6.39594 12.4873
6.54822 12.335
6.70051 12.1827
6.85279 12.0305
7.00508 11.8782
7.15736 11.5736
7.30964 11.4213
7.46193 11.269
7.61421 11.1168
7.7665 10.9645
7.7665 10.8122
7.91878 10.5076
8.07107 10.3553
8.22335 10.203
8.37563 10.0508
8.37563 9.74619
8.52792 9.59391
8.6802 9.44162
8.83249 9.13706
8.83249 8.98477
8.98477 8.83249
8.98477 8.52792
9.13706 8.37563
9.28934 8.07107
9.28934 7.91878
9.44162 7.61421
9.44162 7.46193
9.44162 7.15736
9.59391 7.00508
9.59391 6.70051
9.74619 6.54822
9.74619 6.24365
9.74619 6.09137
9.89848 5.7868
