6.09137 5.48223
6.09137 5.17766
6.09137 5.02538
6.24365 4.8731
6.24365 4.72081
6.24365 4.56853
6.24365 4.26396
6.39594 4.11168
6.39594 3.95939
6.39594 3.65482
6.39594 3.50254
6.39594 3.35025
6.39594 3.04569
6.39594 2.8934
6.39594 2.74112
6.39594 2.43655
6.39594 2.28426
6.39594 2.13198
6.39594 1.82741
6.39594 1.67513
6.39594 1.52284
6.39594 1.21827
6.39594 1.06599
6.39594 0.761421
6.39594 0.609137
6.39594 0.456853
6.24365 0.152284
6.24365 0
6.24365 -0.304569
6.24365 -0.456853
6.09137 -0.761421
6.09137 -0.913706
6.09137 -1.21827
5.93909 -1.37056
5.93909 -1.52284
5.93909 -1.82741
5.7868 -1.9797
5.7868 -2.28426
5.63452 -2.43655
5.63452 -2.74112
5.48223 -2.8934
5.32995 -3.19797
5.32995 -3.35025
5.17766 -3.50254
5.02538 -3.80711
4.8731 -3.95939
4.72081 -4.11168
4.72081 -4.41624
4.56853 -4.56853
4.41624 -4.72081
4.26396 -4.8731
4.11168 -5.02538
3.80711 -5.17766
3.65482 -5.32995
3.50254 -5.48223
3.35025 -5.63452
3.19797 -5.7868
2.8934 -5.93909
2.74112 -6.09137
2.58883 -6.24365
2.28426 -6.39594
2.13198 -6.39594
1.9797 -6.54822
1.67513 -6.70051
1.52284 -6.85279
1.21827 -6.85279
1.06599 -7.00508
0.761421 -7.00508
0.609137 -7.15736
0.304569 -7.15736
0.152284 -7.30964
-0.152284 -7.30964
-0.304569 -7.30964
-0.609137 -7.46193
-0.761421 -7.46193
-1.06599 -7.46193
-1.21827 -7.46193
-1.52284 -7.46193
-1.67513 -7.61421
-1.9797 -7.61421
-2.13198 -7.61421
-2.43655 -7.61421
-2.58883 -7.61421
-2.8934 -7.61421
-3.04569 -7.61421
-3.35025 -7.61421
-3.50254 -7.61421
-3.80711 -7.46193
-3.95939 -7.46193
-4.26396 -7.46193
-4.41624 -7.46193
-4.72081 -7.46193
-4.8731 -7.30964
-5.17766 -7.30964
-5.32995 -7.30964
-5.63452 -7.15736
-5.7868 -7.15736
-5.93909 -7.00508
-6.24365 -7.00508
-6.39594 -7.00508
-6.70051 -6.85279
-6.85279 -6.85279
-7.00508 -6.70051
-7.30964 -6.54822
-7.46193 -6.54822
-7.61421 -6.39594
-7.7665 -6.39594
-8.07107 -6.24365
-8.22335 -6.09137
-8.37563 -6.09137
-8.52792 -5.93909
-8.83249 -5.7868
-8.98477 -5.7868
-9.13706 -5.63452
-9.28934 -5.48223
-9.44162 -5.32995
-9.74619 -5.32995
-9.89848 -5.17766
-10.0508 -5.02538
-10.203 -4.8731
-10.3553 -4.72081
-10.5076 -4.56853
-10.6599 -4.56853
-10.8122 -4.41624
-10.9645 -4.26396
-11.1168 -4.11168
-11.269 -3.95939
-11.4213 -3.80711
-11.5736 -3.65482
-11.7259 -3.65482
-11.8782 -3.50254
-12.0305 -3.35025
-12.1827 -3.19797
-12.335 -3.04569
-12.4873 -2.8934
-12.6396 -2.74112
-12.7919 -2.58883
-12.7919 -2.43655
-12.9442 -2.28426
-13.0964 -2.13198
-13.2487 -1.9797
-13.401 -1.82741
-13.401 -1.52284
-13.5533 -1.37056
-13.7056 -1.21827
-13.7056 -1.06599
-13.8579 -0.913706
-14.0102 -0.761421
-14.0102 -0.609137
-14.1624 -0.304569
-14.1624 -0.152284
-14.3147 0
-14.3147 0.152284
-14.467 0.304569
-14.467 0.609137
-14.467 0.761421
-14.6193 0.913706
-14.6193 1.06599
-14.7716 1.37056
-14.7716 1.52284
-14.7716 1.67513
-14.7716 1.82741
-14.9239 1.9797
-14.9239 2.28426
-14.9239 2.43655
-14.9239 2.58883
-14.9239 2.74112
-15.0761 3.04569
-15.0761 3.19797
-15.0761 3.35025
-15.0761 3.50254
-15.0761 3.80711
-15.0761 3.95939
-15.0761 4.11168
-15.0761 4.26396
-15.0761 4.56853
-15.0761 4.72081
-15.0761 4.8731
-15.0761 5.02538
-15.0761 5.17766
-15.0761 5.48223
-15.2284 5.63452
-15.2284 5.7868
-15.2284 5.93909
-15.2284 6.24365
-15.2284 6.39594
-15.2284 6.54822
-15.2284 6.70051
-15.2284 7.00508
-15.2284 7.15736
-15.2284 7.30964
-15.3807 7.61421
-15.3807 7.7665
-15.3807 7.91878
-15.3807 8.22335
-15.533 8.37563
-15.533 8.52792
-15.533 8.83249
-15.533 8.98477
-15.533 9.28934
-15.6853 9.44162
-15.6853 9.74619
-15.6853 9.89848
-15.6853 10.203
-15.6853 10.5076
-15.6853 10.6599
-15.6853 10.9645
-15.6853 11.1168
-15.6853 11.4213
-15.6853 11.7259
-15.6853 11.8782
-15.6853 12.1827
-15.533 12.335
-15.533 12.6396
-15.533 12.7919
-15.3807 13.0964
-15.2284 13.2487
-15.2284 13.5533
-15.0761 13.7056
-14.9239 13.8579
-14.7716 14.1624
-14.6193 14.3147
-14.467 14.467
-14.3147 14.6193
-14.1624 14.7716
-14.0102 14.9239
-13.8579 15.0761
-13.7056 15.2284
-13.401 15.3807
-13.2487 15.533
-13.0964 15.6853
-12.7919 15.8376
-12.6396 15.9898
-12.4873 15.9898
-12.1827 16.1421
-12.0305 16.2944
-11.8782 16.2944
-11.5736 16.4467
-11.4213 16.599
-11.1168 16.599
-10.9645 16.7513
-10.8122 16.7513
-10.5076 16.9036
-10.3553 16.9036
-10.0508 17.0558
-9.89848 17.0558
-9.74619 17.2081
-9.44162 17.2081
-9.28934 17.3604
-8.98477 17.3604
-8.83249 17.5127
-8.6802 17.5127
-8.37563 17.5127
-8.22335 17.665
-7.91878 17.665
-7.7665 17.665
-7.61421 17.8173
-7.30964 17.8173
-7.15736 17.8173
-6.85279 17.8173
-6.70051 17.8173
-6.39594 17.9695
-6.24365 17.9695
-5.93909 17.9695
-5.7868 17.9695
-5.48223 17.9695
-5.32995 17.8173
-5.17766 17.8173
-4.8731 17.8173
-4.72081 17.8173
-4.41624 17.8173
-4.26396 17.665
-3.95939 17.665
-3.80711 17.665
-3.65482 17.5127
-3.35025 17.5127
-3.19797 17.3604
-3.04569 17.3604
-2.74112 17.2081
-2.58883 17.2081
-2.43655 17.0558
-2.13198 17.0558
-1.9797 16.9036
-1.82741 16.9036
-1.67513 16.7513
-1.37056 16.7513
-1.21827 16.599
-1.06599 16.599
-0.913706 16.4467
-0.761421 16.2944
-0.456853 16.2944
-0.304569 16.1421
-0.152284 16.1421
0 15.9898
0.152284 15.8376
0.304569 15.8376
0.609137 15.6853
0.761421 15.533
0.913706 15.533
1.06599 15.3807
1.21827 15.2284
1.37056 15.2284
1.52284 15.0761
1.67513 14.9239
1.82741 14.9239
1.9797 14.7716
2.28426 14.6193
2.43655 14.467
2.58883 14.3147
2.74112 14.3147
2.8934 14.1624
3.04569 14.0102
3.19797 13.8579
3.19797 13.7056
3.35025 13.5533
3.50254 13.401
3.65482 13.2487
3.80711 13.0964
3.95939 12.9442
4.11168 12.7919
4.11168 12.6396
4.26396 12.4873
4.41624 12.335
4.56853 12.1827
4.56853 12.0305
4.72081 11.8782
4.8731 11.7259
4.8731 11.5736
5.02538 11.269
5.02538 11.1168
5.17766 10.9645
5.17766 10.8122
5.32995 10.6599
5.32995 10.5076
5.32995 10.203
5.48223 10.0508
5.48223 9.89848
5.48223 9.74619
5.63452 9.44162
5.63452 9.28934
5.63452 9.13706
5.63452 8.98477
5.63452 8.6802
5.63452 8.52792
5.63452 8.37563
5.63452 8.22335
5.63452 7.91878
5.63452 7.7665
5.7868 7.61421
5.7868 7.46193
5.7868 7.15736
5.7868 7.00508
5.7868 6.85279
5.7868 6.70051
5.7868 6.54822
5.93909 6.39594
5.93909 6.09137
5.93909 5.93909
5.93909 5.7868
6.09137 5.63452
