5.48223 5.32995
5.48223 5.17766
5.63452 4.8731
5.63452 4.72081
5.7868 4.56853
5.7868 4.41624
5.7868 4.11168
5.93909 3.95939
5.93909 3.80711
5.93909 3.50254
5.93909 3.35025
6.09137 3.19797
6.09137 3.04569
6.09137 2.74112
6.09137 2.58883
6.09137 2.28426
6.09137 2.13198
6.09137 1.9797
6.09137 1.67513
6.09137 1.52284
6.09137 1.37056
6.09137 1.06599
6.09137 0.913706
6.09137 0.609137
6.09137 0.456853
5.93909 0.304569
5.93909 0
5.93909 -0.152284
5.93909 -0.456853
5.7868 -0.609137
5.7868 -0.913706
5.7868 -1.06599
5.63452 -1.21827
5.63452 -1.52284
5.48223 -1.67513
5.48223 -1.9797
5.32995 -2.13198
5.32995 -2.28426
5.17766 -2.58883
5.17766 -2.74112
5.02538 -3.04569
4.8731 -3.19797
4.72081 -3.35025
4.72081 -3.50254
4.56853 -3.80711
4.41624 -3.95939
4.26396 -4.11168
4.11168 -4.26396
3.95939 -4.56853
3.80711 -4.72081
3.65482 -4.8731
3.50254 -5.02538
3.35025 -5.17766
3.19797 -5.32995
3.04569 -5.48223
2.74112 -5.63452
2.58883 -5.7868
2.43655 -5.93909
2.28426 -6.09137
1.9797 -6.09137
1.82741 -6.24365
1.67513 -6.39594
1.37056 -6.54822
1.21827 -6.54822
1.06599 -6.70051
0.761421 -6.70051
0.609137 -6.85279
0.304569 -7.00508
0.152284 -7.00508
-0.152284 -7.00508
-0.304569 -7.15736
-0.609137 -7.15736
-0.761421 -7.30964
-0.913706 -7.30964
-1.21827 -7.30964
-1.37056 -7.46193
-1.67513 -7.46193
-1.82741 -7.46193
-2.13198 -7.46193
-2.28426 -7.46193
-2.58883 -7.46193
-2.74112 -7.46193
-3.04569 -7.46193
-3.19797 -7.46193
-3.50254 -7.46193
-3.65482 -7.46193
-3.95939 -7.46193
-4.11168 -7.46193
-4.41624 -7.46193
-4.56853 -7.46193
-4.8731 -7.30964
-5.02538 -7.30964
-5.32995 -7.30964
-5.48223 -7.30964
-5.63452 -7.15736
-5.93909 -7.15736
-6.09137 -7.15736
-6.39594 -7.00508
-6.54822 -7.00508
-6.70051 -6.85279
-7.00508 -6.85279
-7.15736 -6.70051
-7.30964 -6.70051
-7.61421 -6.54822
-7.7665 -6.54822
-7.91878 -6.39594
-8.22335 -6.39594
-8.37563 -6.24365
-8.52792 -6.09137
-8.6802 -6.09137
-8.98477 -5.93909
-9.13706 -5.7868
-9.28934 -5.7868
-9.44162 -5.63452
-9.59391 -5.48223
-9.74619 -5.32995
-10.0508 -5.32995
-10.203 -5.17766
-10.3553 -5.02538
-10.5076 -4.8731
-10.6599 -4.8731
-10.8122 -4.72081
-10.9645 -4.56853
-11.1168 -4.41624
-11.269 -4.26396
-11.4213 -4.11168
-11.5736 -4.11168
-11.7259 -3.95939
-11.8782 -3.80711
-12.0305 -3.65482
-12.1827 -3.50254
-12.335 -3.35025
-12.4873 -3.19797
-12.6396 -3.04569
-12.7919 -2.8934
-12.9442 -2.74112
-12.9442 -2.58883
-13.0964 -2.43655
-13.2487 -2.28426
-13.401 -2.13198
-13.5533 -1.9797
-13.5533 -1.82741
-13.7056 -1.67513
-13.8579 -1.52284
-14.0102 -1.37056
-14.0102 -1.21827
-14.1624 -0.913706
-14.1624 -0.761421
-14.3147 -0.609137
-14.467 -0.456853
-14.467 -0.304569
-14.6193 -0.152284
-14.6193 0
-14.7716 0.304569
-14.7716 0.456853
-14.9239 0.609137
-14.9239 0.761421
-14.9239 0.913706
-15.0761 1.21827
-15.0761 1.37056
-15.0761 1.52284
-15.2284 1.67513
-15.2284 1.9797
-15.2284 2.13198
-15.3807 2.28426
-15.3807 2.43655
-15.3807 2.58883
-15.3807 2.8934
-15.3807 3.04569
-15.3807 3.19797
-15.533 3.35025
-15.533 3.65482
-15.533 3.80711
-15.533 3.95939
-15.533 4.11168
-15.533 4.41624
-15.533 4.56853
-15.533 4.72081
-15.533 4.8731
-15.533 5.02538
-15.533 5.32995
-15.533 5.48223
-15.6853 5.63452
-15.6853 5.7868
-15.6853 6.09137
-15.6853 6.24365
-15.6853 6.39594
-15.6853 6.54822
-15.6853 6.85279
-15.6853 7.00508
-15.6853 7.15736
-15.6853 7.46193
-15.8376 7.61421
-15.8376 7.7665
-15.8376 8.07107
-15.8376 8.22335
-15.8376 8.52792
-15.9898 8.6802
-15.9898 8.83249
-15.9898 9.13706
-15.9898 9.28934
-15.9898 9.59391
-15.9898 9.74619
-15.9898 10.0508
-15.9898 10.3553
-16.1421 10.5076
-15.9898 10.8122
-15.9898 10.9645
-15.9898 11.269
-15.9898 11.4213
-15.9898 11.7259
-15.9898 12.0305
-15.8376 12.1827
-15.8376 12.4873
-15.8376 12.6396
-15.6853 12.9442
-15.6853 13.0964
-15.533 13.401
-15.3807 13.5533
-15.2284 13.7056
-15.2284 14.0102
-15.0761 14.1624
-14.9239 14.3147
-14.7716 14.467
-14.6193 14.7716
-14.467 14.9239
-14.3147 15.0761
-14.1624 15.2284
-13.8579 15.3807
-13.7056 15.533
-13.5533 15.6853
-13.401 15.8376
-13.0964 15.9898
-12.9442 16.1421
-12.7919 16.1421
-12.6396 16.2944
-12.335 16.4467
-12.1827 16.599
-11.8782 16.599
-11.7259 16.7513
-11.5736 16.9036
-11.269 16.9036
-11.1168 17.0558
-10.8122 17.2081
-10.6599 17.2081
-10.5076 17.3604
-10.203 17.3604
-10.0508 17.5127
-9.74619 17.5127
-9.59391 17.665
-9.28934 17.665
-9.13706 17.8173
-8.83249 17.8173
-8.6802 17.8173
-8.37563 17.8173
-8.22335 17.9695
-8.07107 17.9695
-7.7665 17.9695
-7.61421 17.9695
-7.30964 17.9695
-7.15736 18.1218
-6.85279 18.1218
-6.70051 18.1218
-6.39594 18.1218
-6.24365 17.9695
-5.93909 17.9695
-5.7868 17.9695
-5.48223 17.9695
-5.32995 17.9695
-5.02538 17.8173
-4.8731 17.8173
-4.56853 17.8173
-4.41624 17.665
-4.11168 17.665
-3.95939 17.665
-3.80711 17.5127
-3.50254 17.5127
-3.35025 17.3604
-3.19797 17.3604
-2.8934 17.2081
-2.74112 17.2081
-2.58883 17.0558
-2.28426 16.9036
-2.13198 16.9036
-1.9797 16.7513
-1.82741 16.7513
-1.52284 16.599
-1.37056 16.599
-1.21827 16.4467
-1.06599 16.2944
-0.913706 16.2944
-0.609137 16.1421
-0.456853 16.1421
-0.304569 15.9898
-0.152284 15.8376
0 15.8376
0.304569 15.6853
0.456853 15.533
0.609137 15.533
0.761421 15.3807
0.913706 15.2284
1.06599 15.2284
1.21827 15.0761
1.52284 14.9239
1.67513 14.9239
1.82741 14.7716
1.9797 14.6193
2.13198 14.467
2.28426 14.3147
2.43655 14.1624
2.58883 14.1624
2.74112 14.0102
2.8934 13.8579
3.04569 13.7056
3.04569 13.5533
3.19797 13.401
3.35025 13.2487
3.50254 13.0964
3.65482 12.9442
3.80711 12.7919
3.80711 12.6396
3.95939 12.335
4.11168 12.1827
4.11168 12.0305
4.26396 11.8782
4.26396 11.7259
4.41624 11.5736
4.56853 11.269
4.56853 11.1168
4.56853 10.9645
4.72081 10.8122
4.72081 10.6599
4.8731 10.3553
4.8731 10.203
4.8731 10.0508
5.02538 9.89848
5.02538 9.74619
5.02538 9.44162
5.17766 9.28934
5.17766 9.13706
5.17766 8.98477
5.17766 8.6802
5.32995 8.52792
5.32995 8.37563
5.32995 8.22335
5.32995 8.07107
5.32995 7.7665
5.32995 7.61421
5.32995 7.46193
5.32995 7.30964
5.48223 7.15736
5.48223 6.85279
5.48223 6.70051
5.48223 6.54822
5.48223 6.39594
5.48223 6.24365
5.48223 5.93909
5.48223 5.7868
5.48223 5.63452
5.48223 5.48223
