5.32995 5.48223
5.32995 5.32995
5.48223 5.02538
5.48223 4.8731
5.63452 4.72081
5.63452 4.56853
5.63452 4.26396
5.7868 4.11168
5.7868 3.95939
5.7868 3.65482
5.93909 3.50254
5.93909 3.35025
5.93909 3.04569
5.93909 2.8934
6.09137 2.74112
6.09137 2.43655
6.09137 2.28426
6.09137 1.9797
6.09137 1.82741
6.09137 1.67513
6.09137 1.37056
6.09137 1.21827
6.09137 0.913706
6.09137 0.761421
5.93909 0.456853
5.93909 0.304569
5.93909 0.152284
5.93909 -0.152284
5.7868 -0.304569
5.7868 -0.609137
5.7868 -0.761421
5.63452 -1.06599
5.63452 -1.21827
5.48223 -1.37056
5.48223 -1.67513
5.32995 -1.82741
5.32995 -2.13198
5.17766 -2.28426
5.17766 -2.43655
5.02538 -2.74112
4.8731 -2.8934
4.72081 -3.04569
4.72081 -3.35025
4.56853 -3.50254
4.41624 -3.65482
4.26396 -3.95939
4.11168 -4.11168
3.95939 -4.26396
3.80711 -4.41624
3.65482 -4.56853
3.50254 -4.72081
3.35025 -5.02538
3.19797 -5.17766
3.04569 -5.32995
2.8934 -5.48223
2.58883 -5.63452
2.43655 -5.7868
2.28426 -5.7868
2.13198 -5.93909
1.82741 -6.09137
1.67513 -6.24365
1.52284 -6.39594
1.21827 -6.39594
1.06599 -6.54822
0.913706 -6.70051
0.609137 -6.70051
0.456853 -6.85279
0.152284 -7.00508
0 -7.00508
-0.304569 -7.15736
-0.456853 -7.15736
-0.761421 -7.15736
-0.913706 -7.30964
-1.21827 -7.30964
-1.37056 -7.30964
-1.67513 -7.46193
-1.82741 -7.46193
-2.13198 -7.46193
-2.28426 -7.46193
-2.58883 -7.46193
-2.74112 -7.46193
-3.04569 -7.46193
-3.19797 -7.46193
-3.50254 -7.46193
-3.65482 -7.46193
-3.95939 -7.46193
-4.11168 -7.46193
-4.41624 -7.46193
-4.56853 -7.30964
-4.8731 -7.30964
-5.02538 -7.30964
-5.32995 -7.30964
-5.48223 -7.15736
-5.7868 -7.15736
-5.93909 -7.15736
-6.09137 -7.00508
-6.39594 -7.00508
-6.54822 -6.85279
-6.85279 -6.85279
-7.00508 -6.70051
-7.15736 -6.70051
-7.46193 -6.54822
-7.61421 -6.54822
-7.7665 -6.39594
-8.07107 -6.39594
-8.22335 -6.24365
-8.37563 -6.24365
-8.52792 -6.09137
-8.83249 -5.93909
-8.98477 -5.93909
-9.13706 -5.7868
-9.28934 -5.63452
-9.59391 -5.63452
-9.74619 -5.48223
-9.89848 -5.32995
-10.0508 -5.17766
-10.203 -5.17766
-10.3553 -5.02538
-10.5076 -4.8731
-10.6599 -4.72081
-10.9645 -4.56853
-11.1168 -4.56853
-11.269 -4.41624
-11.4213 -4.26396
-11.5736 -4.11168
-11.7259 -3.95939
-11.8782 -3.80711
-12.0305 -3.80711
-12.1827 -3.65482
-12.335 -3.50254
-12.4873 -3.35025
-12.6396 -3.19797
-12.7919 -3.04569
-12.7919 -2.8934
-12.9442 -2.74112
-13.0964 -2.58883
-13.2487 -2.43655
-13.401 -2.28426
-13.5533 -2.13198
-13.7056 -1.9797
-13.7056 -1.82741
-13.8579 -1.67513
-14.0102 -1.52284
-14.1624 -1.37056
-14.1624 -1.21827
-14.3147 -1.06599
-14.3147 -0.761421
-14.467 -0.609137
-14.6193 -0.456853
-14.6193 -0.304569
-14.7716 -0.152284
-14.7716 0
-14.9239 0.304569
-14.9239 0.456853
-15.0761 0.609137
-15.0761 0.761421
-15.0761 0.913706
-15.2284 1.21827
-15.2284 1.37056
-15.2284 1.52284
-15.3807 1.67513
-15.3807 1.9797
-15.3807 2.13198
-15.3807 2.28426
-15.533 2.43655
-15.533 2.58883
-15.533 2.8934
-15.533 3.04569
-15.533 3.19797
-15.533 3.35025
-15.6853 3.65482
-15.6853 3.80711
-15.6853 3.95939
-15.6853 4.11168
-15.6853 4.41624
-15.6853 4.56853
-15.6853 4.72081
-15.6853 4.8731
-15.6853 5.02538
-15.6853 5.32995
-15.6853 5.48223
-15.6853 5.63452
-15.6853 5.7868
-15.6853 5.93909
-15.6853 6.24365
-15.6853 6.39594
-15.6853 6.54822
-15.8376 6.70051
-15.8376 7.00508
-15.8376 7.15736
-15.8376 7.30964
-15.8376 7.61421
-15.8376 7.7665
-15.8376 7.91878
-15.9898 8.22335
-15.9898 8.37563
-15.9898 8.52792
-15.9898 8.83249
-15.9898 8.98477
-16.1421 9.28934
-16.1421 9.44162
-16.1421 9.74619
-16.1421 9.89848
-16.1421 10.203
-16.1421 10.3553
-16.1421 10.6599
-16.1421 10.8122
-16.1421 11.1168
-16.1421 11.4213
-16.1421 11.5736
-16.1421 11.8782
-16.1421 12.0305
-15.9898 12.335
-15.9898 12.4873
-15.8376 12.7919
-15.8376 12.9442
-15.6853 13.2487
-15.6853 13.401
-15.533 13.7056
-15.3807 13.8579
-15.2284 14.0102
-15.2284 14.1624
-15.0761 14.467
-14.9239 14.6193
-14.7716 14.7716
-14.6193 14.9239
-14.467 15.0761
-14.1624 15.2284
-14.0102 15.3807
-13.8579 15.533
-13.7056 15.6853
-13.5533 15.8376
-13.2487 15.9898
-13.0964 16.1421
-12.9442 16.1421
-12.6396 16.2944
-12.4873 16.4467
-12.335 16.599
-12.0305 16.599
-11.8782 16.7513
-11.5736 16.9036
-11.4213 16.9036
-11.269 17.0558
-10.9645 17.0558
-10.8122 17.2081
-10.5076 17.2081
-10.3553 17.3604
-10.203 17.3604
-9.89848 17.5127
-9.74619 17.5127
-9.44162 17.665
-9.28934 17.665
-8.98477 17.665
-8.83249 17.8173
-8.6802 17.8173
-8.37563 17.8173
-8.22335 17.9695
-7.91878 17.9695
-7.7665 17.9695
-7.46193 17.9695
-7.30964 17.9695
-7.00508 17.9695
-6.85279 17.9695
-6.54822 17.9695
-6.39594 17.9695
-6.09137 17.9695
-5.93909 17.9695
-5.7868 17.9695
-5.48223 17.8173
-5.32995 17.8173
-5.02538 17.8173
-4.8731 17.8173
-4.56853 17.665
-4.41624 17.665
-4.26396 17.5127
-3.95939 17.5127
-3.80711 17.5127
-3.65482 17.3604
-3.35025 17.3604
-3.19797 17.2081
-3.04569 17.2081
-2.74112 17.0558
-2.58883 17.0558
-2.43655 16.9036
-2.28426 16.9036
-1.9797 16.7513
-1.82741 16.599
-1.67513 16.599
-1.52284 16.4467
-1.37056 16.4467
-1.06599 16.2944
-0.913706 16.2944
-0.761421 16.1421
-0.609137 15.9898
-0.456853 15.9898
-0.152284 15.8376
0 15.8376
0.152284 15.6853
0.304569 15.533
0.456853 15.533
0.609137 15.3807
0.761421 15.2284
1.06599 15.2284
1.21827 15.0761
1.37056 14.9239
1.52284 14.7716
1.67513 14.7716
1.82741 14.6193
1.9797 14.467
2.13198 14.3147
2.28426 14.3147
2.43655 14.1624
2.58883 14.0102
2.74112 13.8579
2.8934 13.7056
3.04569 13.5533
3.19797 13.401
3.35025 13.2487
3.50254 13.0964
3.50254 12.9442
3.65482 12.7919
3.80711 12.6396
3.95939 12.4873
3.95939 12.335
4.11168 12.1827
4.26396 12.0305
4.41624 11.8782
4.41624 11.5736
4.56853 11.4213
4.56853 11.269
4.72081 11.1168
4.72081 10.9645
4.8731 10.6599
4.8731 10.5076
5.02538 10.3553
5.02538 10.203
5.02538 9.89848
5.17766 9.74619
5.17766 9.59391
5.17766 9.44162
5.17766 9.13706
5.17766 8.98477
5.32995 8.83249
5.32995 8.6802
5.32995 8.37563
5.32995 8.22335
5.32995 8.07107
5.32995 7.91878
5.32995 7.61421
5.32995 7.46193
5.32995 7.30964
5.32995 7.15736
5.32995 6.85279
5.32995 6.70051
5.32995 6.54822
5.32995 6.39594
5.32995 6.24365
5.32995 5.93909
5.32995 5.7868
5.32995 5.63452
