5.02538 5.17766
5.02538 5.02538
5.02538 4.8731
5.17766 4.56853
5.17766 4.41624
5.17766 4.26396
5.17766 4.11168
5.17766 3.80711
5.17766 3.65482
5.32995 3.50254
5.32995 3.19797
5.32995 3.04569
5.32995 2.8934
5.32995 2.58883
5.32995 2.43655
5.32995 2.28426
5.32995 1.9797
5.32995 1.82741
5.32995 1.67513
5.32995 1.37056
5.32995 1.21827
5.32995 0.913706
5.32995 0.761421
5.32995 0.609137
5.32995 0.304569
5.32995 0.152284
5.17766 -0.152284
5.17766 -0.304569
5.17766 -0.609137
5.17766 -0.761421
5.02538 -0.913706
5.02538 -1.21827
4.8731 -1.37056
4.8731 -1.67513
4.8731 -1.82741
4.72081 -1.9797
4.56853 -2.28426
4.56853 -2.43655
4.41624 -2.74112
4.41624 -2.8934
4.26396 -3.04569
4.11168 -3.35025
3.95939 -3.50254
3.95939 -3.65482
3.80711 -3.80711
3.65482 -4.11168
3.50254 -4.26396
3.35025 -4.41624
3.19797 -4.56853
3.04569 -4.72081
2.8934 -4.8731
2.74112 -5.02538
2.58883 -5.17766
2.28426 -5.32995
2.13198 -5.48223
1.9797 -5.63452
1.82741 -5.7868
1.52284 -5.93909
1.37056 -6.09137
1.21827 -6.09137
0.913706 -6.24365
0.761421 -6.39594
0.609137 -6.39594
0.304569 -6.54822
0.152284 -6.54822
0 -6.70051
-0.304569 -6.70051
-0.456853 -6.85279
-0.761421 -6.85279
-0.913706 -7.00508
-1.21827 -7.00508
-1.37056 -7.00508
-1.67513 -7.15736
-1.82741 -7.15736
-2.13198 -7.15736
-2.28426 -7.15736
-2.43655 -7.15736
-2.74112 -7.30964
-2.8934 -7.30964
-3.19797 -7.30964
-3.35025 -7.30964
-3.65482 -7.30964
-3.80711 -7.30964
-4.11168 -7.30964
-4.26396 -7.30964
-4.56853 -7.30964
-4.72081 -7.30964
-5.02538 -7.15736
-5.17766 -7.15736
-5.32995 -7.15736
-5.63452 -7.15736
-5.7868 -7.15736
-6.09137 -7.00508
-6.24365 -7.00508
-6.39594 -7.00508
-6.70051 -7.00508
-6.85279 -6.85279
-7.00508 -6.85279
-7.30964 -6.70051
-7.46193 -6.70051
-7.61421 -6.70051
-7.91878 -6.54822
-8.07107 -6.54822
-8.22335 -6.39594
-8.52792 -6.39594
-8.6802 -6.24365
-8.83249 -6.24365
-9.13706 -6.09137
-9.28934 -6.09137
-9.44162 -5.93909
-9.59391 -5.93909
-9.74619 -5.7868
-10.0508 -5.63452
-10.203 -5.63452
-10.3553 -5.48223
-10.5076 -5.32995
-10.6599 -5.32995
-10.8122 -5.17766
-11.1168 -5.02538
-11.269 -4.8731
-11.4213 -4.8731
-11.5736 -4.72081
-11.7259 -4.56853
-11.8782 -4.41624
-12.0305 -4.41624
-12.1827 -4.26396
-12.335 -4.11168
-12.4873 -3.95939
-12.6396 -3.80711
-12.7919 -3.65482
-12.9442 -3.50254
-13.0964 -3.35025
-13.2487 -3.19797
-13.401 -3.19797
-13.5533 -3.04569
-13.5533 -2.8934
-13.7056 -2.74112
-13.8579 -2.58883
-14.0102 -2.43655
-14.1624 -2.28426
-14.3147 -2.13198
-14.3147 -1.9797
-14.467 -1.67513
-14.6193 -1.52284
-14.6193 -1.37056
-14.7716 -1.21827
-14.9239 -1.06599
-14.9239 -0.913706
-15.0761 -0.761421
-15.2284 -0.609137
-15.2284 -0.456853
-15.3807 -0.152284
-15.3807 0
-15.533 0.152284
-15.6853 0.304569
-15.6853 0.456853
-15.6853 0.609137
-15.8376 0.913706
-15.8376 1.06599
-15.9898 1.21827
-15.9898 1.37056
-16.1421 1.52284
-16.1421 1.82741
-16.1421 1.9797
-16.2944 2.13198
-16.2944 2.28426
-16.2944 2.43655
-16.4467 2.74112
-16.4467 2.8934
-16.4467 3.04569
-16.4467 3.19797
-16.599 3.50254
-16.599 3.65482
-16.599 3.80711
-16.599 3.95939
-16.599 4.26396
-16.599 4.41624
-16.7513 4.56853
-16.7513 4.72081
-16.7513 5.02538
-16.7513 5.17766
-16.7513 5.32995
-16.7513 5.63452
-16.7513 5.7868
-16.7513 5.93909
-16.7513 6.09137
-16.9036 6.39594
-16.9036 6.54822
-16.9036 6.70051
-16.9036 7.00508
-16.9036 7.15736
-16.9036 7.30964
-16.9036 7.61421
-16.9036 7.7665
-16.9036 8.07107
-16.9036 8.22335
-16.9036 8.37563
-17.0558 8.6802
-17.0558 8.83249
-17.0558 9.13706
-17.0558 9.28934
-17.0558 9.59391
-17.0558 9.74619
-16.9036 10.0508
-16.9036 10.203
-16.9036 10.5076
-16.9036 10.6599
-16.9036 10.9645
-16.9036 11.1168
-16.7513 11.4213
-16.7513 11.5736
-16.7513 11.8782
-16.599 12.0305
-16.599 12.335
-16.4467 12.4873
-16.4467 12.7919
-16.2944 12.9442
-16.1421 13.0964
-16.1421 13.401
-15.9898 13.5533
-15.8376 13.7056
-15.6853 14.0102
-15.533 14.1624
-15.3807 14.3147
-15.2284 14.467
-15.0761 14.6193
-14.9239 14.9239
-14.7716 15.0761
-14.6193 15.2284
-14.467 15.3807
-14.3147 15.533
-14.0102 15.6853
-13.8579 15.6853
-13.7056 15.8376
-13.401 15.9898
-13.2487 16.1421
-13.0964 16.2944
-12.7919 16.2944
-12.6396 16.4467
-12.4873 16.599
-12.1827 16.599
-12.0305 16.7513
-11.8782 16.9036
-11.5736 16.9036
-11.4213 17.0558
-11.1168 17.0558
-10.9645 17.2081
-10.6599 17.2081
-10.5076 17.2081
-10.203 17.3604
-10.0508 17.3604
-9.74619 17.3604
-9.59391 17.5127
-9.44162 17.5127
-9.13706 17.5127
-8.98477 17.5127
-8.6802 17.5127
-8.52792 17.665
-8.22335 17.665
-8.07107 17.665
-7.7665 17.665
-7.61421 17.665
-7.30964 17.665
-7.15736 17.665
-6.85279 17.665
-6.70051 17.665
-6.54822 17.665
-6.24365 17.5127
-6.09137 17.5127
-5.7868 17.5127
-5.63452 17.5127
-5.32995 17.5127
-5.17766 17.3604
-5.02538 17.3604
-4.72081 17.3604
-4.56853 17.3604
-4.26396 17.2081
-4.11168 17.2081
-3.95939 17.2081
-3.65482 17.0558
-3.50254 17.0558
-3.35025 16.9036
-3.04569 16.9036
-2.8934 16.9036
-2.74112 16.7513
-2.58883 16.7513
-2.28426 16.599
-2.13198 16.4467
-1.9797 16.4467
-1.82741 16.2944
-1.52284 16.2944
-1.37056 16.1421
-1.21827 16.1421
-1.06599 15.9898
-0.913706 15.8376
-0.609137 15.8376
-0.456853 15.6853
-0.304569 15.533
-0.152284 15.3807
0 15.3807
0.152284 15.2284
0.304569 15.0761
0.456853 14.9239
0.609137 14.7716
0.761421 14.7716
0.913706 14.6193
1.06599 14.467
1.21827 14.3147
1.37056 14.1624
1.52284 14.0102
1.67513 13.8579
1.82741 13.7056
1.9797 13.5533
2.13198 13.401
2.28426 13.2487
2.43655 13.0964
2.43655 12.9442
2.58883 12.7919
2.74112 12.6396
2.8934 12.4873
2.8934 12.335
3.04569 12.1827
3.19797 12.0305
3.19797 11.8782
3.35025 11.7259
3.50254 11.5736
3.50254 11.4213
3.65482 11.1168
3.65482 10.9645
3.80711 10.8122
3.95939 10.6599
3.95939 10.5076
4.11168 10.3553
4.11168 10.203
4.11168 9.89848
4.26396 9.74619
4.26396 9.59391
4.41624 9.44162
4.41624 9.28934
4.41624 8.98477
4.56853 8.83249
4.56853 8.6802
4.56853 8.52792
4.72081 8.37563
4.72081 8.07107
4.72081 7.91878
4.72081 7.7665
4.8731 7.61421
4.8731 7.46193
4.8731 7.15736
4.8731 7.00508
4.8731 6.85279
4.8731 6.70051
5.02538 6.54822
5.02538 6.24365
5.02538 6.09137
5.02538 5.93909
5.02538 5.7868
5.02538 5.48223
5.02538 5.32995
