5.48223 5.17766
5.48223 5.02538
5.48223 4.72081
5.48223 4.56853
5.48223 4.41624
5.48223 4.26396
5.48223 3.95939
5.48223 3.80711
5.48223 3.65482
5.63452 3.50254
5.63452 3.19797
5.63452 3.04569
5.63452 2.8934
5.63452 2.58883
5.63452 2.43655
5.7868 2.13198
5.7868 1.9797
5.7868 1.82741
5.7868 1.52284
5.7868 1.37056
5.7868 1.06599
5.7868 0.913706
5.7868 0.609137
5.7868 0.456853
5.7868 0.152284
5.63452 0
5.63452 -0.304569
5.63452 -0.456853
5.63452 -0.609137
5.48223 -0.913706
5.48223 -1.06599
5.48223 -1.37056
5.32995 -1.52284
5.32995 -1.82741
5.17766 -1.9797
5.02538 -2.13198
5.02538 -2.43655
4.8731 -2.58883
4.72081 -2.74112
4.72081 -3.04569
4.56853 -3.19797
4.41624 -3.35025
4.26396 -3.65482
4.11168 -3.80711
3.95939 -3.95939
3.80711 -4.11168
3.65482 -4.26396
3.50254 -4.41624
3.35025 -4.72081
3.19797 -4.8731
3.04569 -5.02538
2.8934 -5.17766
2.74112 -5.32995
2.58883 -5.48223
2.43655 -5.63452
2.13198 -5.63452
1.9797 -5.7868
1.82741 -5.93909
1.67513 -6.09137
1.37056 -6.24365
1.21827 -6.39594
1.06599 -6.39594
0.761421 -6.54822
0.609137 -6.70051
0.456853 -6.70051
0.152284 -6.85279
0 -6.85279
-0.304569 -7.00508
-0.456853 -7.00508
-0.761421 -7.15736
-0.913706 -7.15736
-1.21827 -7.15736
-1.37056 -7.30964
-1.67513 -7.30964
-1.82741 -7.30964
-2.13198 -7.30964
-2.28426 -7.46193
-2.58883 -7.46193
-2.74112 -7.46193
-3.04569 -7.46193
-3.19797 -7.46193
-3.50254 -7.46193
-3.65482 -7.46193
-3.80711 -7.46193
-4.11168 -7.46193
-4.26396 -7.30964
-4.56853 -7.30964
-4.72081 -7.30964
-5.02538 -7.30964
-5.17766 -7.30964
-5.48223 -7.15736
-5.63452 -7.15736
-5.7868 -7.15736
-6.09137 -7.00508
-6.24365 -7.00508
-6.54822 -7.00508
-6.70051 -6.85279
-6.85279 -6.85279
-7.15736 -6.85279
-7.30964 -6.70051
-7.46193 -6.70051
-7.7665 -6.54822
-7.91878 -6.54822
-8.07107 -6.39594
-8.37563 -6.39594
-8.52792 -6.24365
-8.6802 -6.24365
-8.83249 -6.09137
-9.13706 -6.09137
-9.28934 -5.93909
-9.44162 -5.7868
-9.59391 -5.7868
-9.74619 -5.63452
-10.0508 -5.63452
-10.203 -5.48223
-10.3553 -5.32995
-10.5076 -5.32995
-10.6599 -5.17766
-10.8122 -5.02538
-10.9645 -4.8731
-11.1168 -4.8731
-11.4213 -4.72081
-11.5736 -4.56853
-11.7259 -4.41624
-11.8782 -4.26396
-12.0305 -4.11168
-12.1827 -4.11168
-12.335 -3.95939
-12.4873 -3.80711
-12.6396 -3.65482
-12.6396 -3.50254
-12.7919 -3.35025
-12.9442 -3.19797
-13.0964 -3.04569
-13.2487 -2.8934
-13.401 -2.74112
-13.5533 -2.58883
-13.5533 -2.43655
-13.7056 -2.28426
-13.8579 -2.13198
-14.0102 -1.9797
-14.0102 -1.82741
-14.1624 -1.67513
-14.3147 -1.52284
-14.3147 -1.37056
-14.467 -1.21827
-14.6193 -1.06599
-14.6193 -0.913706
-14.7716 -0.609137
-14.9239 -0.456853
-14.9239 -0.304569
-15.0761 -0.152284
-15.0761 0
-15.2284 0.152284
-15.2284 0.304569
-15.3807 0.609137
-15.3807 0.761421
-15.533 0.913706
-15.533 1.06599
-15.6853 1.21827
-15.6853 1.37056
-15.6853 1.67513
-15.8376 1.82741
-15.8376 1.9797
-15.8376 2.13198
-15.9898 2.28426
-15.9898 2.58883
-15.9898 2.74112
-16.1421 2.8934
-16.1421 3.04569
-16.1421 3.35025
-16.1421 3.50254
-16.2944 3.65482
-16.2944 3.80711
-16.2944 3.95939
-16.2944 4.26396
-16.2944 4.41624
-16.4467 4.56853
-16.4467 4.72081
-16.4467 5.02538
-16.4467 5.17766
-16.4467 5.32995
-16.4467 5.63452
-16.4467 5.7868
-16.599 5.93909
-16.599 6.09137
-16.599 6.39594
-16.599 6.54822
-16.599 6.70051
-16.599 7.00508
-16.599 7.15736
-16.599 7.30964
-16.599 7.61421
-16.599 7.7665
-16.7513 7.91878
-16.7513 8.22335
-16.7513 8.37563
-16.7513 8.6802
-16.7513 8.83249
-16.7513 8.98477
-16.7513 9.28934
-16.7513 9.44162
-16.7513 9.74619
-16.7513 9.89848
-16.599 10.203
-16.599 10.3553
-16.599 10.6599
-16.599 10.8122
-16.599 11.1168
-16.4467 11.269
-16.4467 11.5736
-16.4467 11.7259
-16.2944 12.0305
-16.2944 12.1827
-16.1421 12.4873
-16.1421 12.6396
-15.9898 12.7919
-15.8376 13.0964
-15.8376 13.2487
-15.6853 13.401
-15.533 13.7056
-15.3807 13.8579
-15.2284 14.0102
-15.2284 14.3147
-15.0761 14.467
-14.9239 14.6193
-14.7716 14.7716
-14.467 14.9239
-14.3147 15.0761
-14.1624 15.2284
-14.0102 15.3807
-13.8579 15.533
-13.7056 15.6853
-13.401 15.8376
-13.2487 15.9898
-13.0964 16.1421
-12.9442 16.2944
-12.6396 16.2944
-12.4873 16.4467
-12.335 16.599
-12.0305 16.599
-11.8782 16.7513
-11.5736 16.9036
-11.4213 16.9036
-11.1168 17.0558
-10.9645 17.0558
-10.8122 17.0558
-10.5076 17.2081
-10.3553 17.2081
-10.0508 17.3604
-9.89848 17.3604
-9.59391 17.3604
-9.44162 17.3604
-9.13706 17.5127
-8.98477 17.5127
-8.6802 17.5127
-8.52792 17.5127
-8.22335 17.5127
-8.07107 17.5127
-7.7665 17.665
-7.61421 17.665
-7.46193 17.665
-7.15736 17.665
-7.00508 17.665
-6.70051 17.665
-6.54822 17.665
-6.24365 17.665
-6.09137 17.665
-5.7868 17.665
-5.63452 17.665
-5.48223 17.665
-5.17766 17.665
-5.02538 17.665
-4.72081 17.5127
-4.56853 17.5127
-4.41624 17.5127
-4.11168 17.5127
-3.95939 17.5127
-3.65482 17.3604
-3.50254 17.3604
-3.35025 17.3604
-3.04569 17.3604
-2.8934 17.2081
-2.58883 17.2081
-2.43655 17.2081
-2.28426 17.0558
-1.9797 17.0558
-1.82741 16.9036
-1.67513 16.9036
-1.37056 16.7513
-1.21827 16.599
-1.06599 16.599
-0.913706 16.4467
-0.609137 16.2944
-0.456853 16.2944
-0.304569 16.1421
-0.152284 15.9898
0 15.8376
0.152284 15.6853
0.304569 15.6853
0.456853 15.533
0.761421 15.3807
0.913706 15.2284
1.06599 15.0761
1.21827 14.9239
1.37056 14.7716
1.37056 14.6193
1.52284 14.467
1.67513 14.3147
1.82741 14.1624
1.9797 14.0102
2.13198 13.8579
2.28426 13.7056
2.43655 13.5533
2.58883 13.401
2.58883 13.2487
2.74112 13.0964
2.8934 12.9442
3.04569 12.7919
3.04569 12.6396
3.19797 12.4873
3.35025 12.335
3.50254 12.0305
3.50254 11.8782
3.65482 11.7259
3.80711 11.5736
3.80711 11.4213
3.95939 11.269
3.95939 11.1168
4.11168 10.9645
4.26396 10.6599
4.26396 10.5076
4.41624 10.3553
4.41624 10.203
4.56853 10.0508
4.56853 9.89848
4.56853 9.59391
4.72081 9.44162
4.72081 9.28934
4.72081 9.13706
4.8731 8.83249
4.8731 8.6802
4.8731 8.52792
5.02538 8.37563
5.02538 8.22335
5.02538 7.91878
5.02538 7.7665
5.02538 7.61421
5.17766 7.46193
5.17766 7.15736
5.17766 7.00508
5.17766 6.85279
5.17766 6.70051
5.32995 6.54822
5.32995 6.24365
5.32995 6.09137
5.32995 5.93909
5.48223 5.7868
5.48223 5.48223
5.48223 5.32995
