5.48223 5.17766
5.48223 5.02538
5.48223 4.72081
5.48223 4.56853
5.48223 4.41624
5.48223 4.26396
5.48223 3.95939
5.63452 3.80711
5.63452 3.65482
5.63452 3.50254
5.63452 3.19797
5.63452 3.04569
5.63452 2.8934
5.7868 2.58883
5.7868 2.43655
5.7868 2.13198
5.7868 1.9797
5.7868 1.82741
5.7868 1.52284
5.7868 1.37056
5.7868 1.06599
5.7868 0.913706
5.7868 0.609137
5.7868 0.456853
5.7868 0.152284
5.7868 0
5.7868 -0.304569
5.63452 -0.456853
5.63452 -0.609137
5.63452 -0.913706
5.48223 -1.06599
5.48223 -1.37056
5.48223 -1.52284
5.32995 -1.82741
5.17766 -1.9797
5.17766 -2.13198
5.02538 -2.43655
5.02538 -2.58883
4.8731 -2.74112
4.72081 -3.04569
4.56853 -3.19797
4.56853 -3.35025
4.41624 -3.50254
4.26396 -3.80711
4.11168 -3.95939
3.95939 -4.11168
3.80711 -4.26396
3.65482 -4.41624
3.50254 -4.56853
3.35025 -4.8731
3.19797 -5.02538
3.04569 -5.17766
2.74112 -5.32995
2.58883 -5.48223
2.43655 -5.48223
2.28426 -5.63452
2.13198 -5.7868
1.82741 -5.93909
1.67513 -6.09137
1.52284 -6.24365
1.21827 -6.24365
1.06599 -6.39594
0.913706 -6.54822
0.609137 -6.54822
0.456853 -6.70051
0.304569 -6.85279
0 -6.85279
-0.152284 -7.00508
-0.456853 -7.00508
-0.609137 -7.00508
-0.913706 -7.15736
-1.06599 -7.15736
-1.37056 -7.15736
-1.52284 -7.30964
-1.82741 -7.30964
-1.9797 -7.30964
-2.28426 -7.30964
-2.43655 -7.30964
-2.74112 -7.30964
-2.8934 -7.46193
-3.04569 -7.46193
-3.35025 -7.46193
-3.50254 -7.30964
-3.80711 -7.30964
-3.95939 -7.30964
-4.26396 -7.30964
-4.41624 -7.30964
-4.72081 -7.30964
-4.8731 -7.30964
-5.17766 -7.15736
-5.32995 -7.15736
-5.48223 -7.15736
-5.7868 -7.15736
-5.93909 -7.00508
-6.24365 -7.00508
-6.39594 -7.00508
-6.54822 -6.85279
-6.85279 -6.85279
-7.00508 -6.70051
-7.15736 -6.70051
-7.46193 -6.70051
-7.61421 -6.54822
-7.7665 -6.54822
-8.07107 -6.39594
-8.22335 -6.39594
-8.37563 -6.24365
-8.52792 -6.24365
-8.83249 -6.09137
-8.98477 -5.93909
-9.13706 -5.93909
-9.28934 -5.7868
-9.59391 -5.7868
-9.74619 -5.63452
-9.89848 -5.48223
-10.0508 -5.48223
-10.203 -5.32995
-10.3553 -5.17766
-10.5076 -5.17766
-10.8122 -5.02538
-10.9645 -4.8731
-11.1168 -4.72081
-11.269 -4.72081
-11.4213 -4.56853
-11.5736 -4.41624
-11.7259 -4.26396
-11.8782 -4.11168
-12.0305 -3.95939
-12.1827 -3.80711
-12.335 -3.80711
-12.4873 -3.65482
-12.4873 -3.50254
-12.6396 -3.35025
-12.7919 -3.19797
-12.9442 -3.04569
-13.0964 -2.8934
-13.2487 -2.74112
-13.401 -2.58883
-13.401 -2.43655
-13.5533 -2.28426
-13.7056 -2.13198
-13.8579 -1.9797
-13.8579 -1.82741
-14.0102 -1.67513
-14.1624 -1.52284
-14.1624 -1.37056
-14.3147 -1.06599
-14.467 -0.913706
-14.467 -0.761421
-14.6193 -0.609137
-14.7716 -0.456853
-14.7716 -0.304569
-14.9239 -0.152284
-14.9239 0
-15.0761 0.152284
-15.0761 0.456853
-15.2284 0.609137
-15.2284 0.761421
-15.3807 0.913706
-15.3807 1.06599
-15.533 1.21827
-15.533 1.37056
-15.6853 1.67513
-15.6853 1.82741
-15.6853 1.9797
-15.8376 2.13198
-15.8376 2.28426
-15.8376 2.58883
-15.9898 2.74112
-15.9898 2.8934
-15.9898 3.04569
-15.9898 3.19797
-16.1421 3.50254
-16.1421 3.65482
-16.1421 3.80711
-16.1421 3.95939
-16.1421 4.26396
-16.1421 4.41624
-16.2944 4.56853
-16.2944 4.72081
-16.2944 5.02538
-16.2944 5.17766
-16.2944 5.32995
-16.2944 5.48223
-16.2944 5.7868
-16.2944 5.93909
-16.2944 6.09137
-16.4467 6.39594
-16.4467 6.54822
-16.4467 6.70051
-16.4467 6.85279
-16.4467 7.15736
-16.4467 7.30964
-16.4467 7.46193
-16.4467 7.7665
-16.4467 7.91878
-16.4467 8.22335
-16.4467 8.37563
-16.4467 8.52792
-16.4467 8.83249
-16.4467 8.98477
-16.4467 9.28934
-16.4467 9.44162
-16.4467 9.74619
-16.4467 9.89848
-16.4467 10.203
-16.4467 10.3553
-16.4467 10.5076
-16.4467 10.8122
-16.4467 10.9645
-16.2944 11.269
-16.2944 11.4213
-16.2944 11.7259
-16.1421 11.8782
-16.1421 12.1827
-15.9898 12.335
-15.9898 12.6396
-15.8376 12.7919
-15.8376 13.0964
-15.6853 13.2487
-15.533 13.401
-15.3807 13.7056
-15.3807 13.8579
-15.2284 14.0102
-15.0761 14.1624
-14.9239 14.467
-14.7716 14.6193
-14.6193 14.7716
-14.467 14.9239
-14.3147 15.0761
-14.1624 15.2284
-13.8579 15.3807
-13.7056 15.533
-13.5533 15.6853
-13.401 15.8376
-13.0964 15.9898
-12.9442 16.1421
-12.7919 16.1421
-12.6396 16.2944
-12.335 16.4467
-12.1827 16.599
-12.0305 16.599
-11.7259 16.7513
-11.5736 16.9036
-11.269 16.9036
-11.1168 17.0558
-10.9645 17.0558
-10.6599 17.2081
-10.5076 17.2081
-10.203 17.3604
-10.0508 17.3604
-9.74619 17.3604
-9.59391 17.5127
-9.28934 17.5127
-9.13706 17.5127
-8.83249 17.5127
-8.6802 17.665
-8.37563 17.665
-8.22335 17.665
-8.07107 17.665
-7.7665 17.665
-7.61421 17.665
-7.30964 17.665
-7.15736 17.8173
-6.85279 17.8173
-6.70051 17.8173
-6.39594 17.8173
-6.24365 17.665
-5.93909 17.665
-5.7868 17.665
-5.48223 17.665
-5.32995 17.665
-5.17766 17.665
-4.8731 17.665
-4.72081 17.665
-4.41624 17.5127
-4.26396 17.5127
-4.11168 17.5127
-3.80711 17.3604
-3.65482 17.3604
-3.35025 17.3604
-3.19797 17.2081
-3.04569 17.2081
-2.74112 17.2081
-2.58883 17.0558
-2.43655 17.0558
-2.13198 16.9036
-1.9797 16.9036
-1.82741 16.7513
-1.52284 16.7513
-1.37056 16.599
-1.21827 16.4467
-1.06599 16.4467
-0.913706 16.2944
-0.609137 16.1421
-0.456853 16.1421
-0.304569 15.9898
-0.152284 15.8376
0 15.6853
0.152284 15.533
0.456853 15.533
0.609137 15.3807
0.761421 15.2284
0.913706 15.0761
1.06599 14.9239
1.21827 14.7716
1.37056 14.6193
1.52284 14.467
1.67513 14.467
1.82741 14.3147
1.9797 14.1624
1.9797 14.0102
2.13198 13.8579
2.28426 13.7056
2.43655 13.5533
2.58883 13.401
2.74112 13.2487
2.8934 13.0964
2.8934 12.9442
3.04569 12.7919
3.19797 12.4873
3.35025 12.335
3.35025 12.1827
3.50254 12.0305
3.65482 11.8782
3.65482 11.7259
3.80711 11.5736
3.95939 11.4213
3.95939 11.269
4.11168 11.1168
4.11168 10.8122
4.26396 10.6599
4.26396 10.5076
4.41624 10.3553
4.41624 10.203
4.56853 9.89848
4.56853 9.74619
4.72081 9.59391
4.72081 9.44162
4.72081 9.28934
4.8731 8.98477
4.8731 8.83249
4.8731 8.6802
4.8731 8.52792
5.02538 8.37563
5.02538 8.07107
5.02538 7.91878
5.02538 7.7665
5.02538 7.61421
5.17766 7.30964
5.17766 7.15736
5.17766 7.00508
5.17766 6.85279
5.17766 6.70051
5.32995 6.39594
5.32995 6.24365
5.32995 6.09137
5.32995 5.93909
5.48223 5.7868
5.48223 5.48223
5.48223 5.32995
