5.48223 5.17766
5.48223 5.02538
5.48223 4.8731
5.48223 4.56853
5.48223 4.41624
5.48223 4.26396
5.48223 3.95939
5.48223 3.80711
5.48223 3.65482
5.63452 3.50254
5.63452 3.19797
5.63452 3.04569
5.63452 2.8934
5.63452 2.58883
5.63452 2.43655
5.63452 2.13198
5.7868 1.9797
5.7868 1.82741
5.7868 1.52284
5.7868 1.37056
5.7868 1.06599
5.7868 0.913706
5.7868 0.609137
5.63452 0.456853
5.63452 0.152284
5.63452 0
5.63452 -0.304569
5.63452 -0.456853
5.48223 -0.761421
5.48223 -0.913706
5.48223 -1.06599
5.32995 -1.37056
5.32995 -1.52284
5.17766 -1.82741
5.02538 -1.9797
5.02538 -2.13198
4.8731 -2.43655
4.8731 -2.58883
4.72081 -2.74112
4.56853 -3.04569
4.41624 -3.19797
4.41624 -3.35025
4.26396 -3.65482
4.11168 -3.80711
3.95939 -3.95939
3.80711 -4.11168
3.65482 -4.26396
3.50254 -4.41624
3.35025 -4.72081
3.19797 -4.8731
3.04569 -5.02538
2.8934 -5.17766
2.58883 -5.32995
2.43655 -5.48223
2.28426 -5.63452
2.13198 -5.7868
1.82741 -5.7868
1.67513 -5.93909
1.52284 -6.09137
1.37056 -6.24365
1.06599 -6.39594
0.913706 -6.39594
0.761421 -6.54822
0.456853 -6.70051
0.304569 -6.70051
0 -6.85279
-0.152284 -6.85279
-0.456853 -7.00508
-0.609137 -7.00508
-0.761421 -7.15736
-1.06599 -7.15736
-1.21827 -7.15736
-1.52284 -7.30964
-1.67513 -7.30964
-1.9797 -7.30964
-2.13198 -7.30964
-2.43655 -7.30964
-2.58883 -7.30964
-2.8934 -7.30964
-3.04569 -7.46193
-3.35025 -7.46193
-3.50254 -7.30964
-3.80711 -7.30964
-3.95939 -7.30964
-4.26396 -7.30964
-4.41624 -7.30964
-4.72081 -7.30964
-4.8731 -7.30964
-5.17766 -7.15736
-5.32995 -7.15736
-5.48223 -7.15736
-5.7868 -7.00508
-5.93909 -7.00508
-6.24365 -7.00508
-6.39594 -6.85279
-6.54822 -6.85279
-6.85279 -6.85279
-7.00508 -6.70051
-7.15736 -6.70051
-7.46193 -6.54822
-7.61421 -6.54822
-7.7665 -6.39594
-8.07107 -6.39594
-8.22335 -6.24365
-8.37563 -6.24365
-8.52792 -6.09137
-8.83249 -6.09137
-8.98477 -5.93909
-9.13706 -5.7868
-9.28934 -5.7868
-9.44162 -5.63452
-9.74619 -5.63452
-9.89848 -5.48223
-10.0508 -5.32995
-10.203 -5.32995
-10.3553 -5.17766
-10.5076 -5.02538
-10.6599 -4.8731
-10.8122 -4.8731
-10.9645 -4.72081
-11.269 -4.56853
-11.4213 -4.41624
-11.5736 -4.41624
-11.7259 -4.26396
-11.8782 -4.11168
-12.0305 -3.95939
-12.1827 -3.80711
-12.335 -3.65482
-12.4873 -3.65482
-12.6396 -3.50254
-12.6396 -3.35025
-12.7919 -3.19797
-12.9442 -3.04569
-13.0964 -2.8934
-13.2487 -2.74112
-13.401 -2.58883
-13.5533 -2.43655
-13.5533 -2.28426
-13.7056 -2.13198
-13.8579 -1.9797
-14.0102 -1.82741
-14.1624 -1.67513
-14.1624 -1.52284
-14.3147 -1.37056
-14.467 -1.21827
-14.467 -1.06599
-14.6193 -0.913706
-14.7716 -0.761421
-14.7716 -0.609137
-14.9239 -0.456853
-14.9239 -0.304569
-15.0761 -0.152284
-15.0761 0.152284
-15.2284 0.304569
-15.2284 0.456853
-15.3807 0.609137
-15.3807 0.761421
-15.533 0.913706
-15.533 1.21827
-15.6853 1.37056
-15.6853 1.52284
-15.6853 1.67513
-15.8376 1.82741
-15.8376 1.9797
-15.8376 2.28426
-15.9898 2.43655
-15.9898 2.58883
-15.9898 2.74112
-16.1421 2.8934
-16.1421 3.19797
-16.1421 3.35025
-16.1421 3.50254
-16.1421 3.65482
-16.2944 3.95939
-16.2944 4.11168
-16.2944 4.26396
-16.2944 4.41624
-16.2944 4.56853
-16.2944 4.8731
-16.2944 5.02538
-16.4467 5.17766
-16.4467 5.32995
-16.4467 5.63452
-16.4467 5.7868
-16.4467 5.93909
-16.4467 6.09137
-16.4467 6.39594
-16.4467 6.54822
-16.4467 6.70051
-16.4467 7.00508
-16.4467 7.15736
-16.599 7.30964
-16.599 7.46193
-16.599 7.7665
-16.599 7.91878
-16.599 8.22335
-16.599 8.37563
-16.599 8.52792
-16.599 8.83249
-16.599 8.98477
-16.599 9.28934
-16.599 9.44162
-16.599 9.59391
-16.599 9.89848
-16.599 10.0508
-16.599 10.3553
-16.4467 10.5076
-16.4467 10.8122
-16.4467 10.9645
-16.4467 11.269
-16.2944 11.4213
-16.2944 11.7259
-16.2944 11.8782
-16.1421 12.1827
-16.1421 12.335
-15.9898 12.4873
-15.9898 12.7919
-15.8376 12.9442
-15.8376 13.2487
-15.6853 13.401
-15.533 13.5533
-15.3807 13.8579
-15.3807 14.0102
-15.2284 14.1624
-15.0761 14.3147
-14.9239 14.6193
-14.7716 14.7716
-14.6193 14.9239
-14.467 15.0761
-14.3147 15.2284
-14.1624 15.3807
-14.0102 15.533
-13.7056 15.6853
-13.5533 15.8376
-13.401 15.9898
-13.2487 16.1421
-12.9442 16.2944
-12.7919 16.4467
-12.6396 16.4467
-12.335 16.599
-12.1827 16.7513
-12.0305 16.7513
-11.7259 16.9036
-11.5736 16.9036
-11.269 17.0558
-11.1168 17.0558
-10.8122 17.2081
-10.6599 17.2081
-10.3553 17.2081
-10.203 17.3604
-9.89848 17.3604
-9.74619 17.3604
-9.44162 17.3604
-9.28934 17.5127
-9.13706 17.5127
-8.83249 17.5127
-8.6802 17.5127
-8.37563 17.5127
-8.22335 17.5127
-7.91878 17.5127
-7.7665 17.5127
-7.46193 17.5127
-7.30964 17.5127
-7.00508 17.665
-6.85279 17.665
-6.70051 17.665
-6.39594 17.665
-6.24365 17.665
-5.93909 17.665
-5.7868 17.665
-5.48223 17.665
-5.32995 17.665
-5.17766 17.665
-4.8731 17.665
-4.72081 17.665
-4.41624 17.665
-4.26396 17.665
-3.95939 17.665
-3.80711 17.665
-3.65482 17.5127
-3.35025 17.5127
-3.19797 17.5127
-2.8934 17.5127
-2.74112 17.3604
-2.43655 17.3604
-2.28426 17.3604
-2.13198 17.2081
-1.82741 17.2081
-1.67513 17.0558
-1.52284 17.0558
-1.21827 16.9036
-1.06599 16.7513
-0.913706 16.7513
-0.761421 16.599
-0.609137 16.4467
-0.304569 16.2944
-0.152284 16.1421
0 15.9898
0.152284 15.8376
0.304569 15.6853
0.456853 15.533
0.609137 15.3807
0.761421 15.2284
0.913706 15.0761
1.06599 14.9239
1.21827 14.7716
1.37056 14.6193
1.52284 14.467
1.67513 14.3147
1.67513 14.1624
1.82741 14.0102
1.9797 13.8579
2.13198 13.7056
2.28426 13.5533
2.43655 13.401
2.43655 13.2487
2.58883 13.0964
2.74112 12.9442
2.8934 12.7919
3.04569 12.6396
3.04569 12.4873
3.19797 12.335
3.35025 12.1827
3.50254 12.0305
3.50254 11.8782
3.65482 11.7259
3.80711 11.4213
3.80711 11.269
3.95939 11.1168
4.11168 10.9645
4.11168 10.8122
4.26396 10.6599
4.26396 10.5076
4.41624 10.203
4.41624 10.0508
4.56853 9.89848
4.56853 9.74619
4.72081 9.59391
4.72081 9.28934
4.72081 9.13706
4.72081 8.98477
4.8731 8.83249
4.8731 8.52792
4.8731 8.37563
4.8731 8.22335
4.8731 8.07107
5.02538 7.7665
5.02538 7.61421
5.02538 7.46193
5.02538 7.30964
5.02538 7.00508
5.02538 6.85279
5.17766 6.70051
5.17766 6.54822
5.17766 6.39594
5.17766 6.09137
5.32995 5.93909
5.32995 5.7868
5.48223 5.63452
5.48223 5.32995
