5.02538 5.48223
5.02538 5.17766
5.17766 5.02538
5.17766 4.8731
5.17766 4.72081
5.17766 4.41624
5.32995 4.26396
5.32995 4.11168
5.32995 3.80711
5.32995 3.65482
5.48223 3.50254
5.48223 3.19797
5.48223 3.04569
5.48223 2.8934
5.48223 2.58883
5.48223 2.43655
5.48223 2.28426
5.48223 1.9797
5.63452 1.82741
5.63452 1.52284
5.63452 1.37056
5.48223 1.06599
5.48223 0.913706
5.48223 0.609137
5.48223 0.456853
5.48223 0.304569
5.48223 0
5.32995 -0.152284
5.32995 -0.456853
5.32995 -0.609137
5.17766 -0.913706
5.17766 -1.06599
5.02538 -1.21827
5.02538 -1.52284
4.8731 -1.67513
4.8731 -1.9797
4.72081 -2.13198
4.56853 -2.28426
4.56853 -2.58883
4.41624 -2.74112
4.26396 -2.8934
4.11168 -3.04569
3.95939 -3.35025
3.80711 -3.50254
3.80711 -3.65482
3.65482 -3.80711
3.50254 -3.95939
3.35025 -4.26396
3.19797 -4.41624
3.04569 -4.56853
2.8934 -4.72081
2.74112 -4.8731
2.43655 -5.02538
2.28426 -5.17766
2.13198 -5.32995
1.9797 -5.48223
1.82741 -5.63452
1.52284 -5.7868
1.37056 -5.93909
1.21827 -5.93909
1.06599 -6.09137
0.761421 -6.24365
0.609137 -6.39594
0.456853 -6.39594
0.152284 -6.54822
0 -6.70051
-0.304569 -6.70051
-0.456853 -6.85279
-0.761421 -6.85279
-0.913706 -7.00508
-1.21827 -7.00508
-1.37056 -7.00508
-1.52284 -7.15736
-1.82741 -7.15736
-1.9797 -7.15736
-2.28426 -7.15736
-2.58883 -7.15736
-2.74112 -7.30964
-3.04569 -7.30964
-3.19797 -7.30964
-3.50254 -7.30964
-3.65482 -7.15736
-3.95939 -7.15736
-4.11168 -7.15736
-4.41624 -7.15736
-4.56853 -7.15736
-4.72081 -7.15736
-5.02538 -7.00508
-5.17766 -7.00508
-5.48223 -7.00508
-5.63452 -7.00508
-5.93909 -6.85279
-6.09137 -6.85279
-6.24365 -6.85279
-6.54822 -6.70051
-6.70051 -6.70051
-7.00508 -6.54822
-7.15736 -6.54822
-7.30964 -6.54822
-7.61421 -6.39594
-7.7665 -6.39594
-7.91878 -6.24365
-8.07107 -6.24365
-8.37563 -6.09137
-8.52792 -6.09137
-8.6802 -5.93909
-8.98477 -5.93909
-9.13706 -5.7868
-9.28934 -5.7868
-9.44162 -5.63452
-9.59391 -5.63452
-9.89848 -5.48223
-10.0508 -5.32995
-10.203 -5.32995
-10.3553 -5.17766
-10.5076 -5.02538
-10.8122 -5.02538
-10.9645 -4.8731
-11.1168 -4.72081
-11.269 -4.72081
-11.4213 -4.56853
-11.5736 -4.41624
-11.7259 -4.26396
-11.8782 -4.11168
-12.0305 -4.11168
-12.1827 -3.95939
-12.335 -3.80711
-12.4873 -3.65482
-12.6396 -3.50254
-12.7919 -3.35025
-12.9442 -3.19797
-13.0964 -3.04569
-13.2487 -2.8934
-13.401 -2.74112
-13.401 -2.58883
-13.5533 -2.43655
-13.7056 -2.28426
-13.8579 -2.13198
-14.0102 -1.9797
-14.0102 -1.82741
-14.1624 -1.67513
-14.3147 -1.52284
-14.3147 -1.37056
-14.467 -1.21827
-14.6193 -1.06599
-14.6193 -0.913706
-14.7716 -0.761421
-14.9239 -0.609137
-14.9239 -0.456853
-15.0761 -0.152284
-15.0761 0
-15.2284 0.152284
-15.2284 0.304569
-15.3807 0.456853
-15.3807 0.609137
-15.533 0.761421
-15.533 1.06599
-15.6853 1.21827
-15.6853 1.37056
-15.8376 1.52284
-15.8376 1.67513
-15.8376 1.82741
-15.9898 2.13198
-15.9898 2.28426
-15.9898 2.43655
-16.1421 2.58883
-16.1421 2.74112
-16.1421 3.04569
-16.2944 3.19797
-16.2944 3.35025
-16.2944 3.50254
-16.2944 3.80711
-16.2944 3.95939
-16.4467 4.11168
-16.4467 4.26396
-16.4467 4.41624
-16.4467 4.72081
-16.4467 4.8731
-16.4467 5.02538
-16.4467 5.17766
-16.4467 5.48223
-16.4467 5.63452
-16.599 5.7868
-16.599 5.93909
-16.599 6.24365
-16.599 6.39594
-16.599 6.54822
-16.599 6.70051
-16.599 7.00508
-16.599 7.15736
-16.599 7.30964
-16.599 7.61421
-16.599 7.7665
-16.599 7.91878
-16.599 8.22335
-16.599 8.37563
-16.7513 8.52792
-16.7513 8.83249
-16.7513 8.98477
-16.7513 9.28934
-16.7513 9.44162
-16.7513 9.59391
-16.7513 9.89848
-16.7513 10.0508
-16.599 10.3553
-16.599 10.5076
-16.599 10.8122
-16.599 10.9645
-16.599 11.269
-16.599 11.4213
-16.4467 11.7259
-16.4467 11.8782
-16.4467 12.1827
-16.2944 12.335
-16.2944 12.4873
-16.1421 12.7919
-16.1421 12.9442
-15.9898 13.2487
-15.8376 13.401
-15.8376 13.5533
-15.6853 13.8579
-15.533 14.0102
-15.3807 14.1624
-15.2284 14.467
-15.0761 14.6193
-15.0761 14.7716
-14.9239 14.9239
-14.7716 15.0761
-14.467 15.2284
-14.3147 15.3807
-14.1624 15.533
-14.0102 15.6853
-13.8579 15.8376
-13.7056 15.9898
-13.401 16.1421
-13.2487 16.2944
-13.0964 16.4467
-12.9442 16.599
-12.6396 16.599
-12.4873 16.7513
-12.1827 16.9036
-12.0305 16.9036
-11.8782 17.0558
-11.5736 17.0558
-11.4213 17.2081
-11.1168 17.2081
-10.9645 17.3604
-10.6599 17.3604
-10.5076 17.3604
-10.3553 17.5127
-10.0508 17.5127
-9.89848 17.5127
-9.59391 17.5127
-9.44162 17.665
-9.13706 17.665
-8.98477 17.665
-8.6802 17.665
-8.52792 17.665
-8.22335 17.665
-8.07107 17.665
-7.7665 17.665
-7.61421 17.665
-7.46193 17.665
-7.15736 17.665
-7.00508 17.665
-6.70051 17.665
-6.54822 17.665
-6.24365 17.665
-6.09137 17.665
-5.93909 17.665
-5.63452 17.665
-5.48223 17.665
-5.17766 17.665
-5.02538 17.665
-4.8731 17.665
-4.56853 17.665
-4.41624 17.665
-4.11168 17.5127
-3.95939 17.5127
-3.80711 17.5127
-3.50254 17.5127
-3.35025 17.3604
-3.19797 17.3604
-2.8934 17.3604
-2.74112 17.2081
-2.58883 17.2081
-2.28426 17.0558
-2.13198 17.0558
-1.9797 16.9036
-1.67513 16.9036
-1.52284 16.7513
-1.37056 16.7513
-1.21827 16.599
-0.913706 16.4467
-0.761421 16.4467
-0.609137 16.2944
-0.456853 16.1421
-0.304569 15.9898
-0.152284 15.8376
0 15.8376
0.304569 15.6853
0.456853 15.533
0.609137 15.3807
0.761421 15.2284
0.913706 15.0761
1.06599 14.9239
1.06599 14.7716
1.21827 14.6193
1.37056 14.467
1.52284 14.3147
1.67513 14.1624
1.82741 14.0102
1.9797 13.8579
2.13198 13.7056
2.13198 13.5533
2.28426 13.401
2.43655 13.2487
2.58883 13.0964
2.74112 12.9442
2.74112 12.7919
2.8934 12.6396
3.04569 12.4873
3.04569 12.335
3.19797 12.0305
3.35025 11.8782
3.35025 11.7259
3.50254 11.5736
3.50254 11.4213
3.65482 11.269
3.80711 11.1168
3.80711 10.9645
3.95939 10.8122
3.95939 10.5076
4.11168 10.3553
4.11168 10.203
4.26396 10.0508
4.26396 9.89848
4.26396 9.74619
4.41624 9.44162
4.41624 9.28934
4.56853 9.13706
4.56853 8.98477
4.56853 8.83249
4.72081 8.52792
4.72081 8.37563
4.72081 8.22335
4.72081 8.07107
4.8731 7.91878
4.8731 7.61421
4.8731 7.46193
4.8731 7.30964
4.8731 7.15736
5.02538 6.85279
5.02538 6.70051
5.02538 6.54822
5.02538 6.39594
5.02538 6.24365
5.02538 5.93909
5.02538 5.7868
5.02538 5.63452
