4.72081 5.48223
4.72081 5.32995
4.8731 5.17766
4.8731 4.8731
4.8731 4.72081
5.02538 4.56853
5.02538 4.41624
5.02538 4.11168
5.02538 3.95939
5.17766 3.80711
5.17766 3.50254
5.17766 3.35025
5.17766 3.19797
5.17766 2.8934
5.17766 2.74112
5.17766 2.43655
5.17766 2.28426
5.17766 2.13198
5.17766 1.82741
5.17766 1.67513
5.17766 1.37056
5.17766 1.21827
5.17766 1.06599
5.17766 0.761421
5.17766 0.609137
5.02538 0.304569
5.02538 0.152284
5.02538 -0.152284
5.02538 -0.304569
4.8731 -0.609137
4.8731 -0.761421
4.72081 -0.913706
4.72081 -1.21827
4.56853 -1.37056
4.56853 -1.67513
4.41624 -1.82741
4.41624 -1.9797
4.26396 -2.28426
4.11168 -2.43655
4.11168 -2.58883
3.95939 -2.8934
3.80711 -3.04569
3.65482 -3.19797
3.65482 -3.50254
3.50254 -3.65482
3.35025 -3.80711
3.19797 -3.95939
3.04569 -4.11168
2.8934 -4.26396
2.74112 -4.56853
2.58883 -4.72081
2.43655 -4.8731
2.13198 -5.02538
1.9797 -5.17766
1.82741 -5.32995
1.67513 -5.32995
1.52284 -5.48223
1.21827 -5.63452
1.06599 -5.7868
0.913706 -5.93909
0.609137 -5.93909
0.456853 -6.09137
0.304569 -6.24365
0 -6.24365
-0.152284 -6.39594
-0.456853 -6.54822
-0.609137 -6.54822
-0.913706 -6.70051
-1.06599 -6.70051
-1.21827 -6.70051
-1.52284 -6.85279
-1.67513 -6.85279
-1.9797 -6.85279
-2.13198 -7.00508
-2.43655 -7.00508
-2.58883 -7.00508
-2.8934 -7.00508
-3.04569 -7.00508
-3.35025 -7.00508
-3.50254 -7.00508
-3.80711 -7.00508
-3.95939 -7.00508
-4.26396 -7.00508
-4.41624 -7.00508
-4.72081 -7.00508
-4.8731 -7.00508
-5.17766 -7.00508
-5.32995 -7.00508
-5.63452 -6.85279
-5.7868 -6.85279
-5.93909 -6.85279
-6.24365 -6.85279
-6.39594 -6.70051
-6.70051 -6.70051
-6.85279 -6.70051
-7.00508 -6.54822
-7.30964 -6.54822
-7.46193 -6.54822
-7.61421 -6.39594
-7.91878 -6.39594
-8.07107 -6.24365
-8.22335 -6.24365
-8.52792 -6.09137
-8.6802 -6.09137
-8.83249 -5.93909
-8.98477 -5.93909
-9.28934 -5.7868
-9.44162 -5.7868
-9.59391 -5.63452
-9.74619 -5.63452
-10.0508 -5.48223
-10.203 -5.32995
-10.3553 -5.32995
-10.5076 -5.17766
-10.6599 -5.02538
-10.9645 -5.02538
-11.1168 -4.8731
-11.269 -4.72081
-11.4213 -4.72081
-11.5736 -4.56853
-11.7259 -4.41624
-11.8782 -4.26396
-12.0305 -4.26396
-12.1827 -4.11168
-12.335 -3.95939
-12.4873 -3.80711
-12.6396 -3.65482
-12.7919 -3.50254
-12.9442 -3.35025
-13.0964 -3.35025
-13.2487 -3.19797
-13.401 -3.04569
-13.5533 -2.8934
-13.7056 -2.74112
-13.8579 -2.58883
-13.8579 -2.43655
-14.0102 -2.28426
-14.1624 -2.13198
-14.3147 -1.9797
-14.467 -1.82741
-14.467 -1.67513
-14.6193 -1.52284
-14.7716 -1.37056
-14.7716 -1.21827
-14.9239 -0.913706
-15.0761 -0.761421
-15.0761 -0.609137
-15.2284 -0.456853
-15.3807 -0.304569
-15.3807 -0.152284
-15.533 0
-15.533 0.152284
-15.6853 0.304569
-15.6853 0.609137
-15.8376 0.761421
-15.8376 0.913706
-15.9898 1.06599
-15.9898 1.21827
-16.1421 1.37056
-16.1421 1.67513
-16.1421 1.82741
-16.2944 1.9797
-16.2944 2.13198
-16.2944 2.28426
-16.4467 2.58883
-16.4467 2.74112
-16.4467 2.8934
-16.4467 3.04569
-16.599 3.19797
-16.599 3.50254
-16.599 3.65482
-16.599 3.80711
-16.599 3.95939
-16.7513 4.26396
-16.7513 4.41624
-16.7513 4.56853
-16.7513 4.72081
-16.7513 4.8731
-16.7513 5.17766
-16.7513 5.32995
-16.7513 5.48223
-16.9036 5.63452
-16.9036 5.93909
-16.9036 6.09137
-16.9036 6.24365
-16.9036 6.39594
-16.9036 6.70051
-16.9036 6.85279
-16.9036 7.00508
-16.9036 7.30964
-16.9036 7.46193
-16.9036 7.61421
-16.9036 7.7665
-16.9036 8.07107
-16.9036 8.22335
-17.0558 8.52792
-17.0558 8.6802
-17.0558 8.83249
-17.0558 9.13706
-17.0558 9.28934
-17.0558 9.59391
-17.0558 9.74619
-17.0558 9.89848
-17.0558 10.203
-17.0558 10.3553
-17.0558 10.6599
-16.9036 10.8122
-16.9036 11.1168
-16.9036 11.269
-16.9036 11.5736
-16.7513 11.7259
-16.7513 12.0305
-16.7513 12.1827
-16.599 12.4873
-16.599 12.6396
-16.4467 12.7919
-16.4467 13.0964
-16.2944 13.2487
-16.2944 13.5533
-16.1421 13.7056
-15.9898 13.8579
-15.8376 14.1624
-15.6853 14.3147
-15.6853 14.467
-15.533 14.6193
-15.3807 14.7716
-15.2284 15.0761
-15.0761 15.2284
-14.7716 15.3807
-14.6193 15.533
-14.467 15.6853
-14.3147 15.8376
-14.1624 15.9898
-14.0102 15.9898
-13.7056 16.1421
-13.5533 16.2944
-13.401 16.4467
-13.0964 16.599
-12.9442 16.599
-12.7919 16.7513
-12.4873 16.9036
-12.335 16.9036
-12.1827 17.0558
-11.8782 17.0558
-11.7259 17.2081
-11.4213 17.2081
-11.269 17.3604
-10.9645 17.3604
-10.8122 17.3604
-10.6599 17.5127
-10.3553 17.5127
-10.203 17.5127
-9.89848 17.665
-9.74619 17.665
-9.44162 17.665
-9.28934 17.665
-8.98477 17.665
-8.83249 17.665
-8.52792 17.8173
-8.37563 17.8173
-8.22335 17.8173
-7.91878 17.8173
-7.7665 17.8173
-7.46193 17.8173
-7.30964 17.8173
-7.00508 17.8173
-6.85279 17.8173
-6.70051 17.8173
-6.39594 17.8173
-6.24365 17.8173
-5.93909 17.8173
-5.7868 17.8173
-5.63452 17.8173
-5.32995 17.8173
-5.17766 17.8173
-4.8731 17.8173
-4.72081 17.8173
-4.56853 17.665
-4.26396 17.665
-4.11168 17.665
-3.80711 17.665
-3.65482 17.665
-3.50254 17.5127
-3.19797 17.5127
-3.04569 17.5127
-2.74112 17.3604
-2.58883 17.3604
-2.43655 17.2081
-2.28426 17.2081
-1.9797 17.0558
-1.82741 17.0558
-1.67513 16.9036
-1.37056 16.7513
-1.21827 16.7513
-1.06599 16.599
-0.913706 16.4467
-0.761421 16.2944
-0.609137 16.1421
-0.456853 16.1421
-0.152284 15.9898
0 15.8376
0.152284 15.6853
0.304569 15.533
0.456853 15.3807
0.609137 15.2284
0.761421 15.0761
0.913706 14.9239
0.913706 14.7716
1.06599 14.6193
1.21827 14.467
1.37056 14.3147
1.52284 14.1624
1.67513 14.0102
1.82741 13.8579
1.82741 13.7056
1.9797 13.5533
2.13198 13.401
2.28426 13.2487
2.43655 13.0964
2.43655 12.9442
2.58883 12.6396
2.74112 12.4873
2.74112 12.335
2.8934 12.1827
3.04569 12.0305
3.04569 11.8782
3.19797 11.7259
3.35025 11.5736
3.35025 11.4213
3.50254 11.1168
3.50254 10.9645
3.65482 10.8122
3.65482 10.6599
3.80711 10.5076
3.80711 10.3553
3.95939 10.0508
3.95939 9.89848
3.95939 9.74619
4.11168 9.59391
4.11168 9.44162
4.11168 9.13706
4.26396 8.98477
4.26396 8.83249
4.26396 8.6802
4.26396 8.52792
4.41624 8.22335
4.41624 8.07107
4.41624 7.91878
4.41624 7.7665
4.41624 7.61421
4.56853 7.30964
4.56853 7.15736
4.56853 7.00508
4.56853 6.85279
4.56853 6.54822
4.56853 6.39594
4.56853 6.24365
4.72081 6.09137
4.72081 5.93909
4.72081 5.63452
