4.56853 5.63452
4.56853 5.48223
4.72081 5.32995
4.72081 5.02538
4.72081 4.8731
4.8731 4.72081
4.8731 4.41624
4.8731 4.26396
4.8731 4.11168
5.02538 3.80711
5.02538 3.65482
5.02538 3.50254
5.02538 3.19797
5.02538 3.04569
5.17766 2.8934
5.17766 2.58883
5.17766 2.43655
5.17766 2.13198
5.17766 1.9797
5.17766 1.67513
5.17766 1.52284
5.17766 1.37056
5.17766 1.06599
5.02538 0.913706
5.02538 0.609137
5.02538 0.456853
5.02538 0.152284
5.02538 0
4.8731 -0.304569
4.8731 -0.456853
4.72081 -0.609137
4.72081 -0.913706
4.72081 -1.06599
4.56853 -1.37056
4.41624 -1.52284
4.41624 -1.67513
4.26396 -1.9797
4.26396 -2.13198
4.11168 -2.43655
3.95939 -2.58883
3.80711 -2.74112
3.80711 -2.8934
3.65482 -3.19797
3.50254 -3.35025
3.35025 -3.50254
3.19797 -3.65482
3.04569 -3.95939
2.8934 -4.11168
2.74112 -4.26396
2.58883 -4.41624
2.43655 -4.56853
2.28426 -4.72081
2.13198 -4.8731
1.82741 -5.02538
1.67513 -5.17766
1.52284 -5.32995
1.37056 -5.48223
1.06599 -5.63452
0.913706 -5.63452
0.761421 -5.7868
0.456853 -5.93909
0.304569 -5.93909
0.152284 -6.09137
-0.152284 -6.24365
-0.304569 -6.24365
-0.609137 -6.39594
-0.761421 -6.39594
-0.913706 -6.54822
-1.21827 -6.54822
-1.37056 -6.70051
-1.67513 -6.70051
-1.82741 -6.70051
-2.13198 -6.85279
-2.28426 -6.85279
-2.58883 -6.85279
-2.74112 -6.85279
-3.04569 -6.85279
-3.19797 -6.85279
-3.50254 -6.85279
-3.65482 -7.00508
-3.95939 -7.00508
-4.11168 -6.85279
-4.41624 -6.85279
-4.56853 -6.85279
-4.8731 -6.85279
-5.02538 -6.85279
-5.32995 -6.85279
-5.48223 -6.85279
-5.7868 -6.70051
-5.93909 -6.70051
-6.09137 -6.70051
-6.39594 -6.70051
-6.54822 -6.54822
-6.85279 -6.54822
-7.00508 -6.54822
-7.15736 -6.39594
-7.46193 -6.39594
-7.61421 -6.39594
-7.7665 -6.24365
-8.07107 -6.24365
-8.22335 -6.24365
-8.37563 -6.09137
-8.6802 -6.09137
-8.83249 -5.93909
-8.98477 -5.93909
-9.28934 -5.93909
-9.44162 -5.7868
-9.59391 -5.7868
-9.74619 -5.63452
-10.0508 -5.63452
-10.203 -5.48223
-10.3553 -5.32995
-10.5076 -5.32995
-10.8122 -5.17766
-10.9645 -5.17766
-11.1168 -5.02538
-11.269 -4.8731
-11.4213 -4.8731
-11.5736 -4.72081
-11.8782 -4.56853
-12.0305 -4.41624
-12.1827 -4.41624
-12.335 -4.26396
-12.4873 -4.11168
-12.6396 -3.95939
-12.7919 -3.80711
-12.9442 -3.65482
-13.0964 -3.50254
-13.2487 -3.50254
-13.401 -3.35025
-13.5533 -3.19797
-13.7056 -3.04569
-13.8579 -2.8934
-13.8579 -2.74112
-14.0102 -2.58883
-14.1624 -2.43655
-14.3147 -2.28426
-14.467 -2.13198
-14.467 -1.9797
-14.6193 -1.67513
-14.7716 -1.52284
-14.9239 -1.37056
-14.9239 -1.21827
-15.0761 -1.06599
-15.2284 -0.913706
-15.2284 -0.761421
-15.3807 -0.609137
-15.533 -0.456853
-15.533 -0.304569
-15.6853 0
-15.6853 0.152284
-15.8376 0.304569
-15.8376 0.456853
-15.9898 0.609137
-15.9898 0.761421
-16.1421 1.06599
-16.1421 1.21827
-16.2944 1.37056
-16.2944 1.52284
-16.2944 1.67513
-16.4467 1.82741
-16.4467 2.13198
-16.599 2.28426
-16.599 2.43655
-16.599 2.58883
-16.599 2.8934
-16.7513 3.04569
-16.7513 3.19797
-16.7513 3.35025
-16.7513 3.50254
-16.9036 3.80711
-16.9036 3.95939
-16.9036 4.11168
-16.9036 4.26396
-16.9036 4.56853
-16.9036 4.72081
-16.9036 4.8731
-16.9036 5.02538
-17.0558 5.32995
-17.0558 5.48223
-17.0558 5.63452
-17.0558 5.7868
-17.0558 6.09137
-17.0558 6.24365
-17.0558 6.39594
-17.0558 6.54822
-17.0558 6.85279
-17.0558 7.00508
-17.0558 7.15736
-17.0558 7.30964
-17.0558 7.61421
-17.0558 7.7665
-17.0558 7.91878
-17.0558 8.22335
-17.0558 8.37563
-17.0558 8.52792
-17.2081 8.83249
-17.2081 8.98477
-17.2081 9.28934
-17.2081 9.44162
-17.2081 9.59391
-17.2081 9.89848
-17.2081 10.0508
-17.2081 10.3553
-17.2081 10.5076
-17.0558 10.8122
-17.0558 10.9645
-17.0558 11.269
-17.0558 11.4213
-17.0558 11.7259
-16.9036 11.8782
-16.9036 12.1827
-16.9036 12.335
-16.7513 12.4873
-16.7513 12.7919
-16.599 12.9442
-16.599 13.2487
-16.4467 13.401
-16.2944 13.5533
-16.2944 13.8579
-16.1421 14.0102
-15.9898 14.1624
-15.8376 14.3147
-15.6853 14.6193
-15.533 14.7716
-15.3807 14.9239
-15.2284 15.0761
-15.0761 15.2284
-14.9239 15.3807
-14.7716 15.533
-14.6193 15.6853
-14.467 15.8376
-14.1624 15.9898
-14.0102 16.1421
-13.8579 16.2944
-13.7056 16.2944
-13.401 16.4467
-13.2487 16.599
-13.0964 16.7513
-12.7919 16.7513
-12.6396 16.9036
-12.4873 16.9036
-12.1827 17.0558
-12.0305 17.0558
-11.7259 17.2081
-11.5736 17.2081
-11.4213 17.3604
-11.1168 17.3604
-10.9645 17.5127
-10.6599 17.5127
-10.5076 17.5127
-10.203 17.5127
-10.0508 17.665
-9.89848 17.665
-9.59391 17.665
-9.44162 17.665
-9.13706 17.8173
-8.98477 17.8173
-8.6802 17.8173
-8.52792 17.8173
-8.22335 17.8173
-8.07107 17.8173
-7.91878 17.8173
-7.61421 17.8173
-7.46193 17.8173
-7.15736 17.8173
-7.00508 17.8173
-6.85279 17.8173
-6.54822 17.8173
-6.39594 17.8173
-6.09137 17.8173
-5.93909 17.8173
-5.7868 17.8173
-5.48223 17.8173
-5.32995 17.8173
-5.02538 17.8173
-4.8731 17.8173
-4.72081 17.665
-4.41624 17.665
-4.26396 17.665
-4.11168 17.665
-3.80711 17.5127
-3.65482 17.5127
-3.35025 17.5127
-3.19797 17.3604
-3.04569 17.3604
-2.74112 17.2081
-2.58883 17.2081
-2.43655 17.0558
-2.28426 17.0558
-1.9797 16.9036
-1.82741 16.9036
-1.67513 16.7513
-1.52284 16.599
-1.37056 16.4467
-1.06599 16.4467
-0.913706 16.2944
-0.761421 16.1421
-0.609137 15.9898
-0.456853 15.9898
-0.304569 15.8376
-0.152284 15.6853
0 15.533
0.152284 15.3807
0.304569 15.2284
0.456853 15.0761
0.609137 14.9239
0.761421 14.7716
0.913706 14.6193
1.06599 14.467
1.21827 14.3147
1.37056 14.1624
1.52284 14.0102
1.52284 13.8579
1.67513 13.7056
1.82741 13.5533
1.9797 13.401
2.13198 13.2487
2.13198 13.0964
2.28426 12.9442
2.43655 12.7919
2.58883 12.6396
2.58883 12.4873
2.74112 12.335
2.8934 12.1827
3.04569 12.0305
3.04569 11.8782
3.19797 11.7259
3.19797 11.5736
3.35025 11.4213
3.50254 11.1168
3.50254 10.9645
3.65482 10.8122
3.65482 10.6599
3.80711 10.5076
3.80711 10.3553
3.80711 10.0508
3.95939 9.89848
3.95939 9.74619
3.95939 9.59391
4.11168 9.28934
4.11168 9.13706
4.11168 8.98477
4.26396 8.83249
4.26396 8.6802
4.26396 8.37563
4.26396 8.22335
4.26396 8.07107
4.26396 7.91878
4.26396 7.61421
4.41624 7.46193
4.41624 7.30964
4.41624 7.15736
4.41624 7.00508
4.41624 6.70051
4.41624 6.54822
4.41624 6.39594
4.56853 6.24365
4.56853 5.93909
4.56853 5.7868
