4.41624 5.63452
4.41624 5.48223
4.56853 5.32995
4.56853 5.02538
4.56853 4.8731
4.56853 4.72081
4.72081 4.56853
4.72081 4.26396
4.72081 4.11168
4.72081 3.95939
4.72081 3.65482
4.8731 3.50254
4.8731 3.35025
4.8731 3.04569
4.8731 2.8934
4.8731 2.58883
4.8731 2.43655
4.8731 2.28426
5.02538 1.9797
5.02538 1.82741
5.02538 1.52284
5.02538 1.37056
4.8731 1.06599
4.8731 0.913706
4.8731 0.609137
4.8731 0.456853
4.8731 0.152284
4.8731 0
4.72081 -0.304569
4.72081 -0.456853
4.72081 -0.609137
4.56853 -0.913706
4.56853 -1.06599
4.41624 -1.37056
4.41624 -1.52284
4.26396 -1.82741
4.26396 -1.9797
4.11168 -2.13198
3.95939 -2.43655
3.95939 -2.58883
3.80711 -2.74112
3.65482 -3.04569
3.50254 -3.19797
3.35025 -3.35025
3.19797 -3.65482
3.19797 -3.80711
3.04569 -3.95939
2.8934 -4.11168
2.58883 -4.26396
2.43655 -4.41624
2.28426 -4.56853
2.13198 -4.72081
1.9797 -4.8731
1.82741 -5.02538
1.52284 -5.17766
1.37056 -5.32995
1.21827 -5.48223
0.913706 -5.48223
0.761421 -5.63452
0.609137 -5.7868
0.304569 -5.93909
0.152284 -5.93909
0 -6.09137
-0.304569 -6.09137
-0.456853 -6.24365
-0.761421 -6.24365
-0.913706 -6.39594
-1.21827 -6.39594
-1.37056 -6.54822
-1.67513 -6.54822
-1.82741 -6.54822
-2.13198 -6.54822
-2.28426 -6.70051
-2.58883 -6.70051
-2.74112 -6.70051
-3.04569 -6.70051
-3.19797 -6.70051
-3.35025 -6.70051
-3.65482 -6.85279
-3.80711 -6.85279
-4.11168 -6.85279
-4.26396 -6.85279
-4.56853 -6.85279
-4.72081 -6.70051
-5.02538 -6.70051
-5.17766 -6.70051
-5.48223 -6.70051
-5.63452 -6.70051
-5.7868 -6.70051
-6.09137 -6.70051
-6.24365 -6.54822
-6.54822 -6.54822
-6.70051 -6.54822
-7.00508 -6.54822
-7.15736 -6.39594
-7.30964 -6.39594
-7.61421 -6.39594
-7.7665 -6.39594
-7.91878 -6.24365
-8.22335 -6.24365
-8.37563 -6.24365
-8.52792 -6.09137
-8.83249 -6.09137
-8.98477 -5.93909
-9.13706 -5.93909
-9.44162 -5.7868
-9.59391 -5.7868
-9.74619 -5.7868
-9.89848 -5.63452
-10.203 -5.48223
-10.3553 -5.48223
-10.5076 -5.32995
-10.6599 -5.32995
-10.9645 -5.17766
-11.1168 -5.17766
-11.269 -5.02538
-11.4213 -4.8731
-11.5736 -4.72081
-11.7259 -4.72081
-12.0305 -4.56853
-12.1827 -4.41624
-12.335 -4.26396
-12.4873 -4.26396
-12.6396 -4.11168
-12.7919 -3.95939
-12.9442 -3.80711
-13.0964 -3.65482
-13.2487 -3.50254
-13.401 -3.35025
-13.5533 -3.19797
-13.5533 -3.04569
-13.7056 -2.8934
-13.8579 -2.74112
-14.0102 -2.58883
-14.1624 -2.43655
-14.3147 -2.28426
-14.3147 -2.13198
-14.467 -1.9797
-14.6193 -1.82741
-14.7716 -1.67513
-14.7716 -1.52284
-14.9239 -1.37056
-15.0761 -1.21827
-15.0761 -1.06599
-15.2284 -0.913706
-15.3807 -0.609137
-15.3807 -0.456853
-15.533 -0.304569
-15.6853 -0.152284
-15.6853 0
-15.8376 0.152284
-15.8376 0.304569
-15.9898 0.456853
-15.9898 0.609137
-16.1421 0.913706
-16.1421 1.06599
-16.2944 1.21827
-16.2944 1.37056
-16.4467 1.52284
-16.4467 1.67513
-16.599 1.9797
-16.599 2.13198
-16.599 2.28426
-16.7513 2.43655
-16.7513 2.58883
-16.7513 2.8934
-16.9036 3.04569
-16.9036 3.19797
-16.9036 3.35025
-16.9036 3.50254
-17.0558 3.80711
-17.0558 3.95939
-17.0558 4.11168
-17.0558 4.26396
-17.0558 4.56853
-17.0558 4.72081
-17.2081 4.8731
-17.2081 5.02538
-17.2081 5.32995
-17.2081 5.48223
-17.2081 5.63452
-17.2081 5.7868
-17.2081 6.09137
-17.2081 6.24365
-17.2081 6.39594
-17.2081 6.54822
-17.2081 6.85279
-17.2081 7.00508
-17.2081 7.15736
-17.2081 7.46193
-17.2081 7.61421
-17.2081 7.7665
-17.2081 7.91878
-17.3604 8.22335
-17.3604 8.37563
-17.3604 8.52792
-17.3604 8.83249
-17.3604 8.98477
-17.3604 9.28934
-17.3604 9.44162
-17.3604 9.74619
-17.3604 9.89848
-17.3604 10.0508
-17.3604 10.3553
-17.3604 10.5076
-17.3604 10.8122
-17.2081 10.9645
-17.2081 11.269
-17.2081 11.4213
-17.2081 11.7259
-17.2081 11.8782
-17.0558 12.1827
-17.0558 12.335
-16.9036 12.6396
-16.9036 12.7919
-16.7513 12.9442
-16.7513 13.2487
-16.599 13.401
-16.4467 13.7056
-16.4467 13.8579
-16.2944 14.0102
-16.1421 14.1624
-15.9898 14.467
-15.8376 14.6193
-15.6853 14.7716
-15.533 14.9239
-15.3807 15.0761
-15.2284 15.2284
-15.0761 15.3807
-14.9239 15.533
-14.7716 15.6853
-14.6193 15.8376
-14.3147 15.9898
-14.1624 16.1421
-14.0102 16.2944
-13.8579 16.2944
-13.5533 16.4467
-13.401 16.599
-13.2487 16.7513
-12.9442 16.7513
-12.7919 16.9036
-12.6396 16.9036
-12.335 17.0558
-12.1827 17.0558
-11.8782 17.2081
-11.7259 17.2081
-11.4213 17.3604
-11.269 17.3604
-11.1168 17.5127
-10.8122 17.5127
-10.6599 17.5127
-10.3553 17.665
-10.203 17.665
-9.89848 17.665
-9.74619 17.665
-9.59391 17.665
-9.28934 17.8173
-9.13706 17.8173
-8.83249 17.8173
-8.6802 17.8173
-8.37563 17.8173
-8.22335 17.8173
-8.07107 17.8173
-7.7665 17.8173
-7.61421 17.8173
-7.30964 17.8173
-7.15736 17.8173
-7.00508 17.8173
-6.70051 17.8173
-6.54822 17.8173
-6.24365 17.8173
-6.09137 17.8173
-5.93909 17.8173
-5.63452 17.8173
-5.48223 17.665
-5.17766 17.665
-5.02538 17.665
-4.8731 17.665
-4.56853 17.665
-4.41624 17.5127
-4.26396 17.5127
-3.95939 17.5127
-3.80711 17.3604
-3.65482 17.3604
-3.35025 17.2081
-3.19797 17.2081
-3.04569 17.2081
-2.74112 17.0558
-2.58883 16.9036
-2.43655 16.9036
-2.28426 16.7513
-1.9797 16.7513
-1.82741 16.599
-1.67513 16.4467
-1.52284 16.4467
-1.37056 16.2944
-1.21827 16.1421
-0.913706 15.9898
-0.761421 15.9898
-0.609137 15.8376
-0.456853 15.6853
-0.304569 15.533
-0.152284 15.3807
0 15.3807
0.152284 15.2284
0.304569 15.0761
0.456853 14.9239
0.609137 14.7716
0.761421 14.6193
0.913706 14.467
1.06599 14.3147
1.06599 14.1624
1.21827 14.0102
1.37056 13.8579
1.52284 13.7056
1.67513 13.5533
1.82741 13.401
1.9797 13.2487
1.9797 13.0964
2.13198 12.9442
2.28426 12.7919
2.43655 12.6396
2.43655 12.4873
2.58883 12.335
2.74112 12.1827
2.8934 12.0305
2.8934 11.8782
3.04569 11.7259
3.19797 11.5736
3.19797 11.4213
3.35025 11.1168
3.35025 10.9645
3.50254 10.8122
3.50254 10.6599
3.65482 10.5076
3.65482 10.3553
3.80711 10.0508
3.80711 9.89848
3.80711 9.74619
3.80711 9.59391
3.95939 9.44162
3.95939 9.13706
3.95939 8.98477
3.95939 8.83249
4.11168 8.6802
4.11168 8.37563
4.11168 8.22335
4.11168 8.07107
4.11168 7.91878
4.11168 7.61421
4.26396 7.46193
4.26396 7.30964
4.26396 7.15736
4.26396 7.00508
4.26396 6.70051
4.26396 6.54822
4.26396 6.39594
4.41624 6.24365
4.41624 6.09137
4.41624 5.7868
