4.41624 5.7868
4.41624 5.63452
4.41624 5.32995
4.56853 5.17766
4.56853 5.02538
4.56853 4.8731
4.56853 4.72081
4.56853 4.41624
4.56853 4.26396
4.72081 4.11168
4.72081 3.80711
4.72081 3.65482
4.72081 3.50254
4.72081 3.19797
4.72081 3.04569
4.8731 2.8934
4.8731 2.58883
4.8731 2.43655
4.8731 2.28426
4.8731 1.9797
4.8731 1.82741
4.8731 1.52284
4.8731 1.37056
4.8731 1.06599
4.8731 0.913706
4.72081 0.761421
4.72081 0.456853
4.72081 0.304569
4.72081 0
4.56853 -0.152284
4.56853 -0.456853
4.56853 -0.609137
4.41624 -0.913706
4.41624 -1.06599
4.26396 -1.21827
4.26396 -1.52284
4.11168 -1.67513
4.11168 -1.82741
3.95939 -2.13198
3.80711 -2.28426
3.80711 -2.58883
3.65482 -2.74112
3.50254 -2.8934
3.35025 -3.04569
3.19797 -3.35025
3.19797 -3.50254
3.04569 -3.65482
2.8934 -3.80711
2.74112 -3.95939
2.58883 -4.11168
2.43655 -4.41624
2.13198 -4.56853
1.9797 -4.72081
1.82741 -4.8731
1.67513 -5.02538
1.52284 -5.17766
1.37056 -5.17766
1.06599 -5.32995
0.913706 -5.48223
0.761421 -5.63452
0.456853 -5.7868
0.304569 -5.7868
0.152284 -5.93909
-0.152284 -6.09137
-0.304569 -6.09137
-0.609137 -6.24365
-0.761421 -6.24365
-0.913706 -6.39594
-1.21827 -6.39594
-1.37056 -6.54822
-1.67513 -6.54822
-1.82741 -6.54822
-2.13198 -6.70051
-2.28426 -6.70051
-2.58883 -6.70051
-2.74112 -6.70051
-3.04569 -6.70051
-3.19797 -6.85279
-3.50254 -6.85279
-3.65482 -6.85279
-3.95939 -6.85279
-4.11168 -6.85279
-4.41624 -6.85279
-4.56853 -6.85279
-4.8731 -6.70051
-5.02538 -6.70051
-5.17766 -6.70051
-5.48223 -6.70051
-5.63452 -6.70051
-5.93909 -6.70051
-6.09137 -6.54822
-6.39594 -6.54822
-6.54822 -6.54822
-6.70051 -6.54822
-7.00508 -6.39594
-7.15736 -6.39594
-7.46193 -6.39594
-7.61421 -6.39594
-7.7665 -6.24365
-8.07107 -6.24365
-8.22335 -6.24365
-8.37563 -6.09137
-8.6802 -6.09137
-8.83249 -6.09137
-8.98477 -5.93909
-9.28934 -5.93909
-9.44162 -5.7868
-9.59391 -5.7868
-9.89848 -5.7868
-10.0508 -5.63452
-10.203 -5.63452
-10.5076 -5.48223
-10.6599 -5.48223
-10.8122 -5.32995
-10.9645 -5.17766
-11.269 -5.17766
-11.4213 -5.02538
-11.5736 -4.8731
-11.7259 -4.8731
-11.8782 -4.72081
-12.1827 -4.56853
-12.335 -4.41624
-12.4873 -4.41624
-12.6396 -4.26396
-12.7919 -4.11168
-12.9442 -3.95939
-13.0964 -3.80711
-13.2487 -3.65482
-13.401 -3.50254
-13.5533 -3.35025
-13.7056 -3.19797
-13.8579 -3.04569
-14.0102 -2.8934
-14.1624 -2.74112
-14.1624 -2.58883
-14.3147 -2.43655
-14.467 -2.28426
-14.6193 -2.13198
-14.7716 -1.9797
-14.7716 -1.82741
-14.9239 -1.67513
-15.0761 -1.52284
-15.2284 -1.21827
-15.2284 -1.06599
-15.3807 -0.913706
-15.533 -0.761421
-15.533 -0.609137
-15.6853 -0.456853
-15.8376 -0.304569
-15.8376 0
-15.9898 0.152284
-15.9898 0.304569
-16.1421 0.456853
-16.1421 0.609137
-16.2944 0.761421
-16.4467 1.06599
-16.4467 1.21827
-16.599 1.37056
-16.599 1.52284
-16.7513 1.67513
-16.7513 1.9797
-16.7513 2.13198
-16.9036 2.28426
-16.9036 2.43655
-17.0558 2.58883
-17.0558 2.8934
-17.0558 3.04569
-17.0558 3.19797
-17.2081 3.50254
-17.2081 3.65482
-17.2081 3.80711
-17.2081 3.95939
-17.2081 4.26396
-17.3604 4.41624
-17.3604 4.56853
-17.3604 4.72081
-17.3604 5.02538
-17.3604 5.17766
-17.3604 5.32995
-17.3604 5.63452
-17.3604 5.7868
-17.3604 5.93909
-17.3604 6.09137
-17.3604 6.39594
-17.3604 6.54822
-17.3604 6.70051
-17.3604 7.00508
-17.3604 7.15736
-17.3604 7.30964
-17.3604 7.61421
-17.3604 7.7665
-17.3604 7.91878
-17.3604 8.22335
-17.3604 8.37563
-17.5127 8.52792
-17.5127 8.83249
-17.5127 8.98477
-17.5127 9.28934
-17.5127 9.44162
-17.5127 9.74619
-17.5127 9.89848
-17.5127 10.203
-17.5127 10.3553
-17.5127 10.6599
-17.5127 10.8122
-17.3604 11.1168
-17.3604 11.269
-17.3604 11.5736
-17.3604 11.7259
-17.3604 12.0305
-17.2081 12.1827
-17.2081 12.4873
-17.0558 12.6396
-17.0558 12.9442
-16.9036 13.0964
-16.9036 13.2487
-16.7513 13.5533
-16.599 13.7056
-16.599 13.8579
-16.4467 14.1624
-16.2944 14.3147
-16.1421 14.467
-15.9898 14.6193
-15.8376 14.7716
-15.6853 14.9239
-15.533 15.0761
-15.3807 15.2284
-15.0761 15.3807
-14.9239 15.533
-14.7716 15.6853
-14.6193 15.8376
-14.3147 15.9898
-14.1624 16.1421
-14.0102 16.1421
-13.7056 16.2944
-13.5533 16.4467
-13.401 16.4467
-13.0964 16.599
-12.9442 16.7513
-12.7919 16.7513
-12.4873 16.9036
-12.335 16.9036
-12.0305 17.0558
-11.8782 17.0558
-11.7259 17.0558
-11.4213 17.2081
-11.269 17.2081
-10.9645 17.3604
-10.8122 17.3604
-10.6599 17.3604
-10.3553 17.5127
-10.203 17.5127
-9.89848 17.5127
-9.74619 17.5127
-9.59391 17.665
-9.28934 17.665
-9.13706 17.665
-8.83249 17.665
-8.6802 17.665
-8.52792 17.8173
-8.22335 17.8173
-8.07107 17.8173
-7.7665 17.8173
-7.61421 17.8173
-7.46193 17.8173
-7.15736 17.8173
-7.00508 17.8173
-6.70051 17.8173
-6.54822 17.8173
-6.39594 17.8173
-6.09137 17.8173
-5.93909 17.8173
-5.63452 17.8173
-5.48223 17.8173
-5.32995 17.8173
-5.02538 17.8173
-4.8731 17.8173
-4.72081 17.8173
-4.41624 17.8173
-4.26396 17.665
-3.95939 17.665
-3.80711 17.665
-3.65482 17.5127
-3.35025 17.5127
-3.19797 17.3604
-3.04569 17.3604
-2.8934 17.2081
-2.58883 17.2081
-2.43655 17.0558
-2.28426 17.0558
-2.13198 16.9036
-1.82741 16.7513
-1.67513 16.599
-1.52284 16.599
-1.37056 16.4467
-1.21827 16.2944
-1.06599 16.1421
-0.913706 15.9898
-0.761421 15.8376
-0.609137 15.6853
-0.456853 15.533
-0.304569 15.3807
-0.152284 15.2284
0 15.0761
0 14.9239
0.152284 14.7716
0.304569 14.6193
0.456853 14.467
0.609137 14.3147
0.761421 14.1624
0.761421 14.0102
0.913706 13.8579
1.06599 13.7056
1.21827 13.5533
1.37056 13.5533
1.37056 13.401
1.52284 13.2487
1.67513 13.0964
1.82741 12.9442
1.9797 12.7919
2.13198 12.6396
2.13198 12.4873
2.28426 12.335
2.43655 12.1827
2.58883 12.0305
2.74112 11.8782
2.74112 11.7259
2.8934 11.5736
3.04569 11.4213
3.04569 11.269
3.19797 11.1168
3.35025 10.9645
3.35025 10.8122
3.50254 10.6599
3.50254 10.5076
3.65482 10.3553
3.65482 10.203
3.80711 9.89848
3.80711 9.74619
3.80711 9.59391
3.80711 9.44162
3.95939 9.28934
3.95939 8.98477
3.95939 8.83249
3.95939 8.6802
3.95939 8.52792
3.95939 8.22335
3.95939 8.07107
3.95939 7.91878
3.95939 7.7665
4.11168 7.61421
4.11168 7.46193
4.11168 7.15736
4.11168 7.00508
4.11168 6.85279
4.11168 6.70051
4.26396 6.54822
4.26396 6.24365
4.26396 6.09137
4.41624 5.93909
