4.41624 5.48223
4.41624 5.32995
4.41624 5.02538
4.41624 4.8731
4.41624 4.72081
4.41624 4.56853
4.56853 4.26396
4.56853 4.11168
4.56853 3.95939
4.56853 3.65482
4.56853 3.50254
4.56853 3.35025
4.72081 3.04569
4.72081 2.8934
4.72081 2.58883
4.72081 2.43655
4.72081 2.28426
4.72081 1.9797
4.72081 1.82741
4.72081 1.52284
4.72081 1.37056
4.72081 1.06599
4.72081 0.913706
4.72081 0.609137
4.72081 0.456853
4.72081 0.152284
4.72081 0
4.56853 -0.304569
4.56853 -0.456853
4.56853 -0.761421
4.41624 -0.913706
4.41624 -1.21827
4.26396 -1.37056
4.26396 -1.52284
4.11168 -1.82741
4.11168 -1.9797
3.95939 -2.28426
3.80711 -2.43655
3.80711 -2.58883
3.65482 -2.74112
3.50254 -3.04569
3.35025 -3.19797
3.19797 -3.35025
3.04569 -3.50254
2.8934 -3.80711
2.74112 -3.95939
2.58883 -4.11168
2.43655 -4.26396
2.28426 -4.41624
2.13198 -4.56853
1.9797 -4.72081
1.67513 -4.8731
1.52284 -5.02538
1.37056 -5.17766
1.21827 -5.17766
0.913706 -5.32995
0.761421 -5.48223
0.609137 -5.63452
0.304569 -5.63452
0.152284 -5.7868
0 -5.93909
-0.304569 -5.93909
-0.456853 -6.09137
-0.761421 -6.09137
-0.913706 -6.24365
-1.21827 -6.24365
-1.37056 -6.24365
-1.52284 -6.39594
-1.82741 -6.39594
-1.9797 -6.54822
-2.28426 -6.54822
-2.43655 -6.54822
-2.74112 -6.54822
-2.8934 -6.70051
-3.19797 -6.70051
-3.35025 -6.70051
-3.50254 -6.70051
-3.80711 -6.70051
-3.95939 -6.70051
-4.26396 -6.85279
-4.41624 -6.85279
-4.72081 -6.85279
-4.8731 -6.85279
-5.17766 -6.85279
-5.32995 -6.85279
-5.48223 -6.85279
-5.7868 -6.85279
-5.93909 -6.70051
-6.24365 -6.70051
-6.39594 -6.70051
-6.54822 -6.70051
-6.85279 -6.70051
-7.00508 -6.70051
-7.30964 -6.54822
-7.46193 -6.54822
-7.61421 -6.54822
-7.91878 -6.54822
-8.07107 -6.39594
-8.22335 -6.39594
-8.52792 -6.39594
-8.6802 -6.24365
-8.83249 -6.24365
-9.13706 -6.09137
-9.28934 -6.09137
-9.44162 -6.09137
-9.59391 -5.93909
-9.89848 -5.93909
-10.0508 -5.7868
-10.203 -5.63452
-10.3553 -5.63452
-10.6599 -5.48223
-10.8122 -5.48223
-10.9645 -5.32995
-11.1168 -5.17766
-11.269 -5.17766
-11.5736 -5.02538
-11.7259 -4.8731
-11.8782 -4.8731
-12.0305 -4.72081
-12.1827 -4.56853
-12.335 -4.41624
-12.4873 -4.41624
-12.6396 -4.26396
-12.7919 -4.11168
-12.9442 -3.95939
-13.0964 -3.80711
-13.2487 -3.80711
-13.401 -3.65482
-13.5533 -3.50254
-13.7056 -3.35025
-13.8579 -3.19797
-14.0102 -3.04569
-14.1624 -2.8934
-14.3147 -2.74112
-14.467 -2.58883
-14.6193 -2.43655
-14.6193 -2.28426
-14.7716 -2.13198
-14.9239 -1.9797
-15.0761 -1.82741
-15.2284 -1.67513
-15.2284 -1.52284
-15.3807 -1.37056
-15.533 -1.21827
-15.533 -1.06599
-15.6853 -0.913706
-15.8376 -0.761421
-15.8376 -0.609137
-15.9898 -0.456853
-15.9898 -0.152284
-16.1421 0
-16.2944 0.152284
-16.2944 0.304569
-16.4467 0.456853
-16.4467 0.609137
-16.599 0.913706
-16.599 1.06599
-16.599 1.21827
-16.7513 1.37056
-16.7513 1.52284
-16.9036 1.67513
-16.9036 1.9797
-16.9036 2.13198
-17.0558 2.28426
-17.0558 2.43655
-17.0558 2.58883
-17.2081 2.8934
-17.2081 3.04569
-17.2081 3.19797
-17.3604 3.35025
-17.3604 3.65482
-17.3604 3.80711
-17.3604 3.95939
-17.3604 4.11168
-17.5127 4.26396
-17.5127 4.56853
-17.5127 4.72081
-17.5127 4.8731
-17.5127 5.02538
-17.5127 5.32995
-17.5127 5.48223
-17.665 5.63452
-17.665 5.7868
-17.665 6.09137
-17.665 6.24365
-17.665 6.39594
-17.665 6.70051
-17.665 6.85279
-17.665 7.00508
-17.665 7.15736
-17.665 7.46193
-17.665 7.61421
-17.665 7.7665
-17.665 8.07107
-17.665 8.22335
-17.665 8.37563
-17.665 8.6802
-17.665 8.83249
-17.665 9.13706
-17.665 9.28934
-17.665 9.44162
-17.665 9.74619
-17.665 9.89848
-17.665 10.203
-17.665 10.3553
-17.5127 10.5076
-17.5127 10.8122
-17.5127 10.9645
-17.3604 11.269
-17.3604 11.4213
-17.3604 11.7259
-17.2081 11.8782
-17.2081 12.0305
-17.0558 12.335
-17.0558 12.4873
-16.9036 12.7919
-16.9036 12.9442
-16.7513 13.0964
-16.7513 13.401
-16.599 13.5533
-16.4467 13.7056
-16.2944 13.8579
-16.1421 14.1624
-16.1421 14.3147
-15.9898 14.467
-15.8376 14.6193
-15.6853 14.7716
-15.533 14.9239
-15.3807 15.2284
-15.2284 15.3807
-15.0761 15.533
-14.7716 15.6853
-14.6193 15.8376
-14.467 15.9898
-14.3147 15.9898
-14.1624 16.1421
-13.8579 16.2944
-13.7056 16.4467
-13.5533 16.599
-13.401 16.599
-13.0964 16.7513
-12.9442 16.9036
-12.6396 16.9036
-12.4873 17.0558
-12.335 17.0558
-12.0305 17.2081
-11.8782 17.2081
-11.5736 17.3604
-11.4213 17.3604
-11.269 17.3604
-10.9645 17.5127
-10.8122 17.5127
-10.5076 17.5127
-10.3553 17.5127
-10.0508 17.665
-9.89848 17.665
-9.59391 17.665
-9.44162 17.665
-9.13706 17.665
-8.98477 17.665
-8.83249 17.665
-8.52792 17.665
-8.37563 17.665
-8.07107 17.665
-7.91878 17.665
-7.61421 17.665
-7.46193 17.665
-7.30964 17.665
-7.00508 17.665
-6.85279 17.665
-6.54822 17.665
-6.39594 17.665
-6.24365 17.665
-5.93909 17.665
-5.7868 17.665
-5.48223 17.665
-5.32995 17.5127
-5.17766 17.5127
-4.8731 17.5127
-4.72081 17.5127
-4.56853 17.3604
-4.26396 17.3604
-4.11168 17.3604
-3.95939 17.2081
-3.65482 17.2081
-3.50254 17.2081
-3.35025 17.0558
-3.04569 17.0558
-2.8934 16.9036
-2.74112 16.7513
-2.58883 16.7513
-2.28426 16.599
-2.13198 16.599
-1.9797 16.4467
-1.82741 16.2944
-1.67513 16.1421
-1.37056 16.1421
-1.21827 15.9898
-1.06599 15.8376
-0.913706 15.6853
-0.761421 15.533
-0.609137 15.3807
-0.456853 15.2284
-0.304569 15.2284
-0.152284 15.0761
0 14.9239
0.152284 14.7716
0.304569 14.6193
0.456853 14.467
0.609137 14.3147
0.761421 14.1624
0.761421 14.0102
0.913706 13.8579
1.06599 13.7056
1.21827 13.5533
1.37056 13.401
1.52284 13.2487
1.67513 13.0964
1.67513 12.9442
1.82741 12.7919
1.9797 12.6396
2.13198 12.4873
2.28426 12.335
2.28426 12.1827
2.43655 12.0305
2.58883 11.8782
2.74112 11.7259
2.74112 11.5736
2.8934 11.4213
3.04569 11.269
3.04569 11.1168
3.19797 10.8122
3.19797 10.6599
3.35025 10.5076
3.35025 10.3553
3.50254 10.203
3.50254 10.0508
3.65482 9.74619
3.65482 9.59391
3.65482 9.44162
3.80711 9.28934
3.80711 8.98477
3.80711 8.83249
3.80711 8.6802
3.95939 8.52792
3.95939 8.22335
3.95939 8.07107
3.95939 7.91878
3.95939 7.7665
4.11168 7.61421
4.11168 7.30964
4.11168 7.15736
4.11168 7.00508
4.11168 6.85279
4.26396 6.54822
4.26396 6.39594
4.26396 6.24365
4.26396 6.09137
4.41624 5.7868
4.41624 5.63452
