4.56853 5.32995
4.56853 5.17766
4.56853 5.02538
4.56853 4.72081
4.56853 4.56853
4.56853 4.41624
4.56853 4.26396
4.56853 3.95939
4.56853 3.80711
4.72081 3.65482
4.72081 3.35025
4.72081 3.19797
4.72081 3.04569
4.72081 2.74112
4.72081 2.58883
4.8731 2.28426
4.8731 2.13198
4.8731 1.82741
4.8731 1.67513
4.8731 1.37056
4.8731 1.21827
4.8731 1.06599
4.8731 0.761421
4.8731 0.609137
4.8731 0.304569
4.8731 0.152284
4.72081 -0.152284
4.72081 -0.304569
4.72081 -0.609137
4.56853 -0.761421
4.56853 -1.06599
4.56853 -1.21827
4.41624 -1.52284
4.26396 -1.67513
4.26396 -1.82741
4.11168 -2.13198
4.11168 -2.28426
3.95939 -2.43655
3.80711 -2.74112
3.65482 -2.8934
3.50254 -3.04569
3.50254 -3.35025
3.35025 -3.50254
3.19797 -3.65482
3.04569 -3.80711
2.8934 -3.95939
2.74112 -4.11168
2.58883 -4.26396
2.43655 -4.56853
2.13198 -4.72081
1.9797 -4.8731
1.82741 -4.8731
1.67513 -5.02538
1.52284 -5.17766
1.21827 -5.32995
1.06599 -5.48223
0.913706 -5.63452
0.609137 -5.7868
0.456853 -5.7868
0.304569 -5.93909
0 -6.09137
-0.152284 -6.09137
-0.304569 -6.24365
-0.609137 -6.24365
-0.761421 -6.39594
-1.06599 -6.39594
-1.21827 -6.54822
-1.37056 -6.54822
-1.67513 -6.70051
-1.82741 -6.70051
-2.13198 -6.85279
-2.28426 -6.85279
-2.58883 -6.85279
-2.74112 -6.85279
-3.04569 -7.00508
-3.19797 -7.00508
-3.50254 -7.00508
-3.65482 -7.00508
-3.95939 -7.00508
-4.11168 -7.00508
-4.26396 -7.00508
-4.56853 -7.00508
-4.72081 -7.00508
-5.02538 -7.00508
-5.17766 -7.00508
-5.48223 -7.00508
-5.63452 -7.00508
-5.93909 -7.00508
-6.09137 -7.00508
-6.24365 -6.85279
-6.54822 -6.85279
-6.70051 -6.85279
-7.00508 -6.85279
-7.15736 -6.85279
-7.30964 -6.70051
-7.61421 -6.70051
-7.7665 -6.70051
-7.91878 -6.54822
-8.22335 -6.54822
-8.37563 -6.54822
-8.6802 -6.39594
-8.83249 -6.39594
-8.98477 -6.39594
-9.28934 -6.24365
-9.44162 -6.24365
-9.59391 -6.24365
-9.74619 -6.09137
-10.0508 -6.09137
-10.203 -5.93909
-10.3553 -5.93909
-10.6599 -5.7868
-10.8122 -5.7868
-10.9645 -5.63452
-11.1168 -5.48223
-11.269 -5.48223
-11.5736 -5.32995
-11.7259 -5.17766
-11.8782 -5.17766
-12.0305 -5.02538
-12.1827 -4.8731
-12.335 -4.8731
-12.6396 -4.72081
-12.7919 -4.56853
-12.9442 -4.41624
-13.0964 -4.26396
-13.2487 -4.26396
-13.401 -4.11168
-13.5533 -3.95939
-13.7056 -3.80711
-13.8579 -3.65482
-14.0102 -3.50254
-14.1624 -3.35025
-14.3147 -3.19797
-14.3147 -3.04569
-14.467 -2.8934
-14.6193 -2.74112
-14.7716 -2.58883
-14.9239 -2.43655
-15.0761 -2.28426
-15.0761 -2.13198
-15.2284 -1.9797
-15.3807 -1.82741
-15.3807 -1.67513
-15.533 -1.37056
-15.6853 -1.21827
-15.8376 -1.06599
-15.8376 -0.913706
-15.9898 -0.761421
-15.9898 -0.609137
-16.1421 -0.456853
-16.2944 -0.304569
-16.2944 0
-16.4467 0.152284
-16.4467 0.304569
-16.599 0.456853
-16.599 0.609137
-16.7513 0.761421
-16.7513 1.06599
-16.9036 1.21827
-16.9036 1.37056
-16.9036 1.52284
-17.0558 1.82741
-17.0558 1.9797
-17.2081 2.13198
-17.2081 2.28426
-17.2081 2.43655
-17.3604 2.74112
-17.3604 2.8934
-17.3604 3.04569
-17.3604 3.19797
-17.5127 3.50254
-17.5127 3.65482
-17.5127 3.80711
-17.5127 3.95939
-17.5127 4.26396
-17.665 4.41624
-17.665 4.56853
-17.665 4.72081
-17.665 5.02538
-17.665 5.17766
-17.665 5.32995
-17.665 5.63452
-17.665 5.7868
-17.665 5.93909
-17.665 6.09137
-17.665 6.39594
-17.665 6.54822
-17.665 6.70051
-17.665 7.00508
-17.665 7.15736
-17.665 7.30964
-17.665 7.61421
-17.665 7.7665
-17.665 7.91878
-17.665 8.22335
-17.665 8.37563
-17.665 8.52792
-17.665 8.83249
-17.665 8.98477
-17.665 9.13706
-17.5127 9.44162
-17.5127 9.59391
-17.5127 9.74619
-17.5127 10.0508
-17.3604 10.203
-17.3604 10.5076
-17.3604 10.6599
-17.2081 10.8122
-17.2081 11.1168
-17.2081 11.269
-17.0558 11.4213
-17.0558 11.7259
-16.9036 11.8782
-16.9036 12.1827
-16.7513 12.335
-16.7513 12.4873
-16.599 12.7919
-16.599 12.9442
-16.4467 13.0964
-16.2944 13.2487
-16.2944 13.5533
-16.1421 13.7056
-15.9898 13.8579
-15.8376 14.1624
-15.6853 14.3147
-15.6853 14.467
-15.533 14.6193
-15.3807 14.7716
-15.2284 14.9239
-15.0761 15.0761
-14.9239 15.3807
-14.6193 15.533
-14.467 15.6853
-14.3147 15.6853
-14.1624 15.8376
-14.0102 15.9898
-13.8579 16.1421
-13.5533 16.2944
-13.401 16.4467
-13.2487 16.4467
-12.9442 16.599
-12.7919 16.7513
-12.6396 16.7513
-12.335 16.9036
-12.1827 16.9036
-11.8782 16.9036
-11.7259 17.0558
-11.4213 17.0558
-11.269 17.0558
-11.1168 17.2081
-10.8122 17.2081
-10.6599 17.2081
-10.3553 17.2081
-10.203 17.2081
-9.89848 17.2081
-9.74619 17.2081
-9.44162 17.2081
-9.28934 17.3604
-8.98477 17.3604
-8.83249 17.3604
-8.6802 17.3604
-8.37563 17.3604
-8.22335 17.3604
-7.91878 17.3604
-7.7665 17.3604
-7.61421 17.3604
-7.30964 17.3604
-7.15736 17.3604
-7.00508 17.3604
-6.70051 17.3604
-6.54822 17.3604
-6.24365 17.3604
-6.09137 17.3604
-5.93909 17.3604
-5.63452 17.3604
-5.48223 17.3604
-5.32995 17.3604
-5.02538 17.3604
-4.8731 17.3604
-4.56853 17.3604
-4.41624 17.3604
-4.26396 17.2081
-3.95939 17.2081
-3.80711 17.2081
-3.65482 17.2081
-3.35025 17.0558
-3.19797 17.0558
-2.8934 17.0558
-2.74112 16.9036
-2.58883 16.9036
-2.43655 16.7513
-2.13198 16.7513
-1.9797 16.599
-1.82741 16.4467
-1.67513 16.4467
-1.37056 16.2944
-1.21827 16.1421
-1.06599 16.1421
-0.913706 15.9898
-0.761421 15.8376
-0.609137 15.6853
-0.456853 15.533
-0.304569 15.3807
-0.152284 15.2284
0 15.0761
0.152284 15.0761
0.304569 14.9239
0.456853 14.7716
0.609137 14.6193
0.761421 14.467
0.913706 14.3147
1.06599 14.1624
1.21827 14.0102
1.37056 13.8579
1.52284 13.5533
1.52284 13.401
1.67513 13.2487
1.82741 13.0964
1.9797 12.9442
1.9797 12.7919
2.13198 12.6396
2.28426 12.4873
2.43655 12.335
2.43655 12.1827
2.58883 12.0305
2.74112 11.8782
2.74112 11.5736
2.8934 11.4213
2.8934 11.269
3.04569 11.1168
3.19797 10.9645
3.19797 10.8122
3.19797 10.5076
3.35025 10.3553
3.35025 10.203
3.50254 10.0508
3.50254 9.89848
3.50254 9.59391
3.65482 9.44162
3.65482 9.28934
3.65482 9.13706
3.65482 8.83249
3.80711 8.6802
3.80711 8.52792
3.80711 8.37563
3.80711 8.22335
3.80711 7.91878
3.95939 7.7665
3.95939 7.61421
3.95939 7.46193
3.95939 7.15736
3.95939 7.00508
4.11168 6.85279
4.11168 6.70051
4.11168 6.54822
4.26396 6.24365
4.26396 6.09137
4.41624 5.93909
4.41624 5.7868
4.56853 5.63452
