4.56853 5.32995
4.56853 5.02538
4.56853 4.8731
4.56853 4.72081
4.56853 4.56853
4.56853 4.26396
4.56853 4.11168
4.56853 3.95939
4.56853 3.65482
4.72081 3.50254
4.72081 3.35025
4.72081 3.04569
4.72081 2.8934
4.72081 2.74112
4.72081 2.43655
4.8731 2.28426
4.8731 2.13198
4.8731 1.82741
4.8731 1.67513
4.8731 1.37056
4.8731 1.21827
4.8731 0.913706
4.8731 0.761421
4.8731 0.456853
4.72081 0.304569
4.72081 0
4.72081 -0.152284
4.72081 -0.304569
4.56853 -0.609137
4.56853 -0.761421
4.56853 -1.06599
4.41624 -1.21827
4.41624 -1.52284
4.26396 -1.67513
4.26396 -1.82741
4.11168 -2.13198
3.95939 -2.28426
3.95939 -2.43655
3.80711 -2.74112
3.65482 -2.8934
3.50254 -3.04569
3.35025 -3.19797
3.19797 -3.50254
3.19797 -3.65482
3.04569 -3.80711
2.8934 -3.95939
2.74112 -4.11168
2.58883 -4.26396
2.28426 -4.41624
2.13198 -4.56853
1.9797 -4.72081
1.82741 -4.8731
1.67513 -5.02538
1.52284 -5.17766
1.21827 -5.32995
1.06599 -5.48223
0.913706 -5.63452
0.761421 -5.63452
0.456853 -5.7868
0.304569 -5.93909
0.152284 -6.09137
-0.152284 -6.09137
-0.304569 -6.24365
-0.456853 -6.24365
-0.761421 -6.39594
-0.913706 -6.54822
-1.21827 -6.54822
-1.37056 -6.54822
-1.52284 -6.70051
-1.82741 -6.70051
-1.9797 -6.85279
-2.28426 -6.85279
-2.43655 -6.85279
-2.74112 -6.85279
-2.8934 -7.00508
-3.19797 -7.00508
-3.35025 -7.00508
-3.65482 -7.00508
-3.80711 -7.00508
-3.95939 -7.00508
-4.26396 -7.00508
-4.41624 -7.00508
-4.72081 -7.00508
-4.8731 -7.00508
-5.17766 -7.00508
-5.32995 -7.00508
-5.63452 -7.00508
-5.7868 -7.00508
-5.93909 -7.00508
-6.24365 -7.00508
-6.39594 -7.00508
-6.70051 -6.85279
-6.85279 -6.85279
-7.00508 -6.85279
-7.30964 -6.85279
-7.46193 -6.70051
-7.61421 -6.70051
-7.91878 -6.70051
-8.07107 -6.54822
-8.22335 -6.54822
-8.52792 -6.54822
-8.6802 -6.39594
-8.83249 -6.39594
-9.13706 -6.24365
-9.28934 -6.24365
-9.44162 -6.09137
-9.74619 -6.09137
-9.89848 -5.93909
-10.0508 -5.93909
-10.203 -5.7868
-10.5076 -5.7868
-10.6599 -5.63452
-10.8122 -5.63452
-10.9645 -5.48223
-11.1168 -5.48223
-11.4213 -5.32995
-11.5736 -5.17766
-11.7259 -5.17766
-11.8782 -5.02538
-12.0305 -4.8731
-12.1827 -4.72081
-12.335 -4.72081
-12.6396 -4.56853
-12.7919 -4.41624
-12.9442 -4.26396
-13.0964 -4.26396
-13.2487 -4.11168
-13.401 -3.95939
-13.5533 -3.80711
-13.7056 -3.65482
-13.8579 -3.50254
-14.0102 -3.35025
-14.1624 -3.19797
-14.3147 -3.04569
-14.467 -3.04569
-14.467 -2.8934
-14.6193 -2.74112
-14.7716 -2.58883
-14.9239 -2.43655
-15.0761 -2.28426
-15.2284 -1.9797
-15.2284 -1.82741
-15.3807 -1.67513
-15.533 -1.52284
-15.6853 -1.37056
-15.6853 -1.21827
-15.8376 -1.06599
-15.9898 -0.913706
-15.9898 -0.761421
-16.1421 -0.609137
-16.1421 -0.304569
-16.2944 -0.152284
-16.4467 0
-16.4467 0.152284
-16.599 0.304569
-16.599 0.456853
-16.7513 0.761421
-16.7513 0.913706
-16.7513 1.06599
-16.9036 1.21827
-16.9036 1.52284
-17.0558 1.67513
-17.0558 1.82741
-17.0558 1.9797
-17.2081 2.13198
-17.2081 2.43655
-17.2081 2.58883
-17.3604 2.74112
-17.3604 2.8934
-17.3604 3.19797
-17.5127 3.35025
-17.5127 3.50254
-17.5127 3.65482
-17.5127 3.95939
-17.5127 4.11168
-17.665 4.26396
-17.665 4.56853
-17.665 4.72081
-17.665 4.8731
-17.665 5.02538
-17.665 5.32995
-17.665 5.48223
-17.8173 5.63452
-17.8173 5.93909
-17.8173 6.09137
-17.8173 6.24365
-17.8173 6.54822
-17.8173 6.70051
-17.8173 6.85279
-17.8173 7.00508
-17.8173 7.30964
-17.8173 7.46193
-17.8173 7.7665
-17.8173 7.91878
-17.8173 8.07107
-17.665 8.37563
-17.665 8.52792
-17.665 8.6802
-17.665 8.98477
-17.665 9.13706
-17.665 9.28934
-17.5127 9.59391
-17.5127 9.74619
-17.5127 10.0508
-17.5127 10.203
-17.3604 10.3553
-17.3604 10.6599
-17.3604 10.8122
-17.2081 11.1168
-17.2081 11.269
-17.2081 11.4213
-17.0558 11.7259
-17.0558 11.8782
-16.9036 12.0305
-16.9036 12.335
-16.7513 12.4873
-16.599 12.6396
-16.599 12.9442
-16.4467 13.0964
-16.2944 13.2487
-16.2944 13.5533
-16.1421 13.7056
-15.9898 13.8579
-15.8376 14.0102
-15.6853 14.3147
-15.533 14.467
-15.533 14.6193
-15.3807 14.7716
-15.2284 14.9239
-15.0761 15.0761
-14.7716 15.3807
-14.6193 15.533
-14.467 15.6853
-14.3147 15.6853
-14.1624 15.8376
-14.0102 15.9898
-13.7056 16.1421
-13.5533 16.2944
-13.401 16.4467
-13.0964 16.4467
-12.9442 16.599
-12.7919 16.7513
-12.4873 16.7513
-12.335 16.9036
-12.0305 16.9036
-11.8782 16.9036
-11.7259 17.0558
-11.4213 17.0558
-11.269 17.0558
-10.9645 17.2081
-10.8122 17.2081
-10.5076 17.2081
-10.3553 17.2081
-10.0508 17.2081
-9.89848 17.2081
-9.59391 17.2081
-9.44162 17.3604
-9.13706 17.3604
-8.98477 17.3604
-8.83249 17.3604
-8.52792 17.3604
-8.37563 17.3604
-8.07107 17.3604
-7.91878 17.3604
-7.7665 17.3604
-7.46193 17.3604
-7.30964 17.3604
-7.00508 17.3604
-6.85279 17.3604
-6.70051 17.3604
-6.39594 17.3604
-6.24365 17.3604
-5.93909 17.3604
-5.7868 17.3604
-5.63452 17.3604
-5.32995 17.3604
-5.17766 17.3604
-4.8731 17.3604
-4.72081 17.3604
-4.56853 17.3604
-4.26396 17.2081
-4.11168 17.2081
-3.95939 17.2081
-3.65482 17.2081
-3.50254 17.2081
-3.19797 17.0558
-3.04569 17.0558
-2.8934 17.0558
-2.58883 16.9036
-2.43655 16.9036
-2.28426 16.7513
-1.9797 16.599
-1.82741 16.599
-1.67513 16.4467
-1.52284 16.2944
-1.37056 16.2944
-1.06599 16.1421
-0.913706 15.9898
-0.761421 15.8376
-0.609137 15.8376
-0.456853 15.6853
-0.304569 15.533
-0.152284 15.3807
0 15.2284
0.152284 15.0761
0.304569 14.9239
0.456853 14.7716
0.609137 14.6193
0.761421 14.467
0.913706 14.3147
1.06599 14.1624
1.21827 14.0102
1.21827 13.8579
1.37056 13.7056
1.52284 13.5533
1.67513 13.401
1.82741 13.2487
1.82741 13.0964
1.9797 12.7919
2.13198 12.6396
2.28426 12.4873
2.28426 12.335
2.43655 12.1827
2.58883 12.0305
2.58883 11.8782
2.74112 11.7259
2.74112 11.5736
2.8934 11.269
3.04569 11.1168
3.04569 10.9645
3.19797 10.8122
3.19797 10.6599
3.35025 10.5076
3.35025 10.203
3.35025 10.0508
3.50254 9.89848
3.50254 9.74619
3.65482 9.59391
3.65482 9.28934
3.65482 9.13706
3.65482 8.98477
3.80711 8.83249
3.80711 8.52792
3.80711 8.37563
3.80711 8.22335
3.95939 8.07107
3.95939 7.91878
3.95939 7.61421
3.95939 7.46193
3.95939 7.30964
4.11168 7.15736
4.11168 7.00508
4.11168 6.70051
4.11168 6.54822
4.26396 6.39594
4.26396 6.24365
4.26396 6.09137
4.41624 5.7868
4.41624 5.63452
4.56853 5.48223
