4.41624 5.02538
4.41624 4.8731
4.56853 4.72081
4.56853 4.41624
4.72081 4.26396
4.72081 4.11168
4.72081 3.95939
4.8731 3.65482
4.8731 3.50254
4.8731 3.19797
4.8731 3.04569
4.8731 2.8934
4.8731 2.58883
5.02538 2.43655
5.02538 2.28426
5.02538 1.9797
5.02538 1.82741
5.02538 1.52284
5.02538 1.37056
4.8731 1.21827
4.8731 0.913706
4.8731 0.761421
4.8731 0.456853
4.8731 0.304569
4.72081 0
4.72081 -0.152284
4.72081 -0.304569
4.56853 -0.609137
4.56853 -0.761421
4.56853 -1.06599
4.41624 -1.21827
4.41624 -1.37056
4.26396 -1.67513
4.11168 -1.82741
4.11168 -1.9797
3.95939 -2.28426
3.95939 -2.43655
3.80711 -2.58883
3.65482 -2.8934
3.50254 -3.04569
3.35025 -3.19797
3.35025 -3.35025
3.19797 -3.65482
3.04569 -3.80711
2.8934 -3.95939
2.74112 -4.11168
2.58883 -4.26396
2.43655 -4.41624
2.28426 -4.56853
2.13198 -4.72081
1.82741 -4.8731
1.67513 -5.02538
1.52284 -5.17766
1.37056 -5.32995
1.21827 -5.48223
0.913706 -5.48223
0.761421 -5.63452
0.609137 -5.7868
0.304569 -5.7868
0.152284 -5.93909
0 -6.09137
-0.304569 -6.09137
-0.456853 -6.24365
-0.609137 -6.24365
-0.913706 -6.39594
-1.06599 -6.39594
-1.21827 -6.54822
-1.52284 -6.54822
-1.67513 -6.70051
-1.9797 -6.70051
-2.13198 -6.70051
-2.28426 -6.85279
-2.58883 -6.85279
-2.74112 -6.85279
-3.04569 -7.00508
-3.19797 -7.00508
-3.50254 -7.00508
-3.65482 -7.00508
-3.80711 -7.00508
-4.11168 -7.00508
-4.26396 -7.15736
-4.56853 -7.15736
-4.72081 -7.15736
-5.02538 -7.15736
-5.17766 -7.15736
-5.32995 -7.15736
-5.63452 -7.15736
-5.7868 -7.15736
-6.09137 -7.15736
-6.24365 -7.00508
-6.39594 -7.00508
-6.70051 -7.00508
-6.85279 -7.00508
-7.00508 -7.00508
-7.30964 -7.00508
-7.46193 -6.85279
-7.7665 -6.85279
-7.91878 -6.85279
-8.07107 -6.85279
-8.37563 -6.70051
-8.52792 -6.70051
-8.6802 -6.70051
-8.98477 -6.54822
-9.13706 -6.54822
-9.28934 -6.54822
-9.59391 -6.39594
-9.74619 -6.39594
-9.89848 -6.24365
-10.0508 -6.24365
-10.3553 -6.09137
-10.5076 -6.09137
-10.6599 -5.93909
-10.8122 -5.93909
-11.1168 -5.7868
-11.269 -5.63452
-11.4213 -5.63452
-11.5736 -5.48223
-11.7259 -5.32995
-11.8782 -5.32995
-12.1827 -5.17766
-12.335 -5.02538
-12.4873 -4.8731
-12.6396 -4.8731
-12.7919 -4.72081
-12.9442 -4.56853
-13.0964 -4.41624
-13.2487 -4.26396
-13.401 -4.26396
-13.5533 -4.11168
-13.7056 -3.95939
-13.8579 -3.80711
-14.0102 -3.65482
-14.1624 -3.50254
-14.3147 -3.35025
-14.467 -3.19797
-14.6193 -3.04569
-14.6193 -2.8934
-14.7716 -2.74112
-14.9239 -2.58883
-15.0761 -2.43655
-15.2284 -2.28426
-15.2284 -2.13198
-15.3807 -1.9797
-15.533 -1.82741
-15.6853 -1.67513
-15.6853 -1.37056
-15.8376 -1.21827
-15.9898 -1.06599
-15.9898 -0.913706
-16.1421 -0.761421
-16.1421 -0.609137
-16.2944 -0.456853
-16.2944 -0.152284
-16.4467 0
-16.599 0.152284
-16.599 0.304569
-16.599 0.456853
-16.7513 0.761421
-16.7513 0.913706
-16.9036 1.06599
-16.9036 1.21827
-17.0558 1.37056
-17.0558 1.67513
-17.0558 1.82741
-17.2081 1.9797
-17.2081 2.13198
-17.2081 2.43655
-17.3604 2.58883
-17.3604 2.74112
-17.3604 2.8934
-17.5127 3.19797
-17.5127 3.35025
-17.5127 3.50254
-17.5127 3.65482
-17.665 3.95939
-17.665 4.11168
-17.665 4.26396
-17.665 4.41624
-17.665 4.72081
-17.665 4.8731
-17.8173 5.02538
-17.8173 5.32995
-17.8173 5.48223
-17.8173 5.63452
-17.8173 5.7868
-17.8173 6.09137
-17.8173 6.24365
-17.8173 6.39594
-17.8173 6.70051
-17.8173 6.85279
-17.8173 7.00508
-17.8173 7.30964
-17.8173 7.46193
-17.8173 7.7665
-17.8173 7.91878
-17.8173 8.07107
-17.8173 8.37563
-17.8173 8.52792
-17.8173 8.6802
-17.8173 8.98477
-17.665 9.13706
-17.665 9.44162
-17.665 9.59391
-17.665 9.74619
-17.5127 10.0508
-17.5127 10.203
-17.5127 10.5076
-17.3604 10.6599
-17.3604 10.8122
-17.3604 11.1168
-17.2081 11.269
-17.2081 11.5736
-17.0558 11.7259
-17.0558 11.8782
-16.9036 12.1827
-16.9036 12.335
-16.7513 12.4873
-16.599 12.7919
-16.599 12.9442
-16.4467 13.0964
-16.2944 13.401
-16.2944 13.5533
-16.1421 13.7056
-15.9898 14.0102
-15.8376 14.1624
-15.6853 14.3147
-15.533 14.467
-15.3807 14.7716
-15.2284 14.9239
-15.0761 15.0761
-14.9239 15.2284
-14.7716 15.3807
-14.6193 15.533
-14.467 15.6853
-14.3147 15.8376
-14.1624 15.9898
-13.8579 16.1421
-13.7056 16.2944
-13.5533 16.2944
-13.2487 16.4467
-13.0964 16.599
-12.9442 16.599
-12.6396 16.7513
-12.4873 16.9036
-12.1827 16.9036
-12.0305 17.0558
-11.7259 17.0558
-11.5736 17.0558
-11.269 17.2081
-11.1168 17.2081
-10.8122 17.2081
-10.6599 17.2081
-10.3553 17.3604
-10.203 17.3604
-9.89848 17.3604
-9.74619 17.3604
-9.59391 17.3604
-9.28934 17.3604
-9.13706 17.3604
-8.83249 17.3604
-8.6802 17.3604
-8.37563 17.3604
-8.22335 17.3604
-7.91878 17.3604
-7.7665 17.3604
-7.46193 17.3604
-7.30964 17.3604
-7.15736 17.3604
-6.85279 17.3604
-6.70051 17.3604
-6.39594 17.3604
-6.24365 17.3604
-6.09137 17.3604
-5.7868 17.3604
-5.63452 17.3604
-5.32995 17.3604
-5.17766 17.3604
-4.8731 17.3604
-4.72081 17.3604
-4.56853 17.3604
-4.26396 17.3604
-4.11168 17.2081
-3.80711 17.2081
-3.65482 17.2081
-3.50254 17.0558
-3.19797 17.0558
-3.04569 17.0558
-2.8934 16.9036
-2.58883 16.9036
-2.43655 16.7513
-2.28426 16.7513
-1.9797 16.599
-1.82741 16.4467
-1.67513 16.4467
-1.52284 16.2944
-1.21827 16.1421
-1.06599 15.9898
-0.913706 15.8376
-0.761421 15.8376
-0.609137 15.6853
-0.456853 15.533
-0.304569 15.3807
-0.152284 15.2284
0 15.0761
0.152284 14.9239
0.304569 14.7716
0.456853 14.6193
0.609137 14.467
0.761421 14.3147
0.913706 14.1624
1.06599 14.0102
1.21827 13.8579
1.37056 13.7056
1.52284 13.5533
1.52284 13.401
1.67513 13.2487
1.82741 13.0964
1.9797 12.9442
2.13198 12.7919
2.13198 12.6396
2.28426 12.335
2.43655 12.1827
2.58883 12.0305
2.58883 11.8782
2.74112 11.7259
2.8934 11.5736
2.8934 11.4213
3.04569 11.269
3.04569 10.9645
3.19797 10.8122
3.35025 10.6599
3.35025 10.5076
3.50254 10.3553
3.50254 10.203
3.50254 9.89848
3.65482 9.74619
3.65482 9.59391
3.80711 9.44162
3.80711 9.13706
3.80711 8.98477
3.80711 8.83249
3.95939 8.6802
3.95939 8.37563
3.95939 8.22335
3.95939 8.07107
3.95939 7.91878
3.95939 7.61421
4.11168 7.46193
4.11168 7.30964
4.11168 7.15736
4.11168 6.85279
4.11168 6.70051
4.11168 6.54822
4.11168 6.39594
4.26396 6.24365
4.26396 5.93909
4.26396 5.7868
4.26396 5.63452
4.41624 5.48223
4.41624 5.17766
