4.41624 5.02538
4.41624 4.8731
4.56853 4.72081
4.56853 4.41624
4.56853 4.26396
4.72081 4.11168
4.72081 3.80711
4.72081 3.65482
4.8731 3.50254
4.8731 3.19797
4.8731 3.04569
4.8731 2.74112
4.8731 2.58883
4.8731 2.43655
5.02538 2.13198
5.02538 1.9797
5.02538 1.67513
5.02538 1.52284
5.02538 1.21827
5.02538 1.06599
4.8731 0.761421
4.8731 0.609137
4.8731 0.304569
4.8731 0.152284
4.8731 -0.152284
4.72081 -0.304569
4.72081 -0.456853
4.72081 -0.761421
4.56853 -0.913706
4.56853 -1.21827
4.41624 -1.37056
4.26396 -1.67513
4.26396 -1.82741
4.11168 -1.9797
4.11168 -2.28426
3.95939 -2.43655
3.80711 -2.58883
3.65482 -2.8934
3.50254 -3.04569
3.50254 -3.19797
3.35025 -3.35025
3.19797 -3.50254
3.04569 -3.80711
2.8934 -3.95939
2.74112 -4.11168
2.58883 -4.26396
2.43655 -4.41624
2.13198 -4.56853
1.9797 -4.72081
1.82741 -4.8731
1.67513 -5.02538
1.52284 -5.17766
1.21827 -5.17766
1.06599 -5.32995
0.913706 -5.48223
0.761421 -5.63452
0.456853 -5.7868
0.304569 -5.7868
0.152284 -5.93909
-0.152284 -6.09137
-0.304569 -6.09137
-0.609137 -6.24365
-0.761421 -6.24365
-0.913706 -6.39594
-1.21827 -6.39594
-1.37056 -6.54822
-1.67513 -6.54822
-1.82741 -6.70051
-1.9797 -6.70051
-2.28426 -6.70051
-2.43655 -6.85279
-2.74112 -6.85279
-2.8934 -6.85279
-3.04569 -7.00508
-3.35025 -7.00508
-3.50254 -7.00508
-3.80711 -7.00508
-3.95939 -7.00508
-4.26396 -7.15736
-4.41624 -7.15736
-4.56853 -7.15736
-4.8731 -7.15736
-5.02538 -7.15736
-5.32995 -7.15736
-5.48223 -7.15736
-5.7868 -7.15736
-5.93909 -7.15736
-6.09137 -7.15736
-6.39594 -7.15736
-6.54822 -7.15736
-6.85279 -7.15736
-7.00508 -7.15736
-7.15736 -7.15736
-7.46193 -7.00508
-7.61421 -7.00508
-7.91878 -7.00508
-8.07107 -7.00508
-8.22335 -6.85279
-8.52792 -6.85279
-8.6802 -6.85279
-8.83249 -6.70051
-9.13706 -6.70051
-9.28934 -6.54822
-9.44162 -6.54822
-9.59391 -6.39594
-9.89848 -6.39594
-10.0508 -6.24365
-10.203 -6.24365
-10.5076 -6.09137
-10.6599 -6.09137
-10.8122 -5.93909
-10.9645 -5.7868
-11.1168 -5.7868
-11.4213 -5.63452
-11.5736 -5.48223
-11.7259 -5.48223
-11.8782 -5.32995
-12.0305 -5.17766
-12.1827 -5.17766
-12.335 -5.02538
-12.6396 -4.8731
-12.7919 -4.8731
-12.9442 -4.72081
-13.0964 -4.56853
-13.2487 -4.41624
-13.401 -4.41624
-13.5533 -4.26396
-13.7056 -4.11168
-13.8579 -3.95939
-14.0102 -3.80711
-14.1624 -3.80711
-14.3147 -3.65482
-14.467 -3.50254
-14.6193 -3.35025
-14.7716 -3.19797
-14.9239 -3.04569
-15.0761 -2.8934
-15.2284 -2.74112
-15.3807 -2.58883
-15.533 -2.43655
-15.6853 -2.28426
-15.6853 -2.13198
-15.8376 -1.9797
-15.9898 -1.82741
-16.1421 -1.67513
-16.1421 -1.52284
-16.2944 -1.37056
-16.4467 -1.21827
-16.4467 -1.06599
-16.599 -0.761421
-16.7513 -0.609137
-16.7513 -0.456853
-16.9036 -0.304569
-16.9036 -0.152284
-17.0558 0.152284
-17.0558 0.304569
-17.0558 0.456853
-17.2081 0.609137
-17.2081 0.913706
-17.3604 1.06599
-17.3604 1.21827
-17.3604 1.37056
-17.5127 1.67513
-17.5127 1.82741
-17.5127 1.9797
-17.5127 2.13198
-17.665 2.43655
-17.665 2.58883
-17.665 2.74112
-17.8173 2.8934
-17.8173 3.19797
-17.8173 3.35025
-17.8173 3.50254
-17.9695 3.65482
-17.9695 3.95939
-17.9695 4.11168
-17.9695 4.26396
-18.1218 4.41624
-18.1218 4.72081
-18.1218 4.8731
-18.1218 5.02538
-18.1218 5.32995
-18.2741 5.48223
-18.2741 5.63452
-18.2741 5.93909
-18.2741 6.09137
-18.2741 6.24365
-18.2741 6.54822
-18.2741 6.70051
-18.2741 6.85279
-18.2741 7.15736
-18.2741 7.30964
-18.2741 7.46193
-18.1218 7.7665
-18.1218 7.91878
-18.1218 8.07107
-18.1218 8.37563
-17.9695 8.52792
-17.9695 8.6802
-17.9695 8.98477
-17.8173 9.13706
-17.8173 9.28934
-17.8173 9.44162
-17.665 9.74619
-17.665 9.89848
-17.5127 10.0508
-17.5127 10.3553
-17.3604 10.5076
-17.3604 10.6599
-17.2081 10.8122
-17.2081 11.1168
-17.0558 11.269
-17.0558 11.4213
-16.9036 11.5736
-16.7513 11.8782
-16.7513 12.0305
-16.599 12.1827
-16.599 12.4873
-16.4467 12.6396
-16.2944 12.7919
-16.2944 12.9442
-16.1421 13.2487
-15.9898 13.401
-15.8376 13.5533
-15.8376 13.7056
-15.6853 14.0102
-15.533 14.1624
-15.3807 14.3147
-15.2284 14.467
-15.0761 14.6193
-15.0761 14.9239
-14.9239 15.0761
-14.7716 15.2284
-14.6193 15.3807
-14.3147 15.533
-14.1624 15.6853
-14.0102 15.8376
-13.8579 15.9898
-13.7056 16.1421
-13.5533 16.2944
-13.2487 16.2944
-13.0964 16.4467
-12.9442 16.599
-12.6396 16.599
-12.4873 16.7513
-12.335 16.9036
-12.0305 16.9036
-11.8782 17.0558
-11.5736 17.0558
-11.4213 17.0558
-11.1168 17.2081
-10.9645 17.2081
-10.8122 17.2081
-10.5076 17.2081
-10.3553 17.3604
-10.0508 17.3604
-9.89848 17.3604
-9.59391 17.3604
-9.44162 17.3604
-9.13706 17.3604
-8.98477 17.3604
-8.6802 17.3604
-8.52792 17.3604
-8.37563 17.3604
-8.07107 17.3604
-7.91878 17.3604
-7.61421 17.3604
-7.46193 17.3604
-7.15736 17.5127
-7.00508 17.5127
-6.85279 17.5127
-6.54822 17.5127
-6.39594 17.5127
-6.09137 17.5127
-5.93909 17.3604
-5.7868 17.3604
-5.48223 17.3604
-5.32995 17.3604
-5.02538 17.3604
-4.8731 17.3604
-4.56853 17.3604
-4.41624 17.3604
-4.26396 17.2081
-3.95939 17.2081
-3.80711 17.2081
-3.50254 17.2081
-3.35025 17.0558
-3.19797 17.0558
-2.8934 16.9036
-2.74112 16.9036
-2.58883 16.9036
-2.28426 16.7513
-2.13198 16.599
-1.9797 16.599
-1.67513 16.4467
-1.52284 16.4467
-1.37056 16.2944
-1.06599 16.1421
-0.913706 15.9898
-0.761421 15.9898
-0.609137 15.8376
-0.456853 15.6853
-0.304569 15.533
0 15.3807
0.152284 15.2284
0.304569 15.0761
0.456853 15.0761
0.609137 14.9239
0.761421 14.7716
0.913706 14.6193
1.06599 14.467
1.21827 14.3147
1.37056 14.0102
1.52284 13.8579
1.52284 13.7056
1.67513 13.5533
1.82741 13.401
1.9797 13.2487
2.13198 13.0964
2.28426 12.9442
2.28426 12.7919
2.43655 12.4873
2.58883 12.335
2.58883 12.1827
2.74112 12.0305
2.8934 11.8782
2.8934 11.5736
3.04569 11.4213
3.04569 11.269
3.19797 11.1168
3.35025 10.9645
3.35025 10.6599
3.35025 10.5076
3.50254 10.3553
3.50254 10.203
3.65482 9.89848
3.65482 9.74619
3.80711 9.59391
3.80711 9.28934
3.80711 9.13706
3.80711 8.98477
3.95939 8.83249
3.95939 8.52792
3.95939 8.37563
3.95939 8.22335
4.11168 7.91878
4.11168 7.7665
4.11168 7.61421
4.11168 7.46193
4.11168 7.15736
4.11168 7.00508
4.26396 6.85279
4.26396 6.70051
4.26396 6.39594
4.26396 6.24365
4.26396 6.09137
4.26396 5.7868
4.41624 5.63452
4.41624 5.48223
4.41624 5.32995
