4.56853 5.32995
4.56853 5.02538
4.72081 4.8731
4.72081 4.72081
4.72081 4.56853
4.8731 4.26396
4.8731 4.11168
4.8731 3.95939
4.8731 3.65482
5.02538 3.50254
5.02538 3.35025
5.02538 3.04569
5.02538 2.8934
5.17766 2.74112
5.17766 2.43655
5.17766 2.28426
5.17766 1.9797
5.17766 1.82741
5.17766 1.52284
5.17766 1.37056
5.17766 1.21827
5.17766 0.913706
5.17766 0.761421
5.17766 0.456853
5.17766 0.304569
5.17766 0
5.02538 -0.152284
5.02538 -0.456853
5.02538 -0.609137
4.8731 -0.761421
4.8731 -1.06599
4.72081 -1.21827
4.72081 -1.52284
4.56853 -1.67513
4.56853 -1.82741
4.41624 -2.13198
4.26396 -2.28426
4.26396 -2.43655
4.11168 -2.74112
3.95939 -2.8934
3.80711 -3.04569
3.80711 -3.19797
3.65482 -3.50254
3.50254 -3.65482
3.35025 -3.80711
3.19797 -3.95939
3.04569 -4.11168
2.8934 -4.26396
2.74112 -4.41624
2.58883 -4.56853
2.43655 -4.72081
2.13198 -4.8731
1.9797 -5.02538
1.82741 -5.17766
1.67513 -5.32995
1.52284 -5.48223
1.21827 -5.63452
1.06599 -5.7868
0.913706 -5.7868
0.609137 -5.93909
0.456853 -6.09137
0.304569 -6.09137
0 -6.24365
-0.152284 -6.39594
-0.304569 -6.39594
-0.609137 -6.54822
-0.761421 -6.54822
-1.06599 -6.70051
-1.21827 -6.70051
-1.37056 -6.85279
-1.67513 -6.85279
-1.82741 -7.00508
-2.13198 -7.00508
-2.28426 -7.00508
-2.58883 -7.15736
-2.74112 -7.15736
-2.8934 -7.15736
-3.19797 -7.15736
-3.35025 -7.30964
-3.65482 -7.30964
-3.80711 -7.30964
-4.11168 -7.30964
-4.26396 -7.30964
-4.56853 -7.30964
-4.72081 -7.46193
-4.8731 -7.46193
-5.17766 -7.46193
-5.32995 -7.46193
-5.63452 -7.46193
-5.7868 -7.46193
-6.09137 -7.30964
-6.24365 -7.30964
-6.54822 -7.30964
-6.70051 -7.30964
-7.00508 -7.30964
-7.15736 -7.30964
-7.30964 -7.15736
-7.61421 -7.15736
-7.7665 -7.15736
-8.07107 -7.00508
-8.22335 -7.00508
-8.37563 -7.00508
-8.6802 -6.85279
-8.83249 -6.85279
-8.98477 -6.70051
-9.28934 -6.70051
-9.44162 -6.54822
-9.59391 -6.54822
-9.89848 -6.39594
-10.0508 -6.39594
-10.203 -6.24365
-10.5076 -6.09137
-10.6599 -6.09137
-10.8122 -5.93909
-10.9645 -5.93909
-11.269 -5.7868
-11.4213 -5.63452
-11.5736 -5.48223
-11.7259 -5.48223
-11.8782 -5.32995
-12.0305 -5.17766
-12.335 -5.17766
-12.4873 -5.02538
-12.6396 -4.8731
-12.7919 -4.72081
-12.9442 -4.56853
-13.0964 -4.56853
-13.2487 -4.41624
-13.401 -4.26396
-13.7056 -4.11168
-13.8579 -3.95939
-14.0102 -3.80711
-14.1624 -3.65482
-14.3147 -3.50254
-14.467 -3.35025
-14.6193 -3.19797
-14.7716 -3.04569
-14.9239 -2.8934
-14.9239 -2.74112
-15.0761 -2.58883
-15.2284 -2.43655
-15.3807 -2.28426
-15.533 -2.13198
-15.6853 -1.9797
-15.6853 -1.82741
-15.8376 -1.67513
-15.9898 -1.37056
-16.1421 -1.21827
-16.1421 -1.06599
-16.2944 -0.913706
-16.2944 -0.761421
-16.4467 -0.456853
-16.599 -0.304569
-16.599 -0.152284
-16.7513 0
-16.7513 0.304569
-16.9036 0.456853
-16.9036 0.609137
-16.9036 0.913706
-17.0558 1.06599
-17.0558 1.21827
-17.2081 1.37056
-17.2081 1.67513
-17.2081 1.82741
-17.3604 1.9797
-17.3604 2.28426
-17.3604 2.43655
-17.5127 2.58883
-17.5127 2.8934
-17.5127 3.04569
-17.5127 3.19797
-17.665 3.35025
-17.665 3.65482
-17.665 3.80711
-17.665 3.95939
-17.665 4.26396
-17.8173 4.41624
-17.8173 4.56853
-17.8173 4.8731
-17.8173 5.02538
-17.8173 5.32995
-17.8173 5.48223
-17.8173 5.63452
-17.8173 5.93909
-17.8173 6.09137
-17.8173 6.24365
-17.8173 6.54822
-17.8173 6.70051
-17.8173 6.85279
-17.8173 7.15736
-17.8173 7.30964
-17.8173 7.46193
-17.8173 7.7665
-17.8173 7.91878
-17.665 8.22335
-17.665 8.37563
-17.665 8.52792
-17.5127 8.83249
-17.5127 8.98477
-17.5127 9.13706
-17.3604 9.44162
-17.3604 9.59391
-17.2081 9.74619
-17.2081 10.0508
-17.2081 10.203
-17.0558 10.3553
-17.0558 10.5076
-16.9036 10.8122
-16.7513 10.9645
-16.7513 11.1168
-16.599 11.4213
-16.599 11.5736
-16.4467 11.7259
-16.2944 11.8782
-16.2944 12.1827
-16.1421 12.335
-15.9898 12.4873
-15.9898 12.6396
-15.8376 12.9442
-15.6853 13.0964
-15.533 13.2487
-15.533 13.401
-15.3807 13.7056
-15.2284 13.8579
-15.0761 14.0102
-14.9239 14.1624
-14.9239 14.3147
-14.7716 14.467
-14.6193 14.7716
-14.467 14.9239
-14.3147 15.0761
-14.1624 15.2284
-14.0102 15.3807
-13.8579 15.533
-13.5533 15.6853
-13.401 15.8376
-13.2487 15.9898
-13.0964 16.1421
-12.9442 16.1421
-12.6396 16.2944
-12.4873 16.4467
-12.335 16.599
-12.0305 16.599
-11.8782 16.7513
-11.7259 16.7513
-11.4213 16.9036
-11.269 16.9036
-11.1168 17.0558
-10.8122 17.0558
-10.6599 17.0558
-10.3553 17.2081
-10.203 17.2081
-9.89848 17.2081
-9.74619 17.2081
-9.44162 17.3604
-9.28934 17.3604
-9.13706 17.3604
-8.83249 17.3604
-8.6802 17.3604
-8.37563 17.3604
-8.22335 17.3604
-7.91878 17.3604
-7.7665 17.3604
-7.61421 17.3604
-7.30964 17.3604
-7.15736 17.3604
-6.85279 17.3604
-6.70051 17.3604
-6.54822 17.3604
-6.24365 17.3604
-6.09137 17.3604
-5.7868 17.3604
-5.63452 17.3604
-5.48223 17.3604
-5.17766 17.3604
-5.02538 17.3604
-4.72081 17.3604
-4.56853 17.3604
-4.41624 17.2081
-4.11168 17.2081
-3.95939 17.2081
-3.80711 17.2081
-3.50254 17.2081
-3.35025 17.0558
-3.04569 17.0558
-2.8934 17.0558
-2.74112 16.9036
-2.43655 16.9036
-2.28426 16.7513
-2.13198 16.7513
-1.9797 16.599
-1.67513 16.599
-1.52284 16.4467
-1.37056 16.4467
-1.06599 16.2944
-0.913706 16.1421
-0.761421 16.1421
-0.609137 15.9898
-0.456853 15.8376
-0.304569 15.6853
0 15.6853
0.152284 15.533
0.304569 15.3807
0.456853 15.2284
0.609137 15.0761
0.761421 14.9239
0.913706 14.7716
1.06599 14.6193
1.21827 14.467
1.37056 14.467
1.52284 14.3147
1.67513 14.1624
1.82741 14.0102
1.82741 13.7056
1.9797 13.5533
2.13198 13.401
2.28426 13.2487
2.43655 13.0964
2.43655 12.9442
2.58883 12.7919
2.74112 12.6396
2.8934 12.4873
2.8934 12.335
3.04569 12.1827
3.19797 11.8782
3.19797 11.7259
3.35025 11.5736
3.35025 11.4213
3.50254 11.269
3.65482 11.1168
3.65482 10.8122
3.80711 10.6599
3.80711 10.5076
3.95939 10.3553
3.95939 10.203
3.95939 9.89848
4.11168 9.74619
4.11168 9.59391
4.11168 9.44162
4.26396 9.13706
4.26396 8.98477
4.26396 8.83249
4.26396 8.6802
4.41624 8.37563
4.41624 8.22335
4.41624 8.07107
4.41624 7.91878
4.41624 7.61421
4.41624 7.46193
4.56853 7.30964
4.56853 7.15736
4.56853 7.00508
4.56853 6.70051
4.56853 6.54822
4.56853 6.39594
4.56853 6.24365
4.56853 5.93909
4.56853 5.7868
4.56853 5.63452
4.56853 5.48223
