4.72081 5.17766
4.72081 5.02538
4.8731 4.8731
4.8731 4.72081
4.8731 4.41624
5.02538 4.26396
5.02538 4.11168
5.02538 3.80711
5.02538 3.65482
5.17766 3.50254
5.17766 3.19797
5.17766 3.04569
5.17766 2.74112
5.32995 2.58883
5.32995 2.28426
5.32995 2.13198
5.32995 1.9797
5.32995 1.67513
5.32995 1.52284
5.32995 1.21827
5.32995 1.06599
5.32995 0.761421
5.32995 0.609137
5.32995 0.304569
5.32995 0.152284
5.17766 -0.152284
5.17766 -0.304569
5.17766 -0.609137
5.02538 -0.761421
5.02538 -0.913706
4.8731 -1.21827
4.8731 -1.37056
4.72081 -1.67513
4.72081 -1.82741
4.56853 -1.9797
4.41624 -2.28426
4.26396 -2.43655
4.26396 -2.58883
4.11168 -2.8934
3.95939 -3.04569
3.80711 -3.19797
3.65482 -3.35025
3.50254 -3.50254
3.35025 -3.80711
3.19797 -3.95939
3.04569 -4.11168
2.8934 -4.26396
2.74112 -4.41624
2.58883 -4.56853
2.43655 -4.72081
2.28426 -4.8731
2.13198 -5.02538
1.82741 -5.17766
1.67513 -5.32995
1.52284 -5.48223
1.37056 -5.48223
1.21827 -5.63452
0.913706 -5.7868
0.761421 -5.93909
0.609137 -6.09137
0.304569 -6.09137
0.152284 -6.24365
0 -6.39594
-0.304569 -6.39594
-0.456853 -6.54822
-0.761421 -6.54822
-0.913706 -6.70051
-1.06599 -6.70051
-1.37056 -6.85279
-1.52284 -6.85279
-1.82741 -7.00508
-1.9797 -7.00508
-2.28426 -7.15736
-2.43655 -7.15736
-2.58883 -7.15736
-2.8934 -7.30964
-3.04569 -7.30964
-3.35025 -7.30964
-3.50254 -7.30964
-3.80711 -7.30964
-3.95939 -7.46193
-4.26396 -7.46193
-4.41624 -7.46193
-4.72081 -7.46193
-4.8731 -7.46193
-5.17766 -7.46193
-5.32995 -7.46193
-5.48223 -7.46193
-5.7868 -7.46193
-5.93909 -7.46193
-6.24365 -7.30964
-6.39594 -7.30964
-6.70051 -7.30964
-6.85279 -7.30964
-7.15736 -7.30964
-7.30964 -7.15736
-7.46193 -7.15736
-7.7665 -7.15736
-7.91878 -7.00508
-8.07107 -7.00508
-8.37563 -6.85279
-8.52792 -6.85279
-8.83249 -6.70051
-8.98477 -6.70051
-9.13706 -6.54822
-9.28934 -6.54822
-9.59391 -6.39594
-9.74619 -6.39594
-9.89848 -6.24365
-10.203 -6.09137
-10.3553 -6.09137
-10.5076 -5.93909
-10.6599 -5.93909
-10.8122 -5.7868
-11.1168 -5.63452
-11.269 -5.48223
-11.4213 -5.48223
-11.5736 -5.32995
-11.7259 -5.17766
-11.8782 -5.17766
-12.1827 -5.02538
-12.335 -4.8731
-12.4873 -4.72081
-12.6396 -4.72081
-12.7919 -4.56853
-12.9442 -4.41624
-13.0964 -4.26396
-13.2487 -4.11168
-13.401 -4.11168
-13.5533 -3.95939
-13.7056 -3.80711
-14.0102 -3.65482
-14.1624 -3.50254
-14.3147 -3.35025
-14.467 -3.19797
-14.6193 -3.04569
-14.6193 -2.8934
-14.7716 -2.74112
-14.9239 -2.58883
-15.0761 -2.43655
-15.2284 -2.28426
-15.3807 -2.13198
-15.533 -1.9797
-15.533 -1.82741
-15.6853 -1.67513
-15.8376 -1.52284
-15.9898 -1.37056
-15.9898 -1.21827
-16.1421 -0.913706
-16.2944 -0.761421
-16.2944 -0.609137
-16.4467 -0.456853
-16.4467 -0.304569
-16.599 0
-16.599 0.152284
-16.7513 0.304569
-16.7513 0.456853
-16.7513 0.761421
-16.9036 0.913706
-16.9036 1.06599
-17.0558 1.37056
-17.0558 1.52284
-17.0558 1.67513
-17.2081 1.82741
-17.2081 2.13198
-17.2081 2.28426
-17.2081 2.43655
-17.3604 2.58883
-17.3604 2.8934
-17.3604 3.04569
-17.5127 3.19797
-17.5127 3.50254
-17.5127 3.65482
-17.5127 3.80711
-17.5127 3.95939
-17.665 4.26396
-17.665 4.41624
-17.665 4.56853
-17.665 4.8731
-17.665 5.02538
-17.8173 5.17766
-17.8173 5.48223
-17.8173 5.63452
-17.8173 5.7868
-17.8173 6.09137
-17.8173 6.24365
-17.8173 6.39594
-17.8173 6.70051
-17.8173 6.85279
-17.8173 7.00508
-17.8173 7.30964
-17.8173 7.46193
-17.665 7.61421
-17.665 7.91878
-17.665 8.07107
-17.665 8.22335
-17.5127 8.52792
-17.5127 8.6802
-17.5127 8.83249
-17.3604 9.13706
-17.3604 9.28934
-17.3604 9.44162
-17.2081 9.74619
-17.2081 9.89848
-17.0558 10.0508
-17.0558 10.203
-16.9036 10.5076
-16.9036 10.6599
-16.7513 10.8122
-16.599 10.9645
-16.599 11.269
-16.4467 11.4213
-16.4467 11.5736
-16.2944 11.7259
-16.1421 12.0305
-16.1421 12.1827
-15.9898 12.335
-15.9898 12.4873
-15.8376 12.7919
-15.6853 12.9442
-15.533 13.0964
-15.533 13.2487
-15.3807 13.5533
-15.2284 13.7056
-15.2284 13.8579
-15.0761 14.0102
-14.9239 14.1624
-14.7716 14.467
-14.6193 14.6193
-14.467 14.7716
-14.3147 14.9239
-14.1624 15.0761
-14.0102 15.2284
-13.8579 15.3807
-13.7056 15.533
-13.5533 15.6853
-13.401 15.8376
-13.2487 15.9898
-13.0964 16.1421
-12.7919 16.2944
-12.6396 16.4467
-12.4873 16.4467
-12.335 16.599
-12.0305 16.7513
-11.8782 16.7513
-11.5736 16.9036
-11.4213 16.9036
-11.269 16.9036
-10.9645 17.0558
-10.8122 17.0558
-10.5076 17.0558
-10.3553 17.2081
-10.0508 17.2081
-9.89848 17.2081
-9.59391 17.2081
-9.44162 17.2081
-9.28934 17.2081
-8.98477 17.3604
-8.83249 17.3604
-8.52792 17.3604
-8.37563 17.3604
-8.07107 17.3604
-7.91878 17.3604
-7.7665 17.3604
-7.46193 17.3604
-7.30964 17.3604
-7.00508 17.3604
-6.85279 17.3604
-6.70051 17.3604
-6.39594 17.3604
-6.24365 17.3604
-5.93909 17.3604
-5.7868 17.3604
-5.63452 17.3604
-5.32995 17.3604
-5.17766 17.3604
-4.8731 17.3604
-4.72081 17.3604
-4.56853 17.3604
-4.26396 17.3604
-4.11168 17.3604
-3.80711 17.3604
-3.65482 17.3604
-3.50254 17.2081
-3.19797 17.2081
-3.04569 17.2081
-2.74112 17.2081
-2.58883 17.0558
-2.43655 17.0558
-2.13198 16.9036
-1.9797 16.9036
-1.82741 16.7513
-1.52284 16.7513
-1.37056 16.599
-1.21827 16.4467
-1.06599 16.4467
-0.761421 16.2944
-0.609137 16.1421
-0.456853 15.9898
-0.304569 15.9898
-0.152284 15.8376
0 15.6853
0.304569 15.533
0.456853 15.3807
0.609137 15.2284
0.761421 15.0761
0.913706 14.9239
1.06599 14.7716
1.21827 14.6193
1.37056 14.467
1.37056 14.3147
1.52284 14.1624
1.67513 14.0102
1.82741 13.8579
1.9797 13.7056
2.13198 13.5533
2.28426 13.401
2.28426 13.2487
2.43655 13.0964
2.58883 12.9442
2.74112 12.6396
2.74112 12.4873
2.8934 12.335
3.04569 12.1827
3.19797 12.0305
3.19797 11.8782
3.35025 11.7259
3.35025 11.4213
3.50254 11.269
3.65482 11.1168
3.65482 10.9645
3.80711 10.8122
3.80711 10.5076
3.95939 10.3553
3.95939 10.203
4.11168 10.0508
4.11168 9.89848
4.26396 9.59391
4.26396 9.44162
4.26396 9.28934
4.41624 9.13706
4.41624 8.83249
4.41624 8.6802
4.56853 8.52792
4.56853 8.37563
4.56853 8.07107
4.56853 7.91878
4.72081 7.7665
4.72081 7.61421
4.72081 7.30964
4.72081 7.15736
4.72081 7.00508
4.72081 6.70051
4.72081 6.54822
4.72081 6.39594
4.72081 6.24365
4.72081 5.93909
4.72081 5.7868
4.72081 5.63452
4.72081 5.48223
