4.8731 5.17766
4.8731 5.02538
5.02538 4.8731
5.02538 4.56853
5.02538 4.41624
5.17766 4.26396
5.17766 3.95939
5.17766 3.80711
5.32995 3.65482
5.32995 3.35025
5.32995 3.19797
5.32995 3.04569
5.32995 2.74112
5.48223 2.58883
5.48223 2.28426
5.48223 2.13198
5.48223 1.82741
5.48223 1.67513
5.48223 1.52284
5.48223 1.21827
5.32995 1.06599
5.32995 0.761421
5.32995 0.609137
5.32995 0.304569
5.32995 0.152284
5.17766 -0.152284
5.17766 -0.304569
5.17766 -0.456853
5.02538 -0.761421
5.02538 -0.913706
4.8731 -1.21827
4.8731 -1.37056
4.72081 -1.52284
4.72081 -1.82741
4.56853 -1.9797
4.41624 -2.28426
4.41624 -2.43655
4.26396 -2.58883
4.11168 -2.74112
3.95939 -3.04569
3.80711 -3.19797
3.65482 -3.35025
3.65482 -3.50254
3.50254 -3.65482
3.35025 -3.95939
3.19797 -4.11168
3.04569 -4.26396
2.74112 -4.41624
2.58883 -4.56853
2.43655 -4.72081
2.28426 -4.8731
2.13198 -5.02538
1.9797 -5.17766
1.67513 -5.17766
1.52284 -5.32995
1.37056 -5.48223
1.21827 -5.63452
0.913706 -5.7868
0.761421 -5.7868
0.609137 -5.93909
0.304569 -6.09137
0.152284 -6.09137
0 -6.24365
-0.304569 -6.24365
-0.456853 -6.39594
-0.761421 -6.54822
-0.913706 -6.54822
-1.06599 -6.54822
-1.37056 -6.70051
-1.52284 -6.70051
-1.82741 -6.85279
-1.9797 -6.85279
-2.13198 -6.85279
-2.43655 -7.00508
-2.58883 -7.00508
-2.8934 -7.00508
-3.04569 -7.15736
-3.35025 -7.15736
-3.50254 -7.15736
-3.65482 -7.15736
-3.95939 -7.15736
-4.11168 -7.30964
-4.41624 -7.30964
-4.56853 -7.30964
-4.8731 -7.30964
-5.02538 -7.30964
-5.32995 -7.30964
-5.48223 -7.30964
-5.63452 -7.30964
-5.93909 -7.30964
-6.09137 -7.30964
-6.39594 -7.30964
-6.54822 -7.30964
-6.85279 -7.15736
-7.00508 -7.15736
-7.15736 -7.15736
-7.46193 -7.15736
-7.61421 -7.00508
-7.91878 -7.00508
-8.07107 -7.00508
-8.22335 -6.85279
-8.52792 -6.85279
-8.6802 -6.70051
-8.83249 -6.70051
-9.13706 -6.54822
-9.28934 -6.54822
-9.44162 -6.39594
-9.74619 -6.39594
-9.89848 -6.24365
-10.0508 -6.24365
-10.203 -6.09137
-10.5076 -5.93909
-10.6599 -5.93909
-10.8122 -5.7868
-10.9645 -5.63452
-11.1168 -5.63452
-11.269 -5.48223
-11.5736 -5.32995
-11.7259 -5.17766
-11.8782 -5.17766
-12.0305 -5.02538
-12.1827 -4.8731
-12.335 -4.72081
-12.4873 -4.72081
-12.7919 -4.56853
-12.9442 -4.41624
-13.0964 -4.26396
-13.2487 -4.11168
-13.401 -4.11168
-13.5533 -3.95939
-13.7056 -3.80711
-13.8579 -3.65482
-14.0102 -3.50254
-14.1624 -3.35025
-14.3147 -3.19797
-14.467 -3.04569
-14.6193 -2.8934
-14.7716 -2.74112
-14.9239 -2.58883
-14.9239 -2.43655
-15.0761 -2.28426
-15.2284 -2.13198
-15.3807 -1.9797
-15.533 -1.82741
-15.533 -1.67513
-15.6853 -1.52284
-15.8376 -1.37056
-15.8376 -1.21827
-15.9898 -0.913706
-16.1421 -0.761421
-16.1421 -0.609137
-16.2944 -0.456853
-16.2944 -0.152284
-16.4467 0
-16.4467 0.152284
-16.599 0.304569
-16.599 0.456853
-16.7513 0.761421
-16.7513 0.913706
-16.7513 1.06599
-16.9036 1.37056
-16.9036 1.52284
-17.0558 1.67513
-17.0558 1.82741
-17.0558 2.13198
-17.2081 2.28426
-17.2081 2.43655
-17.2081 2.58883
-17.2081 2.8934
-17.3604 3.04569
-17.3604 3.19797
-17.3604 3.35025
-17.5127 3.65482
-17.5127 3.80711
-17.5127 3.95939
-17.5127 4.26396
-17.5127 4.41624
-17.665 4.56853
-17.665 4.8731
-17.665 5.02538
-17.665 5.17766
-17.665 5.48223
-17.665 5.63452
-17.8173 5.7868
-17.8173 6.09137
-17.8173 6.24365
-17.8173 6.39594
-17.8173 6.70051
-17.8173 6.85279
-17.8173 7.00508
-17.8173 7.30964
-17.665 7.46193
-17.665 7.61421
-17.665 7.91878
-17.665 8.07107
-17.665 8.22335
-17.5127 8.52792
-17.5127 8.6802
-17.5127 8.83249
-17.3604 9.13706
-17.3604 9.28934
-17.3604 9.44162
-17.2081 9.74619
-17.2081 9.89848
-17.0558 10.0508
-17.0558 10.3553
-16.9036 10.5076
-16.9036 10.6599
-16.7513 10.8122
-16.7513 11.1168
-16.599 11.269
-16.4467 11.4213
-16.4467 11.5736
-16.2944 11.8782
-16.2944 12.0305
-16.1421 12.1827
-15.9898 12.335
-15.9898 12.6396
-15.8376 12.7919
-15.6853 12.9442
-15.6853 13.0964
-15.533 13.401
-15.3807 13.5533
-15.2284 13.7056
-15.0761 13.8579
-15.0761 14.1624
-14.9239 14.3147
-14.7716 14.467
-14.6193 14.6193
-14.467 14.7716
-14.3147 14.9239
-14.1624 15.0761
-14.0102 15.2284
-13.8579 15.3807
-13.7056 15.533
-13.5533 15.6853
-13.401 15.8376
-13.0964 15.9898
-12.9442 16.1421
-12.7919 16.2944
-12.6396 16.4467
-12.335 16.4467
-12.1827 16.599
-12.0305 16.7513
-11.7259 16.7513
-11.5736 16.9036
-11.4213 16.9036
-11.1168 17.0558
-10.9645 17.0558
-10.6599 17.0558
-10.5076 17.2081
-10.203 17.2081
-10.0508 17.2081
-9.89848 17.2081
-9.59391 17.3604
-9.44162 17.3604
-9.13706 17.3604
-8.98477 17.3604
-8.6802 17.3604
-8.52792 17.3604
-8.22335 17.3604
-8.07107 17.3604
-7.91878 17.3604
-7.61421 17.3604
-7.46193 17.3604
-7.15736 17.5127
-7.00508 17.5127
-6.70051 17.5127
-6.54822 17.5127
-6.39594 17.5127
-6.09137 17.5127
-5.93909 17.5127
-5.63452 17.5127
-5.48223 17.5127
-5.32995 17.5127
-5.02538 17.5127
-4.8731 17.3604
-4.56853 17.3604
-4.41624 17.3604
-4.26396 17.3604
-3.95939 17.3604
-3.80711 17.3604
-3.50254 17.3604
-3.35025 17.2081
-3.19797 17.2081
-2.8934 17.2081
-2.74112 17.0558
-2.58883 17.0558
-2.28426 17.0558
-2.13198 16.9036
-1.82741 16.9036
-1.67513 16.7513
-1.52284 16.599
-1.37056 16.599
-1.06599 16.4467
-0.913706 16.2944
-0.761421 16.2944
-0.609137 16.1421
-0.456853 15.9898
-0.152284 15.8376
0 15.8376
0.152284 15.6853
0.304569 15.533
0.456853 15.3807
0.609137 15.2284
0.761421 15.0761
0.913706 14.9239
1.06599 14.7716
1.21827 14.6193
1.37056 14.467
1.52284 14.3147
1.67513 14.1624
1.82741 14.0102
1.9797 13.8579
2.13198 13.7056
2.13198 13.5533
2.28426 13.401
2.43655 13.2487
2.58883 13.0964
2.74112 12.7919
2.74112 12.6396
2.8934 12.4873
3.04569 12.335
3.04569 12.1827
3.19797 12.0305
3.35025 11.8782
3.35025 11.5736
3.50254 11.4213
3.50254 11.269
3.65482 11.1168
3.65482 10.9645
3.80711 10.6599
3.80711 10.5076
3.95939 10.3553
3.95939 10.203
4.11168 9.89848
4.11168 9.74619
4.26396 9.59391
4.26396 9.44162
4.26396 9.13706
4.41624 8.98477
4.41624 8.83249
4.41624 8.6802
4.41624 8.52792
4.56853 8.22335
4.56853 8.07107
4.56853 7.91878
4.56853 7.61421
4.72081 7.46193
4.72081 7.30964
4.72081 7.15736
4.72081 6.85279
4.72081 6.70051
4.72081 6.54822
4.72081 6.39594
4.72081 6.09137
4.8731 5.93909
4.8731 5.7868
4.8731 5.63452
4.8731 5.32995
