12.6396 -3.19797
12.7919 -3.50254
12.7919 -3.65482
12.9442 -3.80711
12.9442 -3.95939
12.9442 -4.26396
13.0964 -4.41624
13.0964 -4.56853
13.0964 -4.72081
13.0964 -5.02538
13.0964 -5.17766
13.0964 -5.32995
12.9442 -5.63452
12.9442 -5.7868
12.9442 -5.93909
12.9442 -6.09137
12.7919 -6.39594
12.7919 -6.54822
12.7919 -6.70051
12.6396 -6.85279
12.6396 -7.00508
12.4873 -7.30964
12.4873 -7.46193
12.335 -7.61421
12.335 -7.7665
12.335 -7.91878
12.1827 -8.22335
12.1827 -8.37563
12.0305 -8.52792
12.0305 -8.6802
11.8782 -8.83249
11.7259 -9.13706
11.7259 -9.28934
11.5736 -9.44162
11.5736 -9.59391
11.4213 -9.74619
11.269 -9.89848
11.269 -10.0508
11.1168 -10.3553
10.9645 -10.5076
10.9645 -10.6599
10.8122 -10.8122
10.6599 -10.9645
10.5076 -11.1168
10.3553 -11.269
10.203 -11.4213
10.0508 -11.5736
9.89848 -11.7259
9.74619 -11.7259
9.59391 -11.8782
9.44162 -12.0305
9.28934 -12.1827
9.13706 -12.335
8.98477 -12.335
8.83249 -12.4873
8.6802 -12.4873
8.37563 -12.6396
8.22335 -12.6396
8.07107 -12.7919
7.91878 -12.7919
7.61421 -12.9442
7.46193 -12.9442
7.30964 -12.9442
7.15736 -13.0964
6.85279 -13.0964
6.70051 -13.0964
6.54822 -13.0964
6.39594 -13.0964
6.09137 -13.2487
5.93909 -13.2487
5.7868 -13.2487
5.48223 -13.2487
5.32995 -13.2487
5.17766 -13.2487
5.02538 -13.2487
4.72081 -13.2487
4.56853 -13.2487
4.41624 -13.2487
4.26396 -13.0964
4.11168 -13.0964
3.80711 -13.0964
3.65482 -13.0964
3.50254 -13.0964
3.35025 -13.0964
3.19797 -13.0964
3.04569 -12.9442
2.74112 -12.9442
2.58883 -12.9442
2.43655 -12.9442
2.28426 -12.9442
2.13198 -12.7919
1.9797 -12.7919
1.82741 -12.7919
1.67513 -12.7919
1.52284 -12.7919
1.21827 -12.7919
1.06599 -12.6396
0.913706 -12.6396
0.761421 -12.6396
0.609137 -12.6396
0.456853 -12.6396
0.304569 -12.6396
0.152284 -12.6396
0 -12.6396
-0.152284 -12.6396
-0.304569 -12.4873
-0.609137 -12.4873
-0.761421 -12.4873
-0.913706 -12.4873
-1.06599 -12.4873
-1.21827 -12.4873
-1.37056 -12.335
-1.52284 -12.335
-1.67513 -12.335
-1.82741 -12.1827
-1.9797 -12.1827
-2.28426 -12.1827
-2.43655 -12.0305
-2.58883 -12.0305
-2.74112 -11.8782
-2.8934 -11.8782
-3.04569 -11.7259
-3.19797 -11.7259
-3.35025 -11.5736
-3.35025 -11.4213
-3.50254 -11.269
-3.65482 -11.269
-3.80711 -11.1168
-3.95939 -10.9645
-4.11168 -10.8122
-4.11168 -10.6599
-4.26396 -10.6599
-4.41624 -10.5076
-4.41624 -10.3553
-4.56853 -10.203
-4.72081 -10.0508
-4.72081 -9.89848
-4.8731 -9.74619
-4.8731 -9.59391
-5.02538 -9.44162
-5.02538 -9.28934
-5.17766 -9.13706
-5.17766 -8.98477
-5.32995 -8.83249
-5.32995 -8.6802
-5.32995 -8.52792
-5.48223 -8.37563
-5.48223 -8.22335
-5.63452 -8.07107
-5.63452 -7.91878
-5.63452 -7.7665
-5.7868 -7.61421
-5.7868 -7.46193
-5.7868 -7.30964
-5.7868 -7.15736
-5.93909 -7.00508
-5.93909 -6.85279
-5.93909 -6.70051
-5.93909 -6.54822
-6.09137 -6.39594
-6.09137 -6.24365
-6.09137 -6.09137
-6.09137 -5.93909
-6.24365 -5.7868
-6.24365 -5.63452
-6.24365 -5.48223
-6.24365 -5.32995
-6.24365 -5.17766
-6.39594 -5.02538
-6.39594 -4.8731
-6.39594 -4.72081
-6.39594 -4.56853
-6.39594 -4.41624
-6.54822 -4.26396
-6.54822 -4.11168
-6.54822 -3.95939
-6.54822 -3.80711
-6.54822 -3.65482
-6.54822 -3.50254
-6.70051 -3.35025
-6.70051 -3.19797
-6.70051 -3.04569
-6.70051 -2.8934
-6.70051 -2.74112
-6.70051 -2.58883
-6.70051 -2.43655
-6.85279 -2.28426
-6.85279 -2.13198
-6.85279 -1.9797
-6.85279 -1.82741
-6.85279 -1.67513
-6.85279 -1.52284
-6.85279 -1.37056
-6.85279 -1.21827
-6.85279 -1.06599
-6.85279 -0.913706
-6.85279 -0.761421
-6.85279 -0.456853
-6.70051 -0.304569
-6.70051 -0.152284
-6.70051 0
-6.70051 0.152284
-6.70051 0.304569
-6.70051 0.456853
-6.70051 0.609137
-6.54822 0.761421
-6.54822 0.913706
-6.54822 1.21827
-6.54822 1.37056
-6.39594 1.52284
-6.39594 1.67513
-6.39594 1.82741
-6.24365 1.9797
-6.24365 2.13198
-6.24365 2.28426
-6.09137 2.43655
-6.09137 2.74112
-5.93909 2.8934
-5.93909 3.04569
-5.7868 3.19797
-5.7868 3.35025
-5.63452 3.50254
-5.63452 3.65482
-5.48223 3.80711
-5.48223 4.11168
-5.32995 4.26396
-5.32995 4.41624
-5.17766 4.56853
-5.02538 4.72081
-5.02538 4.8731
-4.8731 5.02538
-4.72081 5.17766
-4.56853 5.32995
-4.41624 5.48223
-4.41624 5.63452
-4.26396 5.7868
-4.11168 5.93909
-3.95939 6.09137
-3.80711 6.24365
-3.65482 6.39594
-3.50254 6.39594
-3.35025 6.54822
-3.19797 6.70051
-3.04569 6.85279
-2.8934 6.85279
-2.74112 7.00508
-2.43655 7.15736
-2.28426 7.15736
-2.13198 7.30964
-1.9797 7.30964
-1.82741 7.46193
-1.52284 7.46193
-1.37056 7.61421
-1.21827 7.61421
-1.06599 7.61421
-0.761421 7.7665
-0.609137 7.7665
-0.456853 7.7665
-0.304569 7.7665
0 7.7665
0.152284 7.7665
0.304569 7.7665
0.609137 7.7665
0.761421 7.7665
0.913706 7.7665
1.21827 7.7665
1.37056 7.7665
1.52284 7.7665
1.67513 7.7665
1.9797 7.7665
2.13198 7.61421
2.28426 7.61421
2.43655 7.61421
2.74112 7.46193
2.8934 7.46193
3.04569 7.46193
3.19797 7.30964
3.35025 7.30964
3.65482 7.15736
3.80711 7.15736
3.95939 7.00508
4.11168 7.00508
4.26396 6.85279
4.41624 6.70051
4.56853 6.70051
4.72081 6.54822
4.8731 6.39594
5.02538 6.39594
5.17766 6.24365
5.32995 6.09137
5.48223 5.93909
5.63452 5.93909
5.7868 5.7868
5.93909 5.63452
6.09137 5.48223
6.09137 5.32995
6.24365 5.32995
6.39594 5.17766
6.54822 5.02538
6.70051 4.8731
6.70051 4.72081
6.85279 4.56853
7.00508 4.56853
7.00508 4.41624
7.15736 4.26396
7.30964 4.11168
7.30964 3.95939
7.46193 3.80711
7.61421 3.65482
7.61421 3.65482
7.7665 3.50254
7.91878 3.35025
7.91878 3.19797
8.07107 3.04569
8.07107 3.04569
8.22335 2.8934
8.37563 2.74112
8.37563 2.58883
8.52792 2.43655
8.52792 2.43655
8.6802 2.28426
8.83249 2.13198
8.83249 1.9797
8.98477 1.82741
8.98477 1.82741
9.13706 1.67513
9.28934 1.52284
9.28934 1.37056
9.44162 1.37056
9.44162 1.21827
9.59391 1.06599
9.59391 0.913706
9.74619 0.761421
9.89848 0.609137
9.89848 0.609137
10.0508 0.456853
10.0508 0.304569
10.203 0.152284
10.203 0
10.3553 -0.152284
10.3553 -0.304569
10.5076 -0.304569
10.6599 -0.456853
10.6599 -0.609137
10.8122 -0.761421
10.8122 -0.913706
10.9645 -1.06599
10.9645 -1.21827
11.1168 -1.37056
11.269 -1.52284
11.269 -1.67513
11.4213 -1.82741
11.5736 -1.9797
11.7259 -2.13198
11.7259 -2.28426
11.8782 -2.43655
12.0305 -2.58883
12.1827 -2.74112
12.335 -2.8934
12.4873 -3.04569
