4.8731 5.17766
4.8731 5.02538
5.02538 4.8731
5.02538 4.72081
5.17766 4.41624
5.17766 4.26396
5.17766 4.11168
5.32995 3.80711
5.32995 3.65482
5.32995 3.50254
5.48223 3.19797
5.48223 3.04569
5.48223 2.8934
5.48223 2.58883
5.48223 2.43655
5.48223 2.13198
5.63452 1.9797
5.63452 1.82741
5.63452 1.52284
5.63452 1.37056
5.48223 1.06599
5.48223 0.913706
5.48223 0.609137
5.48223 0.456853
5.48223 0.304569
5.32995 0
5.32995 -0.152284
5.32995 -0.456853
5.17766 -0.609137
5.17766 -0.913706
5.02538 -1.06599
5.02538 -1.21827
4.8731 -1.52284
4.8731 -1.67513
4.72081 -1.82741
4.72081 -2.13198
4.56853 -2.28426
4.41624 -2.43655
4.26396 -2.58883
4.26396 -2.8934
4.11168 -3.04569
3.95939 -3.19797
3.80711 -3.35025
3.65482 -3.50254
3.50254 -3.80711
3.35025 -3.95939
3.19797 -4.11168
3.04569 -4.26396
2.8934 -4.41624
2.74112 -4.56853
2.58883 -4.72081
2.43655 -4.8731
2.13198 -5.02538
1.9797 -5.02538
1.82741 -5.17766
1.67513 -5.32995
1.37056 -5.48223
1.21827 -5.63452
1.06599 -5.63452
0.913706 -5.7868
0.609137 -5.93909
0.456853 -5.93909
0.304569 -6.09137
0 -6.24365
-0.152284 -6.24365
-0.304569 -6.39594
-0.609137 -6.39594
-0.761421 -6.54822
-1.06599 -6.54822
-1.21827 -6.70051
-1.37056 -6.70051
-1.67513 -6.85279
-1.82741 -6.85279
-2.13198 -6.85279
-2.28426 -7.00508
-2.43655 -7.00508
-2.74112 -7.00508
-2.8934 -7.00508
-3.19797 -7.15736
-3.35025 -7.15736
-3.65482 -7.15736
-3.80711 -7.15736
-3.95939 -7.15736
-4.26396 -7.15736
-4.41624 -7.30964
-4.72081 -7.30964
-4.8731 -7.30964
-5.17766 -7.30964
-5.32995 -7.30964
-5.48223 -7.15736
-5.7868 -7.15736
-5.93909 -7.15736
-6.24365 -7.15736
-6.39594 -7.15736
-6.70051 -7.15736
-6.85279 -7.15736
-7.00508 -7.00508
-7.30964 -7.00508
-7.46193 -7.00508
-7.7665 -6.85279
-7.91878 -6.85279
-8.07107 -6.85279
-8.37563 -6.70051
-8.52792 -6.70051
-8.6802 -6.54822
-8.98477 -6.54822
-9.13706 -6.39594
-9.28934 -6.39594
-9.44162 -6.24365
-9.74619 -6.24365
-9.89848 -6.09137
-10.0508 -5.93909
-10.203 -5.93909
-10.5076 -5.7868
-10.6599 -5.63452
-10.8122 -5.63452
-10.9645 -5.48223
-11.1168 -5.32995
-11.4213 -5.32995
-11.5736 -5.17766
-11.7259 -5.02538
-11.8782 -5.02538
-12.0305 -4.8731
-12.1827 -4.72081
-12.4873 -4.56853
-12.6396 -4.56853
-12.7919 -4.41624
-12.9442 -4.26396
-13.0964 -4.11168
-13.2487 -3.95939
-13.401 -3.95939
-13.5533 -3.80711
-13.7056 -3.65482
-13.8579 -3.50254
-14.0102 -3.35025
-14.1624 -3.19797
-14.3147 -3.04569
-14.467 -2.8934
-14.6193 -2.74112
-14.7716 -2.58883
-14.9239 -2.43655
-15.0761 -2.28426
-15.2284 -2.13198
-15.3807 -1.9797
-15.3807 -1.82741
-15.533 -1.67513
-15.6853 -1.52284
-15.8376 -1.21827
-15.8376 -1.06599
-15.9898 -0.913706
-16.1421 -0.761421
-16.1421 -0.456853
-16.2944 -0.304569
-16.2944 -0.152284
-16.4467 0
-16.4467 0.304569
-16.599 0.456853
-16.599 0.609137
-16.7513 0.761421
-16.7513 1.06599
-16.7513 1.21827
-16.9036 1.37056
-16.9036 1.67513
-16.9036 1.82741
-17.0558 1.9797
-17.0558 2.13198
-17.0558 2.43655
-17.2081 2.58883
-17.2081 2.74112
-17.2081 3.04569
-17.2081 3.19797
-17.3604 3.35025
-17.3604 3.65482
-17.3604 3.80711
-17.3604 3.95939
-17.5127 4.26396
-17.5127 4.41624
-17.5127 4.56853
-17.5127 4.8731
-17.5127 5.02538
-17.665 5.17766
-17.665 5.48223
-17.665 5.63452
-17.665 5.7868
-17.665 6.09137
-17.665 6.24365
-17.665 6.54822
-17.665 6.70051
-17.665 6.85279
-17.665 7.15736
-17.665 7.30964
-17.665 7.46193
-17.5127 7.7665
-17.5127 7.91878
-17.5127 8.22335
-17.5127 8.37563
-17.5127 8.52792
-17.3604 8.83249
-17.3604 8.98477
-17.3604 9.13706
-17.2081 9.44162
-17.2081 9.59391
-17.0558 9.74619
-17.0558 10.0508
-16.9036 10.203
-16.9036 10.3553
-16.7513 10.6599
-16.7513 10.8122
-16.599 10.9645
-16.599 11.269
-16.4467 11.4213
-16.4467 11.5736
-16.2944 11.8782
-16.1421 12.0305
-16.1421 12.1827
-15.9898 12.335
-15.8376 12.6396
-15.8376 12.7919
-15.6853 12.9442
-15.533 13.0964
-15.3807 13.401
-15.3807 13.5533
-15.2284 13.7056
-15.0761 13.8579
-14.9239 14.1624
-14.7716 14.3147
-14.6193 14.467
-14.467 14.6193
-14.467 14.7716
-14.3147 14.9239
-14.1624 15.0761
-14.0102 15.2284
-13.7056 15.533
-13.5533 15.6853
-13.401 15.8376
-13.2487 15.8376
-13.0964 15.9898
-12.9442 16.1421
-12.6396 16.2944
-12.4873 16.4467
-12.335 16.599
-12.0305 16.599
-11.8782 16.7513
-11.7259 16.7513
-11.4213 16.9036
-11.269 16.9036
-10.9645 17.0558
-10.8122 17.0558
-10.6599 17.2081
-10.3553 17.2081
-10.203 17.2081
-9.89848 17.3604
-9.74619 17.3604
-9.44162 17.3604
-9.28934 17.3604
-8.98477 17.3604
-8.83249 17.3604
-8.52792 17.5127
-8.37563 17.5127
-8.22335 17.5127
-7.91878 17.5127
-7.7665 17.5127
-7.46193 17.5127
-7.30964 17.5127
-7.00508 17.5127
-6.85279 17.5127
-6.70051 17.5127
-6.39594 17.5127
-6.24365 17.5127
-5.93909 17.5127
-5.7868 17.5127
-5.63452 17.5127
-5.32995 17.5127
-5.17766 17.5127
-4.8731 17.5127
-4.72081 17.5127
-4.41624 17.5127
-4.26396 17.5127
-4.11168 17.5127
-3.80711 17.5127
-3.65482 17.3604
-3.35025 17.3604
-3.19797 17.3604
-3.04569 17.3604
-2.74112 17.2081
-2.58883 17.2081
-2.28426 17.2081
-2.13198 17.0558
-1.9797 17.0558
-1.67513 16.9036
-1.52284 16.9036
-1.37056 16.7513
-1.21827 16.7513
-0.913706 16.599
-0.761421 16.4467
-0.609137 16.2944
-0.456853 16.2944
-0.152284 16.1421
0 15.9898
0.152284 15.8376
0.304569 15.6853
0.456853 15.533
0.609137 15.533
0.761421 15.3807
0.913706 15.2284
1.06599 15.0761
1.21827 14.9239
1.37056 14.7716
1.52284 14.6193
1.67513 14.467
1.82741 14.3147
1.9797 14.1624
1.9797 13.8579
2.13198 13.7056
2.28426 13.5533
2.43655 13.401
2.58883 13.2487
2.58883 13.0964
2.74112 12.9442
2.8934 12.7919
3.04569 12.6396
3.04569 12.4873
3.19797 12.1827
3.35025 12.0305
3.35025 11.8782
3.50254 11.7259
3.50254 11.5736
3.65482 11.4213
3.80711 11.1168
3.80711 10.9645
3.95939 10.8122
3.95939 10.6599
4.11168 10.5076
4.11168 10.203
4.11168 10.0508
4.26396 9.89848
4.26396 9.74619
4.41624 9.59391
4.41624 9.28934
4.41624 9.13706
4.56853 8.98477
4.56853 8.83249
4.56853 8.52792
4.56853 8.37563
4.72081 8.22335
4.72081 8.07107
4.72081 7.91878
4.72081 7.61421
4.72081 7.46193
4.72081 7.30964
4.8731 7.15736
4.8731 6.85279
4.8731 6.70051
4.8731 6.54822
4.8731 6.39594
4.8731 6.09137
4.8731 5.93909
4.8731 5.7868
4.8731 5.63452
4.8731 5.48223
