4.72081 5.48223
4.72081 5.17766
4.8731 5.02538
4.8731 4.8731
5.02538 4.72081
5.02538 4.41624
5.17766 4.26396
5.17766 4.11168
5.17766 3.80711
5.32995 3.65482
5.32995 3.35025
5.32995 3.19797
5.32995 3.04569
5.32995 2.74112
5.48223 2.58883
5.48223 2.28426
5.48223 2.13198
5.48223 1.82741
5.48223 1.67513
5.48223 1.37056
5.48223 1.21827
5.32995 1.06599
5.32995 0.761421
5.32995 0.609137
5.32995 0.304569
5.32995 0.152284
5.17766 -0.152284
5.17766 -0.304569
5.02538 -0.456853
5.02538 -0.761421
4.8731 -0.913706
4.8731 -1.21827
4.72081 -1.37056
4.72081 -1.52284
4.56853 -1.82741
4.41624 -1.9797
4.26396 -2.13198
4.26396 -2.43655
4.11168 -2.58883
3.95939 -2.74112
3.80711 -2.8934
3.65482 -3.04569
3.50254 -3.35025
3.35025 -3.50254
3.19797 -3.65482
3.04569 -3.80711
2.8934 -3.95939
2.74112 -4.11168
2.58883 -4.26396
2.43655 -4.41624
2.28426 -4.56853
1.9797 -4.72081
1.82741 -4.8731
1.67513 -4.8731
1.52284 -5.02538
1.37056 -5.17766
1.06599 -5.32995
0.913706 -5.48223
0.761421 -5.48223
0.456853 -5.63452
0.304569 -5.7868
0.152284 -5.7868
-0.152284 -5.93909
-0.304569 -5.93909
-0.456853 -6.09137
-0.761421 -6.24365
-0.913706 -6.24365
-1.21827 -6.39594
-1.37056 -6.39594
-1.52284 -6.39594
-1.82741 -6.54822
-1.9797 -6.54822
-2.28426 -6.54822
-2.43655 -6.70051
-2.58883 -6.70051
-2.8934 -6.70051
-3.04569 -6.85279
-3.35025 -6.85279
-3.50254 -6.85279
-3.80711 -6.85279
-3.95939 -6.85279
-4.11168 -7.00508
-4.41624 -7.00508
-4.56853 -7.00508
-4.8731 -7.00508
-5.02538 -7.00508
-5.32995 -7.00508
-5.48223 -7.00508
-5.63452 -7.00508
-5.93909 -7.00508
-6.09137 -7.00508
-6.39594 -7.00508
-6.54822 -6.85279
-6.85279 -6.85279
-7.00508 -6.85279
-7.15736 -6.85279
-7.46193 -6.85279
-7.61421 -6.70051
-7.7665 -6.70051
-8.07107 -6.70051
-8.22335 -6.54822
-8.52792 -6.54822
-8.6802 -6.39594
-8.83249 -6.39594
-9.13706 -6.24365
-9.28934 -6.24365
-9.44162 -6.09137
-9.59391 -6.09137
-9.89848 -5.93909
-10.0508 -5.93909
-10.203 -5.7868
-10.3553 -5.7868
-10.6599 -5.63452
-10.8122 -5.48223
-10.9645 -5.48223
-11.1168 -5.32995
-11.269 -5.17766
-11.5736 -5.17766
-11.7259 -5.02538
-11.8782 -4.8731
-12.0305 -4.72081
-12.1827 -4.72081
-12.335 -4.56853
-12.4873 -4.41624
-12.7919 -4.26396
-12.9442 -4.26396
-13.0964 -4.11168
-13.2487 -3.95939
-13.401 -3.80711
-13.5533 -3.65482
-13.7056 -3.65482
-13.8579 -3.50254
-14.0102 -3.35025
-14.1624 -3.19797
-14.3147 -3.04569
-14.467 -2.8934
-14.6193 -2.74112
-14.7716 -2.58883
-14.9239 -2.43655
-15.0761 -2.28426
-15.2284 -2.13198
-15.2284 -1.9797
-15.3807 -1.82741
-15.533 -1.67513
-15.6853 -1.52284
-15.8376 -1.37056
-15.8376 -1.21827
-15.9898 -0.913706
-16.1421 -0.761421
-16.1421 -0.609137
-16.2944 -0.456853
-16.2944 -0.304569
-16.4467 0
-16.599 0.152284
-16.599 0.304569
-16.7513 0.456853
-16.7513 0.761421
-16.9036 0.913706
-16.9036 1.06599
-16.9036 1.21827
-17.0558 1.52284
-17.0558 1.67513
-17.2081 1.82741
-17.2081 1.9797
-17.2081 2.28426
-17.3604 2.43655
-17.3604 2.58883
-17.3604 2.8934
-17.5127 3.04569
-17.5127 3.19797
-17.5127 3.35025
-17.5127 3.65482
-17.665 3.80711
-17.665 3.95939
-17.665 4.26396
-17.665 4.41624
-17.8173 4.56853
-17.8173 4.8731
-17.8173 5.02538
-17.8173 5.17766
-17.8173 5.48223
-17.8173 5.63452
-17.8173 5.7868
-17.8173 6.09137
-17.9695 6.24365
-17.9695 6.39594
-17.9695 6.70051
-17.8173 6.85279
-17.8173 7.00508
-17.8173 7.30964
-17.8173 7.46193
-17.8173 7.7665
-17.8173 7.91878
-17.8173 8.07107
-17.665 8.37563
-17.665 8.52792
-17.665 8.6802
-17.5127 8.98477
-17.5127 9.13706
-17.5127 9.28934
-17.3604 9.59391
-17.3604 9.74619
-17.2081 9.89848
-17.2081 10.0508
-17.0558 10.3553
-17.0558 10.5076
-16.9036 10.6599
-16.9036 10.9645
-16.7513 11.1168
-16.7513 11.269
-16.599 11.4213
-16.599 11.7259
-16.4467 11.8782
-16.2944 12.0305
-16.2944 12.1827
-16.1421 12.4873
-15.9898 12.6396
-15.9898 12.7919
-15.8376 12.9442
-15.6853 13.2487
-15.6853 13.401
-15.533 13.5533
-15.3807 13.7056
-15.2284 14.0102
-15.2284 14.1624
-15.0761 14.3147
-14.9239 14.467
-14.7716 14.7716
-14.6193 14.9239
-14.467 15.0761
-14.3147 15.2284
-14.1624 15.3807
-14.0102 15.533
-13.8579 15.6853
-13.7056 15.8376
-13.5533 15.9898
-13.401 16.1421
-13.2487 16.2944
-13.0964 16.4467
-12.7919 16.599
-12.6396 16.7513
-12.4873 16.7513
-12.1827 16.9036
-12.0305 17.0558
-11.8782 17.0558
-11.5736 17.2081
-11.4213 17.2081
-11.1168 17.3604
-10.9645 17.3604
-10.6599 17.3604
-10.5076 17.5127
-10.3553 17.5127
-10.0508 17.5127
-9.89848 17.5127
-9.59391 17.5127
-9.44162 17.665
-9.13706 17.665
-8.98477 17.665
-8.6802 17.665
-8.52792 17.665
-8.22335 17.665
-8.07107 17.665
-7.91878 17.665
-7.61421 17.665
-7.46193 17.665
-7.15736 17.665
-7.00508 17.665
-6.85279 17.665
-6.54822 17.665
-6.39594 17.665
-6.09137 17.665
-5.93909 17.665
-5.63452 17.665
-5.48223 17.665
-5.32995 17.665
-5.02538 17.665
-4.8731 17.665
-4.56853 17.665
-4.41624 17.665
-4.26396 17.5127
-3.95939 17.5127
-3.80711 17.5127
-3.50254 17.5127
-3.35025 17.3604
-3.19797 17.3604
-2.8934 17.3604
-2.74112 17.2081
-2.58883 17.2081
-2.28426 17.0558
-2.13198 17.0558
-1.9797 16.9036
-1.67513 16.9036
-1.52284 16.7513
-1.37056 16.599
-1.21827 16.599
-1.06599 16.4467
-0.761421 16.2944
-0.609137 16.1421
-0.456853 16.1421
-0.304569 15.9898
-0.152284 15.8376
0 15.6853
0.152284 15.533
0.304569 15.3807
0.456853 15.2284
0.609137 15.0761
0.761421 14.9239
0.913706 14.7716
1.06599 14.6193
1.21827 14.467
1.37056 14.3147
1.52284 14.1624
1.67513 14.0102
1.82741 13.8579
1.9797 13.7056
1.9797 13.5533
2.13198 13.401
2.28426 13.2487
2.43655 13.0964
2.58883 12.9442
2.58883 12.7919
2.74112 12.6396
2.8934 12.4873
3.04569 12.335
3.04569 12.1827
3.19797 12.0305
3.35025 11.7259
3.35025 11.5736
3.50254 11.4213
3.50254 11.269
3.65482 11.1168
3.80711 10.9645
3.80711 10.6599
3.95939 10.5076
3.95939 10.3553
3.95939 10.203
4.11168 10.0508
4.11168 9.74619
4.26396 9.59391
4.26396 9.44162
4.26396 9.28934
4.26396 8.98477
4.41624 8.83249
4.41624 8.6802
4.41624 8.52792
4.41624 8.22335
4.41624 8.07107
4.41624 7.91878
4.56853 7.7665
4.56853 7.46193
4.56853 7.30964
4.56853 7.15736
4.56853 7.00508
4.56853 6.70051
4.56853 6.54822
4.56853 6.39594
4.72081 6.24365
4.72081 5.93909
4.72081 5.7868
4.72081 5.63452
