4.8731 5.17766
4.8731 4.8731
5.02538 4.72081
5.02538 4.56853
5.02538 4.26396
5.17766 4.11168
5.17766 3.95939
5.17766 3.65482
5.17766 3.50254
5.32995 3.19797
5.32995 3.04569
5.32995 2.8934
5.32995 2.58883
5.32995 2.43655
5.32995 2.13198
5.32995 1.9797
5.32995 1.67513
5.32995 1.52284
5.32995 1.37056
5.32995 1.06599
5.32995 0.913706
5.17766 0.609137
5.17766 0.456853
5.17766 0.152284
5.02538 0
5.02538 -0.152284
4.8731 -0.456853
4.8731 -0.609137
4.72081 -0.761421
4.72081 -1.06599
4.56853 -1.21827
4.41624 -1.37056
4.41624 -1.67513
4.26396 -1.82741
4.11168 -1.9797
3.95939 -2.13198
3.95939 -2.43655
3.80711 -2.58883
3.65482 -2.74112
3.50254 -2.8934
3.35025 -3.04569
3.19797 -3.19797
3.04569 -3.35025
2.8934 -3.50254
2.74112 -3.65482
2.58883 -3.80711
2.43655 -3.95939
2.28426 -4.11168
2.13198 -4.26396
1.82741 -4.41624
1.67513 -4.56853
1.52284 -4.72081
1.37056 -4.8731
1.21827 -4.8731
0.913706 -5.02538
0.761421 -5.17766
0.609137 -5.32995
0.456853 -5.32995
0.152284 -5.48223
0 -5.63452
-0.152284 -5.63452
-0.304569 -5.7868
-0.609137 -5.93909
-0.761421 -5.93909
-0.913706 -6.09137
-1.21827 -6.09137
-1.37056 -6.24365
-1.52284 -6.24365
-1.82741 -6.39594
-1.9797 -6.39594
-2.13198 -6.39594
-2.43655 -6.54822
-2.58883 -6.54822
-2.8934 -6.70051
-3.04569 -6.70051
-3.19797 -6.70051
-3.50254 -6.70051
-3.65482 -6.85279
-3.80711 -6.85279
-4.11168 -6.85279
-4.26396 -6.85279
-4.56853 -7.00508
-4.72081 -7.00508
-4.8731 -7.00508
-5.17766 -7.00508
-5.32995 -7.00508
-5.63452 -7.00508
-5.7868 -7.00508
-5.93909 -7.00508
-6.24365 -7.00508
-6.39594 -7.00508
-6.70051 -7.00508
-6.85279 -7.00508
-7.00508 -7.00508
-7.30964 -6.85279
-7.46193 -6.85279
-7.61421 -6.85279
-7.91878 -6.85279
-8.07107 -6.70051
-8.22335 -6.70051
-8.52792 -6.70051
-8.6802 -6.54822
-8.83249 -6.54822
-9.13706 -6.39594
-9.28934 -6.39594
-9.44162 -6.24365
-9.74619 -6.24365
-9.89848 -6.09137
-10.0508 -6.09137
-10.203 -5.93909
-10.3553 -5.93909
-10.6599 -5.7868
-10.8122 -5.63452
-10.9645 -5.63452
-11.1168 -5.48223
-11.269 -5.32995
-11.5736 -5.32995
-11.7259 -5.17766
-11.8782 -5.02538
-12.0305 -5.02538
-12.1827 -4.8731
-12.335 -4.72081
-12.4873 -4.72081
-12.6396 -4.56853
-12.7919 -4.41624
-13.0964 -4.26396
-13.2487 -4.26396
-13.401 -4.11168
-13.5533 -3.95939
-13.7056 -3.80711
-13.8579 -3.65482
-14.0102 -3.65482
-14.1624 -3.50254
-14.3147 -3.35025
-14.467 -3.19797
-14.6193 -3.04569
-14.7716 -2.8934
-14.9239 -2.74112
-15.0761 -2.58883
-15.2284 -2.43655
-15.3807 -2.28426
-15.533 -2.13198
-15.533 -1.9797
-15.6853 -1.82741
-15.8376 -1.67513
-15.9898 -1.52284
-16.1421 -1.37056
-16.2944 -1.21827
-16.2944 -1.06599
-16.4467 -0.913706
-16.599 -0.761421
-16.7513 -0.609137
-16.7513 -0.456853
-16.9036 -0.152284
-17.0558 0
-17.0558 0.152284
-17.2081 0.304569
-17.2081 0.456853
-17.3604 0.761421
-17.3604 0.913706
-17.5127 1.06599
-17.5127 1.21827
-17.665 1.52284
-17.665 1.67513
-17.8173 1.82741
-17.8173 2.13198
-17.8173 2.28426
-17.9695 2.43655
-17.9695 2.74112
-17.9695 2.8934
-17.9695 3.04569
-18.1218 3.35025
-18.1218 3.50254
-18.1218 3.65482
-18.1218 3.95939
-18.1218 4.11168
-18.1218 4.26396
-18.1218 4.56853
-18.1218 4.72081
-18.1218 4.8731
-18.1218 5.17766
-18.1218 5.32995
-18.1218 5.48223
-18.1218 5.7868
-18.1218 5.93909
-18.1218 6.09137
-18.1218 6.39594
-18.1218 6.54822
-18.1218 6.70051
-18.1218 7.00508
-17.9695 7.15736
-17.9695 7.30964
-17.9695 7.61421
-17.9695 7.7665
-17.8173 7.91878
-17.8173 8.22335
-17.8173 8.37563
-17.665 8.52792
-17.665 8.83249
-17.665 8.98477
-17.5127 9.13706
-17.5127 9.44162
-17.5127 9.59391
-17.3604 9.74619
-17.3604 10.0508
-17.2081 10.203
-17.2081 10.3553
-17.0558 10.5076
-17.0558 10.8122
-16.9036 10.9645
-16.9036 11.1168
-16.7513 11.4213
-16.7513 11.5736
-16.599 11.7259
-16.599 12.0305
-16.4467 12.1827
-16.4467 12.335
-16.2944 12.4873
-16.1421 12.7919
-16.1421 12.9442
-15.9898 13.0964
-15.8376 13.401
-15.8376 13.5533
-15.6853 13.7056
-15.533 14.0102
-15.3807 14.1624
-15.2284 14.3147
-15.2284 14.467
-15.0761 14.7716
-14.9239 14.9239
-14.7716 15.0761
-14.6193 15.2284
-14.467 15.3807
-14.3147 15.533
-14.1624 15.6853
-14.0102 15.8376
-13.7056 15.9898
-13.5533 16.1421
-13.401 16.2944
-13.2487 16.4467
-13.0964 16.599
-12.7919 16.7513
-12.6396 16.7513
-12.335 16.9036
-12.1827 16.9036
-12.0305 17.0558
-11.7259 17.0558
-11.5736 17.2081
-11.269 17.2081
-11.1168 17.3604
-10.8122 17.3604
-10.6599 17.3604
-10.3553 17.3604
-10.203 17.5127
-9.89848 17.5127
-9.74619 17.5127
-9.44162 17.5127
-9.28934 17.5127
-9.13706 17.5127
-8.83249 17.5127
-8.6802 17.5127
-8.37563 17.5127
-8.22335 17.665
-7.91878 17.665
-7.7665 17.665
-7.46193 17.665
-7.30964 17.665
-7.00508 17.665
-6.85279 17.665
-6.70051 17.665
-6.39594 17.665
-6.24365 17.665
-5.93909 17.665
-5.7868 17.5127
-5.48223 17.5127
-5.32995 17.5127
-5.17766 17.5127
-4.8731 17.5127
-4.72081 17.5127
-4.41624 17.5127
-4.26396 17.5127
-3.95939 17.3604
-3.80711 17.3604
-3.65482 17.3604
-3.35025 17.2081
-3.19797 17.2081
-2.8934 17.2081
-2.74112 17.0558
-2.58883 17.0558
-2.28426 16.9036
-2.13198 16.9036
-1.9797 16.7513
-1.82741 16.599
-1.52284 16.599
-1.37056 16.4467
-1.21827 16.2944
-1.06599 16.2944
-0.761421 16.1421
-0.609137 15.9898
-0.456853 15.8376
-0.304569 15.6853
-0.152284 15.533
0 15.3807
0.152284 15.3807
0.304569 15.2284
0.456853 15.0761
0.609137 14.9239
0.761421 14.7716
0.913706 14.6193
1.06599 14.467
1.21827 14.3147
1.37056 14.0102
1.52284 13.8579
1.67513 13.7056
1.82741 13.5533
1.82741 13.401
1.9797 13.2487
2.13198 13.0964
2.28426 12.9442
2.43655 12.7919
2.43655 12.6396
2.58883 12.4873
2.74112 12.1827
2.74112 12.0305
2.8934 11.8782
3.04569 11.7259
3.04569 11.5736
3.19797 11.4213
3.19797 11.1168
3.35025 10.9645
3.35025 10.8122
3.50254 10.6599
3.50254 10.3553
3.65482 10.203
3.65482 10.0508
3.80711 9.89848
3.80711 9.59391
3.80711 9.44162
3.80711 9.28934
3.95939 9.13706
3.95939 8.83249
3.95939 8.6802
3.95939 8.52792
4.11168 8.37563
4.11168 8.07107
4.11168 7.91878
4.11168 7.7665
4.11168 7.61421
4.26396 7.30964
4.26396 7.15736
4.26396 7.00508
4.26396 6.85279
4.41624 6.70051
4.41624 6.39594
4.41624 6.24365
4.56853 6.09137
4.56853 5.93909
4.56853 5.63452
4.72081 5.48223
4.72081 5.32995
