13.0964 -3.80711
13.0964 -3.95939
13.0964 -4.26396
13.0964 -4.41624
13.0964 -4.56853
13.0964 -4.72081
13.0964 -4.8731
13.0964 -5.02538
13.0964 -5.32995
13.0964 -5.48223
13.0964 -5.63452
13.2487 -5.7868
13.2487 -6.09137
13.2487 -6.24365
13.2487 -6.39594
13.401 -6.70051
13.401 -6.85279
13.401 -7.00508
13.401 -7.30964
13.401 -7.46193
13.401 -7.7665
13.401 -7.91878
13.401 -8.07107
13.401 -8.37563
13.401 -8.52792
13.401 -8.6802
13.2487 -8.98477
13.2487 -9.13706
13.0964 -9.28934
13.0964 -9.44162
12.9442 -9.74619
12.9442 -9.89848
12.7919 -10.0508
12.6396 -10.203
12.4873 -10.3553
12.335 -10.5076
12.1827 -10.6599
12.1827 -10.8122
12.0305 -10.9645
11.8782 -11.1168
11.7259 -11.269
11.5736 -11.4213
11.4213 -11.5736
11.269 -11.5736
10.9645 -11.7259
10.8122 -11.8782
10.6599 -12.0305
10.5076 -12.0305
10.3553 -12.1827
10.203 -12.335
10.0508 -12.4873
9.89848 -12.4873
9.74619 -12.6396
9.44162 -12.6396
9.28934 -12.7919
9.13706 -12.9442
8.98477 -12.9442
8.83249 -13.0964
8.6802 -13.0964
8.37563 -13.2487
8.22335 -13.2487
8.07107 -13.401
7.91878 -13.401
7.7665 -13.401
7.61421 -13.5533
7.30964 -13.5533
7.15736 -13.5533
7.00508 -13.7056
6.85279 -13.7056
6.54822 -13.7056
6.39594 -13.7056
6.24365 -13.7056
6.09137 -13.8579
5.93909 -13.8579
5.63452 -13.8579
5.48223 -13.8579
5.32995 -13.8579
5.17766 -13.8579
4.8731 -13.8579
4.72081 -13.7056
4.56853 -13.7056
4.41624 -13.7056
4.26396 -13.7056
3.95939 -13.7056
3.80711 -13.7056
3.65482 -13.5533
3.50254 -13.5533
3.35025 -13.5533
3.19797 -13.5533
3.04569 -13.401
2.8934 -13.401
2.58883 -13.401
2.43655 -13.2487
2.28426 -13.2487
2.13198 -13.2487
1.9797 -13.2487
1.82741 -13.0964
1.67513 -13.0964
1.52284 -13.0964
1.37056 -13.0964
1.21827 -12.9442
1.06599 -12.9442
0.913706 -12.9442
0.761421 -12.9442
0.609137 -12.9442
0.456853 -12.7919
0.304569 -12.7919
0.152284 -12.7919
0 -12.7919
-0.304569 -12.6396
-0.456853 -12.6396
-0.609137 -12.6396
-0.761421 -12.6396
-0.913706 -12.4873
-1.06599 -12.4873
-1.21827 -12.4873
-1.37056 -12.335
-1.52284 -12.335
-1.67513 -12.335
-1.82741 -12.1827
-1.9797 -12.1827
-2.13198 -12.0305
-2.28426 -12.0305
-2.43655 -11.8782
-2.58883 -11.8782
-2.74112 -11.7259
-2.8934 -11.7259
-3.04569 -11.5736
-3.19797 -11.4213
-3.19797 -11.4213
-3.35025 -11.269
-3.50254 -11.1168
-3.65482 -11.1168
-3.80711 -10.9645
-3.95939 -10.8122
-3.95939 -10.6599
-4.11168 -10.5076
-4.26396 -10.5076
-4.41624 -10.3553
-4.41624 -10.203
-4.56853 -10.0508
-4.72081 -9.89848
-4.72081 -9.74619
-4.8731 -9.59391
-4.8731 -9.44162
-5.02538 -9.28934
-5.02538 -9.13706
-5.17766 -8.98477
-5.17766 -8.83249
-5.32995 -8.6802
-5.32995 -8.52792
-5.48223 -8.37563
-5.48223 -8.22335
-5.48223 -8.07107
-5.63452 -7.91878
-5.63452 -7.7665
-5.63452 -7.61421
-5.7868 -7.46193
-5.7868 -7.30964
-5.7868 -7.15736
-5.7868 -7.00508
-5.93909 -6.85279
-5.93909 -6.70051
-5.93909 -6.54822
-5.93909 -6.39594
-5.93909 -6.24365
-6.09137 -6.09137
-6.09137 -5.93909
-6.09137 -5.7868
-6.09137 -5.63452
-6.24365 -5.48223
-6.24365 -5.32995
-6.24365 -5.17766
-6.24365 -5.02538
-6.39594 -4.8731
-6.39594 -4.56853
-6.39594 -4.41624
-6.39594 -4.26396
-6.39594 -4.11168
-6.54822 -3.95939
-6.54822 -3.80711
-6.54822 -3.65482
-6.54822 -3.50254
-6.54822 -3.35025
-6.70051 -3.19797
-6.70051 -3.04569
-6.70051 -2.8934
-6.70051 -2.74112
-6.70051 -2.43655
-6.70051 -2.28426
-6.70051 -2.13198
-6.70051 -1.9797
-6.70051 -1.82741
-6.70051 -1.67513
-6.70051 -1.52284
-6.70051 -1.21827
-6.70051 -1.06599
-6.70051 -0.913706
-6.70051 -0.761421
-6.70051 -0.609137
-6.70051 -0.304569
-6.70051 -0.152284
-6.70051 0
-6.54822 0.152284
-6.54822 0.304569
-6.54822 0.609137
-6.54822 0.761421
-6.54822 0.913706
-6.39594 1.06599
-6.39594 1.21827
-6.39594 1.52284
-6.24365 1.67513
-6.24365 1.82741
-6.24365 1.9797
-6.09137 2.13198
-6.09137 2.43655
-5.93909 2.58883
-5.93909 2.74112
-5.7868 2.8934
-5.7868 3.19797
-5.63452 3.35025
-5.63452 3.50254
-5.48223 3.65482
-5.48223 3.80711
-5.32995 4.11168
-5.32995 4.26396
-5.17766 4.41624
-5.02538 4.56853
-4.8731 4.72081
-4.8731 5.02538
-4.72081 5.17766
-4.56853 5.32995
-4.41624 5.48223
-4.26396 5.63452
-4.11168 5.7868
-3.95939 5.93909
-3.95939 6.09137
-3.65482 6.24365
-3.50254 6.39594
-3.35025 6.54822
-3.19797 6.70051
-3.04569 6.85279
-2.8934 6.85279
-2.74112 7.00508
-2.58883 7.15736
-2.28426 7.15736
-2.13198 7.30964
-1.9797 7.46193
-1.67513 7.46193
-1.52284 7.61421
-1.37056 7.61421
-1.06599 7.61421
-0.913706 7.7665
-0.761421 7.7665
-0.456853 7.7665
-0.304569 7.7665
-0.152284 7.91878
0.152284 7.91878
0.304569 7.91878
0.609137 7.91878
0.761421 7.91878
0.913706 7.91878
1.21827 7.7665
1.37056 7.7665
1.67513 7.7665
1.82741 7.7665
1.9797 7.61421
2.28426 7.61421
2.43655 7.61421
2.58883 7.46193
2.8934 7.46193
3.04569 7.30964
3.19797 7.30964
3.35025 7.15736
3.65482 7.00508
3.80711 7.00508
3.95939 6.85279
4.11168 6.70051
4.26396 6.70051
4.41624 6.54822
4.56853 6.39594
4.72081 6.24365
5.02538 6.24365
5.17766 6.09137
5.32995 5.93909
5.48223 5.7868
5.48223 5.63452
5.63452 5.63452
5.7868 5.48223
5.93909 5.32995
6.09137 5.17766
6.24365 5.02538
6.39594 4.8731
6.54822 4.8731
6.54822 4.72081
6.70051 4.56853
6.85279 4.41624
7.00508 4.26396
7.00508 4.11168
7.15736 4.11168
7.30964 3.95939
7.46193 3.80711
7.46193 3.65482
7.61421 3.50254
7.7665 3.35025
7.7665 3.35025
7.91878 3.19797
8.07107 3.04569
8.07107 2.8934
8.22335 2.74112
8.22335 2.74112
8.37563 2.58883
8.52792 2.43655
8.52792 2.28426
8.6802 2.13198
8.6802 2.13198
8.83249 1.9797
8.98477 1.82741
8.98477 1.67513
9.13706 1.67513
9.13706 1.52284
9.28934 1.37056
9.28934 1.21827
9.44162 1.21827
9.59391 1.06599
9.59391 0.913706
9.74619 0.761421
9.74619 0.761421
9.89848 0.609137
10.0508 0.456853
10.0508 0.304569
10.203 0.152284
10.203 0.152284
10.3553 0
10.3553 -0.152284
10.5076 -0.304569
10.6599 -0.304569
10.6599 -0.456853
10.8122 -0.609137
10.8122 -0.761421
10.9645 -0.913706
11.1168 -1.06599
11.1168 -1.06599
11.269 -1.21827
11.4213 -1.37056
11.4213 -1.52284
11.5736 -1.67513
11.7259 -1.82741
11.7259 -1.9797
11.8782 -2.13198
12.0305 -2.28426
12.0305 -2.43655
12.1827 -2.58883
12.335 -2.74112
12.4873 -2.8934
12.4873 -3.04569
12.6396 -3.19797
12.7919 -3.35025
12.9442 -3.50254
12.9442 -3.65482
