4.8731 5.32995
5.02538 5.17766
5.17766 5.02538
5.17766 4.72081
5.32995 4.56853
5.32995 4.26396
5.48223 4.11168
5.48223 3.95939
5.48223 3.65482
5.63452 3.50254
5.63452 3.19797
5.63452 3.04569
5.63452 2.74112
5.63452 2.58883
5.63452 2.43655
5.63452 2.13198
5.63452 1.9797
5.63452 1.67513
5.48223 1.52284
5.48223 1.21827
5.48223 1.06599
5.32995 0.913706
5.32995 0.609137
5.32995 0.456853
5.17766 0.152284
5.17766 0
5.02538 -0.152284
4.8731 -0.456853
4.8731 -0.609137
4.72081 -0.761421
4.72081 -1.06599
4.56853 -1.21827
4.41624 -1.37056
4.26396 -1.52284
4.11168 -1.82741
4.11168 -1.9797
3.95939 -2.13198
3.80711 -2.28426
3.65482 -2.43655
3.50254 -2.58883
3.35025 -2.74112
3.19797 -2.8934
3.04569 -3.19797
2.8934 -3.35025
2.74112 -3.50254
2.58883 -3.65482
2.43655 -3.80711
2.28426 -3.80711
2.13198 -3.95939
1.82741 -4.11168
1.67513 -4.26396
1.52284 -4.41624
1.37056 -4.56853
1.21827 -4.72081
0.913706 -4.72081
0.761421 -4.8731
0.609137 -5.02538
0.456853 -5.17766
0.304569 -5.17766
0 -5.32995
-0.152284 -5.48223
-0.304569 -5.48223
-0.609137 -5.63452
-0.761421 -5.63452
-0.913706 -5.7868
-1.06599 -5.93909
-1.37056 -5.93909
-1.52284 -6.09137
-1.67513 -6.09137
-1.9797 -6.24365
-2.13198 -6.24365
-2.43655 -6.39594
-2.58883 -6.39594
-2.74112 -6.39594
-3.04569 -6.54822
-3.19797 -6.54822
-3.35025 -6.54822
-3.65482 -6.70051
-3.80711 -6.70051
-3.95939 -6.70051
-4.26396 -6.85279
-4.41624 -6.85279
-4.72081 -6.85279
-4.8731 -6.85279
-5.02538 -6.85279
-5.32995 -6.85279
-5.48223 -7.00508
-5.7868 -7.00508
-5.93909 -7.00508
-6.24365 -7.00508
-6.39594 -7.00508
-6.54822 -7.00508
-6.85279 -6.85279
-7.00508 -6.85279
-7.30964 -6.85279
-7.46193 -6.85279
-7.61421 -6.85279
-7.91878 -6.70051
-8.07107 -6.70051
-8.22335 -6.70051
-8.52792 -6.54822
-8.6802 -6.54822
-8.98477 -6.54822
-9.13706 -6.39594
-9.28934 -6.39594
-9.44162 -6.24365
-9.74619 -6.24365
-9.89848 -6.09137
-10.0508 -6.09137
-10.3553 -5.93909
-10.5076 -5.7868
-10.6599 -5.7868
-10.8122 -5.63452
-10.9645 -5.63452
-11.269 -5.48223
-11.4213 -5.32995
-11.5736 -5.32995
-11.7259 -5.17766
-11.8782 -5.02538
-12.0305 -4.8731
-12.335 -4.8731
-12.4873 -4.72081
-12.6396 -4.56853
-12.7919 -4.56853
-12.9442 -4.41624
-13.0964 -4.26396
-13.2487 -4.11168
-13.5533 -4.11168
-13.7056 -3.95939
-13.8579 -3.80711
-14.0102 -3.65482
-14.1624 -3.50254
-14.3147 -3.50254
-14.467 -3.35025
-14.6193 -3.19797
-14.7716 -3.04569
-14.9239 -2.8934
-15.0761 -2.74112
-15.2284 -2.58883
-15.3807 -2.43655
-15.533 -2.28426
-15.6853 -2.13198
-15.8376 -1.9797
-15.9898 -1.82741
-16.1421 -1.67513
-16.2944 -1.52284
-16.2944 -1.37056
-16.4467 -1.21827
-16.599 -1.06599
-16.7513 -0.913706
-16.9036 -0.609137
-16.9036 -0.456853
-17.0558 -0.304569
-17.2081 -0.152284
-17.2081 0.152284
-17.3604 0.304569
-17.3604 0.456853
-17.5127 0.609137
-17.5127 0.913706
-17.665 1.06599
-17.665 1.21827
-17.8173 1.52284
-17.8173 1.67513
-17.8173 1.82741
-17.9695 2.13198
-17.9695 2.28426
-17.9695 2.43655
-17.9695 2.74112
-17.9695 2.8934
-18.1218 3.04569
-18.1218 3.35025
-18.1218 3.50254
-18.1218 3.65482
-18.1218 3.95939
-18.1218 4.11168
-18.1218 4.41624
-18.1218 4.56853
-18.1218 4.72081
-18.1218 5.02538
-18.1218 5.17766
-17.9695 5.32995
-17.9695 5.63452
-17.9695 5.7868
-17.9695 5.93909
-17.9695 6.24365
-17.9695 6.39594
-17.9695 6.54822
-17.8173 6.85279
-17.8173 7.00508
-17.8173 7.15736
-17.8173 7.30964
-17.8173 7.61421
-17.665 7.7665
-17.665 7.91878
-17.665 8.22335
-17.665 8.37563
-17.665 8.52792
-17.665 8.83249
-17.5127 8.98477
-17.5127 9.28934
-17.5127 9.44162
-17.5127 9.59391
-17.5127 9.89848
-17.3604 10.0508
-17.3604 10.203
-17.3604 10.5076
-17.3604 10.6599
-17.2081 10.9645
-17.2081 11.1168
-17.0558 11.269
-17.0558 11.5736
-17.0558 11.7259
-16.9036 11.8782
-16.9036 12.1827
-16.7513 12.335
-16.599 12.6396
-16.599 12.7919
-16.4467 12.9442
-16.2944 13.0964
-16.2944 13.401
-16.1421 13.5533
-15.9898 13.7056
-15.8376 13.8579
-15.6853 14.0102
-15.533 14.3147
-15.3807 14.467
-15.2284 14.6193
-15.0761 14.7716
-14.9239 14.9239
-14.7716 15.0761
-14.6193 15.2284
-14.467 15.3807
-14.3147 15.533
-14.1624 15.6853
-14.0102 15.6853
-13.7056 15.8376
-13.5533 15.9898
-13.401 16.1421
-13.2487 16.2944
-12.9442 16.2944
-12.7919 16.4467
-12.6396 16.599
-12.335 16.599
-12.1827 16.7513
-11.8782 16.7513
-11.7259 16.9036
-11.5736 16.9036
-11.269 17.0558
-11.1168 17.0558
-10.9645 17.0558
-10.6599 17.2081
-10.5076 17.2081
-10.203 17.2081
-10.0508 17.3604
-9.74619 17.3604
-9.59391 17.3604
-9.44162 17.3604
-9.13706 17.3604
-8.98477 17.5127
-8.6802 17.5127
-8.52792 17.5127
-8.37563 17.5127
-8.07107 17.5127
-7.91878 17.5127
-7.61421 17.665
-7.46193 17.665
-7.30964 17.665
-7.00508 17.665
-6.85279 17.665
-6.54822 17.665
-6.39594 17.665
-6.24365 17.665
-5.93909 17.665
-5.7868 17.665
-5.48223 17.665
-5.32995 17.665
-5.02538 17.665
-4.8731 17.665
-4.72081 17.665
-4.41624 17.665
-4.26396 17.665
-3.95939 17.5127
-3.80711 17.5127
-3.65482 17.5127
-3.35025 17.5127
-3.19797 17.3604
-2.8934 17.3604
-2.74112 17.2081
-2.58883 17.2081
-2.28426 17.0558
-2.13198 17.0558
-1.9797 16.9036
-1.82741 16.9036
-1.52284 16.7513
-1.37056 16.599
-1.21827 16.4467
-1.06599 16.4467
-0.913706 16.2944
-0.609137 16.1421
-0.456853 15.9898
-0.304569 15.8376
-0.152284 15.6853
0 15.533
0.152284 15.3807
0.304569 15.2284
0.456853 15.0761
0.609137 14.9239
0.761421 14.7716
0.913706 14.6193
1.06599 14.467
1.06599 14.3147
1.21827 14.1624
1.37056 14.0102
1.52284 13.8579
1.67513 13.7056
1.82741 13.5533
1.82741 13.401
1.9797 13.2487
2.13198 13.0964
2.28426 12.7919
2.28426 12.6396
2.43655 12.4873
2.58883 12.335
2.58883 12.1827
2.74112 12.0305
2.8934 11.8782
2.8934 11.7259
3.04569 11.4213
3.19797 11.269
3.19797 11.1168
3.35025 10.9645
3.35025 10.8122
3.50254 10.6599
3.50254 10.3553
3.65482 10.203
3.65482 10.0508
3.80711 9.89848
3.80711 9.74619
3.80711 9.44162
3.95939 9.28934
3.95939 9.13706
3.95939 8.98477
4.11168 8.83249
4.11168 8.52792
4.11168 8.37563
4.26396 8.22335
4.26396 8.07107
4.26396 7.7665
4.26396 7.61421
4.41624 7.46193
4.41624 7.30964
4.41624 7.15736
4.56853 6.85279
4.56853 6.70051
4.56853 6.54822
4.72081 6.39594
4.72081 6.09137
4.72081 5.93909
4.8731 5.7868
4.8731 5.63452
