4.8731 5.17766
5.02538 5.02538
5.17766 4.8731
5.17766 4.56853
5.32995 4.41624
5.32995 4.11168
5.48223 3.95939
5.48223 3.65482
5.48223 3.50254
5.48223 3.35025
5.63452 3.04569
5.63452 2.8934
5.63452 2.58883
5.63452 2.43655
5.63452 2.13198
5.48223 1.9797
5.48223 1.67513
5.48223 1.52284
5.48223 1.21827
5.32995 1.06599
5.32995 0.913706
5.32995 0.609137
5.17766 0.456853
5.17766 0.152284
5.02538 0
5.02538 -0.152284
4.8731 -0.456853
4.72081 -0.609137
4.72081 -0.761421
4.56853 -1.06599
4.41624 -1.21827
4.41624 -1.37056
4.26396 -1.52284
4.11168 -1.82741
3.95939 -1.9797
3.80711 -2.13198
3.65482 -2.28426
3.50254 -2.43655
3.35025 -2.58883
3.35025 -2.8934
3.19797 -3.04569
3.04569 -3.19797
2.74112 -3.35025
2.58883 -3.50254
2.43655 -3.65482
2.28426 -3.80711
2.13198 -3.95939
1.9797 -4.11168
1.82741 -4.11168
1.67513 -4.26396
1.52284 -4.41624
1.21827 -4.56853
1.06599 -4.72081
0.913706 -4.8731
0.761421 -4.8731
0.609137 -5.02538
0.304569 -5.17766
0.152284 -5.32995
0 -5.32995
-0.152284 -5.48223
-0.456853 -5.63452
-0.609137 -5.63452
-0.761421 -5.7868
-1.06599 -5.7868
-1.21827 -5.93909
-1.37056 -6.09137
-1.67513 -6.09137
-1.82741 -6.24365
-1.9797 -6.24365
-2.28426 -6.24365
-2.43655 -6.39594
-2.58883 -6.39594
-2.8934 -6.54822
-3.04569 -6.54822
-3.19797 -6.54822
-3.50254 -6.70051
-3.65482 -6.70051
-3.95939 -6.70051
-4.11168 -6.70051
-4.26396 -6.85279
-4.56853 -6.85279
-4.72081 -6.85279
-4.8731 -6.85279
-5.17766 -6.85279
-5.32995 -6.85279
-5.63452 -6.85279
-5.7868 -6.85279
-5.93909 -6.85279
-6.24365 -6.85279
-6.39594 -6.85279
-6.70051 -6.85279
-6.85279 -6.85279
-7.00508 -6.85279
-7.30964 -6.85279
-7.46193 -6.85279
-7.7665 -6.70051
-7.91878 -6.70051
-8.07107 -6.70051
-8.37563 -6.54822
-8.52792 -6.54822
-8.6802 -6.54822
-8.98477 -6.39594
-9.13706 -6.39594
-9.28934 -6.39594
-9.44162 -6.24365
-9.74619 -6.24365
-9.89848 -6.09137
-10.0508 -6.09137
-10.203 -5.93909
-10.5076 -5.93909
-10.6599 -5.7868
-10.8122 -5.7868
-10.9645 -5.63452
-11.269 -5.48223
-11.4213 -5.48223
-11.5736 -5.32995
-11.7259 -5.17766
-11.8782 -5.17766
-12.0305 -5.02538
-12.335 -4.8731
-12.4873 -4.8731
-12.6396 -4.72081
-12.7919 -4.56853
-12.9442 -4.56853
-13.0964 -4.41624
-13.2487 -4.26396
-13.401 -4.11168
-13.7056 -4.11168
-13.8579 -3.95939
-14.0102 -3.80711
-14.1624 -3.65482
-14.3147 -3.65482
-14.467 -3.50254
-14.6193 -3.35025
-14.7716 -3.19797
-14.9239 -3.04569
-15.0761 -2.8934
-15.2284 -2.74112
-15.3807 -2.58883
-15.533 -2.43655
-15.6853 -2.28426
-15.8376 -2.13198
-15.9898 -1.9797
-15.9898 -1.82741
-16.1421 -1.67513
-16.2944 -1.52284
-16.4467 -1.37056
-16.599 -1.21827
-16.599 -1.06599
-16.7513 -0.913706
-16.9036 -0.761421
-17.0558 -0.456853
-17.0558 -0.304569
-17.2081 -0.152284
-17.2081 0
-17.3604 0.152284
-17.5127 0.456853
-17.5127 0.609137
-17.665 0.761421
-17.665 0.913706
-17.8173 1.21827
-17.8173 1.37056
-17.8173 1.52284
-17.9695 1.82741
-17.9695 1.9797
-17.9695 2.13198
-17.9695 2.43655
-18.1218 2.58883
-18.1218 2.74112
-18.1218 3.04569
-18.1218 3.19797
-18.1218 3.35025
-18.1218 3.65482
-18.1218 3.80711
-18.1218 3.95939
-18.1218 4.26396
-18.1218 4.41624
-18.1218 4.56853
-18.1218 4.8731
-18.1218 5.02538
-18.1218 5.17766
-18.1218 5.48223
-17.9695 5.63452
-17.9695 5.7868
-17.9695 5.93909
-17.9695 6.24365
-17.9695 6.39594
-17.9695 6.54822
-17.8173 6.85279
-17.8173 7.00508
-17.8173 7.15736
-17.8173 7.30964
-17.8173 7.61421
-17.8173 7.7665
-17.665 7.91878
-17.665 8.22335
-17.665 8.37563
-17.665 8.52792
-17.665 8.83249
-17.665 8.98477
-17.5127 9.13706
-17.5127 9.44162
-17.5127 9.59391
-17.5127 9.74619
-17.5127 10.0508
-17.3604 10.203
-17.3604 10.5076
-17.3604 10.6599
-17.3604 10.8122
-17.2081 11.1168
-17.2081 11.269
-17.0558 11.5736
-17.0558 11.7259
-16.9036 11.8782
-16.9036 12.1827
-16.7513 12.335
-16.7513 12.4873
-16.599 12.7919
-16.599 12.9442
-16.4467 13.0964
-16.2944 13.2487
-16.1421 13.5533
-15.9898 13.7056
-15.9898 13.8579
-15.8376 14.0102
-15.6853 14.1624
-15.533 14.3147
-15.3807 14.6193
-15.2284 14.7716
-15.0761 14.9239
-14.9239 15.0761
-14.7716 15.2284
-14.467 15.3807
-14.3147 15.3807
-14.1624 15.533
-14.0102 15.6853
-13.8579 15.8376
-13.5533 15.9898
-13.401 15.9898
-13.2487 16.1421
-13.0964 16.2944
-12.7919 16.2944
-12.6396 16.4467
-12.4873 16.599
-12.1827 16.599
-12.0305 16.7513
-11.7259 16.7513
-11.5736 16.9036
-11.4213 16.9036
-11.1168 17.0558
-10.9645 17.0558
-10.8122 17.0558
-10.5076 17.2081
-10.3553 17.2081
-10.0508 17.2081
-9.89848 17.2081
-9.59391 17.3604
-9.44162 17.3604
-9.28934 17.3604
-8.98477 17.3604
-8.83249 17.5127
-8.52792 17.5127
-8.37563 17.5127
-8.22335 17.5127
-7.91878 17.5127
-7.7665 17.5127
-7.46193 17.5127
-7.30964 17.665
-7.00508 17.665
-6.85279 17.665
-6.70051 17.665
-6.39594 17.665
-6.24365 17.665
-5.93909 17.665
-5.7868 17.665
-5.48223 17.665
-5.32995 17.665
-5.17766 17.665
-4.8731 17.665
-4.72081 17.5127
-4.41624 17.5127
-4.26396 17.5127
-4.11168 17.5127
-3.80711 17.3604
-3.65482 17.3604
-3.35025 17.3604
-3.19797 17.2081
-3.04569 17.2081
-2.74112 17.0558
-2.58883 17.0558
-2.43655 16.9036
-2.13198 16.7513
-1.9797 16.7513
-1.82741 16.599
-1.67513 16.4467
-1.37056 16.4467
-1.21827 16.2944
-1.06599 16.1421
-0.913706 15.9898
-0.761421 15.8376
-0.609137 15.6853
-0.456853 15.533
-0.304569 15.3807
-0.152284 15.2284
0 15.0761
0.152284 14.9239
0.304569 14.7716
0.456853 14.6193
0.609137 14.467
0.761421 14.3147
0.913706 14.1624
1.06599 14.0102
1.21827 13.8579
1.37056 13.7056
1.52284 13.5533
1.52284 13.401
1.67513 13.2487
1.82741 13.0964
1.9797 12.9442
2.13198 12.7919
2.28426 12.6396
2.28426 12.4873
2.43655 12.335
2.58883 12.1827
2.74112 12.0305
2.8934 11.8782
2.8934 11.7259
3.04569 11.5736
3.19797 11.269
3.19797 11.1168
3.35025 10.9645
3.50254 10.8122
3.50254 10.6599
3.65482 10.3553
3.65482 10.203
3.80711 10.0508
3.80711 9.89848
3.80711 9.74619
3.95939 9.44162
3.95939 9.28934
3.95939 9.13706
4.11168 8.83249
4.11168 8.6802
4.11168 8.52792
4.11168 8.37563
4.11168 8.07107
4.26396 7.91878
4.26396 7.7665
4.26396 7.46193
4.26396 7.30964
4.26396 7.15736
4.41624 7.00508
4.41624 6.70051
4.41624 6.54822
4.56853 6.39594
4.56853 6.24365
4.56853 5.93909
4.72081 5.7868
4.72081 5.63452
4.8731 5.48223
