4.8731 5.32995
4.8731 5.17766
5.02538 4.8731
5.17766 4.72081
5.17766 4.56853
5.32995 4.26396
5.32995 4.11168
5.48223 3.80711
5.48223 3.65482
5.48223 3.35025
5.48223 3.19797
5.48223 3.04569
5.48223 2.74112
5.48223 2.58883
5.48223 2.28426
5.48223 2.13198
5.48223 1.82741
5.48223 1.67513
5.48223 1.37056
5.32995 1.21827
5.32995 1.06599
5.32995 0.761421
5.17766 0.609137
5.17766 0.304569
5.02538 0.152284
5.02538 0
4.8731 -0.304569
4.72081 -0.456853
4.72081 -0.609137
4.56853 -0.913706
4.41624 -1.06599
4.41624 -1.21827
4.26396 -1.52284
4.11168 -1.67513
3.95939 -1.82741
3.95939 -1.9797
3.80711 -2.28426
3.65482 -2.43655
3.50254 -2.58883
3.35025 -2.74112
3.19797 -2.8934
3.04569 -3.04569
2.8934 -3.19797
2.74112 -3.35025
2.58883 -3.50254
2.43655 -3.65482
2.28426 -3.80711
2.13198 -3.95939
1.9797 -4.11168
1.67513 -4.26396
1.52284 -4.41624
1.37056 -4.56853
1.21827 -4.72081
1.06599 -4.72081
0.761421 -4.8731
0.609137 -5.02538
0.456853 -5.17766
0.304569 -5.17766
0 -5.32995
-0.152284 -5.48223
-0.304569 -5.48223
-0.609137 -5.63452
-0.761421 -5.7868
-0.913706 -5.7868
-1.06599 -5.93909
-1.37056 -5.93909
-1.52284 -6.09137
-1.82741 -6.09137
-1.9797 -6.24365
-2.13198 -6.24365
-2.43655 -6.24365
-2.58883 -6.39594
-2.74112 -6.39594
-3.04569 -6.39594
-3.19797 -6.54822
-3.35025 -6.54822
-3.65482 -6.54822
-3.80711 -6.70051
-4.11168 -6.70051
-4.26396 -6.70051
-4.41624 -6.70051
-4.72081 -6.70051
-4.8731 -6.85279
-5.17766 -6.85279
-5.32995 -6.85279
-5.48223 -6.85279
-5.7868 -6.85279
-5.93909 -6.85279
-6.24365 -6.85279
-6.39594 -6.85279
-6.54822 -6.85279
-6.85279 -6.85279
-7.00508 -6.85279
-7.30964 -6.85279
-7.46193 -6.70051
-7.61421 -6.70051
-7.91878 -6.70051
-8.07107 -6.70051
-8.22335 -6.70051
-8.52792 -6.54822
-8.6802 -6.54822
-8.98477 -6.54822
-9.13706 -6.39594
-9.28934 -6.39594
-9.59391 -6.39594
-9.74619 -6.24365
-9.89848 -6.24365
-10.0508 -6.09137
-10.3553 -6.09137
-10.5076 -5.93909
-10.6599 -5.93909
-10.9645 -5.7868
-11.1168 -5.7868
-11.269 -5.63452
-11.4213 -5.48223
-11.5736 -5.48223
-11.8782 -5.32995
-12.0305 -5.17766
-12.1827 -5.17766
-12.335 -5.02538
-12.4873 -4.8731
-12.7919 -4.8731
-12.9442 -4.72081
-13.0964 -4.56853
-13.2487 -4.56853
-13.401 -4.41624
-13.5533 -4.26396
-13.7056 -4.11168
-13.8579 -3.95939
-14.0102 -3.95939
-14.3147 -3.80711
-14.467 -3.65482
-14.6193 -3.50254
-14.7716 -3.35025
-14.9239 -3.19797
-15.0761 -3.04569
-15.2284 -2.8934
-15.3807 -2.74112
-15.533 -2.58883
-15.6853 -2.43655
-15.6853 -2.28426
-15.8376 -2.13198
-15.9898 -1.9797
-16.1421 -1.82741
-16.2944 -1.67513
-16.4467 -1.52284
-16.599 -1.37056
-16.599 -1.21827
-16.7513 -1.06599
-16.9036 -0.913706
-17.0558 -0.609137
-17.0558 -0.456853
-17.2081 -0.304569
-17.3604 -0.152284
-17.3604 0.152284
-17.5127 0.304569
-17.5127 0.456853
-17.665 0.609137
-17.665 0.913706
-17.8173 1.06599
-17.8173 1.21827
-17.9695 1.37056
-17.9695 1.67513
-17.9695 1.82741
-18.1218 1.9797
-18.1218 2.28426
-18.1218 2.43655
-18.1218 2.74112
-18.1218 2.8934
-18.1218 3.04569
-18.2741 3.35025
-18.2741 3.50254
-18.2741 3.65482
-18.2741 3.95939
-18.1218 4.11168
-18.1218 4.26396
-18.1218 4.56853
-18.1218 4.72081
-18.1218 4.8731
-18.1218 5.17766
-18.1218 5.32995
-17.9695 5.48223
-17.9695 5.7868
-17.9695 5.93909
-17.9695 6.09137
-17.9695 6.39594
-17.8173 6.54822
-17.8173 6.70051
-17.8173 6.85279
-17.8173 7.15736
-17.8173 7.30964
-17.665 7.46193
-17.665 7.7665
-17.665 7.91878
-17.665 8.07107
-17.665 8.22335
-17.665 8.52792
-17.665 8.6802
-17.5127 8.83249
-17.5127 9.13706
-17.5127 9.28934
-17.5127 9.44162
-17.5127 9.74619
-17.5127 9.89848
-17.3604 10.203
-17.3604 10.3553
-17.3604 10.5076
-17.3604 10.8122
-17.2081 10.9645
-17.2081 11.269
-17.2081 11.4213
-17.0558 11.5736
-17.0558 11.8782
-16.9036 12.0305
-16.9036 12.335
-16.7513 12.4873
-16.7513 12.6396
-16.599 12.9442
-16.599 13.0964
-16.4467 13.2487
-16.2944 13.401
-16.1421 13.7056
-16.1421 13.8579
-15.9898 14.0102
-15.8376 14.1624
-15.6853 14.3147
-15.533 14.6193
-15.3807 14.7716
-15.2284 14.9239
-15.0761 15.0761
-14.9239 15.2284
-14.7716 15.3807
-14.467 15.3807
-14.3147 15.533
-14.1624 15.6853
-14.0102 15.8376
-13.7056 15.9898
-13.5533 16.1421
-13.401 16.1421
-13.2487 16.2944
-12.9442 16.4467
-12.7919 16.4467
-12.6396 16.599
-12.335 16.599
-12.1827 16.7513
-11.8782 16.7513
-11.7259 16.9036
-11.5736 16.9036
-11.269 16.9036
-11.1168 17.0558
-10.8122 17.0558
-10.6599 17.0558
-10.5076 17.2081
-10.203 17.2081
-10.0508 17.2081
-9.74619 17.2081
-9.59391 17.3604
-9.44162 17.3604
-9.13706 17.3604
-8.98477 17.3604
-8.6802 17.3604
-8.52792 17.3604
-8.37563 17.3604
-8.07107 17.5127
-7.91878 17.5127
-7.61421 17.5127
-7.46193 17.5127
-7.30964 17.5127
-7.00508 17.5127
-6.85279 17.5127
-6.54822 17.5127
-6.39594 17.5127
-6.24365 17.5127
-5.93909 17.5127
-5.7868 17.5127
-5.48223 17.5127
-5.32995 17.5127
-5.17766 17.5127
-4.8731 17.5127
-4.72081 17.5127
-4.41624 17.5127
-4.26396 17.5127
-4.11168 17.5127
-3.80711 17.3604
-3.65482 17.3604
-3.35025 17.3604
-3.19797 17.2081
-3.04569 17.2081
-2.74112 17.0558
-2.58883 17.0558
-2.43655 16.9036
-2.28426 16.7513
-1.9797 16.7513
-1.82741 16.599
-1.67513 16.4467
-1.52284 16.2944
-1.37056 16.2944
-1.06599 16.1421
-0.913706 15.9898
-0.761421 15.8376
-0.609137 15.6853
-0.456853 15.533
-0.304569 15.3807
-0.152284 15.2284
0 15.0761
0.152284 14.9239
0.304569 14.7716
0.456853 14.6193
0.609137 14.467
0.761421 14.3147
0.761421 14.1624
0.913706 14.0102
1.06599 13.8579
1.21827 13.7056
1.37056 13.5533
1.52284 13.401
1.67513 13.2487
1.82741 13.0964
1.82741 12.9442
1.9797 12.7919
2.13198 12.6396
2.28426 12.4873
2.43655 12.335
2.58883 12.1827
2.58883 12.0305
2.74112 11.8782
2.8934 11.7259
3.04569 11.5736
3.04569 11.4213
3.19797 11.269
3.35025 11.1168
3.35025 10.8122
3.50254 10.6599
3.50254 10.5076
3.65482 10.3553
3.65482 10.203
3.80711 9.89848
3.80711 9.74619
3.80711 9.59391
3.95939 9.44162
3.95939 9.13706
3.95939 8.98477
3.95939 8.83249
3.95939 8.52792
4.11168 8.37563
4.11168 8.22335
4.11168 8.07107
4.11168 7.7665
4.11168 7.61421
4.11168 7.46193
4.26396 7.30964
4.26396 7.00508
4.26396 6.85279
4.26396 6.70051
4.41624 6.54822
4.41624 6.24365
4.56853 6.09137
4.56853 5.93909
4.72081 5.7868
4.72081 5.48223
