4.8731 5.17766
4.8731 5.02538
5.02538 4.72081
5.17766 4.56853
5.17766 4.41624
5.32995 4.11168
5.32995 3.95939
5.48223 3.65482
5.48223 3.50254
5.48223 3.19797
5.48223 3.04569
5.48223 2.74112
5.48223 2.58883
5.48223 2.28426
5.48223 2.13198
5.48223 1.9797
5.48223 1.67513
5.48223 1.52284
5.32995 1.21827
5.32995 1.06599
5.32995 0.761421
5.17766 0.609137
5.17766 0.456853
5.02538 0.152284
5.02538 0
4.8731 -0.152284
4.8731 -0.456853
4.72081 -0.609137
4.56853 -0.761421
4.56853 -1.06599
4.41624 -1.21827
4.26396 -1.37056
4.11168 -1.67513
3.95939 -1.82741
3.95939 -1.9797
3.80711 -2.13198
3.65482 -2.28426
3.50254 -2.43655
3.35025 -2.74112
3.19797 -2.8934
3.04569 -3.04569
2.8934 -3.19797
2.74112 -3.35025
2.58883 -3.50254
2.43655 -3.65482
2.28426 -3.80711
2.13198 -3.95939
1.9797 -4.11168
1.67513 -4.26396
1.52284 -4.26396
1.37056 -4.41624
1.21827 -4.56853
1.06599 -4.72081
0.761421 -4.8731
0.609137 -4.8731
0.456853 -5.02538
0.304569 -5.17766
0 -5.17766
-0.152284 -5.32995
-0.304569 -5.48223
-0.456853 -5.48223
-0.761421 -5.63452
-0.913706 -5.63452
-1.06599 -5.7868
-1.37056 -5.93909
-1.52284 -5.93909
-1.67513 -5.93909
-1.9797 -6.09137
-2.13198 -6.09137
-2.28426 -6.24365
-2.58883 -6.24365
-2.74112 -6.39594
-2.8934 -6.39594
-3.19797 -6.39594
-3.35025 -6.54822
-3.50254 -6.54822
-3.80711 -6.54822
-3.95939 -6.70051
-4.11168 -6.70051
-4.41624 -6.70051
-4.56853 -6.70051
-4.8731 -6.85279
-5.02538 -6.85279
-5.17766 -6.85279
-5.48223 -6.85279
-5.63452 -6.85279
-5.93909 -6.85279
-6.09137 -6.85279
-6.24365 -7.00508
-6.54822 -7.00508
-6.70051 -7.00508
-6.85279 -6.85279
-7.15736 -6.85279
-7.30964 -6.85279
-7.61421 -6.85279
-7.7665 -6.85279
-7.91878 -6.85279
-8.22335 -6.85279
-8.37563 -6.70051
-8.52792 -6.70051
-8.83249 -6.70051
-8.98477 -6.54822
-9.13706 -6.54822
-9.44162 -6.39594
-9.59391 -6.39594
-9.74619 -6.39594
-10.0508 -6.24365
-10.203 -6.24365
-10.3553 -6.09137
-10.5076 -5.93909
-10.8122 -5.93909
-10.9645 -5.7868
-11.1168 -5.7868
-11.269 -5.63452
-11.4213 -5.48223
-11.7259 -5.48223
-11.8782 -5.32995
-12.0305 -5.17766
-12.1827 -5.17766
-12.335 -5.02538
-12.4873 -4.8731
-12.6396 -4.8731
-12.9442 -4.72081
-13.0964 -4.56853
-13.2487 -4.41624
-13.401 -4.41624
-13.5533 -4.26396
-13.7056 -4.11168
-13.8579 -3.95939
-14.0102 -3.80711
-14.1624 -3.80711
-14.3147 -3.65482
-14.467 -3.50254
-14.6193 -3.35025
-14.7716 -3.19797
-14.9239 -3.04569
-15.0761 -2.8934
-15.2284 -2.8934
-15.3807 -2.74112
-15.533 -2.58883
-15.6853 -2.43655
-15.8376 -2.28426
-15.9898 -2.13198
-16.1421 -1.9797
-16.2944 -1.82741
-16.4467 -1.67513
-16.599 -1.37056
-16.599 -1.21827
-16.7513 -1.06599
-16.9036 -0.913706
-17.0558 -0.761421
-17.0558 -0.609137
-17.2081 -0.456853
-17.3604 -0.152284
-17.3604 0
-17.5127 0.152284
-17.5127 0.304569
-17.665 0.456853
-17.8173 0.761421
-17.8173 0.913706
-17.8173 1.06599
-17.9695 1.37056
-17.9695 1.52284
-18.1218 1.67513
-18.1218 1.9797
-18.1218 2.13198
-18.1218 2.28426
-18.1218 2.58883
-18.2741 2.74112
-18.2741 2.8934
-18.2741 3.19797
-18.2741 3.35025
-18.2741 3.50254
-18.2741 3.80711
-18.2741 3.95939
-18.2741 4.11168
-18.1218 4.41624
-18.1218 4.56853
-18.1218 4.72081
-18.1218 5.02538
-18.1218 5.17766
-18.1218 5.32995
-17.9695 5.63452
-17.9695 5.7868
-17.9695 5.93909
-17.9695 6.09137
-17.8173 6.39594
-17.8173 6.54822
-17.8173 6.70051
-17.8173 7.00508
-17.8173 7.15736
-17.8173 7.30964
-17.665 7.46193
-17.665 7.7665
-17.665 7.91878
-17.665 8.07107
-17.665 8.37563
-17.665 8.52792
-17.665 8.6802
-17.665 8.98477
-17.665 9.13706
-17.665 9.28934
-17.5127 9.59391
-17.5127 9.74619
-17.5127 10.0508
-17.5127 10.203
-17.5127 10.5076
-17.5127 10.6599
-17.3604 10.8122
-17.3604 11.1168
-17.3604 11.269
-17.3604 11.5736
-17.2081 11.7259
-17.2081 12.0305
-17.0558 12.1827
-17.0558 12.335
-16.9036 12.6396
-16.9036 12.7919
-16.7513 13.0964
-16.599 13.2487
-16.599 13.401
-16.4467 13.5533
-16.2944 13.8579
-16.1421 14.0102
-15.9898 14.1624
-15.8376 14.3147
-15.6853 14.467
-15.533 14.7716
-15.3807 14.9239
-15.2284 15.0761
-15.0761 15.2284
-14.9239 15.3807
-14.7716 15.533
-14.6193 15.6853
-14.3147 15.6853
-14.1624 15.8376
-14.0102 15.9898
-13.8579 16.1421
-13.5533 16.2944
-13.401 16.2944
-13.2487 16.4467
-12.9442 16.4467
-12.7919 16.599
-12.4873 16.599
-12.335 16.7513
-12.1827 16.7513
-11.8782 16.9036
-11.7259 16.9036
-11.4213 16.9036
-11.269 17.0558
-10.9645 17.0558
-10.8122 17.0558
-10.6599 17.2081
-10.3553 17.2081
-10.203 17.2081
-9.89848 17.2081
-9.74619 17.2081
-9.44162 17.2081
-9.28934 17.3604
-9.13706 17.3604
-8.83249 17.3604
-8.6802 17.3604
-8.37563 17.3604
-8.22335 17.3604
-7.91878 17.3604
-7.7665 17.3604
-7.61421 17.3604
-7.30964 17.5127
-7.15736 17.5127
-6.85279 17.5127
-6.70051 17.5127
-6.54822 17.5127
-6.24365 17.5127
-6.09137 17.5127
-5.7868 17.5127
-5.63452 17.5127
-5.48223 17.5127
-5.17766 17.5127
-5.02538 17.5127
-4.72081 17.5127
-4.56853 17.3604
-4.26396 17.3604
-4.11168 17.3604
-3.95939 17.3604
-3.65482 17.2081
-3.50254 17.2081
-3.19797 17.2081
-3.04569 17.0558
-2.8934 17.0558
-2.58883 16.9036
-2.43655 16.9036
-2.28426 16.7513
-2.13198 16.599
-1.82741 16.4467
-1.67513 16.4467
-1.52284 16.2944
-1.37056 16.1421
-1.21827 15.9898
-1.06599 15.8376
-0.913706 15.6853
-0.761421 15.533
-0.609137 15.3807
-0.456853 15.3807
-0.304569 15.2284
-0.152284 15.0761
0 14.9239
0.152284 14.7716
0.304569 14.6193
0.456853 14.467
0.609137 14.3147
0.761421 14.1624
0.913706 14.0102
1.06599 13.8579
1.21827 13.7056
1.37056 13.5533
1.37056 13.401
1.52284 13.2487
1.67513 13.0964
1.82741 12.9442
1.9797 12.7919
2.13198 12.6396
2.28426 12.4873
2.43655 12.335
2.43655 12.1827
2.58883 12.0305
2.74112 11.7259
2.8934 11.5736
3.04569 11.4213
3.04569 11.269
3.19797 11.1168
3.35025 10.9645
3.35025 10.8122
3.50254 10.6599
3.65482 10.3553
3.65482 10.203
3.80711 10.0508
3.80711 9.89848
3.80711 9.74619
3.95939 9.44162
3.95939 9.28934
3.95939 9.13706
4.11168 8.83249
4.11168 8.6802
4.11168 8.52792
4.11168 8.37563
4.26396 8.07107
4.26396 7.91878
4.26396 7.7665
4.26396 7.46193
4.26396 7.30964
4.26396 7.15736
4.41624 7.00508
4.41624 6.70051
4.41624 6.54822
4.41624 6.39594
4.56853 6.09137
4.56853 5.93909
4.56853 5.7868
4.72081 5.63452
4.72081 5.32995
