4.72081 5.17766
4.8731 4.8731
4.8731 4.72081
5.02538 4.56853
5.17766 4.26396
5.17766 4.11168
5.17766 3.80711
5.32995 3.65482
5.32995 3.50254
5.32995 3.19797
5.32995 3.04569
5.48223 2.74112
5.48223 2.58883
5.48223 2.28426
5.32995 2.13198
5.32995 1.9797
5.32995 1.67513
5.32995 1.52284
5.32995 1.21827
5.17766 1.06599
5.17766 0.913706
5.02538 0.609137
5.02538 0.456853
5.02538 0.152284
4.8731 0
4.72081 -0.152284
4.72081 -0.456853
4.56853 -0.609137
4.41624 -0.761421
4.41624 -0.913706
4.26396 -1.21827
4.11168 -1.37056
4.11168 -1.52284
3.95939 -1.67513
3.80711 -1.82741
3.65482 -2.13198
3.50254 -2.28426
3.35025 -2.43655
3.19797 -2.58883
3.04569 -2.74112
2.8934 -2.8934
2.74112 -3.04569
2.58883 -3.19797
2.43655 -3.35025
2.28426 -3.50254
2.13198 -3.65482
1.9797 -3.80711
1.82741 -3.95939
1.67513 -4.11168
1.52284 -4.11168
1.37056 -4.26396
1.06599 -4.41624
0.913706 -4.56853
0.761421 -4.72081
0.609137 -4.72081
0.456853 -4.8731
0.304569 -5.02538
0 -5.17766
-0.152284 -5.17766
-0.304569 -5.32995
-0.456853 -5.48223
-0.761421 -5.48223
-0.913706 -5.63452
-1.06599 -5.63452
-1.21827 -5.7868
-1.52284 -5.7868
-1.67513 -5.93909
-1.82741 -6.09137
-2.13198 -6.09137
-2.28426 -6.09137
-2.43655 -6.24365
-2.74112 -6.24365
-2.8934 -6.39594
-3.04569 -6.39594
-3.35025 -6.54822
-3.50254 -6.54822
-3.65482 -6.54822
-3.95939 -6.70051
-4.11168 -6.70051
-4.26396 -6.70051
-4.56853 -6.70051
-4.72081 -6.85279
-4.8731 -6.85279
-5.17766 -6.85279
-5.32995 -6.85279
-5.48223 -6.85279
-5.7868 -6.85279
-5.93909 -6.85279
-6.24365 -6.85279
-6.39594 -6.85279
-6.54822 -6.85279
-6.85279 -6.85279
-7.00508 -6.85279
-7.15736 -6.85279
-7.46193 -6.85279
-7.61421 -6.85279
-7.91878 -6.85279
-8.07107 -6.85279
-8.22335 -6.85279
-8.52792 -6.70051
-8.6802 -6.70051
-8.83249 -6.70051
-9.13706 -6.54822
-9.28934 -6.54822
-9.44162 -6.54822
-9.74619 -6.39594
-9.89848 -6.39594
-10.0508 -6.24365
-10.3553 -6.24365
-10.5076 -6.09137
-10.6599 -6.09137
-10.8122 -5.93909
-11.1168 -5.93909
-11.269 -5.7868
-11.4213 -5.7868
-11.5736 -5.63452
-11.7259 -5.48223
-12.0305 -5.48223
-12.1827 -5.32995
-12.335 -5.17766
-12.4873 -5.17766
-12.6396 -5.02538
-12.7919 -4.8731
-13.0964 -4.72081
-13.2487 -4.72081
-13.401 -4.56853
-13.5533 -4.41624
-13.7056 -4.26396
-13.8579 -4.26396
-14.0102 -4.11168
-14.1624 -3.95939
-14.3147 -3.80711
-14.467 -3.65482
-14.6193 -3.50254
-14.7716 -3.35025
-14.9239 -3.19797
-15.0761 -3.19797
-15.2284 -3.04569
-15.3807 -2.8934
-15.533 -2.74112
-15.6853 -2.58883
-15.8376 -2.43655
-15.9898 -2.28426
-16.1421 -2.13198
-16.2944 -1.82741
-16.4467 -1.67513
-16.4467 -1.52284
-16.599 -1.37056
-16.7513 -1.21827
-16.9036 -1.06599
-17.0558 -0.913706
-17.0558 -0.761421
-17.2081 -0.456853
-17.3604 -0.304569
-17.3604 -0.152284
-17.5127 0
-17.5127 0.304569
-17.665 0.456853
-17.665 0.609137
-17.8173 0.761421
-17.8173 1.06599
-17.9695 1.21827
-17.9695 1.37056
-18.1218 1.67513
-18.1218 1.82741
-18.1218 1.9797
-18.1218 2.28426
-18.2741 2.43655
-18.2741 2.58883
-18.2741 2.8934
-18.2741 3.04569
-18.2741 3.19797
-18.2741 3.50254
-18.2741 3.65482
-18.2741 3.95939
-18.2741 4.11168
-18.2741 4.26396
-18.2741 4.56853
-18.1218 4.72081
-18.1218 4.8731
-18.1218 5.17766
-18.1218 5.32995
-18.1218 5.48223
-17.9695 5.7868
-17.9695 5.93909
-17.9695 6.09137
-17.9695 6.24365
-17.9695 6.54822
-17.9695 6.70051
-17.8173 6.85279
-17.8173 7.15736
-17.8173 7.30964
-17.8173 7.46193
-17.8173 7.7665
-17.8173 7.91878
-17.8173 8.07107
-17.8173 8.37563
-17.8173 8.52792
-17.8173 8.6802
-17.8173 8.98477
-17.8173 9.13706
-17.665 9.44162
-17.665 9.59391
-17.665 9.89848
-17.665 10.0508
-17.665 10.3553
-17.665 10.5076
-17.665 10.8122
-17.665 10.9645
-17.5127 11.269
-17.5127 11.4213
-17.5127 11.5736
-17.3604 11.8782
-17.3604 12.0305
-17.2081 12.335
-17.2081 12.4873
-17.0558 12.7919
-17.0558 12.9442
-16.9036 13.0964
-16.7513 13.401
-16.599 13.5533
-16.599 13.7056
-16.4467 14.0102
-16.2944 14.1624
-16.1421 14.3147
-15.9898 14.467
-15.8376 14.6193
-15.6853 14.7716
-15.533 14.9239
-15.3807 15.0761
-15.0761 15.2284
-14.9239 15.3807
-14.7716 15.533
-14.6193 15.6853
-14.3147 15.8376
-14.1624 15.9898
-14.0102 15.9898
-13.7056 16.1421
-13.5533 16.2944
-13.401 16.2944
-13.0964 16.4467
-12.9442 16.4467
-12.6396 16.599
-12.4873 16.599
-12.1827 16.7513
-12.0305 16.7513
-11.8782 16.9036
-11.5736 16.9036
-11.4213 16.9036
-11.1168 16.9036
-10.9645 17.0558
-10.6599 17.0558
-10.5076 17.0558
-10.203 17.0558
-10.0508 17.0558
-9.74619 17.2081
-9.59391 17.2081
-9.44162 17.2081
-9.13706 17.2081
-8.98477 17.2081
-8.6802 17.2081
-8.52792 17.2081
-8.37563 17.2081
-8.07107 17.2081
-7.91878 17.2081
-7.61421 17.3604
-7.46193 17.3604
-7.30964 17.3604
-7.00508 17.3604
-6.85279 17.3604
-6.54822 17.3604
-6.39594 17.3604
-6.24365 17.3604
-5.93909 17.3604
-5.7868 17.3604
-5.48223 17.3604
-5.32995 17.3604
-5.02538 17.3604
-4.8731 17.3604
-4.72081 17.3604
-4.41624 17.3604
-4.26396 17.2081
-3.95939 17.2081
-3.80711 17.2081
-3.65482 17.2081
-3.35025 17.0558
-3.19797 17.0558
-3.04569 16.9036
-2.74112 16.9036
-2.58883 16.7513
-2.43655 16.7513
-2.13198 16.599
-1.9797 16.4467
-1.82741 16.2944
-1.67513 16.2944
-1.52284 16.1421
-1.37056 15.9898
-1.06599 15.8376
-0.913706 15.6853
-0.761421 15.533
-0.609137 15.3807
-0.456853 15.2284
-0.304569 15.0761
-0.152284 14.9239
0 14.7716
0 14.6193
0.152284 14.467
0.304569 14.3147
0.456853 14.1624
0.609137 14.0102
0.761421 13.8579
0.913706 13.7056
0.913706 13.5533
1.06599 13.401
1.21827 13.2487
1.37056 13.0964
1.52284 12.9442
1.67513 12.7919
1.67513 12.6396
1.82741 12.4873
1.9797 12.335
2.13198 12.1827
2.28426 12.0305
2.28426 11.8782
2.43655 11.7259
2.58883 11.5736
2.74112 11.4213
2.74112 11.269
2.8934 11.1168
3.04569 10.9645
3.04569 10.6599
3.19797 10.5076
3.35025 10.3553
3.35025 10.203
3.50254 10.0508
3.50254 9.89848
3.65482 9.74619
3.65482 9.44162
3.80711 9.28934
3.80711 9.13706
3.95939 8.98477
3.95939 8.6802
3.95939 8.52792
4.11168 8.37563
4.11168 8.22335
4.11168 8.07107
4.11168 7.7665
4.26396 7.61421
4.26396 7.46193
4.26396 7.30964
4.26396 7.00508
4.41624 6.85279
4.41624 6.70051
4.41624 6.54822
4.41624 6.24365
4.56853 6.09137
4.56853 5.93909
4.56853 5.63452
4.56853 5.48223
4.72081 5.32995
