4.41624 5.32995
4.56853 5.17766
4.56853 4.8731
4.72081 4.72081
4.8731 4.56853
4.8731 4.26396
4.8731 4.11168
5.02538 3.80711
5.02538 3.65482
5.17766 3.50254
5.17766 3.19797
5.17766 3.04569
5.17766 2.74112
5.17766 2.58883
5.17766 2.28426
5.17766 2.13198
5.17766 1.82741
5.17766 1.67513
5.17766 1.37056
5.17766 1.21827
5.02538 0.913706
5.02538 0.761421
5.02538 0.456853
4.8731 0.304569
4.8731 0.152284
4.72081 -0.152284
4.72081 -0.304569
4.56853 -0.456853
4.41624 -0.761421
4.41624 -0.913706
4.26396 -1.06599
4.11168 -1.37056
3.95939 -1.52284
3.80711 -1.67513
3.80711 -1.82741
3.65482 -1.9797
3.50254 -2.13198
3.35025 -2.43655
3.19797 -2.58883
3.04569 -2.74112
2.8934 -2.8934
2.74112 -3.04569
2.58883 -3.19797
2.28426 -3.35025
2.13198 -3.50254
1.9797 -3.65482
1.82741 -3.80711
1.67513 -3.80711
1.52284 -3.95939
1.37056 -4.11168
1.06599 -4.26396
0.913706 -4.41624
0.761421 -4.56853
0.609137 -4.56853
0.456853 -4.72081
0.152284 -4.8731
0 -5.02538
-0.152284 -5.02538
-0.304569 -5.17766
-0.456853 -5.32995
-0.761421 -5.32995
-0.913706 -5.48223
-1.06599 -5.63452
-1.37056 -5.63452
-1.52284 -5.7868
-1.67513 -5.7868
-1.82741 -5.93909
-2.13198 -6.09137
-2.28426 -6.09137
-2.43655 -6.24365
-2.74112 -6.24365
-2.8934 -6.24365
-3.04569 -6.39594
-3.35025 -6.39594
-3.50254 -6.54822
-3.80711 -6.54822
-3.95939 -6.54822
-4.11168 -6.70051
-4.41624 -6.70051
-4.56853 -6.70051
-4.72081 -6.85279
-5.02538 -6.85279
-5.17766 -6.85279
-5.48223 -6.85279
-5.63452 -6.85279
-5.7868 -6.85279
-6.09137 -6.85279
-6.24365 -7.00508
-6.54822 -7.00508
-6.70051 -7.00508
-6.85279 -7.00508
-7.15736 -6.85279
-7.30964 -6.85279
-7.61421 -6.85279
-7.7665 -6.85279
-7.91878 -6.85279
-8.22335 -6.85279
-8.37563 -6.85279
-8.6802 -6.70051
-8.83249 -6.70051
-8.98477 -6.70051
-9.28934 -6.54822
-9.44162 -6.54822
-9.59391 -6.54822
-9.89848 -6.39594
-10.0508 -6.39594
-10.203 -6.24365
-10.5076 -6.24365
-10.6599 -6.09137
-10.8122 -6.09137
-10.9645 -5.93909
-11.269 -5.93909
-11.4213 -5.7868
-11.5736 -5.63452
-11.7259 -5.63452
-12.0305 -5.48223
-12.1827 -5.32995
-12.335 -5.32995
-12.4873 -5.17766
-12.6396 -5.02538
-12.9442 -5.02538
-13.0964 -4.8731
-13.2487 -4.72081
-13.401 -4.72081
-13.5533 -4.56853
-13.7056 -4.41624
-13.8579 -4.26396
-14.0102 -4.11168
-14.3147 -4.11168
-14.467 -3.95939
-14.6193 -3.80711
-14.7716 -3.65482
-14.9239 -3.50254
-15.0761 -3.35025
-15.2284 -3.19797
-15.3807 -3.04569
-15.533 -2.8934
-15.6853 -2.74112
-15.8376 -2.58883
-15.9898 -2.43655
-15.9898 -2.28426
-16.1421 -2.13198
-16.2944 -1.9797
-16.4467 -1.82741
-16.599 -1.67513
-16.599 -1.52284
-16.7513 -1.37056
-16.9036 -1.21827
-17.0558 -0.913706
-17.0558 -0.761421
-17.2081 -0.609137
-17.3604 -0.456853
-17.3604 -0.304569
-17.5127 0
-17.5127 0.152284
-17.665 0.304569
-17.665 0.609137
-17.8173 0.761421
-17.8173 0.913706
-17.8173 1.06599
-17.9695 1.37056
-17.9695 1.52284
-17.9695 1.67513
-17.9695 1.9797
-18.1218 2.13198
-18.1218 2.28426
-18.1218 2.58883
-18.1218 2.74112
-18.1218 2.8934
-18.1218 3.19797
-18.1218 3.35025
-18.1218 3.50254
-18.1218 3.80711
-18.1218 3.95939
-18.1218 4.11168
-18.1218 4.41624
-18.1218 4.56853
-18.1218 4.72081
-18.1218 4.8731
-18.1218 5.17766
-17.9695 5.32995
-17.9695 5.48223
-17.9695 5.7868
-17.9695 5.93909
-17.9695 6.09137
-17.9695 6.24365
-17.9695 6.54822
-17.9695 6.70051
-17.9695 6.85279
-17.9695 7.00508
-17.9695 7.30964
-17.9695 7.46193
-17.9695 7.61421
-17.9695 7.91878
-17.9695 8.07107
-17.9695 8.22335
-17.9695 8.52792
-17.9695 8.6802
-17.9695 8.98477
-18.1218 9.13706
-18.1218 9.44162
-18.1218 9.59391
-18.1218 9.89848
-18.1218 10.0508
-18.1218 10.3553
-18.1218 10.5076
-18.1218 10.8122
-18.1218 10.9645
-18.1218 11.269
-18.1218 11.5736
-17.9695 11.7259
-17.9695 12.0305
-17.9695 12.1827
-17.8173 12.4873
-17.8173 12.6396
-17.665 12.9442
-17.665 13.0964
-17.5127 13.2487
-17.3604 13.5533
-17.2081 13.7056
-17.0558 13.8579
-16.9036 14.0102
-16.7513 14.1624
-16.599 14.3147
-16.4467 14.467
-16.2944 14.6193
-16.1421 14.7716
-15.8376 14.9239
-15.6853 15.0761
-15.533 15.2284
-15.2284 15.2284
-15.0761 15.3807
-14.9239 15.533
-14.6193 15.533
-14.467 15.6853
-14.1624 15.8376
-14.0102 15.8376
-13.8579 15.9898
-13.5533 15.9898
-13.401 16.1421
-13.0964 16.1421
-12.9442 16.2944
-12.7919 16.2944
-12.4873 16.2944
-12.335 16.4467
-12.1827 16.4467
-11.8782 16.599
-11.7259 16.599
-11.4213 16.599
-11.269 16.7513
-11.1168 16.7513
-10.8122 16.7513
-10.6599 16.9036
-10.5076 16.9036
-10.203 16.9036
-10.0508 17.0558
-9.89848 17.0558
-9.59391 17.0558
-9.44162 17.0558
-9.13706 17.2081
-8.98477 17.2081
-8.83249 17.2081
-8.52792 17.2081
-8.37563 17.2081
-8.22335 17.3604
-7.91878 17.3604
-7.7665 17.3604
-7.61421 17.3604
-7.30964 17.3604
-7.15736 17.3604
-6.85279 17.3604
-6.70051 17.3604
-6.54822 17.3604
-6.24365 17.3604
-6.09137 17.3604
-5.93909 17.3604
-5.63452 17.3604
-5.48223 17.3604
-5.17766 17.3604
-5.02538 17.2081
-4.8731 17.2081
-4.56853 17.2081
-4.41624 17.2081
-4.26396 17.0558
-3.95939 17.0558
-3.80711 17.0558
-3.65482 16.9036
-3.35025 16.9036
-3.19797 16.7513
-3.04569 16.7513
-2.74112 16.599
-2.58883 16.599
-2.43655 16.4467
-2.28426 16.2944
-2.13198 16.2944
-1.82741 16.1421
-1.67513 15.9898
-1.52284 15.8376
-1.37056 15.6853
-1.21827 15.6853
-1.06599 15.533
-0.913706 15.3807
-0.761421 15.2284
-0.609137 15.0761
-0.456853 14.9239
-0.304569 14.7716
-0.152284 14.6193
0 14.467
0.152284 14.3147
0.304569 14.1624
0.456853 14.0102
0.609137 13.8579
0.761421 13.7056
0.761421 13.5533
0.913706 13.401
1.06599 13.2487
1.21827 13.0964
1.37056 12.9442
1.37056 12.7919
1.52284 12.6396
1.67513 12.4873
1.82741 12.335
1.9797 12.1827
1.9797 12.0305
2.13198 11.8782
2.28426 11.7259
2.28426 11.5736
2.43655 11.4213
2.58883 11.269
2.58883 11.1168
2.74112 10.9645
2.8934 10.8122
2.8934 10.5076
3.04569 10.3553
3.04569 10.203
3.19797 10.0508
3.35025 9.89848
3.35025 9.74619
3.50254 9.59391
3.50254 9.28934
3.65482 9.13706
3.65482 8.98477
3.80711 8.83249
3.80711 8.6802
3.95939 8.37563
3.95939 8.22335
3.95939 8.07107
4.11168 7.91878
4.11168 7.61421
4.11168 7.46193
4.26396 7.30964
4.26396 7.15736
4.26396 6.85279
4.26396 6.70051
4.41624 6.54822
4.41624 6.39594
4.41624 6.09137
4.41624 5.93909
4.41624 5.7868
4.41624 5.48223
