4.41624 5.17766
4.56853 5.02538
4.72081 4.72081
4.72081 4.56853
4.8731 4.26396
5.02538 4.11168
5.02538 3.95939
5.17766 3.65482
5.17766 3.50254
5.17766 3.19797
5.17766 3.04569
5.32995 2.74112
5.32995 2.58883
5.32995 2.28426
5.32995 2.13198
5.17766 1.82741
5.17766 1.67513
5.17766 1.52284
5.17766 1.21827
5.02538 1.06599
5.02538 0.761421
5.02538 0.609137
4.8731 0.456853
4.8731 0.152284
4.72081 0
4.72081 -0.304569
4.56853 -0.456853
4.41624 -0.609137
4.41624 -0.913706
4.26396 -1.06599
4.11168 -1.21827
3.95939 -1.37056
3.95939 -1.67513
3.80711 -1.82741
3.65482 -1.9797
3.50254 -2.13198
3.35025 -2.28426
3.19797 -2.43655
3.04569 -2.58883
2.8934 -2.74112
2.74112 -3.04569
2.58883 -3.19797
2.43655 -3.35025
2.28426 -3.50254
2.13198 -3.65482
1.9797 -3.65482
1.82741 -3.80711
1.67513 -3.95939
1.37056 -4.11168
1.21827 -4.26396
1.06599 -4.41624
0.913706 -4.56853
0.761421 -4.56853
0.609137 -4.72081
0.304569 -4.8731
0.152284 -5.02538
0 -5.02538
-0.152284 -5.17766
-0.456853 -5.32995
-0.609137 -5.32995
-0.761421 -5.48223
-0.913706 -5.63452
-1.21827 -5.63452
-1.37056 -5.7868
-1.52284 -5.7868
-1.82741 -5.93909
-1.9797 -5.93909
-2.13198 -6.09137
-2.43655 -6.09137
-2.58883 -6.24365
-2.74112 -6.24365
-3.04569 -6.24365
-3.19797 -6.39594
-3.35025 -6.39594
-3.65482 -6.39594
-3.80711 -6.54822
-3.95939 -6.54822
-4.26396 -6.54822
-4.41624 -6.70051
-4.56853 -6.70051
-4.8731 -6.70051
-5.02538 -6.70051
-5.32995 -6.70051
-5.48223 -6.85279
-5.63452 -6.85279
-5.93909 -6.85279
-6.09137 -6.85279
-6.24365 -6.85279
-6.54822 -6.85279
-6.70051 -6.85279
-7.00508 -6.85279
-7.15736 -6.85279
-7.30964 -6.85279
-7.61421 -6.85279
-7.7665 -6.85279
-7.91878 -6.70051
-8.22335 -6.70051
-8.37563 -6.70051
-8.52792 -6.70051
-8.83249 -6.54822
-8.98477 -6.54822
-9.13706 -6.54822
-9.44162 -6.54822
-9.59391 -6.39594
-9.74619 -6.39594
-10.0508 -6.24365
-10.203 -6.24365
-10.3553 -6.09137
-10.6599 -6.09137
-10.8122 -6.09137
-10.9645 -5.93909
-11.1168 -5.7868
-11.4213 -5.7868
-11.5736 -5.63452
-11.7259 -5.63452
-11.8782 -5.48223
-12.0305 -5.48223
-12.335 -5.32995
-12.4873 -5.17766
-12.6396 -5.17766
-12.7919 -5.02538
-12.9442 -4.8731
-13.0964 -4.8731
-13.401 -4.72081
-13.5533 -4.56853
-13.7056 -4.41624
-13.8579 -4.41624
-14.0102 -4.26396
-14.1624 -4.11168
-14.3147 -3.95939
-14.467 -3.80711
-14.6193 -3.65482
-14.7716 -3.65482
-14.9239 -3.50254
-15.0761 -3.35025
-15.2284 -3.19797
-15.3807 -3.04569
-15.533 -2.8934
-15.6853 -2.74112
-15.8376 -2.58883
-15.9898 -2.43655
-16.1421 -2.28426
-16.2944 -2.13198
-16.4467 -1.9797
-16.4467 -1.82741
-16.599 -1.67513
-16.7513 -1.37056
-16.9036 -1.21827
-16.9036 -1.06599
-17.0558 -0.913706
-17.2081 -0.761421
-17.2081 -0.609137
-17.3604 -0.304569
-17.3604 -0.152284
-17.5127 0
-17.5127 0.152284
-17.665 0.456853
-17.665 0.609137
-17.8173 0.761421
-17.8173 0.913706
-17.9695 1.21827
-17.9695 1.37056
-17.9695 1.52284
-17.9695 1.82741
-18.1218 1.9797
-18.1218 2.13198
-18.1218 2.43655
-18.1218 2.58883
-18.1218 2.74112
-18.1218 3.04569
-18.1218 3.19797
-18.1218 3.35025
-18.1218 3.65482
-18.1218 3.80711
-18.1218 3.95939
-18.1218 4.11168
-18.1218 4.41624
-18.1218 4.56853
-18.1218 4.72081
-18.1218 5.02538
-18.1218 5.17766
-17.9695 5.32995
-17.9695 5.48223
-17.9695 5.7868
-17.9695 5.93909
-17.9695 6.09137
-17.9695 6.39594
-17.9695 6.54822
-17.9695 6.70051
-17.9695 6.85279
-17.9695 7.15736
-17.9695 7.30964
-17.9695 7.46193
-17.9695 7.7665
-17.9695 7.91878
-17.9695 8.07107
-17.9695 8.37563
-17.9695 8.52792
-18.1218 8.83249
-18.1218 8.98477
-18.1218 9.28934
-18.1218 9.44162
-18.1218 9.74619
-18.1218 9.89848
-18.1218 10.203
-18.1218 10.3553
-18.1218 10.6599
-18.1218 10.8122
-18.1218 11.1168
-18.1218 11.4213
-18.1218 11.5736
-17.9695 11.8782
-17.9695 12.0305
-17.9695 12.335
-17.8173 12.4873
-17.8173 12.7919
-17.665 12.9442
-17.5127 13.0964
-17.5127 13.401
-17.3604 13.5533
-17.2081 13.7056
-17.0558 13.8579
-16.9036 14.1624
-16.7513 14.3147
-16.599 14.467
-16.2944 14.6193
-16.1421 14.7716
-15.9898 14.9239
-15.8376 14.9239
-15.533 15.0761
-15.3807 15.2284
-15.2284 15.3807
-14.9239 15.3807
-14.7716 15.533
-14.467 15.6853
-14.3147 15.6853
-14.1624 15.8376
-13.8579 15.8376
-13.7056 15.9898
-13.401 15.9898
-13.2487 16.1421
-13.0964 16.1421
-12.7919 16.2944
-12.6396 16.2944
-12.335 16.2944
-12.1827 16.4467
-12.0305 16.4467
-11.7259 16.599
-11.5736 16.599
-11.269 16.599
-11.1168 16.7513
-10.9645 16.7513
-10.6599 16.7513
-10.5076 16.9036
-10.3553 16.9036
-10.0508 16.9036
-9.89848 16.9036
-9.59391 17.0558
-9.44162 17.0558
-9.28934 17.0558
-8.98477 17.0558
-8.83249 17.2081
-8.6802 17.2081
-8.37563 17.2081
-8.22335 17.2081
-7.91878 17.2081
-7.7665 17.2081
-7.61421 17.2081
-7.30964 17.3604
-7.15736 17.3604
-7.00508 17.3604
-6.70051 17.3604
-6.54822 17.3604
-6.24365 17.3604
-6.09137 17.3604
-5.93909 17.3604
-5.63452 17.3604
-5.48223 17.3604
-5.17766 17.2081
-5.02538 17.2081
-4.8731 17.2081
-4.56853 17.2081
-4.41624 17.2081
-4.11168 17.0558
-3.95939 17.0558
-3.80711 17.0558
-3.50254 16.9036
-3.35025 16.9036
-3.19797 16.7513
-2.8934 16.7513
-2.74112 16.599
-2.58883 16.4467
-2.43655 16.4467
-2.13198 16.2944
-1.9797 16.1421
-1.82741 16.1421
-1.67513 15.9898
-1.52284 15.8376
-1.37056 15.6853
-1.21827 15.533
-1.06599 15.3807
-0.761421 15.3807
-0.609137 15.2284
-0.456853 15.0761
-0.304569 14.9239
-0.152284 14.7716
-0.152284 14.6193
0 14.467
0.152284 14.3147
0.304569 14.1624
0.456853 14.0102
0.609137 13.8579
0.761421 13.7056
0.913706 13.5533
1.06599 13.401
1.06599 13.2487
1.21827 13.0964
1.37056 12.9442
1.52284 12.7919
1.67513 12.6396
1.82741 12.4873
1.82741 12.335
1.9797 12.1827
2.13198 12.0305
2.28426 11.8782
2.28426 11.7259
2.43655 11.4213
2.58883 11.269
2.58883 11.1168
2.74112 10.9645
2.8934 10.8122
2.8934 10.6599
3.04569 10.5076
3.04569 10.3553
3.19797 10.0508
3.35025 9.89848
3.35025 9.74619
3.50254 9.59391
3.50254 9.44162
3.50254 9.13706
3.65482 8.98477
3.65482 8.83249
3.80711 8.6802
3.80711 8.37563
3.80711 8.22335
3.95939 8.07107
3.95939 7.91878
3.95939 7.7665
4.11168 7.46193
4.11168 7.30964
4.11168 7.15736
4.11168 6.85279
4.26396 6.70051
4.26396 6.54822
4.26396 6.39594
4.26396 6.09137
4.26396 5.93909
4.41624 5.7868
4.41624 5.63452
4.41624 5.32995
