4.41624 5.17766
4.56853 5.02538
4.56853 4.72081
4.72081 4.56853
4.8731 4.41624
4.8731 4.11168
5.02538 3.95939
5.02538 3.65482
5.17766 3.50254
5.17766 3.19797
5.17766 3.04569
5.17766 2.74112
5.17766 2.58883
5.17766 2.43655
5.17766 2.13198
5.17766 1.9797
5.17766 1.67513
5.17766 1.52284
5.02538 1.21827
5.02538 1.06599
5.02538 0.761421
4.8731 0.609137
4.8731 0.456853
4.72081 0.152284
4.72081 0
4.56853 -0.152284
4.56853 -0.456853
4.41624 -0.609137
4.26396 -0.761421
4.26396 -1.06599
4.11168 -1.21827
3.95939 -1.37056
3.80711 -1.52284
3.80711 -1.82741
3.65482 -1.9797
3.50254 -2.13198
3.35025 -2.28426
3.19797 -2.43655
3.04569 -2.58883
2.8934 -2.74112
2.74112 -3.04569
2.58883 -3.19797
2.43655 -3.35025
2.28426 -3.50254
2.13198 -3.65482
1.9797 -3.65482
1.82741 -3.80711
1.67513 -3.95939
1.37056 -4.11168
1.21827 -4.26396
1.06599 -4.41624
0.913706 -4.56853
0.761421 -4.56853
0.456853 -4.72081
0.304569 -4.8731
0.152284 -5.02538
0 -5.02538
-0.152284 -5.17766
-0.456853 -5.32995
-0.609137 -5.32995
-0.761421 -5.48223
-1.06599 -5.48223
-1.21827 -5.63452
-1.37056 -5.7868
-1.52284 -5.7868
-1.82741 -5.93909
-1.9797 -5.93909
-2.13198 -6.09137
-2.43655 -6.09137
-2.58883 -6.09137
-2.74112 -6.24365
-3.04569 -6.24365
-3.19797 -6.39594
-3.35025 -6.39594
-3.65482 -6.39594
-3.80711 -6.54822
-3.95939 -6.54822
-4.26396 -6.54822
-4.41624 -6.54822
-4.72081 -6.70051
-4.8731 -6.70051
-5.02538 -6.70051
-5.32995 -6.70051
-5.48223 -6.85279
-5.63452 -6.85279
-5.93909 -6.85279
-6.09137 -6.85279
-6.39594 -6.85279
-6.54822 -6.85279
-6.70051 -6.85279
-7.00508 -6.85279
-7.15736 -6.85279
-7.30964 -6.85279
-7.61421 -6.85279
-7.7665 -6.85279
-8.07107 -6.85279
-8.22335 -6.70051
-8.37563 -6.70051
-8.6802 -6.70051
-8.83249 -6.70051
-8.98477 -6.54822
-9.28934 -6.54822
-9.44162 -6.54822
-9.59391 -6.39594
-9.89848 -6.39594
-10.0508 -6.39594
-10.203 -6.24365
-10.3553 -6.24365
-10.6599 -6.09137
-10.8122 -6.09137
-10.9645 -5.93909
-11.269 -5.93909
-11.4213 -5.7868
-11.5736 -5.7868
-11.7259 -5.63452
-11.8782 -5.48223
-12.1827 -5.48223
-12.335 -5.32995
-12.4873 -5.32995
-12.6396 -5.17766
-12.7919 -5.02538
-13.0964 -5.02538
-13.2487 -4.8731
-13.401 -4.72081
-13.5533 -4.56853
-13.7056 -4.56853
-13.8579 -4.41624
-14.0102 -4.26396
-14.3147 -4.11168
-14.467 -4.11168
-14.6193 -3.95939
-14.7716 -3.80711
-14.9239 -3.65482
-15.0761 -3.50254
-15.2284 -3.35025
-15.3807 -3.19797
-15.533 -3.04569
-15.6853 -2.8934
-15.8376 -2.74112
-15.9898 -2.58883
-16.1421 -2.43655
-16.2944 -2.28426
-16.4467 -2.13198
-16.4467 -1.9797
-16.599 -1.82741
-16.7513 -1.67513
-16.9036 -1.52284
-16.9036 -1.37056
-17.0558 -1.21827
-17.2081 -0.913706
-17.2081 -0.761421
-17.3604 -0.609137
-17.5127 -0.456853
-17.5127 -0.152284
-17.665 0
-17.665 0.152284
-17.8173 0.304569
-17.8173 0.609137
-17.8173 0.761421
-17.9695 0.913706
-17.9695 1.21827
-17.9695 1.37056
-18.1218 1.52284
-18.1218 1.82741
-18.1218 1.9797
-18.1218 2.13198
-18.1218 2.43655
-18.2741 2.58883
-18.2741 2.74112
-18.2741 3.04569
-18.2741 3.19797
-18.2741 3.35025
-18.2741 3.65482
-18.2741 3.80711
-18.2741 3.95939
-18.1218 4.26396
-18.1218 4.41624
-18.1218 4.56853
-18.1218 4.72081
-18.1218 5.02538
-18.1218 5.17766
-18.1218 5.32995
-18.1218 5.63452
-18.1218 5.7868
-17.9695 5.93909
-17.9695 6.09137
-17.9695 6.39594
-17.9695 6.54822
-17.9695 6.70051
-17.9695 6.85279
-17.9695 7.15736
-17.9695 7.30964
-17.9695 7.46193
-17.9695 7.7665
-17.9695 7.91878
-17.9695 8.22335
-18.1218 8.37563
-18.1218 8.52792
-18.1218 8.83249
-18.1218 8.98477
-18.1218 9.28934
-18.1218 9.44162
-18.1218 9.74619
-18.1218 9.89848
-18.1218 10.203
-18.1218 10.3553
-18.1218 10.6599
-18.1218 10.8122
-18.1218 11.1168
-18.1218 11.4213
-17.9695 11.5736
-17.9695 11.8782
-17.9695 12.0305
-17.8173 12.335
-17.8173 12.4873
-17.665 12.7919
-17.665 12.9442
-17.5127 13.0964
-17.3604 13.401
-17.2081 13.5533
-17.2081 13.7056
-17.0558 13.8579
-16.9036 14.0102
-16.7513 14.3147
-16.4467 14.467
-16.2944 14.6193
-16.1421 14.7716
-15.9898 14.9239
-15.8376 14.9239
-15.533 15.0761
-15.3807 15.2284
-15.2284 15.3807
-14.9239 15.533
-14.7716 15.533
-14.6193 15.6853
-14.3147 15.8376
-14.1624 15.8376
-14.0102 15.9898
-13.7056 15.9898
-13.5533 16.1421
-13.2487 16.1421
-13.0964 16.2944
-12.9442 16.2944
-12.6396 16.4467
-12.4873 16.4467
-12.1827 16.4467
-12.0305 16.599
-11.8782 16.599
-11.5736 16.599
-11.4213 16.7513
-11.1168 16.7513
-10.9645 16.7513
-10.8122 16.9036
-10.5076 16.9036
-10.3553 16.9036
-10.0508 16.9036
-9.89848 17.0558
-9.74619 17.0558
-9.44162 17.0558
-9.28934 17.0558
-8.98477 17.0558
-8.83249 17.0558
-8.6802 17.2081
-8.37563 17.2081
-8.22335 17.2081
-8.07107 17.2081
-7.7665 17.2081
-7.61421 17.2081
-7.30964 17.2081
-7.15736 17.2081
-7.00508 17.3604
-6.70051 17.3604
-6.54822 17.3604
-6.24365 17.3604
-6.09137 17.3604
-5.93909 17.3604
-5.63452 17.2081
-5.48223 17.2081
-5.32995 17.2081
-5.02538 17.2081
-4.8731 17.2081
-4.56853 17.2081
-4.41624 17.0558
-4.26396 17.0558
-3.95939 17.0558
-3.80711 16.9036
-3.65482 16.9036
-3.35025 16.7513
-3.19797 16.7513
-3.04569 16.599
-2.74112 16.599
-2.58883 16.4467
-2.43655 16.2944
-2.28426 16.2944
-2.13198 16.1421
-1.82741 15.9898
-1.67513 15.8376
-1.52284 15.6853
-1.37056 15.6853
-1.21827 15.533
-1.06599 15.3807
-0.913706 15.2284
-0.761421 15.0761
-0.609137 14.9239
-0.456853 14.7716
-0.304569 14.6193
-0.152284 14.467
0 14.3147
0.152284 14.1624
0.152284 14.0102
0.304569 13.8579
0.456853 13.7056
0.609137 13.5533
0.761421 13.401
0.913706 13.2487
1.06599 13.0964
1.06599 12.9442
1.21827 12.7919
1.37056 12.6396
1.52284 12.4873
1.67513 12.335
1.82741 12.1827
1.82741 12.0305
1.9797 11.8782
2.13198 11.7259
2.28426 11.5736
2.28426 11.4213
2.43655 11.269
2.58883 11.1168
2.74112 10.9645
2.74112 10.8122
2.8934 10.6599
3.04569 10.5076
3.04569 10.3553
3.19797 10.0508
3.19797 9.89848
3.35025 9.74619
3.35025 9.59391
3.50254 9.44162
3.50254 9.13706
3.65482 8.98477
3.65482 8.83249
3.65482 8.6802
3.80711 8.37563
3.80711 8.22335
3.80711 8.07107
3.80711 7.91878
3.95939 7.61421
3.95939 7.46193
3.95939 7.30964
3.95939 7.15736
4.11168 6.85279
4.11168 6.70051
4.11168 6.54822
4.11168 6.39594
4.26396 6.09137
4.26396 5.93909
4.26396 5.7868
4.26396 5.63452
4.41624 5.32995
