4.41624 5.17766
4.41624 5.02538
4.56853 4.72081
4.72081 4.56853
4.72081 4.26396
4.8731 4.11168
4.8731 3.95939
5.02538 3.65482
5.02538 3.50254
5.02538 3.19797
5.02538 3.04569
5.02538 2.74112
5.17766 2.58883
5.17766 2.28426
5.02538 2.13198
5.02538 1.82741
5.02538 1.67513
5.02538 1.52284
5.02538 1.21827
4.8731 1.06599
4.8731 0.761421
4.8731 0.609137
4.72081 0.304569
4.72081 0.152284
4.56853 0
4.56853 -0.304569
4.41624 -0.456853
4.26396 -0.609137
4.26396 -0.913706
4.11168 -1.06599
3.95939 -1.21827
3.80711 -1.37056
3.80711 -1.67513
3.65482 -1.82741
3.50254 -1.9797
3.35025 -2.13198
3.19797 -2.28426
3.04569 -2.43655
2.8934 -2.74112
2.74112 -2.8934
2.58883 -3.04569
2.43655 -3.19797
2.28426 -3.35025
2.13198 -3.50254
1.9797 -3.65482
1.82741 -3.80711
1.67513 -3.95939
1.52284 -3.95939
1.37056 -4.11168
1.06599 -4.26396
0.913706 -4.41624
0.761421 -4.56853
0.609137 -4.72081
0.456853 -4.72081
0.152284 -4.8731
0 -5.02538
-0.152284 -5.02538
-0.304569 -5.17766
-0.609137 -5.32995
-0.761421 -5.32995
-0.913706 -5.48223
-1.21827 -5.48223
-1.37056 -5.63452
-1.52284 -5.7868
-1.82741 -5.7868
-1.9797 -5.93909
-2.13198 -5.93909
-2.28426 -5.93909
-2.58883 -6.09137
-2.74112 -6.09137
-2.8934 -6.24365
-3.19797 -6.24365
-3.35025 -6.24365
-3.50254 -6.39594
-3.80711 -6.39594
-3.95939 -6.39594
-4.26396 -6.54822
-4.41624 -6.54822
-4.56853 -6.54822
-4.8731 -6.54822
-5.02538 -6.70051
-5.17766 -6.70051
-5.48223 -6.70051
-5.63452 -6.70051
-5.7868 -6.70051
-6.09137 -6.70051
-6.24365 -6.85279
-6.54822 -6.85279
-6.70051 -6.85279
-6.85279 -6.85279
-7.15736 -6.85279
-7.30964 -6.85279
-7.46193 -6.85279
-7.7665 -6.85279
-7.91878 -6.85279
-8.07107 -6.70051
-8.37563 -6.70051
-8.52792 -6.70051
-8.83249 -6.70051
-8.98477 -6.70051
-9.13706 -6.54822
-9.44162 -6.54822
-9.59391 -6.54822
-9.74619 -6.54822
-10.0508 -6.39594
-10.203 -6.39594
-10.3553 -6.39594
-10.6599 -6.24365
-10.8122 -6.24365
-10.9645 -6.09137
-11.1168 -6.09137
-11.4213 -5.93909
-11.5736 -5.93909
-11.7259 -5.7868
-12.0305 -5.7868
-12.1827 -5.63452
-12.335 -5.48223
-12.4873 -5.48223
-12.6396 -5.32995
-12.9442 -5.32995
-13.0964 -5.17766
-13.2487 -5.02538
-13.401 -4.8731
-13.5533 -4.8731
-13.7056 -4.72081
-13.8579 -4.56853
-14.1624 -4.41624
-14.3147 -4.26396
-14.467 -4.26396
-14.6193 -4.11168
-14.7716 -3.95939
-14.9239 -3.80711
-15.0761 -3.65482
-15.2284 -3.50254
-15.3807 -3.35025
-15.533 -3.19797
-15.6853 -3.04569
-15.8376 -2.8934
-15.8376 -2.74112
-15.9898 -2.58883
-16.1421 -2.43655
-16.2944 -2.28426
-16.4467 -2.13198
-16.599 -1.9797
-16.599 -1.82741
-16.7513 -1.67513
-16.9036 -1.37056
-16.9036 -1.21827
-17.0558 -1.06599
-17.2081 -0.913706
-17.2081 -0.761421
-17.3604 -0.456853
-17.5127 -0.304569
-17.5127 -0.152284
-17.665 0
-17.665 0.304569
-17.8173 0.456853
-17.8173 0.609137
-17.8173 0.761421
-17.9695 1.06599
-17.9695 1.21827
-17.9695 1.37056
-18.1218 1.52284
-18.1218 1.82741
-18.1218 1.9797
-18.2741 2.13198
-18.2741 2.43655
-18.2741 2.58883
-18.2741 2.74112
-18.2741 3.04569
-18.2741 3.19797
-18.2741 3.35025
-18.2741 3.65482
-18.2741 3.80711
-18.2741 3.95939
-18.2741 4.11168
-18.2741 4.41624
-18.2741 4.56853
-18.2741 4.72081
-18.2741 5.02538
-18.2741 5.17766
-18.2741 5.32995
-18.2741 5.63452
-18.2741 5.7868
-18.2741 5.93909
-18.2741 6.09137
-18.2741 6.39594
-18.2741 6.54822
-18.2741 6.70051
-18.2741 7.00508
-18.2741 7.15736
-18.2741 7.30964
-18.4264 7.61421
-18.4264 7.7665
-18.4264 7.91878
-18.4264 8.22335
-18.4264 8.37563
-18.4264 8.6802
-18.4264 8.83249
-18.4264 9.13706
-18.5787 9.28934
-18.5787 9.59391
-18.5787 9.74619
-18.5787 10.0508
-18.5787 10.203
-18.5787 10.5076
-18.5787 10.6599
-18.4264 10.9645
-18.4264 11.269
-18.4264 11.4213
-18.4264 11.7259
-18.2741 11.8782
-18.2741 12.1827
-18.1218 12.335
-18.1218 12.6396
-17.9695 12.7919
-17.8173 12.9442
-17.8173 13.2487
-17.665 13.401
-17.5127 13.5533
-17.3604 13.7056
-17.2081 13.8579
-17.0558 14.0102
-16.7513 14.1624
-16.599 14.3147
-16.4467 14.467
-16.2944 14.6193
-15.9898 14.7716
-15.8376 14.9239
-15.6853 14.9239
-15.3807 15.0761
-15.2284 15.2284
-15.0761 15.2284
-14.7716 15.3807
-14.6193 15.533
-14.3147 15.533
-14.1624 15.6853
-14.0102 15.6853
-13.7056 15.8376
-13.5533 15.8376
-13.2487 15.8376
-13.0964 15.9898
-12.9442 15.9898
-12.6396 16.1421
-12.4873 16.1421
-12.335 16.2944
-12.0305 16.2944
-11.8782 16.2944
-11.5736 16.4467
-11.4213 16.4467
-11.269 16.599
-10.9645 16.599
-10.8122 16.599
-10.6599 16.7513
-10.3553 16.7513
-10.203 16.7513
-10.0508 16.9036
-9.74619 16.9036
-9.59391 16.9036
-9.44162 16.9036
-9.13706 17.0558
-8.98477 17.0558
-8.83249 17.0558
-8.52792 17.0558
-8.37563 17.0558
-8.07107 17.0558
-7.91878 17.0558
-7.7665 17.2081
-7.46193 17.2081
-7.30964 17.2081
-7.15736 17.2081
-6.85279 17.2081
-6.70051 17.0558
-6.54822 17.0558
-6.24365 17.0558
-6.09137 17.0558
-5.7868 17.0558
-5.63452 17.0558
-5.48223 17.0558
-5.17766 16.9036
-5.02538 16.9036
-4.8731 16.9036
-4.56853 16.7513
-4.41624 16.7513
-4.26396 16.7513
-3.95939 16.599
-3.80711 16.599
-3.65482 16.4467
-3.50254 16.4467
-3.19797 16.2944
-3.04569 16.2944
-2.8934 16.1421
-2.74112 16.1421
-2.43655 15.9898
-2.28426 15.8376
-2.13198 15.8376
-1.9797 15.6853
-1.82741 15.533
-1.67513 15.3807
-1.52284 15.3807
-1.37056 15.2284
-1.06599 15.0761
-0.913706 14.9239
-0.761421 14.7716
-0.609137 14.7716
-0.456853 14.6193
-0.304569 14.467
-0.152284 14.3147
0 14.1624
0.152284 14.0102
0.152284 13.8579
0.304569 13.7056
0.456853 13.5533
0.609137 13.401
0.761421 13.2487
0.913706 13.2487
1.06599 13.0964
1.21827 12.9442
1.21827 12.7919
1.37056 12.6396
1.52284 12.4873
1.67513 12.1827
1.82741 12.0305
1.82741 11.8782
1.9797 11.7259
2.13198 11.5736
2.28426 11.4213
2.28426 11.269
2.43655 11.1168
2.58883 10.9645
2.58883 10.8122
2.74112 10.6599
2.8934 10.5076
2.8934 10.3553
3.04569 10.0508
3.04569 9.89848
3.19797 9.74619
3.35025 9.59391
3.35025 9.44162
3.50254 9.28934
3.50254 8.98477
3.65482 8.83249
3.65482 8.6802
3.80711 8.52792
3.80711 8.37563
3.95939 8.07107
3.95939 7.91878
3.95939 7.7665
4.11168 7.61421
4.11168 7.30964
4.11168 7.15736
4.26396 7.00508
4.26396 6.70051
4.26396 6.54822
4.26396 6.39594
4.41624 6.24365
4.41624 5.93909
4.41624 5.7868
4.41624 5.63452
4.41624 5.32995
