4.41624 5.02538
4.41624 4.8731
4.56853 4.72081
4.56853 4.41624
4.72081 4.26396
4.72081 3.95939
4.72081 3.80711
4.8731 3.65482
4.8731 3.35025
4.8731 3.19797
4.8731 2.8934
5.02538 2.74112
5.02538 2.43655
5.02538 2.28426
5.02538 1.9797
5.02538 1.82741
5.02538 1.52284
4.8731 1.37056
4.8731 1.06599
4.8731 0.913706
4.8731 0.609137
4.72081 0.456853
4.72081 0.304569
4.72081 0
4.56853 -0.152284
4.41624 -0.456853
4.41624 -0.609137
4.26396 -0.761421
4.11168 -1.06599
4.11168 -1.21827
3.95939 -1.37056
3.80711 -1.52284
3.65482 -1.82741
3.50254 -1.9797
3.35025 -2.13198
3.19797 -2.28426
3.04569 -2.43655
2.8934 -2.58883
2.74112 -2.74112
2.58883 -2.8934
2.43655 -3.04569
2.28426 -3.19797
2.13198 -3.35025
1.9797 -3.50254
1.82741 -3.65482
1.67513 -3.80711
1.37056 -3.95939
1.21827 -3.95939
1.06599 -4.11168
0.913706 -4.26396
0.761421 -4.41624
0.609137 -4.56853
0.304569 -4.56853
0.152284 -4.72081
0 -4.8731
-0.152284 -5.02538
-0.456853 -5.02538
-0.609137 -5.17766
-0.761421 -5.17766
-0.913706 -5.32995
-1.21827 -5.48223
-1.37056 -5.48223
-1.52284 -5.63452
-1.67513 -5.63452
-1.9797 -5.7868
-2.13198 -5.7868
-2.28426 -5.93909
-2.58883 -5.93909
-2.74112 -6.09137
-2.8934 -6.09137
-3.04569 -6.24365
-3.35025 -6.24365
-3.50254 -6.24365
-3.65482 -6.39594
-3.95939 -6.39594
-4.11168 -6.39594
-4.26396 -6.54822
-4.56853 -6.54822
-4.72081 -6.54822
-4.8731 -6.54822
-5.17766 -6.70051
-5.32995 -6.70051
-5.63452 -6.70051
-5.7868 -6.70051
-5.93909 -6.70051
-6.24365 -6.70051
-6.39594 -6.70051
-6.54822 -6.70051
-6.85279 -6.70051
-7.00508 -6.70051
-7.15736 -6.70051
-7.46193 -6.70051
-7.61421 -6.70051
-7.7665 -6.70051
-8.07107 -6.70051
-8.22335 -6.70051
-8.37563 -6.70051
-8.6802 -6.70051
-8.83249 -6.70051
-9.13706 -6.54822
-9.28934 -6.54822
-9.44162 -6.54822
-9.74619 -6.54822
-9.89848 -6.39594
-10.0508 -6.39594
-10.203 -6.39594
-10.5076 -6.24365
-10.6599 -6.24365
-10.8122 -6.24365
-11.1168 -6.09137
-11.269 -6.09137
-11.4213 -5.93909
-11.5736 -5.93909
-11.8782 -5.7868
-12.0305 -5.7868
-12.1827 -5.63452
-12.335 -5.63452
-12.6396 -5.48223
-12.7919 -5.32995
-12.9442 -5.32995
-13.0964 -5.17766
-13.2487 -5.02538
-13.5533 -5.02538
-13.7056 -4.8731
-13.8579 -4.72081
-14.0102 -4.72081
-14.1624 -4.56853
-14.3147 -4.41624
-14.467 -4.26396
-14.6193 -4.11168
-14.7716 -3.95939
-14.9239 -3.95939
-15.2284 -3.80711
-15.2284 -3.65482
-15.3807 -3.50254
-15.533 -3.35025
-15.6853 -3.19797
-15.8376 -3.04569
-15.9898 -2.8934
-16.1421 -2.74112
-16.2944 -2.58883
-16.4467 -2.43655
-16.4467 -2.28426
-16.599 -1.9797
-16.7513 -1.82741
-16.9036 -1.67513
-16.9036 -1.52284
-17.0558 -1.37056
-17.2081 -1.21827
-17.2081 -0.913706
-17.3604 -0.761421
-17.5127 -0.609137
-17.5127 -0.456853
-17.665 -0.304569
-17.665 0
-17.8173 0.152284
-17.8173 0.304569
-17.8173 0.609137
-17.9695 0.761421
-17.9695 0.913706
-18.1218 1.06599
-18.1218 1.37056
-18.1218 1.52284
-18.1218 1.67513
-18.2741 1.9797
-18.2741 2.13198
-18.2741 2.28426
-18.2741 2.43655
-18.2741 2.74112
-18.4264 2.8934
-18.4264 3.04569
-18.4264 3.35025
-18.4264 3.50254
-18.4264 3.65482
-18.4264 3.80711
-18.4264 4.11168
-18.4264 4.26396
-18.4264 4.41624
-18.4264 4.72081
-18.4264 4.8731
-18.4264 5.02538
-18.4264 5.32995
-18.4264 5.48223
-18.4264 5.63452
-18.4264 5.7868
-18.4264 6.09137
-18.4264 6.24365
-18.4264 6.39594
-18.4264 6.70051
-18.4264 6.85279
-18.4264 7.00508
-18.4264 7.30964
-18.4264 7.46193
-18.4264 7.61421
-18.4264 7.91878
-18.4264 8.07107
-18.4264 8.22335
-18.4264 8.52792
-18.4264 8.6802
-18.4264 8.98477
-18.4264 9.13706
-18.4264 9.44162
-18.4264 9.59391
-18.4264 9.89848
-18.4264 10.0508
-18.4264 10.3553
-18.4264 10.5076
-18.4264 10.8122
-18.2741 10.9645
-18.2741 11.269
-18.2741 11.4213
-18.1218 11.5736
-18.1218 11.8782
-17.9695 12.0305
-17.9695 12.335
-17.8173 12.4873
-17.665 12.6396
-17.665 12.9442
-17.5127 13.0964
-17.3604 13.2487
-17.2081 13.401
-17.0558 13.5533
-16.9036 13.8579
-16.7513 14.0102
-16.599 14.1624
-16.4467 14.3147
-16.2944 14.467
-15.9898 14.467
-15.8376 14.6193
-15.6853 14.7716
-15.533 14.9239
-15.2284 15.0761
-15.0761 15.0761
-14.9239 15.2284
-14.6193 15.3807
-14.467 15.3807
-14.3147 15.533
-14.0102 15.6853
-13.8579 15.6853
-13.7056 15.8376
-13.401 15.8376
-13.2487 15.9898
-13.0964 15.9898
-12.7919 16.1421
-12.6396 16.1421
-12.4873 16.2944
-12.1827 16.2944
-12.0305 16.4467
-11.8782 16.4467
-11.5736 16.4467
-11.4213 16.599
-11.269 16.599
-10.9645 16.7513
-10.8122 16.7513
-10.5076 16.7513
-10.3553 16.9036
-10.203 16.9036
-9.89848 16.9036
-9.74619 16.9036
-9.59391 17.0558
-9.28934 17.0558
-9.13706 17.0558
-8.83249 17.0558
-8.6802 17.0558
-8.52792 17.0558
-8.22335 17.2081
-8.07107 17.2081
-7.91878 17.2081
-7.61421 17.2081
-7.46193 17.2081
-7.15736 17.2081
-7.00508 17.2081
-6.85279 17.2081
-6.54822 17.2081
-6.39594 17.0558
-6.09137 17.0558
-5.93909 17.0558
-5.7868 17.0558
-5.48223 17.0558
-5.32995 16.9036
-5.17766 16.9036
-4.8731 16.9036
-4.72081 16.9036
-4.56853 16.7513
-4.26396 16.7513
-4.11168 16.599
-3.95939 16.599
-3.65482 16.4467
-3.50254 16.4467
-3.35025 16.2944
-3.19797 16.2944
-2.8934 16.1421
-2.74112 15.9898
-2.58883 15.9898
-2.43655 15.8376
-2.28426 15.6853
-2.13198 15.6853
-1.82741 15.533
-1.67513 15.3807
-1.52284 15.2284
-1.37056 15.0761
-1.21827 15.0761
-1.06599 14.9239
-0.913706 14.7716
-0.761421 14.6193
-0.609137 14.467
-0.456853 14.3147
-0.304569 14.1624
-0.152284 14.0102
0 13.8579
0.152284 13.8579
0.304569 13.7056
0.456853 13.5533
0.456853 13.401
0.609137 13.2487
0.761421 13.0964
0.913706 12.9442
1.06599 12.7919
1.21827 12.6396
1.37056 12.4873
1.37056 12.335
1.52284 12.1827
1.67513 12.0305
1.82741 11.8782
1.9797 11.7259
1.9797 11.5736
2.13198 11.4213
2.28426 11.269
2.43655 11.1168
2.43655 10.9645
2.58883 10.6599
2.74112 10.5076
2.74112 10.3553
2.8934 10.203
3.04569 10.0508
3.04569 9.89848
3.19797 9.74619
3.35025 9.44162
3.35025 9.28934
3.50254 9.13706
3.50254 8.98477
3.65482 8.83249
3.65482 8.52792
3.65482 8.37563
3.80711 8.22335
3.80711 8.07107
3.95939 7.7665
3.95939 7.61421
3.95939 7.46193
4.11168 7.30964
4.11168 7.00508
4.11168 6.85279
4.11168 6.70051
4.26396 6.39594
4.26396 6.24365
4.26396 6.09137
4.26396 5.93909
4.26396 5.63452
4.26396 5.48223
4.41624 5.32995
