4.26396 5.32995
4.26396 5.02538
4.26396 4.8731
4.26396 4.72081
4.41624 4.41624
4.41624 4.26396
4.41624 3.95939
4.41624 3.80711
4.56853 3.65482
4.56853 3.35025
4.56853 3.19797
4.56853 2.8934
4.56853 2.74112
4.72081 2.43655
4.72081 2.28426
4.72081 1.9797
4.72081 1.82741
4.72081 1.52284
4.72081 1.37056
4.72081 1.06599
4.72081 0.913706
4.56853 0.609137
4.56853 0.456853
4.56853 0.152284
4.56853 0
4.41624 -0.152284
4.41624 -0.456853
4.26396 -0.609137
4.11168 -0.913706
4.11168 -1.06599
3.95939 -1.21827
3.80711 -1.37056
3.65482 -1.67513
3.65482 -1.82741
3.50254 -1.9797
3.35025 -2.13198
3.19797 -2.28426
3.04569 -2.58883
2.8934 -2.74112
2.74112 -2.8934
2.58883 -3.04569
2.28426 -3.19797
2.13198 -3.35025
1.9797 -3.50254
1.82741 -3.50254
1.67513 -3.65482
1.52284 -3.80711
1.37056 -3.95939
1.06599 -4.11168
0.913706 -4.26396
0.761421 -4.41624
0.609137 -4.41624
0.304569 -4.56853
0.152284 -4.72081
0 -4.8731
-0.152284 -4.8731
-0.304569 -5.02538
-0.609137 -5.17766
-0.761421 -5.17766
-0.913706 -5.32995
-1.21827 -5.48223
-1.37056 -5.48223
-1.52284 -5.63452
-1.67513 -5.63452
-1.9797 -5.7868
-2.13198 -5.7868
-2.28426 -5.93909
-2.58883 -5.93909
-2.74112 -6.09137
-2.8934 -6.09137
-3.19797 -6.24365
-3.35025 -6.24365
-3.50254 -6.39594
-3.80711 -6.39594
-3.95939 -6.39594
-4.11168 -6.54822
-4.41624 -6.54822
-4.56853 -6.54822
-4.72081 -6.54822
-5.02538 -6.70051
-5.17766 -6.70051
-5.48223 -6.70051
-5.63452 -6.70051
-5.7868 -6.70051
-6.09137 -6.70051
-6.24365 -6.70051
-6.39594 -6.70051
-6.70051 -6.70051
-6.85279 -6.70051
-7.15736 -6.70051
-7.30964 -6.70051
-7.46193 -6.70051
-7.7665 -6.70051
-7.91878 -6.70051
-8.22335 -6.70051
-8.37563 -6.70051
-8.52792 -6.70051
-8.83249 -6.70051
-8.98477 -6.70051
-9.13706 -6.54822
-9.44162 -6.54822
-9.59391 -6.54822
-9.74619 -6.54822
-10.0508 -6.39594
-10.203 -6.39594
-10.3553 -6.39594
-10.6599 -6.39594
-10.8122 -6.24365
-10.9645 -6.24365
-11.269 -6.09137
-11.4213 -6.09137
-11.5736 -5.93909
-11.8782 -5.93909
-12.0305 -5.93909
-12.1827 -5.7868
-12.4873 -5.63452
-12.6396 -5.63452
-12.7919 -5.48223
-12.9442 -5.48223
-13.2487 -5.32995
-13.401 -5.17766
-13.5533 -5.17766
-13.7056 -5.02538
-13.8579 -4.8731
-14.0102 -4.72081
-14.3147 -4.56853
-14.467 -4.56853
-14.6193 -4.41624
-14.7716 -4.26396
-14.9239 -4.11168
-15.0761 -3.95939
-15.2284 -3.80711
-15.3807 -3.65482
-15.533 -3.50254
-15.6853 -3.35025
-15.8376 -3.19797
-15.9898 -3.04569
-15.9898 -2.8934
-16.1421 -2.74112
-16.2944 -2.58883
-16.4467 -2.43655
-16.599 -2.28426
-16.7513 -1.9797
-16.7513 -1.82741
-16.9036 -1.67513
-17.0558 -1.52284
-17.0558 -1.37056
-17.2081 -1.21827
-17.3604 -0.913706
-17.3604 -0.761421
-17.5127 -0.609137
-17.5127 -0.456853
-17.665 -0.152284
-17.665 0
-17.8173 0.152284
-17.8173 0.304569
-17.9695 0.609137
-17.9695 0.761421
-17.9695 0.913706
-18.1218 1.06599
-18.1218 1.37056
-18.1218 1.52284
-18.2741 1.67513
-18.2741 1.9797
-18.2741 2.13198
-18.2741 2.28426
-18.4264 2.43655
-18.4264 2.74112
-18.4264 2.8934
-18.4264 3.04569
-18.5787 3.35025
-18.5787 3.50254
-18.5787 3.65482
-18.5787 3.80711
-18.5787 4.11168
-18.5787 4.26396
-18.5787 4.41624
-18.731 4.72081
-18.731 4.8731
-18.731 5.02538
-18.731 5.32995
-18.731 5.48223
-18.731 5.63452
-18.731 5.7868
-18.731 6.09137
-18.731 6.24365
-18.731 6.39594
-18.731 6.70051
-18.731 6.85279
-18.8832 7.15736
-18.8832 7.30964
-18.8832 7.46193
-18.8832 7.7665
-18.8832 7.91878
-18.8832 8.07107
-18.8832 8.37563
-18.8832 8.52792
-18.8832 8.83249
-18.8832 8.98477
-18.8832 9.28934
-18.8832 9.44162
-18.8832 9.74619
-18.8832 9.89848
-18.8832 10.203
-18.731 10.3553
-18.731 10.6599
-18.731 10.8122
-18.731 11.1168
-18.5787 11.269
-18.5787 11.4213
-18.4264 11.7259
-18.4264 11.8782
-18.2741 12.1827
-18.2741 12.335
-18.1218 12.4873
-17.9695 12.7919
-17.8173 12.9442
-17.8173 13.0964
-17.665 13.2487
-17.5127 13.5533
-17.3604 13.7056
-17.2081 13.8579
-16.9036 14.0102
-16.7513 14.1624
-16.599 14.3147
-16.4467 14.3147
-16.2944 14.467
-15.9898 14.6193
-15.8376 14.7716
-15.6853 14.9239
-15.3807 14.9239
-15.2284 15.0761
-15.0761 15.2284
-14.7716 15.2284
-14.6193 15.3807
-14.467 15.3807
-14.1624 15.533
-14.0102 15.533
-13.8579 15.6853
-13.5533 15.6853
-13.401 15.8376
-13.2487 15.8376
-12.9442 15.9898
-12.7919 15.9898
-12.6396 16.1421
-12.335 16.1421
-12.1827 16.1421
-12.0305 16.2944
-11.7259 16.2944
-11.5736 16.4467
-11.4213 16.4467
-11.1168 16.4467
-10.9645 16.599
-10.8122 16.599
-10.6599 16.599
-10.3553 16.7513
-10.203 16.7513
-10.0508 16.7513
-9.74619 16.9036
-9.59391 16.9036
-9.44162 16.9036
-9.13706 16.9036
-8.98477 17.0558
-8.6802 17.0558
-8.52792 17.0558
-8.37563 17.0558
-8.07107 17.0558
-7.91878 17.0558
-7.7665 17.0558
-7.46193 17.0558
-7.30964 17.0558
-7.15736 17.0558
-6.85279 17.0558
-6.70051 17.0558
-6.54822 17.0558
-6.24365 17.0558
-6.09137 17.0558
-5.93909 16.9036
-5.63452 16.9036
-5.48223 16.9036
-5.32995 16.9036
-5.02538 16.7513
-4.8731 16.7513
-4.72081 16.7513
-4.41624 16.599
-4.26396 16.599
-4.11168 16.4467
-3.95939 16.4467
-3.65482 16.2944
-3.50254 16.2944
-3.35025 16.1421
-3.19797 16.1421
-2.8934 15.9898
-2.74112 15.9898
-2.58883 15.8376
-2.43655 15.6853
-2.28426 15.533
-2.13198 15.533
-1.9797 15.3807
-1.82741 15.2284
-1.52284 15.2284
-1.37056 15.0761
-1.21827 14.9239
-1.06599 14.7716
-0.913706 14.6193
-0.761421 14.467
-0.609137 14.467
-0.456853 14.3147
-0.304569 14.1624
-0.152284 14.0102
0 13.8579
0 13.7056
0.152284 13.5533
0.304569 13.5533
0.456853 13.401
0.609137 13.2487
0.761421 13.0964
0.913706 12.9442
1.06599 12.7919
1.21827 12.6396
1.37056 12.4873
1.37056 12.335
1.52284 12.1827
1.67513 12.0305
1.82741 11.8782
1.9797 11.7259
1.9797 11.5736
2.13198 11.4213
2.28426 11.269
2.43655 11.1168
2.43655 10.9645
2.58883 10.8122
2.74112 10.6599
2.74112 10.3553
2.8934 10.203
3.04569 10.0508
3.04569 9.89848
3.19797 9.74619
3.19797 9.59391
3.35025 9.28934
3.35025 9.13706
3.50254 8.98477
3.50254 8.83249
3.65482 8.52792
3.65482 8.37563
3.65482 8.22335
3.80711 8.07107
3.80711 7.7665
3.80711 7.61421
3.95939 7.46193
3.95939 7.30964
3.95939 7.00508
3.95939 6.85279
3.95939 6.70051
4.11168 6.39594
4.11168 6.24365
4.11168 6.09137
4.11168 5.7868
4.11168 5.63452
4.11168 5.48223
