4.26396 5.17766
4.26396 4.8731
4.41624 4.72081
4.56853 4.56853
4.56853 4.26396
4.72081 4.11168
4.72081 3.80711
4.8731 3.65482
4.8731 3.35025
5.02538 3.19797
5.02538 2.8934
5.02538 2.74112
5.02538 2.43655
5.02538 2.28426
5.02538 1.9797
5.02538 1.82741
5.02538 1.52284
5.02538 1.37056
5.02538 1.06599
4.8731 0.913706
4.8731 0.609137
4.8731 0.456853
4.72081 0.152284
4.72081 0
4.56853 -0.304569
4.41624 -0.456853
4.41624 -0.609137
4.26396 -0.913706
4.11168 -1.06599
4.11168 -1.21827
3.95939 -1.37056
3.80711 -1.67513
3.65482 -1.82741
3.50254 -1.9797
3.35025 -2.13198
3.19797 -2.28426
3.04569 -2.43655
2.8934 -2.58883
2.74112 -2.74112
2.58883 -2.8934
2.43655 -3.04569
2.13198 -3.19797
1.9797 -3.35025
1.82741 -3.50254
1.67513 -3.65482
1.52284 -3.80711
1.21827 -3.95939
1.06599 -4.11168
0.913706 -4.11168
0.761421 -4.26396
0.609137 -4.41624
0.304569 -4.56853
0.152284 -4.72081
0 -4.72081
-0.152284 -4.8731
-0.456853 -5.02538
-0.609137 -5.02538
-0.761421 -5.17766
-0.913706 -5.32995
-1.21827 -5.32995
-1.37056 -5.48223
-1.52284 -5.48223
-1.67513 -5.63452
-1.9797 -5.7868
-2.13198 -5.7868
-2.28426 -5.93909
-2.58883 -5.93909
-2.74112 -6.09137
-2.8934 -6.09137
-3.19797 -6.09137
-3.35025 -6.24365
-3.50254 -6.24365
-3.80711 -6.39594
-3.95939 -6.39594
-4.11168 -6.39594
-4.41624 -6.54822
-4.56853 -6.54822
-4.72081 -6.54822
-5.02538 -6.54822
-5.17766 -6.70051
-5.32995 -6.70051
-5.63452 -6.70051
-5.7868 -6.70051
-5.93909 -6.70051
-6.24365 -6.70051
-6.39594 -6.85279
-6.70051 -6.85279
-6.85279 -6.85279
-7.00508 -6.85279
-7.30964 -6.85279
-7.46193 -6.85279
-7.61421 -6.85279
-7.91878 -6.85279
-8.07107 -6.85279
-8.22335 -6.85279
-8.52792 -6.70051
-8.6802 -6.70051
-8.98477 -6.70051
-9.13706 -6.70051
-9.28934 -6.70051
-9.59391 -6.70051
-9.74619 -6.54822
-9.89848 -6.54822
-10.203 -6.54822
-10.3553 -6.54822
-10.5076 -6.39594
-10.8122 -6.39594
-10.9645 -6.39594
-11.1168 -6.24365
-11.4213 -6.24365
-11.5736 -6.09137
-11.7259 -6.09137
-11.8782 -5.93909
-12.1827 -5.93909
-12.335 -5.7868
-12.4873 -5.7868
-12.7919 -5.63452
-12.9442 -5.48223
-13.0964 -5.48223
-13.2487 -5.32995
-13.401 -5.17766
-13.7056 -5.17766
-13.8579 -5.02538
-14.0102 -4.8731
-14.1624 -4.72081
-14.3147 -4.72081
-14.467 -4.56853
-14.6193 -4.41624
-14.7716 -4.26396
-14.9239 -4.11168
-15.0761 -3.95939
-15.2284 -3.80711
-15.3807 -3.65482
-15.533 -3.50254
-15.6853 -3.35025
-15.8376 -3.19797
-15.9898 -3.04569
-15.9898 -2.8934
-16.1421 -2.74112
-16.2944 -2.58883
-16.4467 -2.43655
-16.599 -2.28426
-16.599 -1.9797
-16.7513 -1.82741
-16.9036 -1.67513
-16.9036 -1.52284
-17.0558 -1.37056
-17.2081 -1.21827
-17.2081 -0.913706
-17.3604 -0.761421
-17.3604 -0.609137
-17.5127 -0.456853
-17.5127 -0.304569
-17.665 0
-17.665 0.152284
-17.8173 0.304569
-17.8173 0.456853
-17.8173 0.761421
-17.9695 0.913706
-17.9695 1.06599
-18.1218 1.21827
-18.1218 1.52284
-18.1218 1.67513
-18.1218 1.82741
-18.2741 1.9797
-18.2741 2.28426
-18.2741 2.43655
-18.4264 2.58883
-18.4264 2.74112
-18.4264 3.04569
-18.4264 3.19797
-18.4264 3.35025
-18.5787 3.50254
-18.5787 3.80711
-18.5787 3.95939
-18.5787 4.11168
-18.5787 4.41624
-18.5787 4.56853
-18.731 4.72081
-18.731 4.8731
-18.731 5.17766
-18.731 5.32995
-18.731 5.48223
-18.731 5.7868
-18.8832 5.93909
-18.8832 6.09137
-18.8832 6.39594
-18.8832 6.54822
-18.8832 6.70051
-18.8832 7.00508
-19.0355 7.15736
-19.0355 7.30964
-19.0355 7.61421
-19.0355 7.7665
-19.0355 8.07107
-19.0355 8.22335
-19.1878 8.52792
-19.1878 8.6802
-19.1878 8.98477
-19.1878 9.13706
-19.1878 9.44162
-19.1878 9.59391
-19.1878 9.89848
-19.1878 10.0508
-19.1878 10.3553
-19.1878 10.5076
-19.1878 10.8122
-19.0355 11.1168
-19.0355 11.269
-19.0355 11.5736
-18.8832 11.7259
-18.8832 12.0305
-18.731 12.1827
-18.731 12.335
-18.5787 12.6396
-18.4264 12.7919
-18.2741 12.9442
-18.1218 13.2487
-17.9695 13.401
-17.8173 13.5533
-17.665 13.7056
-17.5127 13.8579
-17.3604 14.0102
-17.0558 14.1624
-16.9036 14.3147
-16.7513 14.467
-16.599 14.467
-16.2944 14.6193
-16.1421 14.7716
-15.8376 14.7716
-15.6853 14.9239
-15.3807 14.9239
-15.2284 15.0761
-15.0761 15.2284
-14.7716 15.2284
-14.6193 15.2284
-14.3147 15.3807
-14.1624 15.3807
-14.0102 15.533
-13.7056 15.533
-13.5533 15.6853
-13.2487 15.6853
-13.0964 15.8376
-12.9442 15.8376
-12.7919 15.8376
-12.4873 15.9898
-12.335 15.9898
-12.1827 16.1421
-11.8782 16.1421
-11.7259 16.2944
-11.5736 16.2944
-11.269 16.4467
-11.1168 16.4467
-10.9645 16.599
-10.8122 16.599
-10.5076 16.599
-10.3553 16.7513
-10.203 16.7513
-9.89848 16.9036
-9.74619 16.9036
-9.59391 16.9036
-9.28934 16.9036
-9.13706 17.0558
-8.98477 17.0558
-8.6802 17.0558
-8.52792 17.0558
-8.22335 17.0558
-8.07107 17.0558
-7.91878 17.0558
-7.61421 17.0558
-7.46193 17.0558
-7.30964 17.0558
-7.00508 17.0558
-6.85279 17.0558
-6.70051 17.0558
-6.39594 16.9036
-6.24365 16.9036
-6.09137 16.9036
-5.7868 16.9036
-5.63452 16.7513
-5.48223 16.7513
-5.17766 16.7513
-5.02538 16.599
-4.8731 16.599
-4.56853 16.4467
-4.41624 16.4467
-4.26396 16.2944
-4.11168 16.2944
-3.80711 16.1421
-3.65482 16.1421
-3.50254 15.9898
-3.35025 15.9898
-3.04569 15.8376
-2.8934 15.8376
-2.74112 15.6853
-2.58883 15.6853
-2.43655 15.533
-2.28426 15.3807
-1.9797 15.3807
-1.82741 15.2284
-1.67513 15.0761
-1.52284 15.0761
-1.37056 14.9239
-1.21827 14.7716
-1.06599 14.6193
-0.913706 14.6193
-0.761421 14.467
-0.609137 14.3147
-0.456853 14.1624
-0.304569 14.0102
-0.152284 13.8579
0 13.8579
0.152284 13.7056
0.304569 13.5533
0.456853 13.401
0.609137 13.2487
0.761421 13.0964
0.913706 12.9442
1.06599 12.7919
1.21827 12.6396
1.21827 12.4873
1.37056 12.335
1.52284 12.1827
1.67513 12.0305
1.67513 11.8782
1.82741 11.5736
1.9797 11.4213
1.9797 11.269
2.13198 11.1168
2.28426 10.9645
2.28426 10.8122
2.43655 10.6599
2.58883 10.5076
2.58883 10.203
2.74112 10.0508
2.74112 9.89848
2.8934 9.74619
3.04569 9.59391
3.04569 9.44162
3.19797 9.13706
3.19797 8.98477
3.35025 8.83249
3.35025 8.6802
3.50254 8.52792
3.50254 8.22335
3.65482 8.07107
3.65482 7.91878
3.65482 7.7665
3.80711 7.46193
3.80711 7.30964
3.95939 7.15736
3.95939 7.00508
3.95939 6.70051
4.11168 6.54822
4.11168 6.39594
4.11168 6.09137
4.11168 5.93909
4.26396 5.7868
4.26396 5.48223
4.26396 5.32995
