4.41624 4.72081
4.41624 4.56853
4.56853 4.41624
4.72081 4.11168
4.72081 3.95939
4.8731 3.65482
4.8731 3.50254
4.8731 3.35025
5.02538 3.04569
5.02538 2.8934
5.02538 2.58883
5.02538 2.43655
5.02538 2.13198
5.02538 1.9797
5.02538 1.67513
5.02538 1.52284
5.02538 1.21827
5.02538 1.06599
4.8731 0.761421
4.8731 0.609137
4.72081 0.456853
4.72081 0.152284
4.72081 0
4.56853 -0.304569
4.41624 -0.456853
4.41624 -0.609137
4.26396 -0.913706
4.11168 -1.06599
3.95939 -1.21827
3.95939 -1.37056
3.80711 -1.52284
3.65482 -1.82741
3.50254 -1.9797
3.35025 -2.13198
3.19797 -2.28426
3.04569 -2.43655
2.8934 -2.58883
2.74112 -2.74112
2.58883 -2.8934
2.43655 -3.04569
2.28426 -3.19797
2.13198 -3.35025
1.82741 -3.50254
1.67513 -3.65482
1.52284 -3.80711
1.37056 -3.80711
1.21827 -3.95939
1.06599 -4.11168
0.761421 -4.26396
0.609137 -4.26396
0.456853 -4.41624
0.304569 -4.56853
0.152284 -4.72081
-0.152284 -4.72081
-0.304569 -4.8731
-0.456853 -5.02538
-0.609137 -5.02538
-0.761421 -5.17766
-1.06599 -5.32995
-1.21827 -5.32995
-1.37056 -5.48223
-1.52284 -5.48223
-1.67513 -5.63452
-1.9797 -5.7868
-2.13198 -5.7868
-2.28426 -5.93909
-2.43655 -5.93909
-2.74112 -6.09137
-2.8934 -6.09137
-3.04569 -6.09137
-3.35025 -6.24365
-3.50254 -6.24365
-3.65482 -6.39594
-3.80711 -6.39594
-4.11168 -6.39594
-4.26396 -6.54822
-4.41624 -6.54822
-4.72081 -6.54822
-4.8731 -6.70051
-5.02538 -6.70051
-5.32995 -6.70051
-5.48223 -6.70051
-5.63452 -6.70051
-5.93909 -6.85279
-6.09137 -6.85279
-6.24365 -6.85279
-6.54822 -6.85279
-6.70051 -6.85279
-6.85279 -6.85279
-7.15736 -6.85279
-7.30964 -6.85279
-7.46193 -6.85279
-7.7665 -6.85279
-7.91878 -6.85279
-8.07107 -6.85279
-8.37563 -6.85279
-8.52792 -6.85279
-8.6802 -6.85279
-8.98477 -6.85279
-9.13706 -6.85279
-9.28934 -6.70051
-9.59391 -6.70051
-9.74619 -6.70051
-9.89848 -6.70051
-10.203 -6.70051
-10.3553 -6.54822
-10.5076 -6.54822
-10.8122 -6.54822
-10.9645 -6.39594
-11.1168 -6.39594
-11.269 -6.24365
-11.5736 -6.24365
-11.7259 -6.24365
-11.8782 -6.09137
-12.0305 -6.09137
-12.335 -5.93909
-12.4873 -5.7868
-12.6396 -5.7868
-12.7919 -5.63452
-13.0964 -5.63452
-13.2487 -5.48223
-13.401 -5.32995
-13.5533 -5.17766
-13.7056 -5.17766
-13.8579 -5.02538
-14.0102 -4.8731
-14.1624 -4.72081
-14.3147 -4.56853
-14.467 -4.41624
-14.6193 -4.41624
-14.7716 -4.26396
-14.9239 -4.11168
-15.0761 -3.95939
-15.2284 -3.80711
-15.3807 -3.65482
-15.533 -3.50254
-15.6853 -3.35025
-15.8376 -3.19797
-15.9898 -3.04569
-16.1421 -2.8934
-16.1421 -2.74112
-16.2944 -2.58883
-16.4467 -2.28426
-16.599 -2.13198
-16.599 -1.9797
-16.7513 -1.82741
-16.9036 -1.67513
-17.0558 -1.52284
-17.0558 -1.37056
-17.2081 -1.21827
-17.3604 -0.913706
-17.3604 -0.761421
-17.5127 -0.609137
-17.5127 -0.456853
-17.665 -0.304569
-17.665 -0.152284
-17.8173 0.152284
-17.9695 0.304569
-17.9695 0.456853
-18.1218 0.609137
-18.1218 0.913706
-18.1218 1.06599
-18.2741 1.21827
-18.2741 1.37056
-18.4264 1.67513
-18.4264 1.82741
-18.4264 1.9797
-18.5787 2.13198
-18.5787 2.43655
-18.5787 2.58883
-18.5787 2.74112
-18.731 3.04569
-18.731 3.19797
-18.731 3.35025
-18.731 3.65482
-18.731 3.80711
-18.731 3.95939
-18.8832 4.11168
-18.8832 4.41624
-18.8832 4.56853
-18.8832 4.72081
-18.8832 5.02538
-18.8832 5.17766
-18.8832 5.32995
-18.8832 5.63452
-18.8832 5.7868
-18.8832 5.93909
-18.8832 6.24365
-18.8832 6.39594
-18.8832 6.70051
-18.8832 6.85279
-18.8832 7.00508
-18.8832 7.30964
-18.8832 7.46193
-18.8832 7.7665
-18.8832 7.91878
-18.8832 8.07107
-18.8832 8.37563
-18.8832 8.52792
-18.8832 8.83249
-18.8832 8.98477
-18.8832 9.28934
-18.8832 9.44162
-18.8832 9.74619
-18.8832 9.89848
-18.8832 10.203
-18.731 10.3553
-18.731 10.6599
-18.731 10.8122
-18.5787 11.1168
-18.5787 11.269
-18.4264 11.5736
-18.4264 11.7259
-18.2741 12.0305
-18.2741 12.1827
-18.1218 12.335
-17.9695 12.6396
-17.8173 12.7919
-17.8173 12.9442
-17.665 13.0964
-17.5127 13.2487
-17.3604 13.5533
-17.2081 13.7056
-16.9036 13.8579
-16.7513 14.0102
-16.599 14.1624
-16.4467 14.3147
-16.2944 14.467
-15.9898 14.467
-15.8376 14.6193
-15.6853 14.7716
-15.3807 14.9239
-15.2284 14.9239
-15.0761 15.0761
-14.7716 15.2284
-14.6193 15.2284
-14.467 15.3807
-14.1624 15.533
-14.0102 15.533
-13.8579 15.6853
-13.5533 15.6853
-13.401 15.8376
-13.2487 15.8376
-12.9442 15.9898
-12.7919 15.9898
-12.4873 16.1421
-12.335 16.1421
-12.1827 16.1421
-11.8782 16.2944
-11.7259 16.2944
-11.5736 16.4467
-11.269 16.4467
-11.1168 16.4467
-10.8122 16.599
-10.6599 16.599
-10.5076 16.599
-10.203 16.7513
-10.0508 16.7513
-9.89848 16.7513
-9.59391 16.7513
-9.44162 16.7513
-9.13706 16.9036
-8.98477 16.9036
-8.83249 16.9036
-8.52792 16.9036
-8.37563 16.9036
-8.07107 16.9036
-7.91878 16.9036
-7.7665 16.9036
-7.46193 16.9036
-7.30964 16.9036
-7.00508 16.9036
-6.85279 16.9036
-6.70051 16.9036
-6.39594 16.7513
-6.24365 16.7513
-6.09137 16.7513
-5.7868 16.7513
-5.63452 16.599
-5.48223 16.599
-5.17766 16.599
-5.02538 16.599
-4.8731 16.4467
-4.56853 16.4467
-4.41624 16.2944
-4.26396 16.2944
-3.95939 16.2944
-3.80711 16.1421
-3.65482 16.1421
-3.35025 15.9898
-3.19797 15.9898
-3.04569 15.8376
-2.8934 15.6853
-2.74112 15.6853
-2.43655 15.533
-2.28426 15.533
-2.13198 15.3807
-1.9797 15.2284
-1.82741 15.2284
-1.52284 15.0761
-1.37056 14.9239
-1.21827 14.7716
-1.06599 14.7716
-0.913706 14.6193
-0.761421 14.467
-0.609137 14.3147
-0.456853 14.1624
-0.304569 14.1624
-0.152284 14.0102
0 13.8579
0.152284 13.7056
0.304569 13.5533
0.456853 13.401
0.609137 13.2487
0.761421 13.0964
0.913706 12.9442
1.06599 12.7919
1.06599 12.6396
1.21827 12.4873
1.37056 12.335
1.52284 12.1827
1.67513 12.0305
1.67513 11.8782
1.82741 11.7259
1.9797 11.5736
2.13198 11.269
2.13198 11.1168
2.28426 10.9645
2.43655 10.8122
2.43655 10.6599
2.58883 10.5076
2.58883 10.3553
2.74112 10.203
2.8934 9.89848
2.8934 9.74619
3.04569 9.59391
3.04569 9.44162
3.19797 9.28934
3.19797 8.98477
3.35025 8.83249
3.35025 8.6802
3.50254 8.52792
3.50254 8.37563
3.50254 8.07107
3.65482 7.91878
3.65482 7.7665
3.80711 7.61421
3.80711 7.30964
3.80711 7.15736
3.95939 7.00508
3.95939 6.85279
3.95939 6.54822
4.11168 6.39594
4.11168 6.24365
4.11168 5.93909
4.26396 5.7868
4.26396 5.63452
4.26396 5.32995
4.41624 5.17766
4.41624 5.02538
