4.41624 5.02538
4.41624 4.72081
4.56853 4.56853
4.56853 4.41624
4.72081 4.11168
4.72081 3.95939
4.72081 3.65482
4.8731 3.50254
4.8731 3.19797
4.8731 3.04569
4.8731 2.74112
4.8731 2.58883
5.02538 2.28426
5.02538 2.13198
5.02538 1.82741
4.8731 1.67513
4.8731 1.37056
4.8731 1.21827
4.8731 0.913706
4.72081 0.761421
4.72081 0.456853
4.72081 0.304569
4.56853 0.152284
4.56853 -0.152284
4.41624 -0.304569
4.26396 -0.609137
4.26396 -0.761421
4.11168 -0.913706
3.95939 -1.06599
3.80711 -1.37056
3.80711 -1.52284
3.65482 -1.67513
3.50254 -1.82741
3.35025 -1.9797
3.19797 -2.28426
3.04569 -2.43655
2.8934 -2.58883
2.74112 -2.74112
2.58883 -2.8934
2.28426 -3.04569
2.13198 -3.19797
1.9797 -3.35025
1.82741 -3.50254
1.67513 -3.50254
1.52284 -3.65482
1.37056 -3.80711
1.06599 -3.95939
0.913706 -4.11168
0.761421 -4.26396
0.609137 -4.26396
0.456853 -4.41624
0.152284 -4.56853
0 -4.72081
-0.152284 -4.72081
-0.304569 -4.8731
-0.456853 -5.02538
-0.761421 -5.17766
-0.913706 -5.17766
-1.06599 -5.32995
-1.21827 -5.32995
-1.52284 -5.48223
-1.67513 -5.63452
-1.82741 -5.63452
-1.9797 -5.7868
-2.28426 -5.7868
-2.43655 -5.93909
-2.58883 -5.93909
-2.8934 -6.09137
-3.04569 -6.09137
-3.19797 -6.24365
-3.35025 -6.24365
-3.65482 -6.39594
-3.80711 -6.39594
-3.95939 -6.39594
-4.26396 -6.54822
-4.41624 -6.54822
-4.56853 -6.54822
-4.8731 -6.54822
-5.02538 -6.70051
-5.17766 -6.70051
-5.48223 -6.70051
-5.63452 -6.70051
-5.93909 -6.70051
-6.09137 -6.70051
-6.24365 -6.70051
-6.54822 -6.70051
-6.70051 -6.85279
-6.85279 -6.85279
-7.15736 -6.85279
-7.30964 -6.85279
-7.46193 -6.85279
-7.7665 -6.70051
-7.91878 -6.70051
-8.07107 -6.70051
-8.37563 -6.70051
-8.52792 -6.70051
-8.6802 -6.70051
-8.98477 -6.70051
-9.13706 -6.70051
-9.28934 -6.70051
-9.59391 -6.54822
-9.74619 -6.54822
-9.89848 -6.54822
-10.203 -6.54822
-10.3553 -6.54822
-10.5076 -6.39594
-10.8122 -6.39594
-10.9645 -6.39594
-11.1168 -6.24365
-11.4213 -6.24365
-11.5736 -6.24365
-11.7259 -6.09137
-12.0305 -6.09137
-12.1827 -5.93909
-12.335 -5.93909
-12.4873 -5.7868
-12.7919 -5.7868
-12.9442 -5.63452
-13.0964 -5.48223
-13.2487 -5.48223
-13.5533 -5.32995
-13.7056 -5.17766
-13.8579 -5.17766
-14.0102 -5.02538
-14.1624 -4.8731
-14.3147 -4.72081
-14.467 -4.56853
-14.6193 -4.56853
-14.7716 -4.41624
-14.9239 -4.26396
-15.0761 -4.11168
-15.2284 -3.95939
-15.3807 -3.80711
-15.533 -3.65482
-15.6853 -3.50254
-15.8376 -3.35025
-15.9898 -3.19797
-15.9898 -3.04569
-16.1421 -2.8934
-16.2944 -2.58883
-16.4467 -2.43655
-16.599 -2.28426
-16.599 -2.13198
-16.7513 -1.9797
-16.9036 -1.82741
-16.9036 -1.67513
-17.0558 -1.52284
-17.2081 -1.37056
-17.2081 -1.06599
-17.3604 -0.913706
-17.5127 -0.761421
-17.5127 -0.609137
-17.665 -0.456853
-17.665 -0.304569
-17.8173 0
-17.9695 0.152284
-17.9695 0.304569
-18.1218 0.456853
-18.1218 0.761421
-18.1218 0.913706
-18.2741 1.06599
-18.2741 1.21827
-18.4264 1.52284
-18.4264 1.67513
-18.4264 1.82741
-18.5787 1.9797
-18.5787 2.28426
-18.5787 2.43655
-18.731 2.58883
-18.731 2.74112
-18.731 3.04569
-18.731 3.19797
-18.731 3.35025
-18.731 3.65482
-18.8832 3.80711
-18.8832 3.95939
-18.8832 4.11168
-18.8832 4.41624
-18.8832 4.56853
-18.8832 4.72081
-18.8832 5.02538
-18.8832 5.17766
-18.8832 5.32995
-18.8832 5.63452
-18.8832 5.7868
-18.8832 5.93909
-18.8832 6.24365
-18.8832 6.39594
-18.8832 6.54822
-18.8832 6.85279
-18.8832 7.00508
-18.8832 7.15736
-18.8832 7.46193
-18.8832 7.61421
-19.0355 7.7665
-19.0355 8.07107
-19.0355 8.22335
-19.0355 8.52792
-19.0355 8.6802
-19.0355 8.98477
-19.0355 9.13706
-19.0355 9.44162
-19.0355 9.59391
-19.0355 9.89848
-18.8832 10.0508
-18.8832 10.3553
-18.8832 10.5076
-18.8832 10.8122
-18.731 10.9645
-18.731 11.269
-18.731 11.4213
-18.5787 11.5736
-18.5787 11.8782
-18.4264 12.0305
-18.2741 12.335
-18.2741 12.4873
-18.1218 12.6396
-17.9695 12.9442
-17.8173 13.0964
-17.665 13.2487
-17.5127 13.401
-17.3604 13.5533
-17.2081 13.7056
-17.0558 13.8579
-16.9036 14.0102
-16.7513 14.1624
-16.4467 14.3147
-16.2944 14.467
-16.1421 14.467
-15.9898 14.6193
-15.6853 14.7716
-15.533 14.9239
-15.3807 14.9239
-15.0761 15.0761
-14.9239 15.0761
-14.6193 15.2284
-14.467 15.2284
-14.3147 15.3807
-14.0102 15.533
-13.8579 15.533
-13.7056 15.533
-13.401 15.6853
-13.2487 15.6853
-13.0964 15.8376
-12.7919 15.8376
-12.6396 15.9898
-12.4873 15.9898
-12.1827 16.1421
-12.0305 16.1421
-11.8782 16.1421
-11.5736 16.2944
-11.4213 16.2944
-11.269 16.4467
-10.9645 16.4467
-10.8122 16.4467
-10.6599 16.599
-10.3553 16.599
-10.203 16.599
-10.0508 16.599
-9.74619 16.7513
-9.59391 16.7513
-9.44162 16.7513
-9.13706 16.7513
-8.98477 16.7513
-8.83249 16.7513
-8.52792 16.9036
-8.37563 16.9036
-8.07107 16.9036
-7.91878 16.9036
-7.7665 16.9036
-7.46193 16.7513
-7.30964 16.7513
-7.15736 16.7513
-6.85279 16.7513
-6.70051 16.7513
-6.54822 16.7513
-6.24365 16.7513
-6.09137 16.599
-5.93909 16.599
-5.63452 16.599
-5.48223 16.4467
-5.32995 16.4467
-5.02538 16.4467
-4.8731 16.2944
-4.72081 16.2944
-4.56853 16.1421
-4.26396 16.1421
-4.11168 16.1421
-3.95939 15.9898
-3.80711 15.9898
-3.50254 15.8376
-3.35025 15.8376
-3.19797 15.6853
-3.04569 15.533
-2.8934 15.533
-2.58883 15.3807
-2.43655 15.3807
-2.28426 15.2284
-2.13198 15.0761
-1.9797 15.0761
-1.82741 14.9239
-1.67513 14.7716
-1.37056 14.7716
-1.21827 14.6193
-1.06599 14.467
-0.913706 14.3147
-0.761421 14.1624
-0.609137 14.1624
-0.456853 14.0102
-0.304569 13.8579
-0.152284 13.7056
0 13.5533
0.152284 13.401
0.304569 13.401
0.456853 13.2487
0.609137 13.0964
0.761421 12.9442
0.913706 12.7919
0.913706 12.6396
1.06599 12.4873
1.21827 12.335
1.37056 12.1827
1.52284 12.0305
1.67513 11.8782
1.82741 11.7259
1.82741 11.5736
1.9797 11.4213
2.13198 11.269
2.28426 11.1168
2.28426 10.8122
2.43655 10.6599
2.58883 10.5076
2.58883 10.3553
2.74112 10.203
2.74112 10.0508
2.8934 9.89848
3.04569 9.59391
3.04569 9.44162
3.19797 9.28934
3.19797 9.13706
3.35025 8.98477
3.35025 8.6802
3.50254 8.52792
3.50254 8.37563
3.50254 8.22335
3.65482 7.91878
3.65482 7.7665
3.80711 7.61421
3.80711 7.30964
3.80711 7.15736
3.95939 7.00508
3.95939 6.85279
3.95939 6.54822
4.11168 6.39594
4.11168 6.24365
4.11168 5.93909
4.26396 5.7868
4.26396 5.63452
4.26396 5.32995
4.41624 5.17766
