4.41624 5.17766
4.41624 5.02538
4.56853 4.72081
4.56853 4.56853
4.72081 4.41624
4.72081 4.11168
4.8731 3.95939
4.8731 3.65482
4.8731 3.50254
4.8731 3.19797
5.02538 3.04569
5.02538 2.74112
5.02538 2.58883
5.02538 2.28426
5.02538 1.9797
4.8731 1.82741
4.8731 1.52284
4.8731 1.37056
4.8731 1.06599
4.8731 0.913706
4.72081 0.761421
4.72081 0.456853
4.56853 0.304569
4.56853 0
4.41624 -0.152284
4.41624 -0.456853
4.26396 -0.609137
4.11168 -0.761421
3.95939 -1.06599
3.95939 -1.21827
3.80711 -1.37056
3.65482 -1.52284
3.50254 -1.82741
3.35025 -1.9797
3.19797 -2.13198
3.04569 -2.28426
2.8934 -2.43655
2.74112 -2.58883
2.58883 -2.74112
2.43655 -2.8934
2.13198 -3.04569
1.9797 -3.19797
1.82741 -3.35025
1.67513 -3.50254
1.52284 -3.65482
1.37056 -3.80711
1.06599 -3.95939
0.913706 -4.11168
0.761421 -4.11168
0.609137 -4.26396
0.456853 -4.41624
0.152284 -4.56853
0 -4.72081
-0.152284 -4.72081
-0.304569 -4.8731
-0.609137 -5.02538
-0.761421 -5.02538
-0.913706 -5.17766
-1.06599 -5.32995
-1.37056 -5.32995
-1.52284 -5.48223
-1.67513 -5.63452
-1.82741 -5.63452
-2.13198 -5.7868
-2.28426 -5.7868
-2.43655 -5.93909
-2.74112 -5.93909
-2.8934 -6.09137
-3.04569 -6.09137
-3.35025 -6.24365
-3.50254 -6.24365
-3.65482 -6.39594
-3.95939 -6.39594
-4.11168 -6.39594
-4.26396 -6.54822
-4.56853 -6.54822
-4.72081 -6.54822
-4.8731 -6.70051
-5.17766 -6.70051
-5.32995 -6.70051
-5.63452 -6.70051
-5.7868 -6.70051
-5.93909 -6.85279
-6.24365 -6.85279
-6.39594 -6.85279
-6.70051 -6.85279
-6.85279 -6.85279
-7.00508 -6.85279
-7.30964 -6.85279
-7.46193 -6.85279
-7.61421 -6.85279
-7.91878 -6.85279
-8.07107 -6.85279
-8.37563 -6.85279
-8.52792 -6.85279
-8.6802 -6.85279
-8.98477 -6.70051
-9.13706 -6.70051
-9.28934 -6.70051
-9.59391 -6.70051
-9.74619 -6.70051
-10.0508 -6.54822
-10.203 -6.54822
-10.3553 -6.54822
-10.6599 -6.39594
-10.8122 -6.39594
-10.9645 -6.39594
-11.269 -6.24365
-11.4213 -6.24365
-11.5736 -6.09137
-11.7259 -6.09137
-12.0305 -5.93909
-12.1827 -5.93909
-12.335 -5.7868
-12.6396 -5.7868
-12.7919 -5.63452
-12.9442 -5.63452
-13.0964 -5.48223
-13.2487 -5.32995
-13.5533 -5.32995
-13.7056 -5.17766
-13.8579 -5.02538
-14.0102 -4.8731
-14.1624 -4.8731
-14.3147 -4.72081
-14.467 -4.56853
-14.7716 -4.41624
-14.9239 -4.26396
-15.0761 -4.11168
-15.2284 -4.11168
-15.3807 -3.95939
-15.533 -3.80711
-15.6853 -3.65482
-15.8376 -3.50254
-15.8376 -3.35025
-15.9898 -3.19797
-16.1421 -3.04569
-16.2944 -2.74112
-16.4467 -2.58883
-16.599 -2.43655
-16.599 -2.28426
-16.7513 -2.13198
-16.9036 -1.9797
-16.9036 -1.82741
-17.0558 -1.52284
-17.2081 -1.37056
-17.2081 -1.21827
-17.3604 -1.06599
-17.3604 -0.913706
-17.5127 -0.609137
-17.5127 -0.456853
-17.5127 -0.304569
-17.665 -0.152284
-17.665 0.152284
-17.8173 0.304569
-17.8173 0.456853
-17.8173 0.609137
-17.9695 0.913706
-17.9695 1.06599
-17.9695 1.21827
-18.1218 1.37056
-18.1218 1.67513
-18.2741 1.82741
-18.2741 1.9797
-18.2741 2.13198
-18.4264 2.28426
-18.4264 2.58883
-18.5787 2.74112
-18.5787 2.8934
-18.5787 3.04569
-18.731 3.19797
-18.8832 3.50254
-18.8832 3.65482
-19.0355 3.80711
-19.0355 3.95939
-19.1878 4.26396
-19.1878 4.41624
-19.3401 4.56853
-19.4924 4.8731
-19.4924 5.02538
-19.6447 5.17766
-19.6447 5.48223
-19.797 5.63452
-19.797 5.7868
-19.9492 6.09137
-19.9492 6.24365
-20.1015 6.54822
-20.1015 6.70051
-20.2538 7.00508
-20.2538 7.15736
-20.2538 7.46193
-20.4061 7.61421
-20.4061 7.91878
-20.4061 8.22335
-20.4061 8.37563
-20.4061 8.6802
-20.4061 8.83249
-20.4061 9.13706
-20.4061 9.28934
-20.4061 9.59391
-20.4061 9.89848
-20.4061 10.0508
-20.2538 10.3553
-20.2538 10.5076
-20.2538 10.8122
-20.1015 10.9645
-20.1015 11.269
-19.9492 11.4213
-19.797 11.7259
-19.797 11.8782
-19.6447 12.1827
-19.4924 12.335
-19.3401 12.4873
-19.1878 12.6396
-19.0355 12.9442
-18.8832 13.0964
-18.731 13.2487
-18.5787 13.401
-18.4264 13.5533
-18.1218 13.7056
-17.9695 13.8579
-17.8173 14.0102
-17.5127 14.1624
-17.3604 14.1624
-17.0558 14.3147
-16.9036 14.467
-16.599 14.467
-16.4467 14.6193
-16.2944 14.6193
-15.9898 14.7716
-15.8376 14.7716
-15.533 14.9239
-15.3807 14.9239
-15.0761 15.0761
-14.9239 15.0761
-14.6193 15.2284
-14.467 15.2284
-14.1624 15.2284
-14.0102 15.3807
-13.8579 15.3807
-13.5533 15.3807
-13.401 15.533
-13.2487 15.533
-12.9442 15.6853
-12.7919 15.6853
-12.6396 15.8376
-12.4873 15.8376
-12.1827 15.9898
-12.0305 15.9898
-11.8782 15.9898
-11.7259 16.1421
-11.4213 16.1421
-11.269 16.2944
-11.1168 16.2944
-10.9645 16.4467
-10.6599 16.4467
-10.5076 16.599
-10.3553 16.599
-10.0508 16.599
-9.89848 16.7513
-9.74619 16.7513
-9.59391 16.7513
-9.28934 16.9036
-9.13706 16.9036
-8.98477 16.9036
-8.6802 16.9036
-8.52792 16.9036
-8.22335 16.9036
-8.07107 16.9036
-7.91878 16.9036
-7.61421 16.9036
-7.46193 16.9036
-7.30964 16.9036
-7.00508 16.9036
-6.85279 16.9036
-6.70051 16.9036
-6.39594 16.7513
-6.24365 16.7513
-6.09137 16.7513
-5.93909 16.7513
-5.63452 16.599
-5.48223 16.599
-5.32995 16.599
-5.02538 16.4467
-4.8731 16.4467
-4.72081 16.2944
-4.56853 16.2944
-4.26396 16.1421
-4.11168 16.1421
-3.95939 16.1421
-3.80711 15.9898
-3.50254 15.9898
-3.35025 15.8376
-3.19797 15.8376
-3.04569 15.6853
-2.8934 15.6853
-2.58883 15.533
-2.43655 15.3807
-2.28426 15.3807
-2.13198 15.2284
-1.9797 15.2284
-1.82741 15.0761
-1.52284 14.9239
-1.37056 14.9239
-1.21827 14.7716
-1.06599 14.6193
-0.913706 14.6193
-0.761421 14.467
-0.609137 14.3147
-0.456853 14.1624
-0.304569 14.0102
-0.152284 14.0102
0 13.8579
0.152284 13.7056
0.304569 13.5533
0.456853 13.401
0.609137 13.2487
0.761421 13.0964
0.913706 12.9442
1.06599 12.7919
1.21827 12.6396
1.37056 12.4873
1.37056 12.335
1.52284 12.1827
1.67513 12.0305
1.82741 11.8782
1.9797 11.7259
1.9797 11.5736
2.13198 11.269
2.28426 11.1168
2.28426 10.9645
2.43655 10.8122
2.43655 10.6599
2.58883 10.5076
2.74112 10.203
2.74112 10.0508
2.8934 9.89848
2.8934 9.74619
3.04569 9.44162
3.04569 9.28934
3.04569 9.13706
3.19797 8.98477
3.19797 8.83249
3.35025 8.52792
3.35025 8.37563
3.35025 8.22335
3.50254 7.91878
3.50254 7.7665
3.65482 7.61421
3.65482 7.46193
3.65482 7.15736
3.80711 7.00508
3.80711 6.85279
3.80711 6.70051
3.95939 6.39594
3.95939 6.24365
4.11168 6.09137
4.11168 5.7868
4.26396 5.63452
4.26396 5.48223
