4.41624 5.17766
4.41624 5.02538
4.56853 4.72081
4.72081 4.56853
4.72081 4.26396
4.8731 4.11168
4.8731 3.80711
5.02538 3.65482
5.02538 3.35025
5.02538 3.19797
5.02538 2.8934
5.02538 2.74112
5.17766 2.43655
5.17766 2.28426
5.02538 1.9797
5.02538 1.82741
5.02538 1.52284
5.02538 1.21827
5.02538 1.06599
4.8731 0.913706
4.8731 0.609137
4.72081 0.456853
4.72081 0.152284
4.56853 0
4.56853 -0.304569
4.41624 -0.456853
4.26396 -0.609137
4.11168 -0.913706
4.11168 -1.06599
3.95939 -1.21827
3.80711 -1.37056
3.65482 -1.67513
3.50254 -1.82741
3.35025 -1.9797
3.19797 -2.13198
3.04569 -2.28426
2.8934 -2.43655
2.74112 -2.58883
2.58883 -2.74112
2.28426 -2.8934
2.13198 -3.04569
1.9797 -3.19797
1.82741 -3.35025
1.67513 -3.50254
1.37056 -3.65482
1.21827 -3.80711
1.06599 -3.95939
0.913706 -3.95939
0.761421 -4.11168
0.456853 -4.26396
0.304569 -4.41624
0.152284 -4.56853
0 -4.56853
-0.304569 -4.72081
-0.456853 -4.8731
-0.609137 -4.8731
-0.761421 -5.02538
-1.06599 -5.17766
-1.21827 -5.17766
-1.37056 -5.32995
-1.52284 -5.48223
-1.82741 -5.48223
-1.9797 -5.63452
-2.13198 -5.63452
-2.43655 -5.7868
-2.58883 -5.7868
-2.74112 -5.93909
-2.8934 -5.93909
-3.19797 -6.09137
-3.35025 -6.09137
-3.50254 -6.24365
-3.80711 -6.24365
-3.95939 -6.24365
-4.11168 -6.39594
-4.41624 -6.39594
-4.56853 -6.54822
-4.72081 -6.54822
-5.02538 -6.54822
-5.17766 -6.70051
-5.32995 -6.70051
-5.63452 -6.70051
-5.7868 -6.70051
-6.09137 -6.70051
-6.24365 -6.85279
-6.39594 -6.85279
-6.70051 -6.85279
-6.85279 -6.85279
-7.00508 -6.85279
-7.30964 -6.85279
-7.46193 -6.85279
-7.7665 -6.85279
-7.91878 -6.85279
-8.07107 -6.85279
-8.37563 -6.85279
-8.52792 -6.85279
-8.6802 -6.85279
-8.98477 -6.85279
-9.13706 -6.70051
-9.44162 -6.70051
-9.59391 -6.70051
-9.74619 -6.70051
-10.0508 -6.54822
-10.203 -6.54822
-10.3553 -6.54822
-10.6599 -6.39594
-10.8122 -6.39594
-10.9645 -6.24365
-11.1168 -6.24365
-11.4213 -6.09137
-11.5736 -6.09137
-11.7259 -5.93909
-12.0305 -5.93909
-12.1827 -5.7868
-12.335 -5.7868
-12.4873 -5.63452
-12.6396 -5.48223
-12.9442 -5.48223
-13.0964 -5.32995
-13.2487 -5.32995
-13.401 -5.17766
-13.5533 -5.02538
-13.8579 -4.8731
-14.0102 -4.8731
-14.1624 -4.72081
-14.3147 -4.56853
-14.467 -4.41624
-14.6193 -4.41624
-14.7716 -4.26396
-14.9239 -4.11168
-15.0761 -3.95939
-15.2284 -3.80711
-15.3807 -3.65482
-15.533 -3.50254
-15.6853 -3.50254
-15.8376 -3.35025
-15.9898 -3.19797
-16.1421 -3.04569
-16.2944 -2.8934
-16.4467 -2.58883
-16.599 -2.43655
-16.599 -2.28426
-16.7513 -2.13198
-16.9036 -1.9797
-16.9036 -1.82741
-17.0558 -1.67513
-17.2081 -1.37056
-17.2081 -1.21827
-17.3604 -1.06599
-17.3604 -0.913706
-17.5127 -0.609137
-17.5127 -0.456853
-17.5127 -0.304569
-17.665 -0.152284
-17.665 0.152284
-17.665 0.304569
-17.8173 0.456853
-17.8173 0.609137
-17.8173 0.913706
-17.8173 1.06599
-17.9695 1.21827
-17.9695 1.37056
-17.9695 1.67513
-18.1218 1.82741
-18.1218 1.9797
-18.1218 2.13198
-18.2741 2.28426
-18.2741 2.58883
-18.4264 2.74112
-18.4264 2.8934
-18.5787 3.04569
-18.5787 3.19797
-18.731 3.50254
-18.731 3.65482
-18.8832 3.80711
-19.0355 3.95939
-19.0355 4.11168
-19.1878 4.41624
-19.3401 4.56853
-19.3401 4.72081
-19.4924 5.02538
-19.6447 5.17766
-19.6447 5.32995
-19.797 5.63452
-19.9492 5.7868
-19.9492 6.09137
-20.1015 6.24365
-20.2538 6.54822
-20.2538 6.70051
-20.4061 7.00508
-20.4061 7.15736
-20.4061 7.46193
-20.5584 7.61421
-20.5584 7.91878
-20.5584 8.22335
-20.5584 8.37563
-20.5584 8.6802
-20.5584 8.83249
-20.5584 9.13706
-20.5584 9.28934
-20.5584 9.59391
-20.5584 9.89848
-20.4061 10.0508
-20.4061 10.3553
-20.4061 10.5076
-20.2538 10.8122
-20.1015 10.9645
-20.1015 11.269
-19.9492 11.4213
-19.797 11.5736
-19.797 11.8782
-19.6447 12.0305
-19.4924 12.1827
-19.3401 12.4873
-19.1878 12.6396
-19.0355 12.7919
-18.8832 12.9442
-18.731 13.0964
-18.4264 13.2487
-18.2741 13.401
-18.1218 13.5533
-17.9695 13.7056
-17.665 13.8579
-17.5127 14.0102
-17.3604 14.1624
-17.0558 14.1624
-16.9036 14.3147
-16.599 14.467
-16.4467 14.467
-16.1421 14.6193
-15.9898 14.7716
-15.8376 14.7716
-15.533 14.9239
-15.3807 14.9239
-15.0761 15.0761
-14.9239 15.0761
-14.6193 15.2284
-14.467 15.2284
-14.3147 15.2284
-14.0102 15.3807
-13.8579 15.3807
-13.7056 15.533
-13.401 15.533
-13.2487 15.6853
-13.0964 15.6853
-12.7919 15.6853
-12.6396 15.8376
-12.4873 15.8376
-12.335 15.9898
-12.0305 15.9898
-11.8782 16.1421
-11.7259 16.1421
-11.5736 16.2944
-11.269 16.2944
-11.1168 16.2944
-10.9645 16.4467
-10.6599 16.4467
-10.5076 16.599
-10.3553 16.599
-10.203 16.599
-9.89848 16.7513
-9.74619 16.7513
-9.59391 16.7513
-9.28934 16.9036
-9.13706 16.9036
-8.98477 16.9036
-8.6802 16.9036
-8.52792 16.9036
-8.37563 16.9036
-8.07107 16.9036
-7.91878 16.9036
-7.7665 16.9036
-7.46193 16.9036
-7.30964 16.9036
-7.15736 16.9036
-6.85279 16.9036
-6.70051 16.9036
-6.54822 16.9036
-6.24365 16.7513
-6.09137 16.7513
-5.93909 16.7513
-5.63452 16.7513
-5.48223 16.599
-5.32995 16.599
-5.02538 16.599
-4.8731 16.4467
-4.72081 16.4467
-4.56853 16.2944
-4.26396 16.2944
-4.11168 16.1421
-3.95939 16.1421
-3.80711 15.9898
-3.50254 15.9898
-3.35025 15.8376
-3.19797 15.8376
-3.04569 15.6853
-2.8934 15.6853
-2.58883 15.533
-2.43655 15.533
-2.28426 15.3807
-2.13198 15.2284
-1.9797 15.2284
-1.82741 15.0761
-1.52284 14.9239
-1.37056 14.9239
-1.21827 14.7716
-1.06599 14.6193
-0.913706 14.467
-0.761421 14.467
-0.609137 14.3147
-0.456853 14.1624
-0.304569 14.0102
-0.152284 13.8579
0 13.7056
0.152284 13.7056
0.304569 13.5533
0.456853 13.401
0.609137 13.2487
0.761421 13.0964
0.913706 12.9442
1.06599 12.7919
1.21827 12.6396
1.37056 12.4873
1.37056 12.335
1.52284 12.1827
1.67513 12.0305
1.82741 11.8782
1.9797 11.7259
1.9797 11.5736
2.13198 11.269
2.28426 11.1168
2.43655 10.9645
2.43655 10.8122
2.58883 10.6599
2.74112 10.5076
2.74112 10.3553
2.8934 10.0508
2.8934 9.89848
3.04569 9.74619
3.19797 9.59391
3.19797 9.28934
3.35025 9.13706
3.35025 8.98477
3.35025 8.83249
3.50254 8.52792
3.50254 8.37563
3.65482 8.22335
3.65482 8.07107
3.80711 7.7665
3.80711 7.61421
3.80711 7.46193
3.95939 7.15736
3.95939 7.00508
3.95939 6.85279
4.11168 6.54822
4.11168 6.39594
4.11168 6.24365
4.26396 5.93909
4.26396 5.7868
4.26396 5.63452
4.26396 5.32995
