4.26396 5.02538
4.41624 4.8731
4.56853 4.72081
4.72081 4.41624
4.8731 4.26396
4.8731 3.95939
5.02538 3.80711
5.02538 3.50254
5.02538 3.35025
5.17766 3.04569
5.17766 2.8934
5.17766 2.58883
5.17766 2.43655
5.17766 2.13198
5.17766 1.9797
5.17766 1.67513
5.02538 1.52284
5.02538 1.21827
5.02538 1.06599
4.8731 0.761421
4.8731 0.609137
4.72081 0.456853
4.72081 0.152284
4.56853 0
4.41624 -0.304569
4.41624 -0.456853
4.26396 -0.609137
4.11168 -0.913706
3.95939 -1.06599
3.95939 -1.21827
3.80711 -1.37056
3.65482 -1.52284
3.50254 -1.82741
3.35025 -1.9797
3.19797 -2.13198
3.04569 -2.28426
2.8934 -2.43655
2.74112 -2.58883
2.58883 -2.74112
2.43655 -2.8934
2.28426 -3.04569
1.9797 -3.19797
1.82741 -3.35025
1.67513 -3.50254
1.52284 -3.65482
1.37056 -3.65482
1.21827 -3.80711
0.913706 -3.95939
0.761421 -4.11168
0.609137 -4.26396
0.456853 -4.26396
0.304569 -4.41624
0 -4.56853
-0.152284 -4.72081
-0.304569 -4.72081
-0.456853 -4.8731
-0.609137 -5.02538
-0.913706 -5.02538
-1.06599 -5.17766
-1.21827 -5.17766
-1.37056 -5.32995
-1.67513 -5.48223
-1.82741 -5.48223
-1.9797 -5.63452
-2.13198 -5.63452
-2.43655 -5.7868
-2.58883 -5.7868
-2.74112 -5.93909
-3.04569 -5.93909
-3.19797 -6.09137
-3.35025 -6.09137
-3.65482 -6.09137
-3.80711 -6.24365
-3.95939 -6.24365
-4.11168 -6.24365
-4.41624 -6.39594
-4.56853 -6.39594
-4.72081 -6.39594
-5.02538 -6.54822
-5.17766 -6.54822
-5.32995 -6.54822
-5.63452 -6.54822
-5.7868 -6.70051
-5.93909 -6.70051
-6.24365 -6.70051
-6.39594 -6.70051
-6.54822 -6.70051
-6.85279 -6.70051
-7.00508 -6.70051
-7.30964 -6.70051
-7.46193 -6.70051
-7.61421 -6.70051
-7.91878 -6.70051
-8.07107 -6.70051
-8.22335 -6.70051
-8.52792 -6.70051
-8.6802 -6.70051
-8.83249 -6.70051
-9.13706 -6.70051
-9.28934 -6.54822
-9.44162 -6.54822
-9.74619 -6.54822
-9.89848 -6.54822
-10.0508 -6.39594
-10.3553 -6.39594
-10.5076 -6.39594
-10.6599 -6.24365
-10.9645 -6.24365
-11.1168 -6.24365
-11.269 -6.09137
-11.4213 -6.09137
-11.7259 -5.93909
-11.8782 -5.93909
-12.0305 -5.7868
-12.1827 -5.7868
-12.4873 -5.63452
-12.6396 -5.63452
-12.7919 -5.48223
-12.9442 -5.32995
-13.2487 -5.32995
-13.401 -5.17766
-13.5533 -5.02538
-13.7056 -5.02538
-13.8579 -4.8731
-14.0102 -4.72081
-14.3147 -4.72081
-14.467 -4.56853
-14.6193 -4.41624
-14.7716 -4.26396
-14.9239 -4.11168
-15.0761 -3.95939
-15.2284 -3.80711
-15.3807 -3.80711
-15.533 -3.65482
-15.6853 -3.50254
-15.8376 -3.35025
-15.9898 -3.19797
-16.1421 -3.04569
-16.1421 -2.8934
-16.2944 -2.58883
-16.4467 -2.43655
-16.599 -2.28426
-16.599 -2.13198
-16.7513 -1.9797
-16.9036 -1.82741
-16.9036 -1.52284
-17.0558 -1.37056
-17.0558 -1.21827
-17.2081 -1.06599
-17.2081 -0.761421
-17.3604 -0.609137
-17.3604 -0.456853
-17.5127 -0.304569
-17.5127 0
-17.5127 0.152284
-17.665 0.304569
-17.665 0.456853
-17.665 0.761421
-17.8173 0.913706
-17.8173 1.06599
-17.8173 1.21827
-17.8173 1.52284
-17.9695 1.67513
-17.9695 1.82741
-18.1218 1.9797
-18.1218 2.13198
-18.1218 2.43655
-18.2741 2.58883
-18.2741 2.74112
-18.4264 2.8934
-18.5787 3.04569
-18.5787 3.35025
-18.731 3.50254
-18.8832 3.65482
-18.8832 3.80711
-19.0355 4.11168
-19.1878 4.26396
-19.1878 4.41624
-19.3401 4.72081
-19.4924 4.8731
-19.6447 5.02538
-19.6447 5.32995
-19.797 5.48223
-19.9492 5.7868
-19.9492 5.93909
-20.1015 6.24365
-20.1015 6.39594
-20.2538 6.70051
-20.2538 6.85279
-20.4061 7.15736
-20.4061 7.30964
-20.5584 7.61421
-20.5584 7.91878
-20.5584 8.07107
-20.5584 8.37563
-20.5584 8.52792
-20.5584 8.83249
-20.5584 9.13706
-20.5584 9.28934
-20.5584 9.59391
-20.4061 9.74619
-20.4061 10.0508
-20.2538 10.203
-20.2538 10.5076
-20.1015 10.6599
-20.1015 10.9645
-19.9492 11.1168
-19.797 11.4213
-19.797 11.5736
-19.6447 11.8782
-19.4924 12.0305
-19.3401 12.1827
-19.1878 12.335
-19.0355 12.6396
-18.8832 12.7919
-18.731 12.9442
-18.5787 13.0964
-18.4264 13.2487
-18.1218 13.401
-17.9695 13.5533
-17.8173 13.7056
-17.5127 13.8579
-17.3604 14.0102
-17.2081 14.1624
-16.9036 14.3147
-16.7513 14.3147
-16.599 14.467
-16.2944 14.6193
-16.1421 14.7716
-15.8376 14.7716
-15.6853 14.9239
-15.533 14.9239
-15.2284 15.0761
-15.0761 15.0761
-14.7716 15.2284
-14.6193 15.2284
-14.467 15.3807
-14.1624 15.3807
-14.0102 15.533
-13.7056 15.533
-13.5533 15.6853
-13.401 15.6853
-13.0964 15.8376
-12.9442 15.8376
-12.7919 15.9898
-12.4873 15.9898
-12.335 16.1421
-12.1827 16.1421
-11.8782 16.2944
-11.7259 16.2944
-11.5736 16.2944
-11.4213 16.4467
-11.1168 16.4467
-10.9645 16.599
-10.8122 16.599
-10.5076 16.599
-10.3553 16.7513
-10.203 16.7513
-9.89848 16.7513
-9.74619 16.9036
-9.59391 16.9036
-9.28934 16.9036
-9.13706 16.9036
-8.83249 16.9036
-8.6802 17.0558
-8.52792 17.0558
-8.22335 17.0558
-8.07107 17.0558
-7.91878 17.0558
-7.61421 17.0558
-7.46193 17.0558
-7.30964 16.9036
-7.00508 16.9036
-6.85279 16.9036
-6.54822 16.9036
-6.39594 16.9036
-6.24365 16.9036
-5.93909 16.7513
-5.7868 16.7513
-5.63452 16.7513
-5.32995 16.599
-5.17766 16.599
-5.02538 16.599
-4.8731 16.4467
-4.56853 16.4467
-4.41624 16.2944
-4.26396 16.2944
-4.11168 16.1421
-3.80711 16.1421
-3.65482 15.9898
-3.50254 15.9898
-3.35025 15.8376
-3.04569 15.8376
-2.8934 15.6853
-2.74112 15.6853
-2.58883 15.533
-2.43655 15.533
-2.13198 15.3807
-1.9797 15.2284
-1.82741 15.2284
-1.67513 15.0761
-1.52284 14.9239
-1.37056 14.9239
-1.21827 14.7716
-0.913706 14.6193
-0.761421 14.467
-0.609137 14.467
-0.456853 14.3147
-0.304569 14.1624
-0.152284 14.0102
0 13.8579
0.152284 13.8579
0.304569 13.7056
0.456853 13.5533
0.609137 13.401
0.761421 13.2487
0.913706 13.0964
1.06599 12.9442
1.21827 12.7919
1.37056 12.6396
1.37056 12.4873
1.52284 12.335
1.67513 12.1827
1.82741 12.0305
1.9797 11.8782
1.9797 11.7259
2.13198 11.5736
2.28426 11.4213
2.43655 11.269
2.43655 10.9645
2.58883 10.8122
2.74112 10.6599
2.74112 10.5076
2.8934 10.3553
3.04569 10.203
3.04569 9.89848
3.19797 9.74619
3.19797 9.59391
3.35025 9.44162
3.35025 9.28934
3.50254 8.98477
3.50254 8.83249
3.65482 8.6802
3.65482 8.52792
3.65482 8.22335
3.80711 8.07107
3.80711 7.91878
3.80711 7.61421
3.95939 7.46193
3.95939 7.30964
3.95939 7.15736
4.11168 6.85279
4.11168 6.70051
4.11168 6.54822
4.11168 6.24365
4.26396 6.09137
4.26396 5.93909
4.26396 5.63452
4.26396 5.48223
4.26396 5.32995
