4.56853 5.48223
4.72081 5.32995
4.8731 5.02538
4.8731 4.8731
5.02538 4.56853
5.17766 4.41624
5.17766 4.11168
5.32995 3.95939
5.32995 3.65482
5.32995 3.50254
5.32995 3.19797
5.48223 3.04569
5.48223 2.74112
5.32995 2.58883
5.32995 2.28426
5.32995 2.13198
5.32995 1.82741
5.32995 1.67513
5.17766 1.37056
5.17766 1.21827
5.02538 0.913706
5.02538 0.761421
4.8731 0.609137
4.72081 0.304569
4.72081 0.152284
4.56853 -0.152284
4.41624 -0.304569
4.41624 -0.456853
4.26396 -0.609137
4.11168 -0.913706
3.95939 -1.06599
3.80711 -1.21827
3.65482 -1.37056
3.50254 -1.52284
3.35025 -1.82741
3.19797 -1.9797
3.04569 -2.13198
2.8934 -2.28426
2.74112 -2.43655
2.58883 -2.58883
2.43655 -2.74112
2.28426 -2.8934
2.13198 -3.04569
1.82741 -3.19797
1.67513 -3.35025
1.52284 -3.35025
1.37056 -3.50254
1.21827 -3.65482
0.913706 -3.80711
0.761421 -3.95939
0.609137 -3.95939
0.456853 -4.11168
0.304569 -4.26396
0 -4.41624
-0.152284 -4.41624
-0.304569 -4.56853
-0.456853 -4.72081
-0.761421 -4.72081
-0.913706 -4.8731
-1.06599 -5.02538
-1.21827 -5.02538
-1.52284 -5.17766
-1.67513 -5.17766
-1.82741 -5.32995
-2.13198 -5.32995
-2.28426 -5.48223
-2.43655 -5.48223
-2.58883 -5.63452
-2.8934 -5.63452
-3.04569 -5.7868
-3.19797 -5.7868
-3.50254 -5.7868
-3.65482 -5.93909
-3.80711 -5.93909
-4.11168 -5.93909
-4.26396 -6.09137
-4.41624 -6.09137
-4.72081 -6.09137
-4.8731 -6.24365
-5.02538 -6.24365
-5.32995 -6.24365
-5.48223 -6.24365
-5.63452 -6.24365
-5.93909 -6.24365
-6.09137 -6.39594
-6.39594 -6.39594
-6.54822 -6.39594
-6.70051 -6.39594
-7.00508 -6.39594
-7.15736 -6.39594
-7.30964 -6.39594
-7.61421 -6.39594
-7.7665 -6.39594
-7.91878 -6.39594
-8.22335 -6.39594
-8.37563 -6.39594
-8.52792 -6.24365
-8.83249 -6.24365
-8.98477 -6.24365
-9.28934 -6.24365
-9.44162 -6.24365
-9.59391 -6.09137
-9.89848 -6.09137
-10.0508 -6.09137
-10.203 -6.09137
-10.3553 -5.93909
-10.6599 -5.93909
-10.8122 -5.7868
-10.9645 -5.7868
-11.269 -5.7868
-11.4213 -5.63452
-11.5736 -5.63452
-11.7259 -5.48223
-12.0305 -5.32995
-12.1827 -5.32995
-12.335 -5.17766
-12.4873 -5.17766
-12.7919 -5.02538
-12.9442 -4.8731
-13.0964 -4.8731
-13.2487 -4.72081
-13.401 -4.56853
-13.5533 -4.56853
-13.7056 -4.41624
-14.0102 -4.26396
-14.1624 -4.11168
-14.3147 -3.95939
-14.467 -3.80711
-14.6193 -3.80711
-14.7716 -3.65482
-14.9239 -3.50254
-15.0761 -3.35025
-15.2284 -3.19797
-15.2284 -3.04569
-15.3807 -2.8934
-15.533 -2.74112
-15.6853 -2.58883
-15.8376 -2.43655
-15.9898 -2.28426
-15.9898 -2.13198
-16.1421 -1.9797
-16.2944 -1.67513
-16.4467 -1.52284
-16.4467 -1.37056
-16.599 -1.21827
-16.599 -1.06599
-16.7513 -0.913706
-16.9036 -0.609137
-16.9036 -0.456853
-17.0558 -0.304569
-17.0558 -0.152284
-17.0558 0.152284
-17.2081 0.304569
-17.2081 0.456853
-17.3604 0.609137
-17.3604 0.761421
-17.3604 1.06599
-17.5127 1.21827
-17.5127 1.37056
-17.5127 1.52284
-17.665 1.67513
-17.665 1.9797
-17.8173 2.13198
-17.8173 2.28426
-17.8173 2.43655
-17.9695 2.58883
-17.9695 2.8934
-18.1218 3.04569
-18.1218 3.19797
-18.2741 3.35025
-18.2741 3.50254
-18.4264 3.80711
-18.4264 3.95939
-18.5787 4.11168
-18.731 4.26396
-18.731 4.41624
-18.8832 4.72081
-18.8832 4.8731
-19.0355 5.02538
-19.1878 5.32995
-19.1878 5.48223
-19.3401 5.63452
-19.3401 5.93909
-19.4924 6.09137
-19.4924 6.39594
-19.6447 6.54822
-19.6447 6.85279
-19.797 7.00508
-19.797 7.15736
-19.797 7.46193
-19.797 7.61421
-19.9492 7.91878
-19.9492 8.22335
-19.9492 8.37563
-19.9492 8.6802
-19.9492 8.83249
-19.9492 9.13706
-19.9492 9.28934
-19.797 9.59391
-19.797 9.74619
-19.797 10.0508
-19.797 10.203
-19.6447 10.5076
-19.6447 10.6599
-19.4924 10.9645
-19.4924 11.1168
-19.3401 11.269
-19.1878 11.5736
-19.1878 11.7259
-19.0355 12.0305
-18.8832 12.1827
-18.731 12.335
-18.5787 12.4873
-18.5787 12.7919
-18.4264 12.9442
-18.2741 13.0964
-18.1218 13.2487
-17.9695 13.401
-17.665 13.5533
-17.5127 13.7056
-17.3604 13.8579
-17.2081 14.0102
-17.0558 14.1624
-16.9036 14.3147
-16.599 14.467
-16.4467 14.6193
-16.2944 14.7716
-15.9898 14.7716
-15.8376 14.9239
-15.6853 15.0761
-15.533 15.0761
-15.2284 15.2284
-15.0761 15.3807
-14.9239 15.3807
-14.6193 15.533
-14.467 15.6853
-14.3147 15.6853
-14.0102 15.8376
-13.8579 15.8376
-13.7056 15.9898
-13.401 15.9898
-13.2487 16.1421
-13.0964 16.1421
-12.7919 16.2944
-12.6396 16.2944
-12.4873 16.4467
-12.1827 16.4467
-12.0305 16.599
-11.8782 16.599
-11.7259 16.599
-11.4213 16.7513
-11.269 16.7513
-11.1168 16.9036
-10.8122 16.9036
-10.6599 16.9036
-10.5076 17.0558
-10.203 17.0558
-10.0508 17.0558
-9.89848 17.2081
-9.59391 17.2081
-9.44162 17.2081
-9.28934 17.2081
-8.98477 17.2081
-8.83249 17.3604
-8.52792 17.3604
-8.37563 17.3604
-8.22335 17.3604
-7.91878 17.3604
-7.7665 17.3604
-7.61421 17.3604
-7.30964 17.3604
-7.15736 17.3604
-7.00508 17.3604
-6.70051 17.3604
-6.54822 17.3604
-6.39594 17.2081
-6.09137 17.2081
-5.93909 17.2081
-5.7868 17.2081
-5.48223 17.2081
-5.32995 17.0558
-5.17766 17.0558
-4.8731 17.0558
-4.72081 16.9036
-4.56853 16.9036
-4.26396 16.7513
-4.11168 16.7513
-3.95939 16.7513
-3.80711 16.599
-3.50254 16.599
-3.35025 16.4467
-3.19797 16.4467
-3.04569 16.2944
-2.74112 16.2944
-2.58883 16.1421
-2.43655 15.9898
-2.28426 15.9898
-2.13198 15.8376
-1.82741 15.6853
-1.67513 15.6853
-1.52284 15.533
-1.37056 15.3807
-1.21827 15.3807
-1.06599 15.2284
-0.913706 15.0761
-0.761421 14.9239
-0.609137 14.9239
-0.456853 14.7716
-0.152284 14.6193
0 14.467
0.152284 14.3147
0.304569 14.1624
0.456853 14.1624
0.609137 14.0102
0.761421 13.8579
0.913706 13.7056
1.06599 13.5533
1.06599 13.401
1.21827 13.2487
1.37056 13.0964
1.52284 12.9442
1.67513 12.7919
1.82741 12.6396
1.9797 12.4873
2.13198 12.335
2.28426 12.1827
2.28426 12.0305
2.43655 11.8782
2.58883 11.7259
2.74112 11.5736
2.74112 11.4213
2.8934 11.1168
3.04569 10.9645
3.04569 10.8122
3.19797 10.6599
3.35025 10.5076
3.35025 10.203
3.50254 10.0508
3.50254 9.89848
3.65482 9.74619
3.65482 9.44162
3.80711 9.28934
3.80711 9.13706
3.95939 8.98477
3.95939 8.6802
3.95939 8.52792
4.11168 8.37563
4.11168 8.07107
4.11168 7.91878
4.26396 7.7665
4.26396 7.46193
4.26396 7.30964
4.26396 7.15736
4.41624 6.85279
4.41624 6.70051
4.41624 6.54822
4.41624 6.24365
4.41624 6.09137
4.41624 5.93909
4.56853 5.63452
