4.41624 5.63452
4.56853 5.32995
4.72081 5.17766
4.8731 5.02538
4.8731 4.72081
5.02538 4.56853
5.02538 4.26396
5.17766 4.11168
5.17766 3.80711
5.17766 3.65482
5.32995 3.35025
5.32995 3.19797
5.32995 2.8934
5.32995 2.74112
5.32995 2.43655
5.32995 2.28426
5.17766 1.9797
5.17766 1.82741
5.17766 1.52284
5.17766 1.37056
5.02538 1.06599
5.02538 0.913706
4.8731 0.609137
4.8731 0.456853
4.72081 0.304569
4.56853 0
4.56853 -0.152284
4.41624 -0.304569
4.26396 -0.609137
4.11168 -0.761421
3.95939 -0.913706
3.95939 -1.06599
3.80711 -1.37056
3.65482 -1.52284
3.50254 -1.67513
3.35025 -1.82741
3.19797 -1.9797
3.04569 -2.13198
2.8934 -2.28426
2.74112 -2.43655
2.43655 -2.58883
2.28426 -2.74112
2.13198 -2.8934
1.9797 -3.04569
1.82741 -3.19797
1.67513 -3.35025
1.52284 -3.50254
1.21827 -3.65482
1.06599 -3.65482
0.913706 -3.80711
0.761421 -3.95939
0.609137 -4.11168
0.304569 -4.26396
0.152284 -4.26396
0 -4.41624
-0.152284 -4.56853
-0.456853 -4.56853
-0.609137 -4.72081
-0.761421 -4.8731
-1.06599 -4.8731
-1.21827 -5.02538
-1.37056 -5.02538
-1.52284 -5.17766
-1.82741 -5.32995
-1.9797 -5.32995
-2.13198 -5.48223
-2.43655 -5.48223
-2.58883 -5.63452
-2.74112 -5.63452
-3.04569 -5.63452
-3.19797 -5.7868
-3.35025 -5.7868
-3.50254 -5.93909
-3.80711 -5.93909
-3.95939 -5.93909
-4.26396 -6.09137
-4.41624 -6.09137
-4.56853 -6.09137
-4.8731 -6.24365
-5.02538 -6.24365
-5.17766 -6.24365
-5.48223 -6.24365
-5.63452 -6.24365
-5.7868 -6.39594
-6.09137 -6.39594
-6.24365 -6.39594
-6.39594 -6.39594
-6.70051 -6.39594
-6.85279 -6.39594
-7.15736 -6.39594
-7.30964 -6.39594
-7.46193 -6.39594
-7.7665 -6.39594
-7.91878 -6.39594
-8.07107 -6.39594
-8.37563 -6.39594
-8.52792 -6.39594
-8.83249 -6.24365
-8.98477 -6.24365
-9.13706 -6.24365
-9.44162 -6.24365
-9.59391 -6.24365
-9.74619 -6.09137
-10.0508 -6.09137
-10.203 -6.09137
-10.3553 -5.93909
-10.6599 -5.93909
-10.8122 -5.7868
-10.9645 -5.7868
-11.269 -5.63452
-11.4213 -5.63452
-11.5736 -5.48223
-11.7259 -5.48223
-12.0305 -5.32995
-12.1827 -5.32995
-12.335 -5.17766
-12.4873 -5.17766
-12.6396 -5.02538
-12.9442 -4.8731
-13.0964 -4.8731
-13.2487 -4.72081
-13.401 -4.56853
-13.5533 -4.41624
-13.7056 -4.41624
-14.0102 -4.26396
-14.1624 -4.11168
-14.3147 -3.95939
-14.467 -3.80711
-14.6193 -3.65482
-14.7716 -3.65482
-14.9239 -3.50254
-15.0761 -3.35025
-15.2284 -3.19797
-15.3807 -3.04569
-15.533 -2.8934
-15.533 -2.74112
-15.6853 -2.58883
-15.8376 -2.43655
-15.9898 -2.28426
-16.1421 -1.9797
-16.1421 -1.82741
-16.2944 -1.67513
-16.4467 -1.52284
-16.4467 -1.37056
-16.599 -1.21827
-16.7513 -0.913706
-16.7513 -0.761421
-16.9036 -0.609137
-16.9036 -0.456853
-17.0558 -0.152284
-17.0558 0
-17.0558 0.152284
-17.2081 0.304569
-17.2081 0.609137
-17.2081 0.761421
-17.3604 0.913706
-17.3604 1.06599
-17.3604 1.37056
-17.5127 1.52284
-17.5127 1.67513
-17.5127 1.82741
-17.665 1.9797
-17.665 2.28426
-17.8173 2.43655
-17.8173 2.58883
-17.8173 2.74112
-17.9695 2.8934
-17.9695 3.04569
-18.1218 3.35025
-18.2741 3.50254
-18.2741 3.65482
-18.4264 3.80711
-18.5787 3.95939
-18.5787 4.26396
-18.731 4.41624
-18.8832 4.56853
-19.0355 4.72081
-19.0355 5.02538
-19.1878 5.17766
-19.3401 5.32995
-19.4924 5.63452
-19.4924 5.7868
-19.6447 6.09137
-19.797 6.24365
-19.797 6.39594
-19.9492 6.70051
-19.9492 7.00508
-20.1015 7.15736
-20.1015 7.46193
-20.2538 7.61421
-20.2538 7.91878
-20.2538 8.07107
-20.2538 8.37563
-20.2538 8.52792
-20.2538 8.83249
-20.2538 9.13706
-20.2538 9.28934
-20.2538 9.59391
-20.2538 9.74619
-20.1015 10.0508
-20.1015 10.203
-19.9492 10.5076
-19.9492 10.6599
-19.797 10.9645
-19.6447 11.1168
-19.6447 11.269
-19.4924 11.5736
-19.3401 11.7259
-19.1878 11.8782
-19.0355 12.1827
-18.8832 12.335
-18.731 12.4873
-18.5787 12.6396
-18.4264 12.7919
-18.2741 12.9442
-18.1218 13.2487
-17.9695 13.401
-17.8173 13.5533
-17.665 13.7056
-17.5127 13.8579
-17.2081 14.0102
-17.0558 14.1624
-16.9036 14.1624
-16.7513 14.3147
-16.4467 14.467
-16.2944 14.6193
-16.1421 14.7716
-15.9898 14.9239
-15.6853 14.9239
-15.533 15.0761
-15.3807 15.2284
-15.2284 15.2284
-14.9239 15.3807
-14.7716 15.533
-14.6193 15.533
-14.3147 15.6853
-14.1624 15.6853
-14.0102 15.8376
-13.7056 15.9898
-13.5533 15.9898
-13.401 16.1421
-13.0964 16.1421
-12.9442 16.2944
-12.7919 16.2944
-12.6396 16.4467
-12.335 16.4467
-12.1827 16.4467
-12.0305 16.599
-11.7259 16.599
-11.5736 16.7513
-11.4213 16.7513
-11.1168 16.7513
-10.9645 16.9036
-10.8122 16.9036
-10.5076 16.9036
-10.3553 17.0558
-10.203 17.0558
-9.89848 17.0558
-9.74619 17.0558
-9.59391 17.2081
-9.28934 17.2081
-9.13706 17.2081
-8.98477 17.2081
-8.6802 17.2081
-8.52792 17.2081
-8.37563 17.3604
-8.07107 17.3604
-7.91878 17.3604
-7.7665 17.3604
-7.46193 17.3604
-7.30964 17.3604
-7.15736 17.3604
-6.85279 17.2081
-6.70051 17.2081
-6.54822 17.2081
-6.24365 17.2081
-6.09137 17.2081
-5.93909 17.2081
-5.63452 17.2081
-5.48223 17.0558
-5.32995 17.0558
-5.02538 17.0558
-4.8731 16.9036
-4.72081 16.9036
-4.56853 16.9036
-4.26396 16.7513
-4.11168 16.7513
-3.95939 16.7513
-3.65482 16.599
-3.50254 16.599
-3.35025 16.4467
-3.19797 16.4467
-3.04569 16.2944
-2.74112 16.2944
-2.58883 16.1421
-2.43655 15.9898
-2.28426 15.9898
-2.13198 15.8376
-1.82741 15.8376
-1.67513 15.6853
-1.52284 15.533
-1.37056 15.3807
-1.21827 15.3807
-1.06599 15.2284
-0.913706 15.0761
-0.761421 15.0761
-0.609137 14.9239
-0.456853 14.7716
-0.304569 14.6193
-0.152284 14.467
0.152284 14.467
0.304569 14.3147
0.456853 14.1624
0.609137 14.0102
0.609137 13.8579
0.761421 13.7056
0.913706 13.5533
1.06599 13.401
1.21827 13.2487
1.37056 13.0964
1.52284 12.9442
1.67513 12.9442
1.82741 12.7919
1.9797 12.4873
2.13198 12.335
2.13198 12.1827
2.28426 12.0305
2.43655 11.8782
2.58883 11.7259
2.58883 11.5736
2.74112 11.4213
2.8934 11.269
3.04569 11.1168
3.04569 10.8122
3.19797 10.6599
3.19797 10.5076
3.35025 10.3553
3.50254 10.203
3.50254 9.89848
3.65482 9.74619
3.65482 9.59391
3.65482 9.44162
3.80711 9.13706
3.80711 8.98477
3.95939 8.83249
3.95939 8.6802
3.95939 8.37563
4.11168 8.22335
4.11168 8.07107
4.11168 7.7665
4.11168 7.61421
4.26396 7.46193
4.26396 7.15736
4.26396 7.00508
4.26396 6.85279
4.41624 6.54822
4.41624 6.39594
4.41624 6.24365
4.41624 5.93909
4.56853 5.7868
