4.41624 5.63452
4.56853 5.32995
4.72081 5.17766
4.8731 4.8731
5.02538 4.72081
5.17766 4.41624
5.17766 4.26396
5.32995 3.95939
5.32995 3.80711
5.32995 3.50254
5.48223 3.35025
5.48223 3.04569
5.48223 2.8934
5.48223 2.58883
5.32995 2.43655
5.32995 2.13198
5.32995 1.9797
5.32995 1.67513
5.17766 1.52284
5.17766 1.21827
5.02538 1.06599
4.8731 0.761421
4.8731 0.609137
4.72081 0.456853
4.56853 0.152284
4.56853 0
4.41624 -0.152284
4.26396 -0.456853
4.11168 -0.609137
3.95939 -0.761421
3.80711 -0.913706
3.65482 -1.21827
3.65482 -1.37056
3.50254 -1.52284
3.35025 -1.67513
3.19797 -1.82741
3.04569 -1.9797
2.8934 -2.13198
2.58883 -2.28426
2.43655 -2.43655
2.28426 -2.58883
2.13198 -2.74112
1.9797 -2.8934
1.82741 -3.04569
1.67513 -3.19797
1.52284 -3.35025
1.21827 -3.50254
1.06599 -3.65482
0.913706 -3.80711
0.761421 -3.80711
0.609137 -3.95939
0.304569 -4.11168
0.152284 -4.26396
0 -4.26396
-0.152284 -4.41624
-0.456853 -4.56853
-0.609137 -4.72081
-0.761421 -4.72081
-1.06599 -4.8731
-1.21827 -4.8731
-1.37056 -5.02538
-1.52284 -5.02538
-1.82741 -5.17766
-1.9797 -5.32995
-2.13198 -5.32995
-2.43655 -5.48223
-2.58883 -5.48223
-2.74112 -5.48223
-3.04569 -5.63452
-3.19797 -5.63452
-3.35025 -5.7868
-3.65482 -5.7868
-3.80711 -5.7868
-3.95939 -5.93909
-4.26396 -5.93909
-4.41624 -5.93909
-4.56853 -6.09137
-4.8731 -6.09137
-5.02538 -6.09137
-5.17766 -6.09137
-5.48223 -6.24365
-5.63452 -6.24365
-5.7868 -6.24365
-6.09137 -6.24365
-6.24365 -6.24365
-6.54822 -6.24365
-6.70051 -6.24365
-6.85279 -6.39594
-7.15736 -6.39594
-7.30964 -6.39594
-7.46193 -6.39594
-7.7665 -6.39594
-7.91878 -6.39594
-8.07107 -6.24365
-8.37563 -6.24365
-8.52792 -6.24365
-8.83249 -6.24365
-8.98477 -6.24365
-9.13706 -6.24365
-9.44162 -6.09137
-9.59391 -6.09137
-9.74619 -6.09137
-10.0508 -6.09137
-10.203 -5.93909
-10.3553 -5.93909
-10.6599 -5.93909
-10.8122 -5.7868
-10.9645 -5.7868
-11.1168 -5.63452
-11.4213 -5.63452
-11.5736 -5.48223
-11.7259 -5.48223
-12.0305 -5.32995
-12.1827 -5.32995
-12.335 -5.17766
-12.4873 -5.17766
-12.6396 -5.02538
-12.9442 -4.8731
-13.0964 -4.8731
-13.2487 -4.72081
-13.401 -4.56853
-13.5533 -4.56853
-13.7056 -4.41624
-13.8579 -4.26396
-14.1624 -4.11168
-14.3147 -4.11168
-14.467 -3.95939
-14.6193 -3.80711
-14.7716 -3.65482
-14.9239 -3.50254
-15.0761 -3.35025
-15.2284 -3.19797
-15.3807 -3.04569
-15.533 -2.8934
-15.6853 -2.74112
-15.6853 -2.58883
-15.8376 -2.43655
-15.9898 -2.28426
-16.1421 -2.13198
-16.2944 -1.9797
-16.2944 -1.82741
-16.4467 -1.67513
-16.599 -1.52284
-16.599 -1.21827
-16.7513 -1.06599
-16.7513 -0.913706
-16.9036 -0.761421
-16.9036 -0.609137
-17.0558 -0.304569
-17.0558 -0.152284
-17.2081 0
-17.2081 0.152284
-17.2081 0.456853
-17.3604 0.609137
-17.3604 0.761421
-17.5127 0.913706
-17.5127 1.21827
-17.5127 1.37056
-17.665 1.52284
-17.665 1.67513
-17.665 1.82741
-17.8173 2.13198
-17.8173 2.28426
-17.9695 2.43655
-17.9695 2.58883
-17.9695 2.74112
-18.1218 2.8934
-18.2741 3.19797
-18.2741 3.35025
-18.4264 3.50254
-18.5787 3.65482
-18.5787 3.80711
-18.731 3.95939
-18.8832 4.26396
-19.0355 4.41624
-19.0355 4.56853
-19.1878 4.72081
-19.3401 5.02538
-19.4924 5.17766
-19.6447 5.32995
-19.797 5.63452
-19.797 5.7868
-19.9492 6.09137
-20.1015 6.24365
-20.2538 6.54822
-20.2538 6.70051
-20.4061 7.00508
-20.4061 7.15736
-20.5584 7.46193
-20.5584 7.61421
-20.7107 7.91878
-20.7107 8.22335
-20.7107 8.37563
-20.7107 8.6802
-20.7107 8.83249
-20.7107 9.13706
-20.7107 9.44162
-20.7107 9.59391
-20.5584 9.89848
-20.5584 10.0508
-20.5584 10.3553
-20.4061 10.5076
-20.2538 10.8122
-20.2538 10.9645
-20.1015 11.269
-19.9492 11.4213
-19.797 11.5736
-19.797 11.8782
-19.6447 12.0305
-19.4924 12.1827
-19.3401 12.335
-19.1878 12.6396
-19.0355 12.7919
-18.731 12.9442
-18.5787 13.0964
-18.4264 13.2487
-18.2741 13.401
-18.1218 13.5533
-17.9695 13.7056
-17.665 13.8579
-17.5127 14.0102
-17.3604 14.1624
-17.2081 14.3147
-16.9036 14.3147
-16.7513 14.467
-16.599 14.6193
-16.2944 14.7716
-16.1421 14.7716
-15.9898 14.9239
-15.6853 15.0761
-15.533 15.0761
-15.3807 15.2284
-15.0761 15.3807
-14.9239 15.3807
-14.7716 15.533
-14.467 15.533
-14.3147 15.6853
-14.1624 15.6853
-13.8579 15.8376
-13.7056 15.8376
-13.5533 15.9898
-13.2487 15.9898
-13.0964 16.1421
-12.9442 16.1421
-12.7919 16.2944
-12.4873 16.2944
-12.335 16.4467
-12.1827 16.4467
-11.8782 16.599
-11.7259 16.599
-11.5736 16.7513
-11.4213 16.7513
-11.1168 16.7513
-10.9645 16.9036
-10.8122 16.9036
-10.5076 17.0558
-10.3553 17.0558
-10.203 17.0558
-9.89848 17.0558
-9.74619 17.2081
-9.59391 17.2081
-9.28934 17.2081
-9.13706 17.2081
-8.98477 17.3604
-8.6802 17.3604
-8.52792 17.3604
-8.37563 17.3604
-8.07107 17.3604
-7.91878 17.3604
-7.7665 17.3604
-7.46193 17.3604
-7.30964 17.3604
-7.15736 17.3604
-6.85279 17.3604
-6.70051 17.3604
-6.54822 17.3604
-6.24365 17.2081
-6.09137 17.2081
-5.93909 17.2081
-5.63452 17.2081
-5.48223 17.0558
-5.32995 17.0558
-5.02538 17.0558
-4.8731 16.9036
-4.72081 16.9036
-4.56853 16.9036
-4.26396 16.7513
-4.11168 16.7513
-3.95939 16.599
-3.80711 16.599
-3.50254 16.4467
-3.35025 16.4467
-3.19797 16.2944
-3.04569 16.1421
-2.8934 16.1421
-2.58883 15.9898
-2.43655 15.8376
-2.28426 15.8376
-2.13198 15.6853
-1.9797 15.533
-1.82741 15.533
-1.67513 15.3807
-1.52284 15.2284
-1.37056 15.2284
-1.06599 15.0761
-0.913706 14.9239
-0.761421 14.7716
-0.609137 14.7716
-0.456853 14.6193
-0.304569 14.467
-0.152284 14.3147
0 14.1624
0.152284 14.1624
0.304569 14.0102
0.456853 13.8579
0.609137 13.7056
0.761421 13.5533
0.913706 13.401
1.06599 13.401
1.21827 13.2487
1.37056 13.0964
1.52284 12.9442
1.67513 12.7919
1.82741 12.6396
1.9797 12.4873
2.13198 12.335
2.28426 12.1827
2.43655 12.0305
2.58883 11.8782
2.58883 11.7259
2.74112 11.5736
2.8934 11.4213
3.04569 11.269
3.19797 10.9645
3.19797 10.8122
3.35025 10.6599
3.35025 10.5076
3.50254 10.203
3.50254 10.0508
3.65482 9.89848
3.65482 9.74619
3.80711 9.44162
3.80711 9.28934
3.80711 9.13706
3.95939 8.83249
3.95939 8.6802
3.95939 8.52792
3.95939 8.22335
4.11168 8.07107
4.11168 7.91878
4.11168 7.61421
4.11168 7.46193
4.11168 7.30964
4.11168 7.00508
4.26396 6.85279
4.26396 6.54822
4.26396 6.39594
4.26396 6.24365
4.26396 5.93909
4.41624 5.7868
