4.56853 5.63452
4.72081 5.48223
4.8731 5.17766
4.8731 5.02538
5.02538 4.72081
5.17766 4.56853
5.17766 4.26396
5.32995 4.11168
5.32995 3.80711
5.32995 3.50254
5.32995 3.35025
5.48223 3.04569
5.48223 2.8934
5.48223 2.58883
5.32995 2.43655
5.32995 2.13198
5.32995 1.9797
5.17766 1.67513
5.17766 1.52284
5.17766 1.21827
5.02538 1.06599
4.8731 0.761421
4.8731 0.609137
4.72081 0.304569
4.56853 0.152284
4.56853 0
4.41624 -0.304569
4.26396 -0.456853
4.11168 -0.609137
3.95939 -0.761421
3.80711 -1.06599
3.65482 -1.21827
3.50254 -1.37056
3.35025 -1.52284
3.19797 -1.67513
3.04569 -1.82741
2.8934 -1.9797
2.74112 -2.13198
2.58883 -2.28426
2.43655 -2.43655
2.13198 -2.58883
1.9797 -2.74112
1.82741 -2.8934
1.67513 -3.04569
1.52284 -3.19797
1.21827 -3.35025
1.06599 -3.50254
0.913706 -3.50254
0.761421 -3.65482
0.609137 -3.80711
0.304569 -3.95939
0.152284 -4.11168
0 -4.11168
-0.152284 -4.26396
-0.456853 -4.41624
-0.609137 -4.41624
-0.761421 -4.56853
-0.913706 -4.72081
-1.21827 -4.72081
-1.37056 -4.8731
-1.52284 -5.02538
-1.67513 -5.02538
-1.9797 -5.17766
-2.13198 -5.17766
-2.28426 -5.32995
-2.58883 -5.32995
-2.74112 -5.48223
-2.8934 -5.48223
-3.04569 -5.63452
-3.35025 -5.63452
-3.50254 -5.7868
-3.65482 -5.7868
-3.95939 -5.93909
-4.11168 -5.93909
-4.26396 -5.93909
-4.56853 -6.09137
-4.72081 -6.09137
-5.02538 -6.09137
-5.17766 -6.09137
-5.32995 -6.24365
-5.63452 -6.24365
-5.7868 -6.24365
-5.93909 -6.24365
-6.24365 -6.24365
-6.39594 -6.24365
-6.54822 -6.24365
-6.85279 -6.24365
-7.00508 -6.24365
-7.30964 -6.24365
-7.46193 -6.24365
-7.61421 -6.24365
-7.91878 -6.24365
-8.07107 -6.24365
-8.22335 -6.24365
-8.52792 -6.24365
-8.6802 -6.24365
-8.83249 -6.24365
-9.13706 -6.09137
-9.28934 -6.09137
-9.44162 -6.09137
-9.74619 -6.09137
-9.89848 -5.93909
-10.0508 -5.93909
-10.3553 -5.93909
-10.5076 -5.7868
-10.6599 -5.7868
-10.9645 -5.7868
-11.1168 -5.63452
-11.269 -5.63452
-11.5736 -5.48223
-11.7259 -5.48223
-11.8782 -5.32995
-12.0305 -5.32995
-12.335 -5.17766
-12.4873 -5.17766
-12.6396 -5.02538
-12.7919 -4.8731
-12.9442 -4.8731
-13.2487 -4.72081
-13.401 -4.56853
-13.5533 -4.56853
-13.7056 -4.41624
-13.8579 -4.26396
-14.0102 -4.11168
-14.1624 -4.11168
-14.3147 -3.95939
-14.467 -3.80711
-14.6193 -3.65482
-14.7716 -3.50254
-14.9239 -3.35025
-15.0761 -3.19797
-15.2284 -3.19797
-15.3807 -3.04569
-15.533 -2.8934
-15.6853 -2.74112
-15.8376 -2.58883
-15.9898 -2.43655
-16.1421 -2.13198
-16.1421 -1.9797
-16.2944 -1.82741
-16.4467 -1.67513
-16.4467 -1.52284
-16.599 -1.37056
-16.7513 -1.21827
-16.7513 -1.06599
-16.9036 -0.761421
-16.9036 -0.609137
-17.0558 -0.456853
-17.0558 -0.304569
-17.2081 -0.152284
-17.2081 0.152284
-17.3604 0.304569
-17.3604 0.456853
-17.5127 0.609137
-17.5127 0.761421
-17.5127 1.06599
-17.665 1.21827
-17.665 1.37056
-17.8173 1.52284
-17.8173 1.67513
-17.8173 1.9797
-17.9695 2.13198
-17.9695 2.28426
-18.1218 2.43655
-18.1218 2.58883
-18.2741 2.74112
-18.2741 3.04569
-18.4264 3.19797
-18.5787 3.35025
-18.5787 3.50254
-18.731 3.65482
-18.8832 3.80711
-19.0355 4.11168
-19.1878 4.26396
-19.1878 4.41624
-19.3401 4.56853
-19.4924 4.8731
-19.6447 5.02538
-19.797 5.17766
-19.9492 5.48223
-20.1015 5.63452
-20.1015 5.7868
-20.2538 6.09137
-20.4061 6.24365
-20.5584 6.54822
-20.5584 6.70051
-20.7107 7.00508
-20.7107 7.30964
-20.8629 7.46193
-20.8629 7.7665
-20.8629 7.91878
-21.0152 8.22335
-21.0152 8.52792
-21.0152 8.6802
-21.0152 8.98477
-21.0152 9.13706
-20.8629 9.44162
-20.8629 9.74619
-20.8629 9.89848
-20.7107 10.203
-20.7107 10.3553
-20.5584 10.6599
-20.4061 10.8122
-20.4061 10.9645
-20.2538 11.269
-20.1015 11.4213
-19.9492 11.5736
-19.797 11.8782
-19.6447 12.0305
-19.4924 12.1827
-19.3401 12.335
-19.1878 12.4873
-19.0355 12.7919
-18.8832 12.9442
-18.5787 13.0964
-18.4264 13.2487
-18.2741 13.401
-18.1218 13.5533
-17.9695 13.7056
-17.665 13.8579
-17.5127 13.8579
-17.3604 14.0102
-17.2081 14.1624
-16.9036 14.3147
-16.7513 14.467
-16.599 14.467
-16.2944 14.6193
-16.1421 14.7716
-15.9898 14.9239
-15.8376 14.9239
-15.533 15.0761
-15.3807 15.2284
-15.2284 15.2284
-14.9239 15.3807
-14.7716 15.3807
-14.6193 15.533
-14.467 15.6853
-14.1624 15.6853
-14.0102 15.8376
-13.8579 15.8376
-13.5533 15.9898
-13.401 15.9898
-13.2487 16.1421
-13.0964 16.1421
-12.7919 16.2944
-12.6396 16.2944
-12.4873 16.4467
-12.1827 16.4467
-12.0305 16.599
-11.8782 16.599
-11.7259 16.599
-11.4213 16.7513
-11.269 16.7513
-11.1168 16.9036
-10.9645 16.9036
-10.6599 16.9036
-10.5076 17.0558
-10.3553 17.0558
-10.0508 17.0558
-9.89848 17.2081
-9.74619 17.2081
-9.44162 17.2081
-9.28934 17.2081
-9.13706 17.2081
-8.83249 17.3604
-8.6802 17.3604
-8.52792 17.3604
-8.22335 17.3604
-8.07107 17.3604
-7.91878 17.3604
-7.61421 17.3604
-7.46193 17.3604
-7.30964 17.3604
-7.00508 17.3604
-6.85279 17.3604
-6.70051 17.3604
-6.39594 17.3604
-6.24365 17.2081
-6.09137 17.2081
-5.7868 17.2081
-5.63452 17.2081
-5.48223 17.0558
-5.17766 17.0558
-5.02538 17.0558
-4.8731 16.9036
-4.56853 16.9036
-4.41624 16.9036
-4.26396 16.7513
-4.11168 16.7513
-3.80711 16.599
-3.65482 16.599
-3.50254 16.4467
-3.35025 16.4467
-3.19797 16.2944
-2.8934 16.2944
-2.74112 16.1421
-2.58883 15.9898
-2.43655 15.9898
-2.28426 15.8376
-2.13198 15.6853
-1.82741 15.6853
-1.67513 15.533
-1.52284 15.3807
-1.37056 15.2284
-1.21827 15.2284
-1.06599 15.0761
-0.913706 14.9239
-0.761421 14.7716
-0.609137 14.7716
-0.456853 14.6193
-0.304569 14.467
-0.152284 14.3147
0 14.1624
0.152284 14.0102
0.304569 14.0102
0.456853 13.8579
0.609137 13.7056
0.761421 13.5533
0.913706 13.401
1.06599 13.2487
1.21827 13.0964
1.37056 12.9442
1.52284 12.7919
1.67513 12.6396
1.82741 12.4873
1.9797 12.335
2.13198 12.1827
2.28426 12.0305
2.43655 11.8782
2.43655 11.7259
2.58883 11.5736
2.74112 11.4213
2.8934 11.269
2.8934 11.1168
3.04569 10.8122
3.19797 10.6599
3.19797 10.5076
3.35025 10.3553
3.50254 10.0508
3.50254 9.89848
3.65482 9.74619
3.65482 9.59391
3.65482 9.28934
3.80711 9.13706
3.80711 8.98477
3.95939 8.6802
3.95939 8.52792
3.95939 8.37563
3.95939 8.07107
4.11168 7.91878
4.11168 7.7665
4.11168 7.46193
4.26396 7.30964
4.26396 7.15736
4.26396 6.85279
4.26396 6.70051
4.41624 6.54822
4.41624 6.24365
4.41624 6.09137
4.56853 5.7868
