4.41624 5.7868
4.56853 5.48223
4.72081 5.32995
4.8731 5.02538
5.02538 4.8731
5.17766 4.56853
5.17766 4.41624
5.32995 4.11168
5.32995 3.95939
5.32995 3.65482
5.48223 3.50254
5.48223 3.19797
5.48223 3.04569
5.48223 2.74112
5.32995 2.43655
5.32995 2.28426
5.32995 1.9797
5.17766 1.82741
5.17766 1.52284
5.02538 1.37056
5.02538 1.21827
4.8731 0.913706
4.8731 0.761421
4.72081 0.456853
4.56853 0.304569
4.41624 0.152284
4.41624 -0.152284
4.26396 -0.304569
4.11168 -0.456853
3.95939 -0.609137
3.80711 -0.913706
3.65482 -1.06599
3.50254 -1.21827
3.35025 -1.37056
3.19797 -1.52284
3.04569 -1.67513
2.8934 -1.82741
2.74112 -2.13198
2.58883 -2.28426
2.43655 -2.43655
2.28426 -2.58883
2.13198 -2.74112
1.9797 -2.8934
1.82741 -2.8934
1.52284 -3.04569
1.37056 -3.19797
1.21827 -3.35025
1.06599 -3.50254
0.913706 -3.65482
0.761421 -3.80711
0.456853 -3.80711
0.304569 -3.95939
0.152284 -4.11168
0 -4.26396
-0.304569 -4.26396
-0.456853 -4.41624
-0.609137 -4.56853
-0.761421 -4.56853
-1.06599 -4.72081
-1.21827 -4.8731
-1.37056 -4.8731
-1.67513 -5.02538
-1.82741 -5.02538
-1.9797 -5.17766
-2.13198 -5.32995
-2.43655 -5.32995
-2.58883 -5.48223
-2.74112 -5.48223
-3.04569 -5.48223
-3.19797 -5.63452
-3.35025 -5.63452
-3.65482 -5.7868
-3.80711 -5.7868
-3.95939 -5.7868
-4.26396 -5.93909
-4.41624 -5.93909
-4.56853 -5.93909
-4.8731 -6.09137
-5.02538 -6.09137
-5.32995 -6.09137
-5.48223 -6.24365
-5.63452 -6.24365
-5.93909 -6.24365
-6.09137 -6.24365
-6.24365 -6.24365
-6.54822 -6.24365
-6.70051 -6.39594
-7.00508 -6.39594
-7.15736 -6.39594
-7.30964 -6.39594
-7.61421 -6.39594
-7.7665 -6.39594
-7.91878 -6.39594
-8.22335 -6.39594
-8.37563 -6.39594
-8.6802 -6.24365
-8.83249 -6.24365
-8.98477 -6.24365
-9.28934 -6.24365
-9.44162 -6.24365
-9.59391 -6.09137
-9.89848 -6.09137
-10.0508 -6.09137
-10.203 -5.93909
-10.5076 -5.93909
-10.6599 -5.93909
-10.8122 -5.7868
-11.1168 -5.7868
-11.269 -5.63452
-11.4213 -5.63452
-11.7259 -5.48223
-11.8782 -5.48223
-12.0305 -5.32995
-12.1827 -5.32995
-12.4873 -5.17766
-12.6396 -5.02538
-12.7919 -5.02538
-12.9442 -4.8731
-13.0964 -4.72081
-13.401 -4.72081
-13.5533 -4.56853
-13.7056 -4.41624
-13.8579 -4.41624
-14.0102 -4.26396
-14.1624 -4.11168
-14.3147 -3.95939
-14.467 -3.80711
-14.7716 -3.65482
-14.9239 -3.65482
-15.0761 -3.50254
-15.2284 -3.35025
-15.3807 -3.19797
-15.533 -3.04569
-15.533 -2.8934
-15.6853 -2.74112
-15.8376 -2.58883
-15.9898 -2.43655
-16.1421 -2.28426
-16.2944 -2.13198
-16.4467 -1.9797
-16.4467 -1.82741
-16.599 -1.52284
-16.7513 -1.37056
-16.7513 -1.21827
-16.9036 -1.06599
-17.0558 -0.913706
-17.0558 -0.609137
-17.2081 -0.456853
-17.2081 -0.304569
-17.3604 -0.152284
-17.3604 0
-17.5127 0.304569
-17.5127 0.456853
-17.5127 0.609137
-17.665 0.761421
-17.665 1.06599
-17.665 1.21827
-17.8173 1.37056
-17.8173 1.52284
-17.9695 1.82741
-17.9695 1.9797
-17.9695 2.13198
-18.1218 2.28426
-18.1218 2.43655
-18.2741 2.74112
-18.2741 2.8934
-18.4264 3.04569
-18.5787 3.19797
-18.5787 3.35025
-18.731 3.50254
-18.8832 3.80711
-18.8832 3.95939
-19.0355 4.11168
-19.1878 4.26396
-19.3401 4.56853
-19.4924 4.72081
-19.6447 4.8731
-19.797 5.02538
-19.797 5.32995
-19.9492 5.48223
-20.1015 5.7868
-20.2538 5.93909
-20.4061 6.24365
-20.4061 6.39594
-20.5584 6.70051
-20.7107 6.85279
-20.7107 7.15736
-20.8629 7.30964
-20.8629 7.61421
-21.0152 7.91878
-21.0152 8.07107
-21.0152 8.37563
-21.0152 8.6802
-21.0152 8.83249
-21.0152 9.13706
-21.0152 9.28934
-21.0152 9.59391
-21.0152 9.89848
-20.8629 10.0508
-20.8629 10.3553
-20.7107 10.5076
-20.7107 10.8122
-20.5584 10.9645
-20.4061 11.269
-20.2538 11.4213
-20.2538 11.5736
-20.1015 11.8782
-19.9492 12.0305
-19.797 12.1827
-19.6447 12.335
-19.3401 12.6396
-19.1878 12.7919
-19.0355 12.9442
-18.8832 13.0964
-18.731 13.2487
-18.4264 13.401
-18.2741 13.5533
-18.1218 13.7056
-17.9695 13.8579
-17.665 14.0102
-17.5127 14.0102
-17.3604 14.1624
-17.0558 14.3147
-16.9036 14.467
-16.7513 14.6193
-16.4467 14.6193
-16.2944 14.7716
-15.9898 14.9239
-15.8376 14.9239
-15.6853 15.0761
-15.3807 15.0761
-15.2284 15.2284
-15.0761 15.2284
-14.7716 15.3807
-14.6193 15.533
-14.467 15.533
-14.1624 15.6853
-14.0102 15.6853
-13.8579 15.8376
-13.7056 15.8376
-13.401 15.9898
-13.2487 15.9898
-13.0964 15.9898
-12.7919 16.1421
-12.6396 16.1421
-12.4873 16.2944
-12.335 16.2944
-12.0305 16.4467
-11.8782 16.4467
-11.7259 16.599
-11.5736 16.599
-11.269 16.7513
-11.1168 16.7513
-10.9645 16.9036
-10.8122 16.9036
-10.5076 16.9036
-10.3553 17.0558
-10.203 17.0558
-10.0508 17.0558
-9.74619 17.2081
-9.59391 17.2081
-9.44162 17.2081
-9.13706 17.2081
-8.98477 17.3604
-8.83249 17.3604
-8.52792 17.3604
-8.37563 17.3604
-8.22335 17.3604
-7.91878 17.3604
-7.7665 17.3604
-7.61421 17.3604
-7.30964 17.3604
-7.15736 17.3604
-7.00508 17.3604
-6.70051 17.3604
-6.54822 17.2081
-6.39594 17.2081
-6.09137 17.2081
-5.93909 17.2081
-5.7868 17.0558
-5.63452 17.0558
-5.32995 17.0558
-5.17766 16.9036
-5.02538 16.9036
-4.72081 16.9036
-4.56853 16.7513
-4.41624 16.7513
-4.26396 16.599
-4.11168 16.599
-3.80711 16.4467
-3.65482 16.4467
-3.50254 16.2944
-3.35025 16.2944
-3.04569 16.1421
-2.8934 16.1421
-2.74112 15.9898
-2.58883 15.9898
-2.43655 15.8376
-2.28426 15.8376
-1.9797 15.6853
-1.82741 15.533
-1.67513 15.533
-1.52284 15.3807
-1.37056 15.2284
-1.21827 15.2284
-1.06599 15.0761
-0.913706 14.9239
-0.609137 14.9239
-0.456853 14.7716
-0.304569 14.6193
-0.152284 14.467
0 14.467
0.152284 14.3147
0.304569 14.1624
0.456853 14.0102
0.609137 13.8579
0.761421 13.7056
0.913706 13.5533
1.06599 13.5533
1.21827 13.401
1.37056 13.2487
1.52284 13.0964
1.67513 12.9442
1.67513 12.7919
1.82741 12.6396
1.9797 12.4873
2.13198 12.335
2.28426 12.1827
2.43655 11.8782
2.43655 11.7259
2.58883 11.5736
2.74112 11.4213
2.8934 11.269
2.8934 11.1168
3.04569 10.9645
3.19797 10.6599
3.19797 10.5076
3.35025 10.3553
3.35025 10.203
3.50254 10.0508
3.50254 9.74619
3.65482 9.59391
3.65482 9.44162
3.80711 9.13706
3.80711 8.98477
3.95939 8.83249
3.95939 8.6802
3.95939 8.37563
4.11168 8.22335
4.11168 8.07107
4.11168 7.7665
4.11168 7.61421
4.26396 7.46193
4.26396 7.15736
4.26396 7.00508
4.26396 6.70051
4.26396 6.54822
4.41624 6.39594
4.41624 6.09137
4.41624 5.93909
