4.41624 5.93909
4.56853 5.7868
4.72081 5.48223
4.8731 5.32995
5.02538 5.02538
5.02538 4.8731
5.17766 4.56853
5.32995 4.41624
5.32995 4.11168
5.32995 3.95939
5.48223 3.65482
5.48223 3.50254
5.48223 3.19797
5.48223 2.8934
5.32995 2.74112
5.32995 2.43655
5.32995 2.28426
5.32995 1.9797
5.17766 1.82741
5.17766 1.52284
5.02538 1.37056
5.02538 1.21827
4.8731 0.913706
4.72081 0.761421
4.72081 0.456853
4.56853 0.304569
4.41624 0.152284
4.26396 -0.152284
4.11168 -0.304569
4.11168 -0.456853
3.95939 -0.609137
3.80711 -0.913706
3.65482 -1.06599
3.50254 -1.21827
3.35025 -1.37056
3.19797 -1.52284
3.04569 -1.67513
2.8934 -1.82741
2.74112 -2.13198
2.58883 -2.28426
2.43655 -2.43655
2.28426 -2.58883
1.9797 -2.74112
1.82741 -2.8934
1.67513 -2.8934
1.52284 -3.04569
1.37056 -3.19797
1.21827 -3.35025
0.913706 -3.50254
0.761421 -3.65482
0.609137 -3.80711
0.456853 -3.80711
0.152284 -3.95939
0 -4.11168
-0.152284 -4.11168
-0.304569 -4.26396
-0.609137 -4.41624
-0.761421 -4.41624
-0.913706 -4.56853
-1.21827 -4.72081
-1.37056 -4.72081
-1.52284 -4.8731
-1.82741 -4.8731
-1.9797 -5.02538
-2.13198 -5.02538
-2.43655 -5.17766
-2.58883 -5.17766
-2.74112 -5.32995
-3.04569 -5.32995
-3.19797 -5.32995
-3.35025 -5.48223
-3.65482 -5.48223
-3.80711 -5.63452
-3.95939 -5.63452
-4.26396 -5.63452
-4.41624 -5.7868
-4.56853 -5.7868
-4.8731 -5.7868
-5.02538 -5.93909
-5.17766 -5.93909
-5.48223 -5.93909
-5.63452 -5.93909
-5.93909 -6.09137
-6.09137 -6.09137
-6.24365 -6.09137
-6.54822 -6.09137
-6.70051 -6.09137
-6.85279 -6.24365
-7.15736 -6.24365
-7.30964 -6.24365
-7.61421 -6.24365
-7.7665 -6.24365
-7.91878 -6.24365
-8.22335 -6.24365
-8.37563 -6.24365
-8.6802 -6.24365
-8.83249 -6.24365
-8.98477 -6.09137
-9.28934 -6.09137
-9.44162 -6.09137
-9.74619 -6.09137
-9.89848 -6.09137
-10.0508 -5.93909
-10.3553 -5.93909
-10.5076 -5.93909
-10.6599 -5.7868
-10.9645 -5.7868
-11.1168 -5.7868
-11.269 -5.63452
-11.5736 -5.63452
-11.7259 -5.48223
-11.8782 -5.48223
-12.1827 -5.32995
-12.335 -5.17766
-12.4873 -5.17766
-12.6396 -5.02538
-12.9442 -5.02538
-13.0964 -4.8731
-13.2487 -4.72081
-13.401 -4.56853
-13.5533 -4.56853
-13.7056 -4.41624
-14.0102 -4.26396
-14.1624 -4.11168
-14.3147 -3.95939
-14.467 -3.95939
-14.6193 -3.80711
-14.7716 -3.65482
-14.9239 -3.50254
-15.0761 -3.35025
-15.2284 -3.19797
-15.3807 -3.04569
-15.533 -2.8934
-15.6853 -2.74112
-15.8376 -2.58883
-15.8376 -2.43655
-15.9898 -2.28426
-16.1421 -2.13198
-16.2944 -1.82741
-16.4467 -1.67513
-16.4467 -1.52284
-16.599 -1.37056
-16.7513 -1.21827
-16.7513 -1.06599
-16.9036 -0.913706
-17.0558 -0.609137
-17.0558 -0.456853
-17.2081 -0.304569
-17.2081 -0.152284
-17.3604 0
-17.3604 0.304569
-17.5127 0.456853
-17.5127 0.609137
-17.665 0.761421
-17.665 1.06599
-17.8173 1.21827
-17.8173 1.37056
-17.9695 1.52284
-17.9695 1.67513
-18.1218 1.9797
-18.1218 2.13198
-18.2741 2.28426
-18.2741 2.43655
-18.4264 2.58883
-18.4264 2.8934
-18.5787 3.04569
-18.5787 3.19797
-18.731 3.35025
-18.8832 3.50254
-18.8832 3.80711
-19.0355 3.95939
-19.1878 4.11168
-19.1878 4.26396
-19.3401 4.56853
-19.4924 4.72081
-19.6447 4.8731
-19.6447 5.17766
-19.797 5.32995
-19.9492 5.48223
-20.1015 5.7868
-20.1015 5.93909
-20.2538 6.24365
-20.4061 6.39594
-20.4061 6.70051
-20.5584 6.85279
-20.5584 7.15736
-20.7107 7.30964
-20.7107 7.61421
-20.7107 7.7665
-20.8629 8.07107
-20.8629 8.37563
-20.8629 8.52792
-20.8629 8.83249
-20.8629 8.98477
-20.8629 9.28934
-20.7107 9.44162
-20.7107 9.74619
-20.7107 9.89848
-20.5584 10.203
-20.5584 10.3553
-20.4061 10.6599
-20.2538 10.8122
-20.2538 11.1168
-20.1015 11.269
-19.9492 11.4213
-19.797 11.7259
-19.6447 11.8782
-19.4924 12.0305
-19.3401 12.1827
-19.1878 12.4873
-19.0355 12.6396
-18.8832 12.7919
-18.731 12.9442
-18.5787 13.0964
-18.4264 13.2487
-18.1218 13.401
-17.9695 13.5533
-17.8173 13.7056
-17.665 13.8579
-17.5127 14.0102
-17.2081 14.1624
-17.0558 14.3147
-16.9036 14.3147
-16.7513 14.467
-16.4467 14.6193
-16.2944 14.7716
-16.1421 14.7716
-15.9898 14.9239
-15.6853 15.0761
-15.533 15.2284
-15.3807 15.2284
-15.2284 15.3807
-14.9239 15.533
-14.7716 15.533
-14.6193 15.6853
-14.467 15.6853
-14.1624 15.8376
-14.0102 15.8376
-13.8579 15.9898
-13.5533 15.9898
-13.401 16.1421
-13.2487 16.2944
-13.0964 16.2944
-12.7919 16.2944
-12.6396 16.4467
-12.4873 16.4467
-12.335 16.599
-12.0305 16.599
-11.8782 16.7513
-11.7259 16.7513
-11.5736 16.9036
-11.269 16.9036
-11.1168 16.9036
-10.9645 17.0558
-10.6599 17.0558
-10.5076 17.0558
-10.3553 17.2081
-10.203 17.2081
-9.89848 17.2081
-9.74619 17.2081
-9.59391 17.3604
-9.28934 17.3604
-9.13706 17.3604
-8.98477 17.3604
-8.6802 17.3604
-8.52792 17.3604
-8.37563 17.5127
-8.22335 17.5127
-7.91878 17.5127
-7.7665 17.5127
-7.61421 17.5127
-7.30964 17.5127
-7.15736 17.5127
-7.00508 17.5127
-6.70051 17.3604
-6.54822 17.3604
-6.39594 17.3604
-6.09137 17.3604
-5.93909 17.3604
-5.7868 17.3604
-5.63452 17.2081
-5.32995 17.2081
-5.17766 17.2081
-5.02538 17.2081
-4.72081 17.0558
-4.56853 17.0558
-4.41624 16.9036
-4.26396 16.9036
-3.95939 16.9036
-3.80711 16.7513
-3.65482 16.7513
-3.50254 16.599
-3.19797 16.599
-3.04569 16.4467
-2.8934 16.4467
-2.74112 16.2944
-2.58883 16.2944
-2.43655 16.1421
-2.13198 15.9898
-1.9797 15.9898
-1.82741 15.8376
-1.67513 15.6853
-1.52284 15.6853
-1.37056 15.533
-1.21827 15.3807
-1.06599 15.3807
-0.761421 15.2284
-0.609137 15.0761
-0.456853 14.9239
-0.304569 14.9239
-0.152284 14.7716
0 14.6193
0.152284 14.467
0.304569 14.3147
0.456853 14.1624
0.609137 14.1624
0.761421 14.0102
0.913706 13.8579
1.06599 13.7056
1.21827 13.5533
1.37056 13.401
1.52284 13.2487
1.67513 13.0964
1.82741 12.9442
1.82741 12.7919
1.9797 12.6396
2.13198 12.4873
2.28426 12.335
2.43655 12.1827
2.58883 12.0305
2.58883 11.8782
2.74112 11.7259
2.8934 11.5736
3.04569 11.269
3.04569 11.1168
3.19797 10.9645
3.35025 10.8122
3.35025 10.6599
3.50254 10.3553
3.50254 10.203
3.65482 10.0508
3.65482 9.89848
3.80711 9.59391
3.80711 9.44162
3.95939 9.28934
3.95939 8.98477
3.95939 8.83249
4.11168 8.6802
4.11168 8.37563
4.11168 8.22335
4.11168 8.07107
4.26396 7.7665
4.26396 7.61421
4.26396 7.46193
4.26396 7.15736
4.41624 7.00508
4.41624 6.85279
4.41624 6.54822
4.41624 6.39594
4.41624 6.24365
