4.56853 5.93909
4.72081 5.7868
4.8731 5.48223
4.8731 5.32995
5.02538 5.02538
5.17766 4.8731
5.17766 4.56853
5.32995 4.26396
5.32995 4.11168
5.32995 3.80711
5.32995 3.65482
5.32995 3.35025
5.32995 3.19797
5.32995 2.8934
5.32995 2.74112
5.32995 2.43655
5.17766 2.13198
5.17766 1.9797
5.17766 1.67513
5.02538 1.52284
5.02538 1.37056
4.8731 1.06599
4.72081 0.913706
4.72081 0.609137
4.56853 0.456853
4.41624 0.304569
4.26396 0
4.26396 -0.152284
4.11168 -0.304569
3.95939 -0.609137
3.80711 -0.761421
3.65482 -0.913706
3.50254 -1.06599
3.35025 -1.21827
3.19797 -1.52284
3.04569 -1.67513
2.8934 -1.82741
2.74112 -1.9797
2.58883 -2.13198
2.43655 -2.28426
2.28426 -2.43655
2.13198 -2.58883
1.82741 -2.74112
1.67513 -2.8934
1.52284 -3.04569
1.37056 -3.19797
1.21827 -3.35025
0.913706 -3.50254
0.761421 -3.50254
0.609137 -3.65482
0.456853 -3.80711
0.152284 -3.95939
0 -3.95939
-0.152284 -4.11168
-0.304569 -4.26396
-0.609137 -4.26396
-0.761421 -4.41624
-0.913706 -4.56853
-1.21827 -4.56853
-1.37056 -4.72081
-1.52284 -4.72081
-1.82741 -4.8731
-1.9797 -4.8731
-2.13198 -5.02538
-2.43655 -5.02538
-2.58883 -5.17766
-2.74112 -5.17766
-3.04569 -5.17766
-3.19797 -5.32995
-3.35025 -5.32995
-3.65482 -5.48223
-3.80711 -5.48223
-3.95939 -5.48223
-4.26396 -5.63452
-4.41624 -5.63452
-4.56853 -5.63452
-4.8731 -5.7868
-5.02538 -5.7868
-5.32995 -5.7868
-5.48223 -5.7868
-5.63452 -5.93909
-5.93909 -5.93909
-6.09137 -5.93909
-6.24365 -5.93909
-6.54822 -6.09137
-6.70051 -6.09137
-6.85279 -6.09137
-7.15736 -6.09137
-7.30964 -6.09137
-7.61421 -6.09137
-7.7665 -6.09137
-7.91878 -6.09137
-8.22335 -6.09137
-8.37563 -6.09137
-8.52792 -6.09137
-8.83249 -6.09137
-8.98477 -6.09137
-9.28934 -6.09137
-9.44162 -6.09137
-9.59391 -5.93909
-9.89848 -5.93909
-10.0508 -5.93909
-10.203 -5.93909
-10.5076 -5.7868
-10.6599 -5.7868
-10.8122 -5.7868
-11.1168 -5.63452
-11.269 -5.63452
-11.4213 -5.48223
-11.7259 -5.48223
-11.8782 -5.32995
-12.0305 -5.32995
-12.1827 -5.17766
-12.4873 -5.17766
-12.6396 -5.02538
-12.7919 -4.8731
-12.9442 -4.8731
-13.2487 -4.72081
-13.401 -4.56853
-13.5533 -4.56853
-13.7056 -4.41624
-13.8579 -4.26396
-14.0102 -4.11168
-14.1624 -4.11168
-14.467 -3.95939
-14.6193 -3.80711
-14.7716 -3.65482
-14.9239 -3.50254
-15.0761 -3.35025
-15.2284 -3.35025
-15.3807 -3.19797
-15.533 -3.04569
-15.6853 -2.8934
-15.8376 -2.74112
-15.9898 -2.58883
-16.1421 -2.43655
-16.2944 -2.28426
-16.2944 -2.13198
-16.4467 -1.9797
-16.599 -1.67513
-16.7513 -1.52284
-16.7513 -1.37056
-16.9036 -1.21827
-17.0558 -1.06599
-17.0558 -0.913706
-17.2081 -0.609137
-17.2081 -0.456853
-17.3604 -0.304569
-17.3604 -0.152284
-17.5127 0.152284
-17.5127 0.304569
-17.665 0.456853
-17.665 0.609137
-17.665 0.913706
-17.8173 1.06599
-17.8173 1.21827
-17.8173 1.37056
-17.9695 1.67513
-17.9695 1.82741
-17.9695 1.9797
-18.1218 2.13198
-18.1218 2.28426
-18.2741 2.58883
-18.2741 2.74112
-18.2741 2.8934
-18.4264 3.04569
-18.4264 3.19797
-18.5787 3.50254
-18.731 3.65482
-18.731 3.80711
-18.8832 3.95939
-19.0355 4.11168
-19.1878 4.26396
-19.1878 4.56853
-19.3401 4.72081
-19.4924 4.8731
-19.6447 5.02538
-19.797 5.32995
-19.9492 5.48223
-19.9492 5.7868
-20.1015 5.93909
-20.2538 6.09137
-20.4061 6.39594
-20.5584 6.54822
-20.5584 6.85279
-20.7107 7.00508
-20.8629 7.30964
-20.8629 7.61421
-21.0152 7.7665
-21.0152 8.07107
-21.0152 8.22335
-21.0152 8.52792
-21.1675 8.83249
-21.1675 8.98477
-21.0152 9.28934
-21.0152 9.44162
-21.0152 9.74619
-21.0152 9.89848
-20.8629 10.203
-20.8629 10.5076
-20.7107 10.6599
-20.7107 10.8122
-20.5584 11.1168
-20.4061 11.269
-20.2538 11.5736
-20.1015 11.7259
-19.9492 11.8782
-19.797 12.0305
-19.6447 12.335
-19.4924 12.4873
-19.3401 12.6396
-19.1878 12.7919
-19.0355 12.9442
-18.8832 13.0964
-18.731 13.2487
-18.4264 13.401
-18.2741 13.5533
-18.1218 13.7056
-17.9695 13.8579
-17.665 14.0102
-17.5127 14.1624
-17.3604 14.3147
-17.2081 14.3147
-16.9036 14.467
-16.7513 14.6193
-16.599 14.7716
-16.2944 14.7716
-16.1421 14.9239
-15.9898 15.0761
-15.6853 15.0761
-15.533 15.2284
-15.3807 15.3807
-15.2284 15.3807
-14.9239 15.533
-14.7716 15.533
-14.6193 15.6853
-14.3147 15.6853
-14.1624 15.8376
-14.0102 15.8376
-13.8579 15.9898
-13.5533 15.9898
-13.401 16.1421
-13.2487 16.1421
-13.0964 16.2944
-12.7919 16.2944
-12.6396 16.4467
-12.4873 16.4467
-12.335 16.599
-12.0305 16.599
-11.8782 16.7513
-11.7259 16.7513
-11.5736 16.9036
-11.269 16.9036
-11.1168 16.9036
-10.9645 17.0558
-10.8122 17.0558
-10.5076 17.0558
-10.3553 17.2081
-10.203 17.2081
-9.89848 17.2081
-9.74619 17.3604
-9.59391 17.3604
-9.28934 17.3604
-9.13706 17.3604
-8.98477 17.3604
-8.83249 17.3604
-8.52792 17.5127
-8.37563 17.5127
-8.22335 17.5127
-7.91878 17.5127
-7.7665 17.5127
-7.61421 17.5127
-7.30964 17.5127
-7.15736 17.5127
-7.00508 17.3604
-6.70051 17.3604
-6.54822 17.3604
-6.39594 17.3604
-6.09137 17.3604
-5.93909 17.2081
-5.7868 17.2081
-5.63452 17.2081
-5.32995 17.2081
-5.17766 17.0558
-5.02538 17.0558
-4.72081 17.0558
-4.56853 16.9036
-4.41624 16.9036
-4.26396 16.7513
-3.95939 16.7513
-3.80711 16.599
-3.65482 16.599
-3.50254 16.4467
-3.35025 16.4467
-3.04569 16.2944
-2.8934 16.2944
-2.74112 16.1421
-2.58883 16.1421
-2.43655 15.9898
-2.28426 15.8376
-1.9797 15.8376
-1.82741 15.6853
-1.67513 15.6853
-1.52284 15.533
-1.37056 15.3807
-1.21827 15.2284
-1.06599 15.2284
-0.913706 15.0761
-0.761421 14.9239
-0.456853 14.9239
-0.304569 14.7716
-0.152284 14.6193
0 14.467
0.152284 14.3147
0.304569 14.3147
0.456853 14.1624
0.609137 14.0102
0.761421 13.8579
0.913706 13.7056
1.06599 13.5533
1.21827 13.401
1.37056 13.2487
1.52284 13.0964
1.67513 13.0964
1.82741 12.9442
1.9797 12.7919
2.13198 12.4873
2.28426 12.335
2.28426 12.1827
2.43655 12.0305
2.58883 11.8782
2.74112 11.7259
2.8934 11.5736
2.8934 11.4213
3.04569 11.269
3.19797 10.9645
3.19797 10.8122
3.35025 10.6599
3.35025 10.5076
3.50254 10.203
3.50254 10.0508
3.65482 9.89848
3.65482 9.59391
3.80711 9.44162
3.80711 9.28934
3.80711 8.98477
3.95939 8.83249
3.95939 8.6802
3.95939 8.37563
4.11168 8.22335
4.11168 8.07107
4.11168 7.7665
4.26396 7.61421
4.26396 7.46193
4.26396 7.15736
4.26396 7.00508
4.41624 6.85279
4.41624 6.54822
4.41624 6.39594
4.56853 6.09137
