13.0964 -3.80711
13.0964 -3.95939
13.0964 -4.11168
13.0964 -4.26396
13.0964 -4.41624
13.0964 -4.56853
13.0964 -4.8731
13.0964 -5.02538
13.0964 -5.17766
13.0964 -5.32995
13.0964 -5.48223
13.2487 -5.7868
13.2487 -5.93909
13.2487 -6.09137
13.2487 -6.39594
13.2487 -6.54822
13.401 -6.70051
13.401 -7.00508
13.401 -7.15736
13.401 -7.30964
13.401 -7.61421
13.401 -7.7665
13.401 -7.91878
13.401 -8.22335
13.401 -8.37563
13.2487 -8.52792
13.2487 -8.83249
13.2487 -8.98477
13.2487 -9.13706
13.0964 -9.44162
13.0964 -9.59391
12.9442 -9.74619
12.9442 -10.0508
12.7919 -10.203
12.6396 -10.3553
12.6396 -10.5076
12.4873 -10.6599
12.335 -10.8122
12.1827 -10.9645
12.0305 -11.1168
11.8782 -11.269
11.8782 -11.4213
11.7259 -11.5736
11.5736 -11.7259
11.4213 -11.8782
11.1168 -12.0305
10.9645 -12.1827
10.8122 -12.335
10.6599 -12.335
10.5076 -12.4873
10.3553 -12.6396
10.203 -12.6396
9.89848 -12.7919
9.74619 -12.7919
9.59391 -12.9442
9.44162 -12.9442
9.13706 -13.0964
8.98477 -13.0964
8.83249 -13.2487
8.52792 -13.2487
8.37563 -13.2487
8.22335 -13.2487
8.07107 -13.401
7.7665 -13.401
7.61421 -13.401
7.46193 -13.401
7.15736 -13.401
7.00508 -13.5533
6.85279 -13.5533
6.70051 -13.5533
6.39594 -13.5533
6.24365 -13.5533
6.09137 -13.5533
5.93909 -13.5533
5.63452 -13.5533
5.48223 -13.5533
5.32995 -13.5533
5.17766 -13.5533
5.02538 -13.5533
4.8731 -13.5533
4.56853 -13.5533
4.41624 -13.5533
4.26396 -13.5533
4.11168 -13.5533
3.95939 -13.401
3.80711 -13.401
3.50254 -13.401
3.35025 -13.401
3.19797 -13.401
3.04569 -13.401
2.8934 -13.401
2.74112 -13.401
2.58883 -13.2487
2.43655 -13.2487
2.28426 -13.2487
2.13198 -13.2487
1.82741 -13.2487
1.67513 -13.2487
1.52284 -13.2487
1.37056 -13.2487
1.21827 -13.0964
1.06599 -13.0964
0.913706 -13.0964
0.761421 -13.0964
0.609137 -13.0964
0.456853 -12.9442
0.304569 -12.9442
0.152284 -12.9442
-0.152284 -12.9442
-0.304569 -12.9442
-0.456853 -12.7919
-0.609137 -12.7919
-0.761421 -12.7919
-0.913706 -12.6396
-1.06599 -12.6396
-1.21827 -12.6396
-1.37056 -12.4873
-1.52284 -12.4873
-1.67513 -12.335
-1.82741 -12.335
-1.9797 -12.1827
-2.13198 -12.1827
-2.28426 -12.0305
-2.43655 -11.8782
-2.58883 -11.8782
-2.74112 -11.7259
-2.8934 -11.5736
-2.8934 -11.5736
-3.04569 -11.4213
-3.19797 -11.269
-3.35025 -11.1168
-3.50254 -11.1168
-3.50254 -10.9645
-3.65482 -10.8122
-3.80711 -10.6599
-3.95939 -10.5076
-3.95939 -10.3553
-4.11168 -10.203
-4.26396 -10.203
-4.26396 -10.0508
-4.41624 -9.89848
-4.41624 -9.74619
-4.56853 -9.59391
-4.72081 -9.44162
-4.72081 -9.28934
-4.8731 -9.13706
-4.8731 -8.98477
-5.02538 -8.83249
-5.02538 -8.6802
-5.17766 -8.52792
-5.17766 -8.37563
-5.32995 -8.22335
-5.32995 -8.07107
-5.32995 -7.91878
-5.48223 -7.7665
-5.48223 -7.61421
-5.63452 -7.46193
-5.63452 -7.30964
-5.63452 -7.15736
-5.7868 -7.00508
-5.7868 -6.85279
-5.7868 -6.70051
-5.93909 -6.54822
-5.93909 -6.39594
-5.93909 -6.24365
-5.93909 -6.09137
-6.09137 -5.93909
-6.09137 -5.7868
-6.09137 -5.63452
-6.09137 -5.48223
-6.24365 -5.32995
-6.24365 -5.17766
-6.24365 -5.02538
-6.24365 -4.8731
-6.24365 -4.72081
-6.39594 -4.56853
-6.39594 -4.41624
-6.39594 -4.26396
-6.39594 -4.11168
-6.39594 -3.95939
-6.39594 -3.80711
-6.39594 -3.50254
-6.54822 -3.35025
-6.54822 -3.19797
-6.54822 -3.04569
-6.54822 -2.8934
-6.54822 -2.74112
-6.54822 -2.58883
-6.54822 -2.43655
-6.54822 -2.28426
-6.54822 -2.13198
-6.54822 -1.9797
-6.54822 -1.67513
-6.54822 -1.52284
-6.54822 -1.37056
-6.39594 -1.21827
-6.39594 -1.06599
-6.39594 -0.913706
-6.39594 -0.761421
-6.39594 -0.609137
-6.39594 -0.304569
-6.39594 -0.152284
-6.24365 0
-6.24365 0.152284
-6.24365 0.304569
-6.24365 0.456853
-6.09137 0.609137
-6.09137 0.913706
-6.09137 1.06599
-6.09137 1.21827
-5.93909 1.37056
-5.93909 1.52284
-5.93909 1.67513
-5.7868 1.9797
-5.7868 2.13198
-5.63452 2.28426
-5.63452 2.43655
-5.63452 2.58883
-5.48223 2.8934
-5.48223 3.04569
-5.32995 3.19797
-5.32995 3.35025
-5.17766 3.50254
-5.17766 3.80711
-5.02538 3.95939
-5.02538 4.11168
-4.8731 4.26396
-4.72081 4.41624
-4.72081 4.72081
-4.56853 4.8731
-4.41624 5.02538
-4.26396 5.17766
-4.26396 5.32995
-4.11168 5.48223
-3.95939 5.63452
-3.80711 5.7868
-3.65482 5.93909
-3.50254 6.09137
-3.35025 6.24365
-3.19797 6.39594
-3.04569 6.54822
-2.8934 6.70051
-2.74112 6.85279
-2.58883 6.85279
-2.28426 7.00508
-2.13198 7.15736
-1.9797 7.15736
-1.82741 7.30964
-1.52284 7.30964
-1.37056 7.46193
-1.21827 7.46193
-1.06599 7.61421
-0.761421 7.61421
-0.609137 7.61421
-0.456853 7.7665
-0.152284 7.7665
0 7.7665
0.304569 7.7665
0.456853 7.7665
0.609137 7.7665
0.913706 7.7665
1.06599 7.7665
1.21827 7.7665
1.52284 7.61421
1.67513 7.61421
1.9797 7.61421
2.13198 7.46193
2.28426 7.46193
2.43655 7.30964
2.74112 7.30964
2.8934 7.15736
3.04569 7.15736
3.19797 7.00508
3.50254 7.00508
3.65482 6.85279
3.80711 6.70051
3.95939 6.70051
4.11168 6.54822
4.26396 6.39594
4.41624 6.24365
4.72081 6.24365
4.8731 6.09137
5.02538 5.93909
5.17766 5.7868
5.32995 5.7868
5.32995 5.63452
5.48223 5.48223
5.63452 5.32995
5.7868 5.17766
5.93909 5.17766
6.09137 5.02538
6.24365 4.8731
6.39594 4.8731
6.54822 4.72081
6.54822 4.56853
6.70051 4.41624
6.85279 4.41624
7.00508 4.26396
7.15736 4.11168
7.15736 4.11168
7.30964 3.95939
7.46193 3.80711
7.61421 3.65482
7.61421 3.65482
7.7665 3.50254
7.91878 3.35025
8.07107 3.35025
8.07107 3.19797
8.22335 3.04569
8.37563 2.8934
8.37563 2.8934
8.52792 2.74112
8.6802 2.58883
8.6802 2.43655
8.83249 2.43655
8.83249 2.28426
8.98477 2.13198
9.13706 1.9797
9.13706 1.9797
9.28934 1.82741
9.28934 1.67513
9.44162 1.52284
9.59391 1.52284
9.59391 1.37056
9.74619 1.21827
9.74619 1.06599
9.89848 0.913706
9.89848 0.913706
10.0508 0.761421
10.203 0.609137
10.203 0.456853
10.3553 0.456853
10.5076 0.304569
10.5076 0.152284
10.6599 0
10.6599 -0.152284
10.8122 -0.152284
10.9645 -0.304569
11.1168 -0.456853
11.1168 -0.609137
11.269 -0.609137
11.4213 -0.761421
11.5736 -0.913706
11.5736 -1.06599
11.7259 -1.21827
11.8782 -1.37056
12.0305 -1.52284
12.0305 -1.67513
12.1827 -1.82741
12.335 -1.9797
12.4873 -2.13198
12.4873 -2.28426
12.6396 -2.43655
12.6396 -2.58883
12.7919 -2.74112
12.7919 -2.8934
12.9442 -3.04569
12.9442 -3.19797
13.0964 -3.35025
13.0964 -3.50254
