4.56853 5.7868
4.72081 5.48223
4.8731 5.32995
5.02538 5.02538
5.17766 4.8731
5.17766 4.56853
5.32995 4.41624
5.32995 4.11168
5.32995 3.80711
5.48223 3.65482
5.48223 3.35025
5.48223 3.19797
5.32995 2.8934
5.32995 2.74112
5.32995 2.43655
5.32995 2.28426
5.17766 1.9797
5.17766 1.82741
5.02538 1.52284
4.8731 1.37056
4.8731 1.06599
4.72081 0.913706
4.56853 0.609137
4.41624 0.456853
4.41624 0.304569
4.26396 0
4.11168 -0.152284
3.95939 -0.304569
3.80711 -0.456853
3.65482 -0.761421
3.50254 -0.913706
3.35025 -1.06599
3.19797 -1.21827
3.04569 -1.52284
2.8934 -1.67513
2.74112 -1.82741
2.58883 -1.9797
2.43655 -2.13198
2.28426 -2.28426
2.13198 -2.43655
1.9797 -2.58883
1.82741 -2.74112
1.67513 -2.8934
1.52284 -3.04569
1.21827 -3.19797
1.06599 -3.35025
0.913706 -3.50254
0.761421 -3.65482
0.609137 -3.65482
0.304569 -3.80711
0.152284 -3.95939
0 -4.11168
-0.304569 -4.11168
-0.456853 -4.26396
-0.609137 -4.41624
-0.913706 -4.41624
-1.06599 -4.56853
-1.21827 -4.56853
-1.52284 -4.72081
-1.67513 -4.72081
-1.82741 -4.8731
-2.13198 -4.8731
-2.28426 -5.02538
-2.43655 -5.02538
-2.74112 -5.02538
-2.8934 -5.17766
-3.04569 -5.17766
-3.35025 -5.32995
-3.50254 -5.32995
-3.65482 -5.32995
-3.95939 -5.48223
-4.11168 -5.48223
-4.26396 -5.48223
-4.56853 -5.63452
-4.72081 -5.63452
-4.8731 -5.63452
-5.17766 -5.7868
-5.32995 -5.7868
-5.48223 -5.7868
-5.7868 -5.93909
-5.93909 -5.93909
-6.09137 -5.93909
-6.39594 -5.93909
-6.54822 -6.09137
-6.70051 -6.09137
-7.00508 -6.09137
-7.15736 -6.09137
-7.30964 -6.09137
-7.61421 -6.09137
-7.7665 -6.24365
-7.91878 -6.24365
-8.22335 -6.24365
-8.37563 -6.24365
-8.6802 -6.24365
-8.83249 -6.24365
-8.98477 -6.09137
-9.28934 -6.09137
-9.44162 -6.09137
-9.59391 -6.09137
-9.89848 -6.09137
-10.0508 -5.93909
-10.203 -5.93909
-10.5076 -5.93909
-10.6599 -5.7868
-10.8122 -5.7868
-11.1168 -5.63452
-11.269 -5.63452
-11.4213 -5.63452
-11.5736 -5.48223
-11.8782 -5.32995
-12.0305 -5.32995
-12.1827 -5.17766
-12.335 -5.17766
-12.6396 -5.02538
-12.7919 -4.8731
-12.9442 -4.8731
-13.0964 -4.72081
-13.2487 -4.56853
-13.401 -4.56853
-13.5533 -4.41624
-13.8579 -4.26396
-14.0102 -4.11168
-14.1624 -4.11168
-14.3147 -3.95939
-14.467 -3.80711
-14.6193 -3.65482
-14.7716 -3.50254
-14.9239 -3.50254
-15.0761 -3.35025
-15.2284 -3.19797
-15.3807 -3.04569
-15.533 -2.8934
-15.6853 -2.74112
-15.8376 -2.58883
-15.9898 -2.43655
-16.1421 -2.28426
-16.2944 -2.13198
-16.2944 -1.9797
-16.4467 -1.82741
-16.599 -1.67513
-16.7513 -1.52284
-16.7513 -1.37056
-16.9036 -1.21827
-17.0558 -1.06599
-17.2081 -0.913706
-17.2081 -0.761421
-17.3604 -0.609137
-17.3604 -0.304569
-17.5127 -0.152284
-17.5127 0
-17.665 0.152284
-17.665 0.304569
-17.8173 0.609137
-17.8173 0.761421
-17.9695 0.913706
-17.9695 1.06599
-18.1218 1.21827
-18.1218 1.52284
-18.2741 1.67513
-18.2741 1.82741
-18.4264 1.9797
-18.4264 2.13198
-18.5787 2.28426
-18.5787 2.58883
-18.731 2.74112
-18.731 2.8934
-18.8832 3.04569
-19.0355 3.19797
-19.0355 3.35025
-19.1878 3.65482
-19.3401 3.80711
-19.4924 3.95939
-19.6447 4.11168
-19.6447 4.26396
-19.797 4.56853
-19.9492 4.72081
-20.1015 4.8731
-20.2538 5.17766
-20.4061 5.32995
-20.5584 5.48223
-20.7107 5.7868
-20.7107 5.93909
-20.8629 6.24365
-21.0152 6.39594
-21.1675 6.70051
-21.1675 6.85279
-21.3198 7.15736
-21.3198 7.46193
-21.4721 7.61421
-21.4721 7.91878
-21.4721 8.22335
-21.6244 8.37563
-21.6244 8.6802
-21.6244 8.83249
-21.4721 9.13706
-21.4721 9.44162
-21.4721 9.59391
-21.3198 9.89848
-21.3198 10.0508
-21.1675 10.3553
-21.1675 10.5076
-21.0152 10.8122
-20.8629 10.9645
-20.7107 11.1168
-20.5584 11.4213
-20.4061 11.5736
-20.2538 11.7259
-20.1015 12.0305
-19.9492 12.1827
-19.797 12.335
-19.6447 12.4873
-19.4924 12.6396
-19.3401 12.7919
-19.0355 12.9442
-18.8832 13.0964
-18.731 13.2487
-18.4264 13.401
-18.2741 13.5533
-18.1218 13.7056
-17.9695 13.8579
-17.665 13.8579
-17.5127 14.0102
-17.3604 14.1624
-17.0558 14.3147
-16.9036 14.3147
-16.7513 14.467
-16.4467 14.6193
-16.2944 14.7716
-16.1421 14.7716
-15.9898 14.9239
-15.6853 14.9239
-15.533 15.0761
-15.3807 15.2284
-15.0761 15.2284
-14.9239 15.3807
-14.7716 15.3807
-14.6193 15.533
-14.3147 15.533
-14.1624 15.6853
-14.0102 15.6853
-13.8579 15.8376
-13.5533 15.8376
-13.401 15.9898
-13.2487 15.9898
-13.0964 16.1421
-12.7919 16.1421
-12.6396 16.2944
-12.4873 16.2944
-12.335 16.4467
-12.0305 16.4467
-11.8782 16.599
-11.7259 16.599
-11.5736 16.599
-11.269 16.7513
-11.1168 16.7513
-10.9645 16.9036
-10.8122 16.9036
-10.5076 16.9036
-10.3553 17.0558
-10.203 17.0558
-10.0508 17.0558
-9.74619 17.0558
-9.59391 17.2081
-9.44162 17.2081
-9.13706 17.2081
-8.98477 17.2081
-8.83249 17.2081
-8.52792 17.2081
-8.37563 17.2081
-8.22335 17.2081
-7.91878 17.2081
-7.7665 17.2081
-7.61421 17.2081
-7.30964 17.2081
-7.15736 17.2081
-7.00508 17.2081
-6.85279 17.2081
-6.54822 17.2081
-6.39594 17.0558
-6.24365 17.0558
-5.93909 17.0558
-5.7868 17.0558
-5.63452 16.9036
-5.48223 16.9036
-5.17766 16.9036
-5.02538 16.7513
-4.8731 16.7513
-4.56853 16.7513
-4.41624 16.599
-4.26396 16.599
-4.11168 16.4467
-3.95939 16.4467
-3.65482 16.2944
-3.50254 16.2944
-3.35025 16.1421
-3.19797 16.1421
-3.04569 15.9898
-2.74112 15.9898
-2.58883 15.8376
-2.43655 15.6853
-2.28426 15.6853
-2.13198 15.533
-1.9797 15.533
-1.67513 15.3807
-1.52284 15.2284
-1.37056 15.2284
-1.21827 15.0761
-1.06599 14.9239
-0.913706 14.7716
-0.761421 14.7716
-0.609137 14.6193
-0.456853 14.467
-0.304569 14.3147
0 14.3147
0.152284 14.1624
0.304569 14.0102
0.456853 13.8579
0.609137 13.7056
0.761421 13.5533
0.913706 13.5533
1.06599 13.401
1.21827 13.2487
1.37056 13.0964
1.52284 12.9442
1.67513 12.7919
1.82741 12.6396
1.9797 12.4873
2.13198 12.335
2.13198 12.1827
2.28426 12.0305
2.43655 11.7259
2.58883 11.5736
2.74112 11.4213
2.8934 11.269
2.8934 11.1168
3.04569 10.9645
3.19797 10.6599
3.19797 10.5076
3.35025 10.3553
3.50254 10.203
3.50254 9.89848
3.65482 9.74619
3.65482 9.59391
3.80711 9.28934
3.80711 9.13706
3.95939 8.98477
3.95939 8.6802
3.95939 8.52792
4.11168 8.37563
4.11168 8.07107
4.11168 7.91878
4.26396 7.7665
4.26396 7.46193
4.26396 7.30964
4.41624 7.00508
4.41624 6.85279
4.41624 6.70051
4.41624 6.39594
4.56853 6.24365
4.56853 5.93909
