4.8731 5.48223
5.02538 5.32995
5.17766 5.02538
5.17766 4.8731
5.32995 4.56853
5.48223 4.41624
5.48223 4.11168
5.48223 3.95939
5.48223 3.65482
5.48223 3.35025
5.48223 3.19797
5.48223 2.8934
5.48223 2.74112
5.48223 2.43655
5.32995 2.28426
5.32995 1.9797
5.17766 1.82741
5.17766 1.52284
5.02538 1.37056
4.8731 1.06599
4.72081 0.913706
4.72081 0.761421
4.56853 0.456853
4.41624 0.304569
4.26396 0.152284
4.11168 0
3.95939 -0.304569
3.80711 -0.456853
3.80711 -0.609137
3.65482 -0.761421
3.50254 -1.06599
3.35025 -1.21827
3.19797 -1.37056
3.04569 -1.52284
2.8934 -1.67513
2.74112 -1.82741
2.58883 -1.9797
2.43655 -2.13198
2.28426 -2.28426
2.13198 -2.43655
1.82741 -2.58883
1.67513 -2.74112
1.52284 -2.8934
1.37056 -3.04569
1.21827 -3.19797
1.06599 -3.35025
0.761421 -3.50254
0.609137 -3.65482
0.456853 -3.65482
0.304569 -3.80711
0.152284 -3.95939
-0.152284 -4.11168
-0.304569 -4.11168
-0.456853 -4.26396
-0.761421 -4.26396
-0.913706 -4.41624
-1.06599 -4.56853
-1.21827 -4.56853
-1.52284 -4.72081
-1.67513 -4.72081
-1.82741 -4.8731
-2.13198 -4.8731
-2.28426 -5.02538
-2.43655 -5.02538
-2.74112 -5.02538
-2.8934 -5.17766
-3.04569 -5.17766
-3.19797 -5.32995
-3.50254 -5.32995
-3.65482 -5.32995
-3.80711 -5.48223
-4.11168 -5.48223
-4.26396 -5.48223
-4.41624 -5.63452
-4.72081 -5.63452
-4.8731 -5.63452
-5.02538 -5.7868
-5.17766 -5.7868
-5.48223 -5.7868
-5.63452 -5.7868
-5.7868 -5.93909
-6.09137 -5.93909
-6.24365 -5.93909
-6.39594 -5.93909
-6.70051 -6.09137
-6.85279 -6.09137
-7.00508 -6.09137
-7.30964 -6.09137
-7.46193 -6.09137
-7.61421 -6.09137
-7.91878 -6.09137
-8.07107 -6.09137
-8.22335 -6.09137
-8.52792 -6.09137
-8.6802 -6.09137
-8.83249 -6.09137
-9.13706 -6.09137
-9.28934 -6.09137
-9.44162 -6.09137
-9.74619 -6.09137
-9.89848 -5.93909
-10.0508 -5.93909
-10.3553 -5.93909
-10.5076 -5.93909
-10.6599 -5.7868
-10.8122 -5.7868
-11.1168 -5.63452
-11.269 -5.63452
-11.4213 -5.48223
-11.5736 -5.48223
-11.8782 -5.32995
-12.0305 -5.32995
-12.1827 -5.17766
-12.335 -5.17766
-12.6396 -5.02538
-12.7919 -5.02538
-12.9442 -4.8731
-13.0964 -4.72081
-13.2487 -4.72081
-13.401 -4.56853
-13.5533 -4.41624
-13.8579 -4.41624
-14.0102 -4.26396
-14.1624 -4.11168
-14.3147 -3.95939
-14.467 -3.95939
-14.6193 -3.80711
-14.7716 -3.65482
-14.9239 -3.50254
-15.0761 -3.35025
-15.2284 -3.19797
-15.3807 -3.04569
-15.533 -3.04569
-15.6853 -2.8934
-15.8376 -2.74112
-15.9898 -2.58883
-15.9898 -2.43655
-16.1421 -2.28426
-16.2944 -2.13198
-16.4467 -1.9797
-16.599 -1.82741
-16.599 -1.67513
-16.7513 -1.52284
-16.9036 -1.21827
-17.0558 -1.06599
-17.0558 -0.913706
-17.2081 -0.761421
-17.2081 -0.609137
-17.3604 -0.456853
-17.5127 -0.304569
-17.5127 0
-17.665 0.152284
-17.665 0.304569
-17.8173 0.456853
-17.8173 0.609137
-17.9695 0.761421
-17.9695 1.06599
-18.1218 1.21827
-18.1218 1.37056
-18.2741 1.52284
-18.2741 1.67513
-18.4264 1.9797
-18.4264 2.13198
-18.5787 2.28426
-18.5787 2.43655
-18.731 2.58883
-18.8832 2.74112
-18.8832 3.04569
-19.0355 3.19797
-19.1878 3.35025
-19.3401 3.50254
-19.3401 3.65482
-19.4924 3.95939
-19.6447 4.11168
-19.797 4.26396
-19.9492 4.41624
-20.1015 4.72081
-20.2538 4.8731
-20.2538 5.02538
-20.4061 5.32995
-20.5584 5.48223
-20.7107 5.7868
-20.8629 5.93909
-21.0152 6.24365
-21.0152 6.39594
-21.1675 6.70051
-21.1675 7.00508
-21.3198 7.15736
-21.3198 7.46193
-21.4721 7.61421
-21.4721 7.91878
-21.4721 8.22335
-21.4721 8.37563
-21.4721 8.6802
-21.4721 8.98477
-21.4721 9.13706
-21.4721 9.44162
-21.4721 9.59391
-21.3198 9.89848
-21.3198 10.203
-21.1675 10.3553
-21.0152 10.6599
-21.0152 10.8122
-20.8629 11.1168
-20.7107 11.269
-20.5584 11.4213
-20.4061 11.7259
-20.2538 11.8782
-20.1015 12.0305
-19.9492 12.1827
-19.797 12.4873
-19.6447 12.6396
-19.4924 12.7919
-19.3401 12.9442
-19.0355 13.0964
-18.8832 13.2487
-18.731 13.401
-18.4264 13.5533
-18.2741 13.7056
-18.1218 13.8579
-17.8173 14.0102
-17.665 14.0102
-17.5127 14.1624
-17.2081 14.3147
-17.0558 14.467
-16.9036 14.467
-16.599 14.6193
-16.4467 14.7716
-16.1421 14.7716
-15.9898 14.9239
-15.8376 14.9239
-15.533 15.0761
-15.3807 15.0761
-15.2284 15.2284
-14.9239 15.2284
-14.7716 15.3807
-14.6193 15.3807
-14.3147 15.533
-14.1624 15.533
-14.0102 15.6853
-13.7056 15.6853
-13.5533 15.8376
-13.401 15.8376
-13.2487 15.9898
-12.9442 15.9898
-12.7919 16.1421
-12.6396 16.1421
-12.4873 16.2944
-12.1827 16.2944
-12.0305 16.4467
-11.8782 16.4467
-11.7259 16.599
-11.4213 16.599
-11.269 16.7513
-11.1168 16.7513
-10.8122 16.9036
-10.6599 16.9036
-10.5076 16.9036
-10.3553 17.0558
-10.0508 17.0558
-9.89848 17.0558
-9.74619 17.2081
-9.44162 17.2081
-9.28934 17.2081
-9.13706 17.2081
-8.83249 17.2081
-8.6802 17.3604
-8.52792 17.3604
-8.22335 17.3604
-8.07107 17.3604
-7.91878 17.3604
-7.61421 17.2081
-7.46193 17.2081
-7.30964 17.2081
-7.00508 17.2081
-6.85279 17.2081
-6.70051 17.2081
-6.39594 17.0558
-6.24365 17.0558
-6.09137 17.0558
-5.7868 16.9036
-5.63452 16.9036
-5.48223 16.9036
-5.17766 16.7513
-5.02538 16.7513
-4.8731 16.7513
-4.72081 16.599
-4.41624 16.599
-4.26396 16.4467
-4.11168 16.4467
-3.95939 16.2944
-3.80711 16.2944
-3.50254 16.1421
-3.35025 16.1421
-3.19797 15.9898
-3.04569 15.8376
-2.8934 15.8376
-2.58883 15.6853
-2.43655 15.6853
-2.28426 15.533
-2.13198 15.3807
-1.9797 15.3807
-1.82741 15.2284
-1.67513 15.0761
-1.37056 15.0761
-1.21827 14.9239
-1.06599 14.7716
-0.913706 14.7716
-0.761421 14.6193
-0.609137 14.467
-0.456853 14.467
-0.304569 14.3147
0 14.1624
0.152284 14.0102
0.304569 13.8579
0.456853 13.8579
0.609137 13.7056
0.761421 13.5533
0.913706 13.401
1.06599 13.2487
1.21827 13.0964
1.37056 13.0964
1.52284 12.9442
1.67513 12.7919
1.82741 12.6396
1.9797 12.4873
2.13198 12.335
2.28426 12.1827
2.43655 12.0305
2.58883 11.7259
2.74112 11.5736
2.8934 11.4213
2.8934 11.269
3.04569 11.1168
3.19797 10.9645
3.19797 10.6599
3.35025 10.5076
3.50254 10.3553
3.50254 10.0508
3.65482 9.89848
3.65482 9.74619
3.65482 9.44162
3.80711 9.28934
3.80711 9.13706
3.80711 8.83249
3.95939 8.6802
3.95939 8.52792
3.95939 8.22335
4.11168 8.07107
4.11168 7.91878
4.11168 7.61421
4.26396 7.46193
4.26396 7.15736
4.26396 7.00508
4.41624 6.85279
4.41624 6.54822
4.56853 6.39594
4.56853 6.24365
4.72081 5.93909
4.72081 5.7868
