4.8731 5.63452
5.02538 5.48223
5.17766 5.17766
5.17766 5.02538
5.32995 4.72081
5.32995 4.56853
5.32995 4.26396
5.48223 3.95939
5.48223 3.80711
5.48223 3.50254
5.48223 3.35025
5.48223 3.04569
5.32995 2.8934
5.32995 2.58883
5.32995 2.43655
5.17766 2.13198
5.17766 1.9797
5.02538 1.67513
5.02538 1.52284
4.8731 1.21827
4.72081 1.06599
4.72081 0.913706
4.56853 0.609137
4.41624 0.456853
4.26396 0.152284
4.26396 0
4.11168 -0.152284
3.95939 -0.304569
3.80711 -0.609137
3.65482 -0.761421
3.50254 -0.913706
3.35025 -1.06599
3.19797 -1.21827
3.04569 -1.52284
2.8934 -1.67513
2.74112 -1.82741
2.58883 -1.9797
2.43655 -2.13198
2.28426 -2.28426
2.13198 -2.43655
1.9797 -2.58883
1.82741 -2.74112
1.52284 -2.8934
1.37056 -3.04569
1.21827 -3.19797
1.06599 -3.35025
0.913706 -3.35025
0.609137 -3.50254
0.456853 -3.65482
0.304569 -3.80711
0.152284 -3.80711
-0.152284 -3.95939
-0.304569 -4.11168
-0.456853 -4.11168
-0.761421 -4.26396
-0.913706 -4.41624
-1.06599 -4.41624
-1.21827 -4.56853
-1.52284 -4.56853
-1.67513 -4.72081
-1.82741 -4.72081
-2.13198 -4.8731
-2.28426 -4.8731
-2.43655 -5.02538
-2.74112 -5.02538
-2.8934 -5.02538
-3.04569 -5.17766
-3.35025 -5.17766
-3.50254 -5.32995
-3.65482 -5.32995
-3.95939 -5.32995
-4.11168 -5.48223
-4.26396 -5.48223
-4.41624 -5.48223
-4.72081 -5.63452
-4.8731 -5.63452
-5.02538 -5.63452
-5.32995 -5.7868
-5.48223 -5.7868
-5.63452 -5.7868
-5.93909 -5.93909
-6.09137 -5.93909
-6.24365 -5.93909
-6.54822 -5.93909
-6.70051 -6.09137
-6.85279 -6.09137
-7.15736 -6.09137
-7.30964 -6.09137
-7.46193 -6.09137
-7.7665 -6.09137
-7.91878 -6.09137
-8.07107 -6.24365
-8.37563 -6.24365
-8.52792 -6.24365
-8.6802 -6.09137
-8.98477 -6.09137
-9.13706 -6.09137
-9.28934 -6.09137
-9.59391 -6.09137
-9.74619 -6.09137
-9.89848 -5.93909
-10.203 -5.93909
-10.3553 -5.93909
-10.5076 -5.7868
-10.8122 -5.7868
-10.9645 -5.7868
-11.1168 -5.63452
-11.4213 -5.63452
-11.5736 -5.48223
-11.7259 -5.48223
-11.8782 -5.32995
-12.1827 -5.32995
-12.335 -5.17766
-12.4873 -5.02538
-12.6396 -5.02538
-12.7919 -4.8731
-12.9442 -4.72081
-13.2487 -4.72081
-13.401 -4.56853
-13.5533 -4.41624
-13.7056 -4.26396
-13.8579 -4.26396
-14.0102 -4.11168
-14.1624 -3.95939
-14.3147 -3.80711
-14.467 -3.80711
-14.6193 -3.65482
-14.7716 -3.50254
-14.9239 -3.35025
-15.0761 -3.19797
-15.2284 -3.04569
-15.3807 -2.8934
-15.533 -2.74112
-15.6853 -2.74112
-15.8376 -2.58883
-15.9898 -2.43655
-16.1421 -2.28426
-16.2944 -2.13198
-16.2944 -1.9797
-16.4467 -1.82741
-16.599 -1.67513
-16.7513 -1.52284
-16.9036 -1.37056
-16.9036 -1.06599
-17.0558 -0.913706
-17.2081 -0.761421
-17.2081 -0.609137
-17.3604 -0.456853
-17.5127 -0.304569
-17.5127 -0.152284
-17.665 0
-17.665 0.152284
-17.8173 0.456853
-17.9695 0.609137
-17.9695 0.761421
-18.1218 0.913706
-18.1218 1.06599
-18.2741 1.21827
-18.4264 1.52284
-18.4264 1.67513
-18.5787 1.82741
-18.5787 1.9797
-18.731 2.13198
-18.8832 2.28426
-18.8832 2.58883
-19.0355 2.74112
-19.1878 2.8934
-19.1878 3.04569
-19.3401 3.19797
-19.4924 3.35025
-19.6447 3.65482
-19.797 3.80711
-19.797 3.95939
-19.9492 4.26396
-20.1015 4.41624
-20.2538 4.56853
-20.4061 4.8731
-20.5584 5.02538
-20.7107 5.17766
-20.8629 5.48223
-20.8629 5.63452
-21.0152 5.93909
-21.1675 6.09137
-21.3198 6.39594
-21.3198 6.54822
-21.4721 6.85279
-21.4721 7.15736
-21.6244 7.30964
-21.6244 7.61421
-21.6244 7.91878
-21.7766 8.07107
-21.7766 8.37563
-21.7766 8.6802
-21.7766 8.83249
-21.7766 9.13706
-21.6244 9.28934
-21.6244 9.59391
-21.6244 9.89848
-21.4721 10.0508
-21.4721 10.3553
-21.3198 10.5076
-21.1675 10.8122
-21.0152 10.9645
-21.0152 11.269
-20.8629 11.4213
-20.7107 11.5736
-20.5584 11.8782
-20.4061 12.0305
-20.2538 12.1827
-19.9492 12.335
-19.797 12.4873
-19.6447 12.7919
-19.4924 12.9442
-19.3401 13.0964
-19.0355 13.2487
-18.8832 13.401
-18.731 13.5533
-18.4264 13.5533
-18.2741 13.7056
-18.1218 13.8579
-17.8173 14.0102
-17.665 14.1624
-17.3604 14.1624
-17.2081 14.3147
-17.0558 14.467
-16.7513 14.6193
-16.599 14.6193
-16.2944 14.7716
-16.1421 14.7716
-15.9898 14.9239
-15.6853 15.0761
-15.533 15.0761
-15.3807 15.2284
-15.0761 15.2284
-14.9239 15.3807
-14.7716 15.3807
-14.467 15.533
-14.3147 15.533
-14.1624 15.6853
-13.8579 15.6853
-13.7056 15.6853
-13.5533 15.8376
-13.401 15.8376
-13.0964 15.9898
-12.9442 15.9898
-12.7919 16.1421
-12.6396 16.1421
-12.335 16.2944
-12.1827 16.2944
-12.0305 16.4467
-11.8782 16.4467
-11.7259 16.599
-11.4213 16.599
-11.269 16.7513
-11.1168 16.7513
-10.9645 16.7513
-10.6599 16.9036
-10.5076 16.9036
-10.3553 16.9036
-10.0508 17.0558
-9.89848 17.0558
-9.74619 17.0558
-9.59391 17.2081
-9.28934 17.2081
-9.13706 17.2081
-8.98477 17.2081
-8.6802 17.2081
-8.52792 17.2081
-8.37563 17.2081
-8.07107 17.2081
-7.91878 17.2081
-7.7665 17.2081
-7.46193 17.2081
-7.30964 17.2081
-7.15736 17.2081
-6.85279 17.2081
-6.70051 17.2081
-6.54822 17.0558
-6.24365 17.0558
-6.09137 17.0558
-5.93909 16.9036
-5.7868 16.9036
-5.48223 16.9036
-5.32995 16.7513
-5.17766 16.7513
-5.02538 16.7513
-4.72081 16.599
-4.56853 16.599
-4.41624 16.4467
-4.26396 16.4467
-3.95939 16.2944
-3.80711 16.2944
-3.65482 16.1421
-3.50254 16.1421
-3.35025 15.9898
-3.19797 15.9898
-2.8934 15.8376
-2.74112 15.6853
-2.58883 15.6853
-2.43655 15.533
-2.28426 15.533
-2.13198 15.3807
-1.9797 15.2284
-1.67513 15.2284
-1.52284 15.0761
-1.37056 14.9239
-1.21827 14.9239
-1.06599 14.7716
-0.913706 14.6193
-0.761421 14.467
-0.609137 14.467
-0.456853 14.3147
-0.152284 14.1624
0 14.1624
0.152284 14.0102
0.304569 13.8579
0.456853 13.7056
0.609137 13.5533
0.761421 13.5533
0.913706 13.401
1.06599 13.2487
1.21827 13.0964
1.37056 12.9442
1.52284 12.7919
1.67513 12.6396
1.82741 12.4873
1.9797 12.335
2.13198 12.1827
2.28426 12.0305
2.43655 11.8782
2.58883 11.7259
2.74112 11.5736
2.8934 11.4213
3.04569 11.269
3.04569 10.9645
3.19797 10.8122
3.35025 10.6599
3.35025 10.5076
3.50254 10.203
3.50254 10.0508
3.65482 9.89848
3.65482 9.59391
3.80711 9.44162
3.80711 9.28934
3.80711 8.98477
3.95939 8.83249
3.95939 8.6802
3.95939 8.37563
4.11168 8.22335
4.11168 8.07107
4.11168 7.7665
4.26396 7.61421
4.26396 7.30964
4.26396 7.15736
4.41624 7.00508
4.41624 6.70051
4.56853 6.54822
4.56853 6.39594
4.72081 6.09137
4.72081 5.93909
