4.72081 5.63452
4.8731 5.32995
5.02538 5.17766
5.02538 4.8731
5.17766 4.72081
5.17766 4.41624
5.32995 4.26396
5.32995 3.95939
5.32995 3.80711
5.32995 3.50254
5.32995 3.19797
5.32995 3.04569
5.32995 2.74112
5.32995 2.58883
5.17766 2.28426
5.17766 2.13198
5.17766 1.82741
5.02538 1.67513
4.8731 1.37056
4.8731 1.21827
4.72081 1.06599
4.56853 0.761421
4.56853 0.609137
4.41624 0.304569
4.26396 0.152284
4.11168 0
4.11168 -0.304569
3.95939 -0.456853
3.80711 -0.609137
3.65482 -0.761421
3.50254 -1.06599
3.35025 -1.21827
3.19797 -1.37056
3.04569 -1.52284
2.8934 -1.67513
2.74112 -1.82741
2.58883 -1.9797
2.43655 -2.28426
2.28426 -2.43655
2.13198 -2.58883
1.9797 -2.74112
1.82741 -2.8934
1.52284 -3.04569
1.37056 -3.04569
1.21827 -3.19797
1.06599 -3.35025
0.913706 -3.50254
0.609137 -3.65482
0.456853 -3.65482
0.304569 -3.80711
0 -3.95939
-0.152284 -3.95939
-0.304569 -4.11168
-0.609137 -4.26396
-0.761421 -4.26396
-0.913706 -4.41624
-1.21827 -4.41624
-1.37056 -4.56853
-1.52284 -4.56853
-1.82741 -4.72081
-1.9797 -4.72081
-2.13198 -4.72081
-2.43655 -4.8731
-2.58883 -4.8731
-2.74112 -4.8731
-3.04569 -5.02538
-3.19797 -5.02538
-3.35025 -5.02538
-3.65482 -5.17766
-3.80711 -5.17766
-3.95939 -5.17766
-4.26396 -5.32995
-4.41624 -5.32995
-4.56853 -5.32995
-4.72081 -5.48223
-5.02538 -5.48223
-5.17766 -5.48223
-5.32995 -5.63452
-5.63452 -5.63452
-5.7868 -5.7868
-5.93909 -5.7868
-6.09137 -5.7868
-6.39594 -5.93909
-6.54822 -5.93909
-6.70051 -5.93909
-7.00508 -5.93909
-7.15736 -6.09137
-7.30964 -6.09137
-7.61421 -6.09137
-7.7665 -6.09137
-7.91878 -6.09137
-8.22335 -6.24365
-8.37563 -6.24365
-8.52792 -6.24365
-8.83249 -6.24365
-8.98477 -6.24365
-9.13706 -6.24365
-9.44162 -6.09137
-9.59391 -6.09137
-9.74619 -6.09137
-10.0508 -6.09137
-10.203 -5.93909
-10.3553 -5.93909
-10.6599 -5.93909
-10.8122 -5.7868
-10.9645 -5.7868
-11.269 -5.63452
-11.4213 -5.63452
-11.5736 -5.48223
-11.7259 -5.48223
-12.0305 -5.32995
-12.1827 -5.32995
-12.335 -5.17766
-12.4873 -5.02538
-12.6396 -5.02538
-12.7919 -4.8731
-12.9442 -4.72081
-13.2487 -4.72081
-13.401 -4.56853
-13.5533 -4.41624
-13.7056 -4.26396
-13.8579 -4.11168
-14.0102 -4.11168
-14.1624 -3.95939
-14.3147 -3.80711
-14.467 -3.65482
-14.6193 -3.50254
-14.7716 -3.50254
-14.9239 -3.35025
-15.0761 -3.19797
-15.2284 -3.04569
-15.3807 -2.8934
-15.533 -2.74112
-15.6853 -2.58883
-15.8376 -2.43655
-15.9898 -2.28426
-16.1421 -2.28426
-16.1421 -2.13198
-16.2944 -1.9797
-16.4467 -1.82741
-16.599 -1.67513
-16.7513 -1.52284
-16.7513 -1.37056
-16.9036 -1.21827
-17.0558 -1.06599
-17.2081 -0.761421
-17.3604 -0.609137
-17.3604 -0.456853
-17.5127 -0.304569
-17.665 -0.152284
-17.665 0
-17.8173 0.152284
-17.9695 0.304569
-17.9695 0.456853
-18.1218 0.609137
-18.2741 0.761421
-18.2741 1.06599
-18.4264 1.21827
-18.5787 1.37056
-18.5787 1.52284
-18.731 1.67513
-18.8832 1.82741
-18.8832 1.9797
-19.0355 2.28426
-19.1878 2.43655
-19.1878 2.58883
-19.3401 2.74112
-19.4924 2.8934
-19.6447 3.19797
-19.797 3.35025
-19.797 3.50254
-19.9492 3.65482
-20.1015 3.95939
-20.2538 4.11168
-20.4061 4.26396
-20.5584 4.56853
-20.7107 4.72081
-20.8629 4.8731
-20.8629 5.17766
-21.0152 5.32995
-21.1675 5.63452
-21.3198 5.7868
-21.3198 6.09137
-21.4721 6.39594
-21.4721 6.54822
-21.6244 6.85279
-21.6244 7.00508
-21.7766 7.30964
-21.7766 7.61421
-21.7766 7.7665
-21.7766 8.07107
-21.7766 8.37563
-21.7766 8.52792
-21.7766 8.83249
-21.7766 8.98477
-21.6244 9.28934
-21.6244 9.59391
-21.4721 9.74619
-21.3198 10.0508
-21.3198 10.203
-21.1675 10.3553
-21.0152 10.6599
-20.8629 10.8122
-20.7107 11.1168
-20.5584 11.269
-20.4061 11.4213
-20.2538 11.5736
-20.1015 11.8782
-19.9492 12.0305
-19.797 12.1827
-19.4924 12.335
-19.3401 12.4873
-19.1878 12.6396
-19.0355 12.7919
-18.731 12.9442
-18.5787 13.0964
-18.4264 13.2487
-18.2741 13.401
-17.9695 13.5533
-17.8173 13.5533
-17.665 13.7056
-17.5127 13.8579
-17.2081 14.0102
-17.0558 14.1624
-16.9036 14.1624
-16.599 14.3147
-16.4467 14.467
-16.2944 14.6193
-16.1421 14.6193
-15.8376 14.7716
-15.6853 14.9239
-15.533 14.9239
-15.3807 15.0761
-15.0761 15.0761
-14.9239 15.2284
-14.7716 15.3807
-14.6193 15.3807
-14.3147 15.533
-14.1624 15.533
-14.0102 15.6853
-13.8579 15.8376
-13.5533 15.8376
-13.401 15.9898
-13.2487 15.9898
-13.0964 16.1421
-12.9442 16.1421
-12.6396 16.2944
-12.4873 16.2944
-12.335 16.2944
-12.1827 16.4467
-11.8782 16.4467
-11.7259 16.599
-11.5736 16.599
-11.269 16.599
-11.1168 16.7513
-10.9645 16.7513
-10.8122 16.7513
-10.5076 16.9036
-10.3553 16.9036
-10.203 16.9036
-9.89848 16.9036
-9.74619 17.0558
-9.59391 17.0558
-9.28934 17.0558
-9.13706 17.0558
-8.98477 17.0558
-8.83249 17.0558
-8.52792 17.0558
-8.37563 17.0558
-8.22335 17.0558
-7.91878 17.0558
-7.7665 17.0558
-7.61421 17.0558
-7.30964 17.0558
-7.15736 17.0558
-7.00508 17.0558
-6.70051 17.0558
-6.54822 17.0558
-6.39594 17.0558
-6.09137 16.9036
-5.93909 16.9036
-5.7868 16.9036
-5.63452 16.9036
-5.32995 16.7513
-5.17766 16.7513
-5.02538 16.599
-4.8731 16.599
-4.56853 16.599
-4.41624 16.4467
-4.26396 16.4467
-4.11168 16.2944
-3.80711 16.2944
-3.65482 16.1421
-3.50254 16.1421
-3.35025 15.9898
-3.19797 15.9898
-3.04569 15.8376
-2.74112 15.6853
-2.58883 15.6853
-2.43655 15.533
-2.28426 15.3807
-2.13198 15.3807
-1.9797 15.2284
-1.82741 15.0761
-1.67513 15.0761
-1.37056 14.9239
-1.21827 14.7716
-1.06599 14.7716
-0.913706 14.6193
-0.761421 14.467
-0.609137 14.3147
-0.456853 14.3147
-0.304569 14.1624
-0.152284 14.0102
0 14.0102
0.304569 13.8579
0.456853 13.7056
0.609137 13.5533
0.761421 13.401
0.913706 13.401
1.06599 13.2487
1.21827 13.0964
1.37056 12.9442
1.52284 12.7919
1.67513 12.6396
1.82741 12.4873
1.9797 12.335
2.13198 12.1827
2.28426 12.0305
2.43655 11.8782
2.58883 11.7259
2.74112 11.5736
2.8934 11.4213
3.04569 11.1168
3.04569 10.9645
3.19797 10.8122
3.35025 10.6599
3.35025 10.3553
3.50254 10.203
3.50254 10.0508
3.65482 9.74619
3.65482 9.59391
3.65482 9.44162
3.80711 9.13706
3.80711 8.98477
3.80711 8.83249
3.80711 8.52792
3.95939 8.37563
3.95939 8.22335
3.95939 7.91878
4.11168 7.7665
4.11168 7.46193
4.11168 7.30964
4.26396 7.15736
4.26396 6.85279
4.26396 6.70051
4.41624 6.54822
4.41624 6.24365
4.56853 6.09137
4.72081 5.7868
