4.72081 5.7868
4.8731 5.48223
5.02538 5.32995
5.02538 5.02538
5.17766 4.72081
5.17766 4.56853
5.32995 4.26396
5.32995 4.11168
5.32995 3.80711
5.32995 3.50254
5.32995 3.35025
5.32995 3.04569
5.32995 2.8934
5.32995 2.58883
5.17766 2.43655
5.17766 2.13198
5.17766 1.82741
5.02538 1.67513
5.02538 1.37056
4.8731 1.21827
4.72081 1.06599
4.72081 0.761421
4.56853 0.609137
4.41624 0.304569
4.26396 0.152284
4.11168 0
4.11168 -0.304569
3.95939 -0.456853
3.80711 -0.609137
3.65482 -0.913706
3.50254 -1.06599
3.35025 -1.21827
3.19797 -1.37056
3.04569 -1.52284
2.8934 -1.82741
2.74112 -1.9797
2.58883 -2.13198
2.28426 -2.28426
2.13198 -2.43655
1.9797 -2.58883
1.82741 -2.74112
1.67513 -2.8934
1.52284 -3.04569
1.21827 -3.19797
1.06599 -3.35025
0.913706 -3.35025
0.761421 -3.50254
0.456853 -3.65482
0.304569 -3.80711
0.152284 -3.80711
-0.152284 -3.95939
-0.304569 -4.11168
-0.456853 -4.11168
-0.761421 -4.26396
-0.913706 -4.41624
-1.06599 -4.41624
-1.37056 -4.56853
-1.52284 -4.56853
-1.82741 -4.56853
-1.9797 -4.72081
-2.13198 -4.72081
-2.43655 -4.8731
-2.58883 -4.8731
-2.74112 -5.02538
-3.04569 -5.02538
-3.19797 -5.02538
-3.35025 -5.17766
-3.65482 -5.17766
-3.80711 -5.17766
-3.95939 -5.32995
-4.26396 -5.32995
-4.41624 -5.32995
-4.56853 -5.48223
-4.8731 -5.48223
-5.02538 -5.48223
-5.17766 -5.63452
-5.32995 -5.63452
-5.63452 -5.7868
-5.7868 -5.7868
-5.93909 -5.7868
-6.24365 -5.93909
-6.39594 -5.93909
-6.54822 -5.93909
-6.85279 -6.09137
-7.00508 -6.09137
-7.15736 -6.09137
-7.46193 -6.09137
-7.61421 -6.24365
-7.7665 -6.24365
-8.07107 -6.24365
-8.22335 -6.24365
-8.37563 -6.24365
-8.6802 -6.24365
-8.83249 -6.24365
-9.13706 -6.24365
-9.28934 -6.24365
-9.44162 -6.24365
-9.74619 -6.24365
-9.89848 -6.24365
-10.0508 -6.24365
-10.3553 -6.09137
-10.5076 -6.09137
-10.8122 -6.09137
-10.9645 -5.93909
-11.1168 -5.93909
-11.269 -5.7868
-11.5736 -5.7868
-11.7259 -5.63452
-11.8782 -5.63452
-12.0305 -5.48223
-12.335 -5.32995
-12.4873 -5.32995
-12.6396 -5.17766
-12.7919 -5.02538
-12.9442 -5.02538
-13.2487 -4.8731
-13.401 -4.72081
-13.5533 -4.56853
-13.7056 -4.56853
-13.8579 -4.41624
-14.0102 -4.26396
-14.1624 -4.11168
-14.3147 -3.95939
-14.467 -3.95939
-14.6193 -3.80711
-14.7716 -3.65482
-14.9239 -3.50254
-15.0761 -3.35025
-15.2284 -3.19797
-15.3807 -3.04569
-15.533 -2.8934
-15.6853 -2.74112
-15.8376 -2.58883
-15.9898 -2.58883
-15.9898 -2.43655
-16.1421 -2.28426
-16.2944 -2.13198
-16.4467 -1.9797
-16.599 -1.82741
-16.7513 -1.67513
-16.7513 -1.52284
-16.9036 -1.37056
-17.0558 -1.21827
-17.2081 -1.06599
-17.3604 -0.913706
-17.3604 -0.761421
-17.5127 -0.609137
-17.665 -0.456853
-17.8173 -0.152284
-17.8173 0
-17.9695 0.152284
-18.1218 0.304569
-18.1218 0.456853
-18.2741 0.609137
-18.4264 0.761421
-18.5787 0.913706
-18.5787 1.06599
-18.731 1.21827
-18.8832 1.37056
-19.0355 1.67513
-19.0355 1.82741
-19.1878 1.9797
-19.3401 2.13198
-19.4924 2.28426
-19.4924 2.43655
-19.6447 2.58883
-19.797 2.8934
-19.9492 3.04569
-20.1015 3.19797
-20.1015 3.35025
-20.2538 3.65482
-20.4061 3.80711
-20.5584 3.95939
-20.7107 4.26396
-20.8629 4.41624
-21.0152 4.56853
-21.0152 4.8731
-21.1675 5.02538
-21.3198 5.32995
-21.4721 5.48223
-21.4721 5.7868
-21.6244 5.93909
-21.7766 6.24365
-21.7766 6.39594
-21.9289 6.70051
-21.9289 6.85279
-22.0812 7.15736
-22.0812 7.46193
-22.0812 7.61421
-22.0812 7.91878
-22.0812 8.22335
-22.0812 8.37563
-22.0812 8.6802
-22.0812 8.98477
-22.0812 9.13706
-21.9289 9.44162
-21.9289 9.59391
-21.7766 9.89848
-21.7766 10.0508
-21.6244 10.3553
-21.4721 10.5076
-21.3198 10.8122
-21.3198 10.9645
-21.1675 11.1168
-21.0152 11.4213
-20.8629 11.5736
-20.7107 11.7259
-20.4061 11.8782
-20.2538 12.1827
-20.1015 12.335
-19.9492 12.4873
-19.797 12.6396
-19.4924 12.7919
-19.3401 12.9442
-19.1878 13.0964
-18.8832 13.2487
-18.731 13.401
-18.5787 13.5533
-18.2741 13.5533
-18.1218 13.7056
-17.9695 13.8579
-17.665 14.0102
-17.5127 14.0102
-17.3604 14.1624
-17.0558 14.3147
-16.9036 14.3147
-16.7513 14.467
-16.4467 14.6193
-16.2944 14.6193
-16.1421 14.7716
-15.8376 14.7716
-15.6853 14.9239
-15.533 15.0761
-15.3807 15.0761
-15.0761 15.2284
-14.9239 15.2284
-14.7716 15.3807
-14.467 15.3807
-14.3147 15.533
-14.1624 15.533
-14.0102 15.6853
-13.8579 15.6853
-13.5533 15.8376
-13.401 15.8376
-13.2487 15.9898
-13.0964 15.9898
-12.7919 16.1421
-12.6396 16.1421
-12.4873 16.2944
-12.335 16.2944
-12.1827 16.4467
-11.8782 16.4467
-11.7259 16.599
-11.5736 16.599
-11.4213 16.7513
-11.1168 16.7513
-10.9645 16.7513
-10.8122 16.9036
-10.6599 16.9036
-10.3553 16.9036
-10.203 17.0558
-10.0508 17.0558
-9.89848 17.0558
-9.59391 17.0558
-9.44162 17.0558
-9.28934 17.0558
-8.98477 17.2081
-8.83249 17.2081
-8.6802 17.2081
-8.37563 17.2081
-8.22335 17.2081
-8.07107 17.0558
-7.7665 17.0558
-7.61421 17.0558
-7.46193 17.0558
-7.30964 17.0558
-7.00508 17.0558
-6.85279 16.9036
-6.70051 16.9036
-6.54822 16.9036
-6.24365 16.7513
-6.09137 16.7513
-5.93909 16.7513
-5.7868 16.599
-5.48223 16.599
-5.32995 16.599
-5.17766 16.4467
-5.02538 16.4467
-4.72081 16.2944
-4.56853 16.2944
-4.41624 16.1421
-4.26396 16.1421
-4.11168 15.9898
-3.80711 15.9898
-3.65482 15.8376
-3.50254 15.8376
-3.35025 15.6853
-3.19797 15.6853
-3.04569 15.533
-2.74112 15.533
-2.58883 15.3807
-2.43655 15.3807
-2.28426 15.2284
-2.13198 15.2284
-1.9797 15.0761
-1.82741 14.9239
-1.52284 14.9239
-1.37056 14.7716
-1.21827 14.6193
-1.06599 14.6193
-0.913706 14.467
-0.761421 14.467
-0.456853 14.3147
-0.304569 14.1624
-0.152284 14.0102
0 14.0102
0.152284 13.8579
0.304569 13.7056
0.609137 13.5533
0.761421 13.5533
0.913706 13.401
1.06599 13.2487
1.21827 13.0964
1.37056 12.9442
1.52284 12.7919
1.67513 12.6396
1.82741 12.4873
1.9797 12.335
2.13198 12.1827
2.28426 12.0305
2.43655 11.8782
2.58883 11.7259
2.74112 11.5736
2.8934 11.4213
2.8934 11.1168
3.04569 10.9645
3.19797 10.8122
3.19797 10.6599
3.35025 10.3553
3.35025 10.203
3.50254 9.89848
3.50254 9.74619
3.50254 9.59391
3.65482 9.28934
3.65482 9.13706
3.65482 8.98477
3.80711 8.6802
3.80711 8.52792
3.80711 8.22335
3.95939 8.07107
3.95939 7.91878
3.95939 7.61421
4.11168 7.46193
4.11168 7.30964
4.11168 7.00508
4.26396 6.85279
4.41624 6.54822
4.41624 6.39594
4.56853 6.24365
4.72081 5.93909
