4.72081 5.63452
4.8731 5.32995
5.02538 5.17766
5.17766 4.8731
5.17766 4.56853
5.32995 4.41624
5.32995 4.11168
5.32995 3.95939
5.32995 3.65482
5.32995 3.35025
5.32995 3.19797
5.32995 2.8934
5.32995 2.74112
5.32995 2.43655
5.17766 2.28426
5.17766 1.9797
5.02538 1.82741
5.02538 1.52284
4.8731 1.37056
4.8731 1.06599
4.72081 0.913706
4.56853 0.609137
4.41624 0.456853
4.26396 0.304569
4.26396 0
4.11168 -0.152284
3.95939 -0.304569
3.80711 -0.609137
3.65482 -0.761421
3.50254 -0.913706
3.35025 -1.06599
3.19797 -1.21827
3.04569 -1.52284
2.8934 -1.67513
2.74112 -1.82741
2.58883 -1.9797
2.43655 -2.13198
2.28426 -2.28426
2.13198 -2.43655
1.82741 -2.58883
1.67513 -2.74112
1.52284 -2.8934
1.37056 -3.04569
1.21827 -3.19797
0.913706 -3.35025
0.761421 -3.35025
0.609137 -3.50254
0.456853 -3.65482
0.152284 -3.80711
0 -3.80711
-0.152284 -3.95939
-0.456853 -4.11168
-0.609137 -4.11168
-0.761421 -4.26396
-1.06599 -4.26396
-1.21827 -4.41624
-1.37056 -4.41624
-1.67513 -4.56853
-1.82741 -4.56853
-1.9797 -4.72081
-2.28426 -4.72081
-2.43655 -4.8731
-2.58883 -4.8731
-2.8934 -5.02538
-3.04569 -5.02538
-3.19797 -5.02538
-3.50254 -5.17766
-3.65482 -5.17766
-3.80711 -5.17766
-3.95939 -5.32995
-4.26396 -5.32995
-4.41624 -5.32995
-4.56853 -5.48223
-4.8731 -5.48223
-5.02538 -5.48223
-5.17766 -5.63452
-5.32995 -5.63452
-5.63452 -5.7868
-5.7868 -5.7868
-5.93909 -5.7868
-6.09137 -5.93909
-6.39594 -5.93909
-6.54822 -5.93909
-6.70051 -6.09137
-7.00508 -6.09137
-7.15736 -6.09137
-7.30964 -6.24365
-7.61421 -6.24365
-7.7665 -6.24365
-7.91878 -6.24365
-8.22335 -6.24365
-8.37563 -6.24365
-8.52792 -6.39594
-8.83249 -6.39594
-8.98477 -6.39594
-9.28934 -6.39594
-9.44162 -6.24365
-9.59391 -6.24365
-9.89848 -6.24365
-10.0508 -6.24365
-10.203 -6.24365
-10.5076 -6.09137
-10.6599 -6.09137
-10.8122 -6.09137
-11.1168 -5.93909
-11.269 -5.93909
-11.4213 -5.7868
-11.5736 -5.7868
-11.8782 -5.63452
-12.0305 -5.63452
-12.1827 -5.48223
-12.335 -5.32995
-12.6396 -5.32995
-12.7919 -5.17766
-12.9442 -5.02538
-13.0964 -5.02538
-13.2487 -4.8731
-13.401 -4.72081
-13.5533 -4.56853
-13.7056 -4.56853
-13.8579 -4.41624
-14.1624 -4.26396
-14.3147 -4.11168
-14.467 -3.95939
-14.6193 -3.80711
-14.7716 -3.80711
-14.9239 -3.65482
-15.0761 -3.50254
-15.2284 -3.35025
-15.3807 -3.19797
-15.3807 -3.04569
-15.533 -2.8934
-15.6853 -2.74112
-15.8376 -2.74112
-15.9898 -2.58883
-16.1421 -2.43655
-16.2944 -2.28426
-16.4467 -2.13198
-16.599 -1.9797
-16.599 -1.82741
-16.7513 -1.67513
-16.9036 -1.52284
-17.0558 -1.37056
-17.2081 -1.21827
-17.2081 -1.06599
-17.3604 -0.913706
-17.5127 -0.761421
-17.665 -0.609137
-17.665 -0.456853
-17.8173 -0.152284
-17.9695 0
-17.9695 0.152284
-18.1218 0.304569
-18.2741 0.456853
-18.2741 0.609137
-18.4264 0.761421
-18.5787 0.913706
-18.731 1.06599
-18.731 1.21827
-18.8832 1.52284
-19.0355 1.67513
-19.0355 1.82741
-19.1878 1.9797
-19.3401 2.13198
-19.4924 2.28426
-19.4924 2.58883
-19.6447 2.74112
-19.797 2.8934
-19.9492 3.04569
-20.1015 3.19797
-20.2538 3.50254
-20.4061 3.65482
-20.4061 3.80711
-20.5584 4.11168
-20.7107 4.26396
-20.8629 4.41624
-21.0152 4.72081
-21.1675 4.8731
-21.3198 5.17766
-21.4721 5.32995
-21.4721 5.63452
-21.6244 5.7868
-21.7766 6.09137
-21.7766 6.24365
-21.9289 6.54822
-21.9289 6.70051
-22.0812 7.00508
-22.0812 7.30964
-22.2335 7.46193
-22.2335 7.7665
-22.2335 8.07107
-22.2335 8.37563
-22.2335 8.52792
-22.2335 8.83249
-22.2335 8.98477
-22.0812 9.28934
-22.0812 9.59391
-21.9289 9.74619
-21.9289 10.0508
-21.7766 10.203
-21.7766 10.5076
-21.6244 10.6599
-21.4721 10.9645
-21.3198 11.1168
-21.1675 11.4213
-21.0152 11.5736
-20.8629 11.7259
-20.7107 11.8782
-20.5584 12.1827
-20.4061 12.335
-20.1015 12.4873
-19.9492 12.6396
-19.797 12.7919
-19.4924 12.9442
-19.3401 13.0964
-19.1878 13.2487
-19.0355 13.401
-18.731 13.5533
-18.5787 13.7056
-18.2741 13.8579
-18.1218 13.8579
-17.9695 14.0102
-17.665 14.1624
-17.5127 14.3147
-17.3604 14.3147
-17.0558 14.467
-16.9036 14.6193
-16.599 14.6193
-16.4467 14.7716
-16.2944 14.9239
-15.9898 14.9239
-15.8376 15.0761
-15.6853 15.0761
-15.3807 15.2284
-15.2284 15.2284
-15.0761 15.3807
-14.7716 15.3807
-14.6193 15.533
-14.467 15.533
-14.3147 15.6853
-14.0102 15.6853
-13.8579 15.8376
-13.7056 15.8376
-13.401 15.9898
-13.2487 15.9898
-13.0964 16.1421
-12.9442 16.1421
-12.6396 16.2944
-12.4873 16.2944
-12.335 16.2944
-12.1827 16.4467
-11.8782 16.4467
-11.7259 16.599
-11.5736 16.599
-11.4213 16.599
-11.1168 16.7513
-10.9645 16.7513
-10.8122 16.7513
-10.5076 16.9036
-10.3553 16.9036
-10.203 16.9036
-10.0508 16.9036
-9.74619 17.0558
-9.59391 17.0558
-9.44162 17.0558
-9.13706 17.0558
-8.98477 17.0558
-8.83249 17.0558
-8.52792 17.0558
-8.37563 17.0558
-8.22335 17.0558
-7.91878 17.0558
-7.7665 17.0558
-7.61421 17.0558
-7.46193 16.9036
-7.15736 16.9036
-7.00508 16.9036
-6.85279 16.9036
-6.54822 16.7513
-6.39594 16.7513
-6.24365 16.7513
-6.09137 16.7513
-5.7868 16.599
-5.63452 16.599
-5.48223 16.4467
-5.32995 16.4467
-5.02538 16.4467
-4.8731 16.2944
-4.72081 16.2944
-4.56853 16.1421
-4.26396 16.1421
-4.11168 16.1421
-3.95939 15.9898
-3.80711 15.9898
-3.65482 15.8376
-3.35025 15.8376
-3.19797 15.6853
-3.04569 15.6853
-2.8934 15.533
-2.74112 15.533
-2.58883 15.3807
-2.28426 15.2284
-2.13198 15.2284
-1.9797 15.0761
-1.82741 15.0761
-1.67513 14.9239
-1.52284 14.7716
-1.21827 14.7716
-1.06599 14.6193
-0.913706 14.467
-0.761421 14.467
-0.609137 14.3147
-0.456853 14.1624
-0.152284 14.1624
0 14.0102
0.152284 13.8579
0.304569 13.8579
0.456853 13.7056
0.609137 13.5533
0.913706 13.401
1.06599 13.2487
1.21827 13.0964
1.37056 12.9442
1.52284 12.9442
1.67513 12.7919
1.82741 12.6396
1.9797 12.4873
2.13198 12.335
2.28426 12.1827
2.43655 11.8782
2.58883 11.7259
2.74112 11.5736
2.74112 11.4213
2.8934 11.269
3.04569 10.9645
3.19797 10.8122
3.19797 10.6599
3.35025 10.5076
3.35025 10.203
3.50254 10.0508
3.50254 9.89848
3.50254 9.59391
3.65482 9.44162
3.65482 9.13706
3.65482 8.98477
3.80711 8.83249
3.80711 8.52792
3.80711 8.37563
3.95939 8.07107
3.95939 7.91878
3.95939 7.7665
4.11168 7.46193
4.11168 7.30964
4.11168 7.15736
4.26396 6.85279
4.26396 6.70051
4.41624 6.39594
4.41624 6.24365
4.56853 5.93909
4.72081 5.7868
