4.72081 5.63452
4.8731 5.48223
5.02538 5.17766
5.17766 4.8731
5.17766 4.72081
5.32995 4.41624
5.32995 4.26396
5.32995 3.95939
5.32995 3.65482
5.32995 3.50254
5.32995 3.19797
5.32995 3.04569
5.32995 2.74112
5.32995 2.58883
5.17766 2.28426
5.17766 1.9797
5.02538 1.82741
5.02538 1.67513
4.8731 1.37056
4.72081 1.21827
4.72081 0.913706
4.56853 0.761421
4.41624 0.456853
4.26396 0.304569
4.11168 0.152284
3.95939 -0.152284
3.80711 -0.304569
3.80711 -0.456853
3.65482 -0.609137
3.50254 -0.913706
3.35025 -1.06599
3.19797 -1.21827
3.04569 -1.37056
2.8934 -1.52284
2.74112 -1.82741
2.58883 -1.9797
2.43655 -2.13198
2.28426 -2.28426
2.13198 -2.43655
1.82741 -2.58883
1.67513 -2.74112
1.52284 -2.8934
1.37056 -3.04569
1.21827 -3.19797
1.06599 -3.35025
0.761421 -3.50254
0.609137 -3.50254
0.456853 -3.65482
0.304569 -3.80711
0 -3.95939
-0.152284 -3.95939
-0.304569 -4.11168
-0.609137 -4.26396
-0.761421 -4.26396
-0.913706 -4.41624
-1.21827 -4.56853
-1.37056 -4.56853
-1.52284 -4.72081
-1.82741 -4.72081
-1.9797 -4.8731
-2.13198 -4.8731
-2.43655 -4.8731
-2.58883 -5.02538
-2.74112 -5.02538
-3.04569 -5.17766
-3.19797 -5.17766
-3.35025 -5.17766
-3.65482 -5.32995
-3.80711 -5.32995
-3.95939 -5.32995
-4.26396 -5.48223
-4.41624 -5.48223
-4.56853 -5.48223
-4.8731 -5.63452
-5.02538 -5.63452
-5.17766 -5.63452
-5.48223 -5.7868
-5.63452 -5.7868
-5.7868 -5.7868
-6.09137 -5.93909
-6.24365 -5.93909
-6.39594 -5.93909
-6.54822 -6.09137
-6.85279 -6.09137
-7.00508 -6.09137
-7.15736 -6.09137
-7.46193 -6.24365
-7.61421 -6.24365
-7.91878 -6.24365
-8.07107 -6.24365
-8.22335 -6.24365
-8.52792 -6.24365
-8.6802 -6.24365
-8.83249 -6.24365
-9.13706 -6.24365
-9.28934 -6.24365
-9.44162 -6.24365
-9.74619 -6.24365
-9.89848 -6.24365
-10.203 -6.09137
-10.3553 -6.09137
-10.5076 -6.09137
-10.8122 -5.93909
-10.9645 -5.93909
-11.1168 -5.93909
-11.269 -5.7868
-11.5736 -5.7868
-11.7259 -5.63452
-11.8782 -5.63452
-12.0305 -5.48223
-12.335 -5.32995
-12.4873 -5.32995
-12.6396 -5.17766
-12.7919 -5.02538
-12.9442 -5.02538
-13.0964 -4.8731
-13.401 -4.72081
-13.5533 -4.56853
-13.7056 -4.56853
-13.8579 -4.41624
-14.0102 -4.26396
-14.1624 -4.11168
-14.3147 -4.11168
-14.467 -3.95939
-14.6193 -3.80711
-14.7716 -3.65482
-14.9239 -3.50254
-15.0761 -3.35025
-15.2284 -3.35025
-15.3807 -3.19797
-15.533 -3.04569
-15.6853 -2.8934
-15.8376 -2.74112
-15.9898 -2.58883
-16.1421 -2.43655
-16.2944 -2.28426
-16.2944 -2.13198
-16.4467 -1.9797
-16.599 -1.82741
-16.7513 -1.67513
-16.9036 -1.52284
-17.0558 -1.37056
-17.0558 -1.21827
-17.2081 -1.06599
-17.3604 -0.913706
-17.5127 -0.761421
-17.5127 -0.609137
-17.665 -0.456853
-17.8173 -0.304569
-17.8173 -0.152284
-17.9695 0
-18.1218 0.152284
-18.1218 0.304569
-18.2741 0.609137
-18.4264 0.761421
-18.4264 0.913706
-18.5787 1.06599
-18.731 1.21827
-18.731 1.37056
-18.8832 1.52284
-19.0355 1.67513
-19.0355 1.9797
-19.1878 2.13198
-19.3401 2.28426
-19.3401 2.43655
-19.4924 2.58883
-19.6447 2.74112
-19.797 3.04569
-19.797 3.19797
-19.9492 3.35025
-20.1015 3.50254
-20.2538 3.80711
-20.4061 3.95939
-20.5584 4.11168
-20.7107 4.41624
-20.7107 4.56853
-20.8629 4.72081
-21.0152 5.02538
-21.1675 5.17766
-21.3198 5.48223
-21.4721 5.63452
-21.4721 5.93909
-21.6244 6.09137
-21.7766 6.39594
-21.7766 6.54822
-21.9289 6.85279
-21.9289 7.15736
-22.0812 7.30964
-22.0812 7.61421
-22.0812 7.7665
-22.0812 8.07107
-22.0812 8.37563
-22.0812 8.52792
-22.0812 8.83249
-22.0812 9.13706
-22.0812 9.28934
-22.0812 9.59391
-21.9289 9.89848
-21.9289 10.0508
-21.7766 10.3553
-21.6244 10.5076
-21.4721 10.8122
-21.4721 10.9645
-21.3198 11.1168
-21.1675 11.4213
-21.0152 11.5736
-20.8629 11.7259
-20.7107 12.0305
-20.5584 12.1827
-20.4061 12.335
-20.1015 12.4873
-19.9492 12.6396
-19.797 12.7919
-19.6447 12.9442
-19.3401 13.0964
-19.1878 13.2487
-19.0355 13.401
-18.731 13.5533
-18.5787 13.7056
-18.4264 13.8579
-18.1218 14.0102
-17.9695 14.0102
-17.665 14.1624
-17.5127 14.3147
-17.3604 14.3147
-17.0558 14.467
-16.9036 14.6193
-16.599 14.6193
-16.4467 14.7716
-16.2944 14.7716
-15.9898 14.9239
-15.8376 14.9239
-15.6853 15.0761
-15.3807 15.0761
-15.2284 15.2284
-15.0761 15.2284
-14.7716 15.3807
-14.6193 15.3807
-14.467 15.533
-14.1624 15.533
-14.0102 15.6853
-13.8579 15.6853
-13.7056 15.8376
-13.401 15.8376
-13.2487 15.9898
-13.0964 15.9898
-12.9442 16.1421
-12.7919 16.1421
-12.4873 16.1421
-12.335 16.2944
-12.1827 16.2944
-12.0305 16.4467
-11.7259 16.4467
-11.5736 16.599
-11.4213 16.599
-11.269 16.599
-10.9645 16.7513
-10.8122 16.7513
-10.6599 16.7513
-10.5076 16.9036
-10.203 16.9036
-10.0508 16.9036
-9.89848 16.9036
-9.59391 17.0558
-9.44162 17.0558
-9.28934 17.0558
-8.98477 17.0558
-8.83249 17.0558
-8.6802 17.0558
-8.52792 17.0558
-8.22335 17.0558
-8.07107 17.0558
-7.91878 17.0558
-7.61421 16.9036
-7.46193 16.9036
-7.30964 16.9036
-7.15736 16.9036
-6.85279 16.7513
-6.70051 16.7513
-6.54822 16.7513
-6.24365 16.7513
-6.09137 16.599
-5.93909 16.599
-5.7868 16.599
-5.63452 16.4467
-5.32995 16.4467
-5.17766 16.2944
-5.02538 16.2944
-4.8731 16.2944
-4.56853 16.1421
-4.41624 16.1421
-4.26396 15.9898
-4.11168 15.9898
-3.95939 15.9898
-3.65482 15.8376
-3.50254 15.8376
-3.35025 15.6853
-3.19797 15.6853
-3.04569 15.533
-2.74112 15.533
-2.58883 15.3807
-2.43655 15.3807
-2.28426 15.2284
-2.13198 15.2284
-1.82741 15.0761
-1.67513 15.0761
-1.52284 14.9239
-1.37056 14.7716
-1.21827 14.7716
-0.913706 14.6193
-0.761421 14.6193
-0.609137 14.467
-0.456853 14.3147
-0.304569 14.1624
-0.152284 14.1624
0.152284 14.0102
0.304569 13.8579
0.456853 13.7056
0.609137 13.7056
0.761421 13.5533
0.913706 13.401
1.06599 13.2487
1.21827 13.0964
1.37056 12.9442
1.52284 12.7919
1.67513 12.6396
1.82741 12.4873
1.9797 12.335
2.13198 12.1827
2.28426 12.0305
2.43655 11.8782
2.58883 11.7259
2.74112 11.4213
2.74112 11.269
2.8934 11.1168
3.04569 10.9645
3.04569 10.6599
3.19797 10.5076
3.35025 10.3553
3.35025 10.0508
3.50254 9.89848
3.50254 9.74619
3.50254 9.44162
3.65482 9.28934
3.65482 9.13706
3.80711 8.83249
3.80711 8.6802
3.80711 8.37563
3.95939 8.22335
3.95939 8.07107
3.95939 7.7665
4.11168 7.61421
4.11168 7.46193
4.26396 7.15736
4.26396 7.00508
4.26396 6.70051
4.41624 6.54822
4.56853 6.24365
4.56853 6.09137
4.72081 5.93909
