5.02538 5.32995
5.17766 5.17766
5.17766 4.8731
5.32995 4.72081
5.32995 4.41624
5.32995 4.26396
5.32995 3.95939
5.32995 3.80711
5.32995 3.50254
5.32995 3.19797
5.32995 3.04569
5.32995 2.74112
5.17766 2.58883
5.17766 2.28426
5.17766 2.13198
5.02538 1.82741
5.02538 1.67513
4.8731 1.37056
4.72081 1.21827
4.72081 0.913706
4.56853 0.761421
4.41624 0.609137
4.41624 0.304569
4.26396 0.152284
4.11168 0
3.95939 -0.304569
3.80711 -0.456853
3.65482 -0.609137
3.50254 -0.761421
3.35025 -1.06599
3.19797 -1.21827
3.04569 -1.37056
2.8934 -1.52284
2.74112 -1.67513
2.58883 -1.82741
2.43655 -1.9797
2.28426 -2.13198
2.13198 -2.28426
1.9797 -2.43655
1.82741 -2.58883
1.52284 -2.74112
1.37056 -2.8934
1.21827 -3.04569
1.06599 -3.19797
0.913706 -3.35025
0.609137 -3.35025
0.456853 -3.50254
0.304569 -3.65482
0.152284 -3.80711
-0.152284 -3.80711
-0.304569 -3.95939
-0.456853 -4.11168
-0.609137 -4.11168
-0.913706 -4.26396
-1.06599 -4.41624
-1.21827 -4.41624
-1.52284 -4.56853
-1.67513 -4.56853
-1.82741 -4.72081
-1.9797 -4.8731
-2.28426 -4.8731
-2.43655 -5.02538
-2.58883 -5.02538
-2.8934 -5.02538
-3.04569 -5.17766
-3.19797 -5.17766
-3.35025 -5.32995
-3.65482 -5.32995
-3.80711 -5.48223
-3.95939 -5.48223
-4.26396 -5.48223
-4.41624 -5.63452
-4.56853 -5.63452
-4.72081 -5.63452
-5.02538 -5.7868
-5.17766 -5.7868
-5.32995 -5.7868
-5.63452 -5.93909
-5.7868 -5.93909
-5.93909 -5.93909
-6.09137 -6.09137
-6.39594 -6.09137
-6.54822 -6.09137
-6.70051 -6.09137
-7.00508 -6.09137
-7.15736 -6.24365
-7.30964 -6.24365
-7.61421 -6.24365
-7.7665 -6.24365
-7.91878 -6.24365
-8.22335 -6.24365
-8.37563 -6.24365
-8.52792 -6.24365
-8.83249 -6.24365
-8.98477 -6.24365
-9.13706 -6.24365
-9.44162 -6.24365
-9.59391 -6.24365
-9.74619 -6.09137
-10.0508 -6.09137
-10.203 -6.09137
-10.3553 -6.09137
-10.6599 -5.93909
-10.8122 -5.93909
-10.9645 -5.93909
-11.1168 -5.7868
-11.4213 -5.7868
-11.5736 -5.63452
-11.7259 -5.63452
-11.8782 -5.48223
-12.1827 -5.48223
-12.335 -5.32995
-12.4873 -5.32995
-12.6396 -5.17766
-12.7919 -5.17766
-13.0964 -5.02538
-13.2487 -4.8731
-13.401 -4.8731
-13.5533 -4.72081
-13.7056 -4.56853
-13.8579 -4.41624
-14.0102 -4.41624
-14.1624 -4.26396
-14.3147 -4.11168
-14.467 -3.95939
-14.6193 -3.95939
-14.7716 -3.80711
-14.9239 -3.65482
-15.0761 -3.50254
-15.2284 -3.35025
-15.3807 -3.19797
-15.533 -3.04569
-15.6853 -2.8934
-15.8376 -2.8934
-15.9898 -2.74112
-16.1421 -2.58883
-16.2944 -2.43655
-16.4467 -2.28426
-16.4467 -2.13198
-16.599 -1.9797
-16.7513 -1.82741
-16.9036 -1.67513
-17.0558 -1.52284
-17.0558 -1.37056
-17.2081 -1.21827
-17.3604 -1.06599
-17.5127 -0.913706
-17.665 -0.761421
-17.665 -0.609137
-17.8173 -0.456853
-17.9695 -0.304569
-17.9695 0
-18.1218 0.152284
-18.2741 0.304569
-18.4264 0.456853
-18.4264 0.609137
-18.5787 0.761421
-18.731 0.913706
-18.8832 1.06599
-18.8832 1.21827
-19.0355 1.37056
-19.1878 1.67513
-19.3401 1.82741
-19.3401 1.9797
-19.4924 2.13198
-19.6447 2.28426
-19.797 2.43655
-19.9492 2.74112
-19.9492 2.8934
-20.1015 3.04569
-20.2538 3.19797
-20.4061 3.50254
-20.5584 3.65482
-20.7107 3.80711
-20.8629 4.11168
-21.0152 4.26396
-21.0152 4.56853
-21.1675 4.72081
-21.3198 4.8731
-21.4721 5.17766
-21.6244 5.32995
-21.6244 5.63452
-21.7766 5.93909
-21.9289 6.09137
-21.9289 6.39594
-22.0812 6.54822
-22.0812 6.85279
-22.0812 7.15736
-22.2335 7.30964
-22.2335 7.61421
-22.2335 7.91878
-22.2335 8.07107
-22.2335 8.37563
-22.2335 8.6802
-22.2335 8.83249
-22.2335 9.13706
-22.0812 9.44162
-22.0812 9.59391
-21.9289 9.89848
-21.9289 10.0508
-21.7766 10.3553
-21.6244 10.6599
-21.6244 10.8122
-21.4721 10.9645
-21.3198 11.269
-21.1675 11.4213
-21.0152 11.7259
-20.8629 11.8782
-20.7107 12.0305
-20.5584 12.1827
-20.2538 12.335
-20.1015 12.6396
-19.9492 12.7919
-19.797 12.9442
-19.4924 13.0964
-19.3401 13.2487
-19.1878 13.401
-18.8832 13.5533
-18.731 13.7056
-18.4264 13.7056
-18.2741 13.8579
-18.1218 14.0102
-17.8173 14.1624
-17.665 14.1624
-17.3604 14.3147
-17.2081 14.467
-16.9036 14.467
-16.7513 14.6193
-16.599 14.6193
-16.2944 14.7716
-16.1421 14.7716
-15.8376 14.9239
-15.6853 14.9239
-15.3807 15.0761
-15.2284 15.0761
-15.0761 15.2284
-14.7716 15.2284
-14.6193 15.3807
-14.467 15.3807
-14.1624 15.533
-14.0102 15.533
-13.8579 15.533
-13.7056 15.6853
-13.401 15.6853
-13.2487 15.8376
-13.0964 15.8376
-12.7919 15.9898
-12.6396 15.9898
-12.4873 16.1421
-12.335 16.1421
-12.1827 16.2944
-11.8782 16.2944
-11.7259 16.2944
-11.5736 16.4467
-11.4213 16.4467
-11.1168 16.599
-10.9645 16.599
-10.8122 16.599
-10.5076 16.7513
-10.3553 16.7513
-10.203 16.7513
-10.0508 16.9036
-9.74619 16.9036
-9.59391 16.9036
-9.44162 16.9036
-9.13706 17.0558
-8.98477 17.0558
-8.83249 17.0558
-8.52792 17.0558
-8.37563 17.0558
-8.22335 17.0558
-7.91878 17.0558
-7.7665 17.0558
-7.61421 17.0558
-7.30964 17.0558
-7.15736 16.9036
-7.00508 16.9036
-6.70051 16.9036
-6.54822 16.9036
-6.39594 16.9036
-6.09137 16.7513
-5.93909 16.7513
-5.7868 16.7513
-5.63452 16.599
-5.32995 16.599
-5.17766 16.599
-5.02538 16.4467
-4.8731 16.4467
-4.56853 16.2944
-4.41624 16.2944
-4.26396 16.1421
-4.11168 16.1421
-3.80711 15.9898
-3.65482 15.9898
-3.50254 15.8376
-3.35025 15.8376
-3.19797 15.6853
-2.8934 15.6853
-2.74112 15.533
-2.58883 15.3807
-2.43655 15.3807
-2.28426 15.2284
-2.13198 15.0761
-1.9797 15.0761
-1.67513 14.9239
-1.52284 14.7716
-1.37056 14.7716
-1.21827 14.6193
-1.06599 14.467
-0.913706 14.467
-0.761421 14.3147
-0.456853 14.1624
-0.304569 14.0102
-0.152284 14.0102
0 13.8579
0.152284 13.7056
0.304569 13.7056
0.609137 13.5533
0.761421 13.401
0.913706 13.2487
1.06599 13.0964
1.21827 13.0964
1.37056 12.9442
1.52284 12.7919
1.82741 12.6396
1.9797 12.4873
2.13198 12.335
2.28426 12.1827
2.43655 12.0305
2.58883 11.8782
2.74112 11.7259
2.74112 11.4213
2.8934 11.269
3.04569 11.1168
3.19797 10.9645
3.35025 10.8122
3.35025 10.5076
3.50254 10.3553
3.50254 10.203
3.65482 9.89848
3.65482 9.74619
3.65482 9.44162
3.80711 9.28934
3.80711 9.13706
3.80711 8.83249
3.95939 8.6802
3.95939 8.37563
3.95939 8.22335
3.95939 8.07107
4.11168 7.7665
4.11168 7.61421
4.11168 7.30964
4.26396 7.15736
4.26396 7.00508
4.41624 6.70051
4.41624 6.54822
4.56853 6.24365
4.72081 6.09137
4.72081 5.7868
4.8731 5.63452
