5.02538 5.48223
5.17766 5.32995
5.17766 5.02538
5.17766 4.8731
5.17766 4.56853
5.17766 4.26396
5.17766 4.11168
5.17766 3.80711
5.17766 3.65482
5.17766 3.35025
5.17766 3.19797
5.17766 2.8934
5.17766 2.74112
5.02538 2.43655
5.02538 2.28426
5.02538 1.9797
4.8731 1.82741
4.8731 1.52284
4.72081 1.37056
4.72081 1.06599
4.56853 0.913706
4.41624 0.609137
4.41624 0.456853
4.26396 0.304569
4.11168 0
3.95939 -0.152284
3.80711 -0.304569
3.80711 -0.609137
3.65482 -0.761421
3.50254 -0.913706
3.35025 -1.06599
3.19797 -1.21827
3.04569 -1.52284
2.8934 -1.67513
2.74112 -1.82741
2.58883 -1.9797
2.28426 -2.13198
2.13198 -2.28426
1.9797 -2.43655
1.82741 -2.58883
1.67513 -2.74112
1.52284 -2.8934
1.21827 -3.04569
1.06599 -3.04569
0.913706 -3.19797
0.761421 -3.35025
0.456853 -3.50254
0.304569 -3.65482
0.152284 -3.65482
0 -3.80711
-0.304569 -3.95939
-0.456853 -3.95939
-0.609137 -4.11168
-0.761421 -4.26396
-1.06599 -4.26396
-1.21827 -4.41624
-1.37056 -4.41624
-1.67513 -4.56853
-1.82741 -4.72081
-1.9797 -4.72081
-2.13198 -4.8731
-2.43655 -4.8731
-2.58883 -5.02538
-2.74112 -5.02538
-3.04569 -5.02538
-3.19797 -5.17766
-3.35025 -5.17766
-3.50254 -5.32995
-3.80711 -5.32995
-3.95939 -5.48223
-4.11168 -5.48223
-4.41624 -5.48223
-4.56853 -5.63452
-4.72081 -5.63452
-4.8731 -5.63452
-5.17766 -5.7868
-5.32995 -5.7868
-5.48223 -5.7868
-5.7868 -5.93909
-5.93909 -5.93909
-6.09137 -5.93909
-6.39594 -5.93909
-6.54822 -6.09137
-6.70051 -6.09137
-6.85279 -6.09137
-7.15736 -6.09137
-7.30964 -6.09137
-7.46193 -6.09137
-7.7665 -6.24365
-7.91878 -6.24365
-8.22335 -6.24365
-8.37563 -6.24365
-8.52792 -6.24365
-8.83249 -6.24365
-8.98477 -6.24365
-9.13706 -6.24365
-9.44162 -6.09137
-9.59391 -6.09137
-9.74619 -6.09137
-10.0508 -6.09137
-10.203 -5.93909
-10.3553 -5.93909
-10.5076 -5.93909
-10.8122 -5.7868
-10.9645 -5.7868
-11.1168 -5.7868
-11.4213 -5.63452
-11.5736 -5.63452
-11.7259 -5.48223
-11.8782 -5.48223
-12.0305 -5.32995
-12.335 -5.32995
-12.4873 -5.17766
-12.6396 -5.02538
-12.7919 -5.02538
-12.9442 -4.8731
-13.2487 -4.8731
-13.401 -4.72081
-13.5533 -4.56853
-13.7056 -4.56853
-13.8579 -4.41624
-14.0102 -4.26396
-14.1624 -4.11168
-14.3147 -4.11168
-14.467 -3.95939
-14.6193 -3.80711
-14.7716 -3.65482
-15.0761 -3.65482
-15.2284 -3.50254
-15.3807 -3.35025
-15.533 -3.19797
-15.6853 -3.04569
-15.8376 -2.8934
-15.9898 -2.8934
-15.9898 -2.74112
-16.1421 -2.58883
-16.2944 -2.43655
-16.4467 -2.28426
-16.599 -2.13198
-16.7513 -1.9797
-16.9036 -1.82741
-17.0558 -1.67513
-17.2081 -1.52284
-17.3604 -1.37056
-17.5127 -1.21827
-17.5127 -1.06599
-17.665 -0.913706
-17.8173 -0.761421
-17.9695 -0.609137
-18.1218 -0.456853
-18.1218 -0.304569
-18.2741 -0.152284
-18.4264 0
-18.5787 0.152284
-18.5787 0.456853
-18.731 0.609137
-18.8832 0.761421
-19.0355 0.913706
-19.1878 1.06599
-19.1878 1.21827
-19.3401 1.37056
-19.4924 1.67513
-19.6447 1.82741
-19.6447 1.9797
-19.797 2.13198
-19.9492 2.28426
-20.1015 2.58883
-20.1015 2.74112
-20.2538 2.8934
-20.4061 3.04569
-20.5584 3.35025
-20.7107 3.50254
-20.8629 3.65482
-20.8629 3.95939
-21.0152 4.11168
-21.1675 4.41624
-21.3198 4.56853
-21.3198 4.8731
-21.4721 5.02538
-21.6244 5.32995
-21.7766 5.48223
-21.7766 5.7868
-21.9289 5.93909
-21.9289 6.24365
-22.0812 6.54822
-22.0812 6.70051
-22.0812 7.00508
-22.2335 7.15736
-22.2335 7.46193
-22.2335 7.7665
-22.2335 7.91878
-22.2335 8.22335
-22.2335 8.52792
-22.2335 8.6802
-22.2335 8.98477
-22.0812 9.28934
-22.0812 9.44162
-21.9289 9.74619
-21.9289 9.89848
-21.7766 10.203
-21.6244 10.5076
-21.6244 10.6599
-21.4721 10.8122
-21.3198 11.1168
-21.1675 11.269
-21.0152 11.5736
-20.8629 11.7259
-20.7107 11.8782
-20.5584 12.0305
-20.4061 12.335
-20.2538 12.4873
-19.9492 12.6396
-19.797 12.7919
-19.6447 12.9442
-19.4924 13.0964
-19.1878 13.2487
-19.0355 13.401
-18.8832 13.5533
-18.5787 13.7056
-18.4264 13.8579
-18.2741 14.0102
-17.9695 14.0102
-17.8173 14.1624
-17.5127 14.3147
-17.3604 14.467
-17.2081 14.467
-16.9036 14.6193
-16.7513 14.7716
-16.4467 14.7716
-16.2944 14.9239
-16.1421 14.9239
-15.8376 15.0761
-15.6853 15.0761
-15.533 15.2284
-15.2284 15.2284
-15.0761 15.3807
-14.9239 15.3807
-14.6193 15.533
-14.467 15.533
-14.3147 15.6853
-14.0102 15.6853
-13.8579 15.8376
-13.7056 15.8376
-13.401 15.9898
-13.2487 15.9898
-13.0964 15.9898
-12.9442 16.1421
-12.6396 16.1421
-12.4873 16.2944
-12.335 16.2944
-12.0305 16.2944
-11.8782 16.4467
-11.7259 16.4467
-11.5736 16.599
-11.269 16.599
-11.1168 16.599
-10.9645 16.599
-10.6599 16.7513
-10.5076 16.7513
-10.3553 16.7513
-10.203 16.7513
-9.89848 16.9036
-9.74619 16.9036
-9.59391 16.9036
-9.28934 16.9036
-9.13706 16.9036
-8.98477 16.9036
-8.6802 16.9036
-8.52792 16.9036
-8.37563 16.9036
-8.22335 16.9036
-7.91878 16.7513
-7.7665 16.7513
-7.61421 16.7513
-7.30964 16.7513
-7.15736 16.7513
-7.00508 16.599
-6.85279 16.599
-6.54822 16.599
-6.39594 16.4467
-6.24365 16.4467
-6.09137 16.4467
-5.7868 16.2944
-5.63452 16.2944
-5.48223 16.2944
-5.32995 16.1421
-5.17766 16.1421
-4.8731 15.9898
-4.72081 15.9898
-4.56853 15.9898
-4.41624 15.8376
-4.26396 15.8376
-3.95939 15.6853
-3.80711 15.6853
-3.65482 15.6853
-3.50254 15.533
-3.35025 15.533
-3.04569 15.3807
-2.8934 15.3807
-2.74112 15.2284
-2.58883 15.2284
-2.43655 15.0761
-2.13198 15.0761
-1.9797 14.9239
-1.82741 14.9239
-1.67513 14.7716
-1.52284 14.6193
-1.37056 14.6193
-1.06599 14.467
-0.913706 14.467
-0.761421 14.3147
-0.609137 14.1624
-0.456853 14.1624
-0.304569 14.0102
0 13.8579
0.152284 13.7056
0.304569 13.7056
0.456853 13.5533
0.609137 13.401
0.761421 13.2487
0.913706 13.0964
1.06599 12.9442
1.21827 12.7919
1.37056 12.6396
1.52284 12.6396
1.67513 12.4873
1.82741 12.335
1.9797 12.0305
2.13198 11.8782
2.28426 11.7259
2.43655 11.5736
2.58883 11.4213
2.74112 11.269
2.74112 11.1168
2.8934 10.9645
3.04569 10.6599
3.19797 10.5076
3.19797 10.3553
3.35025 10.203
3.50254 9.89848
3.50254 9.74619
3.65482 9.59391
3.65482 9.28934
3.80711 9.13706
3.80711 8.98477
3.95939 8.6802
3.95939 8.52792
4.11168 8.37563
4.11168 8.07107
4.26396 7.91878
4.26396 7.7665
4.41624 7.46193
4.41624 7.30964
4.41624 7.00508
4.56853 6.85279
4.56853 6.54822
4.72081 6.39594
4.72081 6.24365
4.8731 5.93909
4.8731 5.7868
