5.32995 5.48223
5.17766 5.17766
5.17766 5.02538
5.17766 4.72081
5.17766 4.56853
5.17766 4.26396
5.17766 4.11168
5.17766 3.80711
5.02538 3.50254
5.02538 3.35025
5.02538 3.04569
5.02538 2.8934
4.8731 2.58883
4.8731 2.43655
4.8731 2.13198
4.72081 1.9797
4.72081 1.67513
4.72081 1.52284
4.56853 1.21827
4.56853 1.06599
4.41624 0.761421
4.26396 0.609137
4.26396 0.304569
4.11168 0.152284
3.95939 -0.152284
3.95939 -0.304569
3.80711 -0.456853
3.65482 -0.761421
3.50254 -0.913706
3.35025 -1.06599
3.19797 -1.21827
3.04569 -1.52284
2.8934 -1.67513
2.74112 -1.82741
2.58883 -1.9797
2.43655 -2.13198
2.13198 -2.28426
1.9797 -2.43655
1.82741 -2.58883
1.67513 -2.74112
1.52284 -2.8934
1.21827 -3.04569
1.06599 -3.19797
0.913706 -3.35025
0.609137 -3.35025
0.456853 -3.50254
0.304569 -3.65482
0.152284 -3.80711
-0.152284 -3.80711
-0.304569 -3.95939
-0.456853 -4.11168
-0.761421 -4.11168
-0.913706 -4.26396
-1.06599 -4.41624
-1.37056 -4.41624
-1.52284 -4.56853
-1.67513 -4.56853
-1.9797 -4.72081
-2.13198 -4.72081
-2.28426 -4.8731
-2.43655 -4.8731
-2.74112 -5.02538
-2.8934 -5.02538
-3.04569 -5.17766
-3.35025 -5.17766
-3.50254 -5.32995
-3.65482 -5.32995
-3.95939 -5.32995
-4.11168 -5.48223
-4.26396 -5.48223
-4.41624 -5.48223
-4.72081 -5.63452
-4.8731 -5.63452
-5.02538 -5.7868
-5.32995 -5.7868
-5.48223 -5.7868
-5.63452 -5.93909
-5.93909 -5.93909
-6.09137 -5.93909
-6.24365 -5.93909
-6.54822 -6.09137
-6.70051 -6.09137
-6.85279 -6.09137
-7.00508 -6.09137
-7.30964 -6.24365
-7.46193 -6.24365
-7.61421 -6.24365
-7.91878 -6.24365
-8.07107 -6.24365
-8.37563 -6.24365
-8.52792 -6.24365
-8.6802 -6.24365
-8.98477 -6.24365
-9.13706 -6.24365
-9.28934 -6.24365
-9.59391 -6.24365
-9.74619 -6.09137
-9.89848 -6.09137
-10.203 -6.09137
-10.3553 -6.09137
-10.5076 -5.93909
-10.6599 -5.93909
-10.9645 -5.7868
-11.1168 -5.7868
-11.269 -5.7868
-11.4213 -5.63452
-11.7259 -5.48223
-11.8782 -5.48223
-12.0305 -5.32995
-12.1827 -5.32995
-12.335 -5.17766
-12.6396 -5.17766
-12.7919 -5.02538
-12.9442 -4.8731
-13.0964 -4.8731
-13.2487 -4.72081
-13.401 -4.56853
-13.5533 -4.56853
-13.7056 -4.41624
-13.8579 -4.26396
-14.0102 -4.11168
-14.1624 -4.11168
-14.467 -3.95939
-14.6193 -3.80711
-14.7716 -3.80711
-14.9239 -3.65482
-15.0761 -3.50254
-15.2284 -3.35025
-15.3807 -3.35025
-15.533 -3.19797
-15.6853 -3.04569
-15.8376 -2.8934
-15.9898 -2.74112
-16.1421 -2.74112
-16.2944 -2.58883
-16.4467 -2.43655
-16.599 -2.28426
-16.7513 -2.13198
-16.9036 -1.9797
-17.0558 -1.9797
-17.0558 -1.82741
-17.2081 -1.67513
-17.3604 -1.52284
-17.5127 -1.37056
-17.665 -1.21827
-17.8173 -1.06599
-17.9695 -0.913706
-18.1218 -0.761421
-18.1218 -0.609137
-18.2741 -0.456853
-18.4264 -0.304569
-18.5787 -0.152284
-18.731 0
-18.731 0.304569
-18.8832 0.456853
-19.0355 0.609137
-19.1878 0.761421
-19.1878 0.913706
-19.3401 1.06599
-19.4924 1.21827
-19.6447 1.37056
-19.797 1.67513
-19.797 1.82741
-19.9492 1.9797
-20.1015 2.13198
-20.2538 2.28426
-20.2538 2.58883
-20.4061 2.74112
-20.5584 2.8934
-20.7107 3.04569
-20.8629 3.35025
-21.0152 3.50254
-21.0152 3.65482
-21.1675 3.95939
-21.3198 4.11168
-21.4721 4.26396
-21.6244 4.56853
-21.7766 4.72081
-21.7766 5.02538
-21.9289 5.17766
-22.0812 5.48223
-22.0812 5.63452
-22.2335 5.93909
-22.3858 6.24365
-22.3858 6.39594
-22.3858 6.70051
-22.5381 7.00508
-22.5381 7.15736
-22.5381 7.46193
-22.5381 7.7665
-22.6904 7.91878
-22.6904 8.22335
-22.5381 8.52792
-22.5381 8.6802
-22.5381 8.98477
-22.5381 9.28934
-22.3858 9.44162
-22.3858 9.74619
-22.2335 9.89848
-22.0812 10.203
-22.0812 10.3553
-21.9289 10.6599
-21.7766 10.8122
-21.6244 11.1168
-21.4721 11.269
-21.3198 11.4213
-21.1675 11.5736
-21.0152 11.8782
-20.8629 12.0305
-20.7107 12.1827
-20.4061 12.335
-20.2538 12.4873
-20.1015 12.6396
-19.797 12.7919
-19.6447 12.9442
-19.4924 13.0964
-19.1878 13.2487
-19.0355 13.401
-18.8832 13.5533
-18.5787 13.7056
-18.4264 13.7056
-18.1218 13.8579
-17.9695 14.0102
-17.8173 14.1624
-17.5127 14.1624
-17.3604 14.3147
-17.0558 14.467
-16.9036 14.467
-16.7513 14.6193
-16.4467 14.6193
-16.2944 14.7716
-15.9898 14.7716
-15.8376 14.9239
-15.6853 14.9239
-15.3807 15.0761
-15.2284 15.0761
-15.0761 15.2284
-14.7716 15.2284
-14.6193 15.2284
-14.467 15.3807
-14.3147 15.3807
-14.0102 15.533
-13.8579 15.533
-13.7056 15.6853
-13.5533 15.6853
-13.2487 15.8376
-13.0964 15.8376
-12.9442 15.8376
-12.7919 15.9898
-12.4873 15.9898
-12.335 16.1421
-12.1827 16.1421
-12.0305 16.2944
-11.8782 16.2944
-11.5736 16.2944
-11.4213 16.4467
-11.269 16.4467
-11.1168 16.4467
-10.8122 16.599
-10.6599 16.599
-10.5076 16.599
-10.203 16.599
-10.0508 16.7513
-9.89848 16.7513
-9.74619 16.7513
-9.44162 16.7513
-9.28934 16.7513
-9.13706 16.7513
-8.83249 16.7513
-8.6802 16.7513
-8.52792 16.7513
-8.37563 16.7513
-8.07107 16.7513
-7.91878 16.7513
-7.7665 16.7513
-7.46193 16.7513
-7.30964 16.599
-7.15736 16.599
-7.00508 16.599
-6.70051 16.599
-6.54822 16.4467
-6.39594 16.4467
-6.24365 16.4467
-5.93909 16.4467
-5.7868 16.2944
-5.63452 16.2944
-5.48223 16.1421
-5.17766 16.1421
-5.02538 16.1421
-4.8731 15.9898
-4.72081 15.9898
-4.56853 15.8376
-4.26396 15.8376
-4.11168 15.6853
-3.95939 15.6853
-3.80711 15.533
-3.65482 15.533
-3.35025 15.3807
-3.19797 15.3807
-3.04569 15.2284
-2.8934 15.2284
-2.74112 15.0761
-2.58883 15.0761
-2.28426 14.9239
-2.13198 14.9239
-1.9797 14.7716
-1.82741 14.6193
-1.67513 14.6193
-1.52284 14.467
-1.21827 14.3147
-1.06599 14.3147
-0.913706 14.1624
-0.761421 14.0102
-0.609137 14.0102
-0.456853 13.8579
-0.304569 13.7056
0 13.7056
0.152284 13.5533
0.304569 13.401
0.456853 13.2487
0.609137 13.0964
0.761421 12.9442
0.913706 12.9442
1.21827 12.7919
1.37056 12.6396
1.52284 12.4873
1.67513 12.335
1.82741 12.1827
1.9797 12.0305
2.13198 11.8782
2.28426 11.7259
2.43655 11.5736
2.43655 11.269
2.58883 11.1168
2.74112 10.9645
2.8934 10.8122
3.04569 10.6599
3.19797 10.3553
3.19797 10.203
3.35025 10.0508
3.35025 9.74619
3.50254 9.59391
3.65482 9.44162
3.65482 9.13706
3.80711 8.98477
3.80711 8.83249
3.95939 8.52792
3.95939 8.37563
4.11168 8.07107
4.11168 7.91878
4.26396 7.7665
4.26396 7.46193
4.41624 7.30964
4.41624 7.00508
4.56853 6.85279
4.56853 6.54822
4.72081 6.39594
4.8731 6.24365
4.8731 5.93909
5.02538 5.63452
