5.48223 5.32995
5.48223 5.17766
5.32995 4.8731
5.32995 4.56853
5.32995 4.41624
5.32995 4.11168
5.32995 3.95939
5.17766 3.65482
5.17766 3.50254
5.17766 3.19797
5.17766 3.04569
5.02538 2.74112
5.02538 2.43655
5.02538 2.28426
4.8731 1.9797
4.8731 1.82741
4.72081 1.52284
4.72081 1.37056
4.56853 1.06599
4.56853 0.913706
4.41624 0.609137
4.41624 0.456853
4.26396 0.304569
4.11168 0
3.95939 -0.152284
3.80711 -0.456853
3.80711 -0.609137
3.65482 -0.761421
3.50254 -0.913706
3.35025 -1.21827
3.19797 -1.37056
3.04569 -1.52284
2.8934 -1.67513
2.74112 -1.82741
2.43655 -1.9797
2.28426 -2.13198
2.13198 -2.28426
1.9797 -2.43655
1.82741 -2.58883
1.52284 -2.74112
1.37056 -2.8934
1.21827 -3.04569
1.06599 -3.19797
0.761421 -3.35025
0.609137 -3.35025
0.456853 -3.50254
0.304569 -3.65482
0 -3.80711
-0.152284 -3.80711
-0.304569 -3.95939
-0.609137 -4.11168
-0.761421 -4.11168
-0.913706 -4.26396
-1.06599 -4.41624
-1.37056 -4.41624
-1.52284 -4.56853
-1.67513 -4.56853
-1.82741 -4.72081
-2.13198 -4.8731
-2.28426 -4.8731
-2.43655 -5.02538
-2.74112 -5.02538
-2.8934 -5.17766
-3.04569 -5.17766
-3.19797 -5.32995
-3.50254 -5.32995
-3.65482 -5.32995
-3.80711 -5.48223
-4.11168 -5.48223
-4.26396 -5.63452
-4.41624 -5.63452
-4.56853 -5.63452
-4.8731 -5.7868
-5.02538 -5.7868
-5.17766 -5.7868
-5.48223 -5.93909
-5.63452 -5.93909
-5.7868 -5.93909
-6.09137 -6.09137
-6.24365 -6.09137
-6.39594 -6.09137
-6.70051 -6.09137
-6.85279 -6.09137
-7.00508 -6.24365
-7.15736 -6.24365
-7.46193 -6.24365
-7.61421 -6.24365
-7.7665 -6.24365
-8.07107 -6.24365
-8.22335 -6.24365
-8.37563 -6.24365
-8.6802 -6.24365
-8.83249 -6.24365
-8.98477 -6.24365
-9.28934 -6.24365
-9.44162 -6.24365
-9.59391 -6.09137
-9.89848 -6.09137
-10.0508 -6.09137
-10.203 -6.09137
-10.5076 -5.93909
-10.6599 -5.93909
-10.8122 -5.93909
-10.9645 -5.7868
-11.269 -5.7868
-11.4213 -5.63452
-11.5736 -5.63452
-11.7259 -5.48223
-12.0305 -5.48223
-12.1827 -5.32995
-12.335 -5.32995
-12.4873 -5.17766
-12.6396 -5.17766
-12.7919 -5.02538
-13.0964 -4.8731
-13.2487 -4.8731
-13.401 -4.72081
-13.5533 -4.56853
-13.7056 -4.56853
-13.8579 -4.41624
-14.0102 -4.26396
-14.1624 -4.26396
-14.3147 -4.11168
-14.467 -3.95939
-14.6193 -3.80711
-14.7716 -3.80711
-14.9239 -3.65482
-15.0761 -3.50254
-15.2284 -3.35025
-15.3807 -3.35025
-15.533 -3.19797
-15.6853 -3.04569
-15.8376 -2.8934
-15.9898 -2.74112
-16.1421 -2.58883
-16.2944 -2.58883
-16.4467 -2.43655
-16.599 -2.28426
-16.7513 -2.13198
-16.9036 -1.9797
-17.0558 -1.82741
-17.2081 -1.67513
-17.3604 -1.52284
-17.5127 -1.37056
-17.5127 -1.21827
-17.665 -1.06599
-17.8173 -0.913706
-17.9695 -0.761421
-18.1218 -0.609137
-18.1218 -0.456853
-18.2741 -0.304569
-18.4264 -0.152284
-18.5787 0
-18.731 0.152284
-18.731 0.304569
-18.8832 0.456853
-19.0355 0.609137
-19.1878 0.761421
-19.1878 1.06599
-19.3401 1.21827
-19.4924 1.37056
-19.6447 1.52284
-19.6447 1.67513
-19.797 1.82741
-19.9492 2.13198
-20.1015 2.28426
-20.1015 2.43655
-20.2538 2.58883
-20.4061 2.8934
-20.5584 3.04569
-20.7107 3.19797
-20.7107 3.35025
-20.8629 3.65482
-21.0152 3.80711
-21.1675 3.95939
-21.3198 4.26396
-21.3198 4.41624
-21.4721 4.72081
-21.6244 4.8731
-21.7766 5.17766
-21.7766 5.32995
-21.9289 5.63452
-21.9289 5.7868
-22.0812 6.09137
-22.0812 6.39594
-22.2335 6.54822
-22.2335 6.85279
-22.2335 7.00508
-22.3858 7.30964
-22.3858 7.61421
-22.3858 7.7665
-22.3858 8.07107
-22.3858 8.37563
-22.3858 8.52792
-22.3858 8.83249
-22.2335 9.13706
-22.2335 9.28934
-22.0812 9.59391
-22.0812 9.74619
-21.9289 10.0508
-21.9289 10.203
-21.7766 10.5076
-21.6244 10.6599
-21.4721 10.9645
-21.3198 11.1168
-21.1675 11.269
-21.1675 11.5736
-20.8629 11.7259
-20.7107 11.8782
-20.5584 12.0305
-20.4061 12.335
-20.2538 12.4873
-20.1015 12.6396
-19.797 12.7919
-19.6447 12.9442
-19.4924 13.0964
-19.3401 13.2487
-19.0355 13.401
-18.8832 13.5533
-18.5787 13.5533
-18.4264 13.7056
-18.2741 13.8579
-17.9695 14.0102
-17.8173 14.0102
-17.5127 14.1624
-17.3604 14.3147
-17.2081 14.3147
-16.9036 14.467
-16.7513 14.467
-16.4467 14.6193
-16.2944 14.7716
-15.9898 14.7716
-15.8376 14.7716
-15.6853 14.9239
-15.3807 14.9239
-15.2284 15.0761
-15.0761 15.0761
-14.7716 15.2284
-14.6193 15.2284
-14.467 15.3807
-14.1624 15.3807
-14.0102 15.3807
-13.8579 15.533
-13.7056 15.533
-13.401 15.6853
-13.2487 15.6853
-13.0964 15.8376
-12.9442 15.8376
-12.6396 15.9898
-12.4873 15.9898
-12.335 15.9898
-12.1827 16.1421
-12.0305 16.1421
-11.7259 16.2944
-11.5736 16.2944
-11.4213 16.4467
-11.269 16.4467
-10.9645 16.4467
-10.8122 16.599
-10.6599 16.599
-10.5076 16.599
-10.203 16.7513
-10.0508 16.7513
-9.89848 16.7513
-9.59391 16.7513
-9.44162 16.7513
-9.28934 16.7513
-8.98477 16.7513
-8.83249 16.9036
-8.6802 16.9036
-8.37563 16.9036
-8.22335 16.9036
-8.07107 16.7513
-7.91878 16.7513
-7.61421 16.7513
-7.46193 16.7513
-7.30964 16.7513
-7.00508 16.7513
-6.85279 16.599
-6.70051 16.599
-6.39594 16.599
-6.24365 16.599
-6.09137 16.4467
-5.93909 16.4467
-5.63452 16.4467
-5.48223 16.2944
-5.32995 16.2944
-5.17766 16.2944
-4.8731 16.1421
-4.72081 16.1421
-4.56853 15.9898
-4.41624 15.9898
-4.26396 15.8376
-3.95939 15.8376
-3.80711 15.6853
-3.65482 15.6853
-3.50254 15.533
-3.35025 15.533
-3.04569 15.3807
-2.8934 15.3807
-2.74112 15.2284
-2.58883 15.0761
-2.43655 15.0761
-2.28426 14.9239
-1.9797 14.9239
-1.82741 14.7716
-1.67513 14.6193
-1.52284 14.6193
-1.37056 14.467
-1.21827 14.3147
-1.06599 14.3147
-0.761421 14.1624
-0.609137 14.0102
-0.456853 13.8579
-0.304569 13.8579
-0.152284 13.7056
0 13.5533
0.304569 13.5533
0.456853 13.401
0.609137 13.2487
0.761421 13.0964
0.913706 12.9442
1.06599 12.7919
1.21827 12.6396
1.52284 12.4873
1.67513 12.4873
1.82741 12.335
1.9797 12.1827
2.13198 12.0305
2.28426 11.7259
2.43655 11.5736
2.58883 11.4213
2.74112 11.269
2.74112 11.1168
2.8934 10.9645
3.04569 10.6599
3.19797 10.5076
3.19797 10.3553
3.35025 10.203
3.50254 9.89848
3.50254 9.74619
3.65482 9.59391
3.65482 9.28934
3.80711 9.13706
3.80711 8.83249
3.95939 8.6802
3.95939 8.52792
4.11168 8.22335
4.11168 8.07107
4.26396 7.7665
4.26396 7.61421
4.41624 7.46193
4.41624 7.15736
4.56853 7.00508
4.56853 6.70051
4.72081 6.54822
4.8731 6.24365
4.8731 6.09137
5.02538 5.7868
5.17766 5.63452
