5.17766 5.48223
5.32995 5.32995
5.32995 5.02538
5.48223 4.8731
5.48223 4.56853
5.48223 4.41624
5.48223 4.11168
5.48223 3.80711
5.48223 3.65482
5.48223 3.35025
5.48223 3.19797
5.32995 2.8934
5.32995 2.58883
5.32995 2.43655
5.17766 2.13198
5.17766 1.9797
5.02538 1.67513
4.8731 1.52284
4.8731 1.21827
4.72081 1.06599
4.56853 0.913706
4.56853 0.609137
4.41624 0.456853
4.26396 0.152284
4.11168 0
3.95939 -0.152284
3.80711 -0.456853
3.65482 -0.609137
3.50254 -0.761421
3.35025 -0.913706
3.19797 -1.06599
3.04569 -1.37056
2.8934 -1.52284
2.74112 -1.67513
2.58883 -1.82741
2.43655 -1.9797
2.28426 -2.13198
2.13198 -2.28426
1.9797 -2.43655
1.82741 -2.58883
1.67513 -2.74112
1.37056 -2.8934
1.21827 -3.04569
1.06599 -3.19797
0.913706 -3.35025
0.761421 -3.50254
0.456853 -3.65482
0.304569 -3.65482
0.152284 -3.80711
-0.152284 -3.95939
-0.304569 -4.11168
-0.456853 -4.11168
-0.609137 -4.26396
-0.913706 -4.26396
-1.06599 -4.41624
-1.21827 -4.56853
-1.52284 -4.56853
-1.67513 -4.72081
-1.82741 -4.72081
-2.13198 -4.8731
-2.28426 -4.8731
-2.43655 -5.02538
-2.74112 -5.02538
-2.8934 -5.17766
-3.04569 -5.17766
-3.35025 -5.17766
-3.50254 -5.32995
-3.65482 -5.32995
-3.95939 -5.48223
-4.11168 -5.48223
-4.26396 -5.48223
-4.41624 -5.63452
-4.72081 -5.63452
-4.8731 -5.63452
-5.02538 -5.7868
-5.32995 -5.7868
-5.48223 -5.7868
-5.63452 -5.93909
-5.93909 -5.93909
-6.09137 -5.93909
-6.24365 -6.09137
-6.54822 -6.09137
-6.70051 -6.09137
-6.85279 -6.09137
-7.15736 -6.09137
-7.30964 -6.24365
-7.46193 -6.24365
-7.7665 -6.24365
-7.91878 -6.24365
-8.07107 -6.24365
-8.37563 -6.24365
-8.52792 -6.24365
-8.6802 -6.24365
-8.98477 -6.24365
-9.13706 -6.24365
-9.28934 -6.24365
-9.59391 -6.09137
-9.74619 -6.09137
-9.89848 -6.09137
-10.203 -6.09137
-10.3553 -5.93909
-10.5076 -5.93909
-10.8122 -5.7868
-10.9645 -5.7868
-11.1168 -5.7868
-11.269 -5.63452
-11.5736 -5.48223
-11.7259 -5.48223
-11.8782 -5.32995
-12.0305 -5.32995
-12.1827 -5.17766
-12.335 -5.02538
-12.6396 -5.02538
-12.7919 -4.8731
-12.9442 -4.72081
-13.0964 -4.72081
-13.2487 -4.56853
-13.401 -4.41624
-13.5533 -4.41624
-13.7056 -4.26396
-13.8579 -4.11168
-14.0102 -3.95939
-14.3147 -3.95939
-14.467 -3.80711
-14.6193 -3.65482
-14.7716 -3.65482
-14.9239 -3.50254
-15.0761 -3.35025
-15.2284 -3.19797
-15.3807 -3.04569
-15.533 -3.04569
-15.6853 -2.8934
-15.8376 -2.74112
-15.9898 -2.58883
-16.1421 -2.43655
-16.2944 -2.43655
-16.4467 -2.28426
-16.599 -2.13198
-16.7513 -1.9797
-16.9036 -1.82741
-16.9036 -1.67513
-17.0558 -1.52284
-17.2081 -1.37056
-17.3604 -1.21827
-17.5127 -1.06599
-17.665 -0.913706
-17.8173 -0.761421
-17.9695 -0.609137
-17.9695 -0.456853
-18.1218 -0.304569
-18.2741 -0.152284
-18.4264 0
-18.5787 0.152284
-18.5787 0.304569
-18.731 0.456853
-18.8832 0.609137
-19.0355 0.761421
-19.0355 0.913706
-19.1878 1.21827
-19.3401 1.37056
-19.4924 1.52284
-19.4924 1.67513
-19.6447 1.82741
-19.797 1.9797
-19.9492 2.28426
-19.9492 2.43655
-20.1015 2.58883
-20.2538 2.74112
-20.4061 3.04569
-20.4061 3.19797
-20.5584 3.35025
-20.7107 3.65482
-20.8629 3.80711
-21.0152 3.95939
-21.0152 4.26396
-21.1675 4.41624
-21.3198 4.56853
-21.4721 4.8731
-21.4721 5.02538
-21.6244 5.32995
-21.6244 5.48223
-21.7766 5.7868
-21.9289 6.09137
-21.9289 6.24365
-22.0812 6.54822
-22.0812 6.70051
-22.0812 7.00508
-22.0812 7.30964
-22.2335 7.46193
-22.2335 7.7665
-22.2335 8.07107
-22.2335 8.22335
-22.2335 8.52792
-22.2335 8.6802
-22.0812 8.98477
-22.0812 9.28934
-22.0812 9.44162
-21.9289 9.74619
-21.7766 9.89848
-21.7766 10.203
-21.6244 10.3553
-21.4721 10.6599
-21.4721 10.8122
-21.3198 11.1168
-21.1675 11.269
-21.0152 11.4213
-20.8629 11.7259
-20.7107 11.8782
-20.5584 12.0305
-20.4061 12.1827
-20.1015 12.335
-19.9492 12.4873
-19.797 12.7919
-19.6447 12.9442
-19.3401 13.0964
-19.1878 13.2487
-19.0355 13.2487
-18.8832 13.401
-18.5787 13.5533
-18.4264 13.7056
-18.1218 13.8579
-17.9695 14.0102
-17.8173 14.0102
-17.5127 14.1624
-17.3604 14.3147
-17.2081 14.3147
-16.9036 14.467
-16.7513 14.6193
-16.4467 14.6193
-16.2944 14.7716
-16.1421 14.7716
-15.8376 14.9239
-15.6853 14.9239
-15.533 15.0761
-15.2284 15.0761
-15.0761 15.2284
-14.9239 15.2284
-14.6193 15.3807
-14.467 15.3807
-14.3147 15.533
-14.0102 15.533
-13.8579 15.533
-13.7056 15.6853
-13.5533 15.6853
-13.2487 15.8376
-13.0964 15.8376
-12.9442 15.8376
-12.7919 15.9898
-12.4873 15.9898
-12.335 16.1421
-12.1827 16.1421
-12.0305 16.1421
-11.8782 16.2944
-11.5736 16.2944
-11.4213 16.4467
-11.269 16.4467
-11.1168 16.4467
-10.8122 16.4467
-10.6599 16.599
-10.5076 16.599
-10.203 16.599
-10.0508 16.7513
-9.89848 16.7513
-9.74619 16.7513
-9.44162 16.7513
-9.28934 16.7513
-9.13706 16.7513
-8.98477 16.7513
-8.6802 16.7513
-8.52792 16.7513
-8.37563 16.7513
-8.07107 16.7513
-7.91878 16.7513
-7.7665 16.7513
-7.46193 16.7513
-7.30964 16.7513
-7.15736 16.7513
-7.00508 16.7513
-6.70051 16.7513
-6.54822 16.7513
-6.39594 16.599
-6.24365 16.599
-5.93909 16.599
-5.7868 16.599
-5.63452 16.4467
-5.48223 16.4467
-5.17766 16.4467
-5.02538 16.2944
-4.8731 16.2944
-4.72081 16.1421
-4.41624 16.1421
-4.26396 16.1421
-4.11168 15.9898
-3.95939 15.9898
-3.65482 15.8376
-3.50254 15.8376
-3.35025 15.6853
-3.19797 15.6853
-3.04569 15.533
-2.8934 15.533
-2.58883 15.3807
-2.43655 15.3807
-2.28426 15.2284
-2.13198 15.0761
-1.9797 15.0761
-1.67513 14.9239
-1.52284 14.7716
-1.37056 14.7716
-1.21827 14.6193
-1.06599 14.467
-0.913706 14.467
-0.761421 14.3147
-0.456853 14.1624
-0.304569 14.1624
-0.152284 14.0102
0 13.8579
0.152284 13.7056
0.304569 13.7056
0.456853 13.5533
0.761421 13.401
0.913706 13.2487
1.06599 13.0964
1.21827 12.9442
1.37056 12.7919
1.52284 12.6396
1.67513 12.4873
1.82741 12.335
1.9797 12.1827
2.13198 12.0305
2.28426 11.8782
2.43655 11.7259
2.58883 11.5736
2.74112 11.4213
2.8934 11.269
2.8934 11.1168
3.04569 10.8122
3.19797 10.6599
3.35025 10.5076
3.35025 10.3553
3.50254 10.0508
3.65482 9.89848
3.65482 9.74619
3.80711 9.44162
3.80711 9.28934
3.95939 9.13706
3.95939 8.83249
4.11168 8.6802
4.11168 8.37563
4.26396 8.22335
4.26396 8.07107
4.41624 7.7665
4.41624 7.61421
4.56853 7.30964
4.56853 7.15736
4.72081 6.85279
4.72081 6.70051
4.8731 6.39594
4.8731 6.24365
5.02538 5.93909
5.02538 5.7868
