5.32995 5.63452
5.48223 5.32995
5.48223 5.02538
5.48223 4.8731
5.48223 4.56853
5.48223 4.41624
5.48223 4.11168
5.48223 3.80711
5.48223 3.65482
5.48223 3.35025
5.32995 3.19797
5.32995 2.8934
5.32995 2.74112
5.32995 2.43655
5.17766 2.13198
5.17766 1.9797
5.02538 1.67513
5.02538 1.52284
4.8731 1.21827
4.72081 1.06599
4.72081 0.913706
4.56853 0.609137
4.41624 0.456853
4.41624 0.152284
4.26396 0
4.11168 -0.152284
3.95939 -0.456853
3.80711 -0.609137
3.65482 -0.761421
3.50254 -0.913706
3.35025 -1.21827
3.19797 -1.37056
3.04569 -1.52284
2.8934 -1.67513
2.74112 -1.82741
2.58883 -1.9797
2.43655 -2.13198
2.13198 -2.28426
1.9797 -2.43655
1.82741 -2.58883
1.67513 -2.74112
1.52284 -2.8934
1.21827 -3.04569
1.06599 -3.19797
0.913706 -3.35025
0.761421 -3.50254
0.456853 -3.50254
0.304569 -3.65482
0.152284 -3.80711
-0.152284 -3.95939
-0.304569 -3.95939
-0.456853 -4.11168
-0.609137 -4.26396
-0.913706 -4.26396
-1.06599 -4.41624
-1.21827 -4.41624
-1.52284 -4.56853
-1.67513 -4.72081
-1.82741 -4.72081
-2.13198 -4.8731
-2.28426 -4.8731
-2.43655 -5.02538
-2.58883 -5.02538
-2.8934 -5.17766
-3.04569 -5.17766
-3.19797 -5.32995
-3.50254 -5.32995
-3.65482 -5.32995
-3.80711 -5.48223
-4.11168 -5.48223
-4.26396 -5.63452
-4.41624 -5.63452
-4.72081 -5.63452
-4.8731 -5.7868
-5.02538 -5.7868
-5.32995 -5.7868
-5.48223 -5.93909
-5.63452 -5.93909
-5.7868 -5.93909
-6.09137 -5.93909
-6.24365 -6.09137
-6.39594 -6.09137
-6.70051 -6.09137
-6.85279 -6.09137
-7.15736 -6.09137
-7.30964 -6.09137
-7.46193 -6.09137
-7.7665 -6.09137
-7.91878 -6.09137
-8.07107 -6.09137
-8.37563 -6.09137
-8.52792 -6.09137
-8.6802 -6.09137
-8.98477 -6.09137
-9.13706 -6.09137
-9.28934 -6.09137
-9.59391 -6.09137
-9.74619 -5.93909
-9.89848 -5.93909
-10.203 -5.93909
-10.3553 -5.7868
-10.5076 -5.7868
-10.6599 -5.7868
-10.9645 -5.63452
-11.1168 -5.63452
-11.269 -5.48223
-11.4213 -5.48223
-11.7259 -5.32995
-11.8782 -5.32995
-12.0305 -5.17766
-12.1827 -5.02538
-12.335 -5.02538
-12.4873 -4.8731
-12.7919 -4.8731
-12.9442 -4.72081
-13.0964 -4.56853
-13.2487 -4.56853
-13.401 -4.41624
-13.5533 -4.26396
-13.7056 -4.11168
-13.8579 -4.11168
-14.0102 -3.95939
-14.1624 -3.80711
-14.3147 -3.80711
-14.467 -3.65482
-14.6193 -3.50254
-14.7716 -3.35025
-14.9239 -3.35025
-15.0761 -3.19797
-15.2284 -3.04569
-15.3807 -2.8934
-15.533 -2.74112
-15.6853 -2.74112
-15.8376 -2.58883
-15.9898 -2.43655
-16.1421 -2.28426
-16.2944 -2.13198
-16.4467 -1.9797
-16.599 -1.82741
-16.7513 -1.82741
-16.9036 -1.67513
-17.0558 -1.52284
-17.2081 -1.37056
-17.3604 -1.21827
-17.3604 -1.06599
-17.5127 -0.913706
-17.665 -0.761421
-17.8173 -0.609137
-17.9695 -0.456853
-18.1218 -0.304569
-18.1218 -0.152284
-18.2741 0
-18.4264 0.152284
-18.5787 0.304569
-18.731 0.456853
-18.731 0.761421
-18.8832 0.913706
-19.0355 1.06599
-19.1878 1.21827
-19.1878 1.37056
-19.3401 1.52284
-19.4924 1.67513
-19.6447 1.9797
-19.797 2.13198
-19.797 2.28426
-19.9492 2.43655
-20.1015 2.58883
-20.2538 2.8934
-20.2538 3.04569
-20.4061 3.19797
-20.5584 3.35025
-20.7107 3.65482
-20.7107 3.80711
-20.8629 3.95939
-21.0152 4.26396
-21.1675 4.41624
-21.1675 4.72081
-21.3198 4.8731
-21.4721 5.17766
-21.4721 5.32995
-21.6244 5.63452
-21.6244 5.7868
-21.7766 6.09137
-21.7766 6.24365
-21.9289 6.54822
-21.9289 6.70051
-21.9289 7.00508
-22.0812 7.30964
-22.0812 7.46193
-22.0812 7.7665
-22.0812 8.07107
-22.0812 8.22335
-22.0812 8.52792
-22.0812 8.6802
-21.9289 8.98477
-21.9289 9.28934
-21.7766 9.44162
-21.7766 9.74619
-21.6244 9.89848
-21.6244 10.203
-21.4721 10.3553
-21.3198 10.6599
-21.3198 10.8122
-21.1675 10.9645
-21.0152 11.269
-20.8629 11.4213
-20.7107 11.5736
-20.5584 11.8782
-20.4061 12.0305
-20.2538 12.1827
-20.1015 12.335
-19.9492 12.4873
-19.6447 12.6396
-19.4924 12.7919
-19.3401 12.9442
-19.1878 13.0964
-19.0355 13.2487
-18.731 13.401
-18.5787 13.5533
-18.4264 13.7056
-18.1218 13.8579
-17.9695 14.0102
-17.8173 14.0102
-17.5127 14.1624
-17.3604 14.3147
-17.2081 14.467
-16.9036 14.467
-16.7513 14.6193
-16.4467 14.6193
-16.2944 14.7716
-16.1421 14.9239
-15.8376 14.9239
-15.6853 15.0761
-15.533 15.0761
-15.2284 15.2284
-15.0761 15.2284
-14.9239 15.3807
-14.6193 15.3807
-14.467 15.3807
-14.3147 15.533
-14.1624 15.533
-13.8579 15.6853
-13.7056 15.6853
-13.5533 15.8376
-13.2487 15.8376
-13.0964 15.8376
-12.9442 15.9898
-12.7919 15.9898
-12.4873 16.1421
-12.335 16.1421
-12.1827 16.1421
-12.0305 16.2944
-11.7259 16.2944
-11.5736 16.2944
-11.4213 16.4467
-11.269 16.4467
-10.9645 16.4467
-10.8122 16.599
-10.6599 16.599
-10.5076 16.599
-10.203 16.599
-10.0508 16.7513
-9.89848 16.7513
-9.74619 16.7513
-9.44162 16.7513
-9.28934 16.7513
-9.13706 16.7513
-8.83249 16.7513
-8.6802 16.7513
-8.52792 16.7513
-8.37563 16.7513
-8.07107 16.7513
-7.91878 16.7513
-7.7665 16.7513
-7.46193 16.7513
-7.30964 16.7513
-7.15736 16.7513
-7.00508 16.7513
-6.70051 16.7513
-6.54822 16.7513
-6.39594 16.599
-6.09137 16.599
-5.93909 16.599
-5.7868 16.599
-5.63452 16.4467
-5.32995 16.4467
-5.17766 16.4467
-5.02538 16.2944
-4.8731 16.2944
-4.56853 16.2944
-4.41624 16.1421
-4.26396 16.1421
-4.11168 15.9898
-3.95939 15.9898
-3.65482 15.8376
-3.50254 15.8376
-3.35025 15.6853
-3.19797 15.6853
-3.04569 15.533
-2.74112 15.533
-2.58883 15.3807
-2.43655 15.3807
-2.28426 15.2284
-2.13198 15.0761
-1.9797 15.0761
-1.82741 14.9239
-1.52284 14.9239
-1.37056 14.7716
-1.21827 14.6193
-1.06599 14.6193
-0.913706 14.467
-0.761421 14.3147
-0.456853 14.1624
-0.304569 14.1624
-0.152284 14.0102
0 13.8579
0.152284 13.8579
0.304569 13.7056
0.609137 13.5533
0.761421 13.401
0.913706 13.2487
1.06599 13.2487
1.21827 13.0964
1.37056 12.9442
1.52284 12.7919
1.82741 12.6396
1.9797 12.4873
2.13198 12.335
2.28426 12.1827
2.43655 12.0305
2.58883 11.8782
2.74112 11.7259
2.8934 11.5736
2.8934 11.269
3.04569 11.1168
3.19797 10.9645
3.35025 10.8122
3.35025 10.5076
3.50254 10.3553
3.65482 10.203
3.65482 9.89848
3.80711 9.74619
3.80711 9.59391
3.95939 9.28934
3.95939 9.13706
4.11168 8.83249
4.11168 8.6802
4.11168 8.52792
4.26396 8.22335
4.26396 8.07107
4.41624 7.7665
4.41624 7.61421
4.56853 7.30964
4.56853 7.15736
4.72081 7.00508
4.72081 6.70051
4.8731 6.54822
4.8731 6.24365
5.02538 6.09137
5.17766 5.7868
