5.17766 5.63452
5.32995 5.32995
5.32995 5.17766
5.32995 4.8731
5.48223 4.56853
5.48223 4.41624
5.48223 4.11168
5.48223 3.95939
5.48223 3.65482
5.48223 3.35025
5.32995 3.19797
5.32995 2.8934
5.32995 2.74112
5.32995 2.43655
5.17766 2.28426
5.17766 1.9797
5.02538 1.82741
5.02538 1.52284
4.8731 1.37056
4.8731 1.06599
4.72081 0.913706
4.56853 0.609137
4.41624 0.456853
4.41624 0.304569
4.26396 0
4.11168 -0.152284
3.95939 -0.304569
3.80711 -0.609137
3.65482 -0.761421
3.50254 -0.913706
3.35025 -1.06599
3.19797 -1.21827
3.04569 -1.52284
2.8934 -1.67513
2.74112 -1.82741
2.58883 -1.9797
2.28426 -2.13198
2.13198 -2.28426
1.9797 -2.43655
1.82741 -2.58883
1.67513 -2.74112
1.37056 -2.74112
1.21827 -2.8934
1.06599 -3.04569
0.913706 -3.19797
0.609137 -3.35025
0.456853 -3.50254
0.304569 -3.50254
0.152284 -3.65482
-0.152284 -3.80711
-0.304569 -3.80711
-0.456853 -3.95939
-0.609137 -4.11168
-0.913706 -4.26396
-1.06599 -4.26396
-1.21827 -4.41624
-1.37056 -4.41624
-1.67513 -4.56853
-1.82741 -4.72081
-1.9797 -4.72081
-2.28426 -4.8731
-2.43655 -4.8731
-2.58883 -5.02538
-2.74112 -5.02538
-3.04569 -5.17766
-3.19797 -5.17766
-3.35025 -5.32995
-3.65482 -5.32995
-3.80711 -5.48223
-3.95939 -5.48223
-4.11168 -5.63452
-4.41624 -5.63452
-4.56853 -5.63452
-4.72081 -5.7868
-5.02538 -5.7868
-5.17766 -5.7868
-5.32995 -5.93909
-5.63452 -5.93909
-5.7868 -5.93909
-5.93909 -5.93909
-6.24365 -6.09137
-6.39594 -6.09137
-6.54822 -6.09137
-6.85279 -6.09137
-7.00508 -6.09137
-7.15736 -6.09137
-7.46193 -6.09137
-7.61421 -6.24365
-7.7665 -6.24365
-8.07107 -6.24365
-8.22335 -6.24365
-8.37563 -6.09137
-8.6802 -6.09137
-8.83249 -6.09137
-8.98477 -6.09137
-9.28934 -6.09137
-9.44162 -6.09137
-9.59391 -5.93909
-9.89848 -5.93909
-10.0508 -5.93909
-10.203 -5.7868
-10.5076 -5.7868
-10.6599 -5.7868
-10.8122 -5.63452
-10.9645 -5.63452
-11.269 -5.48223
-11.4213 -5.48223
-11.5736 -5.32995
-11.7259 -5.32995
-11.8782 -5.17766
-12.1827 -5.17766
-12.335 -5.02538
-12.4873 -4.8731
-12.6396 -4.8731
-12.7919 -4.72081
-12.9442 -4.72081
-13.2487 -4.56853
-13.401 -4.41624
-13.5533 -4.41624
-13.7056 -4.26396
-13.8579 -4.11168
-14.0102 -3.95939
-14.1624 -3.95939
-14.3147 -3.80711
-14.467 -3.65482
-14.6193 -3.50254
-14.7716 -3.50254
-14.9239 -3.35025
-15.0761 -3.19797
-15.2284 -3.04569
-15.3807 -3.04569
-15.533 -2.8934
-15.6853 -2.74112
-15.8376 -2.58883
-15.9898 -2.43655
-16.1421 -2.28426
-16.2944 -2.13198
-16.4467 -2.13198
-16.599 -1.9797
-16.7513 -1.82741
-16.9036 -1.67513
-17.0558 -1.52284
-17.0558 -1.37056
-17.2081 -1.21827
-17.3604 -1.06599
-17.5127 -0.913706
-17.665 -0.761421
-17.8173 -0.609137
-17.8173 -0.456853
-17.9695 -0.304569
-18.1218 -0.152284
-18.2741 0
-18.4264 0.152284
-18.4264 0.304569
-18.5787 0.456853
-18.731 0.761421
-18.8832 0.913706
-19.0355 1.06599
-19.0355 1.21827
-19.1878 1.37056
-19.3401 1.52284
-19.4924 1.67513
-19.4924 1.9797
-19.6447 2.13198
-19.797 2.28426
-19.9492 2.43655
-19.9492 2.58883
-20.1015 2.8934
-20.2538 3.04569
-20.4061 3.19797
-20.5584 3.35025
-20.5584 3.65482
-20.7107 3.80711
-20.8629 3.95939
-21.0152 4.26396
-21.1675 4.41624
-21.1675 4.72081
-21.3198 4.8731
-21.4721 5.17766
-21.4721 5.32995
-21.6244 5.63452
-21.7766 5.7868
-21.7766 6.09137
-21.9289 6.24365
-21.9289 6.54822
-21.9289 6.85279
-22.0812 7.00508
-22.0812 7.30964
-22.0812 7.46193
-22.0812 7.7665
-22.0812 8.07107
-22.0812 8.22335
-22.0812 8.52792
-22.0812 8.83249
-22.0812 8.98477
-21.9289 9.28934
-21.9289 9.44162
-21.7766 9.74619
-21.7766 10.0508
-21.6244 10.203
-21.4721 10.3553
-21.4721 10.6599
-21.3198 10.8122
-21.1675 11.1168
-21.0152 11.269
-20.8629 11.4213
-20.7107 11.7259
-20.5584 11.8782
-20.4061 12.0305
-20.2538 12.1827
-20.1015 12.335
-19.9492 12.6396
-19.6447 12.7919
-19.4924 12.9442
-19.3401 13.0964
-19.1878 13.2487
-18.8832 13.401
-18.731 13.5533
-18.5787 13.5533
-18.2741 13.7056
-18.1218 13.8579
-17.9695 14.0102
-17.665 14.1624
-17.5127 14.1624
-17.2081 14.3147
-17.0558 14.467
-16.9036 14.467
-16.599 14.6193
-16.4467 14.7716
-16.2944 14.7716
-15.9898 14.9239
-15.8376 14.9239
-15.6853 15.0761
-15.3807 15.0761
-15.2284 15.2284
-15.0761 15.2284
-14.7716 15.3807
-14.6193 15.3807
-14.467 15.533
-14.1624 15.533
-14.0102 15.6853
-13.8579 15.6853
-13.7056 15.6853
-13.401 15.8376
-13.2487 15.8376
-13.0964 15.9898
-12.9442 15.9898
-12.6396 16.1421
-12.4873 16.1421
-12.335 16.1421
-12.1827 16.2944
-11.8782 16.2944
-11.7259 16.2944
-11.5736 16.4467
-11.4213 16.4467
-11.1168 16.4467
-10.9645 16.599
-10.8122 16.599
-10.5076 16.599
-10.3553 16.599
-10.203 16.7513
-10.0508 16.7513
-9.74619 16.7513
-9.59391 16.7513
-9.44162 16.7513
-9.28934 16.9036
-8.98477 16.9036
-8.83249 16.9036
-8.6802 16.9036
-8.37563 16.9036
-8.22335 16.9036
-8.07107 16.9036
-7.7665 16.9036
-7.61421 16.9036
-7.46193 16.9036
-7.30964 16.9036
-7.00508 16.7513
-6.85279 16.7513
-6.70051 16.7513
-6.39594 16.7513
-6.24365 16.7513
-6.09137 16.599
-5.93909 16.599
-5.63452 16.599
-5.48223 16.599
-5.32995 16.4467
-5.17766 16.4467
-4.8731 16.4467
-4.72081 16.2944
-4.56853 16.2944
-4.41624 16.1421
-4.11168 16.1421
-3.95939 15.9898
-3.80711 15.9898
-3.65482 15.8376
-3.50254 15.8376
-3.35025 15.6853
-3.04569 15.6853
-2.8934 15.533
-2.74112 15.533
-2.58883 15.3807
-2.43655 15.3807
-2.28426 15.2284
-1.9797 15.0761
-1.82741 15.0761
-1.67513 14.9239
-1.52284 14.7716
-1.37056 14.7716
-1.21827 14.6193
-0.913706 14.467
-0.761421 14.467
-0.609137 14.3147
-0.456853 14.1624
-0.304569 14.1624
-0.152284 14.0102
0 13.8579
0.304569 13.7056
0.456853 13.7056
0.609137 13.5533
0.761421 13.401
0.913706 13.2487
1.06599 13.0964
1.21827 12.9442
1.37056 12.7919
1.67513 12.7919
1.82741 12.6396
1.9797 12.4873
2.13198 12.335
2.28426 12.1827
2.43655 12.0305
2.58883 11.7259
2.74112 11.5736
2.74112 11.4213
2.8934 11.269
3.04569 11.1168
3.19797 10.9645
3.35025 10.6599
3.35025 10.5076
3.50254 10.3553
3.65482 10.0508
3.65482 9.89848
3.80711 9.74619
3.80711 9.44162
3.95939 9.28934
3.95939 9.13706
4.11168 8.83249
4.11168 8.6802
4.26396 8.52792
4.26396 8.22335
4.26396 8.07107
4.41624 7.7665
4.41624 7.61421
4.56853 7.30964
4.56853 7.15736
4.72081 7.00508
4.72081 6.70051
4.8731 6.54822
4.8731 6.24365
5.02538 6.09137
5.02538 5.7868
