4.72081 5.17766
4.8731 4.8731
4.8731 4.72081
4.8731 4.41624
4.8731 4.26396
4.8731 3.95939
4.8731 3.65482
4.8731 3.50254
4.8731 3.19797
4.8731 3.04569
4.8731 2.74112
4.72081 2.43655
4.72081 2.28426
4.72081 1.9797
4.56853 1.82741
4.56853 1.52284
4.41624 1.37056
4.41624 1.06599
4.26396 0.761421
4.26396 0.609137
4.11168 0.456853
3.95939 0.152284
3.95939 0
3.80711 -0.304569
3.65482 -0.456853
3.50254 -0.761421
3.35025 -0.913706
3.19797 -1.06599
3.04569 -1.21827
2.8934 -1.52284
2.74112 -1.67513
2.58883 -1.82741
2.43655 -1.9797
2.28426 -2.13198
2.13198 -2.28426
1.9797 -2.43655
1.67513 -2.58883
1.52284 -2.74112
1.37056 -2.8934
1.21827 -3.04569
0.913706 -3.19797
0.761421 -3.35025
0.609137 -3.50254
0.304569 -3.65482
0.152284 -3.65482
0 -3.80711
-0.152284 -3.95939
-0.456853 -4.11168
-0.609137 -4.11168
-0.761421 -4.26396
-1.06599 -4.41624
-1.21827 -4.41624
-1.37056 -4.56853
-1.67513 -4.72081
-1.82741 -4.72081
-1.9797 -4.8731
-2.28426 -4.8731
-2.43655 -5.02538
-2.58883 -5.17766
-2.74112 -5.17766
-3.04569 -5.32995
-3.19797 -5.32995
-3.35025 -5.48223
-3.65482 -5.48223
-3.80711 -5.48223
-3.95939 -5.63452
-4.26396 -5.63452
-4.41624 -5.7868
-4.56853 -5.7868
-4.8731 -5.7868
-5.02538 -5.93909
-5.17766 -5.93909
-5.48223 -5.93909
-5.63452 -6.09137
-5.7868 -6.09137
-6.09137 -6.09137
-6.24365 -6.09137
-6.39594 -6.09137
-6.54822 -6.24365
-6.85279 -6.24365
-7.00508 -6.24365
-7.15736 -6.24365
-7.46193 -6.24365
-7.61421 -6.24365
-7.7665 -6.24365
-8.07107 -6.24365
-8.22335 -6.24365
-8.37563 -6.24365
-8.6802 -6.24365
-8.83249 -6.24365
-8.98477 -6.24365
-9.28934 -6.24365
-9.44162 -6.24365
-9.59391 -6.24365
-9.89848 -6.24365
-10.0508 -6.24365
-10.203 -6.24365
-10.5076 -6.24365
-10.6599 -6.09137
-10.8122 -6.09137
-10.9645 -6.09137
-11.269 -6.09137
-11.4213 -5.93909
-11.5736 -5.93909
-11.7259 -5.93909
-12.0305 -5.7868
-12.1827 -5.7868
-12.335 -5.7868
-12.6396 -5.63452
-12.7919 -5.63452
-12.9442 -5.48223
-13.0964 -5.48223
-13.2487 -5.48223
-13.5533 -5.32995
-13.7056 -5.32995
-13.8579 -5.17766
-14.0102 -5.02538
-14.1624 -5.02538
-14.467 -4.8731
-14.6193 -4.8731
-14.7716 -4.72081
-14.9239 -4.56853
-15.0761 -4.56853
-15.2284 -4.41624
-15.3807 -4.26396
-15.6853 -4.26396
-15.8376 -4.11168
-15.9898 -3.95939
-16.1421 -3.80711
-16.2944 -3.80711
-16.4467 -3.65482
-16.599 -3.50254
-16.7513 -3.35025
-16.9036 -3.19797
-17.0558 -3.04569
-17.2081 -3.04569
-17.3604 -2.8934
-17.5127 -2.74112
-17.665 -2.58883
-17.8173 -2.43655
-17.9695 -2.28426
-18.1218 -2.13198
-18.2741 -1.9797
-18.4264 -1.82741
-18.4264 -1.67513
-18.5787 -1.52284
-18.731 -1.37056
-18.8832 -1.21827
-19.0355 -1.06599
-19.1878 -0.913706
-19.3401 -0.761421
-19.4924 -0.609137
-19.4924 -0.456853
-19.6447 -0.304569
-19.797 -0.152284
-19.9492 0.152284
-20.1015 0.304569
-20.2538 0.456853
-20.2538 0.609137
-20.4061 0.761421
-20.5584 0.913706
-20.7107 1.21827
-20.7107 1.37056
-20.8629 1.52284
-21.0152 1.67513
-21.1675 1.9797
-21.1675 2.13198
-21.3198 2.28426
-21.4721 2.58883
-21.6244 2.74112
-21.6244 2.8934
-21.7766 3.19797
-21.9289 3.35025
-21.9289 3.65482
-22.0812 3.80711
-22.2335 3.95939
-22.2335 4.26396
-22.3858 4.41624
-22.3858 4.72081
-22.5381 4.8731
-22.5381 5.17766
-22.6904 5.48223
-22.6904 5.63452
-22.8426 5.93909
-22.8426 6.09137
-22.8426 6.39594
-22.8426 6.70051
-22.8426 6.85279
-22.9949 7.15736
-22.9949 7.30964
-22.9949 7.61421
-22.9949 7.91878
-22.8426 8.07107
-22.8426 8.37563
-22.8426 8.6802
-22.8426 8.83249
-22.6904 9.13706
-22.6904 9.28934
-22.5381 9.59391
-22.5381 9.74619
-22.3858 10.0508
-22.3858 10.203
-22.2335 10.5076
-22.0812 10.6599
-21.9289 10.9645
-21.7766 11.1168
-21.6244 11.4213
-21.4721 11.5736
-21.3198 11.7259
-21.1675 11.8782
-21.0152 12.1827
-20.8629 12.335
-20.7107 12.4873
-20.5584 12.6396
-20.2538 12.7919
-20.1015 12.9442
-19.9492 13.0964
-19.6447 13.2487
-19.4924 13.401
-19.3401 13.401
-19.0355 13.5533
-18.8832 13.7056
-18.5787 13.8579
-18.4264 13.8579
-18.1218 14.0102
-17.9695 14.0102
-17.665 14.1624
-17.5127 14.1624
-17.2081 14.3147
-17.0558 14.3147
-16.7513 14.467
-16.599 14.467
-16.2944 14.6193
-16.1421 14.6193
-15.9898 14.6193
-15.6853 14.7716
-15.533 14.7716
-15.3807 14.7716
-15.0761 14.9239
-14.9239 14.9239
-14.7716 14.9239
-14.467 15.0761
-14.3147 15.0761
-14.1624 15.2284
-14.0102 15.2284
-13.7056 15.2284
-13.5533 15.3807
-13.401 15.3807
-13.2487 15.533
-13.0964 15.533
-12.7919 15.6853
-12.6396 15.6853
-12.4873 15.8376
-12.335 15.8376
-12.1827 15.8376
-11.8782 15.9898
-11.7259 15.9898
-11.5736 15.9898
-11.4213 16.1421
-11.1168 16.1421
-10.9645 16.1421
-10.8122 16.2944
-10.6599 16.2944
-10.3553 16.2944
-10.203 16.2944
-10.0508 16.2944
-9.74619 16.4467
-9.59391 16.4467
-9.44162 16.4467
-9.28934 16.4467
-8.98477 16.4467
-8.83249 16.4467
-8.6802 16.2944
-8.52792 16.2944
-8.22335 16.2944
-8.07107 16.2944
-7.91878 16.2944
-7.61421 16.2944
-7.46193 16.1421
-7.30964 16.1421
-7.15736 16.1421
-6.85279 15.9898
-6.70051 15.9898
-6.54822 15.9898
-6.39594 15.8376
-6.24365 15.8376
-5.93909 15.8376
-5.7868 15.6853
-5.63452 15.6853
-5.48223 15.6853
-5.17766 15.533
-5.02538 15.533
-4.8731 15.533
-4.72081 15.3807
-4.56853 15.3807
-4.26396 15.2284
-4.11168 15.2284
-3.95939 15.2284
-3.80711 15.0761
-3.50254 15.0761
-3.35025 14.9239
-3.19797 14.9239
-3.04569 14.7716
-2.8934 14.7716
-2.58883 14.6193
-2.43655 14.6193
-2.28426 14.467
-2.13198 14.3147
-1.9797 14.3147
-1.67513 14.1624
-1.52284 14.1624
-1.37056 14.0102
-1.21827 13.8579
-1.06599 13.7056
-0.913706 13.7056
-0.761421 13.5533
-0.609137 13.401
-0.304569 13.2487
-0.152284 13.0964
0 12.9442
0.152284 12.7919
0.304569 12.6396
0.456853 12.4873
0.609137 12.335
0.761421 12.1827
0.913706 12.0305
0.913706 11.8782
1.06599 11.7259
1.21827 11.5736
1.37056 11.4213
1.52284 11.269
1.67513 11.1168
1.82741 10.9645
1.9797 10.8122
1.9797 10.6599
2.13198 10.3553
2.28426 10.203
2.43655 10.0508
2.58883 9.89848
2.58883 9.59391
2.74112 9.44162
2.8934 9.28934
3.04569 9.13706
3.04569 8.83249
3.19797 8.6802
3.35025 8.52792
3.35025 8.22335
3.50254 8.07107
3.65482 7.91878
3.65482 7.61421
3.80711 7.46193
3.95939 7.15736
3.95939 7.00508
4.11168 6.85279
4.26396 6.54822
4.26396 6.39594
4.41624 6.09137
4.41624 5.93909
4.56853 5.63452
4.72081 5.48223
