13.5533 -3.65482
13.401 -3.80711
13.401 -3.95939
13.401 -4.11168
13.401 -4.41624
13.2487 -4.56853
13.2487 -4.72081
13.2487 -4.8731
13.2487 -5.02538
13.2487 -5.17766
13.2487 -5.48223
13.2487 -5.63452
13.2487 -5.7868
13.2487 -5.93909
13.2487 -6.24365
13.2487 -6.39594
13.2487 -6.54822
13.2487 -6.70051
13.2487 -7.00508
13.2487 -7.15736
13.2487 -7.30964
13.2487 -7.61421
13.2487 -7.7665
13.2487 -7.91878
13.2487 -8.07107
13.2487 -8.37563
13.2487 -8.52792
13.0964 -8.6802
13.0964 -8.98477
13.0964 -9.13706
12.9442 -9.28934
12.9442 -9.44162
12.7919 -9.74619
12.7919 -9.89848
12.6396 -10.0508
12.6396 -10.203
12.4873 -10.3553
12.335 -10.6599
12.335 -10.8122
12.1827 -10.9645
12.0305 -11.1168
11.8782 -11.269
11.7259 -11.4213
11.5736 -11.5736
11.5736 -11.7259
11.4213 -11.8782
11.269 -12.0305
11.1168 -12.1827
10.9645 -12.1827
10.6599 -12.335
10.5076 -12.4873
10.3553 -12.6396
10.203 -12.6396
10.0508 -12.7919
9.89848 -12.9442
9.74619 -12.9442
9.44162 -13.0964
9.28934 -13.0964
9.13706 -13.2487
8.98477 -13.2487
8.6802 -13.2487
8.52792 -13.401
8.37563 -13.401
8.22335 -13.401
7.91878 -13.5533
7.7665 -13.5533
7.61421 -13.5533
7.30964 -13.5533
7.15736 -13.5533
7.00508 -13.7056
6.85279 -13.7056
6.54822 -13.7056
6.39594 -13.7056
6.24365 -13.7056
6.09137 -13.7056
5.7868 -13.7056
5.63452 -13.7056
5.48223 -13.7056
5.32995 -13.7056
5.02538 -13.7056
4.8731 -13.7056
4.72081 -13.7056
4.56853 -13.5533
4.41624 -13.5533
4.26396 -13.5533
3.95939 -13.5533
3.80711 -13.5533
3.65482 -13.5533
3.50254 -13.5533
3.35025 -13.401
3.19797 -13.401
3.04569 -13.401
2.74112 -13.401
2.58883 -13.401
2.43655 -13.401
2.28426 -13.2487
2.13198 -13.2487
1.9797 -13.2487
1.82741 -13.2487
1.67513 -13.2487
1.52284 -13.2487
1.37056 -13.0964
1.06599 -13.0964
0.913706 -13.0964
0.761421 -13.0964
0.609137 -13.0964
0.456853 -12.9442
0.304569 -12.9442
0.152284 -12.9442
0 -12.9442
-0.152284 -12.7919
-0.304569 -12.7919
-0.456853 -12.7919
-0.761421 -12.6396
-0.913706 -12.6396
-1.06599 -12.6396
-1.21827 -12.4873
-1.37056 -12.4873
-1.52284 -12.335
-1.67513 -12.335
-1.82741 -12.1827
-1.9797 -12.1827
-2.13198 -12.0305
-2.28426 -11.8782
-2.43655 -11.8782
-2.58883 -11.7259
-2.58883 -11.5736
-2.74112 -11.5736
-2.8934 -11.4213
-3.04569 -11.269
-3.19797 -11.1168
-3.35025 -11.1168
-3.35025 -10.9645
-3.50254 -10.8122
-3.65482 -10.6599
-3.80711 -10.5076
-3.80711 -10.3553
-3.95939 -10.203
-4.11168 -10.203
-4.11168 -10.0508
-4.26396 -9.89848
-4.41624 -9.74619
-4.41624 -9.59391
-4.56853 -9.44162
-4.56853 -9.28934
-4.72081 -9.13706
-4.72081 -8.98477
-4.8731 -8.83249
-4.8731 -8.6802
-5.02538 -8.52792
-5.02538 -8.37563
-5.17766 -8.22335
-5.17766 -8.07107
-5.32995 -7.91878
-5.32995 -7.7665
-5.32995 -7.61421
-5.48223 -7.46193
-5.48223 -7.30964
-5.63452 -7.15736
-5.63452 -7.00508
-5.63452 -6.85279
-5.7868 -6.70051
-5.7868 -6.54822
-5.7868 -6.39594
-5.7868 -6.24365
-5.93909 -6.09137
-5.93909 -5.93909
-5.93909 -5.7868
-5.93909 -5.63452
-6.09137 -5.48223
-6.09137 -5.32995
-6.09137 -5.17766
-6.09137 -4.8731
-6.09137 -4.72081
-6.24365 -4.56853
-6.24365 -4.41624
-6.24365 -4.26396
-6.24365 -4.11168
-6.24365 -3.95939
-6.24365 -3.80711
-6.24365 -3.65482
-6.24365 -3.50254
-6.39594 -3.35025
-6.39594 -3.19797
-6.39594 -3.04569
-6.39594 -2.74112
-6.39594 -2.58883
-6.39594 -2.43655
-6.39594 -2.28426
-6.39594 -2.13198
-6.39594 -1.9797
-6.39594 -1.82741
-6.24365 -1.67513
-6.24365 -1.52284
-6.24365 -1.21827
-6.24365 -1.06599
-6.24365 -0.913706
-6.24365 -0.761421
-6.24365 -0.609137
-6.09137 -0.456853
-6.09137 -0.304569
-6.09137 -0.152284
-6.09137 0.152284
-6.09137 0.304569
-5.93909 0.456853
-5.93909 0.609137
-5.93909 0.761421
-5.93909 0.913706
-5.7868 1.06599
-5.7868 1.37056
-5.7868 1.52284
-5.63452 1.67513
-5.63452 1.82741
-5.63452 1.9797
-5.48223 2.28426
-5.48223 2.43655
-5.48223 2.58883
-5.32995 2.74112
-5.32995 2.8934
-5.17766 3.19797
-5.17766 3.35025
-5.17766 3.50254
-5.02538 3.80711
-5.02538 3.95939
-4.8731 4.11168
-4.8731 4.26396
-4.72081 4.56853
-4.56853 4.72081
-4.56853 4.8731
-4.41624 5.02538
-4.26396 5.17766
-4.26396 5.48223
-4.11168 5.63452
-3.95939 5.7868
-3.80711 5.93909
-3.65482 6.09137
-3.50254 6.24365
-3.35025 6.39594
-3.19797 6.54822
-3.04569 6.70051
-2.8934 6.85279
-2.74112 6.85279
-2.43655 7.00508
-2.28426 7.15736
-2.13198 7.15736
-1.9797 7.30964
-1.67513 7.30964
-1.52284 7.46193
-1.37056 7.46193
-1.06599 7.46193
-0.913706 7.46193
-0.761421 7.61421
-0.456853 7.61421
-0.304569 7.61421
0 7.61421
0.152284 7.61421
0.304569 7.61421
0.609137 7.61421
0.761421 7.61421
0.913706 7.61421
1.21827 7.46193
1.37056 7.46193
1.52284 7.46193
1.82741 7.46193
1.9797 7.46193
2.13198 7.30964
2.43655 7.30964
2.58883 7.30964
2.74112 7.30964
2.8934 7.15736
3.19797 7.15736
3.35025 7.15736
3.50254 7.00508
3.65482 7.00508
3.95939 7.00508
4.11168 6.85279
4.26396 6.85279
4.41624 6.70051
4.56853 6.70051
4.72081 6.54822
4.8731 6.54822
5.17766 6.39594
5.32995 6.39594
5.48223 6.24365
5.63452 6.24365
5.7868 6.09137
5.93909 5.93909
6.09137 5.93909
6.24365 5.7868
6.39594 5.63452
6.54822 5.63452
6.70051 5.48223
6.85279 5.32995
6.85279 5.17766
7.00508 5.02538
7.15736 5.02538
7.30964 4.8731
7.46193 4.72081
7.46193 4.56853
7.61421 4.41624
7.7665 4.26396
7.91878 4.11168
7.91878 4.11168
8.07107 3.95939
8.07107 3.80711
8.22335 3.65482
8.37563 3.50254
8.37563 3.35025
8.52792 3.19797
8.52792 3.04569
8.6802 2.8934
8.83249 2.8934
8.83249 2.74112
8.98477 2.58883
8.98477 2.43655
9.13706 2.28426
9.13706 2.13198
9.28934 2.13198
9.28934 1.9797
9.44162 1.82741
9.44162 1.67513
9.59391 1.52284
9.59391 1.52284
9.74619 1.37056
9.74619 1.21827
9.89848 1.06599
10.0508 0.913706
10.0508 0.913706
10.203 0.761421
10.203 0.609137
10.3553 0.456853
10.3553 0.456853
10.5076 0.304569
10.6599 0.152284
10.6599 0
10.8122 0
10.9645 -0.152284
10.9645 -0.304569
11.1168 -0.456853
11.269 -0.609137
11.269 -0.609137
11.4213 -0.761421
11.5736 -0.913706
11.5736 -1.06599
11.7259 -1.21827
11.8782 -1.37056
12.0305 -1.37056
12.0305 -1.52284
12.1827 -1.67513
12.335 -1.82741
12.4873 -1.9797
12.4873 -2.13198
12.6396 -2.28426
12.7919 -2.43655
12.7919 -2.58883
12.9442 -2.74112
13.0964 -2.8934
13.0964 -3.04569
13.2487 -3.35025
13.401 -3.50254
