4.72081 4.8731
4.8731 4.72081
4.8731 4.41624
4.8731 4.26396
4.8731 3.95939
4.8731 3.65482
4.8731 3.50254
4.8731 3.19797
4.8731 3.04569
4.8731 2.74112
4.8731 2.43655
4.8731 2.28426
4.72081 1.9797
4.72081 1.82741
4.56853 1.52284
4.56853 1.37056
4.41624 1.06599
4.41624 0.913706
4.26396 0.609137
4.26396 0.456853
4.11168 0.152284
3.95939 0
3.80711 -0.304569
3.80711 -0.456853
3.65482 -0.609137
3.50254 -0.913706
3.35025 -1.06599
3.19797 -1.21827
3.04569 -1.37056
2.8934 -1.67513
2.74112 -1.82741
2.58883 -1.9797
2.43655 -2.13198
2.13198 -2.28426
1.9797 -2.43655
1.82741 -2.58883
1.67513 -2.74112
1.52284 -2.8934
1.37056 -3.04569
1.06599 -3.19797
0.913706 -3.35025
0.761421 -3.50254
0.609137 -3.65482
0.304569 -3.65482
0.152284 -3.80711
0 -3.95939
-0.304569 -4.11168
-0.456853 -4.11168
-0.609137 -4.26396
-0.913706 -4.41624
-1.06599 -4.41624
-1.21827 -4.56853
-1.52284 -4.72081
-1.67513 -4.72081
-1.82741 -4.8731
-1.9797 -4.8731
-2.28426 -5.02538
-2.43655 -5.02538
-2.58883 -5.17766
-2.8934 -5.17766
-3.04569 -5.32995
-3.19797 -5.32995
-3.50254 -5.48223
-3.65482 -5.48223
-3.80711 -5.48223
-4.11168 -5.63452
-4.26396 -5.63452
-4.41624 -5.63452
-4.56853 -5.7868
-4.8731 -5.7868
-5.02538 -5.7868
-5.17766 -5.93909
-5.48223 -5.93909
-5.63452 -5.93909
-5.7868 -6.09137
-5.93909 -6.09137
-6.24365 -6.09137
-6.39594 -6.09137
-6.54822 -6.24365
-6.85279 -6.24365
-7.00508 -6.24365
-7.15736 -6.24365
-7.30964 -6.39594
-7.61421 -6.39594
-7.7665 -6.39594
-7.91878 -6.39594
-8.22335 -6.39594
-8.37563 -6.39594
-8.52792 -6.39594
-8.83249 -6.39594
-8.98477 -6.39594
-9.13706 -6.39594
-9.28934 -6.39594
-9.59391 -6.39594
-9.74619 -6.39594
-9.89848 -6.39594
-10.203 -6.39594
-10.3553 -6.39594
-10.5076 -6.39594
-10.8122 -6.24365
-10.9645 -6.24365
-11.1168 -6.24365
-11.269 -6.24365
-11.5736 -6.09137
-11.7259 -6.09137
-11.8782 -6.09137
-12.0305 -5.93909
-12.335 -5.93909
-12.4873 -5.7868
-12.6396 -5.7868
-12.7919 -5.63452
-12.9442 -5.63452
-13.2487 -5.48223
-13.401 -5.48223
-13.5533 -5.32995
-13.7056 -5.32995
-13.8579 -5.17766
-14.0102 -5.02538
-14.3147 -5.02538
-14.467 -4.8731
-14.6193 -4.8731
-14.7716 -4.72081
-14.9239 -4.56853
-15.0761 -4.56853
-15.2284 -4.41624
-15.533 -4.41624
-15.6853 -4.26396
-15.8376 -4.11168
-15.9898 -4.11168
-16.1421 -3.95939
-16.2944 -3.80711
-16.4467 -3.65482
-16.599 -3.65482
-16.7513 -3.50254
-17.0558 -3.35025
-17.2081 -3.19797
-17.3604 -3.19797
-17.5127 -3.04569
-17.665 -2.8934
-17.8173 -2.74112
-17.9695 -2.58883
-18.1218 -2.43655
-18.2741 -2.28426
-18.4264 -2.13198
-18.5787 -1.9797
-18.731 -1.82741
-18.8832 -1.67513
-19.0355 -1.52284
-19.1878 -1.37056
-19.3401 -1.21827
-19.4924 -1.06599
-19.4924 -0.913706
-19.6447 -0.761421
-19.797 -0.609137
-19.9492 -0.456853
-20.1015 -0.304569
-20.2538 0
-20.2538 0.152284
-20.4061 0.304569
-20.5584 0.456853
-20.7107 0.609137
-20.7107 0.913706
-20.8629 1.06599
-21.0152 1.21827
-21.1675 1.52284
-21.1675 1.67513
-21.3198 1.82741
-21.4721 2.13198
-21.4721 2.28426
-21.6244 2.43655
-21.7766 2.74112
-21.7766 2.8934
-21.9289 3.04569
-22.0812 3.35025
-22.0812 3.50254
-22.2335 3.80711
-22.2335 3.95939
-22.3858 4.26396
-22.3858 4.41624
-22.5381 4.72081
-22.5381 4.8731
-22.6904 5.17766
-22.6904 5.48223
-22.6904 5.63452
-22.8426 5.93909
-22.8426 6.09137
-22.8426 6.39594
-22.8426 6.70051
-22.8426 6.85279
-22.8426 7.15736
-22.8426 7.46193
-22.8426 7.61421
-22.8426 7.91878
-22.8426 8.07107
-22.6904 8.37563
-22.6904 8.6802
-22.6904 8.83249
-22.5381 9.13706
-22.5381 9.28934
-22.3858 9.59391
-22.3858 9.74619
-22.2335 10.0508
-22.0812 10.203
-22.0812 10.5076
-21.9289 10.6599
-21.7766 10.9645
-21.6244 11.1168
-21.4721 11.269
-21.3198 11.5736
-21.1675 11.7259
-21.0152 11.8782
-20.8629 12.0305
-20.5584 12.1827
-20.4061 12.335
-20.2538 12.4873
-20.1015 12.6396
-19.797 12.7919
-19.6447 12.9442
-19.3401 13.0964
-19.1878 13.2487
-19.0355 13.401
-18.731 13.401
-18.5787 13.5533
-18.2741 13.7056
-18.1218 13.7056
-17.8173 13.8579
-17.665 13.8579
-17.3604 14.0102
-17.2081 14.0102
-16.9036 14.1624
-16.7513 14.1624
-16.4467 14.1624
-16.2944 14.3147
-15.9898 14.3147
-15.8376 14.467
-15.6853 14.467
-15.3807 14.467
-15.2284 14.6193
-15.0761 14.6193
-14.7716 14.6193
-14.6193 14.7716
-14.467 14.7716
-14.3147 14.9239
-14.0102 14.9239
-13.8579 15.0761
-13.7056 15.0761
-13.5533 15.2284
-13.401 15.2284
-13.0964 15.3807
-12.9442 15.3807
-12.7919 15.533
-12.6396 15.533
-12.4873 15.6853
-12.1827 15.6853
-12.0305 15.8376
-11.8782 15.8376
-11.7259 15.9898
-11.5736 15.9898
-11.269 16.1421
-11.1168 16.1421
-10.9645 16.2944
-10.8122 16.2944
-10.5076 16.2944
-10.3553 16.4467
-10.203 16.4467
-9.89848 16.4467
-9.74619 16.4467
-9.59391 16.4467
-9.28934 16.4467
-9.13706 16.4467
-8.98477 16.4467
-8.6802 16.4467
-8.52792 16.4467
-8.37563 16.4467
-8.22335 16.4467
-7.91878 16.2944
-7.7665 16.2944
-7.61421 16.2944
-7.30964 16.2944
-7.15736 16.1421
-7.00508 16.1421
-6.85279 16.1421
-6.54822 15.9898
-6.39594 15.9898
-6.24365 15.9898
-6.09137 15.8376
-5.7868 15.8376
-5.63452 15.8376
-5.48223 15.6853
-5.32995 15.6853
-5.02538 15.533
-4.8731 15.533
-4.72081 15.533
-4.56853 15.3807
-4.26396 15.3807
-4.11168 15.2284
-3.95939 15.2284
-3.80711 15.2284
-3.50254 15.0761
-3.35025 15.0761
-3.19797 14.9239
-3.04569 14.9239
-2.74112 14.7716
-2.58883 14.7716
-2.43655 14.6193
-2.28426 14.467
-2.13198 14.467
-1.82741 14.3147
-1.67513 14.1624
-1.52284 14.1624
-1.37056 14.0102
-1.21827 13.8579
-1.06599 13.7056
-0.761421 13.7056
-0.609137 13.5533
-0.456853 13.401
-0.304569 13.2487
-0.152284 13.0964
0 12.9442
0.152284 12.7919
0.304569 12.6396
0.456853 12.4873
0.609137 12.335
0.761421 12.1827
0.913706 12.0305
1.06599 11.8782
1.21827 11.7259
1.37056 11.5736
1.52284 11.4213
1.52284 11.269
1.67513 11.1168
1.82741 10.9645
1.9797 10.8122
2.13198 10.6599
2.28426 10.3553
2.43655 10.203
2.58883 10.0508
2.58883 9.89848
2.74112 9.74619
2.8934 9.44162
3.04569 9.28934
3.19797 9.13706
3.19797 8.98477
3.35025 8.6802
3.50254 8.52792
3.65482 8.37563
3.80711 8.07107
3.80711 7.91878
3.95939 7.61421
4.11168 7.46193
4.11168 7.30964
4.26396 7.00508
4.26396 6.85279
4.41624 6.54822
4.41624 6.39594
4.56853 6.09137
4.56853 5.93909
4.56853 5.63452
4.72081 5.48223
4.72081 5.17766
