4.72081 5.02538
4.8731 4.72081
4.8731 4.56853
4.8731 4.26396
4.8731 3.95939
4.8731 3.80711
4.8731 3.50254
4.8731 3.35025
4.8731 3.04569
4.8731 2.74112
4.8731 2.58883
4.72081 2.28426
4.72081 2.13198
4.72081 1.82741
4.56853 1.52284
4.56853 1.37056
4.41624 1.06599
4.41624 0.913706
4.26396 0.609137
4.26396 0.456853
4.11168 0.152284
3.95939 0
3.80711 -0.152284
3.80711 -0.456853
3.65482 -0.609137
3.50254 -0.913706
3.35025 -1.06599
3.19797 -1.21827
3.04569 -1.37056
2.8934 -1.67513
2.74112 -1.82741
2.58883 -1.9797
2.43655 -2.13198
2.28426 -2.28426
1.9797 -2.43655
1.82741 -2.58883
1.67513 -2.74112
1.52284 -2.8934
1.21827 -3.04569
1.06599 -3.19797
0.913706 -3.35025
0.761421 -3.50254
0.456853 -3.65482
0.304569 -3.80711
0.152284 -3.80711
-0.152284 -3.95939
-0.304569 -4.11168
-0.456853 -4.26396
-0.609137 -4.26396
-0.913706 -4.41624
-1.06599 -4.56853
-1.21827 -4.56853
-1.52284 -4.72081
-1.67513 -4.72081
-1.82741 -4.8731
-2.13198 -4.8731
-2.28426 -5.02538
-2.43655 -5.17766
-2.74112 -5.17766
-2.8934 -5.32995
-3.04569 -5.32995
-3.35025 -5.32995
-3.50254 -5.48223
-3.65482 -5.48223
-3.80711 -5.63452
-4.11168 -5.63452
-4.26396 -5.63452
-4.41624 -5.7868
-4.72081 -5.7868
-4.8731 -5.93909
-5.02538 -5.93909
-5.32995 -5.93909
-5.48223 -5.93909
-5.63452 -6.09137
-5.7868 -6.09137
-6.09137 -6.09137
-6.24365 -6.24365
-6.39594 -6.24365
-6.70051 -6.24365
-6.85279 -6.24365
-7.00508 -6.24365
-7.30964 -6.39594
-7.46193 -6.39594
-7.61421 -6.39594
-7.7665 -6.39594
-8.07107 -6.39594
-8.22335 -6.39594
-8.37563 -6.39594
-8.6802 -6.39594
-8.83249 -6.39594
-8.98477 -6.39594
-9.28934 -6.39594
-9.44162 -6.39594
-9.59391 -6.39594
-9.89848 -6.39594
-10.0508 -6.39594
-10.203 -6.39594
-10.5076 -6.39594
-10.6599 -6.39594
-10.8122 -6.24365
-10.9645 -6.24365
-11.269 -6.24365
-11.4213 -6.24365
-11.5736 -6.09137
-11.8782 -6.09137
-12.0305 -6.09137
-12.1827 -5.93909
-12.335 -5.93909
-12.6396 -5.93909
-12.7919 -5.7868
-12.9442 -5.7868
-13.0964 -5.63452
-13.2487 -5.63452
-13.5533 -5.48223
-13.7056 -5.48223
-13.8579 -5.32995
-14.0102 -5.32995
-14.1624 -5.17766
-14.467 -5.02538
-14.6193 -5.02538
-14.7716 -4.8731
-14.9239 -4.8731
-15.0761 -4.72081
-15.2284 -4.56853
-15.3807 -4.56853
-15.6853 -4.41624
-15.8376 -4.26396
-15.9898 -4.26396
-16.1421 -4.11168
-16.2944 -3.95939
-16.4467 -3.80711
-16.599 -3.65482
-16.7513 -3.65482
-16.9036 -3.50254
-17.0558 -3.35025
-17.2081 -3.19797
-17.3604 -3.04569
-17.5127 -2.8934
-17.665 -2.8934
-17.8173 -2.74112
-17.9695 -2.58883
-18.1218 -2.43655
-18.2741 -2.28426
-18.4264 -2.13198
-18.5787 -1.9797
-18.731 -1.82741
-18.8832 -1.67513
-19.0355 -1.52284
-19.1878 -1.37056
-19.3401 -1.21827
-19.4924 -1.06599
-19.4924 -0.913706
-19.6447 -0.609137
-19.797 -0.456853
-19.9492 -0.304569
-20.1015 -0.152284
-20.2538 0
-20.2538 0.152284
-20.4061 0.456853
-20.5584 0.609137
-20.7107 0.761421
-20.7107 0.913706
-20.8629 1.21827
-21.0152 1.37056
-21.1675 1.52284
-21.1675 1.67513
-21.3198 1.9797
-21.4721 2.13198
-21.4721 2.28426
-21.6244 2.58883
-21.7766 2.74112
-21.7766 2.8934
-21.9289 3.19797
-22.0812 3.35025
-22.0812 3.65482
-22.2335 3.80711
-22.3858 4.11168
-22.3858 4.26396
-22.5381 4.56853
-22.5381 4.72081
-22.6904 5.02538
-22.6904 5.17766
-22.6904 5.48223
-22.8426 5.7868
-22.8426 5.93909
-22.8426 6.24365
-22.8426 6.39594
-22.9949 6.70051
-22.9949 7.00508
-22.9949 7.15736
-22.9949 7.46193
-22.9949 7.7665
-22.8426 7.91878
-22.8426 8.22335
-22.8426 8.37563
-22.8426 8.6802
-22.6904 8.98477
-22.6904 9.13706
-22.5381 9.44162
-22.5381 9.59391
-22.3858 9.89848
-22.2335 10.0508
-22.2335 10.3553
-22.0812 10.5076
-21.9289 10.6599
-21.7766 10.9645
-21.6244 11.1168
-21.4721 11.269
-21.3198 11.5736
-21.1675 11.7259
-21.0152 11.8782
-20.8629 12.0305
-20.5584 12.1827
-20.4061 12.335
-20.2538 12.4873
-19.9492 12.6396
-19.797 12.7919
-19.6447 12.9442
-19.3401 13.0964
-19.1878 13.2487
-18.8832 13.2487
-18.731 13.401
-18.5787 13.5533
-18.2741 13.5533
-18.1218 13.7056
-17.8173 13.8579
-17.665 13.8579
-17.3604 14.0102
-17.2081 14.0102
-16.9036 14.0102
-16.7513 14.1624
-16.4467 14.1624
-16.2944 14.3147
-16.1421 14.3147
-15.8376 14.3147
-15.6853 14.467
-15.3807 14.467
-15.2284 14.6193
-15.0761 14.6193
-14.9239 14.6193
-14.6193 14.7716
-14.467 14.7716
-14.3147 14.9239
-14.1624 14.9239
-13.8579 15.0761
-13.7056 15.0761
-13.5533 15.2284
-13.401 15.2284
-13.2487 15.3807
-13.0964 15.3807
-12.7919 15.533
-12.6396 15.533
-12.4873 15.6853
-12.335 15.6853
-12.1827 15.8376
-12.0305 15.8376
-11.7259 15.9898
-11.5736 15.9898
-11.4213 16.1421
-11.269 16.1421
-10.9645 16.1421
-10.8122 16.2944
-10.6599 16.2944
-10.5076 16.2944
-10.203 16.4467
-10.0508 16.4467
-9.89848 16.4467
-9.59391 16.4467
-9.44162 16.4467
-9.28934 16.4467
-8.98477 16.4467
-8.83249 16.4467
-8.6802 16.4467
-8.37563 16.4467
-8.22335 16.4467
-8.07107 16.2944
-7.91878 16.2944
-7.61421 16.2944
-7.46193 16.2944
-7.30964 16.1421
-7.00508 16.1421
-6.85279 16.1421
-6.70051 16.1421
-6.54822 15.9898
-6.24365 15.9898
-6.09137 15.9898
-5.93909 15.8376
-5.7868 15.8376
-5.48223 15.6853
-5.32995 15.6853
-5.17766 15.6853
-5.02538 15.533
-4.72081 15.533
-4.56853 15.3807
-4.41624 15.3807
-4.26396 15.3807
-3.95939 15.2284
-3.80711 15.2284
-3.65482 15.0761
-3.50254 15.0761
-3.35025 14.9239
-3.04569 14.9239
-2.8934 14.7716
-2.74112 14.7716
-2.58883 14.6193
-2.28426 14.6193
-2.13198 14.467
-1.9797 14.3147
-1.82741 14.3147
-1.67513 14.1624
-1.37056 14.0102
-1.21827 13.8579
-1.06599 13.8579
-0.913706 13.7056
-0.761421 13.5533
-0.609137 13.401
-0.456853 13.2487
-0.304569 13.2487
-0.152284 13.0964
0 12.9442
0.152284 12.7919
0.456853 12.6396
0.609137 12.4873
0.761421 12.335
0.761421 12.1827
0.913706 12.0305
1.06599 11.8782
1.21827 11.7259
1.37056 11.5736
1.52284 11.4213
1.67513 11.1168
1.82741 10.9645
1.9797 10.8122
2.13198 10.6599
2.28426 10.5076
2.28426 10.3553
2.43655 10.0508
2.58883 9.89848
2.74112 9.74619
2.8934 9.59391
2.8934 9.28934
3.04569 9.13706
3.19797 8.98477
3.35025 8.83249
3.35025 8.52792
3.50254 8.37563
3.65482 8.07107
3.65482 7.91878
3.80711 7.7665
3.95939 7.46193
3.95939 7.30964
4.11168 7.00508
4.11168 6.85279
4.26396 6.70051
4.41624 6.39594
4.41624 6.24365
4.56853 5.93909
4.56853 5.63452
4.56853 5.48223
4.72081 5.17766
