4.8731 5.17766
5.02538 4.8731
5.02538 4.56853
5.02538 4.41624
5.02538 4.11168
5.02538 3.95939
5.02538 3.65482
5.02538 3.35025
5.02538 3.19797
5.02538 2.8934
5.02538 2.58883
5.02538 2.43655
5.02538 2.13198
4.8731 1.9797
4.8731 1.67513
4.72081 1.52284
4.72081 1.21827
4.56853 1.06599
4.56853 0.761421
4.41624 0.609137
4.26396 0.304569
4.11168 0.152284
4.11168 -0.152284
3.95939 -0.304569
3.80711 -0.456853
3.65482 -0.761421
3.50254 -0.913706
3.35025 -1.06599
3.19797 -1.37056
3.04569 -1.52284
2.8934 -1.67513
2.74112 -1.82741
2.58883 -1.9797
2.43655 -2.13198
2.13198 -2.28426
1.9797 -2.58883
1.82741 -2.74112
1.67513 -2.74112
1.52284 -2.8934
1.21827 -3.04569
1.06599 -3.19797
0.913706 -3.35025
0.609137 -3.50254
0.456853 -3.65482
0.304569 -3.80711
0.152284 -3.80711
-0.152284 -3.95939
-0.304569 -4.11168
-0.456853 -4.11168
-0.761421 -4.26396
-0.913706 -4.41624
-1.06599 -4.41624
-1.37056 -4.56853
-1.52284 -4.72081
-1.67513 -4.72081
-1.82741 -4.8731
-2.13198 -4.8731
-2.28426 -5.02538
-2.43655 -5.02538
-2.74112 -5.17766
-2.8934 -5.17766
-3.04569 -5.32995
-3.35025 -5.32995
-3.50254 -5.48223
-3.65482 -5.48223
-3.95939 -5.63452
-4.11168 -5.63452
-4.26396 -5.63452
-4.41624 -5.7868
-4.72081 -5.7868
-4.8731 -5.7868
-5.02538 -5.93909
-5.32995 -5.93909
-5.48223 -5.93909
-5.63452 -6.09137
-5.93909 -6.09137
-6.09137 -6.09137
-6.24365 -6.09137
-6.54822 -6.24365
-6.70051 -6.24365
-6.85279 -6.24365
-7.00508 -6.24365
-7.30964 -6.24365
-7.46193 -6.24365
-7.61421 -6.24365
-7.91878 -6.39594
-8.07107 -6.39594
-8.22335 -6.39594
-8.52792 -6.39594
-8.6802 -6.39594
-8.83249 -6.39594
-9.13706 -6.39594
-9.28934 -6.39594
-9.44162 -6.24365
-9.74619 -6.24365
-9.89848 -6.24365
-10.0508 -6.24365
-10.203 -6.24365
-10.5076 -6.24365
-10.6599 -6.09137
-10.8122 -6.09137
-11.1168 -6.09137
-11.269 -6.09137
-11.4213 -5.93909
-11.5736 -5.93909
-11.8782 -5.93909
-12.0305 -5.7868
-12.1827 -5.7868
-12.335 -5.63452
-12.6396 -5.63452
-12.7919 -5.48223
-12.9442 -5.48223
-13.0964 -5.32995
-13.2487 -5.32995
-13.5533 -5.17766
-13.7056 -5.17766
-13.8579 -5.02538
-14.0102 -5.02538
-14.1624 -4.8731
-14.3147 -4.72081
-14.467 -4.72081
-14.7716 -4.56853
-14.9239 -4.41624
-15.0761 -4.41624
-15.2284 -4.26396
-15.3807 -4.11168
-15.533 -4.11168
-15.6853 -3.95939
-15.8376 -3.80711
-15.9898 -3.65482
-16.1421 -3.50254
-16.2944 -3.50254
-16.4467 -3.35025
-16.599 -3.19797
-16.7513 -3.04569
-16.9036 -2.8934
-17.0558 -2.74112
-17.2081 -2.74112
-17.3604 -2.58883
-17.5127 -2.43655
-17.665 -2.28426
-17.8173 -2.13198
-17.9695 -1.9797
-18.1218 -1.82741
-18.2741 -1.67513
-18.4264 -1.52284
-18.4264 -1.37056
-18.5787 -1.21827
-18.731 -1.06599
-18.8832 -0.913706
-19.0355 -0.761421
-19.1878 -0.609137
-19.1878 -0.456853
-19.3401 -0.304569
-19.4924 0
-19.6447 0.152284
-19.797 0.304569
-19.797 0.456853
-19.9492 0.609137
-20.1015 0.761421
-20.2538 1.06599
-20.2538 1.21827
-20.4061 1.37056
-20.5584 1.52284
-20.7107 1.67513
-20.7107 1.9797
-20.8629 2.13198
-21.0152 2.28426
-21.0152 2.58883
-21.1675 2.74112
-21.3198 2.8934
-21.3198 3.19797
-21.4721 3.35025
-21.6244 3.50254
-21.6244 3.80711
-21.7766 3.95939
-21.7766 4.26396
-21.9289 4.41624
-21.9289 4.72081
-22.0812 4.8731
-22.0812 5.17766
-22.2335 5.32995
-22.2335 5.63452
-22.2335 5.7868
-22.3858 6.09137
-22.3858 6.24365
-22.3858 6.54822
-22.3858 6.85279
-22.5381 7.00508
-22.5381 7.30964
-22.5381 7.46193
-22.5381 7.7665
-22.5381 8.07107
-22.5381 8.22335
-22.3858 8.52792
-22.3858 8.6802
-22.3858 8.98477
-22.3858 9.28934
-22.2335 9.44162
-22.2335 9.74619
-22.0812 9.89848
-22.0812 10.203
-21.9289 10.3553
-21.9289 10.6599
-21.7766 10.8122
-21.6244 11.1168
-21.6244 11.269
-21.4721 11.5736
-21.3198 11.7259
-21.1675 11.8782
-21.0152 12.1827
-20.8629 12.335
-20.7107 12.4873
-20.5584 12.6396
-20.2538 12.7919
-20.1015 12.9442
-19.9492 13.0964
-19.797 13.2487
-19.4924 13.401
-19.3401 13.5533
-19.0355 13.7056
-18.8832 13.8579
-18.731 13.8579
-18.4264 14.0102
-18.2741 14.1624
-17.9695 14.1624
-17.8173 14.3147
-17.5127 14.3147
-17.2081 14.467
-17.0558 14.467
-16.7513 14.6193
-16.599 14.6193
-16.2944 14.7716
-16.1421 14.7716
-15.9898 14.7716
-15.6853 14.9239
-15.533 14.9239
-15.2284 14.9239
-15.0761 15.0761
-14.9239 15.0761
-14.6193 15.0761
-14.467 15.2284
-14.3147 15.2284
-14.0102 15.2284
-13.8579 15.3807
-13.7056 15.3807
-13.5533 15.533
-13.2487 15.533
-13.0964 15.6853
-12.9442 15.6853
-12.7919 15.6853
-12.6396 15.8376
-12.335 15.8376
-12.1827 15.9898
-12.0305 15.9898
-11.8782 16.1421
-11.5736 16.1421
-11.4213 16.1421
-11.269 16.2944
-11.1168 16.2944
-10.8122 16.2944
-10.6599 16.4467
-10.5076 16.4467
-10.203 16.4467
-10.0508 16.4467
-9.89848 16.4467
-9.74619 16.4467
-9.44162 16.599
-9.28934 16.599
-9.13706 16.599
-8.83249 16.4467
-8.6802 16.4467
-8.52792 16.4467
-8.22335 16.4467
-8.07107 16.4467
-7.91878 16.4467
-7.7665 16.4467
-7.46193 16.2944
-7.30964 16.2944
-7.15736 16.2944
-6.85279 16.2944
-6.70051 16.1421
-6.54822 16.1421
-6.39594 16.1421
-6.09137 15.9898
-5.93909 15.9898
-5.7868 15.9898
-5.63452 15.8376
-5.32995 15.8376
-5.17766 15.8376
-5.02538 15.6853
-4.8731 15.6853
-4.56853 15.533
-4.41624 15.533
-4.26396 15.533
-4.11168 15.3807
-3.95939 15.3807
-3.65482 15.2284
-3.50254 15.2284
-3.35025 15.0761
-3.19797 15.0761
-2.8934 14.9239
-2.74112 14.9239
-2.58883 14.7716
-2.43655 14.7716
-2.13198 14.6193
-1.9797 14.6193
-1.82741 14.467
-1.67513 14.3147
-1.52284 14.3147
-1.21827 14.1624
-1.06599 14.0102
-0.913706 14.0102
-0.761421 13.8579
-0.609137 13.7056
-0.456853 13.5533
-0.304569 13.401
0 13.2487
0.152284 13.2487
0.304569 13.0964
0.456853 12.9442
0.609137 12.7919
0.761421 12.6396
0.913706 12.4873
1.06599 12.335
1.21827 12.1827
1.37056 12.0305
1.52284 11.8782
1.67513 11.7259
1.82741 11.5736
1.82741 11.269
1.9797 11.1168
2.13198 10.9645
2.28426 10.8122
2.43655 10.6599
2.58883 10.5076
2.74112 10.203
2.8934 10.0508
2.8934 9.89848
3.04569 9.74619
3.19797 9.44162
3.35025 9.28934
3.50254 9.13706
3.50254 8.98477
3.65482 8.6802
3.80711 8.52792
3.80711 8.22335
3.95939 8.07107
4.11168 7.91878
4.11168 7.61421
4.26396 7.46193
4.41624 7.15736
4.41624 7.00508
4.56853 6.70051
4.56853 6.54822
4.72081 6.24365
4.72081 6.09137
4.72081 5.7868
4.8731 5.63452
4.8731 5.32995
