5.02538 5.02538
5.02538 4.8731
5.02538 4.56853
5.02538 4.26396
5.02538 4.11168
5.02538 3.80711
5.02538 3.65482
4.8731 3.35025
4.8731 3.04569
4.8731 2.8934
4.8731 2.58883
4.72081 2.43655
4.72081 2.13198
4.72081 1.9797
4.56853 1.67513
4.56853 1.52284
4.41624 1.21827
4.41624 1.06599
4.26396 0.761421
4.26396 0.609137
4.11168 0.304569
3.95939 0.152284
3.95939 -0.152284
3.80711 -0.304569
3.65482 -0.456853
3.50254 -0.761421
3.50254 -0.913706
3.35025 -1.06599
3.19797 -1.37056
3.04569 -1.52284
2.8934 -1.67513
2.74112 -1.82741
2.43655 -1.9797
2.28426 -2.28426
2.13198 -2.43655
1.9797 -2.58883
1.82741 -2.74112
1.67513 -2.8934
1.37056 -3.04569
1.21827 -3.19797
1.06599 -3.19797
0.913706 -3.35025
0.609137 -3.50254
0.456853 -3.65482
0.304569 -3.80711
0.152284 -3.95939
-0.152284 -3.95939
-0.304569 -4.11168
-0.456853 -4.26396
-0.761421 -4.26396
-0.913706 -4.41624
-1.06599 -4.56853
-1.21827 -4.56853
-1.52284 -4.72081
-1.67513 -4.8731
-1.82741 -4.8731
-2.13198 -5.02538
-2.28426 -5.02538
-2.43655 -5.17766
-2.74112 -5.17766
-2.8934 -5.32995
-3.04569 -5.32995
-3.35025 -5.48223
-3.50254 -5.48223
-3.65482 -5.48223
-3.80711 -5.63452
-4.11168 -5.63452
-4.26396 -5.7868
-4.41624 -5.7868
-4.72081 -5.7868
-4.8731 -5.93909
-5.02538 -5.93909
-5.32995 -5.93909
-5.48223 -5.93909
-5.63452 -6.09137
-5.7868 -6.09137
-6.09137 -6.09137
-6.24365 -6.09137
-6.39594 -6.09137
-6.70051 -6.24365
-6.85279 -6.24365
-7.00508 -6.24365
-7.30964 -6.24365
-7.46193 -6.24365
-7.61421 -6.24365
-7.91878 -6.24365
-8.07107 -6.24365
-8.22335 -6.24365
-8.37563 -6.24365
-8.6802 -6.24365
-8.83249 -6.24365
-8.98477 -6.24365
-9.28934 -6.24365
-9.44162 -6.24365
-9.59391 -6.24365
-9.89848 -6.24365
-10.0508 -6.09137
-10.203 -6.09137
-10.3553 -6.09137
-10.6599 -6.09137
-10.8122 -6.09137
-10.9645 -5.93909
-11.1168 -5.93909
-11.4213 -5.93909
-11.5736 -5.7868
-11.7259 -5.7868
-11.8782 -5.7868
-12.1827 -5.63452
-12.335 -5.63452
-12.4873 -5.63452
-12.6396 -5.48223
-12.7919 -5.48223
-13.0964 -5.32995
-13.2487 -5.32995
-13.401 -5.17766
-13.5533 -5.17766
-13.7056 -5.02538
-14.0102 -5.02538
-14.1624 -4.8731
-14.3147 -4.72081
-14.467 -4.72081
-14.6193 -4.56853
-14.7716 -4.41624
-14.9239 -4.41624
-15.0761 -4.26396
-15.2284 -4.11168
-15.533 -4.11168
-15.6853 -3.95939
-15.8376 -3.80711
-15.9898 -3.65482
-16.1421 -3.65482
-16.2944 -3.50254
-16.4467 -3.35025
-16.599 -3.19797
-16.7513 -3.04569
-16.9036 -3.04569
-17.0558 -2.8934
-17.2081 -2.74112
-17.3604 -2.58883
-17.5127 -2.43655
-17.665 -2.28426
-17.8173 -2.13198
-17.8173 -1.9797
-17.9695 -1.82741
-18.1218 -1.67513
-18.2741 -1.52284
-18.4264 -1.37056
-18.5787 -1.21827
-18.731 -1.06599
-18.731 -0.913706
-18.8832 -0.761421
-19.0355 -0.609137
-19.1878 -0.456853
-19.3401 -0.304569
-19.3401 -0.152284
-19.4924 0
-19.6447 0.304569
-19.797 0.456853
-19.797 0.609137
-19.9492 0.761421
-20.1015 0.913706
-20.2538 1.06599
-20.2538 1.37056
-20.4061 1.52284
-20.5584 1.67513
-20.7107 1.82741
-20.7107 2.13198
-20.8629 2.28426
-21.0152 2.43655
-21.1675 2.74112
-21.1675 2.8934
-21.3198 3.04569
-21.4721 3.35025
-21.4721 3.50254
-21.6244 3.65482
-21.7766 3.95939
-21.9289 4.11168
-21.9289 4.41624
-22.0812 4.56853
-22.0812 4.8731
-22.2335 5.02538
-22.3858 5.32995
-22.3858 5.48223
-22.5381 5.7868
-22.5381 5.93909
-22.5381 6.24365
-22.6904 6.54822
-22.6904 6.70051
-22.6904 7.00508
-22.6904 7.30964
-22.6904 7.46193
-22.6904 7.7665
-22.6904 8.07107
-22.6904 8.22335
-22.6904 8.52792
-22.6904 8.6802
-22.5381 8.98477
-22.5381 9.28934
-22.3858 9.44162
-22.3858 9.74619
-22.2335 9.89848
-22.2335 10.203
-22.0812 10.3553
-21.9289 10.6599
-21.7766 10.8122
-21.6244 10.9645
-21.6244 11.269
-21.4721 11.4213
-21.3198 11.5736
-21.0152 11.8782
-20.8629 12.0305
-20.7107 12.1827
-20.5584 12.335
-20.4061 12.4873
-20.1015 12.6396
-19.9492 12.7919
-19.797 12.9442
-19.4924 13.0964
-19.3401 13.2487
-19.1878 13.401
-18.8832 13.5533
-18.731 13.5533
-18.4264 13.7056
-18.2741 13.8579
-17.9695 13.8579
-17.8173 14.0102
-17.5127 14.0102
-17.3604 14.1624
-17.0558 14.1624
-16.9036 14.3147
-16.599 14.3147
-16.4467 14.3147
-16.1421 14.467
-15.9898 14.467
-15.6853 14.6193
-15.533 14.6193
-15.3807 14.6193
-15.0761 14.7716
-14.9239 14.7716
-14.7716 14.7716
-14.467 14.9239
-14.3147 14.9239
-14.1624 14.9239
-14.0102 15.0761
-13.7056 15.0761
-13.5533 15.2284
-13.401 15.2284
-13.2487 15.3807
-13.0964 15.3807
-12.7919 15.533
-12.6396 15.533
-12.4873 15.533
-12.335 15.6853
-12.1827 15.6853
-11.8782 15.8376
-11.7259 15.8376
-11.5736 15.9898
-11.4213 15.9898
-11.1168 15.9898
-10.9645 16.1421
-10.8122 16.1421
-10.6599 16.2944
-10.3553 16.2944
-10.203 16.2944
-10.0508 16.2944
-9.89848 16.4467
-9.59391 16.4467
-9.44162 16.4467
-9.28934 16.4467
-8.98477 16.4467
-8.83249 16.4467
-8.6802 16.4467
-8.37563 16.4467
-8.22335 16.4467
-8.07107 16.4467
-7.91878 16.4467
-7.61421 16.4467
-7.46193 16.4467
-7.30964 16.4467
-7.00508 16.4467
-6.85279 16.2944
-6.70051 16.2944
-6.39594 16.2944
-6.24365 16.2944
-6.09137 16.1421
-5.93909 16.1421
-5.63452 16.1421
-5.48223 15.9898
-5.32995 15.9898
-5.02538 15.9898
-4.8731 15.8376
-4.72081 15.8376
-4.56853 15.6853
-4.26396 15.6853
-4.11168 15.6853
-3.95939 15.533
-3.80711 15.533
-3.50254 15.3807
-3.35025 15.3807
-3.19797 15.2284
-3.04569 15.0761
-2.8934 15.0761
-2.58883 14.9239
-2.43655 14.9239
-2.28426 14.7716
-2.13198 14.6193
-1.9797 14.6193
-1.82741 14.467
-1.52284 14.3147
-1.37056 14.1624
-1.21827 14.1624
-1.06599 14.0102
-0.913706 13.8579
-0.761421 13.7056
-0.609137 13.5533
-0.456853 13.401
-0.304569 13.401
-0.152284 13.2487
0 13.0964
0.152284 12.9442
0.304569 12.7919
0.456853 12.6396
0.609137 12.4873
0.761421 12.335
0.913706 12.1827
1.06599 12.0305
1.21827 11.8782
1.37056 11.7259
1.52284 11.5736
1.67513 11.4213
1.82741 11.269
1.9797 11.1168
2.13198 10.8122
2.28426 10.6599
2.43655 10.5076
2.58883 10.3553
2.58883 10.203
2.74112 10.0508
2.8934 9.74619
3.04569 9.59391
3.19797 9.44162
3.35025 9.28934
3.50254 8.98477
3.65482 8.83249
3.65482 8.6802
3.80711 8.37563
3.95939 8.22335
4.11168 8.07107
4.11168 7.7665
4.26396 7.61421
4.41624 7.30964
4.41624 7.15736
4.56853 7.00508
4.56853 6.70051
4.72081 6.54822
4.72081 6.24365
4.8731 5.93909
4.8731 5.7868
5.02538 5.48223
5.02538 5.32995
