13.7056 -3.50254
13.5533 -3.80711
13.5533 -3.95939
13.401 -4.11168
13.401 -4.26396
13.401 -4.41624
13.401 -4.56853
13.401 -4.72081
13.401 -5.02538
13.2487 -5.17766
13.2487 -5.32995
13.2487 -5.48223
13.2487 -5.63452
13.2487 -5.7868
13.2487 -6.09137
13.2487 -6.24365
13.2487 -6.39594
13.2487 -6.54822
13.2487 -6.85279
13.2487 -7.00508
13.2487 -7.15736
13.2487 -7.30964
13.2487 -7.61421
13.2487 -7.7665
13.2487 -7.91878
13.2487 -8.07107
13.2487 -8.37563
13.0964 -8.52792
13.0964 -8.6802
13.0964 -8.83249
12.9442 -9.13706
12.9442 -9.28934
12.9442 -9.44162
12.7919 -9.59391
12.7919 -9.89848
12.6396 -10.0508
12.4873 -10.203
12.4873 -10.3553
12.335 -10.5076
12.1827 -10.6599
12.1827 -10.8122
12.0305 -10.9645
11.8782 -11.1168
11.7259 -11.269
11.5736 -11.4213
11.5736 -11.5736
11.4213 -11.7259
11.269 -11.8782
11.1168 -12.0305
10.9645 -12.1827
10.8122 -12.335
10.6599 -12.335
10.5076 -12.4873
10.203 -12.6396
10.0508 -12.6396
9.89848 -12.7919
9.74619 -12.9442
9.59391 -12.9442
9.44162 -13.0964
9.13706 -13.0964
8.98477 -13.2487
8.83249 -13.2487
8.6802 -13.2487
8.52792 -13.401
8.22335 -13.401
8.07107 -13.401
7.91878 -13.5533
7.7665 -13.5533
7.46193 -13.5533
7.30964 -13.5533
7.15736 -13.5533
6.85279 -13.7056
6.70051 -13.7056
6.54822 -13.7056
6.39594 -13.7056
6.24365 -13.7056
5.93909 -13.7056
5.7868 -13.7056
5.63452 -13.7056
5.48223 -13.7056
5.17766 -13.7056
5.02538 -13.5533
4.8731 -13.5533
4.72081 -13.5533
4.56853 -13.5533
4.26396 -13.5533
4.11168 -13.5533
3.95939 -13.5533
3.80711 -13.401
3.65482 -13.401
3.50254 -13.401
3.35025 -13.401
3.19797 -13.401
2.8934 -13.401
2.74112 -13.2487
2.58883 -13.2487
2.43655 -13.2487
2.28426 -13.2487
2.13198 -13.2487
1.9797 -13.2487
1.82741 -13.0964
1.67513 -13.0964
1.37056 -13.0964
1.21827 -13.0964
1.06599 -13.0964
0.913706 -12.9442
0.761421 -12.9442
0.609137 -12.9442
0.456853 -12.9442
0.304569 -12.7919
0.152284 -12.7919
0 -12.7919
-0.304569 -12.7919
-0.456853 -12.6396
-0.609137 -12.6396
-0.761421 -12.6396
-0.913706 -12.4873
-1.06599 -12.4873
-1.21827 -12.335
-1.37056 -12.335
-1.52284 -12.1827
-1.67513 -12.1827
-1.82741 -12.0305
-1.9797 -12.0305
-2.13198 -11.8782
-2.28426 -11.7259
-2.43655 -11.7259
-2.58883 -11.5736
-2.74112 -11.4213
-2.74112 -11.269
-2.8934 -11.269
-3.04569 -11.1168
-3.19797 -10.9645
-3.35025 -10.8122
-3.50254 -10.6599
-3.50254 -10.6599
-3.65482 -10.5076
-3.80711 -10.3553
-3.80711 -10.203
-3.95939 -10.0508
-4.11168 -9.89848
-4.11168 -9.74619
-4.26396 -9.59391
-4.41624 -9.44162
-4.41624 -9.28934
-4.56853 -9.13706
-4.56853 -8.98477
-4.72081 -8.83249
-4.72081 -8.6802
-4.8731 -8.52792
-4.8731 -8.37563
-5.02538 -8.22335
-5.02538 -8.07107
-5.02538 -7.91878
-5.17766 -7.7665
-5.17766 -7.61421
-5.32995 -7.46193
-5.32995 -7.30964
-5.32995 -7.15736
-5.32995 -7.00508
-5.48223 -6.85279
-5.48223 -6.70051
-5.48223 -6.54822
-5.63452 -6.39594
-5.63452 -6.24365
-5.63452 -5.93909
-5.63452 -5.7868
-5.63452 -5.63452
-5.7868 -5.48223
-5.7868 -5.32995
-5.7868 -5.17766
-5.7868 -5.02538
-5.7868 -4.8731
-5.7868 -4.72081
-5.93909 -4.56853
-5.93909 -4.41624
-5.93909 -4.26396
-5.93909 -4.11168
-5.93909 -3.95939
-5.93909 -3.80711
-5.93909 -3.50254
-5.93909 -3.35025
-5.93909 -3.19797
-5.93909 -3.04569
-5.93909 -2.8934
-5.93909 -2.74112
-5.93909 -2.58883
-5.93909 -2.43655
-5.93909 -2.28426
-5.93909 -2.13198
-5.93909 -1.9797
-5.93909 -1.67513
-5.93909 -1.52284
-5.93909 -1.37056
-5.93909 -1.21827
-5.93909 -1.06599
-5.93909 -0.913706
-5.93909 -0.761421
-5.7868 -0.609137
-5.7868 -0.304569
-5.7868 -0.152284
-5.7868 0
-5.7868 0.152284
-5.63452 0.304569
-5.63452 0.456853
-5.63452 0.609137
-5.63452 0.913706
-5.48223 1.06599
-5.48223 1.21827
-5.48223 1.37056
-5.48223 1.52284
-5.32995 1.67513
-5.32995 1.9797
-5.32995 2.13198
-5.17766 2.28426
-5.17766 2.43655
-5.17766 2.58883
-5.02538 2.8934
-5.02538 3.04569
-4.8731 3.19797
-4.8731 3.35025
-4.8731 3.65482
-4.72081 3.80711
-4.72081 3.95939
-4.56853 4.11168
-4.41624 4.41624
-4.41624 4.56853
-4.26396 4.72081
-4.26396 4.8731
-4.11168 5.17766
-3.95939 5.32995
-3.80711 5.48223
-3.80711 5.63452
-3.65482 5.7868
-3.50254 5.93909
-3.35025 6.09137
-3.19797 6.24365
-3.04569 6.39594
-2.8934 6.54822
-2.74112 6.70051
-2.58883 6.85279
-2.28426 7.00508
-2.13198 7.00508
-1.9797 7.15736
-1.82741 7.15736
-1.67513 7.30964
-1.37056 7.30964
-1.21827 7.46193
-1.06599 7.46193
-0.761421 7.46193
-0.609137 7.61421
-0.456853 7.61421
-0.152284 7.61421
0 7.61421
0.304569 7.61421
0.456853 7.61421
0.609137 7.61421
0.913706 7.61421
1.06599 7.61421
1.21827 7.61421
1.52284 7.61421
1.67513 7.61421
1.9797 7.46193
2.13198 7.46193
2.28426 7.46193
2.43655 7.30964
2.74112 7.30964
2.8934 7.30964
3.04569 7.15736
3.35025 7.15736
3.50254 7.15736
3.65482 7.00508
3.80711 7.00508
3.95939 6.85279
4.26396 6.85279
4.41624 6.70051
4.56853 6.70051
4.72081 6.54822
4.8731 6.54822
5.02538 6.39594
5.17766 6.24365
5.32995 6.24365
5.48223 6.09137
5.63452 6.09137
5.7868 5.93909
5.93909 5.7868
6.09137 5.7868
6.24365 5.63452
6.39594 5.48223
6.54822 5.48223
6.70051 5.32995
6.85279 5.17766
7.00508 5.17766
7.15736 5.02538
7.30964 4.8731
7.30964 4.72081
7.46193 4.72081
7.61421 4.56853
7.7665 4.41624
7.91878 4.41624
7.91878 4.26396
8.07107 4.11168
8.22335 3.95939
8.37563 3.95939
8.37563 3.80711
8.52792 3.65482
8.6802 3.50254
8.6802 3.50254
8.83249 3.35025
8.98477 3.19797
9.13706 3.04569
9.13706 3.04569
9.28934 2.8934
9.44162 2.74112
9.44162 2.58883
9.59391 2.58883
9.74619 2.43655
9.74619 2.28426
9.89848 2.13198
9.89848 2.13198
10.0508 1.9797
10.203 1.82741
10.203 1.67513
10.3553 1.67513
10.5076 1.52284
10.5076 1.37056
10.6599 1.21827
10.6599 1.06599
10.8122 1.06599
10.9645 0.913706
10.9645 0.761421
11.1168 0.609137
11.1168 0.456853
11.269 0.456853
11.269 0.304569
11.4213 0.152284
11.4213 0
11.5736 -0.152284
11.5736 -0.304569
11.7259 -0.456853
11.7259 -0.609137
11.8782 -0.609137
11.8782 -0.761421
12.0305 -0.913706
12.0305 -1.06599
12.1827 -1.21827
12.1827 -1.37056
12.335 -1.52284
12.335 -1.67513
12.4873 -1.82741
12.6396 -1.9797
12.6396 -2.13198
12.7919 -2.28426
12.9442 -2.43655
12.9442 -2.58883
13.0964 -2.74112
13.2487 -2.8934
13.401 -3.04569
13.401 -3.19797
13.5533 -3.35025
