13.401 -3.50254
13.401 -3.65482
13.401 -3.80711
13.2487 -3.95939
13.2487 -4.11168
13.2487 -4.41624
13.2487 -4.56853
13.2487 -4.72081
13.2487 -4.8731
13.2487 -5.02538
13.2487 -5.17766
13.2487 -5.32995
13.2487 -5.63452
13.2487 -5.7868
13.2487 -5.93909
13.401 -6.09137
13.2487 -6.24365
13.2487 -6.54822
13.2487 -6.70051
13.2487 -6.85279
13.2487 -7.00508
13.2487 -7.30964
13.2487 -7.46193
13.2487 -7.61421
13.2487 -7.7665
13.2487 -8.07107
13.0964 -8.22335
13.0964 -8.37563
13.0964 -8.52792
12.9442 -8.83249
12.9442 -8.98477
12.9442 -9.13706
12.7919 -9.28934
12.7919 -9.44162
12.6396 -9.74619
12.6396 -9.89848
12.4873 -10.0508
12.4873 -10.203
12.335 -10.3553
12.1827 -10.5076
12.1827 -10.6599
12.0305 -10.8122
11.8782 -11.1168
11.7259 -11.269
11.5736 -11.4213
11.5736 -11.4213
11.4213 -11.5736
11.269 -11.7259
11.1168 -11.8782
10.9645 -12.0305
10.8122 -12.1827
10.6599 -12.335
10.5076 -12.335
10.3553 -12.4873
10.0508 -12.6396
9.89848 -12.6396
9.74619 -12.7919
9.59391 -12.7919
9.44162 -12.9442
9.28934 -12.9442
8.98477 -13.0964
8.83249 -13.0964
8.6802 -13.2487
8.52792 -13.2487
8.22335 -13.2487
8.07107 -13.401
7.91878 -13.401
7.7665 -13.401
7.46193 -13.401
7.30964 -13.401
7.15736 -13.5533
7.00508 -13.5533
6.70051 -13.5533
6.54822 -13.5533
6.39594 -13.5533
6.24365 -13.5533
6.09137 -13.5533
5.7868 -13.5533
5.63452 -13.5533
5.48223 -13.5533
5.32995 -13.5533
5.02538 -13.5533
4.8731 -13.5533
4.72081 -13.5533
4.56853 -13.5533
4.41624 -13.401
4.26396 -13.401
3.95939 -13.401
3.80711 -13.401
3.65482 -13.401
3.50254 -13.401
3.35025 -13.2487
3.19797 -13.2487
3.04569 -13.2487
2.8934 -13.2487
2.58883 -13.2487
2.43655 -13.2487
2.28426 -13.0964
2.13198 -13.0964
1.9797 -13.0964
1.82741 -13.0964
1.67513 -13.0964
1.52284 -12.9442
1.37056 -12.9442
1.21827 -12.9442
1.06599 -12.9442
0.761421 -12.7919
0.609137 -12.7919
0.456853 -12.7919
0.304569 -12.7919
0.152284 -12.6396
0 -12.6396
-0.152284 -12.6396
-0.304569 -12.4873
-0.456853 -12.4873
-0.609137 -12.335
-0.761421 -12.335
-0.913706 -12.335
-1.06599 -12.1827
-1.21827 -12.1827
-1.37056 -12.0305
-1.52284 -12.0305
-1.67513 -11.8782
-1.82741 -11.7259
-1.9797 -11.7259
-2.13198 -11.5736
-2.28426 -11.4213
-2.43655 -11.4213
-2.58883 -11.269
-2.74112 -11.1168
-2.8934 -11.1168
-2.8934 -10.9645
-3.04569 -10.8122
-3.19797 -10.6599
-3.35025 -10.5076
-3.50254 -10.5076
-3.50254 -10.3553
-3.65482 -10.203
-3.80711 -10.0508
-3.80711 -9.89848
-3.95939 -9.74619
-4.11168 -9.59391
-4.11168 -9.44162
-4.26396 -9.28934
-4.41624 -9.13706
-4.41624 -8.98477
-4.56853 -8.83249
-4.56853 -8.6802
-4.72081 -8.52792
-4.72081 -8.37563
-4.8731 -8.22335
-4.8731 -8.07107
-4.8731 -7.91878
-5.02538 -7.7665
-5.02538 -7.61421
-5.17766 -7.46193
-5.17766 -7.30964
-5.17766 -7.15736
-5.32995 -7.00508
-5.32995 -6.85279
-5.32995 -6.70051
-5.32995 -6.54822
-5.48223 -6.39594
-5.48223 -6.24365
-5.48223 -6.09137
-5.48223 -5.93909
-5.63452 -5.7868
-5.63452 -5.63452
-5.63452 -5.48223
-5.63452 -5.32995
-5.63452 -5.17766
-5.63452 -5.02538
-5.7868 -4.72081
-5.7868 -4.56853
-5.7868 -4.41624
-5.7868 -4.26396
-5.7868 -4.11168
-5.7868 -3.95939
-5.7868 -3.80711
-5.7868 -3.65482
-5.7868 -3.50254
-5.7868 -3.35025
-5.7868 -3.19797
-5.7868 -3.04569
-5.7868 -2.8934
-5.7868 -2.74112
-5.7868 -2.43655
-5.7868 -2.28426
-5.7868 -2.13198
-5.7868 -1.9797
-5.7868 -1.82741
-5.7868 -1.67513
-5.7868 -1.52284
-5.7868 -1.37056
-5.7868 -1.21827
-5.7868 -1.06599
-5.7868 -0.913706
-5.63452 -0.609137
-5.63452 -0.456853
-5.63452 -0.304569
-5.63452 -0.152284
-5.63452 0
-5.63452 0.152284
-5.48223 0.304569
-5.48223 0.456853
-5.48223 0.761421
-5.48223 0.913706
-5.32995 1.06599
-5.32995 1.21827
-5.32995 1.37056
-5.32995 1.52284
-5.17766 1.82741
-5.17766 1.9797
-5.17766 2.13198
-5.02538 2.28426
-5.02538 2.43655
-5.02538 2.74112
-4.8731 2.8934
-4.8731 3.04569
-4.72081 3.19797
-4.72081 3.35025
-4.72081 3.65482
-4.56853 3.80711
-4.56853 3.95939
-4.41624 4.11168
-4.41624 4.41624
-4.26396 4.56853
-4.11168 4.72081
-4.11168 4.8731
-3.95939 5.17766
-3.80711 5.32995
-3.80711 5.48223
-3.65482 5.63452
-3.50254 5.7868
-3.35025 5.93909
-3.19797 6.09137
-3.04569 6.24365
-2.8934 6.39594
-2.74112 6.54822
-2.58883 6.70051
-2.43655 6.85279
-2.28426 7.00508
-2.13198 7.00508
-1.9797 7.15736
-1.67513 7.30964
-1.52284 7.30964
-1.37056 7.46193
-1.21827 7.46193
-0.913706 7.61421
-0.761421 7.61421
-0.609137 7.7665
-0.304569 7.7665
-0.152284 7.7665
0 7.7665
0.304569 7.91878
0.456853 7.91878
0.609137 7.91878
0.913706 7.91878
1.06599 7.91878
1.37056 7.91878
1.52284 7.91878
1.67513 7.7665
1.9797 7.7665
2.13198 7.7665
2.28426 7.7665
2.58883 7.61421
2.74112 7.61421
2.8934 7.61421
3.19797 7.46193
3.35025 7.46193
3.50254 7.46193
3.65482 7.30964
3.95939 7.30964
4.11168 7.15736
4.26396 7.15736
4.41624 7.00508
4.56853 6.85279
4.72081 6.85279
4.8731 6.70051
5.17766 6.70051
5.32995 6.54822
5.48223 6.39594
5.63452 6.39594
5.7868 6.24365
5.93909 6.09137
6.09137 6.09137
6.24365 5.93909
6.39594 5.7868
6.54822 5.7868
6.70051 5.63452
6.85279 5.48223
7.00508 5.48223
7.00508 5.32995
7.15736 5.17766
7.30964 5.17766
7.46193 5.02538
7.61421 4.8731
7.7665 4.8731
7.91878 4.72081
8.07107 4.56853
8.07107 4.56853
8.22335 4.41624
8.37563 4.26396
8.52792 4.11168
8.6802 4.11168
8.6802 3.95939
8.83249 3.80711
8.98477 3.80711
9.13706 3.65482
9.13706 3.50254
9.28934 3.35025
9.44162 3.19797
9.44162 3.19797
9.59391 3.04569
9.74619 2.8934
9.74619 2.74112
9.89848 2.58883
9.89848 2.58883
10.0508 2.43655
10.0508 2.28426
10.203 2.13198
10.3553 1.9797
10.3553 1.82741
10.5076 1.67513
10.5076 1.67513
10.6599 1.52284
10.6599 1.37056
10.8122 1.21827
10.8122 1.06599
10.9645 0.913706
10.9645 0.761421
11.1168 0.761421
11.1168 0.609137
11.269 0.456853
11.269 0.304569
11.4213 0.152284
11.4213 0
11.5736 -0.152284
11.5736 -0.152284
11.7259 -0.304569
11.8782 -0.456853
11.8782 -0.609137
12.0305 -0.761421
12.0305 -0.913706
12.1827 -1.06599
12.335 -1.21827
12.335 -1.21827
12.4873 -1.37056
12.4873 -1.52284
12.6396 -1.67513
12.6396 -1.82741
12.7919 -1.9797
12.9442 -2.13198
12.9442 -2.28426
13.0964 -2.43655
13.0964 -2.58883
13.0964 -2.74112
13.2487 -3.04569
13.2487 -3.19797
13.401 -3.35025
