13.401 -3.35025
13.401 -3.50254
13.401 -3.65482
13.401 -3.80711
13.401 -3.95939
13.401 -4.11168
13.401 -4.41624
13.401 -4.56853
13.401 -4.72081
13.401 -4.8731
13.401 -5.02538
13.401 -5.17766
13.2487 -5.48223
13.2487 -5.63452
13.2487 -5.7868
13.2487 -5.93909
13.2487 -6.09137
13.2487 -6.39594
13.2487 -6.54822
13.2487 -6.70051
13.2487 -6.85279
13.2487 -7.00508
13.2487 -7.30964
13.2487 -7.46193
13.0964 -7.61421
13.0964 -7.7665
13.0964 -8.07107
13.0964 -8.22335
12.9442 -8.37563
12.9442 -8.52792
12.9442 -8.83249
12.7919 -8.98477
12.7919 -9.13706
12.7919 -9.28934
12.6396 -9.59391
12.6396 -9.74619
12.4873 -9.89848
12.335 -10.0508
12.335 -10.203
12.1827 -10.3553
12.0305 -10.6599
12.0305 -10.8122
11.8782 -10.9645
11.7259 -11.1168
11.5736 -11.269
11.5736 -11.4213
11.4213 -11.5736
11.269 -11.7259
11.1168 -11.7259
10.9645 -11.8782
10.8122 -12.0305
10.6599 -12.1827
10.5076 -12.335
10.203 -12.335
10.0508 -12.4873
9.89848 -12.6396
9.74619 -12.6396
9.59391 -12.7919
9.44162 -12.7919
9.13706 -12.9442
8.98477 -12.9442
8.83249 -13.0964
8.6802 -13.0964
8.37563 -13.0964
8.22335 -13.2487
8.07107 -13.2487
7.91878 -13.2487
7.61421 -13.2487
7.46193 -13.2487
7.30964 -13.401
7.15736 -13.401
6.85279 -13.401
6.70051 -13.401
6.54822 -13.401
6.39594 -13.401
6.09137 -13.401
5.93909 -13.401
5.7868 -13.401
5.63452 -13.401
5.32995 -13.401
5.17766 -13.401
5.02538 -13.401
4.8731 -13.401
4.72081 -13.401
4.41624 -13.401
4.26396 -13.401
4.11168 -13.401
3.95939 -13.2487
3.80711 -13.2487
3.65482 -13.2487
3.35025 -13.2487
3.19797 -13.2487
3.04569 -13.2487
2.8934 -13.0964
2.74112 -13.0964
2.58883 -13.0964
2.43655 -13.0964
2.28426 -13.0964
2.13198 -12.9442
1.82741 -12.9442
1.67513 -12.9442
1.52284 -12.9442
1.37056 -12.9442
1.21827 -12.7919
1.06599 -12.7919
0.913706 -12.7919
0.761421 -12.6396
0.609137 -12.6396
0.456853 -12.6396
0.304569 -12.6396
0 -12.4873
-0.152284 -12.4873
-0.304569 -12.335
-0.456853 -12.335
-0.609137 -12.335
-0.761421 -12.1827
-0.913706 -12.1827
-1.06599 -12.0305
-1.21827 -12.0305
-1.37056 -11.8782
-1.52284 -11.8782
-1.67513 -11.7259
-1.82741 -11.7259
-1.9797 -11.5736
-2.13198 -11.4213
-2.28426 -11.4213
-2.43655 -11.269
-2.43655 -11.1168
-2.58883 -11.1168
-2.74112 -10.9645
-2.8934 -10.8122
-3.04569 -10.6599
-3.19797 -10.6599
-3.19797 -10.5076
-3.35025 -10.3553
-3.50254 -10.203
-3.65482 -10.0508
-3.65482 -9.89848
-3.80711 -9.89848
-3.95939 -9.74619
-4.11168 -9.59391
-4.11168 -9.44162
-4.26396 -9.28934
-4.26396 -9.13706
-4.41624 -8.98477
-4.56853 -8.83249
-4.56853 -8.6802
-4.72081 -8.52792
-4.72081 -8.37563
-4.8731 -8.22335
-4.8731 -8.07107
-4.8731 -7.91878
-5.02538 -7.7665
-5.02538 -7.61421
-5.17766 -7.46193
-5.17766 -7.30964
-5.17766 -7.15736
-5.32995 -7.00508
-5.32995 -6.85279
-5.32995 -6.70051
-5.48223 -6.54822
-5.48223 -6.39594
-5.48223 -6.24365
-5.48223 -6.09137
-5.63452 -5.93909
-5.63452 -5.7868
-5.63452 -5.63452
-5.63452 -5.48223
-5.63452 -5.17766
-5.7868 -5.02538
-5.7868 -4.8731
-5.7868 -4.72081
-5.7868 -4.56853
-5.7868 -4.41624
-5.7868 -4.26396
-5.7868 -4.11168
-5.7868 -3.95939
-5.93909 -3.80711
-5.93909 -3.65482
-5.93909 -3.50254
-5.93909 -3.35025
-5.93909 -3.19797
-5.93909 -3.04569
-5.93909 -2.8934
-5.93909 -2.58883
-5.93909 -2.43655
-5.93909 -2.28426
-5.93909 -2.13198
-5.93909 -1.9797
-5.7868 -1.82741
-5.7868 -1.67513
-5.7868 -1.52284
-5.7868 -1.37056
-5.7868 -1.21827
-5.7868 -1.06599
-5.7868 -0.913706
-5.7868 -0.609137
-5.63452 -0.456853
-5.63452 -0.304569
-5.63452 -0.152284
-5.63452 0
-5.63452 0.152284
-5.48223 0.304569
-5.48223 0.456853
-5.48223 0.609137
-5.48223 0.761421
-5.32995 1.06599
-5.32995 1.21827
-5.32995 1.37056
-5.32995 1.52284
-5.17766 1.67513
-5.17766 1.82741
-5.17766 1.9797
-5.02538 2.28426
-5.02538 2.43655
-5.02538 2.58883
-4.8731 2.74112
-4.8731 2.8934
-4.8731 3.19797
-4.72081 3.35025
-4.72081 3.50254
-4.56853 3.65482
-4.56853 3.80711
-4.41624 4.11168
-4.41624 4.26396
-4.26396 4.41624
-4.26396 4.56853
-4.11168 4.8731
-4.11168 5.02538
-3.95939 5.17766
-3.80711 5.32995
-3.80711 5.48223
-3.65482 5.63452
-3.50254 5.93909
-3.35025 6.09137
-3.19797 6.24365
-3.04569 6.39594
-2.8934 6.54822
-2.74112 6.70051
-2.58883 6.85279
-2.43655 6.85279
-2.28426 7.00508
-2.13198 7.15736
-1.9797 7.30964
-1.82741 7.30964
-1.67513 7.46193
-1.37056 7.61421
-1.21827 7.61421
-1.06599 7.7665
-0.761421 7.7665
-0.609137 7.7665
-0.456853 7.91878
-0.152284 7.91878
0 7.91878
0.152284 8.07107
0.456853 8.07107
0.609137 8.07107
0.761421 8.07107
1.06599 8.07107
1.21827 8.07107
1.37056 8.07107
1.67513 8.07107
1.82741 8.07107
1.9797 8.07107
2.28426 7.91878
2.43655 7.91878
2.58883 7.91878
2.8934 7.91878
3.04569 7.7665
3.19797 7.7665
3.35025 7.7665
3.65482 7.61421
3.80711 7.61421
3.95939 7.61421
4.11168 7.46193
4.41624 7.46193
4.56853 7.30964
4.72081 7.30964
4.8731 7.15736
5.02538 7.00508
5.17766 7.00508
5.32995 6.85279
5.63452 6.85279
5.7868 6.70051
5.93909 6.54822
6.09137 6.54822
6.24365 6.39594
6.39594 6.24365
6.54822 6.09137
6.70051 6.09137
6.70051 5.93909
6.85279 5.7868
7.00508 5.63452
7.15736 5.48223
7.30964 5.32995
7.46193 5.32995
7.61421 5.17766
7.61421 5.02538
7.7665 4.8731
7.91878 4.72081
7.91878 4.56853
8.07107 4.41624
8.22335 4.26396
8.22335 4.26396
8.37563 4.11168
8.52792 3.95939
8.52792 3.80711
8.6802 3.65482
8.83249 3.50254
8.83249 3.35025
8.98477 3.19797
8.98477 3.19797
9.13706 3.04569
9.13706 2.8934
9.28934 2.74112
9.28934 2.58883
9.44162 2.43655
9.44162 2.43655
9.59391 2.28426
9.74619 2.13198
9.74619 1.9797
9.89848 1.82741
9.89848 1.82741
10.0508 1.67513
10.0508 1.52284
10.203 1.37056
10.203 1.37056
10.3553 1.21827
10.3553 1.06599
10.5076 0.913706
10.6599 0.913706
10.6599 0.761421
10.8122 0.609137
10.9645 0.456853
10.9645 0.456853
11.1168 0.304569
11.269 0.152284
11.269 0
11.4213 0
11.5736 -0.152284
11.7259 -0.304569
11.7259 -0.456853
11.8782 -0.609137
12.0305 -0.761421
12.1827 -0.761421
12.1827 -0.913706
12.335 -1.06599
12.4873 -1.21827
12.4873 -1.37056
12.6396 -1.52284
12.7919 -1.67513
12.7919 -1.82741
12.9442 -1.9797
12.9442 -2.13198
13.0964 -2.28426
13.0964 -2.43655
13.2487 -2.58883
13.2487 -2.74112
13.2487 -2.8934
13.2487 -3.19797
