12.9442 -2.28426
12.9442 -2.43655
12.9442 -2.58883
12.9442 -2.74112
12.9442 -2.8934
12.9442 -3.04569
12.9442 -3.19797
12.9442 -3.50254
12.9442 -3.65482
12.9442 -3.80711
13.0964 -3.95939
13.0964 -4.11168
13.0964 -4.41624
13.0964 -4.56853
13.0964 -4.72081
13.0964 -4.8731
13.0964 -5.02538
13.0964 -5.32995
12.9442 -5.48223
12.9442 -5.63452
12.9442 -5.7868
12.9442 -6.09137
12.9442 -6.24365
12.9442 -6.39594
12.9442 -6.70051
12.7919 -6.85279
12.7919 -7.00508
12.7919 -7.15736
12.6396 -7.30964
12.6396 -7.61421
12.4873 -7.7665
12.4873 -7.91878
12.335 -8.07107
12.335 -8.22335
12.1827 -8.52792
12.1827 -8.6802
12.0305 -8.83249
11.8782 -8.98477
11.8782 -9.13706
11.7259 -9.28934
11.5736 -9.44162
11.4213 -9.59391
11.269 -9.74619
11.269 -9.89848
11.1168 -10.0508
10.9645 -10.203
10.8122 -10.3553
10.6599 -10.3553
10.5076 -10.5076
10.3553 -10.6599
10.203 -10.8122
10.0508 -10.8122
9.74619 -10.9645
9.59391 -11.1168
9.44162 -11.1168
9.28934 -11.269
9.13706 -11.269
8.98477 -11.4213
8.83249 -11.4213
8.52792 -11.5736
8.37563 -11.5736
8.22335 -11.7259
8.07107 -11.7259
7.7665 -11.7259
7.61421 -11.8782
7.46193 -11.8782
7.30964 -11.8782
7.15736 -11.8782
6.85279 -12.0305
6.70051 -12.0305
6.54822 -12.0305
6.39594 -12.0305
6.24365 -12.0305
5.93909 -12.0305
5.7868 -12.0305
5.63452 -12.1827
5.48223 -12.1827
5.32995 -12.1827
5.02538 -12.1827
4.8731 -12.1827
4.72081 -12.1827
4.56853 -12.1827
4.41624 -12.1827
4.11168 -12.1827
3.95939 -12.1827
3.80711 -12.1827
3.65482 -12.0305
3.50254 -12.0305
3.35025 -12.0305
3.19797 -12.0305
2.8934 -12.0305
2.74112 -12.0305
2.58883 -11.8782
2.43655 -11.8782
2.28426 -11.8782
2.13198 -11.8782
1.9797 -11.7259
1.82741 -11.7259
1.67513 -11.7259
1.52284 -11.7259
1.37056 -11.5736
1.21827 -11.5736
1.06599 -11.4213
0.913706 -11.4213
0.609137 -11.4213
0.456853 -11.269
0.304569 -11.269
0.152284 -11.1168
0 -11.1168
0 -11.1168
-0.152284 -10.9645
-0.304569 -10.9645
-0.456853 -10.8122
-0.609137 -10.8122
-0.761421 -10.6599
-0.913706 -10.6599
-1.06599 -10.5076
-1.21827 -10.5076
-1.37056 -10.3553
-1.52284 -10.3553
-1.67513 -10.3553
-1.82741 -10.203
-1.9797 -10.203
-2.13198 -10.0508
-2.28426 -10.0508
-2.43655 -9.89848
-2.58883 -9.89848
-2.74112 -9.74619
-2.8934 -9.74619
-3.04569 -9.59391
-3.19797 -9.59391
-3.35025 -9.44162
-3.50254 -9.28934
-3.65482 -9.28934
-3.80711 -9.13706
-3.80711 -8.98477
-3.95939 -8.98477
-4.11168 -8.83249
-4.26396 -8.6802
-4.41624 -8.6802
-4.56853 -8.52792
-4.56853 -8.37563
-4.72081 -8.22335
-4.8731 -8.07107
-5.02538 -7.91878
-5.02538 -7.7665
-5.17766 -7.61421
-5.17766 -7.61421
-5.32995 -7.46193
-5.32995 -7.30964
-5.48223 -7.15736
-5.48223 -6.85279
-5.63452 -6.70051
-5.63452 -6.54822
-5.63452 -6.39594
-5.7868 -6.24365
-5.7868 -6.09137
-5.7868 -5.93909
-5.93909 -5.7868
-5.93909 -5.63452
-5.93909 -5.48223
-5.93909 -5.32995
-5.93909 -5.17766
-6.09137 -5.02538
-6.09137 -4.8731
-6.09137 -4.56853
-6.09137 -4.41624
-6.09137 -4.26396
-6.24365 -4.11168
-6.24365 -3.95939
-6.24365 -3.80711
-6.24365 -3.65482
-6.24365 -3.50254
-6.24365 -3.35025
-6.39594 -3.19797
-6.39594 -3.04569
-6.39594 -2.8934
-6.39594 -2.74112
-6.39594 -2.58883
-6.54822 -2.43655
-6.54822 -2.28426
-6.54822 -1.9797
-6.54822 -1.82741
-6.54822 -1.67513
-6.54822 -1.52284
-6.54822 -1.37056
-6.54822 -1.21827
-6.54822 -1.06599
-6.54822 -0.913706
-6.54822 -0.761421
-6.54822 -0.456853
-6.54822 -0.304569
-6.54822 -0.152284
-6.54822 0
-6.54822 0.152284
-6.54822 0.304569
-6.54822 0.456853
-6.54822 0.609137
-6.39594 0.913706
-6.39594 1.06599
-6.39594 1.21827
-6.39594 1.37056
-6.24365 1.52284
-6.24365 1.67513
-6.24365 1.82741
-6.09137 1.9797
-6.09137 2.28426
-6.09137 2.43655
-5.93909 2.58883
-5.93909 2.74112
-5.93909 2.8934
-5.7868 3.04569
-5.7868 3.19797
-5.7868 3.50254
-5.63452 3.65482
-5.63452 3.80711
-5.63452 3.95939
-5.48223 4.11168
-5.48223 4.41624
-5.32995 4.56853
-5.32995 4.72081
-5.17766 4.8731
-5.17766 5.17766
-5.17766 5.32995
-5.02538 5.48223
-5.02538 5.63452
-4.8731 5.93909
-4.72081 6.09137
-4.72081 6.24365
-4.56853 6.54822
-4.41624 6.70051
-4.41624 6.85279
-4.26396 7.00508
-4.11168 7.15736
-3.95939 7.46193
-3.95939 7.61421
-3.80711 7.7665
-3.65482 7.91878
-3.50254 8.07107
-3.35025 8.22335
-3.19797 8.37563
-3.04569 8.52792
-2.74112 8.6802
-2.58883 8.83249
-2.43655 8.83249
-2.28426 8.98477
-2.13198 9.13706
-1.82741 9.13706
-1.67513 9.28934
-1.52284 9.28934
-1.21827 9.44162
-1.06599 9.44162
-0.913706 9.59391
-0.609137 9.59391
-0.456853 9.59391
-0.152284 9.59391
0 9.74619
0.152284 9.74619
0.456853 9.74619
0.609137 9.74619
0.913706 9.74619
1.06599 9.74619
1.21827 9.74619
1.52284 9.74619
1.67513 9.74619
1.9797 9.74619
2.13198 9.74619
2.28426 9.59391
2.58883 9.59391
2.74112 9.59391
2.8934 9.59391
3.19797 9.44162
3.35025 9.44162
3.50254 9.44162
3.80711 9.28934
3.95939 9.28934
4.11168 9.13706
4.41624 9.13706
4.56853 9.13706
4.72081 8.98477
4.8731 8.83249
5.17766 8.83249
5.32995 8.6802
5.48223 8.6802
5.63452 8.52792
5.7868 8.37563
5.93909 8.22335
6.09137 8.22335
6.24365 8.07107
6.39594 7.91878
6.54822 7.7665
6.70051 7.61421
6.85279 7.61421
7.00508 7.46193
7.15736 7.30964
7.30964 7.15736
7.46193 7.00508
7.61421 6.85279
7.7665 6.70051
7.7665 6.54822
7.91878 6.39594
8.07107 6.24365
8.07107 6.09137
8.22335 5.93909
8.37563 5.7868
8.37563 5.63452
8.52792 5.48223
8.6802 5.32995
8.6802 5.17766
8.83249 5.02538
8.83249 4.8731
8.98477 4.72081
9.13706 4.56853
9.13706 4.41624
9.28934 4.26396
9.28934 4.11168
9.44162 3.95939
9.44162 3.80711
9.59391 3.65482
9.59391 3.50254
9.74619 3.35025
9.74619 3.35025
9.89848 3.19797
9.89848 3.04569
10.0508 2.8934
10.0508 2.74112
10.203 2.58883
10.203 2.43655
10.3553 2.28426
10.3553 2.28426
10.5076 2.13198
10.5076 1.9797
10.5076 1.82741
10.6599 1.67513
10.6599 1.52284
10.8122 1.37056
10.8122 1.37056
10.9645 1.21827
10.9645 1.06599
11.1168 0.913706
11.1168 0.761421
11.269 0.609137
11.269 0.456853
11.4213 0.304569
11.5736 0.304569
11.5736 0.152284
11.7259 0
11.7259 -0.152284
11.8782 -0.304569
11.8782 -0.456853
12.0305 -0.609137
12.0305 -0.761421
12.1827 -0.913706
12.1827 -1.06599
12.335 -1.21827
12.4873 -1.37056
12.4873 -1.52284
12.6396 -1.67513
12.6396 -1.82741
12.7919 -1.9797
