12.7919 -1.9797
12.7919 -2.13198
12.7919 -2.43655
12.9442 -2.58883
12.9442 -2.74112
12.9442 -2.8934
13.0964 -3.04569
13.0964 -3.19797
13.0964 -3.50254
13.0964 -3.65482
13.0964 -3.80711
13.2487 -3.95939
13.2487 -4.26396
13.2487 -4.41624
13.2487 -4.56853
13.2487 -4.72081
13.2487 -5.02538
13.2487 -5.17766
13.2487 -5.32995
13.0964 -5.63452
13.0964 -5.7868
13.0964 -5.93909
13.0964 -6.09137
13.0964 -6.39594
12.9442 -6.54822
12.9442 -6.70051
12.9442 -6.85279
12.7919 -7.15736
12.7919 -7.30964
12.6396 -7.46193
12.6396 -7.61421
12.4873 -7.7665
12.335 -7.91878
12.335 -8.22335
12.1827 -8.37563
12.0305 -8.52792
12.0305 -8.6802
11.8782 -8.83249
11.7259 -8.98477
11.5736 -9.13706
11.4213 -9.28934
11.4213 -9.44162
11.269 -9.59391
11.1168 -9.74619
10.9645 -9.74619
10.8122 -9.89848
10.6599 -10.0508
10.5076 -10.203
10.3553 -10.3553
10.203 -10.3553
10.0508 -10.5076
9.89848 -10.6599
9.59391 -10.6599
9.44162 -10.8122
9.28934 -10.9645
9.13706 -10.9645
8.98477 -11.1168
8.83249 -11.1168
8.6802 -11.269
8.37563 -11.269
8.22335 -11.269
8.07107 -11.4213
7.91878 -11.4213
7.7665 -11.5736
7.46193 -11.5736
7.30964 -11.5736
7.15736 -11.5736
7.00508 -11.7259
6.85279 -11.7259
6.54822 -11.7259
6.39594 -11.7259
6.24365 -11.8782
6.09137 -11.8782
5.93909 -11.8782
5.63452 -11.8782
5.48223 -11.8782
5.32995 -11.8782
5.17766 -11.8782
5.02538 -11.8782
4.72081 -12.0305
4.56853 -12.0305
4.41624 -12.0305
4.26396 -12.0305
4.11168 -12.0305
3.95939 -12.0305
3.80711 -12.0305
3.50254 -12.0305
3.35025 -11.8782
3.19797 -11.8782
3.04569 -11.8782
2.8934 -11.8782
2.74112 -11.8782
2.58883 -11.8782
2.28426 -11.8782
2.13198 -11.7259
1.9797 -11.7259
1.82741 -11.7259
1.67513 -11.7259
1.52284 -11.5736
1.37056 -11.5736
1.21827 -11.5736
1.06599 -11.4213
0.913706 -11.4213
0.761421 -11.269
0.609137 -11.269
0.456853 -11.269
0.304569 -11.1168
0.152284 -11.1168
0 -10.9645
-0.152284 -10.9645
-0.304569 -10.8122
-0.456853 -10.8122
-0.609137 -10.6599
-0.761421 -10.6599
-0.913706 -10.5076
-1.06599 -10.5076
-1.21827 -10.3553
-1.37056 -10.3553
-1.52284 -10.203
-1.67513 -10.203
-1.82741 -10.0508
-1.9797 -10.0508
-2.13198 -9.89848
-2.28426 -9.89848
-2.43655 -9.74619
-2.58883 -9.74619
-2.74112 -9.59391
-2.8934 -9.59391
-2.8934 -9.44162
-3.04569 -9.44162
-3.19797 -9.28934
-3.35025 -9.28934
-3.50254 -9.13706
-3.65482 -8.98477
-3.80711 -8.98477
-3.95939 -8.83249
-4.11168 -8.6802
-4.26396 -8.6802
-4.41624 -8.52792
-4.41624 -8.37563
-4.56853 -8.22335
-4.72081 -8.22335
-4.8731 -8.07107
-4.8731 -7.91878
-5.02538 -7.7665
-5.17766 -7.61421
-5.17766 -7.46193
-5.32995 -7.30964
-5.32995 -7.15736
-5.48223 -7.00508
-5.48223 -6.85279
-5.63452 -6.70051
-5.63452 -6.54822
-5.63452 -6.39594
-5.7868 -6.24365
-5.7868 -6.09137
-5.7868 -5.93909
-5.93909 -5.7868
-5.93909 -5.63452
-5.93909 -5.32995
-5.93909 -5.17766
-6.09137 -5.02538
-6.09137 -4.8731
-6.09137 -4.72081
-6.09137 -4.56853
-6.09137 -4.41624
-6.09137 -4.26396
-6.09137 -4.11168
-6.24365 -3.95939
-6.24365 -3.80711
-6.24365 -3.65482
-6.24365 -3.50254
-6.24365 -3.35025
-6.24365 -3.19797
-6.39594 -3.04569
-6.39594 -2.8934
-6.39594 -2.74112
-6.39594 -2.43655
-6.39594 -2.28426
-6.39594 -2.13198
-6.39594 -1.9797
-6.54822 -1.82741
-6.54822 -1.67513
-6.54822 -1.52284
-6.54822 -1.37056
-6.54822 -1.21827
-6.54822 -1.06599
-6.54822 -0.913706
-6.54822 -0.761421
-6.54822 -0.456853
-6.54822 -0.304569
-6.54822 -0.152284
-6.54822 0
-6.54822 0.152284
-6.54822 0.304569
-6.54822 0.456853
-6.54822 0.609137
-6.54822 0.913706
-6.54822 1.06599
-6.54822 1.21827
-6.54822 1.37056
-6.39594 1.52284
-6.39594 1.67513
-6.39594 1.9797
-6.39594 2.13198
-6.39594 2.28426
-6.24365 2.43655
-6.24365 2.58883
-6.24365 2.74112
-6.24365 3.04569
-6.09137 3.19797
-6.09137 3.35025
-6.09137 3.50254
-5.93909 3.65482
-5.93909 3.95939
-5.93909 4.11168
-5.7868 4.26396
-5.7868 4.41624
-5.63452 4.72081
-5.63452 4.8731
-5.48223 5.02538
-5.48223 5.17766
-5.48223 5.48223
-5.32995 5.63452
-5.17766 5.7868
-5.17766 5.93909
-5.02538 6.24365
-5.02538 6.39594
-4.8731 6.54822
-4.72081 6.70051
-4.72081 7.00508
-4.56853 7.15736
-4.41624 7.30964
-4.26396 7.46193
-4.11168 7.61421
-3.95939 7.7665
-3.80711 7.91878
-3.65482 8.07107
-3.50254 8.22335
-3.35025 8.37563
-3.19797 8.52792
-3.04569 8.6802
-2.8934 8.83249
-2.74112 8.98477
-2.58883 8.98477
-2.28426 9.13706
-2.13198 9.28934
-1.9797 9.28934
-1.82741 9.44162
-1.52284 9.44162
-1.37056 9.59391
-1.21827 9.59391
-0.913706 9.74619
-0.761421 9.74619
-0.456853 9.74619
-0.304569 9.89848
-0.152284 9.89848
0.152284 9.89848
0.304569 9.89848
0.609137 9.89848
0.761421 9.89848
0.913706 9.89848
1.21827 9.89848
1.37056 9.89848
1.67513 9.89848
1.82741 9.89848
1.9797 9.89848
2.28426 9.89848
2.43655 9.89848
2.58883 9.74619
2.8934 9.74619
3.04569 9.74619
3.19797 9.74619
3.50254 9.59391
3.65482 9.59391
3.80711 9.44162
4.11168 9.44162
4.26396 9.44162
4.41624 9.28934
4.56853 9.28934
4.8731 9.13706
5.02538 8.98477
5.17766 8.98477
5.32995 8.83249
5.48223 8.6802
5.7868 8.6802
5.93909 8.52792
6.09137 8.37563
6.24365 8.22335
6.39594 8.22335
6.54822 8.07107
6.70051 7.91878
6.85279 7.7665
7.00508 7.61421
7.15736 7.46193
7.15736 7.30964
7.30964 7.15736
7.46193 7.00508
7.61421 6.85279
7.7665 6.70051
7.7665 6.54822
7.91878 6.39594
8.07107 6.24365
8.22335 6.09137
8.22335 5.93909
8.37563 5.7868
8.37563 5.63452
8.52792 5.48223
8.6802 5.32995
8.6802 5.17766
8.83249 5.02538
8.83249 4.8731
8.98477 4.72081
8.98477 4.56853
9.13706 4.41624
9.13706 4.26396
9.28934 4.11168
9.28934 3.95939
9.44162 3.80711
9.44162 3.65482
9.59391 3.50254
9.59391 3.50254
9.59391 3.35025
9.74619 3.19797
9.74619 3.04569
9.89848 2.8934
9.89848 2.74112
10.0508 2.58883
10.0508 2.43655
10.203 2.28426
10.203 2.28426
10.203 2.13198
10.3553 1.9797
10.3553 1.82741
10.5076 1.67513
10.5076 1.52284
10.6599 1.37056
10.6599 1.37056
10.8122 1.21827
10.8122 1.06599
10.9645 0.913706
10.9645 0.761421
11.1168 0.609137
11.269 0.456853
11.269 0.456853
11.4213 0.304569
11.4213 0.152284
11.5736 0
11.5736 -0.152284
11.7259 -0.304569
11.8782 -0.456853
11.8782 -0.609137
12.0305 -0.761421
12.0305 -0.913706
12.1827 -1.06599
12.1827 -1.21827
12.335 -1.37056
12.335 -1.52284
12.4873 -1.67513
12.4873 -1.82741
