12.6396 -2.43655
12.7919 -2.74112
12.7919 -2.8934
12.7919 -3.04569
12.9442 -3.19797
12.9442 -3.35025
12.9442 -3.50254
12.9442 -3.65482
13.0964 -3.95939
13.0964 -4.11168
13.0964 -4.26396
13.0964 -4.41624
13.0964 -4.56853
13.0964 -4.8731
13.0964 -5.02538
13.0964 -5.17766
13.0964 -5.32995
13.0964 -5.63452
13.0964 -5.7868
13.0964 -5.93909
12.9442 -6.09137
12.9442 -6.24365
12.9442 -6.54822
12.9442 -6.70051
12.7919 -6.85279
12.7919 -7.00508
12.7919 -7.15736
12.6396 -7.46193
12.6396 -7.61421
12.4873 -7.7665
12.4873 -7.91878
12.335 -8.07107
12.335 -8.22335
12.1827 -8.37563
12.0305 -8.52792
12.0305 -8.83249
11.8782 -8.98477
11.7259 -9.13706
11.7259 -9.28934
11.5736 -9.44162
11.4213 -9.59391
11.269 -9.74619
11.1168 -9.74619
11.1168 -9.89848
10.9645 -10.0508
10.8122 -10.203
10.6599 -10.3553
10.5076 -10.5076
10.3553 -10.6599
10.203 -10.6599
10.0508 -10.8122
9.89848 -10.9645
9.74619 -10.9645
9.59391 -11.1168
9.44162 -11.269
9.28934 -11.269
9.13706 -11.4213
8.83249 -11.4213
8.6802 -11.5736
8.52792 -11.5736
8.37563 -11.7259
8.22335 -11.7259
8.07107 -11.8782
7.91878 -11.8782
7.61421 -12.0305
7.46193 -12.0305
7.30964 -12.0305
7.15736 -12.1827
7.00508 -12.1827
6.85279 -12.1827
6.54822 -12.1827
6.39594 -12.335
6.24365 -12.335
6.09137 -12.335
5.93909 -12.335
5.7868 -12.4873
5.48223 -12.4873
5.32995 -12.4873
5.17766 -12.4873
5.02538 -12.4873
4.8731 -12.4873
4.72081 -12.4873
4.41624 -12.4873
4.26396 -12.4873
4.11168 -12.6396
3.95939 -12.6396
3.80711 -12.6396
3.65482 -12.4873
3.35025 -12.4873
3.19797 -12.4873
3.04569 -12.4873
2.8934 -12.4873
2.74112 -12.4873
2.58883 -12.4873
2.43655 -12.4873
2.13198 -12.335
1.9797 -12.335
1.82741 -12.335
1.67513 -12.1827
1.52284 -12.1827
1.37056 -12.1827
1.21827 -12.0305
1.06599 -12.0305
0.913706 -12.0305
0.761421 -11.8782
0.609137 -11.8782
0.456853 -11.7259
0.304569 -11.7259
0.152284 -11.5736
0 -11.5736
-0.152284 -11.4213
-0.304569 -11.4213
-0.456853 -11.269
-0.609137 -11.1168
-0.761421 -11.1168
-0.913706 -10.9645
-1.06599 -10.9645
-1.21827 -10.8122
-1.37056 -10.8122
-1.52284 -10.6599
-1.52284 -10.5076
-1.67513 -10.5076
-1.82741 -10.3553
-1.9797 -10.3553
-2.13198 -10.203
-2.28426 -10.203
-2.43655 -10.0508
-2.58883 -9.89848
-2.74112 -9.89848
-2.8934 -9.74619
-2.8934 -9.74619
-3.04569 -9.59391
-3.19797 -9.44162
-3.35025 -9.44162
-3.50254 -9.28934
-3.65482 -9.13706
-3.80711 -9.13706
-3.80711 -8.98477
-3.95939 -8.83249
-4.11168 -8.6802
-4.26396 -8.6802
-4.26396 -8.52792
-4.41624 -8.37563
-4.56853 -8.22335
-4.72081 -8.07107
-4.72081 -7.91878
-4.8731 -7.7665
-4.8731 -7.7665
-5.02538 -7.61421
-5.17766 -7.46193
-5.17766 -7.30964
-5.32995 -7.15736
-5.32995 -7.00508
-5.32995 -6.85279
-5.48223 -6.70051
-5.48223 -6.54822
-5.63452 -6.39594
-5.63452 -6.24365
-5.63452 -6.09137
-5.7868 -5.93909
-5.7868 -5.7868
-5.7868 -5.63452
-5.93909 -5.48223
-5.93909 -5.32995
-5.93909 -5.02538
-6.09137 -4.8731
-6.09137 -4.72081
-6.09137 -4.56853
-6.09137 -4.41624
-6.09137 -4.26396
-6.24365 -4.11168
-6.24365 -3.95939
-6.24365 -3.80711
-6.24365 -3.65482
-6.39594 -3.50254
-6.39594 -3.35025
-6.39594 -3.19797
-6.39594 -3.04569
-6.39594 -2.8934
-6.39594 -2.74112
-6.54822 -2.43655
-6.54822 -2.28426
-6.54822 -2.13198
-6.54822 -1.9797
-6.54822 -1.82741
-6.54822 -1.67513
-6.54822 -1.52284
-6.54822 -1.37056
-6.54822 -1.21827
-6.54822 -0.913706
-6.70051 -0.761421
-6.70051 -0.609137
-6.70051 -0.456853
-6.70051 -0.304569
-6.70051 -0.152284
-6.70051 0.152284
-6.70051 0.304569
-6.70051 0.456853
-6.70051 0.609137
-6.54822 0.761421
-6.54822 1.06599
-6.54822 1.21827
-6.54822 1.37056
-6.54822 1.52284
-6.54822 1.82741
-6.54822 1.9797
-6.54822 2.13198
-6.39594 2.28426
-6.39594 2.58883
-6.39594 2.74112
-6.39594 2.8934
-6.24365 3.19797
-6.24365 3.35025
-6.24365 3.50254
-6.09137 3.65482
-6.09137 3.95939
-6.09137 4.11168
-5.93909 4.26396
-5.93909 4.56853
-5.7868 4.72081
-5.7868 4.8731
-5.63452 5.17766
-5.63452 5.32995
-5.48223 5.48223
-5.48223 5.7868
-5.32995 5.93909
-5.32995 6.09137
-5.17766 6.24365
-5.02538 6.54822
-4.8731 6.70051
-4.8731 6.85279
-4.72081 7.00508
-4.56853 7.30964
-4.41624 7.46193
-4.26396 7.61421
-4.11168 7.7665
-3.95939 7.91878
-3.80711 8.07107
-3.65482 8.22335
-3.50254 8.37563
-3.35025 8.52792
-3.19797 8.6802
-2.8934 8.83249
-2.74112 8.98477
-2.58883 8.98477
-2.43655 9.13706
-2.13198 9.28934
-1.9797 9.28934
-1.82741 9.44162
-1.52284 9.59391
-1.37056 9.59391
-1.06599 9.74619
-0.913706 9.74619
-0.761421 9.74619
-0.456853 9.89848
-0.304569 9.89848
0 9.89848
0.152284 9.89848
0.456853 10.0508
0.609137 10.0508
0.913706 10.0508
1.06599 10.0508
1.37056 10.0508
1.52284 10.0508
1.67513 10.0508
1.9797 10.0508
2.13198 9.89848
2.43655 9.89848
2.58883 9.89848
2.8934 9.89848
3.04569 9.89848
3.35025 9.74619
3.50254 9.74619
3.65482 9.59391
3.95939 9.59391
4.11168 9.44162
4.26396 9.44162
4.56853 9.28934
4.72081 9.28934
4.8731 9.13706
5.17766 9.13706
5.32995 8.98477
5.48223 8.83249
5.63452 8.6802
5.7868 8.6802
6.09137 8.52792
6.24365 8.37563
6.39594 8.22335
6.54822 8.07107
6.70051 7.91878
6.85279 7.7665
7.00508 7.61421
7.15736 7.46193
7.30964 7.30964
7.46193 7.15736
7.46193 7.00508
7.61421 6.85279
7.7665 6.70051
7.91878 6.54822
8.07107 6.39594
8.07107 6.24365
8.22335 6.09137
8.37563 5.93909
8.37563 5.7868
8.52792 5.63452
8.52792 5.32995
8.6802 5.17766
8.83249 5.02538
8.83249 4.8731
8.98477 4.72081
8.98477 4.56853
9.13706 4.41624
9.13706 4.26396
9.28934 4.11168
9.28934 3.95939
9.44162 3.80711
9.44162 3.65482
9.59391 3.50254
9.59391 3.35025
9.74619 3.19797
9.74619 3.04569
9.89848 3.04569
9.89848 2.8934
10.0508 2.74112
10.0508 2.58883
10.0508 2.43655
10.203 2.28426
10.203 2.13198
10.3553 1.9797
10.3553 1.9797
10.5076 1.82741
10.5076 1.67513
10.6599 1.52284
10.6599 1.37056
10.8122 1.21827
10.8122 1.06599
10.9645 1.06599
10.9645 0.913706
11.1168 0.761421
11.1168 0.609137
11.269 0.456853
11.269 0.304569
11.4213 0.152284
11.5736 0
11.5736 0
11.7259 -0.152284
11.7259 -0.304569
11.8782 -0.456853
11.8782 -0.609137
12.0305 -0.761421
12.0305 -0.913706
12.0305 -1.06599
12.1827 -1.21827
12.1827 -1.37056
12.335 -1.52284
12.335 -1.67513
12.4873 -1.82741
12.4873 -1.9797
12.4873 -2.13198
12.6396 -2.28426
