12.7919 -2.28426
12.7919 -2.43655
12.7919 -2.58883
12.9442 -2.74112
12.9442 -2.8934
12.9442 -3.19797
12.9442 -3.35025
12.9442 -3.50254
13.0964 -3.65482
13.0964 -3.80711
13.0964 -4.11168
13.0964 -4.26396
13.0964 -4.41624
13.0964 -4.56853
13.0964 -4.8731
13.0964 -5.02538
13.0964 -5.17766
13.0964 -5.32995
13.0964 -5.63452
13.0964 -5.7868
13.0964 -5.93909
13.0964 -6.09137
13.0964 -6.39594
12.9442 -6.54822
12.9442 -6.70051
12.9442 -6.85279
12.7919 -7.15736
12.7919 -7.30964
12.6396 -7.46193
12.6396 -7.61421
12.4873 -7.7665
12.335 -7.91878
12.335 -8.07107
12.1827 -8.22335
12.0305 -8.37563
12.0305 -8.52792
11.8782 -8.6802
11.7259 -8.83249
11.5736 -8.98477
11.4213 -9.13706
11.269 -9.28934
11.1168 -9.44162
10.9645 -9.59391
10.9645 -9.74619
10.8122 -9.89848
10.6599 -9.89848
10.5076 -10.0508
10.3553 -10.203
10.0508 -10.203
9.89848 -10.3553
9.74619 -10.5076
9.59391 -10.5076
9.44162 -10.6599
9.28934 -10.8122
9.13706 -10.8122
8.98477 -10.9645
8.83249 -10.9645
8.6802 -11.1168
8.52792 -11.1168
8.22335 -11.269
8.07107 -11.269
7.91878 -11.4213
7.7665 -11.4213
7.61421 -11.4213
7.46193 -11.5736
7.30964 -11.5736
7.00508 -11.5736
6.85279 -11.7259
6.70051 -11.7259
6.54822 -11.7259
6.39594 -11.7259
6.24365 -11.8782
6.09137 -11.8782
5.7868 -11.8782
5.63452 -11.8782
5.48223 -12.0305
5.32995 -12.0305
5.17766 -12.0305
5.02538 -12.0305
4.8731 -12.0305
4.56853 -12.0305
4.41624 -12.0305
4.26396 -12.0305
4.11168 -12.0305
3.95939 -12.0305
3.80711 -12.0305
3.65482 -12.0305
3.35025 -12.0305
3.19797 -12.0305
3.04569 -12.0305
2.8934 -12.0305
2.74112 -12.0305
2.58883 -12.0305
2.43655 -12.0305
2.28426 -11.8782
2.13198 -11.8782
1.82741 -11.8782
1.67513 -11.8782
1.52284 -11.7259
1.37056 -11.7259
1.21827 -11.7259
1.06599 -11.5736
0.913706 -11.5736
0.761421 -11.4213
0.609137 -11.4213
0.456853 -11.269
0.304569 -11.269
0.152284 -11.269
0 -11.1168
-0.152284 -11.1168
-0.304569 -10.9645
-0.456853 -10.9645
-0.609137 -10.8122
-0.761421 -10.8122
-0.761421 -10.6599
-0.913706 -10.6599
-1.06599 -10.5076
-1.21827 -10.5076
-1.37056 -10.3553
-1.52284 -10.203
-1.67513 -10.203
-1.82741 -10.0508
-1.9797 -10.0508
-2.13198 -9.89848
-2.28426 -9.89848
-2.43655 -9.74619
-2.58883 -9.74619
-2.74112 -9.59391
-2.74112 -9.59391
-2.8934 -9.44162
-3.04569 -9.44162
-3.19797 -9.28934
-3.35025 -9.28934
-3.50254 -9.13706
-3.65482 -8.98477
-3.80711 -8.98477
-3.95939 -8.83249
-4.11168 -8.6802
-4.11168 -8.6802
-4.26396 -8.52792
-4.41624 -8.37563
-4.56853 -8.22335
-4.72081 -8.22335
-4.72081 -8.07107
-4.8731 -7.91878
-5.02538 -7.7665
-5.02538 -7.61421
-5.17766 -7.46193
-5.17766 -7.30964
-5.32995 -7.15736
-5.32995 -7.00508
-5.48223 -6.85279
-5.48223 -6.70051
-5.63452 -6.54822
-5.63452 -6.39594
-5.63452 -6.24365
-5.7868 -6.09137
-5.7868 -5.93909
-5.7868 -5.7868
-5.7868 -5.63452
-5.93909 -5.48223
-5.93909 -5.32995
-5.93909 -5.17766
-5.93909 -5.02538
-6.09137 -4.8731
-6.09137 -4.72081
-6.09137 -4.56853
-6.09137 -4.41624
-6.09137 -4.11168
-6.24365 -3.95939
-6.24365 -3.80711
-6.24365 -3.65482
-6.24365 -3.50254
-6.24365 -3.35025
-6.39594 -3.19797
-6.39594 -3.04569
-6.39594 -2.8934
-6.39594 -2.74112
-6.39594 -2.58883
-6.54822 -2.43655
-6.54822 -2.28426
-6.54822 -2.13198
-6.54822 -1.9797
-6.54822 -1.82741
-6.54822 -1.52284
-6.54822 -1.37056
-6.70051 -1.21827
-6.70051 -1.06599
-6.70051 -0.913706
-6.70051 -0.761421
-6.70051 -0.609137
-6.70051 -0.456853
-6.70051 -0.152284
-6.70051 0
-6.70051 0.152284
-6.70051 0.304569
-6.70051 0.456853
-6.70051 0.609137
-6.70051 0.913706
-6.70051 1.06599
-6.54822 1.21827
-6.54822 1.37056
-6.54822 1.52284
-6.54822 1.82741
-6.54822 1.9797
-6.54822 2.13198
-6.39594 2.28426
-6.39594 2.43655
-6.39594 2.74112
-6.39594 2.8934
-6.24365 3.04569
-6.24365 3.19797
-6.24365 3.35025
-6.09137 3.65482
-6.09137 3.80711
-6.09137 3.95939
-5.93909 4.11168
-5.93909 4.41624
-5.7868 4.56853
-5.7868 4.72081
-5.63452 5.02538
-5.63452 5.17766
-5.48223 5.32995
-5.48223 5.48223
-5.32995 5.7868
-5.32995 5.93909
-5.17766 6.09137
-5.02538 6.24365
-5.02538 6.54822
-4.8731 6.70051
-4.72081 6.85279
-4.56853 7.00508
-4.56853 7.15736
-4.41624 7.46193
-4.26396 7.61421
-4.11168 7.7665
-3.95939 7.91878
-3.80711 8.07107
-3.65482 8.22335
-3.50254 8.37563
-3.35025 8.52792
-3.19797 8.6802
-2.8934 8.83249
-2.74112 8.83249
-2.58883 8.98477
-2.43655 9.13706
-2.13198 9.28934
-1.9797 9.28934
-1.82741 9.44162
-1.67513 9.44162
-1.37056 9.59391
-1.21827 9.59391
-0.913706 9.74619
-0.761421 9.74619
-0.609137 9.89848
-0.304569 9.89848
-0.152284 9.89848
0.152284 9.89848
0.304569 10.0508
0.456853 10.0508
0.761421 10.0508
0.913706 10.0508
1.21827 10.0508
1.37056 10.0508
1.67513 10.0508
1.82741 10.0508
1.9797 10.0508
2.28426 10.0508
2.43655 10.0508
2.74112 9.89848
2.8934 9.89848
3.04569 9.89848
3.35025 9.74619
3.50254 9.74619
3.80711 9.74619
3.95939 9.59391
4.11168 9.59391
4.41624 9.44162
4.56853 9.44162
4.72081 9.28934
4.8731 9.28934
5.17766 9.13706
5.32995 8.98477
5.48223 8.98477
5.63452 8.83249
5.7868 8.6802
5.93909 8.52792
6.24365 8.37563
6.39594 8.37563
6.54822 8.22335
6.70051 8.07107
6.85279 7.91878
7.00508 7.7665
7.15736 7.61421
7.15736 7.46193
7.30964 7.30964
7.46193 7.15736
7.61421 7.00508
7.7665 6.85279
7.7665 6.70051
7.91878 6.39594
8.07107 6.24365
8.22335 6.09137
8.22335 5.93909
8.37563 5.7868
8.37563 5.63452
8.52792 5.48223
8.6802 5.32995
8.6802 5.17766
8.83249 5.02538
8.83249 4.8731
8.98477 4.72081
8.98477 4.56853
9.13706 4.41624
9.13706 4.26396
9.28934 4.11168
9.28934 3.95939
9.44162 3.80711
9.44162 3.65482
9.59391 3.50254
9.59391 3.35025
9.59391 3.19797
9.74619 3.04569
9.74619 2.8934
9.89848 2.74112
9.89848 2.58883
10.0508 2.58883
10.0508 2.43655
10.203 2.28426
10.203 2.13198
10.203 1.9797
10.3553 1.82741
10.3553 1.67513
10.5076 1.67513
10.5076 1.52284
10.6599 1.37056
10.6599 1.21827
10.8122 1.06599
10.8122 0.913706
10.9645 0.761421
11.1168 0.761421
11.1168 0.609137
11.269 0.456853
11.269 0.304569
11.4213 0.152284
11.4213 0
11.5736 -0.152284
11.5736 -0.304569
11.7259 -0.456853
11.7259 -0.456853
11.8782 -0.609137
12.0305 -0.761421
12.0305 -0.913706
12.1827 -1.06599
12.1827 -1.21827
12.335 -1.37056
12.335 -1.67513
12.4873 -1.82741
12.4873 -1.9797
12.4873 -2.13198
