11.4213 -0.609137
11.5736 -0.761421
11.7259 -0.913706
11.8782 -1.06599
12.0305 -1.21827
12.0305 -1.37056
12.1827 -1.67513
12.1827 -1.82741
12.335 -1.9797
12.335 -2.13198
12.335 -2.43655
12.335 -2.58883
12.335 -2.74112
12.335 -2.8934
12.335 -3.19797
12.335 -3.35025
12.335 -3.50254
12.1827 -3.65482
12.1827 -3.80711
12.1827 -4.11168
12.0305 -4.26396
12.0305 -4.41624
12.0305 -4.56853
11.8782 -4.72081
11.8782 -5.02538
11.8782 -5.17766
11.7259 -5.32995
11.7259 -5.48223
11.7259 -5.63452
11.5736 -5.93909
11.5736 -6.09137
11.5736 -6.24365
11.4213 -6.39594
11.4213 -6.70051
11.269 -6.85279
11.269 -7.00508
11.269 -7.30964
11.1168 -7.46193
10.9645 -7.61421
10.9645 -7.7665
10.8122 -7.91878
10.8122 -8.22335
10.6599 -8.37563
10.5076 -8.52792
10.5076 -8.6802
10.3553 -8.83249
10.203 -8.98477
10.0508 -9.13706
9.89848 -9.28934
9.74619 -9.44162
9.59391 -9.59391
9.44162 -9.74619
9.28934 -9.89848
9.13706 -9.89848
8.83249 -10.0508
8.6802 -10.203
8.52792 -10.203
8.37563 -10.3553
8.22335 -10.3553
7.91878 -10.5076
7.7665 -10.5076
7.61421 -10.5076
7.30964 -10.6599
7.15736 -10.6599
7.00508 -10.6599
6.70051 -10.8122
6.54822 -10.8122
6.39594 -10.8122
6.09137 -10.8122
5.93909 -10.8122
5.7868 -10.8122
5.48223 -10.8122
5.32995 -10.8122
5.17766 -10.8122
4.8731 -10.8122
4.72081 -10.8122
4.56853 -10.8122
4.41624 -10.8122
4.11168 -10.8122
3.95939 -10.8122
3.80711 -10.8122
3.65482 -10.6599
3.35025 -10.6599
3.19797 -10.6599
3.04569 -10.6599
2.8934 -10.6599
2.74112 -10.6599
2.58883 -10.5076
2.28426 -10.5076
2.13198 -10.5076
1.9797 -10.5076
1.82741 -10.5076
1.67513 -10.3553
1.52284 -10.3553
1.37056 -10.3553
1.06599 -10.3553
0.913706 -10.3553
0.761421 -10.203
0.609137 -10.203
0.456853 -10.203
0.304569 -10.203
0.152284 -10.203
0 -10.203
-0.152284 -10.0508
-0.456853 -10.0508
-0.609137 -10.0508
-0.761421 -10.0508
-0.913706 -10.0508
-1.06599 -9.89848
-1.21827 -9.89848
-1.37056 -9.89848
-1.52284 -9.74619
-1.67513 -9.74619
-1.82741 -9.74619
-2.13198 -9.59391
-2.28426 -9.59391
-2.43655 -9.59391
-2.58883 -9.44162
-2.74112 -9.44162
-2.8934 -9.28934
-3.04569 -9.28934
-3.19797 -9.13706
-3.35025 -9.13706
-3.50254 -8.98477
-3.65482 -8.83249
-3.80711 -8.83249
-3.95939 -8.6802
-4.11168 -8.52792
-4.11168 -8.52792
-4.26396 -8.37563
-4.41624 -8.22335
-4.56853 -8.07107
-4.72081 -7.91878
-4.8731 -7.7665
-4.8731 -7.7665
-5.02538 -7.61421
-5.17766 -7.46193
-5.17766 -7.30964
-5.32995 -7.15736
-5.32995 -7.00508
-5.48223 -6.85279
-5.63452 -6.70051
-5.63452 -6.54822
-5.7868 -6.39594
-5.7868 -6.24365
-5.7868 -6.09137
-5.93909 -5.93909
-5.93909 -5.7868
-5.93909 -5.48223
-6.09137 -5.32995
-6.09137 -5.17766
-6.09137 -5.02538
-6.09137 -4.8731
-6.24365 -4.72081
-6.24365 -4.56853
-6.24365 -4.41624
-6.24365 -4.26396
-6.24365 -4.11168
-6.24365 -3.95939
-6.39594 -3.80711
-6.39594 -3.65482
-6.39594 -3.35025
-6.39594 -3.19797
-6.39594 -3.04569
-6.39594 -2.8934
-6.39594 -2.74112
-6.39594 -2.58883
-6.39594 -2.43655
-6.39594 -2.28426
-6.39594 -2.13198
-6.39594 -1.9797
-6.39594 -1.82741
-6.54822 -1.67513
-6.54822 -1.52284
-6.54822 -1.37056
-6.54822 -1.21827
-6.54822 -1.21827
-6.54822 -1.06599
-6.54822 -0.913706
-6.54822 -0.761421
-6.54822 -0.609137
-6.54822 -0.456853
-6.54822 -0.304569
-6.70051 -0.152284
-6.70051 0
-6.70051 0.152284
-6.70051 0.304569
-6.70051 0.456853
-6.70051 0.609137
-6.70051 0.761421
-6.70051 0.913706
-6.70051 1.06599
-6.70051 1.21827
-6.70051 1.37056
-6.70051 1.67513
-6.70051 1.82741
-6.54822 1.9797
-6.54822 2.13198
-6.54822 2.28426
-6.54822 2.43655
-6.54822 2.58883
-6.54822 2.74112
-6.39594 2.8934
-6.39594 3.04569
-6.39594 3.19797
-6.39594 3.35025
-6.39594 3.50254
-6.24365 3.65482
-6.24365 3.80711
-6.24365 3.95939
-6.09137 4.11168
-6.09137 4.26396
-6.09137 4.41624
-5.93909 4.56853
-5.93909 4.8731
-5.93909 5.02538
-5.7868 5.17766
-5.7868 5.32995
-5.63452 5.48223
-5.63452 5.63452
-5.48223 5.7868
-5.48223 5.93909
-5.32995 6.09137
-5.32995 6.24365
-5.17766 6.39594
-5.17766 6.54822
-5.02538 6.70051
-4.8731 6.85279
-4.8731 7.00508
-4.72081 7.15736
-4.56853 7.30964
-4.56853 7.46193
-4.41624 7.61421
-4.26396 7.7665
-4.11168 7.91878
-3.95939 8.07107
-3.95939 8.22335
-3.80711 8.37563
-3.65482 8.37563
-3.50254 8.52792
-3.35025 8.6802
-3.19797 8.83249
-3.04569 8.98477
-2.8934 8.98477
-2.74112 9.13706
-2.58883 9.28934
-2.43655 9.28934
-2.28426 9.44162
-2.13198 9.59391
-1.9797 9.59391
-1.67513 9.74619
-1.52284 9.74619
-1.37056 9.89848
-1.21827 9.89848
-1.06599 9.89848
-0.913706 10.0508
-0.609137 10.0508
-0.456853 10.0508
-0.304569 10.203
-0.152284 10.203
0.152284 10.203
0.304569 10.203
0.456853 10.3553
0.609137 10.3553
0.913706 10.3553
1.06599 10.3553
1.21827 10.3553
1.37056 10.3553
1.67513 10.3553
1.82741 10.3553
1.9797 10.3553
2.13198 10.3553
2.43655 10.203
2.58883 10.203
2.74112 10.203
2.8934 10.203
3.04569 10.203
3.35025 10.0508
3.50254 10.0508
3.65482 10.0508
3.80711 9.89848
3.95939 9.89848
4.26396 9.74619
4.41624 9.74619
4.56853 9.59391
4.72081 9.59391
4.8731 9.44162
5.02538 9.44162
5.17766 9.28934
5.32995 9.13706
5.48223 9.13706
5.63452 8.98477
5.7868 8.83249
5.93909 8.83249
6.09137 8.6802
6.24365 8.52792
6.39594 8.37563
6.54822 8.37563
6.70051 8.22335
6.70051 8.07107
6.85279 7.91878
7.00508 7.7665
7.15736 7.61421
7.30964 7.61421
7.30964 7.46193
7.46193 7.30964
7.61421 7.15736
7.61421 7.00508
7.7665 6.85279
7.91878 6.70051
7.91878 6.54822
8.07107 6.39594
8.22335 6.24365
8.22335 6.09137
8.37563 5.93909
8.37563 5.7868
8.52792 5.7868
8.52792 5.63452
8.6802 5.48223
8.6802 5.32995
8.83249 5.17766
8.83249 5.02538
8.83249 4.8731
8.98477 4.72081
8.98477 4.56853
9.13706 4.41624
9.13706 4.26396
9.28934 4.11168
9.28934 3.95939
9.28934 3.80711
9.44162 3.65482
9.44162 3.65482
9.59391 3.50254
9.59391 3.35025
9.59391 3.19797
9.74619 3.04569
9.74619 2.8934
9.89848 2.74112
9.89848 2.58883
10.0508 2.58883
10.0508 2.43655
10.0508 2.28426
10.203 2.13198
10.203 1.9797
10.3553 1.82741
10.3553 1.67513
10.5076 1.52284
10.5076 1.37056
10.6599 1.21827
10.6599 1.21827
10.8122 1.06599
10.8122 0.913706
10.9645 0.761421
10.9645 0.609137
11.1168 0.456853
11.1168 0.304569
11.1168 0.152284
11.269 0
11.269 -0.152284
11.4213 -0.456853
