11.5736 -0.456853
11.7259 -0.609137
11.8782 -0.761421
11.8782 -1.06599
12.0305 -1.21827
12.0305 -1.37056
12.0305 -1.52284
12.0305 -1.67513
12.0305 -1.9797
12.1827 -2.13198
12.1827 -2.28426
12.1827 -2.43655
12.0305 -2.74112
12.0305 -2.8934
12.0305 -3.04569
12.0305 -3.19797
12.0305 -3.35025
11.8782 -3.50254
11.8782 -3.80711
11.8782 -3.95939
11.7259 -4.11168
11.7259 -4.26396
11.5736 -4.41624
11.5736 -4.56853
11.5736 -4.8731
11.4213 -5.02538
11.4213 -5.17766
11.269 -5.32995
11.269 -5.48223
11.1168 -5.63452
11.1168 -5.7868
10.9645 -5.93909
10.9645 -6.24365
10.8122 -6.39594
10.6599 -6.54822
10.6599 -6.70051
10.5076 -6.85279
10.5076 -7.00508
10.3553 -7.15736
10.203 -7.30964
10.203 -7.46193
10.0508 -7.61421
9.89848 -7.7665
9.89848 -7.91878
9.74619 -8.07107
9.59391 -8.22335
9.44162 -8.37563
9.28934 -8.52792
9.13706 -8.6802
9.13706 -8.83249
8.98477 -8.98477
8.83249 -9.13706
8.6802 -9.28934
8.52792 -9.44162
8.37563 -9.44162
8.22335 -9.59391
8.07107 -9.74619
7.91878 -9.89848
7.61421 -9.89848
7.46193 -10.0508
7.30964 -10.203
7.15736 -10.203
7.00508 -10.3553
6.85279 -10.3553
6.70051 -10.5076
6.39594 -10.5076
6.24365 -10.6599
6.09137 -10.6599
5.93909 -10.6599
5.63452 -10.8122
5.48223 -10.8122
5.32995 -10.8122
5.17766 -10.8122
4.8731 -10.8122
4.72081 -10.8122
4.56853 -10.8122
4.41624 -10.8122
4.11168 -10.8122
3.95939 -10.8122
3.80711 -10.8122
3.65482 -10.8122
3.35025 -10.8122
3.19797 -10.8122
3.04569 -10.8122
2.8934 -10.6599
2.58883 -10.6599
2.43655 -10.6599
2.28426 -10.6599
2.13198 -10.5076
1.9797 -10.5076
1.82741 -10.5076
1.52284 -10.5076
1.37056 -10.3553
1.21827 -10.3553
1.06599 -10.3553
0.913706 -10.3553
0.761421 -10.203
0.609137 -10.203
0.456853 -10.203
0.152284 -10.203
0 -10.203
-0.152284 -10.0508
-0.304569 -10.0508
-0.456853 -10.0508
-0.609137 -10.0508
-0.761421 -10.0508
-0.913706 -10.0508
-1.06599 -9.89848
-1.37056 -9.89848
-1.52284 -9.89848
-1.67513 -9.89848
-1.82741 -9.74619
-1.9797 -9.74619
-2.13198 -9.74619
-2.28426 -9.59391
-2.43655 -9.59391
-2.74112 -9.59391
-2.8934 -9.44162
-3.04569 -9.44162
-3.19797 -9.28934
-3.35025 -9.28934
-3.50254 -9.13706
-3.65482 -9.13706
-3.80711 -8.98477
-3.95939 -8.83249
-4.11168 -8.83249
-4.26396 -8.6802
-4.26396 -8.52792
-4.41624 -8.37563
-4.56853 -8.37563
-4.72081 -8.22335
-4.8731 -8.07107
-4.8731 -7.91878
-5.02538 -7.7665
-5.17766 -7.61421
-5.32995 -7.46193
-5.32995 -7.30964
-5.48223 -7.15736
-5.48223 -7.00508
-5.63452 -6.85279
-5.63452 -6.70051
-5.7868 -6.54822
-5.7868 -6.39594
-5.93909 -6.24365
-5.93909 -6.09137
-6.09137 -5.93909
-6.09137 -5.7868
-6.09137 -5.63452
-6.09137 -5.48223
-6.24365 -5.17766
-6.24365 -5.02538
-6.24365 -4.8731
-6.24365 -4.72081
-6.24365 -4.56853
-6.39594 -4.41624
-6.39594 -4.26396
-6.39594 -4.11168
-6.39594 -3.95939
-6.39594 -3.80711
-6.39594 -3.65482
-6.39594 -3.50254
-6.39594 -3.35025
-6.39594 -3.19797
-6.39594 -3.04569
-6.39594 -2.8934
-6.54822 -2.74112
-6.54822 -2.58883
-6.54822 -2.43655
-6.54822 -2.28426
-6.54822 -2.13198
-6.54822 -1.9797
-6.54822 -1.82741
-6.54822 -1.67513
-6.54822 -1.52284
-6.54822 -1.37056
-6.54822 -1.21827
-6.54822 -1.06599
-6.54822 -0.913706
-6.70051 -0.761421
-6.70051 -0.609137
-6.70051 -0.456853
-6.70051 -0.304569
-6.70051 -0.152284
-6.70051 0
-6.70051 0.152284
-6.70051 0.304569
-6.70051 0.456853
-6.70051 0.609137
-6.70051 0.761421
-6.70051 0.913706
-6.70051 1.06599
-6.70051 1.21827
-6.70051 1.37056
-6.70051 1.52284
-6.70051 1.67513
-6.70051 1.82741
-6.70051 1.9797
-6.70051 2.13198
-6.70051 2.28426
-6.70051 2.43655
-6.70051 2.58883
-6.54822 2.74112
-6.54822 2.8934
-6.54822 3.04569
-6.54822 3.19797
-6.54822 3.35025
-6.39594 3.50254
-6.39594 3.65482
-6.39594 3.80711
-6.39594 3.95939
-6.24365 4.11168
-6.24365 4.26396
-6.24365 4.56853
-6.09137 4.72081
-6.09137 4.8731
-5.93909 5.02538
-5.93909 5.17766
-5.93909 5.32995
-5.7868 5.48223
-5.7868 5.63452
-5.63452 5.7868
-5.63452 5.93909
-5.48223 6.09137
-5.48223 6.24365
-5.32995 6.39594
-5.32995 6.54822
-5.17766 6.70051
-5.02538 6.85279
-5.02538 7.00508
-4.8731 7.15736
-4.72081 7.30964
-4.72081 7.46193
-4.56853 7.61421
-4.41624 7.7665
-4.26396 7.91878
-4.26396 8.07107
-4.11168 8.22335
-3.95939 8.37563
-3.80711 8.37563
-3.65482 8.52792
-3.50254 8.6802
-3.35025 8.83249
-3.19797 8.98477
-3.04569 8.98477
-2.8934 9.13706
-2.74112 9.28934
-2.58883 9.28934
-2.43655 9.44162
-2.28426 9.44162
-2.13198 9.59391
-1.9797 9.59391
-1.82741 9.74619
-1.52284 9.74619
-1.37056 9.89848
-1.21827 9.89848
-1.06599 10.0508
-0.913706 10.0508
-0.609137 10.0508
-0.456853 10.203
-0.304569 10.203
-0.152284 10.203
0 10.203
0.304569 10.3553
0.456853 10.3553
0.609137 10.3553
0.761421 10.3553
1.06599 10.3553
1.21827 10.3553
1.37056 10.3553
1.52284 10.3553
1.82741 10.3553
1.9797 10.3553
2.13198 10.3553
2.28426 10.3553
2.43655 10.203
2.74112 10.203
2.8934 10.203
3.04569 10.203
3.19797 10.0508
3.50254 10.0508
3.65482 10.0508
3.80711 9.89848
3.95939 9.89848
4.11168 9.74619
4.26396 9.74619
4.41624 9.74619
4.72081 9.59391
4.8731 9.44162
5.02538 9.44162
5.17766 9.28934
5.32995 9.28934
5.48223 9.13706
5.63452 8.98477
5.7868 8.98477
5.93909 8.83249
6.09137 8.6802
6.24365 8.52792
6.24365 8.52792
6.39594 8.37563
6.54822 8.22335
6.70051 8.07107
6.85279 7.91878
7.00508 7.7665
7.00508 7.7665
7.15736 7.61421
7.30964 7.46193
7.46193 7.30964
7.46193 7.15736
7.61421 7.00508
7.7665 6.85279
7.7665 6.70051
7.91878 6.54822
7.91878 6.39594
8.07107 6.24365
8.07107 6.09137
8.22335 5.93909
8.37563 5.7868
8.37563 5.63452
8.52792 5.63452
8.52792 5.48223
8.52792 5.32995
8.6802 5.17766
8.6802 5.02538
8.83249 4.8731
8.83249 4.72081
8.98477 4.56853
8.98477 4.41624
9.13706 4.26396
9.13706 4.11168
9.13706 3.95939
9.28934 3.80711
9.28934 3.65482
9.44162 3.65482
9.44162 3.50254
9.59391 3.35025
9.59391 3.19797
9.74619 3.04569
9.74619 2.8934
9.89848 2.74112
9.89848 2.58883
10.0508 2.58883
10.0508 2.43655
10.203 2.28426
10.203 2.13198
10.3553 1.9797
10.3553 1.82741
10.5076 1.67513
10.5076 1.52284
10.6599 1.37056
10.6599 1.21827
10.8122 1.06599
10.8122 0.913706
10.9645 0.761421
11.1168 0.609137
11.1168 0.456853
11.269 0.304569
11.269 0.152284
11.4213 0
11.4213 -0.152284
11.4213 -0.304569
