12.1827 -1.9797
12.1827 -2.13198
12.335 -2.28426
12.4873 -2.43655
12.4873 -2.58883
12.6396 -2.74112
12.6396 -3.04569
12.7919 -3.19797
12.7919 -3.35025
12.7919 -3.50254
12.9442 -3.65482
12.9442 -3.95939
12.9442 -4.11168
12.9442 -4.26396
12.9442 -4.56853
12.9442 -4.72081
12.9442 -4.8731
12.9442 -5.02538
12.9442 -5.32995
12.9442 -5.48223
12.9442 -5.63452
12.9442 -5.7868
12.7919 -6.09137
12.7919 -6.24365
12.7919 -6.39594
12.6396 -6.54822
12.6396 -6.85279
12.4873 -7.00508
12.4873 -7.15736
12.335 -7.30964
12.335 -7.46193
12.1827 -7.7665
12.1827 -7.91878
12.0305 -8.07107
11.8782 -8.22335
11.8782 -8.37563
11.7259 -8.52792
11.5736 -8.6802
11.4213 -8.83249
11.4213 -8.98477
11.269 -9.13706
11.1168 -9.28934
10.9645 -9.44162
10.8122 -9.59391
10.6599 -9.74619
10.5076 -9.74619
10.3553 -9.89848
10.203 -10.0508
10.0508 -10.203
9.89848 -10.3553
9.74619 -10.3553
9.59391 -10.5076
9.44162 -10.6599
9.13706 -10.6599
8.98477 -10.8122
8.83249 -10.8122
8.6802 -10.9645
8.52792 -10.9645
8.37563 -11.1168
8.22335 -11.1168
7.91878 -11.269
7.7665 -11.269
7.61421 -11.269
7.46193 -11.4213
7.30964 -11.4213
7.00508 -11.4213
6.85279 -11.5736
6.70051 -11.5736
6.54822 -11.5736
6.39594 -11.5736
6.09137 -11.5736
5.93909 -11.7259
5.7868 -11.7259
5.63452 -11.7259
5.48223 -11.7259
5.17766 -11.7259
5.02538 -11.7259
4.8731 -11.7259
4.72081 -11.7259
4.56853 -11.8782
4.41624 -11.8782
4.11168 -11.8782
3.95939 -11.8782
3.80711 -11.8782
3.65482 -11.8782
3.50254 -11.8782
3.35025 -11.7259
3.04569 -11.7259
2.8934 -11.7259
2.74112 -11.7259
2.58883 -11.7259
2.43655 -11.7259
2.28426 -11.7259
2.13198 -11.5736
1.9797 -11.5736
1.82741 -11.5736
1.52284 -11.5736
1.37056 -11.4213
1.21827 -11.4213
1.06599 -11.4213
0.913706 -11.269
0.761421 -11.269
0.609137 -11.1168
0.456853 -11.1168
0.304569 -11.1168
0.152284 -10.9645
0 -10.9645
-0.152284 -10.8122
-0.304569 -10.8122
-0.456853 -10.6599
-0.609137 -10.6599
-0.761421 -10.5076
-0.913706 -10.5076
-1.06599 -10.3553
-1.21827 -10.3553
-1.37056 -10.203
-1.37056 -10.203
-1.52284 -10.203
-1.67513 -10.0508
-1.82741 -10.0508
-1.9797 -9.89848
-2.13198 -9.89848
-2.28426 -9.74619
-2.43655 -9.74619
-2.58883 -9.59391
-2.74112 -9.59391
-2.8934 -9.44162
-3.04569 -9.44162
-3.19797 -9.28934
-3.35025 -9.28934
-3.50254 -9.13706
-3.65482 -9.13706
-3.80711 -8.98477
-3.95939 -8.98477
-4.11168 -8.83249
-4.26396 -8.83249
-4.41624 -8.6802
-4.56853 -8.52792
-4.72081 -8.52792
-4.8731 -8.37563
-4.8731 -8.22335
-5.02538 -8.07107
-5.17766 -7.91878
-5.32995 -7.91878
-5.32995 -7.7665
-5.48223 -7.61421
-5.63452 -7.46193
-5.63452 -7.30964
-5.7868 -7.15736
-5.7868 -7.00508
-5.93909 -6.85279
-5.93909 -6.70051
-5.93909 -6.54822
-6.09137 -6.24365
-6.09137 -6.09137
-6.09137 -5.93909
-6.09137 -5.7868
-6.24365 -5.63452
-6.24365 -5.48223
-6.24365 -5.32995
-6.24365 -5.17766
-6.24365 -5.02538
-6.39594 -4.8731
-6.39594 -4.72081
-6.39594 -4.41624
-6.39594 -4.26396
-6.39594 -4.11168
-6.39594 -3.95939
-6.39594 -3.80711
-6.54822 -3.65482
-6.54822 -3.50254
-6.54822 -3.35025
-6.54822 -3.19797
-6.54822 -3.04569
-6.54822 -2.8934
-6.70051 -2.74112
-6.70051 -2.58883
-6.70051 -2.43655
-6.70051 -2.28426
-6.70051 -2.13198
-6.70051 -1.9797
-6.85279 -1.67513
-6.85279 -1.52284
-6.85279 -1.37056
-6.85279 -1.21827
-6.85279 -1.06599
-6.85279 -0.913706
-6.85279 -0.761421
-6.85279 -0.609137
-6.85279 -0.456853
-7.00508 -0.304569
-7.00508 0
-7.00508 0.152284
-7.00508 0.304569
-6.85279 0.456853
-6.85279 0.609137
-6.85279 0.761421
-6.85279 0.913706
-6.85279 1.21827
-6.85279 1.37056
-6.85279 1.52284
-6.85279 1.67513
-6.70051 1.82741
-6.70051 1.9797
-6.70051 2.28426
-6.70051 2.43655
-6.70051 2.58883
-6.54822 2.74112
-6.54822 2.8934
-6.54822 3.19797
-6.39594 3.35025
-6.39594 3.50254
-6.39594 3.65482
-6.24365 3.80711
-6.24365 4.11168
-6.24365 4.26396
-6.09137 4.41624
-6.09137 4.56853
-5.93909 4.8731
-5.93909 5.02538
-5.93909 5.17766
-5.7868 5.32995
-5.7868 5.63452
-5.63452 5.7868
-5.63452 5.93909
-5.48223 6.24365
-5.32995 6.39594
-5.32995 6.54822
-5.17766 6.70051
-5.02538 7.00508
-5.02538 7.15736
-4.8731 7.30964
-4.72081 7.46193
-4.56853 7.61421
-4.41624 7.7665
-4.41624 8.07107
-4.26396 8.22335
-4.11168 8.37563
-3.95939 8.52792
-3.80711 8.6802
-3.50254 8.83249
-3.35025 8.98477
-3.19797 8.98477
-3.04569 9.13706
-2.8934 9.28934
-2.58883 9.44162
-2.43655 9.44162
-2.28426 9.59391
-2.13198 9.59391
-1.82741 9.74619
-1.67513 9.74619
-1.52284 9.89848
-1.21827 9.89848
-1.06599 9.89848
-0.761421 10.0508
-0.609137 10.0508
-0.456853 10.0508
-0.152284 10.0508
0 10.203
0.304569 10.203
0.456853 10.203
0.761421 10.203
0.913706 10.203
1.06599 10.203
1.37056 10.203
1.52284 10.203
1.82741 10.203
1.9797 10.0508
2.13198 10.0508
2.43655 10.0508
2.58883 10.0508
2.74112 10.0508
3.04569 9.89848
3.19797 9.89848
3.35025 9.89848
3.65482 9.74619
3.80711 9.74619
3.95939 9.74619
4.26396 9.59391
4.41624 9.59391
4.56853 9.44162
4.8731 9.44162
5.02538 9.28934
5.17766 9.13706
5.32995 9.13706
5.48223 8.98477
5.63452 8.83249
5.93909 8.83249
6.09137 8.6802
6.24365 8.52792
6.39594 8.37563
6.54822 8.22335
6.70051 8.07107
6.85279 7.91878
7.00508 7.7665
7.00508 7.61421
7.15736 7.46193
7.30964 7.30964
7.46193 7.15736
7.61421 7.00508
7.61421 6.85279
7.7665 6.70051
7.91878 6.54822
7.91878 6.39594
8.07107 6.24365
8.22335 6.09137
8.22335 5.93909
8.37563 5.7868
8.37563 5.48223
8.52792 5.32995
8.52792 5.17766
8.6802 5.02538
8.6802 4.8731
8.83249 4.72081
8.83249 4.56853
8.98477 4.41624
8.98477 4.26396
9.13706 4.11168
9.13706 3.95939
9.28934 3.80711
9.28934 3.65482
9.44162 3.50254
9.44162 3.50254
9.44162 3.35025
9.59391 3.19797
9.59391 3.04569
9.74619 2.8934
9.74619 2.74112
9.89848 2.58883
9.89848 2.43655
10.0508 2.28426
10.0508 2.28426
10.203 2.13198
10.203 1.9797
10.3553 1.82741
10.3553 1.67513
10.5076 1.52284
10.5076 1.52284
10.6599 1.37056
10.6599 1.21827
10.8122 1.06599
10.8122 0.913706
10.9645 0.761421
11.1168 0.609137
11.1168 0.609137
11.269 0.456853
11.269 0.304569
11.4213 0.152284
11.4213 0
11.5736 -0.152284
11.5736 -0.304569
11.7259 -0.456853
11.7259 -0.609137
11.8782 -0.761421
11.8782 -0.913706
11.8782 -1.06599
12.0305 -1.21827
12.0305 -1.37056
12.0305 -1.52284
12.0305 -1.67513
