12.1827 -1.52284
12.335 -1.67513
12.335 -1.82741
12.4873 -1.9797
12.4873 -2.28426
12.4873 -2.43655
12.6396 -2.58883
12.6396 -2.74112
12.6396 -2.8934
12.6396 -3.19797
12.7919 -3.35025
12.7919 -3.50254
12.7919 -3.65482
12.7919 -3.95939
12.7919 -4.11168
12.7919 -4.26396
12.7919 -4.41624
12.7919 -4.72081
12.7919 -4.8731
12.7919 -5.02538
12.7919 -5.32995
12.7919 -5.48223
12.7919 -5.63452
12.7919 -5.7868
12.6396 -6.09137
12.6396 -6.24365
12.6396 -6.39594
12.6396 -6.70051
12.4873 -6.85279
12.4873 -7.00508
12.335 -7.15736
12.335 -7.46193
12.335 -7.61421
12.1827 -7.7665
12.0305 -7.91878
12.0305 -8.22335
11.8782 -8.37563
11.8782 -8.52792
11.7259 -8.6802
11.5736 -8.83249
11.4213 -8.98477
11.4213 -9.13706
11.269 -9.44162
11.1168 -9.59391
10.9645 -9.74619
10.8122 -9.74619
10.6599 -9.89848
10.5076 -10.0508
10.3553 -10.203
10.203 -10.3553
10.0508 -10.5076
9.89848 -10.5076
9.59391 -10.6599
9.44162 -10.8122
9.28934 -10.8122
9.13706 -10.9645
8.83249 -10.9645
8.6802 -11.1168
8.52792 -11.1168
8.37563 -11.1168
8.07107 -11.269
7.91878 -11.269
7.7665 -11.269
7.46193 -11.269
7.30964 -11.4213
7.15736 -11.4213
6.85279 -11.4213
6.70051 -11.4213
6.54822 -11.4213
6.24365 -11.4213
6.09137 -11.4213
5.93909 -11.4213
5.7868 -11.4213
5.48223 -11.4213
5.32995 -11.4213
5.17766 -11.4213
5.02538 -11.4213
4.72081 -11.4213
4.56853 -11.4213
4.41624 -11.4213
4.26396 -11.4213
4.11168 -11.4213
3.95939 -11.269
3.65482 -11.269
3.50254 -11.269
3.35025 -11.269
3.19797 -11.269
3.04569 -11.269
2.8934 -11.269
2.74112 -11.1168
2.43655 -11.1168
2.28426 -11.1168
2.13198 -11.1168
1.9797 -11.1168
1.82741 -10.9645
1.67513 -10.9645
1.52284 -10.9645
1.37056 -10.9645
1.21827 -10.9645
1.06599 -10.8122
0.913706 -10.8122
0.761421 -10.8122
0.609137 -10.8122
0.456853 -10.6599
0.152284 -10.6599
0 -10.6599
-0.152284 -10.5076
-0.304569 -10.5076
-0.456853 -10.5076
-0.609137 -10.5076
-0.761421 -10.3553
-0.913706 -10.3553
-1.06599 -10.3553
-1.21827 -10.203
-1.37056 -10.203
-1.52284 -10.203
-1.67513 -10.0508
-1.82741 -10.0508
-1.9797 -9.89848
-2.13198 -9.89848
-2.28426 -9.89848
-2.43655 -9.74619
-2.58883 -9.74619
-2.74112 -9.59391
-2.8934 -9.59391
-3.04569 -9.44162
-3.19797 -9.44162
-3.35025 -9.28934
-3.50254 -9.28934
-3.65482 -9.13706
-3.80711 -9.13706
-3.95939 -8.98477
-4.11168 -8.83249
-4.26396 -8.83249
-4.41624 -8.6802
-4.56853 -8.52792
-4.72081 -8.52792
-4.8731 -8.37563
-5.02538 -8.22335
-5.02538 -8.07107
-5.17766 -7.91878
-5.32995 -7.91878
-5.48223 -7.7665
-5.48223 -7.61421
-5.63452 -7.46193
-5.7868 -7.30964
-5.7868 -7.15736
-5.93909 -7.00508
-5.93909 -6.85279
-5.93909 -6.70051
-6.09137 -6.39594
-6.09137 -6.24365
-6.24365 -6.09137
-6.24365 -5.93909
-6.24365 -5.7868
-6.24365 -5.63452
-6.39594 -5.48223
-6.39594 -5.32995
-6.39594 -5.17766
-6.39594 -4.8731
-6.39594 -4.72081
-6.39594 -4.56853
-6.54822 -4.41624
-6.54822 -4.26396
-6.54822 -4.11168
-6.54822 -3.95939
-6.54822 -3.80711
-6.54822 -3.65482
-6.54822 -3.50254
-6.54822 -3.35025
-6.54822 -3.04569
-6.54822 -2.8934
-6.70051 -2.74112
-6.70051 -2.58883
-6.70051 -2.43655
-6.70051 -2.28426
-6.70051 -2.13198
-6.70051 -1.9797
-6.70051 -1.82741
-6.85279 -1.67513
-6.85279 -1.52284
-6.85279 -1.37056
-6.85279 -1.21827
-6.85279 -1.06599
-6.85279 -0.913706
-6.85279 -0.761421
-6.85279 -0.456853
-6.85279 -0.304569
-6.85279 -0.152284
-6.85279 0
-6.85279 0.152284
-6.85279 0.304569
-6.85279 0.456853
-6.85279 0.609137
-6.85279 0.761421
-6.85279 1.06599
-6.85279 1.21827
-6.85279 1.37056
-6.85279 1.52284
-6.85279 1.67513
-6.70051 1.82741
-6.70051 1.9797
-6.70051 2.28426
-6.70051 2.43655
-6.70051 2.58883
-6.54822 2.74112
-6.54822 2.8934
-6.54822 3.04569
-6.54822 3.19797
-6.39594 3.50254
-6.39594 3.65482
-6.39594 3.80711
-6.24365 3.95939
-6.24365 4.11168
-6.24365 4.41624
-6.09137 4.56853
-6.09137 4.72081
-5.93909 4.8731
-5.93909 5.02538
-5.93909 5.32995
-5.7868 5.48223
-5.7868 5.63452
-5.63452 5.7868
-5.63452 6.09137
-5.48223 6.24365
-5.32995 6.39594
-5.32995 6.54822
-5.17766 6.70051
-5.17766 7.00508
-5.02538 7.15736
-4.8731 7.30964
-4.72081 7.46193
-4.72081 7.61421
-4.56853 7.7665
-4.41624 7.91878
-4.26396 8.07107
-4.11168 8.22335
-3.95939 8.37563
-3.80711 8.52792
-3.65482 8.6802
-3.50254 8.83249
-3.35025 8.98477
-3.19797 9.13706
-2.8934 9.28934
-2.74112 9.28934
-2.58883 9.44162
-2.43655 9.44162
-2.28426 9.59391
-1.9797 9.74619
-1.82741 9.74619
-1.67513 9.74619
-1.37056 9.89848
-1.21827 9.89848
-1.06599 9.89848
-0.761421 10.0508
-0.609137 10.0508
-0.456853 10.0508
-0.152284 10.0508
0 10.0508
0.304569 10.0508
0.456853 10.0508
0.609137 10.203
0.913706 10.203
1.06599 10.0508
1.21827 10.0508
1.52284 10.0508
1.67513 10.0508
1.82741 10.0508
2.13198 10.0508
2.28426 10.0508
2.43655 10.0508
2.74112 9.89848
2.8934 9.89848
3.04569 9.89848
3.35025 9.74619
3.50254 9.74619
3.65482 9.74619
3.80711 9.59391
4.11168 9.59391
4.26396 9.44162
4.41624 9.44162
4.56853 9.28934
4.72081 9.28934
5.02538 9.13706
5.17766 8.98477
5.32995 8.98477
5.48223 8.83249
5.63452 8.6802
5.7868 8.6802
5.93909 8.52792
6.09137 8.37563
6.24365 8.22335
6.39594 8.07107
6.54822 7.91878
6.70051 7.91878
6.85279 7.7665
7.00508 7.61421
7.00508 7.46193
7.15736 7.30964
7.30964 7.15736
7.46193 7.00508
7.46193 6.85279
7.61421 6.70051
7.7665 6.54822
7.7665 6.39594
7.91878 6.24365
8.07107 6.09137
8.07107 5.93909
8.22335 5.7868
8.22335 5.63452
8.37563 5.48223
8.37563 5.32995
8.52792 5.17766
8.52792 5.02538
8.6802 4.8731
8.6802 4.72081
8.83249 4.56853
8.83249 4.41624
8.98477 4.26396
8.98477 4.11168
9.13706 3.95939
9.13706 3.80711
9.28934 3.80711
9.28934 3.65482
9.28934 3.50254
9.44162 3.35025
9.44162 3.19797
9.59391 3.04569
9.59391 2.8934
9.74619 2.74112
9.74619 2.74112
9.89848 2.58883
9.89848 2.43655
10.0508 2.28426
10.0508 2.13198
10.203 1.9797
10.203 1.9797
10.3553 1.82741
10.3553 1.67513
10.5076 1.52284
10.5076 1.37056
10.6599 1.21827
10.6599 1.21827
10.8122 1.06599
10.8122 0.913706
10.9645 0.761421
11.1168 0.609137
11.1168 0.456853
11.269 0.304569
11.269 0.152284
11.4213 0
11.4213 -0.152284
11.5736 -0.304569
11.7259 -0.456853
11.7259 -0.609137
11.8782 -0.761421
11.8782 -0.913706
12.0305 -1.06599
12.0305 -1.21827
12.0305 -1.37056
