12.335 -1.9797
12.4873 -2.13198
12.4873 -2.28426
12.4873 -2.43655
12.6396 -2.74112
12.6396 -2.8934
12.6396 -3.04569
12.6396 -3.19797
12.6396 -3.35025
12.6396 -3.65482
12.7919 -3.80711
12.7919 -3.95939
12.7919 -4.11168
12.7919 -4.41624
12.7919 -4.56853
12.7919 -4.72081
12.7919 -4.8731
12.7919 -5.17766
12.6396 -5.32995
12.6396 -5.48223
12.6396 -5.63452
12.6396 -5.93909
12.6396 -6.09137
12.4873 -6.24365
12.4873 -6.39594
12.4873 -6.70051
12.335 -6.85279
12.335 -7.00508
12.335 -7.15736
12.1827 -7.46193
12.1827 -7.61421
12.0305 -7.7665
12.0305 -7.91878
11.8782 -8.07107
11.8782 -8.22335
11.7259 -8.52792
11.5736 -8.6802
11.5736 -8.83249
11.4213 -8.98477
11.269 -9.13706
11.1168 -9.28934
11.1168 -9.44162
10.9645 -9.59391
10.8122 -9.74619
10.6599 -9.89848
10.5076 -10.0508
10.3553 -10.203
10.203 -10.3553
10.0508 -10.3553
9.89848 -10.5076
9.74619 -10.6599
9.59391 -10.8122
9.44162 -10.8122
9.28934 -10.9645
8.98477 -11.1168
8.83249 -11.1168
8.6802 -11.269
8.52792 -11.269
8.37563 -11.4213
8.22335 -11.4213
7.91878 -11.5736
7.7665 -11.5736
7.61421 -11.5736
7.46193 -11.7259
7.15736 -11.7259
7.00508 -11.7259
6.85279 -11.8782
6.70051 -11.8782
6.39594 -11.8782
6.24365 -11.8782
6.09137 -11.8782
5.93909 -12.0305
5.7868 -12.0305
5.48223 -12.0305
5.32995 -12.0305
5.17766 -12.0305
5.02538 -12.0305
4.8731 -12.0305
4.56853 -12.0305
4.41624 -12.1827
4.26396 -12.1827
4.11168 -12.1827
3.95939 -12.1827
3.65482 -12.1827
3.50254 -12.1827
3.35025 -12.1827
3.19797 -12.0305
3.04569 -12.0305
2.8934 -12.0305
2.58883 -12.0305
2.43655 -12.0305
2.28426 -12.0305
2.13198 -12.0305
1.9797 -11.8782
1.82741 -11.8782
1.67513 -11.8782
1.37056 -11.8782
1.21827 -11.7259
1.06599 -11.7259
0.913706 -11.7259
0.761421 -11.5736
0.609137 -11.5736
0.456853 -11.5736
0.304569 -11.4213
0.152284 -11.4213
0 -11.269
-0.152284 -11.269
-0.304569 -11.1168
-0.456853 -11.1168
-0.609137 -10.9645
-0.761421 -10.9645
-0.913706 -10.8122
-1.06599 -10.8122
-1.21827 -10.6599
-1.37056 -10.6599
-1.52284 -10.5076
-1.67513 -10.5076
-1.82741 -10.3553
-1.9797 -10.3553
-2.13198 -10.203
-2.28426 -10.203
-2.43655 -10.0508
-2.58883 -10.0508
-2.74112 -9.89848
-2.8934 -9.89848
-3.04569 -9.74619
-3.19797 -9.74619
-3.35025 -9.59391
-3.50254 -9.59391
-3.65482 -9.44162
-3.80711 -9.44162
-3.95939 -9.28934
-4.11168 -9.13706
-4.11168 -9.13706
-4.26396 -8.98477
-4.41624 -8.98477
-4.56853 -8.83249
-4.72081 -8.6802
-4.8731 -8.52792
-5.02538 -8.52792
-5.17766 -8.37563
-5.17766 -8.22335
-5.32995 -8.07107
-5.48223 -7.91878
-5.48223 -7.7665
-5.63452 -7.61421
-5.7868 -7.46193
-5.7868 -7.30964
-5.93909 -7.15736
-5.93909 -7.00508
-6.09137 -6.85279
-6.09137 -6.70051
-6.09137 -6.54822
-6.24365 -6.39594
-6.24365 -6.24365
-6.24365 -6.09137
-6.24365 -5.93909
-6.39594 -5.7868
-6.39594 -5.48223
-6.39594 -5.32995
-6.39594 -5.17766
-6.39594 -5.02538
-6.39594 -4.8731
-6.39594 -4.72081
-6.54822 -4.56853
-6.54822 -4.41624
-6.54822 -4.26396
-6.54822 -4.11168
-6.54822 -3.95939
-6.54822 -3.80711
-6.54822 -3.50254
-6.54822 -3.35025
-6.70051 -3.19797
-6.70051 -3.04569
-6.70051 -2.8934
-6.70051 -2.74112
-6.70051 -2.58883
-6.70051 -2.43655
-6.70051 -2.28426
-6.85279 -2.13198
-6.85279 -1.9797
-6.85279 -1.82741
-6.85279 -1.67513
-6.85279 -1.52284
-6.85279 -1.37056
-6.85279 -1.21827
-6.85279 -1.06599
-6.85279 -0.761421
-6.85279 -0.609137
-6.85279 -0.456853
-6.85279 -0.304569
-6.85279 -0.152284
-6.85279 0
-6.85279 0.152284
-6.85279 0.304569
-6.85279 0.456853
-6.85279 0.761421
-6.85279 0.913706
-6.85279 1.06599
-6.70051 1.21827
-6.70051 1.37056
-6.70051 1.52284
-6.70051 1.67513
-6.70051 1.82741
-6.54822 2.13198
-6.54822 2.28426
-6.54822 2.43655
-6.39594 2.58883
-6.39594 2.74112
-6.39594 2.8934
-6.39594 3.04569
-6.24365 3.35025
-6.24365 3.50254
-6.24365 3.65482
-6.09137 3.80711
-6.09137 3.95939
-6.09137 4.26396
-5.93909 4.41624
-5.93909 4.56853
-5.7868 4.72081
-5.7868 5.02538
-5.7868 5.17766
-5.63452 5.32995
-5.63452 5.48223
-5.48223 5.7868
-5.48223 5.93909
-5.32995 6.09137
-5.32995 6.39594
-5.17766 6.54822
-5.17766 6.70051
-5.02538 7.00508
-4.8731 7.15736
-4.72081 7.30964
-4.72081 7.46193
-4.56853 7.61421
-4.41624 7.91878
-4.26396 8.07107
-4.11168 8.22335
-3.95939 8.37563
-3.80711 8.52792
-3.65482 8.6802
-3.50254 8.83249
-3.35025 8.83249
-3.19797 8.98477
-2.8934 9.13706
-2.74112 9.28934
-2.58883 9.28934
-2.43655 9.44162
-2.13198 9.44162
-1.9797 9.59391
-1.82741 9.59391
-1.52284 9.74619
-1.37056 9.74619
-1.06599 9.74619
-0.913706 9.74619
-0.761421 9.89848
-0.456853 9.89848
-0.304569 9.89848
0 9.89848
0.152284 9.89848
0.304569 9.89848
0.609137 9.89848
0.761421 9.89848
1.06599 9.89848
1.21827 9.89848
1.37056 9.89848
1.67513 9.89848
1.82741 9.74619
2.13198 9.74619
2.28426 9.74619
2.43655 9.74619
2.74112 9.74619
2.8934 9.59391
3.04569 9.59391
3.19797 9.59391
3.50254 9.44162
3.65482 9.44162
3.80711 9.44162
4.11168 9.28934
4.26396 9.28934
4.41624 9.13706
4.56853 9.13706
4.8731 8.98477
5.02538 8.83249
5.17766 8.83249
5.32995 8.6802
5.48223 8.52792
5.63452 8.52792
5.7868 8.37563
5.93909 8.22335
6.09137 8.07107
6.24365 7.91878
6.39594 7.7665
6.54822 7.7665
6.70051 7.61421
6.85279 7.46193
7.00508 7.30964
7.15736 7.15736
7.15736 7.00508
7.30964 6.85279
7.46193 6.70051
7.61421 6.54822
7.61421 6.39594
7.7665 6.24365
7.91878 5.93909
7.91878 5.7868
8.07107 5.63452
8.07107 5.48223
8.22335 5.32995
8.37563 5.17766
8.37563 5.02538
8.52792 4.8731
8.52792 4.72081
8.6802 4.56853
8.6802 4.41624
8.83249 4.26396
8.83249 4.26396
8.98477 4.11168
8.98477 3.95939
9.13706 3.80711
9.13706 3.65482
9.28934 3.50254
9.28934 3.35025
9.44162 3.19797
9.44162 3.04569
9.59391 3.04569
9.59391 2.8934
9.74619 2.74112
9.74619 2.58883
9.89848 2.43655
9.89848 2.28426
10.0508 2.13198
10.0508 2.13198
10.203 1.9797
10.203 1.82741
10.3553 1.67513
10.3553 1.52284
10.5076 1.37056
10.5076 1.37056
10.6599 1.21827
10.8122 1.06599
10.8122 0.913706
10.9645 0.761421
10.9645 0.609137
11.1168 0.456853
11.1168 0.304569
11.269 0.152284
11.4213 0
11.4213 0
11.5736 -0.152284
11.5736 -0.304569
11.7259 -0.456853
11.7259 -0.609137
11.8782 -0.761421
11.8782 -0.913706
12.0305 -1.21827
12.0305 -1.37056
12.1827 -1.52284
12.1827 -1.67513
12.1827 -1.82741
