13.7056 -1.82741
13.7056 -1.9797
13.5533 -2.13198
13.5533 -2.28426
13.5533 -2.43655
13.5533 -2.74112
13.5533 -2.8934
13.5533 -3.04569
13.5533 -3.19797
13.5533 -3.35025
13.7056 -3.65482
13.7056 -3.80711
13.7056 -3.95939
13.7056 -4.11168
13.7056 -4.41624
13.7056 -4.56853
13.8579 -4.72081
13.8579 -4.8731
13.8579 -5.17766
13.8579 -5.32995
13.8579 -5.48223
13.8579 -5.7868
13.8579 -5.93909
13.8579 -6.24365
13.8579 -6.39594
13.8579 -6.54822
13.7056 -6.85279
13.7056 -7.00508
13.7056 -7.15736
13.5533 -7.30964
13.5533 -7.61421
13.5533 -7.7665
13.401 -7.91878
13.2487 -8.07107
13.2487 -8.37563
13.0964 -8.52792
12.9442 -8.6802
12.9442 -8.83249
12.7919 -8.98477
12.6396 -9.13706
12.4873 -9.28934
12.335 -9.44162
12.1827 -9.59391
12.1827 -9.74619
12.0305 -9.89848
11.8782 -10.0508
11.7259 -10.203
11.5736 -10.3553
11.269 -10.5076
11.1168 -10.5076
10.9645 -10.6599
10.8122 -10.8122
10.6599 -10.9645
10.5076 -10.9645
10.3553 -11.1168
10.203 -11.269
9.89848 -11.269
9.74619 -11.4213
9.59391 -11.4213
9.44162 -11.5736
9.28934 -11.5736
8.98477 -11.7259
8.83249 -11.7259
8.6802 -11.8782
8.52792 -11.8782
8.22335 -11.8782
8.07107 -12.0305
7.91878 -12.0305
7.7665 -12.0305
7.46193 -12.1827
7.30964 -12.1827
7.15736 -12.1827
7.00508 -12.1827
6.70051 -12.1827
6.54822 -12.1827
6.39594 -12.335
6.24365 -12.335
5.93909 -12.335
5.7868 -12.335
5.63452 -12.335
5.48223 -12.335
5.17766 -12.335
5.02538 -12.335
4.8731 -12.335
4.72081 -12.1827
4.41624 -12.1827
4.26396 -12.1827
4.11168 -12.1827
3.95939 -12.1827
3.80711 -12.1827
3.50254 -12.0305
3.35025 -12.0305
3.19797 -12.0305
3.04569 -11.8782
2.8934 -11.8782
2.74112 -11.8782
2.58883 -11.7259
2.28426 -11.7259
2.13198 -11.7259
1.9797 -11.5736
1.82741 -11.5736
1.67513 -11.4213
1.52284 -11.4213
1.37056 -11.269
1.21827 -11.269
1.06599 -11.1168
0.913706 -11.1168
0.761421 -10.9645
0.609137 -10.8122
0.456853 -10.8122
0.304569 -10.6599
0.152284 -10.6599
0 -10.5076
-0.152284 -10.3553
-0.304569 -10.3553
-0.304569 -10.203
-0.456853 -10.203
-0.609137 -10.0508
-0.761421 -9.89848
-0.913706 -9.89848
-1.06599 -9.74619
-1.21827 -9.74619
-1.37056 -9.59391
-1.37056 -9.59391
-1.52284 -9.44162
-1.67513 -9.28934
-1.82741 -9.28934
-1.9797 -9.13706
-2.13198 -9.13706
-2.28426 -8.98477
-2.43655 -8.83249
-2.43655 -8.83249
-2.58883 -8.6802
-2.74112 -8.52792
-2.8934 -8.52792
-3.04569 -8.37563
-3.19797 -8.22335
-3.19797 -8.22335
-3.35025 -8.07107
-3.50254 -7.91878
-3.65482 -7.7665
-3.65482 -7.61421
-3.80711 -7.61421
-3.95939 -7.46193
-3.95939 -7.30964
-4.11168 -7.15736
-4.26396 -7.00508
-4.26396 -6.85279
-4.41624 -6.70051
-4.41624 -6.54822
-4.56853 -6.54822
-4.56853 -6.39594
-4.72081 -6.24365
-4.72081 -6.09137
-4.8731 -5.93909
-4.8731 -5.7868
-4.8731 -5.63452
-5.02538 -5.48223
-5.02538 -5.32995
-5.02538 -5.17766
-5.17766 -5.02538
-5.17766 -4.8731
-5.17766 -4.72081
-5.17766 -4.56853
-5.32995 -4.41624
-5.32995 -4.26396
-5.32995 -3.95939
-5.32995 -3.80711
-5.48223 -3.65482
-5.48223 -3.50254
-5.48223 -3.35025
-5.48223 -3.19797
-5.63452 -3.04569
-5.63452 -2.8934
-5.63452 -2.74112
-5.63452 -2.58883
-5.63452 -2.43655
-5.63452 -2.28426
-5.7868 -2.13198
-5.7868 -1.9797
-5.7868 -1.82741
-5.7868 -1.67513
-5.7868 -1.52284
-5.7868 -1.37056
-5.7868 -1.21827
-5.7868 -0.913706
-5.7868 -0.761421
-5.7868 -0.609137
-5.7868 -0.456853
-5.7868 -0.304569
-5.7868 -0.152284
-5.7868 0
-5.7868 0.152284
-5.7868 0.304569
-5.7868 0.609137
-5.7868 0.761421
-5.7868 0.913706
-5.7868 1.06599
-5.7868 1.21827
-5.7868 1.37056
-5.63452 1.52284
-5.63452 1.67513
-5.63452 1.9797
-5.63452 2.13198
-5.63452 2.28426
-5.48223 2.43655
-5.48223 2.58883
-5.48223 2.74112
-5.48223 3.04569
-5.32995 3.19797
-5.32995 3.35025
-5.32995 3.50254
-5.17766 3.65482
-5.17766 3.80711
-5.02538 3.95939
-5.02538 4.26396
-5.02538 4.41624
-4.8731 4.56853
-4.8731 4.72081
-4.72081 4.8731
-4.72081 5.17766
-4.56853 5.32995
-4.56853 5.48223
-4.41624 5.63452
-4.26396 5.7868
-4.26396 5.93909
-4.11168 6.24365
-4.11168 6.39594
-3.95939 6.54822
-3.80711 6.70051
-3.65482 6.85279
-3.65482 7.00508
-3.50254 7.15736
-3.35025 7.30964
-3.19797 7.46193
-3.04569 7.61421
-2.8934 7.91878
-2.74112 8.07107
-2.58883 8.22335
-2.43655 8.37563
-2.28426 8.37563
-2.13198 8.52792
-1.9797 8.6802
-1.82741 8.83249
-1.67513 8.98477
-1.52284 9.13706
-1.37056 9.28934
-1.21827 9.28934
-0.913706 9.44162
-0.761421 9.59391
-0.609137 9.59391
-0.456853 9.74619
-0.152284 9.74619
0 9.89848
0.152284 9.89848
0.456853 10.0508
0.609137 10.0508
0.761421 10.0508
1.06599 10.0508
1.21827 10.0508
1.52284 10.203
1.67513 10.203
1.82741 10.0508
2.13198 10.0508
2.28426 10.0508
2.58883 10.0508
2.74112 9.89848
2.8934 9.89848
3.19797 9.89848
3.35025 9.74619
3.50254 9.74619
3.80711 9.59391
3.95939 9.44162
4.11168 9.44162
4.26396 9.28934
4.56853 9.13706
4.72081 8.98477
4.8731 8.83249
5.02538 8.6802
5.17766 8.6802
5.32995 8.52792
5.48223 8.37563
5.63452 8.22335
5.7868 8.07107
5.93909 7.91878
6.09137 7.7665
6.24365 7.61421
6.39594 7.46193
6.54822 7.30964
6.70051 7.30964
6.85279 7.15736
7.00508 7.00508
7.00508 6.85279
7.15736 6.70051
7.30964 6.54822
7.46193 6.54822
7.61421 6.39594
7.61421 6.24365
7.7665 6.09137
7.91878 6.09137
8.07107 5.93909
8.07107 5.7868
8.22335 5.63452
8.37563 5.63452
8.52792 5.48223
8.52792 5.32995
8.6802 5.17766
8.83249 5.17766
8.83249 5.02538
8.98477 4.8731
9.13706 4.72081
9.13706 4.56853
9.28934 4.56853
9.28934 4.41624
9.44162 4.26396
9.44162 4.11168
9.59391 3.95939
9.59391 3.80711
9.74619 3.80711
9.74619 3.65482
9.89848 3.50254
9.89848 3.35025
10.0508 3.19797
10.0508 3.04569
10.203 2.8934
10.203 2.8934
10.203 2.74112
10.3553 2.58883
10.3553 2.43655
10.5076 2.28426
10.5076 2.28426
10.6599 2.13198
10.6599 1.9797
10.8122 1.82741
10.9645 1.82741
10.9645 1.67513
11.1168 1.52284
11.1168 1.37056
11.269 1.37056
11.4213 1.21827
11.5736 1.06599
11.5736 0.913706
11.7259 0.913706
11.8782 0.761421
12.0305 0.609137
12.1827 0.456853
12.335 0.304569
12.335 0.304569
12.4873 0.152284
12.6396 0
12.7919 -0.152284
12.9442 -0.304569
13.0964 -0.456853
13.0964 -0.609137
13.2487 -0.761421
13.401 -0.913706
13.5533 -1.06599
13.7056 -1.21827
13.7056 -1.52284
13.8579 -1.67513
