13.401 -1.52284
13.5533 -1.67513
13.5533 -1.82741
13.5533 -1.9797
13.7056 -2.28426
13.7056 -2.43655
13.7056 -2.58883
13.8579 -2.74112
13.8579 -2.8934
13.8579 -3.19797
13.8579 -3.35025
14.0102 -3.50254
14.0102 -3.65482
14.0102 -3.95939
14.0102 -4.11168
14.0102 -4.26396
14.1624 -4.56853
14.1624 -4.72081
14.1624 -4.8731
14.1624 -5.17766
14.1624 -5.32995
14.1624 -5.48223
14.1624 -5.7868
14.1624 -5.93909
14.0102 -6.24365
14.0102 -6.39594
14.0102 -6.54822
14.0102 -6.85279
13.8579 -7.00508
13.8579 -7.15736
13.8579 -7.46193
13.7056 -7.61421
13.7056 -7.7665
13.5533 -7.91878
13.5533 -8.22335
13.401 -8.37563
13.2487 -8.52792
13.2487 -8.6802
13.0964 -8.98477
12.9442 -9.13706
12.7919 -9.28934
12.7919 -9.44162
12.6396 -9.59391
12.4873 -9.74619
12.335 -9.89848
12.1827 -10.0508
12.0305 -10.203
11.8782 -10.3553
11.7259 -10.5076
11.5736 -10.5076
11.269 -10.6599
11.1168 -10.8122
10.9645 -10.9645
10.8122 -10.9645
10.6599 -11.1168
10.3553 -11.269
10.203 -11.269
10.0508 -11.4213
9.89848 -11.4213
9.59391 -11.5736
9.44162 -11.5736
9.28934 -11.7259
8.98477 -11.7259
8.83249 -11.7259
8.6802 -11.8782
8.52792 -11.8782
8.22335 -11.8782
8.07107 -11.8782
7.91878 -12.0305
7.61421 -12.0305
7.46193 -12.0305
7.30964 -12.0305
7.00508 -12.0305
6.85279 -12.1827
6.70051 -12.1827
6.54822 -12.1827
6.24365 -12.1827
6.09137 -12.1827
5.93909 -12.1827
5.7868 -12.1827
5.48223 -12.1827
5.32995 -12.1827
5.17766 -12.1827
5.02538 -12.1827
4.72081 -12.1827
4.56853 -12.1827
4.41624 -12.1827
4.26396 -12.1827
3.95939 -12.1827
3.80711 -12.1827
3.65482 -12.1827
3.50254 -12.1827
3.19797 -12.0305
3.04569 -12.0305
2.8934 -12.0305
2.74112 -11.8782
2.58883 -11.8782
2.43655 -11.8782
2.13198 -11.7259
1.9797 -11.7259
1.82741 -11.5736
1.67513 -11.5736
1.52284 -11.4213
1.37056 -11.4213
1.21827 -11.269
1.06599 -11.269
0.913706 -11.1168
0.761421 -10.9645
0.609137 -10.9645
0.456853 -10.8122
0.304569 -10.8122
0.152284 -10.6599
0 -10.5076
-0.152284 -10.5076
-0.304569 -10.3553
-0.456853 -10.203
-0.609137 -10.203
-0.761421 -10.0508
-0.761421 -9.89848
-0.913706 -9.89848
-1.06599 -9.74619
-1.21827 -9.59391
-1.37056 -9.59391
-1.52284 -9.44162
-1.67513 -9.28934
-1.82741 -9.28934
-1.82741 -9.13706
-1.9797 -8.98477
-2.13198 -8.98477
-2.28426 -8.83249
-2.43655 -8.6802
-2.58883 -8.6802
-2.74112 -8.52792
-2.74112 -8.37563
-2.8934 -8.37563
-3.04569 -8.22335
-3.19797 -8.07107
-3.35025 -8.07107
-3.35025 -7.91878
-3.50254 -7.7665
-3.65482 -7.61421
-3.80711 -7.46193
-3.80711 -7.46193
-3.95939 -7.30964
-4.11168 -7.15736
-4.11168 -7.00508
-4.26396 -6.85279
-4.26396 -6.70051
-4.41624 -6.54822
-4.56853 -6.39594
-4.56853 -6.24365
-4.72081 -6.09137
-4.72081 -5.93909
-4.72081 -5.7868
-4.8731 -5.63452
-4.8731 -5.48223
-5.02538 -5.32995
-5.02538 -5.17766
-5.02538 -5.02538
-5.17766 -4.8731
-5.17766 -4.72081
-5.17766 -4.56853
-5.17766 -4.41624
-5.32995 -4.26396
-5.32995 -4.11168
-5.32995 -3.95939
-5.32995 -3.80711
-5.48223 -3.65482
-5.48223 -3.50254
-5.48223 -3.35025
-5.48223 -3.19797
-5.48223 -3.04569
-5.63452 -2.8934
-5.63452 -2.58883
-5.63452 -2.43655
-5.63452 -2.28426
-5.63452 -2.13198
-5.63452 -1.9797
-5.7868 -1.82741
-5.7868 -1.67513
-5.7868 -1.52284
-5.7868 -1.37056
-5.7868 -1.21827
-5.7868 -1.06599
-5.7868 -0.913706
-5.7868 -0.761421
-5.7868 -0.609137
-5.7868 -0.304569
-5.7868 -0.152284
-5.7868 0
-5.7868 0.152284
-5.7868 0.304569
-5.7868 0.456853
-5.7868 0.609137
-5.7868 0.761421
-5.7868 1.06599
-5.7868 1.21827
-5.7868 1.37056
-5.63452 1.52284
-5.63452 1.67513
-5.63452 1.82741
-5.63452 1.9797
-5.63452 2.13198
-5.48223 2.43655
-5.48223 2.58883
-5.48223 2.74112
-5.48223 2.8934
-5.32995 3.04569
-5.32995 3.19797
-5.32995 3.35025
-5.17766 3.65482
-5.17766 3.80711
-5.17766 3.95939
-5.02538 4.11168
-5.02538 4.26396
-4.8731 4.41624
-4.8731 4.72081
-4.8731 4.8731
-4.72081 5.02538
-4.72081 5.17766
-4.56853 5.32995
-4.56853 5.48223
-4.41624 5.7868
-4.26396 5.93909
-4.26396 6.09137
-4.11168 6.24365
-4.11168 6.39594
-3.95939 6.54822
-3.80711 6.85279
-3.80711 7.00508
-3.65482 7.15736
-3.50254 7.30964
-3.35025 7.46193
-3.19797 7.61421
-3.19797 7.7665
-3.04569 7.91878
-2.8934 8.07107
-2.74112 8.22335
-2.58883 8.37563
-2.43655 8.52792
-2.28426 8.6802
-2.13198 8.83249
-1.9797 8.98477
-1.82741 9.13706
-1.67513 9.28934
-1.37056 9.28934
-1.21827 9.44162
-1.06599 9.59391
-0.913706 9.74619
-0.761421 9.74619
-0.456853 9.89848
-0.304569 9.89848
-0.152284 10.0508
0.152284 10.0508
0.304569 10.203
0.456853 10.203
0.761421 10.203
0.913706 10.203
1.06599 10.3553
1.37056 10.3553
1.52284 10.3553
1.82741 10.3553
1.9797 10.3553
2.13198 10.203
2.43655 10.203
2.58883 10.203
2.8934 10.203
3.04569 10.0508
3.19797 10.0508
3.50254 9.89848
3.65482 9.89848
3.80711 9.74619
3.95939 9.59391
4.26396 9.59391
4.41624 9.44162
4.56853 9.28934
4.72081 9.13706
4.8731 8.98477
5.17766 8.83249
5.32995 8.6802
5.48223 8.6802
5.63452 8.52792
5.7868 8.37563
5.93909 8.22335
6.09137 8.07107
6.09137 7.91878
6.24365 7.7665
6.39594 7.61421
6.54822 7.46193
6.70051 7.30964
6.85279 7.15736
7.00508 7.00508
7.00508 6.85279
7.15736 6.85279
7.30964 6.70051
7.46193 6.54822
7.46193 6.39594
7.61421 6.24365
7.7665 6.24365
7.91878 6.09137
7.91878 5.93909
8.07107 5.7868
8.22335 5.7868
8.22335 5.63452
8.37563 5.48223
8.52792 5.48223
8.6802 5.32995
8.6802 5.17766
8.83249 5.17766
8.98477 5.02538
9.13706 4.8731
9.13706 4.8731
9.28934 4.72081
9.44162 4.72081
9.59391 4.56853
9.59391 4.56853
9.74619 4.41624
9.89848 4.26396
10.0508 4.26396
10.203 4.11168
10.3553 4.11168
10.5076 3.95939
10.5076 3.95939
10.6599 3.80711
10.8122 3.65482
10.9645 3.65482
11.1168 3.50254
11.269 3.35025
11.4213 3.35025
11.4213 3.19797
11.5736 3.04569
11.7259 2.8934
11.8782 2.8934
12.0305 2.74112
12.0305 2.58883
12.1827 2.43655
12.335 2.28426
12.335 2.13198
12.4873 1.9797
12.4873 1.82741
12.6396 1.67513
12.6396 1.52284
12.7919 1.37056
12.7919 1.21827
12.9442 1.06599
12.9442 0.913706
12.9442 0.761421
13.0964 0.609137
13.0964 0.456853
13.0964 0.304569
13.0964 0.152284
13.2487 0
13.2487 -0.152284
13.2487 -0.304569
13.2487 -0.456853
13.401 -0.609137
13.401 -0.913706
13.401 -1.06599
13.401 -1.21827
13.5533 -1.37056
