13.5533 -1.52284
13.5533 -1.67513
13.7056 -1.82741
13.7056 -2.13198
13.7056 -2.28426
13.8579 -2.43655
13.8579 -2.58883
13.8579 -2.74112
14.0102 -3.04569
14.0102 -3.19797
14.0102 -3.35025
14.0102 -3.50254
14.0102 -3.80711
14.1624 -3.95939
14.1624 -4.11168
14.1624 -4.41624
14.1624 -4.56853
14.1624 -4.72081
14.1624 -5.02538
14.1624 -5.17766
14.1624 -5.32995
14.1624 -5.48223
14.0102 -5.7868
14.0102 -5.93909
14.0102 -6.09137
14.0102 -6.39594
14.0102 -6.54822
13.8579 -6.70051
13.8579 -7.00508
13.8579 -7.15736
13.7056 -7.30964
13.7056 -7.61421
13.5533 -7.7665
13.5533 -7.91878
13.401 -8.07107
13.401 -8.37563
13.2487 -8.52792
13.0964 -8.6802
13.0964 -8.83249
12.9442 -8.98477
12.7919 -9.28934
12.6396 -9.44162
12.6396 -9.59391
12.4873 -9.74619
12.335 -9.89848
12.1827 -10.0508
12.0305 -10.203
11.8782 -10.3553
11.7259 -10.5076
11.5736 -10.5076
11.4213 -10.6599
11.1168 -10.8122
10.9645 -10.9645
10.8122 -10.9645
10.6599 -11.1168
10.5076 -11.269
10.203 -11.269
10.0508 -11.4213
9.89848 -11.4213
9.74619 -11.5736
9.44162 -11.5736
9.28934 -11.7259
9.13706 -11.7259
8.83249 -11.7259
8.6802 -11.8782
8.52792 -11.8782
8.22335 -11.8782
8.07107 -11.8782
7.91878 -12.0305
7.61421 -12.0305
7.46193 -12.0305
7.30964 -12.0305
7.15736 -12.0305
6.85279 -12.0305
6.70051 -12.1827
6.54822 -12.1827
6.39594 -12.1827
6.09137 -12.1827
5.93909 -12.1827
5.7868 -12.1827
5.63452 -12.1827
5.32995 -12.1827
5.17766 -12.1827
5.02538 -12.1827
4.8731 -12.1827
4.56853 -12.1827
4.41624 -12.1827
4.26396 -12.1827
4.11168 -12.1827
3.80711 -12.1827
3.65482 -12.1827
3.50254 -12.0305
3.35025 -12.0305
3.19797 -12.0305
2.8934 -12.0305
2.74112 -11.8782
2.58883 -11.8782
2.43655 -11.8782
2.28426 -11.7259
2.13198 -11.7259
1.9797 -11.5736
1.67513 -11.5736
1.52284 -11.4213
1.37056 -11.4213
1.21827 -11.269
1.06599 -11.269
0.913706 -11.1168
0.761421 -11.1168
0.609137 -10.9645
0.456853 -10.8122
0.304569 -10.8122
0.152284 -10.6599
0 -10.5076
-0.152284 -10.5076
-0.304569 -10.3553
-0.304569 -10.203
-0.456853 -10.203
-0.609137 -10.0508
-0.761421 -9.89848
-0.913706 -9.89848
-1.06599 -9.74619
-1.21827 -9.59391
-1.37056 -9.59391
-1.52284 -9.44162
-1.52284 -9.44162
-1.67513 -9.28934
-1.82741 -9.13706
-1.9797 -9.13706
-2.13198 -8.98477
-2.28426 -8.83249
-2.43655 -8.83249
-2.43655 -8.6802
-2.58883 -8.52792
-2.74112 -8.52792
-2.8934 -8.37563
-3.04569 -8.22335
-3.19797 -8.07107
-3.19797 -8.07107
-3.35025 -7.91878
-3.50254 -7.7665
-3.65482 -7.61421
-3.65482 -7.46193
-3.80711 -7.46193
-3.95939 -7.30964
-3.95939 -7.15736
-4.11168 -7.00508
-4.26396 -6.85279
-4.26396 -6.70051
-4.41624 -6.54822
-4.41624 -6.39594
-4.56853 -6.24365
-4.56853 -6.09137
-4.72081 -5.93909
-4.72081 -5.7868
-4.8731 -5.63452
-4.8731 -5.48223
-4.8731 -5.32995
-5.02538 -5.17766
-5.02538 -5.02538
-5.02538 -4.8731
-5.17766 -4.72081
-5.17766 -4.56853
-5.17766 -4.41624
-5.32995 -4.26396
-5.32995 -4.11168
-5.32995 -3.95939
-5.32995 -3.80711
-5.48223 -3.65482
-5.48223 -3.50254
-5.48223 -3.35025
-5.48223 -3.19797
-5.48223 -3.04569
-5.63452 -2.8934
-5.63452 -2.74112
-5.63452 -2.58883
-5.63452 -2.43655
-5.63452 -2.28426
-5.63452 -1.9797
-5.7868 -1.82741
-5.7868 -1.67513
-5.7868 -1.52284
-5.7868 -1.37056
-5.7868 -1.21827
-5.7868 -1.06599
-5.7868 -0.913706
-5.7868 -0.761421
-5.7868 -0.609137
-5.7868 -0.456853
-5.7868 -0.152284
-5.7868 0
-5.7868 0.152284
-5.7868 0.304569
-5.7868 0.456853
-5.7868 0.609137
-5.7868 0.761421
-5.7868 0.913706
-5.7868 1.21827
-5.7868 1.37056
-5.7868 1.52284
-5.63452 1.67513
-5.63452 1.82741
-5.63452 1.9797
-5.63452 2.13198
-5.48223 2.43655
-5.48223 2.58883
-5.48223 2.74112
-5.48223 2.8934
-5.32995 3.04569
-5.32995 3.19797
-5.32995 3.35025
-5.17766 3.65482
-5.17766 3.80711
-5.17766 3.95939
-5.02538 4.11168
-5.02538 4.26396
-4.8731 4.41624
-4.8731 4.72081
-4.8731 4.8731
-4.72081 5.02538
-4.72081 5.17766
-4.56853 5.32995
-4.56853 5.48223
-4.41624 5.7868
-4.26396 5.93909
-4.26396 6.09137
-4.11168 6.24365
-4.11168 6.39594
-3.95939 6.54822
-3.80711 6.85279
-3.65482 7.00508
-3.65482 7.15736
-3.50254 7.30964
-3.35025 7.46193
-3.19797 7.61421
-3.04569 7.7665
-3.04569 7.91878
-2.8934 8.07107
-2.74112 8.22335
-2.58883 8.37563
-2.43655 8.52792
-2.28426 8.6802
-2.13198 8.83249
-1.9797 8.98477
-1.67513 9.13706
-1.52284 9.28934
-1.37056 9.28934
-1.21827 9.44162
-1.06599 9.59391
-0.913706 9.59391
-0.609137 9.74619
-0.456853 9.89848
-0.304569 9.89848
0 10.0508
0.152284 10.0508
0.304569 10.0508
0.609137 10.203
0.761421 10.203
0.913706 10.203
1.21827 10.203
1.37056 10.203
1.52284 10.203
1.82741 10.203
1.9797 10.203
2.28426 10.203
2.43655 10.203
2.58883 10.203
2.8934 10.0508
3.04569 10.0508
3.35025 9.89848
3.50254 9.89848
3.65482 9.74619
3.80711 9.74619
4.11168 9.59391
4.26396 9.44162
4.41624 9.28934
4.56853 9.28934
4.8731 9.13706
5.02538 8.98477
5.17766 8.83249
5.32995 8.6802
5.48223 8.52792
5.63452 8.52792
5.7868 8.37563
5.93909 8.22335
6.09137 8.07107
6.24365 7.91878
6.39594 7.7665
6.54822 7.61421
6.54822 7.46193
6.70051 7.30964
6.85279 7.15736
7.00508 7.00508
7.15736 7.00508
7.15736 6.85279
7.30964 6.70051
7.46193 6.54822
7.61421 6.39594
7.7665 6.39594
7.7665 6.24365
7.91878 6.09137
8.07107 5.93909
8.07107 5.7868
8.22335 5.7868
8.37563 5.63452
8.52792 5.48223
8.52792 5.48223
8.6802 5.32995
8.83249 5.17766
8.98477 5.17766
8.98477 5.02538
9.13706 4.8731
9.28934 4.8731
9.44162 4.72081
9.44162 4.72081
9.59391 4.56853
9.74619 4.56853
9.89848 4.41624
10.0508 4.26396
10.0508 4.26396
10.203 4.11168
10.3553 4.11168
10.5076 3.95939
10.6599 3.80711
10.8122 3.80711
10.8122 3.65482
10.9645 3.50254
11.1168 3.50254
11.269 3.35025
11.4213 3.19797
11.4213 3.19797
11.5736 3.04569
11.7259 2.8934
11.8782 2.74112
11.8782 2.58883
12.0305 2.58883
12.1827 2.43655
12.1827 2.28426
12.335 2.13198
12.4873 1.9797
12.4873 1.82741
12.6396 1.67513
12.6396 1.52284
12.7919 1.37056
12.7919 1.21827
12.7919 1.06599
12.9442 0.913706
12.9442 0.761421
13.0964 0.609137
13.0964 0.456853
13.0964 0.304569
13.0964 0.152284
13.2487 0
13.2487 -0.152284
13.2487 -0.304569
13.2487 -0.609137
13.401 -0.761421
13.401 -0.913706
13.401 -1.06599
13.401 -1.21827
13.5533 -1.37056
