13.401 -1.52284
13.401 -1.67513
13.401 -1.82741
13.5533 -1.9797
13.5533 -2.13198
13.7056 -2.43655
13.7056 -2.58883
13.8579 -2.74112
13.8579 -2.8934
13.8579 -3.04569
13.8579 -3.35025
14.0102 -3.50254
14.0102 -3.65482
14.0102 -3.95939
14.0102 -4.11168
14.1624 -4.26396
14.1624 -4.56853
14.1624 -4.72081
14.1624 -4.8731
14.1624 -5.17766
14.1624 -5.32995
14.1624 -5.48223
14.1624 -5.7868
14.1624 -5.93909
14.1624 -6.09137
14.0102 -6.39594
14.0102 -6.54822
14.0102 -6.70051
13.8579 -7.00508
13.8579 -7.15736
13.8579 -7.30964
13.7056 -7.61421
13.7056 -7.7665
13.5533 -7.91878
13.5533 -8.07107
13.401 -8.37563
13.2487 -8.52792
13.2487 -8.6802
13.0964 -8.83249
12.9442 -8.98477
12.7919 -9.13706
12.6396 -9.28934
12.6396 -9.44162
12.4873 -9.74619
12.335 -9.89848
12.1827 -9.89848
12.0305 -10.0508
11.8782 -10.203
11.7259 -10.3553
11.5736 -10.5076
11.269 -10.6599
11.1168 -10.8122
10.9645 -10.8122
10.8122 -10.9645
10.6599 -11.1168
10.5076 -11.1168
10.203 -11.269
10.0508 -11.269
9.89848 -11.4213
9.59391 -11.4213
9.44162 -11.5736
9.28934 -11.5736
9.13706 -11.7259
8.83249 -11.7259
8.6802 -11.7259
8.52792 -11.8782
8.22335 -11.8782
8.07107 -11.8782
7.91878 -11.8782
7.7665 -12.0305
7.46193 -12.0305
7.30964 -12.0305
7.15736 -12.0305
6.85279 -12.0305
6.70051 -12.1827
6.54822 -12.1827
6.39594 -12.1827
6.09137 -12.1827
5.93909 -12.1827
5.7868 -12.1827
5.63452 -12.1827
5.32995 -12.1827
5.17766 -12.1827
5.02538 -12.1827
4.8731 -12.1827
4.56853 -12.1827
4.41624 -12.1827
4.26396 -12.1827
4.11168 -12.1827
3.80711 -12.1827
3.65482 -12.0305
3.50254 -12.0305
3.35025 -12.0305
3.19797 -12.0305
2.8934 -12.0305
2.74112 -11.8782
2.58883 -11.8782
2.43655 -11.8782
2.28426 -11.7259
2.13198 -11.7259
1.82741 -11.5736
1.67513 -11.5736
1.52284 -11.4213
1.37056 -11.4213
1.21827 -11.269
1.06599 -11.269
0.913706 -11.1168
0.761421 -11.1168
0.609137 -10.9645
0.456853 -10.8122
0.304569 -10.8122
0.152284 -10.6599
0 -10.5076
-0.152284 -10.5076
-0.304569 -10.3553
-0.456853 -10.3553
-0.609137 -10.203
-0.761421 -10.0508
-0.761421 -10.0508
-0.913706 -9.89848
-1.06599 -9.74619
-1.21827 -9.74619
-1.37056 -9.59391
-1.52284 -9.44162
-1.67513 -9.44162
-1.82741 -9.28934
-1.82741 -9.13706
-1.9797 -9.13706
-2.13198 -8.98477
-2.28426 -8.83249
-2.43655 -8.6802
-2.58883 -8.6802
-2.58883 -8.52792
-2.74112 -8.37563
-2.8934 -8.37563
-3.04569 -8.22335
-3.19797 -8.07107
-3.19797 -7.91878
-3.35025 -7.91878
-3.50254 -7.7665
-3.65482 -7.61421
-3.65482 -7.46193
-3.80711 -7.30964
-3.95939 -7.15736
-3.95939 -7.00508
-4.11168 -7.00508
-4.11168 -6.85279
-4.26396 -6.70051
-4.41624 -6.54822
-4.41624 -6.39594
-4.56853 -6.24365
-4.56853 -6.09137
-4.72081 -5.93909
-4.72081 -5.7868
-4.72081 -5.63452
-4.8731 -5.48223
-4.8731 -5.32995
-5.02538 -5.17766
-5.02538 -5.02538
-5.02538 -4.8731
-5.17766 -4.72081
-5.17766 -4.56853
-5.17766 -4.41624
-5.32995 -4.26396
-5.32995 -4.11168
-5.32995 -3.95939
-5.32995 -3.80711
-5.48223 -3.65482
-5.48223 -3.50254
-5.48223 -3.35025
-5.48223 -3.19797
-5.48223 -2.8934
-5.63452 -2.74112
-5.63452 -2.58883
-5.63452 -2.43655
-5.63452 -2.28426
-5.63452 -2.13198
-5.7868 -1.9797
-5.7868 -1.82741
-5.7868 -1.67513
-5.7868 -1.52284
-5.7868 -1.37056
-5.7868 -1.21827
-5.7868 -1.06599
-5.7868 -0.913706
-5.7868 -0.609137
-5.7868 -0.456853
-5.7868 -0.304569
-5.7868 -0.152284
-5.7868 0
-5.7868 0.152284
-5.7868 0.304569
-5.7868 0.456853
-5.7868 0.761421
-5.7868 0.913706
-5.7868 1.06599
-5.7868 1.21827
-5.7868 1.37056
-5.7868 1.52284
-5.63452 1.67513
-5.63452 1.82741
-5.63452 2.13198
-5.63452 2.28426
-5.63452 2.43655
-5.48223 2.58883
-5.48223 2.74112
-5.48223 2.8934
-5.32995 3.04569
-5.32995 3.35025
-5.32995 3.50254
-5.17766 3.65482
-5.17766 3.80711
-5.17766 3.95939
-5.02538 4.11168
-5.02538 4.41624
-4.8731 4.56853
-4.8731 4.72081
-4.8731 4.8731
-4.72081 5.02538
-4.72081 5.17766
-4.56853 5.48223
-4.56853 5.63452
-4.41624 5.7868
-4.26396 5.93909
-4.26396 6.09137
-4.11168 6.24365
-4.11168 6.54822
-3.95939 6.70051
-3.80711 6.85279
-3.65482 7.00508
-3.65482 7.15736
-3.50254 7.30964
-3.35025 7.46193
-3.19797 7.7665
-3.19797 7.91878
-3.04569 8.07107
-2.8934 8.22335
-2.74112 8.37563
-2.58883 8.52792
-2.43655 8.6802
-2.28426 8.83249
-2.13198 8.98477
-1.9797 9.13706
-1.82741 9.13706
-1.67513 9.28934
-1.37056 9.44162
-1.21827 9.59391
-1.06599 9.74619
-0.913706 9.74619
-0.761421 9.89848
-0.456853 10.0508
-0.304569 10.0508
-0.152284 10.203
0.152284 10.203
0.304569 10.3553
0.456853 10.3553
0.761421 10.3553
0.913706 10.3553
1.06599 10.5076
1.37056 10.5076
1.52284 10.5076
1.82741 10.5076
1.9797 10.5076
2.28426 10.3553
2.43655 10.3553
2.58883 10.3553
2.8934 10.203
3.04569 10.203
3.35025 10.0508
3.50254 10.0508
3.65482 9.89848
3.80711 9.74619
4.11168 9.59391
4.26396 9.59391
4.41624 9.44162
4.56853 9.28934
4.8731 9.13706
5.02538 8.98477
5.17766 8.83249
5.32995 8.6802
5.48223 8.52792
5.63452 8.37563
5.7868 8.22335
5.93909 8.07107
6.09137 7.91878
6.24365 7.7665
6.24365 7.61421
6.39594 7.61421
6.54822 7.46193
6.70051 7.30964
6.85279 7.15736
7.00508 7.00508
7.15736 6.85279
7.15736 6.85279
7.30964 6.70051
7.46193 6.54822
7.61421 6.54822
7.7665 6.39594
7.7665 6.24365
7.91878 6.24365
8.07107 6.09137
8.22335 5.93909
8.37563 5.93909
8.37563 5.7868
8.52792 5.63452
8.6802 5.63452
8.83249 5.48223
8.98477 5.48223
8.98477 5.32995
9.13706 5.32995
9.28934 5.17766
9.44162 5.02538
9.59391 5.02538
9.59391 4.8731
9.74619 4.8731
9.89848 4.72081
10.0508 4.56853
10.203 4.56853
10.203 4.41624
10.3553 4.26396
10.5076 4.26396
10.6599 4.11168
10.6599 3.95939
10.8122 3.95939
10.9645 3.80711
11.1168 3.65482
11.1168 3.50254
11.269 3.50254
11.4213 3.35025
11.5736 3.19797
11.5736 3.04569
11.7259 2.8934
11.8782 2.8934
11.8782 2.74112
12.0305 2.58883
12.1827 2.43655
12.1827 2.28426
12.335 2.13198
12.335 1.9797
12.4873 1.82741
12.4873 1.67513
12.6396 1.52284
12.6396 1.37056
12.7919 1.21827
12.7919 1.06599
12.9442 0.913706
12.9442 0.761421
12.9442 0.609137
13.0964 0.456853
13.0964 0.304569
13.0964 0.152284
13.0964 0
13.2487 -0.152284
13.2487 -0.304569
13.2487 -0.456853
13.2487 -0.609137
13.2487 -0.761421
13.401 -1.06599
13.401 -1.21827
13.401 -1.37056
