14.0102 -1.52284
14.1624 -1.67513
14.1624 -1.82741
14.1624 -1.9797
14.1624 -2.13198
14.1624 -2.43655
14.1624 -2.58883
14.1624 -2.74112
14.1624 -2.8934
14.1624 -3.04569
14.3147 -3.35025
14.3147 -3.50254
14.3147 -3.65482
14.3147 -3.80711
14.3147 -4.11168
14.3147 -4.26396
14.3147 -4.41624
14.1624 -4.56853
14.1624 -4.8731
14.1624 -5.02538
14.1624 -5.17766
14.1624 -5.48223
14.1624 -5.63452
14.1624 -5.7868
14.1624 -6.09137
14.0102 -6.24365
14.0102 -6.39594
14.0102 -6.70051
14.0102 -6.85279
13.8579 -7.00508
13.8579 -7.15736
13.7056 -7.46193
13.7056 -7.61421
13.7056 -7.7665
13.5533 -8.07107
13.5533 -8.22335
13.401 -8.37563
13.2487 -8.52792
13.2487 -8.83249
13.0964 -8.98477
12.9442 -9.13706
12.9442 -9.28934
12.7919 -9.44162
12.6396 -9.59391
12.4873 -9.89848
12.335 -10.0508
12.1827 -10.203
12.0305 -10.3553
11.8782 -10.3553
11.7259 -10.5076
11.5736 -10.6599
11.4213 -10.8122
11.269 -10.9645
10.9645 -10.9645
10.8122 -11.1168
10.6599 -11.269
10.5076 -11.269
10.203 -11.4213
10.0508 -11.4213
9.89848 -11.5736
9.74619 -11.5736
9.44162 -11.5736
9.28934 -11.7259
9.13706 -11.7259
8.83249 -11.7259
8.6802 -11.7259
8.52792 -11.8782
8.22335 -11.8782
8.07107 -11.8782
7.91878 -11.8782
7.61421 -11.8782
7.46193 -12.0305
7.30964 -12.0305
7.00508 -12.0305
6.85279 -12.0305
6.70051 -12.0305
6.54822 -12.0305
6.24365 -12.0305
6.09137 -12.0305
5.93909 -12.0305
5.7868 -12.0305
5.48223 -12.0305
5.32995 -12.0305
5.17766 -12.0305
5.02538 -12.0305
4.72081 -12.0305
4.56853 -12.0305
4.41624 -12.0305
4.26396 -12.0305
3.95939 -12.0305
3.80711 -12.0305
3.65482 -12.0305
3.50254 -11.8782
3.35025 -11.8782
3.04569 -11.8782
2.8934 -11.8782
2.74112 -11.7259
2.58883 -11.7259
2.43655 -11.7259
2.28426 -11.5736
2.13198 -11.5736
1.82741 -11.5736
1.67513 -11.4213
1.52284 -11.4213
1.37056 -11.269
1.21827 -11.269
1.06599 -11.1168
0.913706 -11.1168
0.761421 -10.9645
0.609137 -10.8122
0.456853 -10.8122
0.304569 -10.6599
0.152284 -10.6599
0 -10.5076
-0.152284 -10.3553
-0.304569 -10.3553
-0.456853 -10.203
-0.609137 -10.0508
-0.761421 -10.0508
-0.761421 -9.89848
-0.913706 -9.74619
-1.06599 -9.74619
-1.21827 -9.59391
-1.37056 -9.44162
-1.52284 -9.28934
-1.52284 -9.28934
-1.67513 -9.13706
-1.82741 -8.98477
-1.9797 -8.83249
-2.13198 -8.83249
-2.13198 -8.6802
-2.28426 -8.52792
-2.43655 -8.37563
-2.58883 -8.22335
-2.58883 -8.22335
-2.74112 -8.07107
-2.8934 -7.91878
-2.8934 -7.7665
-3.04569 -7.61421
-3.19797 -7.46193
-3.19797 -7.46193
-3.35025 -7.30964
-3.50254 -7.15736
-3.50254 -7.00508
-3.65482 -6.85279
-3.65482 -6.70051
-3.80711 -6.54822
-3.80711 -6.54822
-3.95939 -6.39594
-4.11168 -6.24365
-4.11168 -6.09137
-4.26396 -5.93909
-4.26396 -5.7868
-4.41624 -5.63452
-4.41624 -5.48223
-4.56853 -5.32995
-4.56853 -5.17766
-4.72081 -5.02538
-4.72081 -4.8731
-4.72081 -4.72081
-4.8731 -4.56853
-4.8731 -4.41624
-5.02538 -4.26396
-5.02538 -4.11168
-5.02538 -3.95939
-5.17766 -3.80711
-5.17766 -3.65482
-5.32995 -3.50254
-5.32995 -3.35025
-5.32995 -3.19797
-5.32995 -3.04569
-5.48223 -2.8934
-5.48223 -2.74112
-5.48223 -2.58883
-5.63452 -2.43655
-5.63452 -2.28426
-5.63452 -2.13198
-5.63452 -1.9797
-5.63452 -1.82741
-5.7868 -1.67513
-5.7868 -1.52284
-5.7868 -1.37056
-5.7868 -1.06599
-5.7868 -0.913706
-5.7868 -0.761421
-5.7868 -0.609137
-5.7868 -0.456853
-5.7868 -0.304569
-5.7868 -0.152284
-5.7868 0
-5.7868 0.304569
-5.7868 0.456853
-5.7868 0.609137
-5.7868 0.761421
-5.7868 0.913706
-5.7868 1.06599
-5.7868 1.37056
-5.7868 1.52284
-5.7868 1.67513
-5.7868 1.82741
-5.63452 1.9797
-5.63452 2.13198
-5.63452 2.43655
-5.63452 2.58883
-5.63452 2.74112
-5.48223 2.8934
-5.48223 3.04569
-5.48223 3.19797
-5.32995 3.50254
-5.32995 3.65482
-5.32995 3.80711
-5.17766 3.95939
-5.17766 4.11168
-5.17766 4.41624
-5.02538 4.56853
-5.02538 4.72081
-4.8731 4.8731
-4.8731 5.02538
-4.72081 5.32995
-4.72081 5.48223
-4.56853 5.63452
-4.56853 5.7868
-4.41624 6.09137
-4.41624 6.24365
-4.26396 6.39594
-4.26396 6.54822
-4.11168 6.70051
-3.95939 7.00508
-3.80711 7.15736
-3.80711 7.30964
-3.65482 7.46193
-3.50254 7.61421
-3.35025 7.7665
-3.35025 7.91878
-3.19797 8.22335
-3.04569 8.37563
-2.8934 8.52792
-2.74112 8.6802
-2.58883 8.83249
-2.43655 8.98477
-2.28426 9.13706
-2.13198 9.13706
-1.9797 9.28934
-1.67513 9.44162
-1.52284 9.59391
-1.37056 9.74619
-1.21827 9.74619
-1.06599 9.89848
-0.761421 10.0508
-0.609137 10.0508
-0.456853 10.203
-0.152284 10.203
0 10.3553
0.152284 10.3553
0.456853 10.3553
0.609137 10.5076
0.913706 10.5076
1.06599 10.5076
1.21827 10.5076
1.52284 10.5076
1.67513 10.5076
1.9797 10.5076
2.13198 10.5076
2.43655 10.3553
2.58883 10.3553
2.74112 10.3553
3.04569 10.203
3.19797 10.203
3.50254 10.0508
3.65482 9.89848
3.80711 9.89848
4.11168 9.74619
4.26396 9.59391
4.41624 9.44162
4.56853 9.28934
4.72081 9.13706
4.8731 9.13706
5.17766 8.98477
5.32995 8.83249
5.48223 8.6802
5.63452 8.52792
5.7868 8.37563
5.93909 8.22335
6.09137 8.07107
6.24365 7.91878
6.24365 7.7665
6.39594 7.61421
6.54822 7.46193
6.70051 7.30964
6.85279 7.30964
7.00508 7.15736
7.15736 7.00508
7.15736 6.85279
7.30964 6.85279
7.46193 6.70051
7.61421 6.54822
7.7665 6.54822
7.91878 6.39594
8.07107 6.39594
8.07107 6.24365
8.22335 6.24365
8.37563 6.09137
8.52792 5.93909
8.6802 5.93909
8.83249 5.7868
8.83249 5.7868
8.98477 5.63452
9.13706 5.63452
9.28934 5.48223
9.44162 5.48223
9.59391 5.32995
9.74619 5.32995
9.74619 5.17766
9.89848 5.02538
10.0508 5.02538
10.203 4.8731
10.3553 4.8731
10.5076 4.72081
10.5076 4.56853
10.6599 4.56853
10.8122 4.41624
10.9645 4.26396
11.1168 4.11168
11.1168 4.11168
11.269 3.95939
11.4213 3.80711
11.4213 3.65482
11.5736 3.50254
11.7259 3.50254
11.8782 3.35025
11.8782 3.19797
12.0305 3.04569
12.0305 2.8934
12.1827 2.74112
12.335 2.58883
12.335 2.58883
12.4873 2.43655
12.4873 2.28426
12.6396 2.13198
12.6396 1.9797
12.7919 1.82741
12.7919 1.67513
12.9442 1.52284
12.9442 1.37056
13.0964 1.21827
13.0964 1.06599
13.2487 0.913706
13.2487 0.761421
13.2487 0.609137
13.401 0.456853
13.401 0.304569
13.5533 0
13.5533 -0.152284
13.5533 -0.304569
13.7056 -0.456853
13.7056 -0.609137
13.8579 -0.761421
13.8579 -0.913706
14.0102 -1.06599
14.0102 -1.21827
