13.8579 -1.37056
14.0102 -1.52284
14.1624 -1.67513
14.1624 -1.82741
14.1624 -2.13198
14.3147 -2.28426
14.3147 -2.43655
14.3147 -2.58883
14.3147 -2.74112
14.467 -3.04569
14.467 -3.19797
14.467 -3.35025
14.467 -3.50254
14.467 -3.80711
14.467 -3.95939
14.467 -4.11168
14.467 -4.26396
14.3147 -4.56853
14.3147 -4.72081
14.3147 -4.8731
14.3147 -5.02538
14.3147 -5.32995
14.1624 -5.48223
14.1624 -5.63452
14.1624 -5.7868
14.1624 -6.09137
14.0102 -6.24365
14.0102 -6.39594
14.0102 -6.70051
14.0102 -6.85279
13.8579 -7.00508
13.8579 -7.15736
13.8579 -7.46193
13.7056 -7.61421
13.7056 -7.7665
13.5533 -8.07107
13.5533 -8.22335
13.401 -8.37563
13.401 -8.6802
13.2487 -8.83249
13.2487 -8.98477
13.0964 -9.13706
12.9442 -9.28934
12.7919 -9.59391
12.7919 -9.74619
12.6396 -9.89848
12.4873 -10.0508
12.335 -10.203
12.1827 -10.3553
12.0305 -10.5076
11.8782 -10.6599
11.7259 -10.8122
11.5736 -10.8122
11.269 -10.9645
11.1168 -11.1168
10.9645 -11.1168
10.8122 -11.269
10.5076 -11.269
10.3553 -11.4213
10.203 -11.4213
9.89848 -11.5736
9.74619 -11.5736
9.59391 -11.5736
9.28934 -11.7259
9.13706 -11.7259
8.98477 -11.7259
8.6802 -11.7259
8.52792 -11.8782
8.37563 -11.8782
8.07107 -11.8782
7.91878 -11.8782
7.7665 -11.8782
7.46193 -11.8782
7.30964 -11.8782
7.15736 -12.0305
7.00508 -12.0305
6.70051 -12.0305
6.54822 -12.0305
6.39594 -12.0305
6.09137 -12.0305
5.93909 -12.0305
5.7868 -12.0305
5.63452 -12.0305
5.32995 -12.0305
5.17766 -12.0305
5.02538 -12.0305
4.8731 -12.0305
4.56853 -12.0305
4.41624 -12.0305
4.26396 -12.0305
4.11168 -11.8782
3.95939 -11.8782
3.65482 -11.8782
3.50254 -11.8782
3.35025 -11.8782
3.19797 -11.8782
3.04569 -11.7259
2.74112 -11.7259
2.58883 -11.7259
2.43655 -11.5736
2.28426 -11.5736
2.13198 -11.5736
1.9797 -11.4213
1.82741 -11.4213
1.67513 -11.269
1.37056 -11.269
1.21827 -11.1168
1.06599 -11.1168
0.913706 -10.9645
0.761421 -10.9645
0.609137 -10.8122
0.456853 -10.6599
0.304569 -10.6599
0.152284 -10.5076
0 -10.5076
-0.152284 -10.3553
-0.304569 -10.203
-0.304569 -10.203
-0.456853 -10.0508
-0.609137 -9.89848
-0.761421 -9.74619
-0.913706 -9.74619
-1.06599 -9.59391
-1.21827 -9.44162
-1.37056 -9.28934
-1.37056 -9.28934
-1.52284 -9.13706
-1.67513 -8.98477
-1.82741 -8.83249
-1.82741 -8.6802
-1.9797 -8.6802
-2.13198 -8.52792
-2.28426 -8.37563
-2.28426 -8.22335
-2.43655 -8.07107
-2.58883 -8.07107
-2.58883 -7.91878
-2.74112 -7.7665
-2.8934 -7.61421
-2.8934 -7.46193
-3.04569 -7.30964
-3.19797 -7.15736
-3.19797 -7.15736
-3.35025 -7.00508
-3.50254 -6.85279
-3.50254 -6.70051
-3.65482 -6.54822
-3.65482 -6.39594
-3.80711 -6.24365
-3.80711 -6.09137
-3.95939 -5.93909
-4.11168 -5.93909
-4.11168 -5.7868
-4.26396 -5.63452
-4.26396 -5.48223
-4.41624 -5.32995
-4.41624 -5.17766
-4.56853 -5.02538
-4.56853 -4.8731
-4.72081 -4.72081
-4.72081 -4.56853
-4.8731 -4.41624
-4.8731 -4.26396
-4.8731 -4.11168
-5.02538 -3.95939
-5.02538 -3.80711
-5.17766 -3.65482
-5.17766 -3.50254
-5.17766 -3.35025
-5.32995 -3.19797
-5.32995 -3.04569
-5.32995 -2.8934
-5.48223 -2.74112
-5.48223 -2.58883
-5.48223 -2.43655
-5.48223 -2.13198
-5.63452 -1.9797
-5.63452 -1.82741
-5.63452 -1.67513
-5.63452 -1.52284
-5.63452 -1.37056
-5.7868 -1.21827
-5.7868 -1.06599
-5.7868 -0.913706
-5.7868 -0.609137
-5.7868 -0.456853
-5.7868 -0.304569
-5.7868 -0.152284
-5.7868 0
-5.7868 0.152284
-5.7868 0.304569
-5.7868 0.609137
-5.7868 0.761421
-5.7868 0.913706
-5.7868 1.06599
-5.7868 1.21827
-5.7868 1.52284
-5.63452 1.67513
-5.63452 1.82741
-5.63452 1.9797
-5.63452 2.13198
-5.63452 2.28426
-5.48223 2.58883
-5.48223 2.74112
-5.48223 2.8934
-5.48223 3.04569
-5.32995 3.19797
-5.32995 3.50254
-5.32995 3.65482
-5.17766 3.80711
-5.17766 3.95939
-5.17766 4.11168
-5.02538 4.41624
-5.02538 4.56853
-4.8731 4.72081
-4.8731 4.8731
-4.72081 5.02538
-4.72081 5.32995
-4.72081 5.48223
-4.56853 5.63452
-4.41624 5.7868
-4.41624 5.93909
-4.26396 6.24365
-4.26396 6.39594
-4.11168 6.54822
-3.95939 6.70051
-3.95939 6.85279
-3.80711 7.15736
-3.65482 7.30964
-3.65482 7.46193
-3.50254 7.61421
-3.35025 7.7665
-3.19797 7.91878
-3.04569 8.07107
-2.8934 8.22335
-2.74112 8.52792
-2.58883 8.6802
-2.43655 8.83249
-2.28426 8.98477
-2.13198 8.98477
-1.9797 9.13706
-1.82741 9.28934
-1.67513 9.44162
-1.52284 9.59391
-1.37056 9.74619
-1.06599 9.74619
-0.913706 9.89848
-0.761421 10.0508
-0.456853 10.0508
-0.304569 10.203
-0.152284 10.203
0 10.3553
0.304569 10.3553
0.456853 10.3553
0.761421 10.3553
0.913706 10.5076
1.06599 10.5076
1.37056 10.5076
1.52284 10.5076
1.82741 10.5076
1.9797 10.5076
2.28426 10.3553
2.43655 10.3553
2.58883 10.3553
2.8934 10.203
3.04569 10.203
3.35025 10.0508
3.50254 10.0508
3.65482 9.89848
3.95939 9.89848
4.11168 9.74619
4.26396 9.59391
4.41624 9.44162
4.72081 9.28934
4.8731 9.13706
5.02538 8.98477
5.17766 8.98477
5.32995 8.83249
5.48223 8.6802
5.63452 8.52792
5.7868 8.37563
5.93909 8.22335
6.09137 8.07107
6.24365 7.91878
6.39594 7.7665
6.54822 7.61421
6.54822 7.46193
6.70051 7.30964
6.85279 7.15736
7.00508 7.15736
7.15736 7.00508
7.30964 6.85279
7.30964 6.85279
7.46193 6.70051
7.61421 6.54822
7.7665 6.54822
7.91878 6.39594
8.07107 6.24365
8.07107 6.24365
8.22335 6.09137
8.37563 6.09137
8.52792 5.93909
8.6802 5.93909
8.6802 5.7868
8.83249 5.7868
8.98477 5.63452
9.13706 5.63452
9.28934 5.48223
9.44162 5.48223
9.59391 5.32995
9.59391 5.32995
9.74619 5.17766
9.89848 5.02538
10.0508 5.02538
10.203 4.8731
10.203 4.8731
10.3553 4.72081
10.5076 4.56853
10.6599 4.56853
10.6599 4.41624
10.8122 4.26396
10.9645 4.26396
11.1168 4.11168
11.1168 3.95939
11.269 3.80711
11.4213 3.80711
11.4213 3.65482
11.5736 3.50254
11.7259 3.35025
11.7259 3.19797
11.8782 3.19797
11.8782 3.04569
12.0305 2.8934
12.1827 2.74112
12.1827 2.58883
12.335 2.43655
12.335 2.28426
12.4873 2.13198
12.4873 1.9797
12.6396 1.9797
12.6396 1.82741
12.7919 1.67513
12.7919 1.52284
12.9442 1.37056
12.9442 1.21827
13.0964 1.06599
13.0964 0.913706
13.0964 0.761421
13.2487 0.609137
13.2487 0.456853
13.401 0.304569
13.401 0.152284
13.401 0
13.5533 -0.152284
13.5533 -0.304569
13.7056 -0.456853
13.7056 -0.761421
13.8579 -0.913706
13.8579 -1.06599
13.8579 -1.21827
