14.1624 -1.52284
14.1624 -1.67513
14.3147 -1.82741
14.467 -1.9797
14.467 -2.13198
14.6193 -2.43655
14.6193 -2.58883
14.6193 -2.74112
14.6193 -2.8934
14.6193 -3.19797
14.6193 -3.35025
14.7716 -3.50254
14.6193 -3.65482
14.6193 -3.95939
14.6193 -4.11168
14.6193 -4.26396
14.6193 -4.41624
14.6193 -4.72081
14.6193 -4.8731
14.6193 -5.02538
14.467 -5.17766
14.467 -5.48223
14.467 -5.63452
14.467 -5.7868
14.3147 -5.93909
14.3147 -6.24365
14.3147 -6.39594
14.3147 -6.54822
14.1624 -6.85279
14.1624 -7.00508
14.1624 -7.30964
14.1624 -7.46193
14.0102 -7.61421
14.0102 -7.91878
14.0102 -8.07107
13.8579 -8.22335
13.8579 -8.52792
13.8579 -8.6802
13.7056 -8.98477
13.7056 -9.13706
13.5533 -9.28934
13.401 -9.59391
13.401 -9.74619
13.2487 -9.89848
13.0964 -10.0508
12.9442 -10.203
12.7919 -10.5076
12.6396 -10.6599
12.4873 -10.8122
12.335 -10.9645
12.1827 -11.1168
12.0305 -11.1168
11.8782 -11.269
11.7259 -11.4213
11.4213 -11.5736
11.269 -11.5736
11.1168 -11.7259
10.8122 -11.7259
10.6599 -11.8782
10.5076 -11.8782
10.203 -11.8782
10.0508 -12.0305
9.74619 -12.0305
9.59391 -12.0305
9.44162 -12.1827
9.13706 -12.1827
8.98477 -12.1827
8.6802 -12.1827
8.52792 -12.1827
8.37563 -12.1827
8.07107 -12.1827
7.91878 -12.1827
7.7665 -12.335
7.46193 -12.335
7.30964 -12.335
7.15736 -12.335
6.85279 -12.335
6.70051 -12.335
6.54822 -12.335
6.39594 -12.335
6.09137 -12.335
5.93909 -12.335
5.7868 -12.335
5.48223 -12.335
5.32995 -12.335
5.17766 -12.335
5.02538 -12.335
4.72081 -12.335
4.56853 -12.335
4.41624 -12.335
4.26396 -12.335
3.95939 -12.335
3.80711 -12.335
3.65482 -12.335
3.50254 -12.1827
3.19797 -12.1827
3.04569 -12.1827
2.8934 -12.0305
2.74112 -12.0305
2.58883 -12.0305
2.43655 -11.8782
2.13198 -11.8782
1.9797 -11.7259
1.82741 -11.7259
1.67513 -11.5736
1.52284 -11.5736
1.37056 -11.4213
1.21827 -11.4213
1.06599 -11.269
0.913706 -11.1168
0.761421 -11.1168
0.609137 -10.9645
0.456853 -10.8122
0.304569 -10.6599
0.152284 -10.6599
0 -10.5076
-0.152284 -10.3553
-0.304569 -10.203
-0.456853 -10.203
-0.456853 -10.0508
-0.609137 -9.89848
-0.761421 -9.74619
-0.913706 -9.74619
-1.06599 -9.59391
-1.21827 -9.44162
-1.21827 -9.28934
-1.37056 -9.13706
-1.52284 -9.13706
-1.67513 -8.98477
-1.67513 -8.83249
-1.82741 -8.6802
-1.9797 -8.52792
-1.9797 -8.37563
-2.13198 -8.37563
-2.28426 -8.22335
-2.43655 -8.07107
-2.43655 -7.91878
-2.58883 -7.7665
-2.74112 -7.61421
-2.74112 -7.61421
-2.8934 -7.46193
-2.8934 -7.30964
-3.04569 -7.15736
-3.19797 -7.00508
-3.19797 -6.85279
-3.35025 -6.70051
-3.50254 -6.70051
-3.50254 -6.54822
-3.65482 -6.39594
-3.65482 -6.24365
-3.80711 -6.09137
-3.80711 -5.93909
-3.95939 -5.7868
-4.11168 -5.63452
-4.11168 -5.48223
-4.26396 -5.48223
-4.26396 -5.32995
-4.41624 -5.17766
-4.41624 -5.02538
-4.56853 -4.8731
-4.56853 -4.72081
-4.72081 -4.56853
-4.72081 -4.41624
-4.8731 -4.26396
-4.8731 -4.11168
-4.8731 -3.95939
-5.02538 -3.80711
-5.02538 -3.65482
-5.17766 -3.50254
-5.17766 -3.35025
-5.17766 -3.19797
-5.17766 -3.04569
-5.32995 -2.8934
-5.32995 -2.58883
-5.32995 -2.43655
-5.32995 -2.28426
-5.48223 -2.13198
-5.48223 -1.9797
-5.48223 -1.82741
-5.48223 -1.67513
-5.48223 -1.52284
-5.48223 -1.37056
-5.63452 -1.21827
-5.63452 -0.913706
-5.63452 -0.761421
-5.63452 -0.609137
-5.63452 -0.456853
-5.63452 -0.304569
-5.63452 -0.152284
-5.63452 0
-5.63452 0.304569
-5.63452 0.456853
-5.63452 0.609137
-5.63452 0.761421
-5.63452 0.913706
-5.63452 1.06599
-5.48223 1.37056
-5.48223 1.52284
-5.48223 1.67513
-5.48223 1.82741
-5.48223 1.9797
-5.48223 2.28426
-5.48223 2.43655
-5.32995 2.58883
-5.32995 2.74112
-5.32995 2.8934
-5.32995 3.19797
-5.32995 3.35025
-5.17766 3.50254
-5.17766 3.65482
-5.17766 3.95939
-5.02538 4.11168
-5.02538 4.26396
-5.02538 4.41624
-4.8731 4.72081
-4.8731 4.8731
-4.8731 5.02538
-4.72081 5.32995
-4.72081 5.48223
-4.56853 5.63452
-4.56853 5.7868
-4.41624 6.09137
-4.41624 6.24365
-4.26396 6.39594
-4.26396 6.70051
-4.11168 6.85279
-3.95939 7.00508
-3.95939 7.15736
-3.80711 7.46193
-3.65482 7.61421
-3.50254 7.7665
-3.50254 7.91878
-3.35025 8.07107
-3.19797 8.22335
-3.04569 8.52792
-2.8934 8.6802
-2.74112 8.83249
-2.58883 8.98477
-2.43655 8.98477
-2.13198 9.13706
-1.9797 9.28934
-1.82741 9.44162
-1.67513 9.59391
-1.52284 9.59391
-1.21827 9.74619
-1.06599 9.89848
-0.913706 9.89848
-0.609137 10.0508
-0.456853 10.0508
-0.304569 10.0508
0 10.203
0.152284 10.203
0.456853 10.203
0.609137 10.203
0.913706 10.203
1.06599 10.203
1.21827 10.203
1.52284 10.203
1.67513 10.203
1.9797 10.203
2.13198 10.203
2.43655 10.0508
2.58883 10.0508
2.74112 10.0508
3.04569 9.89848
3.19797 9.89848
3.35025 9.74619
3.65482 9.74619
3.80711 9.59391
3.95939 9.44162
4.26396 9.44162
4.41624 9.28934
4.56853 9.13706
4.72081 8.98477
4.8731 8.98477
5.17766 8.83249
5.32995 8.6802
5.48223 8.52792
5.63452 8.37563
5.7868 8.22335
5.93909 8.22335
6.09137 8.07107
6.24365 7.91878
6.39594 7.7665
6.54822 7.61421
6.70051 7.61421
6.70051 7.46193
6.85279 7.30964
7.00508 7.15736
7.15736 7.15736
7.30964 7.00508
7.46193 6.85279
7.61421 6.85279
7.7665 6.70051
7.7665 6.70051
7.91878 6.54822
8.07107 6.39594
8.22335 6.39594
8.37563 6.24365
8.52792 6.24365
8.52792 6.09137
8.6802 6.09137
8.83249 5.93909
8.98477 5.7868
9.13706 5.7868
9.28934 5.63452
9.28934 5.63452
9.44162 5.48223
9.59391 5.48223
9.74619 5.32995
9.89848 5.17766
10.0508 5.17766
10.0508 5.02538
10.203 5.02538
10.3553 4.8731
10.5076 4.72081
10.5076 4.56853
10.6599 4.56853
10.8122 4.41624
10.8122 4.26396
10.9645 4.26396
11.1168 4.11168
11.1168 3.95939
11.269 3.80711
11.4213 3.65482
11.4213 3.65482
11.5736 3.50254
11.7259 3.35025
11.7259 3.19797
11.8782 3.04569
11.8782 2.8934
12.0305 2.8934
12.0305 2.74112
12.1827 2.58883
12.1827 2.43655
12.335 2.28426
12.335 2.13198
12.4873 1.9797
12.4873 1.82741
12.6396 1.67513
12.6396 1.52284
12.7919 1.52284
12.7919 1.37056
12.9442 1.21827
12.9442 1.06599
13.0964 0.913706
13.0964 0.761421
13.2487 0.609137
13.2487 0.456853
13.2487 0.304569
13.401 0.152284
13.401 0
13.5533 -0.152284
13.5533 -0.304569
13.7056 -0.456853
13.7056 -0.609137
13.8579 -0.761421
13.8579 -0.913706
14.0102 -1.21827
14.0102 -1.37056
