15.6853 -1.52284
15.6853 -1.67513
15.6853 -1.82741
15.533 -1.9797
15.533 -2.13198
15.533 -2.43655
15.533 -2.58883
15.533 -2.74112
15.533 -2.8934
15.533 -3.19797
15.533 -3.35025
15.533 -3.50254
15.533 -3.65482
15.533 -3.95939
15.533 -4.11168
15.533 -4.26396
15.533 -4.41624
15.533 -4.72081
15.3807 -4.8731
15.3807 -5.02538
15.3807 -5.17766
15.3807 -5.48223
15.3807 -5.63452
15.2284 -5.7868
15.2284 -6.09137
15.2284 -6.24365
15.0761 -6.39594
15.0761 -6.54822
14.9239 -6.85279
14.9239 -7.00508
14.7716 -7.15736
14.7716 -7.30964
14.6193 -7.46193
14.6193 -7.61421
14.467 -7.91878
14.3147 -8.07107
14.1624 -8.22335
14.1624 -8.37563
14.0102 -8.52792
13.8579 -8.6802
13.7056 -8.83249
13.5533 -8.98477
13.5533 -9.13706
13.401 -9.28934
13.2487 -9.44162
13.0964 -9.59391
12.9442 -9.74619
12.7919 -9.89848
12.6396 -9.89848
12.4873 -10.0508
12.335 -10.203
12.1827 -10.3553
12.0305 -10.5076
11.8782 -10.5076
11.7259 -10.6599
11.5736 -10.8122
11.269 -10.9645
11.1168 -10.9645
10.9645 -11.1168
10.8122 -11.1168
10.6599 -11.269
10.5076 -11.4213
10.3553 -11.4213
10.0508 -11.5736
9.89848 -11.5736
9.74619 -11.7259
9.59391 -11.7259
9.44162 -11.8782
9.13706 -11.8782
8.98477 -11.8782
8.83249 -12.0305
8.6802 -12.0305
8.37563 -12.0305
8.22335 -12.1827
8.07107 -12.1827
7.91878 -12.1827
7.61421 -12.335
7.46193 -12.335
7.30964 -12.335
7.15736 -12.335
6.85279 -12.335
6.70051 -12.335
6.54822 -12.335
6.39594 -12.335
6.09137 -12.335
5.93909 -12.335
5.7868 -12.335
5.48223 -12.335
5.32995 -12.335
5.17766 -12.335
5.02538 -12.335
4.72081 -12.335
4.56853 -12.1827
4.41624 -12.1827
4.26396 -12.1827
4.11168 -12.1827
3.80711 -12.0305
3.65482 -12.0305
3.50254 -11.8782
3.35025 -11.8782
3.19797 -11.7259
3.04569 -11.7259
2.8934 -11.5736
2.58883 -11.5736
2.43655 -11.4213
2.28426 -11.4213
2.13198 -11.269
1.9797 -11.1168
1.82741 -11.1168
1.67513 -10.9645
1.52284 -10.8122
1.37056 -10.6599
1.21827 -10.6599
1.21827 -10.5076
1.06599 -10.3553
0.913706 -10.203
0.761421 -10.203
0.609137 -10.0508
0.456853 -9.89848
0.304569 -9.74619
0.304569 -9.74619
0.152284 -9.59391
0 -9.44162
-0.152284 -9.28934
-0.152284 -9.13706
-0.304569 -8.98477
-0.456853 -8.98477
-0.609137 -8.83249
-0.609137 -8.6802
-0.761421 -8.52792
-0.913706 -8.37563
-0.913706 -8.37563
-1.06599 -8.22335
-1.21827 -8.07107
-1.21827 -7.91878
-1.37056 -7.7665
-1.52284 -7.7665
-1.52284 -7.61421
-1.67513 -7.46193
-1.82741 -7.30964
-1.82741 -7.15736
-1.9797 -7.15736
-2.13198 -7.00508
-2.13198 -6.85279
-2.28426 -6.70051
-2.28426 -6.54822
-2.43655 -6.54822
-2.58883 -6.39594
-2.58883 -6.24365
-2.74112 -6.09137
-2.74112 -5.93909
-2.8934 -5.7868
-3.04569 -5.63452
-3.04569 -5.63452
-3.19797 -5.48223
-3.19797 -5.32995
-3.35025 -5.17766
-3.50254 -5.02538
-3.50254 -4.8731
-3.65482 -4.72081
-3.65482 -4.56853
-3.80711 -4.41624
-3.80711 -4.26396
-3.80711 -4.11168
-3.95939 -3.95939
-3.95939 -3.80711
-4.11168 -3.65482
-4.11168 -3.50254
-4.11168 -3.35025
-4.26396 -3.19797
-4.26396 -3.04569
-4.26396 -2.8934
-4.26396 -2.74112
-4.26396 -2.58883
-4.26396 -2.43655
-4.41624 -2.28426
-4.41624 -2.13198
-4.41624 -1.9797
-4.41624 -1.82741
-4.41624 -1.67513
-4.41624 -1.52284
-4.41624 -1.37056
-4.41624 -1.06599
-4.41624 -0.913706
-4.41624 -0.761421
-4.41624 -0.609137
-4.41624 -0.456853
-4.41624 -0.304569
-4.41624 -0.152284
-4.41624 0
-4.41624 0.152284
-4.41624 0.304569
-4.41624 0.456853
-4.41624 0.761421
-4.41624 0.913706
-4.41624 1.06599
-4.41624 1.21827
-4.41624 1.37056
-4.41624 1.52284
-4.41624 1.82741
-4.41624 1.9797
-4.41624 2.13198
-4.41624 2.28426
-4.41624 2.58883
-4.41624 2.74112
-4.41624 2.8934
-4.41624 3.19797
-4.41624 3.35025
-4.41624 3.50254
-4.41624 3.80711
-4.41624 3.95939
-4.41624 4.11168
-4.41624 4.41624
-4.26396 4.56853
-4.26396 4.72081
-4.26396 5.02538
-4.26396 5.17766
-4.11168 5.48223
-4.11168 5.63452
-4.11168 5.7868
-3.95939 6.09137
-3.95939 6.24365
-3.80711 6.39594
-3.80711 6.70051
-3.65482 6.85279
-3.50254 7.00508
-3.50254 7.30964
-3.35025 7.46193
-3.19797 7.61421
-3.04569 7.7665
-2.8934 8.07107
-2.74112 8.22335
-2.74112 8.37563
-2.58883 8.52792
-2.28426 8.6802
-2.13198 8.83249
-1.9797 8.98477
-1.82741 8.98477
-1.67513 9.13706
-1.52284 9.28934
-1.21827 9.44162
-1.06599 9.44162
-0.913706 9.59391
-0.609137 9.59391
-0.456853 9.74619
-0.304569 9.74619
0 9.74619
0.152284 9.74619
0.456853 9.74619
0.609137 9.89848
0.913706 9.89848
1.06599 9.89848
1.37056 9.89848
1.52284 9.74619
1.82741 9.74619
1.9797 9.74619
2.13198 9.74619
2.43655 9.74619
2.58883 9.59391
2.8934 9.59391
3.04569 9.59391
3.19797 9.44162
3.50254 9.44162
3.65482 9.44162
3.80711 9.28934
4.11168 9.28934
4.26396 9.13706
4.41624 9.13706
4.56853 8.98477
4.8731 8.98477
5.02538 8.83249
5.17766 8.83249
5.32995 8.6802
5.48223 8.6802
5.63452 8.52792
5.7868 8.52792
6.09137 8.37563
6.24365 8.37563
6.39594 8.22335
6.54822 8.22335
6.70051 8.07107
6.85279 7.91878
7.00508 7.91878
7.15736 7.7665
7.30964 7.7665
7.46193 7.61421
7.61421 7.46193
7.7665 7.46193
7.7665 7.30964
7.91878 7.15736
8.07107 7.15736
8.22335 7.00508
8.37563 6.85279
8.52792 6.85279
8.6802 6.70051
8.6802 6.54822
8.83249 6.39594
8.98477 6.39594
9.13706 6.24365
9.13706 6.09137
9.28934 5.93909
9.44162 5.93909
9.59391 5.7868
9.59391 5.63452
9.74619 5.63452
9.89848 5.48223
9.89848 5.32995
10.0508 5.32995
10.203 5.17766
10.203 5.02538
10.3553 5.02538
10.5076 4.8731
10.6599 4.72081
10.6599 4.72081
10.8122 4.56853
10.9645 4.41624
11.1168 4.41624
11.1168 4.26396
11.269 4.26396
11.4213 4.11168
11.5736 3.95939
11.5736 3.95939
11.7259 3.80711
11.8782 3.65482
12.0305 3.65482
12.0305 3.50254
12.1827 3.35025
12.335 3.19797
12.335 3.19797
12.4873 3.04569
12.6396 2.8934
12.6396 2.74112
12.7919 2.58883
12.7919 2.58883
12.9442 2.43655
12.9442 2.28426
12.9442 2.13198
13.0964 1.9797
13.0964 1.82741
13.0964 1.67513
13.0964 1.52284
13.2487 1.37056
13.2487 1.21827
13.2487 1.06599
13.2487 0.913706
13.401 0.761421
13.401 0.609137
13.401 0.456853
13.5533 0.304569
13.5533 0.152284
13.7056 0
13.7056 -0.152284
13.8579 -0.152284
14.0102 -0.304569
14.1624 -0.456853
14.3147 -0.609137
14.467 -0.761421
14.7716 -0.913706
14.9239 -1.06599
15.2284 -1.21827
