15.6853 -1.37056
15.6853 -1.52284
15.6853 -1.67513
15.6853 -1.82741
15.6853 -1.9797
15.533 -2.28426
15.533 -2.43655
15.533 -2.58883
15.533 -2.74112
15.533 -2.8934
15.533 -3.19797
15.533 -3.35025
15.533 -3.50254
15.533 -3.65482
15.533 -3.95939
15.533 -4.11168
15.533 -4.26396
15.533 -4.41624
15.533 -4.72081
15.533 -4.8731
15.533 -5.02538
15.533 -5.17766
15.3807 -5.48223
15.3807 -5.63452
15.3807 -5.7868
15.3807 -6.09137
15.2284 -6.24365
15.2284 -6.39594
15.0761 -6.54822
15.0761 -6.70051
14.9239 -7.00508
14.9239 -7.15736
14.7716 -7.30964
14.7716 -7.46193
14.6193 -7.61421
14.467 -7.7665
14.3147 -7.91878
14.3147 -8.07107
14.1624 -8.22335
14.0102 -8.37563
13.8579 -8.52792
13.7056 -8.6802
13.7056 -8.83249
13.5533 -8.98477
13.401 -9.13706
13.2487 -9.28934
13.0964 -9.44162
12.9442 -9.59391
12.7919 -9.74619
12.6396 -9.89848
12.4873 -10.0508
12.335 -10.203
12.1827 -10.203
12.0305 -10.3553
11.8782 -10.5076
11.7259 -10.6599
11.5736 -10.8122
11.4213 -10.8122
11.269 -10.9645
11.1168 -11.1168
10.9645 -11.1168
10.8122 -11.269
10.5076 -11.4213
10.3553 -11.4213
10.203 -11.5736
10.0508 -11.7259
9.89848 -11.7259
9.74619 -11.8782
9.44162 -11.8782
9.28934 -12.0305
9.13706 -12.0305
8.98477 -12.1827
8.6802 -12.1827
8.52792 -12.1827
8.37563 -12.335
8.22335 -12.335
7.91878 -12.335
7.7665 -12.335
7.61421 -12.4873
7.30964 -12.4873
7.15736 -12.4873
7.00508 -12.4873
6.85279 -12.4873
6.54822 -12.4873
6.39594 -12.4873
6.24365 -12.4873
5.93909 -12.4873
5.7868 -12.4873
5.63452 -12.4873
5.32995 -12.4873
5.17766 -12.335
5.02538 -12.335
4.8731 -12.335
4.56853 -12.335
4.41624 -12.1827
4.26396 -12.1827
4.11168 -12.1827
3.95939 -12.0305
3.65482 -12.0305
3.50254 -11.8782
3.35025 -11.8782
3.19797 -11.7259
3.04569 -11.5736
2.8934 -11.5736
2.74112 -11.4213
2.58883 -11.4213
2.28426 -11.269
2.13198 -11.1168
1.9797 -11.1168
1.82741 -10.9645
1.67513 -10.8122
1.67513 -10.6599
1.52284 -10.6599
1.37056 -10.5076
1.21827 -10.3553
1.06599 -10.203
0.913706 -10.0508
0.761421 -10.0508
0.609137 -9.89848
0.456853 -9.74619
0.456853 -9.59391
0.304569 -9.59391
0.152284 -9.44162
0 -9.28934
-0.152284 -9.13706
-0.152284 -8.98477
-0.304569 -8.98477
-0.456853 -8.83249
-0.609137 -8.6802
-0.609137 -8.52792
-0.761421 -8.37563
-0.913706 -8.37563
-1.06599 -8.22335
-1.06599 -8.07107
-1.21827 -7.91878
-1.37056 -7.91878
-1.37056 -7.7665
-1.52284 -7.61421
-1.67513 -7.46193
-1.67513 -7.30964
-1.82741 -7.15736
-1.9797 -7.15736
-1.9797 -7.00508
-2.13198 -6.85279
-2.28426 -6.70051
-2.28426 -6.54822
-2.43655 -6.39594
-2.43655 -6.39594
-2.58883 -6.24365
-2.74112 -6.09137
-2.74112 -5.93909
-2.8934 -5.7868
-2.8934 -5.63452
-3.04569 -5.48223
-3.04569 -5.32995
-3.19797 -5.17766
-3.19797 -5.02538
-3.35025 -4.8731
-3.35025 -4.72081
-3.50254 -4.56853
-3.50254 -4.41624
-3.65482 -4.26396
-3.65482 -4.11168
-3.65482 -3.95939
-3.80711 -3.80711
-3.80711 -3.65482
-3.80711 -3.50254
-3.80711 -3.35025
-3.95939 -3.19797
-3.95939 -3.04569
-3.95939 -2.8934
-3.95939 -2.74112
-3.95939 -2.58883
-3.95939 -2.43655
-3.95939 -2.28426
-3.95939 -2.13198
-4.11168 -1.9797
-4.11168 -1.82741
-4.11168 -1.67513
-4.11168 -1.52284
-4.11168 -1.37056
-4.11168 -1.21827
-4.11168 -0.913706
-4.11168 -0.761421
-4.11168 -0.609137
-4.11168 -0.456853
-4.11168 -0.304569
-4.11168 -0.152284
-4.11168 0
-4.11168 0.152284
-4.11168 0.304569
-4.11168 0.456853
-4.11168 0.609137
-4.11168 0.913706
-4.11168 1.06599
-4.11168 1.21827
-4.11168 1.37056
-4.26396 1.52284
-4.26396 1.82741
-4.26396 1.9797
-4.26396 2.13198
-4.26396 2.28426
-4.26396 2.58883
-4.26396 2.74112
-4.26396 2.8934
-4.26396 3.19797
-4.41624 3.35025
-4.41624 3.50254
-4.41624 3.80711
-4.26396 3.95939
-4.26396 4.26396
-4.26396 4.41624
-4.26396 4.56853
-4.26396 4.8731
-4.26396 5.02538
-4.11168 5.32995
-4.11168 5.48223
-4.11168 5.63452
-3.95939 5.93909
-3.95939 6.09137
-3.80711 6.24365
-3.80711 6.54822
-3.65482 6.70051
-3.65482 6.85279
-3.50254 7.00508
-3.35025 7.30964
-3.19797 7.46193
-3.04569 7.61421
-3.04569 7.7665
-2.8934 7.91878
-2.74112 8.07107
-2.58883 8.22335
-2.43655 8.37563
-2.28426 8.52792
-1.9797 8.6802
-1.82741 8.83249
-1.67513 8.98477
-1.52284 8.98477
-1.37056 9.13706
-1.06599 9.28934
-0.913706 9.28934
-0.761421 9.44162
-0.456853 9.44162
-0.304569 9.44162
-0.152284 9.59391
0.152284 9.59391
0.304569 9.59391
0.609137 9.59391
0.761421 9.59391
1.06599 9.74619
1.21827 9.74619
1.37056 9.74619
1.67513 9.59391
1.82741 9.59391
2.13198 9.59391
2.28426 9.59391
2.43655 9.59391
2.74112 9.59391
2.8934 9.44162
3.04569 9.44162
3.35025 9.44162
3.50254 9.44162
3.65482 9.28934
3.95939 9.28934
4.11168 9.13706
4.26396 9.13706
4.41624 9.13706
4.72081 8.98477
4.8731 8.98477
5.02538 8.98477
5.17766 8.83249
5.32995 8.83249
5.63452 8.6802
5.7868 8.6802
5.93909 8.6802
6.09137 8.52792
6.24365 8.52792
6.39594 8.37563
6.54822 8.37563
6.70051 8.22335
6.85279 8.22335
7.00508 8.07107
7.15736 8.07107
7.30964 7.91878
7.46193 7.91878
7.61421 7.7665
7.7665 7.7665
7.91878 7.61421
8.07107 7.61421
8.22335 7.46193
8.37563 7.46193
8.52792 7.30964
8.6802 7.15736
8.83249 7.15736
8.98477 7.00508
8.98477 6.85279
9.13706 6.85279
9.28934 6.70051
9.44162 6.54822
9.59391 6.54822
9.59391 6.39594
9.74619 6.24365
9.89848 6.24365
10.0508 6.09137
10.0508 5.93909
10.203 5.7868
10.3553 5.7868
10.5076 5.63452
10.5076 5.48223
10.6599 5.48223
10.8122 5.32995
10.8122 5.17766
10.9645 5.02538
11.1168 5.02538
11.1168 4.8731
11.269 4.72081
11.4213 4.56853
11.4213 4.56853
11.5736 4.41624
11.7259 4.26396
11.7259 4.11168
11.8782 4.11168
11.8782 3.95939
12.0305 3.80711
12.1827 3.65482
12.1827 3.65482
12.335 3.50254
12.335 3.35025
12.4873 3.19797
12.6396 3.04569
12.6396 3.04569
12.7919 2.8934
12.7919 2.74112
12.9442 2.58883
12.9442 2.43655
13.0964 2.43655
13.2487 2.28426
13.2487 2.13198
13.401 1.9797
13.401 1.82741
13.5533 1.67513
13.5533 1.52284
13.7056 1.37056
13.7056 1.37056
13.8579 1.21827
14.0102 1.06599
14.0102 0.913706
14.1624 0.761421
14.1624 0.609137
14.3147 0.456853
14.467 0.304569
14.6193 0.152284
14.6193 0
14.7716 -0.152284
14.9239 -0.304569
15.0761 -0.456853
15.0761 -0.609137
15.2284 -0.761421
15.3807 -0.913706
15.533 -1.06599
