15.6853 -1.37056
15.6853 -1.52284
15.6853 -1.67513
15.6853 -1.9797
15.6853 -2.13198
15.533 -2.28426
15.533 -2.43655
15.533 -2.58883
15.533 -2.8934
15.533 -3.04569
15.533 -3.19797
15.533 -3.35025
15.6853 -3.50254
15.6853 -3.80711
15.533 -3.95939
15.533 -4.11168
15.533 -4.26396
15.533 -4.56853
15.533 -4.72081
15.533 -4.8731
15.533 -5.17766
15.533 -5.32995
15.533 -5.48223
15.3807 -5.63452
15.3807 -5.93909
15.3807 -6.09137
15.2284 -6.24365
15.2284 -6.39594
15.0761 -6.54822
15.0761 -6.85279
14.9239 -7.00508
14.9239 -7.15736
14.7716 -7.30964
14.6193 -7.46193
14.6193 -7.61421
14.467 -7.7665
14.3147 -7.91878
14.1624 -8.07107
14.1624 -8.22335
14.0102 -8.37563
13.8579 -8.52792
13.7056 -8.6802
13.5533 -8.83249
13.401 -8.98477
13.401 -9.13706
13.2487 -9.28934
13.0964 -9.44162
12.9442 -9.59391
12.7919 -9.74619
12.6396 -9.74619
12.4873 -9.89848
12.335 -10.0508
12.1827 -10.203
12.0305 -10.3553
11.8782 -10.5076
11.7259 -10.5076
11.5736 -10.6599
11.4213 -10.8122
11.269 -10.9645
11.1168 -11.1168
10.9645 -11.1168
10.8122 -11.269
10.6599 -11.4213
10.5076 -11.4213
10.203 -11.5736
10.0508 -11.7259
9.89848 -11.7259
9.74619 -11.8782
9.59391 -11.8782
9.44162 -12.0305
9.13706 -12.0305
8.98477 -12.1827
8.83249 -12.1827
8.6802 -12.335
8.37563 -12.335
8.22335 -12.335
8.07107 -12.335
7.91878 -12.4873
7.61421 -12.4873
7.46193 -12.4873
7.30964 -12.4873
7.00508 -12.4873
6.85279 -12.4873
6.70051 -12.4873
6.39594 -12.4873
6.24365 -12.4873
6.09137 -12.4873
5.93909 -12.4873
5.63452 -12.4873
5.48223 -12.4873
5.32995 -12.4873
5.02538 -12.335
4.8731 -12.335
4.72081 -12.335
4.56853 -12.1827
4.41624 -12.1827
4.11168 -12.1827
3.95939 -12.0305
3.80711 -12.0305
3.65482 -11.8782
3.50254 -11.8782
3.35025 -11.7259
3.04569 -11.7259
2.8934 -11.5736
2.74112 -11.4213
2.58883 -11.4213
2.43655 -11.269
2.28426 -11.1168
2.13198 -11.1168
1.9797 -10.9645
1.82741 -10.8122
1.67513 -10.8122
1.52284 -10.6599
1.37056 -10.5076
1.21827 -10.5076
1.06599 -10.3553
0.913706 -10.203
0.913706 -10.0508
0.761421 -10.0508
0.609137 -9.89848
0.456853 -9.74619
0.304569 -9.59391
0.152284 -9.44162
0.152284 -9.44162
0 -9.28934
-0.152284 -9.13706
-0.304569 -8.98477
-0.456853 -8.98477
-0.456853 -8.83249
-0.609137 -8.6802
-0.761421 -8.52792
-0.913706 -8.37563
-0.913706 -8.37563
-1.06599 -8.22335
-1.21827 -8.07107
-1.21827 -7.91878
-1.37056 -7.7665
-1.52284 -7.7665
-1.52284 -7.61421
-1.67513 -7.46193
-1.82741 -7.30964
-1.82741 -7.15736
-1.9797 -7.00508
-2.13198 -7.00508
-2.13198 -6.85279
-2.28426 -6.70051
-2.43655 -6.54822
-2.43655 -6.39594
-2.58883 -6.24365
-2.74112 -6.09137
-2.74112 -6.09137
-2.8934 -5.93909
-2.8934 -5.7868
-3.04569 -5.63452
-3.04569 -5.48223
-3.19797 -5.32995
-3.19797 -5.17766
-3.35025 -5.02538
-3.35025 -4.8731
-3.50254 -4.72081
-3.50254 -4.56853
-3.65482 -4.41624
-3.65482 -4.26396
-3.65482 -4.11168
-3.80711 -3.95939
-3.80711 -3.80711
-3.80711 -3.65482
-3.95939 -3.50254
-3.95939 -3.35025
-3.95939 -3.19797
-3.95939 -3.04569
-3.95939 -2.8934
-3.95939 -2.74112
-3.95939 -2.58883
-3.95939 -2.28426
-3.95939 -2.13198
-3.95939 -1.9797
-3.95939 -1.82741
-3.95939 -1.67513
-3.95939 -1.52284
-3.95939 -1.37056
-3.95939 -1.21827
-3.95939 -1.06599
-3.95939 -0.913706
-3.95939 -0.761421
-3.95939 -0.609137
-3.95939 -0.456853
-3.95939 -0.304569
-3.95939 0
-3.95939 0.152284
-3.95939 0.304569
-3.95939 0.456853
-4.11168 0.609137
-4.11168 0.761421
-4.11168 0.913706
-4.11168 1.21827
-4.11168 1.37056
-4.11168 1.52284
-4.26396 1.67513
-4.26396 1.9797
-4.26396 2.13198
-4.26396 2.28426
-4.26396 2.43655
-4.41624 2.74112
-4.41624 2.8934
-4.41624 3.19797
-4.41624 3.35025
-4.41624 3.50254
-4.41624 3.80711
-4.41624 3.95939
-4.41624 4.26396
-4.41624 4.41624
-4.41624 4.72081
-4.41624 4.8731
-4.26396 5.02538
-4.26396 5.32995
-4.26396 5.48223
-4.11168 5.7868
-4.11168 5.93909
-3.95939 6.09137
-3.95939 6.39594
-3.80711 6.54822
-3.65482 6.70051
-3.65482 6.85279
-3.50254 7.15736
-3.35025 7.30964
-3.19797 7.46193
-3.04569 7.61421
-2.8934 7.7665
-2.74112 7.91878
-2.58883 8.07107
-2.43655 8.22335
-2.28426 8.37563
-2.13198 8.52792
-1.9797 8.52792
-1.82741 8.6802
-1.52284 8.83249
-1.37056 8.98477
-1.21827 8.98477
-1.06599 9.13706
-0.761421 9.13706
-0.609137 9.28934
-0.456853 9.28934
-0.152284 9.44162
0 9.44162
0.304569 9.44162
0.456853 9.44162
0.609137 9.59391
0.913706 9.59391
1.06599 9.59391
1.37056 9.59391
1.52284 9.59391
1.67513 9.59391
1.9797 9.59391
2.13198 9.59391
2.43655 9.59391
2.58883 9.59391
2.74112 9.44162
3.04569 9.44162
3.19797 9.44162
3.35025 9.44162
3.65482 9.28934
3.80711 9.28934
3.95939 9.28934
4.11168 9.28934
4.41624 9.13706
4.56853 9.13706
4.72081 9.13706
4.8731 8.98477
5.17766 8.98477
5.32995 8.98477
5.48223 8.83249
5.63452 8.83249
5.7868 8.6802
5.93909 8.6802
6.09137 8.6802
6.39594 8.52792
6.54822 8.52792
6.70051 8.37563
6.85279 8.37563
7.00508 8.22335
7.15736 8.22335
7.30964 8.07107
7.46193 8.07107
7.61421 7.91878
7.7665 7.91878
7.91878 7.7665
8.07107 7.7665
8.22335 7.61421
8.37563 7.46193
8.52792 7.46193
8.6802 7.30964
8.83249 7.30964
8.98477 7.15736
8.98477 7.00508
9.13706 7.00508
9.28934 6.85279
9.44162 6.85279
9.59391 6.70051
9.74619 6.54822
9.89848 6.54822
9.89848 6.39594
10.0508 6.24365
10.203 6.09137
10.3553 6.09137
10.3553 5.93909
10.5076 5.7868
10.6599 5.7868
10.8122 5.63452
10.8122 5.48223
10.9645 5.32995
11.1168 5.17766
11.1168 5.17766
11.269 5.02538
11.269 4.8731
11.4213 4.72081
11.5736 4.56853
11.5736 4.56853
11.7259 4.41624
11.7259 4.26396
11.8782 4.11168
11.8782 3.95939
12.0305 3.80711
12.0305 3.80711
12.1827 3.65482
12.335 3.50254
12.335 3.35025
12.4873 3.19797
12.4873 3.19797
12.6396 3.04569
12.6396 2.8934
12.7919 2.74112
12.9442 2.74112
12.9442 2.58883
13.0964 2.43655
13.2487 2.28426
13.2487 2.13198
13.401 2.13198
13.5533 1.9797
13.7056 1.82741
13.8579 1.67513
13.8579 1.52284
14.0102 1.52284
14.1624 1.37056
14.3147 1.21827
14.467 1.06599
14.6193 0.913706
14.6193 0.761421
14.7716 0.609137
14.9239 0.456853
15.0761 0.304569
15.0761 0.152284
15.2284 0
15.3807 -0.152284
15.3807 -0.304569
15.533 -0.456853
15.6853 -0.609137
15.6853 -0.761421
15.6853 -1.06599
15.8376 -1.21827
