15.9898 -1.67513
15.9898 -1.82741
15.9898 -1.9797
15.8376 -2.13198
15.8376 -2.43655
15.8376 -2.58883
15.8376 -2.74112
15.8376 -2.8934
15.8376 -3.04569
15.8376 -3.19797
15.8376 -3.35025
15.8376 -3.65482
15.8376 -3.80711
15.8376 -3.95939
15.8376 -4.11168
15.8376 -4.41624
15.8376 -4.56853
15.8376 -4.72081
15.8376 -4.8731
15.8376 -5.17766
15.8376 -5.32995
15.8376 -5.48223
15.8376 -5.63452
15.8376 -5.93909
15.8376 -6.09137
15.6853 -6.24365
15.6853 -6.39594
15.6853 -6.70051
15.533 -6.85279
15.533 -7.00508
15.3807 -7.15736
15.3807 -7.30964
15.2284 -7.46193
15.0761 -7.7665
15.0761 -7.91878
14.9239 -8.07107
14.7716 -8.22335
14.6193 -8.37563
14.6193 -8.52792
14.467 -8.6802
14.3147 -8.83249
14.1624 -8.83249
14.0102 -8.98477
13.8579 -9.13706
13.7056 -9.28934
13.5533 -9.44162
13.5533 -9.59391
13.401 -9.74619
13.2487 -9.89848
13.0964 -10.0508
12.9442 -10.0508
12.7919 -10.203
12.6396 -10.3553
12.4873 -10.5076
12.335 -10.6599
12.1827 -10.8122
12.0305 -10.8122
11.8782 -10.9645
11.7259 -11.1168
11.5736 -11.269
11.4213 -11.4213
11.269 -11.4213
11.1168 -11.5736
10.9645 -11.7259
10.8122 -11.7259
10.6599 -11.8782
10.3553 -12.0305
10.203 -12.0305
10.0508 -12.1827
9.89848 -12.1827
9.74619 -12.335
9.44162 -12.335
9.28934 -12.335
9.13706 -12.4873
8.98477 -12.4873
8.6802 -12.4873
8.52792 -12.6396
8.37563 -12.6396
8.22335 -12.6396
7.91878 -12.6396
7.7665 -12.6396
7.61421 -12.6396
7.30964 -12.6396
7.15736 -12.6396
7.00508 -12.6396
6.85279 -12.6396
6.54822 -12.4873
6.39594 -12.4873
6.24365 -12.4873
6.09137 -12.4873
5.7868 -12.335
5.63452 -12.335
5.48223 -12.1827
5.32995 -12.1827
5.17766 -12.1827
4.8731 -12.0305
4.72081 -12.0305
4.56853 -11.8782
4.41624 -11.8782
4.26396 -11.7259
4.11168 -11.5736
3.95939 -11.5736
3.80711 -11.4213
3.65482 -11.4213
3.50254 -11.269
3.35025 -11.1168
3.19797 -11.1168
3.04569 -10.9645
2.8934 -10.8122
2.74112 -10.6599
2.58883 -10.6599
2.43655 -10.5076
2.28426 -10.3553
2.13198 -10.3553
1.9797 -10.203
1.9797 -10.0508
1.82741 -9.89848
1.67513 -9.89848
1.52284 -9.74619
1.37056 -9.59391
1.37056 -9.44162
1.21827 -9.44162
1.06599 -9.28934
0.913706 -9.13706
0.913706 -8.98477
0.761421 -8.98477
0.609137 -8.83249
0.609137 -8.6802
0.456853 -8.52792
0.304569 -8.52792
0.304569 -8.37563
0.152284 -8.22335
0 -8.07107
0 -7.91878
-0.152284 -7.91878
-0.304569 -7.7665
-0.304569 -7.61421
-0.456853 -7.46193
-0.609137 -7.46193
-0.609137 -7.30964
-0.761421 -7.15736
-0.761421 -7.00508
-0.913706 -7.00508
-1.06599 -6.85279
-1.06599 -6.70051
-1.21827 -6.54822
-1.21827 -6.39594
-1.37056 -6.39594
-1.37056 -6.24365
-1.52284 -6.09137
-1.52284 -5.93909
-1.67513 -5.7868
-1.67513 -5.63452
-1.82741 -5.63452
-1.82741 -5.48223
-1.9797 -5.32995
-1.9797 -5.17766
-2.13198 -5.02538
-2.13198 -4.8731
-2.28426 -4.72081
-2.28426 -4.56853
-2.43655 -4.56853
-2.43655 -4.41624
-2.58883 -4.26396
-2.58883 -4.11168
-2.74112 -3.95939
-2.74112 -3.80711
-2.8934 -3.65482
-2.8934 -3.50254
-3.04569 -3.35025
-3.19797 -3.19797
-3.19797 -3.04569
-3.35025 -2.8934
-3.35025 -2.74112
-3.50254 -2.58883
-3.50254 -2.43655
-3.65482 -2.28426
-3.65482 -2.13198
-3.80711 -1.9797
-3.80711 -1.82741
-3.80711 -1.67513
-3.95939 -1.52284
-3.95939 -1.37056
-4.11168 -1.21827
-4.11168 -0.913706
-4.11168 -0.761421
-4.26396 -0.609137
-4.26396 -0.456853
-4.26396 -0.304569
-4.41624 0
-4.41624 0.152284
-4.41624 0.304569
-4.41624 0.456853
-4.41624 0.761421
-4.56853 0.913706
-4.56853 1.06599
-4.56853 1.37056
-4.56853 1.52284
-4.56853 1.67513
-4.41624 1.82741
-4.41624 2.13198
-4.41624 2.28426
-4.41624 2.43655
-4.41624 2.74112
-4.26396 2.8934
-4.26396 3.04569
-4.26396 3.19797
-4.11168 3.50254
-4.11168 3.65482
-3.95939 3.80711
-3.95939 3.95939
-3.80711 4.11168
-3.80711 4.41624
-3.65482 4.56853
-3.65482 4.72081
-3.50254 4.8731
-3.35025 5.02538
-3.19797 5.17766
-3.19797 5.32995
-3.04569 5.48223
-2.8934 5.63452
-2.74112 5.7868
-2.58883 5.93909
-2.43655 6.09137
-2.28426 6.24365
-2.13198 6.39594
-1.9797 6.39594
-1.82741 6.54822
-1.67513 6.70051
-1.52284 6.85279
-1.37056 7.00508
-1.21827 7.00508
-1.06599 7.15736
-0.913706 7.30964
-0.761421 7.30964
-0.456853 7.46193
-0.304569 7.46193
-0.152284 7.61421
0 7.61421
0.152284 7.7665
0.304569 7.7665
0.609137 7.91878
0.761421 7.91878
0.913706 7.91878
1.06599 8.07107
1.21827 8.07107
1.52284 8.22335
1.67513 8.22335
1.82741 8.22335
1.9797 8.22335
2.13198 8.37563
2.43655 8.37563
2.58883 8.37563
2.74112 8.37563
2.8934 8.37563
3.19797 8.37563
3.35025 8.37563
3.50254 8.52792
3.65482 8.52792
3.80711 8.52792
4.11168 8.52792
4.26396 8.52792
4.41624 8.52792
4.56853 8.37563
4.72081 8.37563
5.02538 8.37563
5.17766 8.37563
5.32995 8.37563
5.48223 8.37563
5.63452 8.37563
5.7868 8.22335
5.93909 8.22335
6.24365 8.22335
6.39594 8.22335
6.54822 8.07107
6.70051 8.07107
6.85279 8.07107
7.00508 7.91878
7.15736 7.91878
7.30964 7.91878
7.46193 7.7665
7.61421 7.7665
7.7665 7.7665
7.91878 7.61421
8.07107 7.61421
8.22335 7.46193
8.37563 7.46193
8.52792 7.30964
8.6802 7.30964
8.83249 7.30964
8.98477 7.15736
9.13706 7.15736
9.28934 7.00508
9.44162 7.00508
9.59391 6.85279
9.74619 6.85279
9.89848 6.70051
10.0508 6.70051
10.203 6.54822
10.3553 6.54822
10.5076 6.39594
10.6599 6.39594
10.8122 6.24365
10.9645 6.09137
11.1168 6.09137
11.1168 5.93909
11.269 5.93909
11.4213 5.7868
11.5736 5.63452
11.7259 5.63452
11.8782 5.48223
11.8782 5.32995
12.0305 5.17766
12.1827 5.17766
12.335 5.02538
12.335 4.8731
12.4873 4.72081
12.6396 4.72081
12.7919 4.56853
12.7919 4.41624
12.9442 4.26396
13.0964 4.11168
13.0964 4.11168
13.2487 3.95939
13.401 3.80711
13.401 3.65482
13.5533 3.50254
13.5533 3.35025
13.7056 3.19797
13.7056 3.04569
13.8579 3.04569
14.0102 2.8934
14.0102 2.74112
14.1624 2.58883
14.1624 2.43655
14.3147 2.28426
14.3147 2.13198
14.467 1.9797
14.467 1.82741
14.6193 1.67513
14.6193 1.52284
14.7716 1.37056
14.7716 1.21827
14.9239 1.06599
14.9239 0.913706
15.0761 0.761421
15.0761 0.609137
15.2284 0.456853
15.2284 0.304569
15.2284 0.152284
15.3807 0
15.3807 -0.152284
15.533 -0.304569
15.533 -0.456853
15.6853 -0.609137
15.6853 -0.761421
15.8376 -0.913706
15.8376 -1.06599
15.9898 -1.37056
15.9898 -1.52284
