15.9898 -1.67513
15.9898 -1.82741
15.9898 -1.9797
15.8376 -2.13198
15.8376 -2.28426
15.8376 -2.43655
15.8376 -2.74112
15.8376 -2.8934
15.8376 -3.04569
15.8376 -3.19797
15.8376 -3.35025
15.9898 -3.65482
15.9898 -3.80711
15.9898 -3.95939
15.9898 -4.11168
15.9898 -4.41624
15.9898 -4.56853
16.1421 -4.72081
16.1421 -5.02538
16.1421 -5.17766
16.1421 -5.32995
16.1421 -5.63452
16.1421 -5.7868
16.1421 -5.93909
15.9898 -6.24365
15.9898 -6.39594
15.9898 -6.54822
15.8376 -6.70051
15.8376 -7.00508
15.6853 -7.15736
15.6853 -7.30964
15.533 -7.46193
15.3807 -7.61421
15.3807 -7.7665
15.2284 -7.91878
15.0761 -8.07107
14.9239 -8.22335
14.7716 -8.37563
14.7716 -8.52792
14.6193 -8.6802
14.467 -8.83249
14.3147 -8.98477
14.1624 -9.13706
14.0102 -9.28934
13.8579 -9.28934
13.7056 -9.44162
13.5533 -9.59391
13.401 -9.74619
13.2487 -9.89848
13.0964 -9.89848
12.9442 -10.0508
12.7919 -10.203
12.6396 -10.3553
12.4873 -10.5076
12.335 -10.5076
12.1827 -10.6599
12.0305 -10.8122
11.8782 -10.9645
11.7259 -10.9645
11.5736 -11.1168
11.4213 -11.269
11.269 -11.4213
11.1168 -11.4213
10.9645 -11.5736
10.8122 -11.7259
10.5076 -11.7259
10.3553 -11.8782
10.203 -11.8782
10.0508 -12.0305
9.89848 -12.0305
9.74619 -12.1827
9.44162 -12.1827
9.28934 -12.335
9.13706 -12.335
8.98477 -12.335
8.6802 -12.4873
8.52792 -12.4873
8.37563 -12.4873
8.22335 -12.4873
7.91878 -12.4873
7.7665 -12.4873
7.61421 -12.4873
7.30964 -12.4873
7.15736 -12.4873
7.00508 -12.4873
6.85279 -12.4873
6.54822 -12.4873
6.39594 -12.335
6.24365 -12.335
6.09137 -12.335
5.7868 -12.335
5.63452 -12.1827
5.48223 -12.1827
5.32995 -12.1827
5.17766 -12.0305
4.8731 -12.0305
4.72081 -11.8782
4.56853 -11.8782
4.41624 -11.7259
4.26396 -11.7259
4.11168 -11.5736
3.95939 -11.4213
3.80711 -11.4213
3.65482 -11.269
3.50254 -11.1168
3.35025 -11.1168
3.19797 -10.9645
3.04569 -10.8122
2.8934 -10.8122
2.74112 -10.6599
2.58883 -10.5076
2.43655 -10.5076
2.28426 -10.3553
2.13198 -10.203
2.13198 -10.0508
1.9797 -10.0508
1.82741 -9.89848
1.67513 -9.74619
1.52284 -9.59391
1.52284 -9.59391
1.37056 -9.44162
1.21827 -9.28934
1.06599 -9.28934
0.913706 -9.13706
0.913706 -8.98477
0.761421 -8.83249
0.609137 -8.83249
0.456853 -8.6802
0.456853 -8.52792
0.304569 -8.52792
0.152284 -8.37563
0.152284 -8.22335
0 -8.07107
-0.152284 -8.07107
-0.304569 -7.91878
-0.304569 -7.7665
-0.456853 -7.7665
-0.609137 -7.61421
-0.609137 -7.46193
-0.761421 -7.30964
-0.761421 -7.30964
-0.913706 -7.15736
-1.06599 -7.00508
-1.06599 -6.85279
-1.21827 -6.70051
-1.37056 -6.70051
-1.37056 -6.54822
-1.52284 -6.39594
-1.52284 -6.24365
-1.67513 -6.09137
-1.67513 -5.93909
-1.82741 -5.93909
-1.82741 -5.7868
-1.9797 -5.63452
-1.9797 -5.48223
-2.13198 -5.32995
-2.13198 -5.17766
-2.28426 -5.02538
-2.28426 -4.8731
-2.43655 -4.72081
-2.43655 -4.72081
-2.58883 -4.56853
-2.58883 -4.41624
-2.74112 -4.26396
-2.74112 -4.11168
-2.74112 -3.95939
-2.8934 -3.80711
-2.8934 -3.65482
-3.04569 -3.50254
-3.04569 -3.35025
-3.19797 -3.19797
-3.19797 -3.04569
-3.35025 -2.8934
-3.35025 -2.74112
-3.50254 -2.58883
-3.50254 -2.43655
-3.65482 -2.28426
-3.65482 -2.13198
-3.80711 -1.9797
-3.80711 -1.82741
-3.95939 -1.67513
-3.95939 -1.52284
-4.11168 -1.21827
-4.11168 -1.06599
-4.26396 -0.913706
-4.26396 -0.761421
-4.26396 -0.609137
-4.41624 -0.304569
-4.41624 -0.152284
-4.41624 0
-4.41624 0.152284
-4.56853 0.304569
-4.56853 0.609137
-4.56853 0.761421
-4.56853 0.913706
-4.56853 1.21827
-4.56853 1.37056
-4.56853 1.52284
-4.56853 1.67513
-4.56853 1.9797
-4.56853 2.13198
-4.56853 2.28426
-4.41624 2.58883
-4.41624 2.74112
-4.41624 2.8934
-4.26396 3.04569
-4.26396 3.35025
-4.26396 3.50254
-4.11168 3.65482
-4.11168 3.80711
-3.95939 4.11168
-3.95939 4.26396
-3.80711 4.41624
-3.65482 4.56853
-3.65482 4.72081
-3.50254 4.8731
-3.35025 5.02538
-3.35025 5.32995
-3.19797 5.48223
-3.04569 5.63452
-2.8934 5.7868
-2.74112 5.93909
-2.58883 6.09137
-2.58883 6.09137
-2.43655 6.24365
-2.28426 6.39594
-2.13198 6.54822
-1.9797 6.70051
-1.82741 6.85279
-1.67513 7.00508
-1.37056 7.00508
-1.21827 7.15736
-1.06599 7.30964
-0.913706 7.30964
-0.761421 7.46193
-0.609137 7.61421
-0.456853 7.61421
-0.304569 7.7665
0 7.7665
0.152284 7.91878
0.304569 7.91878
0.456853 8.07107
0.609137 8.07107
0.913706 8.22335
1.06599 8.22335
1.21827 8.22335
1.37056 8.37563
1.67513 8.37563
1.82741 8.37563
1.9797 8.37563
2.13198 8.52792
2.28426 8.52792
2.58883 8.52792
2.74112 8.52792
2.8934 8.52792
3.04569 8.52792
3.35025 8.52792
3.50254 8.52792
3.65482 8.52792
3.80711 8.52792
4.11168 8.52792
4.26396 8.52792
4.41624 8.52792
4.56853 8.52792
4.72081 8.52792
5.02538 8.52792
5.17766 8.52792
5.32995 8.52792
5.48223 8.37563
5.63452 8.37563
5.7868 8.37563
6.09137 8.37563
6.24365 8.22335
6.39594 8.22335
6.54822 8.22335
6.70051 8.22335
6.85279 8.07107
7.00508 8.07107
7.15736 8.07107
7.30964 7.91878
7.46193 7.91878
7.61421 7.7665
7.7665 7.7665
8.07107 7.7665
8.22335 7.61421
8.37563 7.61421
8.52792 7.46193
8.6802 7.46193
8.83249 7.30964
8.98477 7.30964
9.13706 7.30964
9.28934 7.15736
9.44162 7.15736
9.59391 7.00508
9.59391 7.00508
9.74619 6.85279
9.89848 6.85279
10.0508 6.70051
10.203 6.70051
10.3553 6.54822
10.5076 6.54822
10.6599 6.39594
10.8122 6.24365
10.9645 6.24365
11.1168 6.09137
11.269 6.09137
11.4213 5.93909
11.4213 5.7868
11.5736 5.7868
11.7259 5.63452
11.8782 5.48223
12.0305 5.48223
12.1827 5.32995
12.1827 5.17766
12.335 5.02538
12.4873 5.02538
12.6396 4.8731
12.6396 4.72081
12.7919 4.56853
12.9442 4.41624
12.9442 4.41624
13.0964 4.26396
13.2487 4.11168
13.2487 3.95939
13.401 3.80711
13.5533 3.65482
13.5533 3.50254
13.7056 3.50254
13.7056 3.35025
13.8579 3.19797
13.8579 3.04569
14.0102 2.8934
14.1624 2.74112
14.1624 2.58883
14.3147 2.43655
14.3147 2.28426
14.467 2.13198
14.467 1.9797
14.6193 1.82741
14.6193 1.82741
14.7716 1.67513
14.7716 1.52284
14.9239 1.37056
14.9239 1.21827
15.0761 1.06599
15.0761 0.913706
15.2284 0.761421
15.2284 0.609137
15.3807 0.456853
15.3807 0.152284
15.533 0
15.533 -0.152284
15.6853 -0.304569
15.6853 -0.456853
15.6853 -0.609137
15.8376 -0.761421
15.8376 -0.913706
15.8376 -1.06599
15.9898 -1.21827
15.9898 -1.52284
