16.1421 -1.67513
16.1421 -1.82741
15.9898 -1.9797
15.9898 -2.13198
15.9898 -2.28426
15.9898 -2.43655
15.9898 -2.74112
15.9898 -2.8934
15.9898 -3.04569
15.9898 -3.19797
15.9898 -3.35025
15.9898 -3.50254
15.9898 -3.80711
16.1421 -3.95939
16.1421 -4.11168
16.1421 -4.41624
16.1421 -4.56853
16.1421 -4.72081
16.2944 -5.02538
16.2944 -5.17766
16.2944 -5.32995
16.2944 -5.63452
16.2944 -5.7868
16.2944 -5.93909
16.2944 -6.24365
16.1421 -6.39594
16.1421 -6.54822
16.1421 -6.70051
15.9898 -7.00508
15.9898 -7.15736
15.8376 -7.30964
15.6853 -7.46193
15.6853 -7.61421
15.533 -7.7665
15.3807 -7.91878
15.2284 -8.07107
15.2284 -8.22335
15.0761 -8.37563
14.9239 -8.52792
14.7716 -8.6802
14.6193 -8.83249
14.467 -8.98477
14.3147 -9.13706
14.1624 -9.28934
14.0102 -9.44162
13.8579 -9.44162
13.7056 -9.59391
13.5533 -9.74619
13.401 -9.89848
13.2487 -9.89848
13.0964 -10.0508
12.9442 -10.203
12.7919 -10.3553
12.6396 -10.3553
12.4873 -10.5076
12.335 -10.6599
12.1827 -10.8122
12.0305 -10.8122
11.8782 -10.9645
11.7259 -11.1168
11.5736 -11.1168
11.269 -11.269
11.1168 -11.4213
10.9645 -11.4213
10.8122 -11.5736
10.6599 -11.5736
10.5076 -11.7259
10.3553 -11.7259
10.203 -11.8782
9.89848 -11.8782
9.74619 -12.0305
9.59391 -12.0305
9.44162 -12.1827
9.28934 -12.1827
8.98477 -12.1827
8.83249 -12.1827
8.6802 -12.335
8.52792 -12.335
8.22335 -12.335
8.07107 -12.335
7.91878 -12.335
7.7665 -12.335
7.46193 -12.335
7.30964 -12.335
7.15736 -12.335
7.00508 -12.335
6.70051 -12.335
6.54822 -12.335
6.39594 -12.335
6.24365 -12.335
5.93909 -12.1827
5.7868 -12.1827
5.63452 -12.1827
5.48223 -12.0305
5.32995 -12.0305
5.02538 -12.0305
4.8731 -11.8782
4.72081 -11.8782
4.56853 -11.7259
4.41624 -11.7259
4.26396 -11.5736
4.11168 -11.5736
3.95939 -11.4213
3.80711 -11.269
3.65482 -11.269
3.50254 -11.1168
3.35025 -10.9645
3.19797 -10.9645
3.04569 -10.8122
2.8934 -10.6599
2.74112 -10.5076
2.58883 -10.5076
2.43655 -10.3553
2.28426 -10.203
2.28426 -10.0508
2.13198 -10.0508
1.9797 -9.89848
1.82741 -9.74619
1.67513 -9.59391
1.67513 -9.59391
1.52284 -9.44162
1.37056 -9.28934
1.21827 -9.28934
1.06599 -9.13706
1.06599 -8.98477
0.913706 -8.83249
0.761421 -8.83249
0.609137 -8.6802
0.609137 -8.52792
0.456853 -8.52792
0.304569 -8.37563
0.152284 -8.22335
0.152284 -8.22335
0 -8.07107
-0.152284 -7.91878
-0.152284 -7.91878
-0.304569 -7.7665
-0.456853 -7.61421
-0.456853 -7.46193
-0.609137 -7.46193
-0.761421 -7.30964
-0.913706 -7.15736
-0.913706 -7.00508
-1.06599 -7.00508
-1.06599 -6.85279
-1.21827 -6.70051
-1.37056 -6.54822
-1.37056 -6.39594
-1.52284 -6.24365
-1.52284 -6.24365
-1.67513 -6.09137
-1.67513 -5.93909
-1.82741 -5.7868
-1.9797 -5.63452
-1.9797 -5.48223
-2.13198 -5.32995
-2.13198 -5.32995
-2.28426 -5.17766
-2.28426 -5.02538
-2.43655 -4.8731
-2.43655 -4.72081
-2.58883 -4.56853
-2.58883 -4.41624
-2.74112 -4.26396
-2.74112 -4.11168
-2.8934 -3.95939
-2.8934 -3.80711
-3.04569 -3.65482
-3.04569 -3.50254
-3.19797 -3.35025
-3.19797 -3.19797
-3.35025 -3.04569
-3.35025 -2.8934
-3.50254 -2.74112
-3.50254 -2.58883
-3.65482 -2.43655
-3.65482 -2.28426
-3.80711 -2.13198
-3.80711 -1.9797
-3.95939 -1.82741
-3.95939 -1.67513
-3.95939 -1.52284
-4.11168 -1.21827
-4.11168 -1.06599
-4.26396 -0.913706
-4.26396 -0.761421
-4.26396 -0.609137
-4.41624 -0.304569
-4.41624 -0.152284
-4.41624 0
-4.41624 0.152284
-4.56853 0.456853
-4.56853 0.609137
-4.56853 0.761421
-4.56853 1.06599
-4.56853 1.21827
-4.56853 1.37056
-4.56853 1.67513
-4.56853 1.82741
-4.56853 1.9797
-4.56853 2.13198
-4.56853 2.43655
-4.41624 2.58883
-4.41624 2.74112
-4.41624 3.04569
-4.41624 3.19797
-4.26396 3.35025
-4.26396 3.65482
-4.11168 3.80711
-4.11168 3.95939
-3.95939 4.11168
-3.95939 4.41624
-3.80711 4.56853
-3.80711 4.72081
-3.65482 4.8731
-3.50254 5.02538
-3.50254 5.17766
-3.35025 5.32995
-3.19797 5.48223
-3.04569 5.7868
-2.8934 5.93909
-2.74112 6.09137
-2.58883 6.09137
-2.43655 6.24365
-2.28426 6.39594
-2.13198 6.54822
-1.9797 6.70051
-1.82741 6.85279
-1.67513 7.00508
-1.52284 7.00508
-1.37056 7.15736
-1.21827 7.30964
-1.06599 7.30964
-0.913706 7.46193
-0.609137 7.61421
-0.456853 7.61421
-0.304569 7.7665
-0.152284 7.7665
0 7.91878
0.304569 7.91878
0.456853 8.07107
0.609137 8.07107
0.761421 8.22335
1.06599 8.22335
1.21827 8.22335
1.37056 8.37563
1.52284 8.37563
1.67513 8.37563
1.9797 8.37563
2.13198 8.52792
2.28426 8.52792
2.43655 8.52792
2.74112 8.52792
2.8934 8.52792
3.04569 8.52792
3.19797 8.52792
3.50254 8.52792
3.65482 8.52792
3.80711 8.52792
3.95939 8.52792
4.26396 8.52792
4.41624 8.52792
4.56853 8.52792
4.72081 8.52792
4.8731 8.52792
5.17766 8.52792
5.32995 8.52792
5.48223 8.52792
5.63452 8.37563
5.7868 8.37563
5.93909 8.37563
6.24365 8.37563
6.39594 8.22335
6.54822 8.22335
6.70051 8.22335
6.85279 8.22335
7.00508 8.07107
7.15736 8.07107
7.30964 8.07107
7.46193 7.91878
7.61421 7.91878
7.91878 7.91878
8.07107 7.7665
8.22335 7.7665
8.37563 7.61421
8.52792 7.61421
8.6802 7.61421
8.83249 7.46193
8.98477 7.46193
9.13706 7.30964
9.28934 7.30964
9.44162 7.15736
9.59391 7.15736
9.74619 7.00508
9.74619 7.00508
9.89848 6.85279
10.0508 6.85279
10.203 6.70051
10.3553 6.54822
10.5076 6.54822
10.6599 6.39594
10.8122 6.39594
10.9645 6.24365
11.1168 6.09137
11.1168 6.09137
11.269 5.93909
11.4213 5.7868
11.5736 5.7868
11.7259 5.63452
11.8782 5.48223
11.8782 5.48223
12.0305 5.32995
12.1827 5.17766
12.335 5.17766
12.335 5.02538
12.4873 4.8731
12.6396 4.72081
12.7919 4.72081
12.7919 4.56853
12.9442 4.41624
13.0964 4.26396
13.0964 4.11168
13.2487 4.11168
13.401 3.95939
13.401 3.80711
13.5533 3.65482
13.7056 3.50254
13.7056 3.35025
13.8579 3.35025
14.0102 3.19797
14.0102 3.04569
14.1624 2.8934
14.3147 2.74112
14.3147 2.58883
14.467 2.43655
14.467 2.28426
14.6193 2.28426
14.7716 2.13198
14.7716 1.9797
14.9239 1.82741
15.0761 1.67513
15.0761 1.52284
15.2284 1.37056
15.2284 1.21827
15.3807 1.06599
15.3807 0.913706
15.533 0.761421
15.533 0.609137
15.6853 0.456853
15.6853 0.304569
15.8376 0.152284
15.8376 0
15.8376 -0.304569
15.9898 -0.456853
15.9898 -0.609137
15.9898 -0.761421
15.9898 -0.913706
15.9898 -1.06599
16.1421 -1.21827
16.1421 -1.52284
