15.9898 -1.37056
15.9898 -1.52284
15.9898 -1.67513
15.8376 -1.82741
15.8376 -1.9797
15.8376 -2.28426
15.8376 -2.43655
15.8376 -2.58883
15.8376 -2.74112
15.9898 -2.8934
15.9898 -3.19797
15.9898 -3.35025
15.9898 -3.50254
15.9898 -3.65482
15.9898 -3.95939
16.1421 -4.11168
16.1421 -4.26396
16.1421 -4.41624
16.1421 -4.72081
16.1421 -4.8731
16.1421 -5.17766
16.1421 -5.32995
16.1421 -5.48223
16.1421 -5.7868
16.1421 -5.93909
15.9898 -6.09137
15.9898 -6.24365
15.9898 -6.54822
15.8376 -6.70051
15.8376 -6.85279
15.6853 -7.00508
15.6853 -7.15736
15.533 -7.46193
15.3807 -7.61421
15.2284 -7.7665
15.2284 -7.91878
15.0761 -8.07107
14.9239 -8.22335
14.7716 -8.37563
14.6193 -8.52792
14.467 -8.6802
14.3147 -8.83249
14.1624 -8.83249
14.0102 -8.98477
13.8579 -9.13706
13.7056 -9.28934
13.5533 -9.44162
13.401 -9.59391
13.2487 -9.59391
13.0964 -9.74619
12.9442 -9.89848
12.7919 -10.0508
12.6396 -10.0508
12.4873 -10.203
12.335 -10.3553
12.1827 -10.3553
12.0305 -10.5076
11.8782 -10.6599
11.7259 -10.6599
11.5736 -10.8122
11.4213 -10.9645
11.269 -10.9645
10.9645 -11.1168
10.8122 -11.1168
10.6599 -11.269
10.5076 -11.4213
10.3553 -11.4213
10.203 -11.4213
9.89848 -11.5736
9.74619 -11.5736
9.59391 -11.7259
9.44162 -11.7259
9.28934 -11.7259
8.98477 -11.8782
8.83249 -11.8782
8.6802 -11.8782
8.52792 -12.0305
8.22335 -12.0305
8.07107 -12.0305
7.91878 -12.0305
7.7665 -12.0305
7.46193 -12.0305
7.30964 -12.0305
7.15736 -12.0305
7.00508 -12.0305
6.70051 -12.0305
6.54822 -12.0305
6.39594 -12.0305
6.24365 -12.0305
6.09137 -11.8782
5.7868 -11.8782
5.63452 -11.8782
5.48223 -11.7259
5.32995 -11.7259
5.17766 -11.7259
4.8731 -11.5736
4.72081 -11.5736
4.56853 -11.4213
4.41624 -11.4213
4.26396 -11.269
4.11168 -11.269
3.95939 -11.1168
3.80711 -11.1168
3.65482 -10.9645
3.50254 -10.8122
3.35025 -10.8122
3.19797 -10.6599
3.04569 -10.5076
2.8934 -10.3553
2.74112 -10.3553
2.58883 -10.203
2.43655 -10.0508
2.28426 -10.0508
2.28426 -9.89848
2.13198 -9.74619
1.9797 -9.59391
1.82741 -9.59391
1.67513 -9.44162
1.52284 -9.28934
1.52284 -9.28934
1.37056 -9.13706
1.21827 -8.98477
1.06599 -8.98477
0.913706 -8.83249
0.913706 -8.6802
0.761421 -8.6802
0.609137 -8.52792
0.456853 -8.52792
0.304569 -8.37563
0.304569 -8.22335
0.152284 -8.22335
0 -8.07107
-0.152284 -7.91878
-0.304569 -7.91878
-0.304569 -7.7665
-0.456853 -7.61421
-0.609137 -7.61421
-0.761421 -7.46193
-0.761421 -7.30964
-0.913706 -7.30964
-1.06599 -7.15736
-1.21827 -7.00508
-1.21827 -6.85279
-1.37056 -6.70051
-1.52284 -6.70051
-1.52284 -6.54822
-1.67513 -6.39594
-1.67513 -6.24365
-1.82741 -6.09137
-1.82741 -5.93909
-1.9797 -5.7868
-1.9797 -5.7868
-2.13198 -5.63452
-2.13198 -5.48223
-2.28426 -5.32995
-2.28426 -5.17766
-2.43655 -5.02538
-2.43655 -4.8731
-2.58883 -4.72081
-2.58883 -4.56853
-2.58883 -4.41624
-2.74112 -4.26396
-2.74112 -4.11168
-2.8934 -3.95939
-2.8934 -3.80711
-2.8934 -3.65482
-3.04569 -3.50254
-3.04569 -3.35025
-3.19797 -3.19797
-3.19797 -3.04569
-3.35025 -2.8934
-3.35025 -2.74112
-3.50254 -2.58883
-3.50254 -2.43655
-3.65482 -2.28426
-3.65482 -2.13198
-3.80711 -1.9797
-3.80711 -1.82741
-3.95939 -1.67513
-3.95939 -1.52284
-3.95939 -1.37056
-4.11168 -1.21827
-4.11168 -1.06599
-4.26396 -0.761421
-4.26396 -0.609137
-4.41624 -0.456853
-4.41624 -0.304569
-4.41624 -0.152284
-4.41624 0.152284
-4.56853 0.304569
-4.56853 0.456853
-4.56853 0.609137
-4.56853 0.913706
-4.56853 1.06599
-4.72081 1.21827
-4.72081 1.52284
-4.72081 1.67513
-4.72081 1.82741
-4.72081 2.13198
-4.56853 2.28426
-4.56853 2.43655
-4.56853 2.58883
-4.56853 2.8934
-4.56853 3.04569
-4.41624 3.19797
-4.41624 3.50254
-4.41624 3.65482
-4.26396 3.80711
-4.26396 3.95939
-4.11168 4.26396
-4.11168 4.41624
-3.95939 4.56853
-3.95939 4.72081
-3.80711 4.8731
-3.65482 5.02538
-3.65482 5.17766
-3.50254 5.48223
-3.35025 5.63452
-3.19797 5.7868
-3.04569 5.93909
-2.8934 6.09137
-2.8934 6.24365
-2.74112 6.39594
-2.58883 6.39594
-2.43655 6.54822
-2.28426 6.70051
-2.13198 6.85279
-1.9797 7.00508
-1.82741 7.15736
-1.67513 7.15736
-1.37056 7.30964
-1.21827 7.46193
-1.06599 7.46193
-0.913706 7.61421
-0.761421 7.7665
-0.609137 7.7665
-0.456853 7.91878
-0.152284 7.91878
0 8.07107
0.152284 8.07107
0.304569 8.22335
0.456853 8.22335
0.761421 8.22335
0.913706 8.37563
1.06599 8.37563
1.21827 8.37563
1.52284 8.52792
1.67513 8.52792
1.82741 8.52792
1.9797 8.52792
2.28426 8.6802
2.43655 8.6802
2.58883 8.6802
2.74112 8.6802
2.8934 8.6802
3.19797 8.6802
3.35025 8.6802
3.50254 8.6802
3.65482 8.6802
3.80711 8.6802
4.11168 8.6802
4.26396 8.6802
4.41624 8.6802
4.56853 8.6802
4.72081 8.6802
5.02538 8.6802
5.17766 8.6802
5.32995 8.52792
5.48223 8.52792
5.63452 8.52792
5.7868 8.52792
5.93909 8.52792
6.24365 8.37563
6.39594 8.37563
6.54822 8.37563
6.70051 8.37563
6.85279 8.22335
7.00508 8.22335
7.15736 8.22335
7.30964 8.07107
7.46193 8.07107
7.61421 8.07107
7.7665 7.91878
7.91878 7.91878
8.07107 7.7665
8.22335 7.7665
8.37563 7.7665
8.52792 7.61421
8.6802 7.61421
8.83249 7.46193
8.98477 7.46193
9.13706 7.30964
9.28934 7.30964
9.44162 7.15736
9.59391 7.15736
9.74619 7.00508
9.89848 7.00508
10.0508 6.85279
10.203 6.85279
10.3553 6.70051
10.5076 6.70051
10.6599 6.54822
10.6599 6.54822
10.8122 6.39594
10.9645 6.24365
11.1168 6.24365
11.269 6.09137
11.4213 6.09137
11.5736 5.93909
11.5736 5.7868
11.7259 5.7868
11.8782 5.63452
12.0305 5.48223
12.1827 5.32995
12.1827 5.32995
12.335 5.17766
12.4873 5.02538
12.6396 5.02538
12.6396 4.8731
12.7919 4.72081
12.9442 4.56853
13.0964 4.41624
13.0964 4.41624
13.2487 4.26396
13.401 4.11168
13.401 3.95939
13.5533 3.80711
13.7056 3.80711
13.7056 3.65482
13.8579 3.50254
14.0102 3.35025
14.0102 3.19797
14.1624 3.04569
14.3147 2.8934
14.3147 2.8934
14.467 2.74112
14.6193 2.58883
14.6193 2.43655
14.7716 2.28426
14.9239 2.13198
14.9239 1.9797
15.0761 1.82741
15.0761 1.67513
15.2284 1.52284
15.3807 1.37056
15.3807 1.21827
15.533 1.06599
15.533 0.913706
15.6853 0.761421
15.6853 0.609137
15.6853 0.456853
15.8376 0.304569
15.8376 0
15.8376 -0.152284
15.9898 -0.304569
15.9898 -0.456853
15.9898 -0.609137
15.9898 -0.761421
15.9898 -1.06599
15.9898 -1.21827
