15.9898 -1.06599
15.8376 -1.21827
15.8376 -1.37056
15.8376 -1.52284
15.8376 -1.67513
15.8376 -1.9797
15.8376 -2.13198
15.8376 -2.28426
15.8376 -2.43655
15.8376 -2.58883
15.8376 -2.8934
15.8376 -3.04569
15.8376 -3.19797
15.8376 -3.35025
15.8376 -3.65482
15.8376 -3.80711
15.9898 -3.95939
15.9898 -4.11168
15.9898 -4.41624
15.9898 -4.56853
15.9898 -4.72081
15.9898 -5.02538
15.9898 -5.17766
15.8376 -5.32995
15.8376 -5.63452
15.8376 -5.7868
15.8376 -5.93909
15.8376 -6.24365
15.6853 -6.39594
15.6853 -6.54822
15.533 -6.85279
15.533 -7.00508
15.533 -7.15736
15.3807 -7.30964
15.2284 -7.61421
15.2284 -7.7665
15.0761 -7.91878
15.0761 -8.07107
14.9239 -8.22335
14.7716 -8.37563
14.6193 -8.6802
14.467 -8.83249
14.467 -8.98477
14.3147 -9.13706
14.1624 -9.28934
14.0102 -9.44162
13.8579 -9.59391
13.7056 -9.74619
13.5533 -9.74619
13.401 -9.89848
13.2487 -10.0508
13.0964 -10.203
12.7919 -10.3553
12.6396 -10.3553
12.4873 -10.5076
12.335 -10.6599
12.1827 -10.6599
12.0305 -10.8122
11.7259 -10.9645
11.5736 -10.9645
11.4213 -11.1168
11.269 -11.1168
10.9645 -11.269
10.8122 -11.269
10.6599 -11.269
10.5076 -11.4213
10.203 -11.4213
10.0508 -11.4213
9.89848 -11.5736
9.59391 -11.5736
9.44162 -11.5736
9.28934 -11.7259
9.13706 -11.7259
8.83249 -11.7259
8.6802 -11.7259
8.52792 -11.7259
8.37563 -11.8782
8.07107 -11.8782
7.91878 -11.8782
7.7665 -11.8782
7.46193 -11.8782
7.30964 -11.8782
7.15736 -11.8782
7.00508 -11.8782
6.70051 -11.8782
6.54822 -11.8782
6.39594 -11.8782
6.24365 -11.8782
5.93909 -11.8782
5.7868 -11.8782
5.63452 -11.7259
5.48223 -11.7259
5.17766 -11.7259
5.02538 -11.5736
4.8731 -11.5736
4.72081 -11.5736
4.56853 -11.4213
4.41624 -11.4213
4.11168 -11.269
3.95939 -11.269
3.80711 -11.1168
3.65482 -10.9645
3.50254 -10.9645
3.35025 -10.8122
3.19797 -10.6599
3.04569 -10.6599
2.8934 -10.5076
2.74112 -10.3553
2.58883 -10.203
2.43655 -10.203
2.28426 -10.0508
2.13198 -9.89848
2.13198 -9.74619
1.9797 -9.74619
1.82741 -9.59391
1.67513 -9.44162
1.52284 -9.28934
1.37056 -9.28934
1.37056 -9.13706
1.21827 -8.98477
1.06599 -8.98477
0.913706 -8.83249
0.761421 -8.6802
0.609137 -8.6802
0.456853 -8.52792
0.456853 -8.52792
0.304569 -8.37563
0.152284 -8.22335
0 -8.22335
-0.152284 -8.07107
-0.304569 -8.07107
-0.456853 -7.91878
-0.456853 -7.91878
-0.609137 -7.7665
-0.761421 -7.61421
-0.913706 -7.61421
-1.06599 -7.46193
-1.21827 -7.30964
-1.37056 -7.30964
-1.52284 -7.15736
-1.52284 -7.00508
-1.67513 -7.00508
-1.82741 -6.85279
-1.9797 -6.70051
-2.13198 -6.54822
-2.28426 -6.54822
-2.28426 -6.39594
-2.43655 -6.24365
-2.58883 -6.09137
-2.58883 -5.93909
-2.74112 -5.7868
-2.8934 -5.63452
-2.8934 -5.63452
-3.04569 -5.48223
-3.19797 -5.32995
-3.19797 -5.17766
-3.35025 -5.02538
-3.35025 -4.8731
-3.50254 -4.72081
-3.50254 -4.56853
-3.65482 -4.41624
-3.65482 -4.26396
-3.80711 -4.11168
-3.80711 -3.95939
-3.95939 -3.80711
-3.95939 -3.65482
-3.95939 -3.35025
-4.11168 -3.19797
-4.11168 -3.04569
-4.26396 -2.8934
-4.26396 -2.74112
-4.26396 -2.58883
-4.41624 -2.43655
-4.41624 -2.28426
-4.41624 -2.13198
-4.56853 -1.9797
-4.56853 -1.67513
-4.56853 -1.52284
-4.72081 -1.37056
-4.72081 -1.21827
-4.72081 -1.06599
-4.72081 -0.761421
-4.8731 -0.609137
-4.8731 -0.456853
-4.8731 -0.304569
-4.8731 -0.152284
-5.02538 0.152284
-5.02538 0.304569
-5.02538 0.456853
-5.02538 0.609137
-5.02538 0.913706
-5.02538 1.06599
-5.02538 1.21827
-5.02538 1.52284
-5.02538 1.67513
-5.02538 1.82741
-5.02538 1.9797
-5.02538 2.28426
-5.02538 2.43655
-5.02538 2.58883
-5.02538 2.8934
-5.02538 3.04569
-5.02538 3.19797
-4.8731 3.50254
-4.8731 3.65482
-4.8731 3.80711
-4.8731 4.11168
-4.72081 4.26396
-4.72081 4.41624
-4.56853 4.72081
-4.56853 4.8731
-4.41624 5.02538
-4.41624 5.17766
-4.26396 5.48223
-4.26396 5.63452
-4.11168 5.7868
-3.95939 5.93909
-3.80711 6.09137
-3.80711 6.24365
-3.65482 6.39594
-3.50254 6.54822
-3.35025 6.70051
-3.19797 6.85279
-3.04569 7.00508
-2.8934 7.15736
-2.74112 7.30964
-2.58883 7.46193
-2.43655 7.61421
-2.28426 7.7665
-2.13198 7.7665
-1.9797 7.91878
-1.67513 8.07107
-1.52284 8.22335
-1.37056 8.22335
-1.21827 8.37563
-1.06599 8.37563
-0.761421 8.52792
-0.609137 8.52792
-0.456853 8.6802
-0.304569 8.6802
0 8.83249
0.152284 8.83249
0.304569 8.98477
0.456853 8.98477
0.761421 8.98477
0.913706 9.13706
1.06599 9.13706
1.37056 9.13706
1.52284 9.13706
1.67513 9.13706
1.82741 9.28934
2.13198 9.28934
2.28426 9.28934
2.43655 9.28934
2.58883 9.28934
2.8934 9.28934
3.04569 9.28934
3.19797 9.28934
3.35025 9.28934
3.65482 9.28934
3.80711 9.28934
3.95939 9.28934
4.11168 9.28934
4.41624 9.28934
4.56853 9.28934
4.72081 9.28934
4.8731 9.28934
5.02538 9.28934
5.32995 9.28934
5.48223 9.13706
5.63452 9.13706
5.7868 9.13706
5.93909 9.13706
6.09137 9.13706
6.39594 9.13706
6.54822 8.98477
6.70051 8.98477
6.85279 8.98477
7.00508 8.98477
7.15736 8.83249
7.30964 8.83249
7.46193 8.83249
7.61421 8.6802
7.91878 8.6802
8.07107 8.52792
8.22335 8.52792
8.37563 8.37563
8.52792 8.37563
8.6802 8.22335
8.83249 8.22335
8.98477 8.07107
9.13706 8.07107
9.28934 7.91878
9.44162 7.7665
9.44162 7.7665
9.59391 7.61421
9.74619 7.46193
9.89848 7.46193
10.0508 7.30964
10.203 7.15736
10.3553 7.15736
10.3553 7.00508
10.5076 6.85279
10.6599 6.70051
10.8122 6.70051
10.9645 6.54822
10.9645 6.39594
11.1168 6.39594
11.269 6.24365
11.4213 6.09137
11.5736 6.09137
11.5736 5.93909
11.7259 5.7868
11.8782 5.7868
12.0305 5.63452
12.1827 5.48223
12.335 5.48223
12.4873 5.32995
12.4873 5.17766
12.6396 5.17766
12.7919 5.02538
12.9442 4.8731
13.0964 4.8731
13.2487 4.72081
13.401 4.56853
13.401 4.41624
13.5533 4.41624
13.7056 4.26396
13.8579 4.11168
14.0102 3.95939
14.0102 3.80711
14.1624 3.65482
14.3147 3.65482
14.3147 3.50254
14.467 3.35025
14.6193 3.19797
14.6193 3.04569
14.7716 2.8934
14.7716 2.74112
14.9239 2.58883
14.9239 2.43655
15.0761 2.28426
15.0761 2.13198
15.0761 1.82741
15.2284 1.67513
15.2284 1.52284
15.2284 1.37056
15.3807 1.21827
15.3807 1.06599
15.3807 0.913706
15.3807 0.761421
15.533 0.609137
15.533 0.304569
15.533 0.152284
15.533 0
15.6853 -0.152284
15.6853 -0.304569
15.6853 -0.456853
15.8376 -0.609137
15.8376 -0.913706
