15.8376 -1.06599
15.8376 -1.21827
15.8376 -1.37056
15.6853 -1.52284
15.6853 -1.82741
15.6853 -1.9797
15.6853 -2.13198
15.6853 -2.28426
15.6853 -2.43655
15.6853 -2.58883
15.6853 -2.8934
15.6853 -3.04569
15.6853 -3.19797
15.8376 -3.35025
15.8376 -3.65482
15.8376 -3.80711
15.8376 -3.95939
15.8376 -4.26396
15.8376 -4.41624
15.8376 -4.56853
15.8376 -4.8731
15.8376 -5.02538
15.8376 -5.17766
15.8376 -5.48223
15.8376 -5.63452
15.8376 -5.7868
15.8376 -6.09137
15.6853 -6.24365
15.6853 -6.39594
15.6853 -6.70051
15.533 -6.85279
15.533 -7.00508
15.3807 -7.15736
15.2284 -7.46193
15.2284 -7.61421
15.0761 -7.7665
14.9239 -7.91878
14.9239 -8.07107
14.7716 -8.22335
14.6193 -8.37563
14.467 -8.52792
14.3147 -8.6802
14.3147 -8.83249
14.1624 -8.98477
14.0102 -9.13706
13.8579 -9.28934
13.7056 -9.44162
13.5533 -9.59391
13.401 -9.74619
13.2487 -9.89848
12.9442 -9.89848
12.7919 -10.0508
12.6396 -10.203
12.4873 -10.3553
12.335 -10.3553
12.1827 -10.5076
12.0305 -10.6599
11.7259 -10.6599
11.5736 -10.8122
11.4213 -10.8122
11.269 -10.9645
11.1168 -11.1168
10.8122 -11.1168
10.6599 -11.269
10.5076 -11.269
10.3553 -11.269
10.0508 -11.4213
9.89848 -11.4213
9.74619 -11.5736
9.59391 -11.5736
9.28934 -11.5736
9.13706 -11.5736
8.98477 -11.7259
8.83249 -11.7259
8.52792 -11.7259
8.37563 -11.7259
8.22335 -11.8782
8.07107 -11.8782
7.7665 -11.8782
7.61421 -11.8782
7.46193 -11.8782
7.30964 -11.8782
7.00508 -11.8782
6.85279 -11.8782
6.70051 -11.8782
6.39594 -11.8782
6.24365 -11.8782
6.09137 -11.8782
5.93909 -11.8782
5.63452 -11.7259
5.48223 -11.7259
5.32995 -11.7259
5.17766 -11.7259
5.02538 -11.5736
4.72081 -11.5736
4.56853 -11.4213
4.41624 -11.4213
4.26396 -11.269
4.11168 -11.269
3.95939 -11.1168
3.80711 -11.1168
3.65482 -10.9645
3.50254 -10.8122
3.35025 -10.6599
3.19797 -10.6599
3.04569 -10.5076
2.8934 -10.3553
2.74112 -10.203
2.58883 -10.203
2.43655 -10.0508
2.28426 -9.89848
2.13198 -9.74619
1.9797 -9.74619
1.82741 -9.59391
1.82741 -9.44162
1.67513 -9.28934
1.52284 -9.28934
1.37056 -9.13706
1.21827 -8.98477
1.21827 -8.98477
1.06599 -8.83249
0.913706 -8.6802
0.761421 -8.6802
0.609137 -8.52792
0.456853 -8.52792
0.456853 -8.37563
0.304569 -8.22335
0.152284 -8.22335
0 -8.07107
-0.152284 -8.07107
-0.304569 -7.91878
-0.456853 -7.91878
-0.609137 -7.7665
-0.761421 -7.7665
-0.913706 -7.61421
-0.913706 -7.46193
-1.06599 -7.46193
-1.21827 -7.30964
-1.37056 -7.30964
-1.52284 -7.15736
-1.67513 -7.00508
-1.82741 -7.00508
-1.9797 -6.85279
-1.9797 -6.70051
-2.13198 -6.54822
-2.28426 -6.54822
-2.43655 -6.39594
-2.43655 -6.24365
-2.58883 -6.09137
-2.74112 -5.93909
-2.74112 -5.7868
-2.8934 -5.7868
-3.04569 -5.63452
-3.04569 -5.48223
-3.19797 -5.32995
-3.19797 -5.17766
-3.35025 -5.02538
-3.50254 -4.8731
-3.50254 -4.72081
-3.65482 -4.56853
-3.65482 -4.41624
-3.65482 -4.26396
-3.80711 -4.11168
-3.80711 -3.95939
-3.95939 -3.80711
-3.95939 -3.65482
-4.11168 -3.35025
-4.11168 -3.19797
-4.11168 -3.04569
-4.26396 -2.8934
-4.26396 -2.74112
-4.41624 -2.58883
-4.41624 -2.43655
-4.41624 -2.28426
-4.56853 -2.13198
-4.56853 -1.9797
-4.56853 -1.67513
-4.72081 -1.52284
-4.72081 -1.37056
-4.72081 -1.21827
-4.8731 -1.06599
-4.8731 -0.913706
-4.8731 -0.609137
-4.8731 -0.456853
-5.02538 -0.304569
-5.02538 -0.152284
-5.02538 0
-5.02538 0.304569
-5.17766 0.456853
-5.17766 0.609137
-5.17766 0.913706
-5.17766 1.06599
-5.17766 1.21827
-5.17766 1.37056
-5.17766 1.67513
-5.17766 1.82741
-5.17766 1.9797
-5.17766 2.28426
-5.17766 2.43655
-5.17766 2.58883
-5.17766 2.8934
-5.17766 3.04569
-5.17766 3.19797
-5.02538 3.50254
-5.02538 3.65482
-5.02538 3.80711
-5.02538 4.11168
-4.8731 4.26396
-4.8731 4.41624
-4.72081 4.72081
-4.72081 4.8731
-4.56853 5.02538
-4.56853 5.17766
-4.41624 5.48223
-4.41624 5.63452
-4.26396 5.7868
-4.11168 5.93909
-3.95939 6.09137
-3.95939 6.24365
-3.80711 6.54822
-3.65482 6.70051
-3.50254 6.85279
-3.35025 7.00508
-3.19797 7.15736
-3.04569 7.30964
-2.8934 7.30964
-2.74112 7.46193
-2.58883 7.61421
-2.43655 7.7665
-2.28426 7.91878
-1.9797 7.91878
-1.82741 8.07107
-1.67513 8.22335
-1.52284 8.22335
-1.37056 8.37563
-1.21827 8.52792
-0.913706 8.52792
-0.761421 8.6802
-0.609137 8.6802
-0.456853 8.83249
-0.152284 8.83249
0 8.98477
0.152284 8.98477
0.456853 8.98477
0.609137 9.13706
0.761421 9.13706
0.913706 9.13706
1.21827 9.13706
1.37056 9.28934
1.52284 9.28934
1.82741 9.28934
1.9797 9.28934
2.13198 9.28934
2.28426 9.28934
2.58883 9.28934
2.74112 9.44162
2.8934 9.44162
3.04569 9.44162
3.35025 9.44162
3.50254 9.44162
3.65482 9.44162
3.80711 9.44162
4.11168 9.44162
4.26396 9.44162
4.41624 9.28934
4.56853 9.28934
4.72081 9.28934
5.02538 9.28934
5.17766 9.28934
5.32995 9.28934
5.48223 9.28934
5.63452 9.28934
5.93909 9.28934
6.09137 9.13706
6.24365 9.13706
6.39594 9.13706
6.54822 9.13706
6.70051 8.98477
6.85279 8.98477
7.15736 8.98477
7.30964 8.98477
7.46193 8.83249
7.61421 8.83249
7.7665 8.6802
7.91878 8.6802
8.07107 8.6802
8.22335 8.52792
8.37563 8.52792
8.52792 8.37563
8.6802 8.37563
8.83249 8.22335
8.98477 8.22335
9.13706 8.07107
9.28934 7.91878
9.44162 7.91878
9.59391 7.7665
9.74619 7.61421
9.89848 7.61421
10.0508 7.46193
10.203 7.30964
10.3553 7.30964
10.5076 7.15736
10.5076 7.00508
10.6599 7.00508
10.8122 6.85279
10.9645 6.70051
11.1168 6.54822
11.269 6.54822
11.269 6.39594
11.4213 6.24365
11.5736 6.24365
11.7259 6.09137
11.8782 5.93909
11.8782 5.7868
12.0305 5.7868
12.1827 5.63452
12.335 5.48223
12.4873 5.48223
12.6396 5.32995
12.6396 5.17766
12.7919 5.02538
12.9442 5.02538
13.0964 4.8731
13.2487 4.72081
13.2487 4.56853
13.401 4.56853
13.5533 4.41624
13.7056 4.26396
13.7056 4.11168
13.8579 3.95939
14.0102 3.80711
14.1624 3.65482
14.1624 3.50254
14.3147 3.50254
14.3147 3.35025
14.467 3.19797
14.6193 3.04569
14.6193 2.8934
14.7716 2.74112
14.7716 2.58883
14.7716 2.28426
14.9239 2.13198
14.9239 1.9797
15.0761 1.82741
15.0761 1.67513
15.0761 1.52284
15.0761 1.37056
15.2284 1.21827
15.2284 1.06599
15.2284 0.913706
15.3807 0.761421
15.3807 0.456853
15.3807 0.304569
15.3807 0.152284
15.533 0
15.533 -0.152284
15.533 -0.304569
15.6853 -0.456853
15.6853 -0.609137
15.8376 -0.913706
