16.1421 -0.761421
16.1421 -1.06599
15.9898 -1.21827
15.9898 -1.37056
15.8376 -1.52284
15.8376 -1.67513
15.8376 -1.9797
15.8376 -2.13198
15.8376 -2.28426
15.8376 -2.43655
15.8376 -2.58883
15.8376 -2.8934
15.8376 -3.04569
15.9898 -3.19797
15.9898 -3.50254
15.9898 -3.65482
15.9898 -3.80711
15.9898 -4.11168
16.1421 -4.26396
16.1421 -4.41624
16.1421 -4.72081
16.1421 -4.8731
16.1421 -5.17766
16.1421 -5.32995
16.1421 -5.48223
16.1421 -5.7868
16.1421 -5.93909
15.9898 -6.24365
15.9898 -6.39594
15.9898 -6.54822
15.8376 -6.85279
15.8376 -7.00508
15.6853 -7.15736
15.533 -7.30964
15.533 -7.61421
15.3807 -7.7665
15.2284 -7.91878
15.0761 -8.07107
15.0761 -8.22335
14.9239 -8.37563
14.7716 -8.52792
14.6193 -8.6802
14.467 -8.83249
14.3147 -8.98477
14.1624 -9.13706
14.0102 -9.28934
13.8579 -9.44162
13.7056 -9.59391
13.5533 -9.59391
13.401 -9.74619
13.0964 -9.89848
12.9442 -10.0508
12.7919 -10.203
12.6396 -10.203
12.4873 -10.3553
12.335 -10.5076
12.1827 -10.5076
11.8782 -10.6599
11.7259 -10.8122
11.5736 -10.8122
11.4213 -10.9645
11.1168 -10.9645
10.9645 -11.1168
10.8122 -11.1168
10.6599 -11.269
10.5076 -11.269
10.203 -11.4213
10.0508 -11.4213
9.89848 -11.4213
9.59391 -11.5736
9.44162 -11.5736
9.28934 -11.5736
9.13706 -11.7259
8.83249 -11.7259
8.6802 -11.7259
8.52792 -11.7259
8.22335 -11.7259
8.07107 -11.8782
7.91878 -11.8782
7.7665 -11.8782
7.46193 -11.8782
7.30964 -11.8782
7.15736 -11.8782
6.85279 -11.8782
6.70051 -11.8782
6.54822 -11.8782
6.39594 -11.7259
6.09137 -11.7259
5.93909 -11.7259
5.7868 -11.7259
5.48223 -11.7259
5.32995 -11.5736
5.17766 -11.5736
5.02538 -11.4213
4.8731 -11.4213
4.56853 -11.4213
4.41624 -11.269
4.26396 -11.1168
4.11168 -11.1168
3.95939 -10.9645
3.80711 -10.9645
3.65482 -10.8122
3.50254 -10.6599
3.35025 -10.6599
3.19797 -10.5076
3.04569 -10.3553
2.8934 -10.203
2.74112 -10.203
2.58883 -10.0508
2.43655 -9.89848
2.28426 -9.74619
2.13198 -9.74619
1.9797 -9.59391
1.82741 -9.44162
1.82741 -9.28934
1.67513 -9.28934
1.52284 -9.13706
1.37056 -8.98477
1.21827 -8.83249
1.06599 -8.83249
1.06599 -8.6802
0.913706 -8.6802
0.761421 -8.52792
0.609137 -8.37563
0.456853 -8.37563
0.304569 -8.22335
0.152284 -8.22335
0.152284 -8.07107
0 -8.07107
-0.152284 -7.91878
-0.304569 -7.91878
-0.456853 -7.7665
-0.609137 -7.7665
-0.761421 -7.61421
-0.913706 -7.46193
-1.06599 -7.46193
-1.21827 -7.30964
-1.37056 -7.30964
-1.52284 -7.15736
-1.67513 -7.00508
-1.67513 -7.00508
-1.82741 -6.85279
-1.9797 -6.70051
-2.13198 -6.54822
-2.28426 -6.54822
-2.43655 -6.39594
-2.43655 -6.24365
-2.58883 -6.09137
-2.74112 -5.93909
-2.74112 -5.7868
-2.8934 -5.7868
-3.04569 -5.63452
-3.04569 -5.48223
-3.19797 -5.32995
-3.19797 -5.17766
-3.35025 -5.02538
-3.50254 -4.8731
-3.50254 -4.72081
-3.65482 -4.56853
-3.65482 -4.41624
-3.65482 -4.26396
-3.80711 -4.11168
-3.80711 -3.95939
-3.95939 -3.80711
-3.95939 -3.50254
-4.11168 -3.35025
-4.11168 -3.19797
-4.11168 -3.04569
-4.26396 -2.8934
-4.26396 -2.74112
-4.41624 -2.58883
-4.41624 -2.43655
-4.41624 -2.28426
-4.56853 -2.13198
-4.56853 -1.82741
-4.56853 -1.67513
-4.72081 -1.52284
-4.72081 -1.37056
-4.72081 -1.21827
-4.8731 -1.06599
-4.8731 -0.761421
-4.8731 -0.609137
-5.02538 -0.456853
-5.02538 -0.304569
-5.02538 -0.152284
-5.02538 0.152284
-5.17766 0.304569
-5.17766 0.456853
-5.17766 0.609137
-5.17766 0.913706
-5.17766 1.06599
-5.17766 1.21827
-5.17766 1.52284
-5.32995 1.67513
-5.32995 1.82741
-5.32995 2.13198
-5.32995 2.28426
-5.17766 2.43655
-5.17766 2.74112
-5.17766 2.8934
-5.17766 3.04569
-5.17766 3.35025
-5.17766 3.50254
-5.17766 3.65482
-5.02538 3.95939
-5.02538 4.11168
-5.02538 4.26396
-4.8731 4.41624
-4.8731 4.72081
-4.72081 4.8731
-4.72081 5.02538
-4.56853 5.32995
-4.56853 5.48223
-4.41624 5.63452
-4.26396 5.7868
-4.26396 5.93909
-4.11168 6.24365
-3.95939 6.39594
-3.80711 6.54822
-3.65482 6.70051
-3.50254 6.85279
-3.35025 7.00508
-3.35025 7.15736
-3.04569 7.30964
-2.8934 7.46193
-2.74112 7.46193
-2.58883 7.61421
-2.43655 7.7665
-2.28426 7.91878
-2.13198 7.91878
-1.9797 8.07107
-1.82741 8.22335
-1.52284 8.22335
-1.37056 8.37563
-1.21827 8.52792
-1.06599 8.52792
-0.761421 8.6802
-0.609137 8.6802
-0.456853 8.83249
-0.304569 8.83249
0 8.98477
0.152284 8.98477
0.304569 8.98477
0.456853 9.13706
0.761421 9.13706
0.913706 9.13706
1.06599 9.13706
1.21827 9.28934
1.52284 9.28934
1.67513 9.28934
1.82741 9.28934
1.9797 9.28934
2.28426 9.44162
2.43655 9.44162
2.58883 9.44162
2.74112 9.44162
3.04569 9.44162
3.19797 9.44162
3.35025 9.44162
3.50254 9.44162
3.80711 9.44162
3.95939 9.44162
4.11168 9.44162
4.26396 9.44162
4.41624 9.44162
4.72081 9.44162
4.8731 9.44162
5.02538 9.44162
5.17766 9.44162
5.32995 9.28934
5.48223 9.28934
5.7868 9.28934
5.93909 9.28934
6.09137 9.28934
6.24365 9.28934
6.39594 9.13706
6.54822 9.13706
6.85279 9.13706
7.00508 9.13706
7.15736 8.98477
7.30964 8.98477
7.46193 8.98477
7.61421 8.83249
7.7665 8.83249
7.91878 8.83249
8.07107 8.6802
8.22335 8.6802
8.37563 8.52792
8.52792 8.52792
8.6802 8.37563
8.83249 8.37563
8.98477 8.22335
9.13706 8.07107
9.28934 8.07107
9.44162 7.91878
9.59391 7.91878
9.74619 7.7665
9.89848 7.61421
10.0508 7.61421
10.203 7.46193
10.203 7.30964
10.3553 7.30964
10.5076 7.15736
10.6599 7.00508
10.8122 6.85279
10.9645 6.85279
10.9645 6.70051
11.1168 6.54822
11.269 6.54822
11.4213 6.39594
11.5736 6.24365
11.5736 6.24365
11.7259 6.09137
11.8782 5.93909
12.0305 5.7868
12.1827 5.7868
12.335 5.63452
12.335 5.48223
12.4873 5.48223
12.6396 5.32995
12.7919 5.17766
12.9442 5.17766
13.0964 5.02538
13.0964 4.8731
13.2487 4.72081
13.401 4.72081
13.5533 4.56853
13.7056 4.41624
13.7056 4.26396
13.8579 4.11168
14.0102 3.95939
14.0102 3.95939
14.1624 3.80711
14.3147 3.65482
14.3147 3.50254
14.467 3.35025
14.467 3.19797
14.6193 3.04569
14.6193 2.8934
14.7716 2.74112
14.7716 2.58883
14.9239 2.43655
14.9239 2.13198
14.9239 1.9797
15.0761 1.82741
15.0761 1.67513
15.0761 1.52284
15.2284 1.37056
15.2284 1.21827
15.2284 1.06599
15.3807 0.913706
15.3807 0.761421
15.3807 0.609137
15.533 0.456853
15.533 0.152284
15.6853 0
15.6853 -0.152284
15.8376 -0.304569
15.8376 -0.456853
15.9898 -0.609137
