16.1421 -0.609137
15.9898 -0.913706
16.1421 -1.06599
16.1421 -1.21827
16.1421 -1.37056
16.1421 -1.52284
16.1421 -1.82741
16.1421 -1.9797
16.1421 -2.13198
16.1421 -2.28426
16.1421 -2.58883
16.2944 -2.74112
16.2944 -2.8934
16.2944 -3.19797
16.2944 -3.35025
16.2944 -3.50254
16.2944 -3.65482
16.2944 -3.95939
16.2944 -4.11168
16.2944 -4.41624
16.2944 -4.56853
16.2944 -4.72081
16.2944 -5.02538
16.2944 -5.17766
16.2944 -5.32995
16.1421 -5.63452
16.1421 -5.7868
16.1421 -5.93909
15.9898 -6.24365
15.9898 -6.39594
15.8376 -6.54822
15.8376 -6.70051
15.6853 -7.00508
15.6853 -7.15736
15.533 -7.30964
15.3807 -7.46193
15.3807 -7.7665
15.2284 -7.91878
15.0761 -8.07107
14.9239 -8.22335
14.9239 -8.37563
14.7716 -8.52792
14.6193 -8.6802
14.467 -8.83249
14.3147 -8.98477
14.1624 -9.13706
14.0102 -9.28934
13.8579 -9.44162
13.7056 -9.44162
13.401 -9.59391
13.2487 -9.74619
13.0964 -9.89848
12.9442 -9.89848
12.7919 -10.0508
12.6396 -10.203
12.335 -10.203
12.1827 -10.3553
12.0305 -10.3553
11.8782 -10.5076
11.5736 -10.5076
11.4213 -10.6599
11.269 -10.6599
11.1168 -10.8122
10.8122 -10.8122
10.6599 -10.9645
10.5076 -10.9645
10.3553 -10.9645
10.0508 -11.1168
9.89848 -11.1168
9.74619 -11.1168
9.59391 -11.269
9.28934 -11.269
9.13706 -11.269
8.98477 -11.269
8.83249 -11.4213
8.52792 -11.4213
8.37563 -11.4213
8.22335 -11.4213
8.07107 -11.5736
7.7665 -11.5736
7.61421 -11.5736
7.46193 -11.5736
7.30964 -11.5736
7.00508 -11.5736
6.85279 -11.5736
6.70051 -11.5736
6.39594 -11.5736
6.24365 -11.5736
6.09137 -11.5736
5.93909 -11.5736
5.63452 -11.5736
5.48223 -11.5736
5.32995 -11.5736
5.17766 -11.4213
5.02538 -11.4213
4.72081 -11.4213
4.56853 -11.269
4.41624 -11.269
4.26396 -11.1168
4.11168 -11.1168
3.95939 -10.9645
3.65482 -10.8122
3.50254 -10.8122
3.35025 -10.6599
3.19797 -10.5076
3.04569 -10.3553
2.8934 -10.3553
2.74112 -10.203
2.58883 -10.0508
2.58883 -9.89848
2.43655 -9.74619
2.28426 -9.59391
2.13198 -9.59391
1.9797 -9.44162
1.82741 -9.28934
1.67513 -9.13706
1.67513 -8.98477
1.52284 -8.98477
1.37056 -8.83249
1.21827 -8.6802
1.06599 -8.6802
0.913706 -8.52792
0.913706 -8.52792
0.761421 -8.37563
0.609137 -8.22335
0.456853 -8.22335
0.304569 -8.07107
0.152284 -8.07107
0 -7.91878
-0.152284 -7.91878
-0.304569 -7.7665
-0.456853 -7.7665
-0.609137 -7.61421
-0.761421 -7.61421
-0.913706 -7.46193
-1.06599 -7.46193
-1.21827 -7.30964
-1.37056 -7.30964
-1.52284 -7.15736
-1.67513 -7.00508
-1.82741 -7.00508
-1.9797 -6.85279
-2.13198 -6.70051
-2.13198 -6.70051
-2.28426 -6.54822
-2.43655 -6.39594
-2.58883 -6.24365
-2.74112 -6.09137
-2.74112 -5.93909
-2.8934 -5.7868
-3.04569 -5.7868
-3.04569 -5.63452
-3.19797 -5.48223
-3.35025 -5.32995
-3.35025 -5.17766
-3.50254 -4.8731
-3.50254 -4.72081
-3.65482 -4.56853
-3.65482 -4.41624
-3.65482 -4.26396
-3.80711 -4.11168
-3.80711 -3.95939
-3.95939 -3.80711
-3.95939 -3.65482
-4.11168 -3.50254
-4.11168 -3.35025
-4.11168 -3.19797
-4.26396 -3.04569
-4.26396 -2.74112
-4.26396 -2.58883
-4.41624 -2.43655
-4.41624 -2.28426
-4.56853 -2.13198
-4.56853 -1.9797
-4.56853 -1.82741
-4.72081 -1.52284
-4.72081 -1.37056
-4.72081 -1.21827
-4.8731 -1.06599
-4.8731 -0.913706
-4.8731 -0.609137
-5.02538 -0.456853
-5.02538 -0.304569
-5.02538 -0.152284
-5.17766 0
-5.17766 0.304569
-5.17766 0.456853
-5.17766 0.609137
-5.17766 0.913706
-5.17766 1.06599
-5.32995 1.21827
-5.32995 1.52284
-5.32995 1.67513
-5.32995 1.82741
-5.32995 1.9797
-5.17766 2.28426
-5.17766 2.43655
-5.17766 2.58883
-5.17766 2.8934
-5.17766 3.04569
-5.17766 3.19797
-5.02538 3.50254
-5.02538 3.65482
-5.02538 3.80711
-4.8731 3.95939
-4.8731 4.26396
-4.72081 4.41624
-4.72081 4.56853
-4.56853 4.72081
-4.56853 5.02538
-4.41624 5.17766
-4.26396 5.32995
-4.26396 5.48223
-4.11168 5.63452
-3.95939 5.7868
-3.80711 6.09137
-3.80711 6.24365
-3.65482 6.39594
-3.50254 6.54822
-3.35025 6.70051
-3.19797 6.85279
-3.04569 6.85279
-2.8934 7.00508
-2.74112 7.15736
-2.58883 7.30964
-2.43655 7.46193
-2.28426 7.61421
-2.13198 7.61421
-1.9797 7.7665
-1.82741 7.91878
-1.67513 8.07107
-1.37056 8.07107
-1.21827 8.22335
-1.06599 8.37563
-0.913706 8.37563
-0.761421 8.52792
-0.609137 8.52792
-0.304569 8.6802
-0.152284 8.6802
0 8.83249
0.152284 8.83249
0.304569 8.98477
0.609137 8.98477
0.761421 9.13706
0.913706 9.13706
1.06599 9.28934
1.21827 9.28934
1.37056 9.28934
1.67513 9.44162
1.82741 9.44162
1.9797 9.44162
2.13198 9.59391
2.43655 9.59391
2.58883 9.59391
2.74112 9.59391
2.8934 9.74619
3.04569 9.74619
3.35025 9.74619
3.50254 9.74619
3.65482 9.74619
3.80711 9.74619
4.11168 9.74619
4.26396 9.74619
4.41624 9.74619
4.56853 9.74619
4.72081 9.74619
5.02538 9.74619
5.17766 9.74619
5.32995 9.74619
5.48223 9.74619
5.63452 9.59391
5.93909 9.59391
6.09137 9.59391
6.24365 9.59391
6.39594 9.44162
6.54822 9.44162
6.70051 9.44162
7.00508 9.28934
7.15736 9.28934
7.30964 9.13706
7.46193 9.13706
7.61421 9.13706
7.7665 8.98477
7.91878 8.98477
8.07107 8.83249
8.22335 8.83249
8.37563 8.6802
8.52792 8.6802
8.6802 8.52792
8.83249 8.37563
8.98477 8.37563
9.13706 8.22335
9.28934 8.22335
9.44162 8.07107
9.59391 8.07107
9.74619 7.91878
9.89848 7.7665
10.0508 7.7665
10.0508 7.61421
10.203 7.46193
10.3553 7.46193
10.5076 7.30964
10.6599 7.15736
10.8122 7.15736
10.9645 7.00508
10.9645 6.85279
11.1168 6.85279
11.269 6.70051
11.4213 6.54822
11.5736 6.54822
11.5736 6.39594
11.7259 6.24365
11.8782 6.24365
12.0305 6.09137
12.1827 5.93909
12.1827 5.7868
12.335 5.7868
12.4873 5.63452
12.6396 5.48223
12.7919 5.48223
12.7919 5.32995
12.9442 5.17766
13.0964 5.02538
13.2487 4.8731
13.2487 4.8731
13.401 4.72081
13.5533 4.56853
13.5533 4.41624
13.7056 4.26396
13.8579 4.26396
13.8579 4.11168
14.0102 3.95939
14.1624 3.80711
14.1624 3.65482
14.3147 3.50254
14.467 3.35025
14.467 3.19797
14.6193 3.04569
14.6193 2.8934
14.7716 2.74112
14.7716 2.58883
14.9239 2.43655
14.9239 2.28426
15.0761 2.13198
15.0761 1.9797
15.2284 1.82741
15.2284 1.67513
15.2284 1.52284
15.3807 1.37056
15.3807 1.21827
15.533 1.06599
15.533 0.913706
15.533 0.761421
15.6853 0.609137
15.6853 0.304569
15.6853 0.152284
15.8376 0
15.8376 -0.152284
15.8376 -0.304569
15.9898 -0.456853
