16.1421 -1.06599
16.1421 -1.21827
16.2944 -1.37056
16.2944 -1.52284
16.2944 -1.67513
16.2944 -1.82741
16.4467 -2.13198
16.4467 -2.28426
16.4467 -2.43655
16.4467 -2.58883
16.599 -2.8934
16.599 -3.04569
16.599 -3.19797
16.599 -3.50254
16.599 -3.65482
16.599 -3.80711
16.599 -4.11168
16.599 -4.26396
16.599 -4.41624
16.599 -4.72081
16.599 -4.8731
16.599 -5.02538
16.599 -5.32995
16.599 -5.48223
16.4467 -5.63452
16.4467 -5.7868
16.4467 -6.09137
16.2944 -6.24365
16.2944 -6.39594
16.1421 -6.54822
16.1421 -6.85279
15.9898 -7.00508
15.8376 -7.15736
15.6853 -7.30964
15.6853 -7.46193
15.533 -7.61421
15.3807 -7.7665
15.2284 -7.91878
15.0761 -8.07107
14.9239 -8.22335
14.7716 -8.37563
14.6193 -8.52792
14.467 -8.6802
14.3147 -8.83249
14.1624 -8.83249
14.0102 -8.98477
13.8579 -9.13706
13.7056 -9.28934
13.5533 -9.44162
13.401 -9.44162
13.2487 -9.59391
13.0964 -9.74619
12.9442 -9.74619
12.7919 -9.89848
12.4873 -9.89848
12.335 -10.0508
12.1827 -10.203
12.0305 -10.203
11.8782 -10.3553
11.7259 -10.3553
11.4213 -10.5076
11.269 -10.5076
11.1168 -10.6599
10.9645 -10.6599
10.8122 -10.6599
10.6599 -10.8122
10.3553 -10.8122
10.203 -10.9645
10.0508 -10.9645
9.89848 -10.9645
9.74619 -11.1168
9.59391 -11.1168
9.28934 -11.1168
9.13706 -11.269
8.98477 -11.269
8.83249 -11.269
8.6802 -11.4213
8.37563 -11.4213
8.22335 -11.4213
8.07107 -11.4213
7.91878 -11.5736
7.7665 -11.5736
7.46193 -11.5736
7.30964 -11.5736
7.15736 -11.5736
7.00508 -11.5736
6.70051 -11.5736
6.54822 -11.5736
6.39594 -11.5736
6.24365 -11.5736
6.09137 -11.5736
5.7868 -11.5736
5.63452 -11.5736
5.48223 -11.5736
5.32995 -11.4213
5.17766 -11.4213
4.8731 -11.4213
4.72081 -11.269
4.56853 -11.269
4.41624 -11.1168
4.26396 -11.1168
4.11168 -10.9645
3.95939 -10.9645
3.80711 -10.8122
3.65482 -10.8122
3.50254 -10.6599
3.35025 -10.5076
3.19797 -10.5076
3.04569 -10.3553
2.8934 -10.203
2.74112 -10.203
2.58883 -10.0508
2.43655 -9.89848
2.28426 -9.74619
2.13198 -9.74619
1.9797 -9.59391
1.82741 -9.44162
1.82741 -9.44162
1.67513 -9.28934
1.52284 -9.13706
1.37056 -8.98477
1.21827 -8.98477
1.06599 -8.83249
0.913706 -8.83249
0.913706 -8.6802
0.761421 -8.52792
0.609137 -8.52792
0.456853 -8.37563
0.304569 -8.37563
0.152284 -8.22335
0 -8.07107
-0.152284 -8.07107
-0.152284 -7.91878
-0.304569 -7.7665
-0.456853 -7.7665
-0.609137 -7.61421
-0.761421 -7.61421
-0.913706 -7.46193
-1.06599 -7.30964
-1.21827 -7.15736
-1.21827 -7.15736
-1.37056 -7.00508
-1.52284 -6.85279
-1.67513 -6.70051
-1.67513 -6.70051
-1.82741 -6.54822
-1.9797 -6.39594
-2.13198 -6.24365
-2.13198 -6.09137
-2.28426 -5.93909
-2.43655 -5.7868
-2.43655 -5.63452
-2.58883 -5.48223
-2.58883 -5.48223
-2.74112 -5.32995
-2.74112 -5.17766
-2.8934 -5.02538
-2.8934 -4.8731
-3.04569 -4.72081
-3.04569 -4.56853
-3.19797 -4.41624
-3.19797 -4.11168
-3.35025 -3.95939
-3.35025 -3.80711
-3.50254 -3.65482
-3.50254 -3.50254
-3.65482 -3.35025
-3.65482 -3.19797
-3.65482 -3.04569
-3.80711 -2.8934
-3.80711 -2.74112
-3.95939 -2.58883
-3.95939 -2.43655
-4.11168 -2.28426
-4.11168 -2.13198
-4.26396 -1.82741
-4.26396 -1.67513
-4.26396 -1.52284
-4.41624 -1.37056
-4.41624 -1.21827
-4.56853 -1.06599
-4.56853 -0.761421
-4.56853 -0.609137
-4.56853 -0.456853
-4.72081 -0.304569
-4.72081 0
-4.72081 0.152284
-4.72081 0.304569
-4.8731 0.456853
-4.8731 0.761421
-4.8731 0.913706
-4.8731 1.06599
-4.8731 1.37056
-4.8731 1.52284
-4.8731 1.67513
-4.8731 1.9797
-4.8731 2.13198
-4.8731 2.28426
-4.72081 2.58883
-4.72081 2.74112
-4.72081 2.8934
-4.56853 3.04569
-4.56853 3.35025
-4.56853 3.50254
-4.41624 3.65482
-4.41624 3.80711
-4.26396 4.11168
-4.26396 4.26396
-4.11168 4.41624
-4.11168 4.56853
-3.95939 4.72081
-3.95939 5.02538
-3.80711 5.17766
-3.65482 5.32995
-3.50254 5.48223
-3.50254 5.63452
-3.35025 5.7868
-3.19797 5.93909
-3.04569 6.09137
-2.8934 6.24365
-2.74112 6.39594
-2.74112 6.54822
-2.58883 6.70051
-2.43655 6.85279
-2.28426 7.00508
-2.13198 7.15736
-1.9797 7.30964
-1.82741 7.30964
-1.67513 7.46193
-1.52284 7.61421
-1.37056 7.7665
-1.06599 7.91878
-0.913706 7.91878
-0.761421 8.07107
-0.609137 8.22335
-0.456853 8.37563
-0.304569 8.37563
-0.152284 8.52792
0 8.6802
0.152284 8.6802
0.304569 8.83249
0.609137 8.83249
0.761421 8.98477
0.913706 9.13706
1.06599 9.13706
1.21827 9.28934
1.37056 9.28934
1.67513 9.44162
1.82741 9.59391
1.9797 9.59391
2.13198 9.59391
2.28426 9.74619
2.58883 9.74619
2.74112 9.89848
2.8934 9.89848
3.04569 9.89848
3.35025 10.0508
3.50254 10.0508
3.65482 10.0508
3.80711 10.0508
4.11168 10.0508
4.26396 10.0508
4.41624 10.0508
4.72081 10.0508
4.8731 10.0508
5.02538 10.0508
5.32995 10.0508
5.48223 9.89848
5.63452 9.89848
5.7868 9.89848
6.09137 9.74619
6.24365 9.74619
6.39594 9.59391
6.54822 9.59391
6.70051 9.44162
7.00508 9.28934
7.15736 9.28934
7.30964 9.13706
7.46193 9.13706
7.61421 8.98477
7.7665 8.83249
7.91878 8.6802
8.07107 8.6802
8.22335 8.52792
8.37563 8.37563
8.52792 8.37563
8.6802 8.22335
8.83249 8.07107
8.98477 7.91878
9.13706 7.91878
9.28934 7.7665
9.28934 7.7665
9.44162 7.61421
9.59391 7.46193
9.74619 7.46193
9.89848 7.30964
10.0508 7.15736
10.203 7.15736
10.3553 7.00508
10.5076 7.00508
10.5076 6.85279
10.6599 6.85279
10.8122 6.70051
10.9645 6.54822
11.1168 6.54822
11.269 6.39594
11.4213 6.39594
11.4213 6.24365
11.5736 6.09137
11.7259 6.09137
11.8782 5.93909
12.0305 5.93909
12.1827 5.7868
12.335 5.63452
12.335 5.63452
12.4873 5.48223
12.6396 5.32995
12.7919 5.32995
12.9442 5.17766
12.9442 5.02538
13.0964 5.02538
13.2487 4.8731
13.401 4.72081
13.401 4.56853
13.5533 4.56853
13.7056 4.41624
13.8579 4.26396
13.8579 4.11168
14.0102 3.95939
14.1624 3.80711
14.1624 3.80711
14.3147 3.65482
14.467 3.50254
14.467 3.35025
14.6193 3.19797
14.6193 3.04569
14.7716 2.8934
14.7716 2.74112
14.9239 2.58883
14.9239 2.43655
15.0761 2.28426
15.0761 2.13198
15.2284 1.9797
15.2284 1.82741
15.3807 1.67513
15.3807 1.52284
15.3807 1.37056
15.533 1.21827
15.533 1.06599
15.6853 0.913706
15.6853 0.761421
15.6853 0.609137
15.8376 0.304569
15.8376 0.152284
15.8376 0
15.9898 -0.152284
15.9898 -0.304569
15.9898 -0.456853
16.1421 -0.609137
16.1421 -0.761421
