16.4467 -0.761421
16.4467 -0.913706
16.599 -1.06599
16.599 -1.37056
16.599 -1.52284
16.599 -1.67513
16.599 -1.82741
16.7513 -2.13198
16.7513 -2.28426
16.7513 -2.43655
16.7513 -2.74112
16.7513 -2.8934
16.9036 -3.04569
16.9036 -3.35025
16.9036 -3.50254
16.9036 -3.65482
16.9036 -3.95939
16.9036 -4.11168
16.9036 -4.26396
16.9036 -4.56853
16.9036 -4.72081
16.7513 -4.8731
16.7513 -5.17766
16.7513 -5.32995
16.7513 -5.48223
16.599 -5.7868
16.599 -5.93909
16.4467 -6.09137
16.4467 -6.39594
16.2944 -6.54822
16.2944 -6.70051
16.1421 -6.85279
15.9898 -7.00508
15.8376 -7.15736
15.8376 -7.46193
15.6853 -7.61421
15.533 -7.7665
15.3807 -7.91878
15.2284 -8.07107
15.0761 -8.22335
14.9239 -8.37563
14.7716 -8.52792
14.6193 -8.52792
14.467 -8.6802
14.3147 -8.83249
14.1624 -8.98477
14.0102 -9.13706
13.8579 -9.28934
13.7056 -9.28934
13.5533 -9.44162
13.401 -9.59391
13.0964 -9.59391
12.9442 -9.74619
12.7919 -9.89848
12.6396 -9.89848
12.4873 -10.0508
12.335 -10.0508
12.0305 -10.203
11.8782 -10.3553
11.7259 -10.3553
11.5736 -10.5076
11.4213 -10.5076
11.1168 -10.6599
10.9645 -10.6599
10.8122 -10.6599
10.6599 -10.8122
10.5076 -10.8122
10.203 -10.9645
10.0508 -10.9645
9.89848 -10.9645
9.74619 -11.1168
9.59391 -11.1168
9.28934 -11.1168
9.13706 -11.269
8.98477 -11.269
8.83249 -11.269
8.52792 -11.269
8.37563 -11.4213
8.22335 -11.4213
8.07107 -11.4213
7.91878 -11.4213
7.61421 -11.4213
7.46193 -11.4213
7.30964 -11.4213
7.15736 -11.4213
6.85279 -11.4213
6.70051 -11.4213
6.54822 -11.4213
6.39594 -11.4213
6.09137 -11.4213
5.93909 -11.4213
5.7868 -11.4213
5.63452 -11.4213
5.48223 -11.4213
5.17766 -11.269
5.02538 -11.269
4.8731 -11.269
4.72081 -11.1168
4.56853 -11.1168
4.41624 -10.9645
4.11168 -10.9645
3.95939 -10.8122
3.80711 -10.8122
3.65482 -10.6599
3.50254 -10.5076
3.35025 -10.5076
3.19797 -10.3553
3.04569 -10.203
2.8934 -10.203
2.74112 -10.0508
2.58883 -9.89848
2.43655 -9.74619
2.28426 -9.74619
2.28426 -9.59391
2.13198 -9.44162
1.9797 -9.44162
1.82741 -9.28934
1.67513 -9.13706
1.52284 -8.98477
1.37056 -8.98477
1.37056 -8.83249
1.21827 -8.6802
1.06599 -8.6802
0.913706 -8.52792
0.761421 -8.37563
0.761421 -8.37563
0.609137 -8.22335
0.456853 -8.07107
0.304569 -8.07107
0.152284 -7.91878
0 -7.7665
0 -7.7665
-0.152284 -7.61421
-0.304569 -7.46193
-0.456853 -7.30964
-0.609137 -7.30964
-0.609137 -7.15736
-0.761421 -7.00508
-0.913706 -7.00508
-1.06599 -6.85279
-1.06599 -6.70051
-1.21827 -6.54822
-1.37056 -6.54822
-1.52284 -6.39594
-1.52284 -6.24365
-1.67513 -6.09137
-1.82741 -5.93909
-1.82741 -5.7868
-1.9797 -5.7868
-1.9797 -5.63452
-2.13198 -5.48223
-2.28426 -5.32995
-2.28426 -5.17766
-2.43655 -5.02538
-2.43655 -4.8731
-2.58883 -4.72081
-2.58883 -4.56853
-2.74112 -4.41624
-2.74112 -4.26396
-2.8934 -4.11168
-2.8934 -3.95939
-3.04569 -3.80711
-3.04569 -3.65482
-3.19797 -3.50254
-3.19797 -3.35025
-3.35025 -3.19797
-3.35025 -3.04569
-3.50254 -2.8934
-3.50254 -2.74112
-3.65482 -2.58883
-3.65482 -2.43655
-3.80711 -2.28426
-3.80711 -2.13198
-3.95939 -1.9797
-3.95939 -1.82741
-3.95939 -1.67513
-4.11168 -1.52284
-4.11168 -1.37056
-4.26396 -1.06599
-4.26396 -0.913706
-4.26396 -0.761421
-4.41624 -0.609137
-4.41624 -0.456853
-4.41624 -0.152284
-4.56853 0
-4.56853 0.152284
-4.56853 0.304569
-4.56853 0.456853
-4.56853 0.761421
-4.72081 0.913706
-4.72081 1.06599
-4.72081 1.37056
-4.72081 1.52284
-4.56853 1.67513
-4.56853 1.82741
-4.56853 2.13198
-4.56853 2.28426
-4.56853 2.43655
-4.41624 2.58883
-4.41624 2.74112
-4.41624 3.04569
-4.26396 3.19797
-4.26396 3.35025
-4.11168 3.50254
-4.11168 3.65482
-3.95939 3.80711
-3.95939 4.11168
-3.80711 4.26396
-3.80711 4.41624
-3.65482 4.56853
-3.50254 4.72081
-3.50254 4.8731
-3.35025 5.02538
-3.19797 5.17766
-3.19797 5.32995
-3.04569 5.48223
-2.8934 5.63452
-2.74112 5.7868
-2.74112 5.93909
-2.58883 6.09137
-2.43655 6.24365
-2.28426 6.39594
-2.13198 6.54822
-2.13198 6.70051
-1.9797 6.85279
-1.82741 7.00508
-1.67513 7.15736
-1.52284 7.30964
-1.37056 7.46193
-1.21827 7.61421
-1.06599 7.7665
-1.06599 7.7665
-0.913706 7.91878
-0.761421 8.07107
-0.609137 8.22335
-0.456853 8.37563
-0.304569 8.37563
0 8.52792
0.152284 8.6802
0.304569 8.6802
0.456853 8.83249
0.609137 8.98477
0.761421 8.98477
0.913706 9.13706
1.06599 9.13706
1.21827 9.28934
1.52284 9.28934
1.67513 9.44162
1.82741 9.44162
1.9797 9.44162
2.13198 9.59391
2.43655 9.59391
2.58883 9.59391
2.74112 9.74619
2.8934 9.74619
3.19797 9.74619
3.35025 9.74619
3.50254 9.74619
3.65482 9.74619
3.95939 9.74619
4.11168 9.74619
4.26396 9.74619
4.41624 9.74619
4.72081 9.74619
4.8731 9.74619
5.02538 9.74619
5.17766 9.59391
5.48223 9.59391
5.63452 9.59391
5.7868 9.44162
5.93909 9.44162
6.09137 9.44162
6.24365 9.28934
6.54822 9.28934
6.70051 9.13706
6.85279 9.13706
7.00508 8.98477
7.15736 8.98477
7.30964 8.83249
7.46193 8.83249
7.61421 8.6802
7.7665 8.6802
7.91878 8.52792
8.07107 8.52792
8.22335 8.37563
8.37563 8.22335
8.52792 8.22335
8.6802 8.07107
8.83249 8.07107
8.98477 7.91878
9.13706 7.91878
9.28934 7.7665
9.44162 7.7665
9.59391 7.61421
9.59391 7.61421
9.74619 7.46193
9.89848 7.30964
10.0508 7.30964
10.203 7.15736
10.3553 7.15736
10.5076 7.00508
10.6599 7.00508
10.8122 6.85279
10.8122 6.85279
10.9645 6.70051
11.1168 6.54822
11.269 6.54822
11.4213 6.39594
11.5736 6.39594
11.5736 6.24365
11.7259 6.09137
11.8782 6.09137
12.0305 5.93909
12.1827 5.7868
12.335 5.7868
12.335 5.63452
12.4873 5.48223
12.6396 5.48223
12.7919 5.32995
12.7919 5.17766
12.9442 5.17766
13.0964 5.02538
13.2487 4.8731
13.2487 4.72081
13.401 4.56853
13.5533 4.56853
13.5533 4.41624
13.7056 4.26396
13.8579 4.11168
13.8579 3.95939
14.0102 3.80711
14.1624 3.80711
14.1624 3.65482
14.3147 3.50254
14.3147 3.35025
14.467 3.19797
14.467 3.04569
14.6193 2.8934
14.6193 2.74112
14.7716 2.58883
14.7716 2.43655
14.9239 2.28426
14.9239 2.13198
15.0761 1.9797
15.0761 1.82741
15.2284 1.67513
15.2284 1.52284
15.3807 1.37056
15.3807 1.21827
15.3807 1.06599
15.533 0.913706
15.533 0.761421
15.6853 0.609137
15.8376 0.456853
15.8376 0.304569
15.9898 0.152284
15.9898 0
16.1421 -0.304569
16.2944 -0.456853
16.2944 -0.609137
