16.4467 -1.06599
16.4467 -1.21827
16.599 -1.37056
16.599 -1.52284
16.599 -1.82741
16.7513 -1.9797
16.7513 -2.13198
16.7513 -2.28426
16.7513 -2.58883
16.9036 -2.74112
16.9036 -2.8934
16.9036 -3.04569
16.9036 -3.35025
16.9036 -3.50254
16.9036 -3.65482
16.9036 -3.95939
16.9036 -4.11168
16.9036 -4.26396
16.9036 -4.56853
16.9036 -4.72081
16.9036 -4.8731
16.9036 -5.17766
16.7513 -5.32995
16.7513 -5.48223
16.7513 -5.7868
16.599 -5.93909
16.599 -6.09137
16.4467 -6.24365
16.4467 -6.54822
16.2944 -6.70051
16.2944 -6.85279
16.1421 -7.00508
15.9898 -7.15736
15.9898 -7.30964
15.8376 -7.46193
15.6853 -7.7665
15.533 -7.91878
15.3807 -8.07107
15.3807 -8.22335
15.2284 -8.37563
15.0761 -8.52792
14.9239 -8.52792
14.7716 -8.6802
14.6193 -8.83249
14.467 -8.98477
14.3147 -9.13706
14.1624 -9.28934
14.0102 -9.44162
13.8579 -9.44162
13.5533 -9.59391
13.401 -9.74619
13.2487 -9.74619
13.0964 -9.89848
12.9442 -10.0508
12.7919 -10.0508
12.6396 -10.203
12.4873 -10.3553
12.1827 -10.3553
12.0305 -10.5076
11.8782 -10.5076
11.7259 -10.6599
11.5736 -10.6599
11.269 -10.8122
11.1168 -10.8122
10.9645 -10.8122
10.8122 -10.9645
10.6599 -10.9645
10.3553 -11.1168
10.203 -11.1168
10.0508 -11.1168
9.89848 -11.269
9.74619 -11.269
9.44162 -11.269
9.28934 -11.269
9.13706 -11.4213
8.98477 -11.4213
8.83249 -11.4213
8.52792 -11.4213
8.37563 -11.4213
8.22335 -11.5736
8.07107 -11.5736
7.7665 -11.5736
7.61421 -11.5736
7.46193 -11.5736
7.30964 -11.5736
7.15736 -11.5736
6.85279 -11.5736
6.70051 -11.5736
6.54822 -11.5736
6.39594 -11.5736
6.24365 -11.5736
5.93909 -11.4213
5.7868 -11.4213
5.63452 -11.4213
5.48223 -11.4213
5.32995 -11.269
5.02538 -11.269
4.8731 -11.1168
4.72081 -11.1168
4.56853 -11.1168
4.41624 -10.9645
4.26396 -10.9645
4.11168 -10.8122
3.95939 -10.6599
3.80711 -10.6599
3.65482 -10.5076
3.50254 -10.3553
3.35025 -10.3553
3.19797 -10.203
3.04569 -10.0508
2.8934 -10.0508
2.74112 -9.89848
2.58883 -9.74619
2.43655 -9.74619
2.43655 -9.59391
2.28426 -9.44162
2.13198 -9.28934
1.9797 -9.28934
1.82741 -9.13706
1.67513 -8.98477
1.67513 -8.83249
1.52284 -8.83249
1.37056 -8.6802
1.21827 -8.52792
1.21827 -8.52792
1.06599 -8.37563
0.913706 -8.22335
0.761421 -8.22335
0.609137 -8.07107
0.609137 -7.91878
0.456853 -7.7665
0.304569 -7.7665
0.152284 -7.61421
0.152284 -7.46193
0 -7.46193
-0.152284 -7.30964
-0.152284 -7.15736
-0.304569 -7.15736
-0.456853 -7.00508
-0.609137 -6.85279
-0.609137 -6.70051
-0.761421 -6.70051
-0.913706 -6.54822
-0.913706 -6.39594
-1.06599 -6.24365
-1.21827 -6.24365
-1.37056 -6.09137
-1.37056 -5.93909
-1.52284 -5.7868
-1.67513 -5.63452
-1.67513 -5.63452
-1.82741 -5.48223
-1.82741 -5.32995
-1.9797 -5.17766
-2.13198 -5.02538
-2.13198 -4.8731
-2.28426 -4.72081
-2.28426 -4.56853
-2.43655 -4.56853
-2.58883 -4.41624
-2.58883 -4.26396
-2.74112 -4.11168
-2.74112 -3.95939
-2.8934 -3.80711
-2.8934 -3.65482
-3.04569 -3.50254
-3.04569 -3.35025
-3.19797 -3.19797
-3.19797 -3.04569
-3.35025 -2.8934
-3.35025 -2.74112
-3.50254 -2.58883
-3.50254 -2.43655
-3.65482 -2.28426
-3.65482 -2.13198
-3.80711 -1.82741
-3.80711 -1.67513
-3.80711 -1.52284
-3.95939 -1.37056
-3.95939 -1.21827
-3.95939 -1.06599
-4.11168 -0.913706
-4.11168 -0.609137
-4.11168 -0.456853
-4.11168 -0.304569
-4.26396 -0.152284
-4.26396 0
-4.26396 0.304569
-4.26396 0.456853
-4.26396 0.609137
-4.26396 0.761421
-4.26396 1.06599
-4.26396 1.21827
-4.26396 1.37056
-4.26396 1.52284
-4.26396 1.82741
-4.26396 1.9797
-4.11168 2.13198
-4.11168 2.28426
-4.11168 2.43655
-3.95939 2.74112
-3.95939 2.8934
-3.95939 3.04569
-3.80711 3.19797
-3.80711 3.35025
-3.80711 3.65482
-3.65482 3.80711
-3.65482 3.95939
-3.50254 4.11168
-3.35025 4.26396
-3.35025 4.41624
-3.19797 4.56853
-3.19797 4.8731
-3.04569 5.02538
-2.8934 5.17766
-2.8934 5.32995
-2.74112 5.48223
-2.58883 5.63452
-2.58883 5.7868
-2.43655 5.93909
-2.28426 6.09137
-2.13198 6.24365
-2.13198 6.39594
-1.9797 6.54822
-1.82741 6.70051
-1.67513 6.85279
-1.52284 7.00508
-1.37056 7.15736
-1.37056 7.30964
-1.21827 7.46193
-1.06599 7.61421
-0.913706 7.61421
-0.761421 7.7665
-0.609137 7.91878
-0.456853 8.07107
-0.304569 8.22335
-0.152284 8.37563
0 8.37563
0.152284 8.52792
0.304569 8.6802
0.609137 8.6802
0.761421 8.83249
0.913706 8.98477
1.06599 8.98477
1.21827 9.13706
1.37056 9.13706
1.67513 9.28934
1.82741 9.28934
1.9797 9.44162
2.13198 9.44162
2.28426 9.44162
2.58883 9.59391
2.74112 9.59391
2.8934 9.59391
3.04569 9.59391
3.35025 9.74619
3.50254 9.74619
3.65482 9.74619
3.95939 9.74619
4.11168 9.74619
4.26396 9.74619
4.41624 9.74619
4.72081 9.59391
4.8731 9.59391
5.02538 9.59391
5.17766 9.59391
5.48223 9.44162
5.63452 9.44162
5.7868 9.44162
5.93909 9.28934
6.24365 9.28934
6.39594 9.13706
6.54822 9.13706
6.70051 8.98477
6.85279 8.98477
7.00508 8.83249
7.15736 8.83249
7.30964 8.6802
7.46193 8.52792
7.61421 8.52792
7.7665 8.37563
7.91878 8.22335
8.07107 8.22335
8.22335 8.07107
8.37563 8.07107
8.52792 7.91878
8.6802 7.7665
8.83249 7.7665
8.98477 7.61421
9.13706 7.61421
9.28934 7.46193
9.44162 7.46193
9.59391 7.30964
9.74619 7.30964
9.89848 7.15736
9.89848 7.15736
10.0508 7.00508
10.203 7.00508
10.3553 6.85279
10.5076 6.85279
10.6599 6.70051
10.8122 6.70051
10.9645 6.54822
11.1168 6.54822
11.269 6.39594
11.269 6.39594
11.4213 6.24365
11.5736 6.24365
11.7259 6.09137
11.8782 5.93909
12.0305 5.93909
12.0305 5.7868
12.1827 5.63452
12.335 5.63452
12.4873 5.48223
12.4873 5.32995
12.6396 5.17766
12.7919 5.17766
12.7919 5.02538
12.9442 4.8731
13.0964 4.72081
13.0964 4.56853
13.2487 4.56853
13.401 4.41624
13.401 4.26396
13.5533 4.11168
13.5533 3.95939
13.7056 3.80711
13.7056 3.65482
13.8579 3.65482
14.0102 3.50254
14.0102 3.35025
14.1624 3.19797
14.1624 3.04569
14.3147 2.8934
14.467 2.74112
14.467 2.74112
14.6193 2.58883
14.6193 2.43655
14.7716 2.28426
14.9239 2.13198
15.0761 1.9797
15.0761 1.82741
15.2284 1.67513
15.3807 1.67513
15.3807 1.52284
15.533 1.37056
15.6853 1.21827
15.6853 1.06599
15.8376 0.913706
15.9898 0.761421
15.9898 0.609137
16.1421 0.304569
16.1421 0.152284
16.2944 0
16.2944 -0.152284
16.2944 -0.304569
16.4467 -0.456853
16.4467 -0.609137
16.4467 -0.913706
