16.4467 -1.06599
16.4467 -1.21827
16.599 -1.37056
16.599 -1.52284
16.599 -1.67513
16.599 -1.9797
16.7513 -2.13198
16.7513 -2.28426
16.7513 -2.43655
16.7513 -2.74112
16.7513 -2.8934
16.9036 -3.04569
16.9036 -3.35025
16.9036 -3.50254
16.9036 -3.65482
16.9036 -3.95939
16.9036 -4.11168
16.9036 -4.26396
16.9036 -4.56853
16.9036 -4.72081
16.9036 -4.8731
16.9036 -5.17766
16.7513 -5.32995
16.7513 -5.48223
16.7513 -5.63452
16.599 -5.93909
16.599 -6.09137
16.4467 -6.24365
16.2944 -6.39594
16.2944 -6.54822
16.1421 -6.85279
15.9898 -7.00508
15.8376 -7.15736
15.8376 -7.30964
15.6853 -7.46193
15.533 -7.61421
15.3807 -7.7665
15.2284 -7.91878
15.0761 -7.91878
14.9239 -8.07107
14.7716 -8.22335
14.6193 -8.37563
14.467 -8.52792
14.3147 -8.52792
14.1624 -8.6802
14.0102 -8.83249
13.7056 -8.98477
13.5533 -8.98477
13.401 -9.13706
13.2487 -9.28934
13.0964 -9.28934
12.9442 -9.44162
12.7919 -9.44162
12.6396 -9.59391
12.4873 -9.74619
12.335 -9.74619
12.0305 -9.89848
11.8782 -9.89848
11.7259 -10.0508
11.5736 -10.0508
11.4213 -10.203
11.269 -10.203
11.1168 -10.3553
10.9645 -10.3553
10.6599 -10.5076
10.5076 -10.5076
10.3553 -10.5076
10.203 -10.6599
10.0508 -10.6599
9.89848 -10.8122
9.74619 -10.8122
9.44162 -10.8122
9.28934 -10.8122
9.13706 -10.9645
8.98477 -10.9645
8.83249 -10.9645
8.6802 -11.1168
8.37563 -11.1168
8.22335 -11.1168
8.07107 -11.1168
7.91878 -11.1168
7.7665 -11.1168
7.61421 -11.1168
7.30964 -11.1168
7.15736 -11.269
7.00508 -11.269
6.85279 -11.269
6.70051 -11.1168
6.54822 -11.1168
6.24365 -11.1168
6.09137 -11.1168
5.93909 -11.1168
5.7868 -11.1168
5.63452 -11.1168
5.48223 -10.9645
5.17766 -10.9645
5.02538 -10.9645
4.8731 -10.8122
4.72081 -10.8122
4.56853 -10.8122
4.41624 -10.6599
4.26396 -10.6599
4.11168 -10.5076
3.95939 -10.5076
3.80711 -10.3553
3.65482 -10.203
3.50254 -10.203
3.35025 -10.0508
3.19797 -10.0508
3.04569 -9.89848
2.8934 -9.74619
2.74112 -9.74619
2.58883 -9.59391
2.43655 -9.44162
2.43655 -9.44162
2.28426 -9.28934
2.13198 -9.13706
1.9797 -9.13706
1.82741 -8.98477
1.67513 -8.83249
1.67513 -8.83249
1.52284 -8.6802
1.37056 -8.52792
1.21827 -8.52792
1.06599 -8.37563
1.06599 -8.37563
0.913706 -8.22335
0.761421 -8.07107
0.609137 -8.07107
0.609137 -7.91878
0.456853 -7.7665
0.304569 -7.7665
0.152284 -7.61421
0 -7.46193
0 -7.30964
-0.152284 -7.30964
-0.304569 -7.15736
-0.304569 -7.00508
-0.456853 -7.00508
-0.609137 -6.85279
-0.761421 -6.70051
-0.761421 -6.54822
-0.913706 -6.54822
-1.06599 -6.39594
-1.06599 -6.24365
-1.21827 -6.09137
-1.37056 -6.09137
-1.37056 -5.93909
-1.52284 -5.7868
-1.67513 -5.63452
-1.67513 -5.48223
-1.82741 -5.32995
-1.9797 -5.32995
-1.9797 -5.17766
-2.13198 -5.02538
-2.13198 -4.8731
-2.28426 -4.72081
-2.28426 -4.56853
-2.43655 -4.41624
-2.58883 -4.26396
-2.58883 -4.11168
-2.74112 -4.11168
-2.74112 -3.95939
-2.8934 -3.80711
-2.8934 -3.65482
-3.04569 -3.50254
-3.04569 -3.35025
-3.19797 -3.19797
-3.19797 -3.04569
-3.35025 -2.8934
-3.35025 -2.74112
-3.50254 -2.58883
-3.50254 -2.43655
-3.65482 -2.13198
-3.65482 -1.9797
-3.80711 -1.82741
-3.80711 -1.67513
-3.80711 -1.52284
-3.95939 -1.37056
-3.95939 -1.21827
-4.11168 -1.06599
-4.11168 -0.761421
-4.11168 -0.609137
-4.11168 -0.456853
-4.26396 -0.304569
-4.26396 -0.152284
-4.26396 0.152284
-4.26396 0.304569
-4.26396 0.456853
-4.41624 0.609137
-4.41624 0.913706
-4.41624 1.06599
-4.41624 1.21827
-4.26396 1.37056
-4.26396 1.67513
-4.26396 1.82741
-4.26396 1.9797
-4.26396 2.13198
-4.26396 2.28426
-4.11168 2.58883
-4.11168 2.74112
-4.11168 2.8934
-3.95939 3.04569
-3.95939 3.19797
-3.80711 3.50254
-3.80711 3.65482
-3.80711 3.80711
-3.65482 3.95939
-3.50254 4.11168
-3.50254 4.26396
-3.35025 4.56853
-3.35025 4.72081
-3.19797 4.8731
-3.19797 5.02538
-3.04569 5.17766
-2.8934 5.32995
-2.8934 5.48223
-2.74112 5.63452
-2.58883 5.7868
-2.43655 5.93909
-2.43655 6.09137
-2.28426 6.24365
-2.13198 6.39594
-1.9797 6.54822
-1.9797 6.70051
-1.82741 6.85279
-1.67513 7.00508
-1.52284 7.15736
-1.37056 7.30964
-1.21827 7.46193
-1.06599 7.61421
-1.06599 7.7665
-0.913706 7.91878
-0.761421 8.07107
-0.609137 8.22335
-0.456853 8.22335
-0.304569 8.37563
0 8.52792
0.152284 8.6802
0.304569 8.6802
0.456853 8.83249
0.609137 8.98477
0.761421 8.98477
0.913706 9.13706
1.21827 9.13706
1.37056 9.28934
1.52284 9.28934
1.67513 9.44162
1.82741 9.44162
2.13198 9.59391
2.28426 9.59391
2.43655 9.59391
2.58883 9.74619
2.8934 9.74619
3.04569 9.74619
3.19797 9.74619
3.50254 9.74619
3.65482 9.74619
3.80711 9.74619
3.95939 9.74619
4.26396 9.74619
4.41624 9.74619
4.56853 9.74619
4.8731 9.74619
5.02538 9.59391
5.17766 9.59391
5.32995 9.59391
5.63452 9.44162
5.7868 9.44162
5.93909 9.44162
6.09137 9.28934
6.24365 9.28934
6.54822 9.13706
6.70051 9.13706
6.85279 8.98477
7.00508 8.98477
7.15736 8.83249
7.30964 8.6802
7.46193 8.6802
7.61421 8.52792
7.7665 8.52792
7.91878 8.37563
8.07107 8.22335
8.22335 8.22335
8.37563 8.07107
8.52792 8.07107
8.6802 7.91878
8.83249 7.7665
8.98477 7.7665
9.13706 7.61421
9.28934 7.61421
9.44162 7.46193
9.59391 7.46193
9.59391 7.30964
9.74619 7.30964
9.89848 7.15736
10.0508 7.15736
10.203 7.00508
10.3553 7.00508
10.5076 6.85279
10.6599 6.85279
10.8122 6.70051
10.9645 6.54822
10.9645 6.54822
11.1168 6.39594
11.269 6.39594
11.4213 6.24365
11.5736 6.24365
11.7259 6.09137
11.8782 5.93909
11.8782 5.93909
12.0305 5.7868
12.1827 5.7868
12.335 5.63452
12.335 5.48223
12.4873 5.32995
12.6396 5.32995
12.7919 5.17766
12.7919 5.02538
12.9442 4.8731
13.0964 4.8731
13.0964 4.72081
13.2487 4.56853
13.401 4.41624
13.401 4.26396
13.5533 4.26396
13.7056 4.11168
13.7056 3.95939
13.8579 3.80711
13.8579 3.65482
14.0102 3.50254
14.1624 3.35025
14.1624 3.35025
14.3147 3.19797
14.467 3.04569
14.467 2.8934
14.6193 2.74112
14.7716 2.58883
14.7716 2.43655
14.9239 2.43655
15.0761 2.28426
15.0761 2.13198
15.2284 1.9797
15.3807 1.82741
15.3807 1.67513
15.533 1.52284
15.6853 1.37056
15.6853 1.21827
15.8376 1.06599
15.8376 0.913706
15.9898 0.761421
16.1421 0.609137
16.1421 0.456853
16.1421 0.304569
16.2944 0
16.2944 -0.152284
16.2944 -0.304569
16.4467 -0.456853
16.4467 -0.609137
16.4467 -0.761421
