16.2944 -0.761421
16.2944 -0.913706
16.4467 -1.06599
16.4467 -1.37056
16.4467 -1.52284
16.599 -1.67513
16.599 -1.82741
16.599 -1.9797
16.7513 -2.28426
16.7513 -2.43655
16.7513 -2.58883
16.7513 -2.8934
16.7513 -3.04569
16.7513 -3.19797
16.9036 -3.50254
16.9036 -3.65482
16.9036 -3.80711
16.9036 -4.11168
16.7513 -4.26396
16.7513 -4.41624
16.7513 -4.56853
16.7513 -4.8731
16.7513 -5.02538
16.599 -5.17766
16.599 -5.48223
16.4467 -5.63452
16.4467 -5.7868
16.2944 -5.93909
16.2944 -6.09137
16.1421 -6.39594
15.9898 -6.54822
15.9898 -6.70051
15.8376 -6.85279
15.6853 -7.00508
15.533 -7.15736
15.3807 -7.30964
15.2284 -7.46193
15.0761 -7.61421
15.0761 -7.7665
14.9239 -7.7665
14.7716 -7.91878
14.6193 -8.07107
14.467 -8.22335
14.3147 -8.37563
14.1624 -8.52792
13.8579 -8.52792
13.7056 -8.6802
13.5533 -8.83249
13.401 -8.83249
13.2487 -8.98477
13.0964 -9.13706
12.9442 -9.28934
12.7919 -9.28934
12.6396 -9.44162
12.4873 -9.44162
12.335 -9.59391
12.1827 -9.74619
12.0305 -9.74619
11.8782 -9.89848
11.7259 -9.89848
11.4213 -10.0508
11.269 -10.203
11.1168 -10.203
10.9645 -10.3553
10.8122 -10.3553
10.6599 -10.5076
10.5076 -10.5076
10.203 -10.5076
10.0508 -10.6599
9.89848 -10.6599
9.74619 -10.8122
9.59391 -10.8122
9.44162 -10.8122
9.13706 -10.8122
8.98477 -10.9645
8.83249 -10.9645
8.6802 -10.9645
8.52792 -10.9645
8.37563 -11.1168
8.07107 -11.1168
7.91878 -11.1168
7.7665 -11.1168
7.61421 -11.1168
7.46193 -11.1168
7.15736 -11.1168
7.00508 -11.1168
6.85279 -11.1168
6.70051 -11.1168
6.54822 -11.1168
6.24365 -10.9645
6.09137 -10.9645
5.93909 -10.9645
5.7868 -10.9645
5.63452 -10.9645
5.48223 -10.8122
5.17766 -10.8122
5.02538 -10.8122
4.8731 -10.6599
4.72081 -10.6599
4.56853 -10.6599
4.41624 -10.5076
4.26396 -10.5076
4.11168 -10.3553
3.95939 -10.3553
3.80711 -10.203
3.65482 -10.203
3.50254 -10.0508
3.35025 -9.89848
3.19797 -9.89848
3.04569 -9.74619
2.8934 -9.74619
2.74112 -9.59391
2.58883 -9.44162
2.43655 -9.44162
2.28426 -9.28934
2.13198 -9.13706
2.13198 -9.13706
1.9797 -8.98477
1.82741 -8.83249
1.67513 -8.83249
1.52284 -8.6802
1.37056 -8.52792
1.21827 -8.52792
1.21827 -8.37563
1.06599 -8.22335
0.913706 -8.22335
0.761421 -8.07107
0.609137 -7.91878
0.609137 -7.91878
0.456853 -7.7665
0.304569 -7.61421
0.152284 -7.61421
0.152284 -7.46193
0 -7.30964
-0.152284 -7.30964
-0.304569 -7.15736
-0.304569 -7.00508
-0.456853 -6.85279
-0.609137 -6.85279
-0.761421 -6.70051
-0.761421 -6.54822
-0.913706 -6.39594
-1.06599 -6.39594
-1.06599 -6.24365
-1.21827 -6.09137
-1.37056 -5.93909
-1.37056 -5.7868
-1.52284 -5.7868
-1.67513 -5.63452
-1.67513 -5.48223
-1.82741 -5.32995
-1.9797 -5.17766
-1.9797 -5.02538
-2.13198 -5.02538
-2.13198 -4.8731
-2.28426 -4.72081
-2.43655 -4.56853
-2.43655 -4.41624
-2.58883 -4.26396
-2.58883 -4.11168
-2.74112 -3.95939
-2.74112 -3.80711
-2.8934 -3.65482
-2.8934 -3.50254
-3.04569 -3.35025
-3.04569 -3.19797
-3.19797 -3.04569
-3.19797 -2.8934
-3.35025 -2.74112
-3.35025 -2.58883
-3.50254 -2.43655
-3.50254 -2.28426
-3.65482 -2.13198
-3.65482 -1.9797
-3.80711 -1.82741
-3.80711 -1.67513
-3.80711 -1.52284
-3.95939 -1.21827
-3.95939 -1.06599
-4.11168 -0.913706
-4.11168 -0.761421
-4.11168 -0.609137
-4.11168 -0.456853
-4.26396 -0.152284
-4.26396 0
-4.26396 0.152284
-4.26396 0.304569
-4.26396 0.456853
-4.41624 0.761421
-4.41624 0.913706
-4.41624 1.06599
-4.41624 1.21827
-4.41624 1.52284
-4.26396 1.67513
-4.26396 1.82741
-4.26396 1.9797
-4.26396 2.28426
-4.26396 2.43655
-4.11168 2.58883
-4.11168 2.74112
-4.11168 2.8934
-3.95939 3.19797
-3.95939 3.35025
-3.95939 3.50254
-3.80711 3.65482
-3.80711 3.80711
-3.65482 3.95939
-3.65482 4.11168
-3.50254 4.41624
-3.35025 4.56853
-3.35025 4.72081
-3.19797 4.8731
-3.19797 5.02538
-3.04569 5.17766
-2.8934 5.32995
-2.8934 5.48223
-2.74112 5.63452
-2.58883 5.7868
-2.58883 5.93909
-2.43655 6.09137
-2.28426 6.24365
-2.28426 6.54822
-2.13198 6.70051
-1.9797 6.85279
-1.82741 7.00508
-1.67513 7.15736
-1.67513 7.30964
-1.52284 7.46193
-1.37056 7.46193
-1.21827 7.61421
-1.06599 7.7665
-0.913706 7.91878
-0.761421 8.07107
-0.609137 8.22335
-0.456853 8.37563
-0.304569 8.52792
-0.152284 8.52792
0 8.6802
0.152284 8.83249
0.304569 8.83249
0.456853 8.98477
0.609137 9.13706
0.913706 9.13706
1.06599 9.28934
1.21827 9.28934
1.37056 9.44162
1.52284 9.44162
1.82741 9.44162
1.9797 9.59391
2.13198 9.59391
2.28426 9.59391
2.58883 9.59391
2.74112 9.59391
2.8934 9.74619
3.19797 9.74619
3.35025 9.74619
3.50254 9.74619
3.65482 9.74619
3.95939 9.74619
4.11168 9.74619
4.26396 9.59391
4.41624 9.59391
4.72081 9.59391
4.8731 9.59391
5.02538 9.59391
5.17766 9.44162
5.32995 9.44162
5.63452 9.44162
5.7868 9.44162
5.93909 9.28934
6.09137 9.28934
6.24365 9.13706
6.39594 9.13706
6.70051 9.13706
6.85279 8.98477
7.00508 8.98477
7.15736 8.83249
7.30964 8.83249
7.46193 8.6802
7.61421 8.6802
7.7665 8.52792
7.91878 8.52792
8.07107 8.37563
8.22335 8.37563
8.37563 8.22335
8.52792 8.22335
8.6802 8.07107
8.83249 8.07107
8.98477 7.91878
9.13706 7.7665
9.13706 7.7665
9.28934 7.61421
9.44162 7.61421
9.59391 7.46193
9.74619 7.46193
9.89848 7.30964
10.0508 7.15736
10.203 7.15736
10.203 7.00508
10.3553 7.00508
10.5076 6.85279
10.6599 6.85279
10.8122 6.70051
10.9645 6.54822
10.9645 6.54822
11.1168 6.39594
11.269 6.39594
11.4213 6.24365
11.5736 6.09137
11.5736 6.09137
11.7259 5.93909
11.8782 5.93909
12.0305 5.7868
12.1827 5.63452
12.1827 5.63452
12.335 5.48223
12.4873 5.32995
12.6396 5.32995
12.6396 5.17766
12.7919 5.02538
12.9442 5.02538
13.0964 4.8731
13.0964 4.72081
13.2487 4.56853
13.401 4.56853
13.5533 4.41624
13.5533 4.26396
13.7056 4.11168
13.8579 4.11168
13.8579 3.95939
14.0102 3.80711
14.1624 3.65482
14.1624 3.50254
14.3147 3.35025
14.467 3.35025
14.467 3.19797
14.6193 3.04569
14.7716 2.8934
14.7716 2.74112
14.9239 2.58883
14.9239 2.43655
15.0761 2.28426
15.0761 2.13198
15.2284 1.9797
15.3807 1.82741
15.3807 1.67513
15.533 1.52284
15.533 1.37056
15.533 1.21827
15.6853 1.06599
15.6853 0.913706
15.8376 0.761421
15.8376 0.609137
15.9898 0.456853
15.9898 0.304569
15.9898 0.152284
16.1421 0
16.1421 -0.304569
16.1421 -0.456853
16.2944 -0.609137
