15.2284 -0.152284
15.2284 -0.304569
15.3807 -0.456853
15.3807 -0.609137
15.533 -0.761421
15.533 -0.913706
15.6853 -1.21827
15.6853 -1.37056
15.8376 -1.52284
15.8376 -1.67513
15.8376 -1.9797
15.9898 -2.13198
15.9898 -2.28426
15.9898 -2.43655
15.9898 -2.74112
15.9898 -2.8934
15.9898 -3.04569
15.9898 -3.35025
15.9898 -3.50254
15.9898 -3.65482
15.9898 -3.80711
15.9898 -4.11168
15.9898 -4.26396
15.8376 -4.41624
15.8376 -4.72081
15.6853 -4.8731
15.6853 -5.02538
15.533 -5.17766
15.533 -5.32995
15.3807 -5.48223
15.2284 -5.7868
15.2284 -5.93909
15.0761 -6.09137
14.9239 -6.24365
14.7716 -6.39594
14.7716 -6.54822
14.6193 -6.70051
14.467 -6.70051
14.3147 -6.85279
14.1624 -7.00508
14.0102 -7.15736
13.8579 -7.30964
13.7056 -7.46193
13.5533 -7.46193
13.401 -7.61421
13.2487 -7.7665
13.0964 -7.91878
12.9442 -7.91878
12.7919 -8.07107
12.6396 -8.22335
12.4873 -8.22335
12.1827 -8.37563
12.0305 -8.37563
11.8782 -8.52792
11.7259 -8.6802
11.5736 -8.6802
11.4213 -8.83249
11.269 -8.83249
11.1168 -8.98477
10.9645 -8.98477
10.8122 -9.13706
10.6599 -9.13706
10.3553 -9.28934
10.203 -9.28934
10.0508 -9.28934
9.89848 -9.44162
9.74619 -9.44162
9.59391 -9.44162
9.44162 -9.59391
9.13706 -9.59391
8.98477 -9.59391
8.83249 -9.59391
8.6802 -9.74619
8.52792 -9.74619
8.37563 -9.74619
8.07107 -9.74619
7.91878 -9.74619
7.7665 -9.74619
7.61421 -9.74619
7.46193 -9.74619
7.30964 -9.74619
7.00508 -9.74619
6.85279 -9.74619
6.70051 -9.74619
6.54822 -9.74619
6.39594 -9.74619
6.24365 -9.59391
6.09137 -9.59391
5.93909 -9.59391
5.7868 -9.59391
5.48223 -9.59391
5.32995 -9.44162
5.17766 -9.44162
5.02538 -9.44162
4.8731 -9.44162
4.72081 -9.28934
4.56853 -9.28934
4.41624 -9.28934
4.26396 -9.28934
4.11168 -9.13706
3.95939 -9.13706
3.80711 -9.13706
3.65482 -8.98477
3.50254 -8.98477
3.35025 -8.98477
3.19797 -8.83249
3.04569 -8.83249
2.8934 -8.83249
2.74112 -8.6802
2.58883 -8.6802
2.43655 -8.52792
2.28426 -8.52792
2.13198 -8.37563
1.9797 -8.37563
1.82741 -8.22335
1.82741 -8.22335
1.67513 -8.07107
1.52284 -8.07107
1.37056 -7.91878
1.21827 -7.91878
1.06599 -7.7665
0.913706 -7.7665
0.913706 -7.61421
0.761421 -7.46193
0.609137 -7.46193
0.456853 -7.30964
0.304569 -7.15736
0.304569 -7.15736
0.152284 -7.00508
0 -6.85279
-0.152284 -6.85279
-0.152284 -6.70051
-0.304569 -6.54822
-0.456853 -6.54822
-0.456853 -6.39594
-0.609137 -6.24365
-0.761421 -6.09137
-0.761421 -6.09137
-0.913706 -5.93909
-1.06599 -5.7868
-1.06599 -5.63452
-1.21827 -5.63452
-1.37056 -5.48223
-1.37056 -5.32995
-1.52284 -5.17766
-1.67513 -5.02538
-1.67513 -5.02538
-1.82741 -4.8731
-1.82741 -4.72081
-1.9797 -4.56853
-2.13198 -4.56853
-2.13198 -4.41624
-2.28426 -4.26396
-2.43655 -4.11168
-2.43655 -3.95939
-2.58883 -3.80711
-2.74112 -3.80711
-2.74112 -3.65482
-2.8934 -3.50254
-3.04569 -3.35025
-3.04569 -3.19797
-3.19797 -3.04569
-3.35025 -2.8934
-3.35025 -2.74112
-3.50254 -2.74112
-3.50254 -2.58883
-3.65482 -2.43655
-3.80711 -2.28426
-3.80711 -2.13198
-3.95939 -1.9797
-3.95939 -1.82741
-4.11168 -1.67513
-4.26396 -1.52284
-4.26396 -1.21827
-4.41624 -1.06599
-4.41624 -0.913706
-4.56853 -0.761421
-4.56853 -0.609137
-4.72081 -0.456853
-4.72081 -0.304569
-4.8731 -0.152284
-4.8731 0.152284
-4.8731 0.304569
-5.02538 0.456853
-5.02538 0.609137
-5.02538 0.913706
-5.02538 1.06599
-5.02538 1.21827
-5.17766 1.37056
-5.17766 1.67513
-5.17766 1.82741
-5.17766 1.9797
-5.02538 2.13198
-5.02538 2.43655
-5.02538 2.58883
-5.02538 2.74112
-4.8731 2.8934
-4.8731 3.04569
-4.8731 3.35025
-4.72081 3.50254
-4.72081 3.65482
-4.56853 3.80711
-4.56853 3.95939
-4.41624 4.11168
-4.26396 4.26396
-4.26396 4.41624
-4.11168 4.72081
-4.11168 4.8731
-3.95939 5.02538
-3.80711 5.17766
-3.80711 5.32995
-3.65482 5.48223
-3.50254 5.63452
-3.35025 5.7868
-3.35025 5.93909
-3.19797 6.09137
-3.04569 6.24365
-2.8934 6.39594
-2.8934 6.54822
-2.74112 6.70051
-2.58883 6.85279
-2.58883 7.00508
-2.43655 7.15736
-2.28426 7.15736
-2.13198 7.30964
-2.13198 7.46193
-1.9797 7.61421
-1.82741 7.7665
-1.67513 7.91878
-1.52284 8.07107
-1.37056 8.22335
-1.21827 8.37563
-1.21827 8.52792
-1.06599 8.6802
-0.913706 8.6802
-0.761421 8.83249
-0.609137 8.98477
-0.456853 9.13706
-0.304569 9.13706
-0.152284 9.28934
0.152284 9.44162
0.304569 9.44162
0.456853 9.59391
0.609137 9.59391
0.761421 9.59391
0.913706 9.74619
1.21827 9.74619
1.37056 9.89848
1.52284 9.89848
1.67513 9.89848
1.9797 9.89848
2.13198 9.89848
2.28426 9.89848
2.43655 9.89848
2.74112 9.89848
2.8934 9.89848
3.04569 9.89848
3.19797 9.89848
3.35025 9.89848
3.65482 9.89848
3.80711 9.89848
3.95939 9.89848
4.11168 9.89848
4.26396 9.74619
4.56853 9.74619
4.72081 9.74619
4.8731 9.74619
5.02538 9.59391
5.17766 9.59391
5.32995 9.59391
5.48223 9.44162
5.7868 9.44162
5.93909 9.44162
6.09137 9.28934
6.24365 9.28934
6.39594 9.13706
6.54822 9.13706
6.70051 8.98477
6.85279 8.98477
7.00508 8.98477
7.15736 8.83249
7.30964 8.83249
7.46193 8.6802
7.61421 8.6802
7.7665 8.52792
7.91878 8.52792
7.91878 8.37563
8.07107 8.37563
8.22335 8.22335
8.37563 8.22335
8.52792 8.07107
8.6802 8.07107
8.83249 7.91878
8.98477 7.91878
9.13706 7.7665
9.13706 7.7665
9.28934 7.61421
9.44162 7.61421
9.59391 7.46193
9.74619 7.46193
9.89848 7.30964
9.89848 7.30964
10.0508 7.15736
10.203 7.15736
10.3553 7.00508
10.5076 6.85279
10.5076 6.85279
10.6599 6.70051
10.8122 6.70051
10.9645 6.54822
11.1168 6.54822
11.1168 6.39594
11.269 6.24365
11.4213 6.24365
11.5736 6.09137
11.5736 5.93909
11.7259 5.93909
11.8782 5.7868
12.0305 5.7868
12.0305 5.63452
12.1827 5.48223
12.335 5.32995
12.4873 5.32995
12.4873 5.17766
12.6396 5.02538
12.7919 5.02538
12.7919 4.8731
12.9442 4.72081
13.0964 4.56853
13.0964 4.41624
13.2487 4.41624
13.401 4.26396
13.401 4.11168
13.5533 3.95939
13.5533 3.80711
13.7056 3.65482
13.8579 3.65482
13.8579 3.50254
14.0102 3.35025
14.0102 3.19797
14.1624 3.04569
14.1624 2.8934
14.3147 2.74112
14.3147 2.58883
14.467 2.43655
14.467 2.28426
14.6193 2.13198
14.6193 1.9797
14.7716 1.82741
14.7716 1.67513
14.7716 1.52284
14.9239 1.37056
14.9239 1.21827
14.9239 1.06599
15.0761 0.913706
15.0761 0.761421
15.0761 0.609137
15.2284 0.456853
15.2284 0.304569
15.2284 0.152284
