15.0761 0
15.0761 -0.304569
15.2284 -0.456853
15.2284 -0.609137
15.3807 -0.761421
15.3807 -0.913706
15.533 -1.06599
15.533 -1.37056
15.533 -1.52284
15.6853 -1.67513
15.6853 -1.82741
15.6853 -2.13198
15.8376 -2.28426
15.8376 -2.43655
15.8376 -2.74112
15.8376 -2.8934
15.8376 -3.04569
15.8376 -3.35025
15.8376 -3.50254
15.8376 -3.65482
15.8376 -3.95939
15.8376 -4.11168
15.8376 -4.26396
15.6853 -4.41624
15.6853 -4.72081
15.6853 -4.8731
15.533 -5.02538
15.533 -5.17766
15.3807 -5.32995
15.2284 -5.63452
15.2284 -5.7868
15.0761 -5.93909
14.9239 -6.09137
14.9239 -6.24365
14.7716 -6.39594
14.6193 -6.54822
14.467 -6.70051
14.3147 -6.85279
14.1624 -7.00508
14.0102 -7.00508
13.8579 -7.15736
13.7056 -7.30964
13.5533 -7.46193
13.401 -7.61421
13.2487 -7.61421
13.0964 -7.7665
12.9442 -7.91878
12.7919 -7.91878
12.6396 -8.07107
12.4873 -8.22335
12.1827 -8.22335
12.0305 -8.37563
11.8782 -8.37563
11.7259 -8.52792
11.5736 -8.6802
11.4213 -8.6802
11.269 -8.83249
11.1168 -8.83249
10.9645 -8.98477
10.8122 -8.98477
10.5076 -9.13706
10.3553 -9.13706
10.203 -9.13706
10.0508 -9.28934
9.89848 -9.28934
9.74619 -9.28934
9.59391 -9.44162
9.28934 -9.44162
9.13706 -9.44162
8.98477 -9.59391
8.83249 -9.59391
8.6802 -9.59391
8.52792 -9.59391
8.37563 -9.59391
8.07107 -9.59391
7.91878 -9.74619
7.7665 -9.74619
7.61421 -9.74619
7.46193 -9.74619
7.30964 -9.74619
7.00508 -9.74619
6.85279 -9.74619
6.70051 -9.74619
6.54822 -9.59391
6.39594 -9.59391
6.24365 -9.59391
6.09137 -9.59391
5.93909 -9.59391
5.63452 -9.59391
5.48223 -9.59391
5.32995 -9.44162
5.17766 -9.44162
5.02538 -9.44162
4.8731 -9.44162
4.72081 -9.44162
4.56853 -9.28934
4.41624 -9.28934
4.26396 -9.28934
4.11168 -9.13706
3.95939 -9.13706
3.80711 -9.13706
3.65482 -8.98477
3.50254 -8.98477
3.35025 -8.98477
3.19797 -8.83249
3.04569 -8.83249
2.8934 -8.83249
2.74112 -8.6802
2.58883 -8.6802
2.43655 -8.6802
2.28426 -8.52792
2.13198 -8.52792
1.9797 -8.37563
1.82741 -8.37563
1.67513 -8.22335
1.52284 -8.22335
1.52284 -8.07107
1.37056 -8.07107
1.21827 -7.91878
1.06599 -7.91878
0.913706 -7.7665
0.761421 -7.61421
0.609137 -7.61421
0.609137 -7.46193
0.456853 -7.46193
0.304569 -7.30964
0.152284 -7.15736
0.152284 -7.15736
0 -7.00508
-0.152284 -6.85279
-0.304569 -6.85279
-0.304569 -6.70051
-0.456853 -6.54822
-0.609137 -6.39594
-0.609137 -6.39594
-0.761421 -6.24365
-0.913706 -6.09137
-0.913706 -5.93909
-1.06599 -5.93909
-1.21827 -5.7868
-1.21827 -5.63452
-1.37056 -5.48223
-1.52284 -5.48223
-1.52284 -5.32995
-1.67513 -5.17766
-1.82741 -5.02538
-1.82741 -5.02538
-1.9797 -4.8731
-1.9797 -4.72081
-2.13198 -4.56853
-2.28426 -4.41624
-2.28426 -4.41624
-2.43655 -4.26396
-2.58883 -4.11168
-2.58883 -3.95939
-2.74112 -3.80711
-2.74112 -3.65482
-2.8934 -3.65482
-3.04569 -3.50254
-3.04569 -3.35025
-3.19797 -3.19797
-3.19797 -3.04569
-3.35025 -2.8934
-3.50254 -2.74112
-3.50254 -2.58883
-3.65482 -2.43655
-3.80711 -2.28426
-3.80711 -2.13198
-3.95939 -1.9797
-3.95939 -1.82741
-4.11168 -1.67513
-4.11168 -1.52284
-4.26396 -1.37056
-4.41624 -1.21827
-4.41624 -1.06599
-4.56853 -0.913706
-4.56853 -0.761421
-4.72081 -0.609137
-4.72081 -0.456853
-4.8731 -0.304569
-4.8731 0
-4.8731 0.152284
-5.02538 0.304569
-5.02538 0.456853
-5.02538 0.609137
-5.17766 0.913706
-5.17766 1.06599
-5.17766 1.21827
-5.17766 1.37056
-5.17766 1.67513
-5.17766 1.82741
-5.17766 1.9797
-5.17766 2.13198
-5.17766 2.43655
-5.17766 2.58883
-5.17766 2.74112
-5.02538 2.8934
-5.02538 3.04569
-5.02538 3.35025
-4.8731 3.50254
-4.8731 3.65482
-4.8731 3.80711
-4.72081 3.95939
-4.72081 4.11168
-4.56853 4.41624
-4.56853 4.56853
-4.41624 4.72081
-4.26396 4.8731
-4.26396 5.02538
-4.11168 5.17766
-4.11168 5.32995
-3.95939 5.48223
-3.80711 5.63452
-3.80711 5.7868
-3.65482 6.09137
-3.50254 6.24365
-3.50254 6.39594
-3.35025 6.54822
-3.19797 6.70051
-3.19797 6.85279
-3.04569 7.00508
-2.8934 7.15736
-2.8934 7.30964
-2.74112 7.46193
-2.58883 7.61421
-2.58883 7.7665
-2.43655 7.91878
-2.28426 8.22335
-2.13198 8.37563
-1.9797 8.52792
-1.9797 8.6802
-1.82741 8.6802
-1.67513 8.83249
-1.52284 8.98477
-1.37056 9.13706
-1.21827 9.28934
-1.06599 9.44162
-0.913706 9.59391
-0.761421 9.59391
-0.456853 9.74619
-0.304569 9.89848
-0.152284 9.89848
0 10.0508
0.152284 10.0508
0.456853 10.0508
0.609137 10.203
0.761421 10.203
1.06599 10.203
1.21827 10.203
1.37056 10.3553
1.67513 10.3553
1.82741 10.3553
1.9797 10.3553
2.13198 10.3553
2.43655 10.3553
2.58883 10.3553
2.74112 10.203
3.04569 10.203
3.19797 10.203
3.35025 10.203
3.50254 10.203
3.80711 10.0508
3.95939 10.0508
4.11168 10.0508
4.26396 10.0508
4.56853 9.89848
4.72081 9.89848
4.8731 9.89848
5.02538 9.89848
5.17766 9.74619
5.32995 9.74619
5.48223 9.74619
5.7868 9.59391
5.93909 9.59391
6.09137 9.59391
6.24365 9.44162
6.39594 9.44162
6.54822 9.44162
6.70051 9.28934
6.85279 9.28934
7.00508 9.13706
7.15736 9.13706
7.30964 8.98477
7.46193 8.98477
7.61421 8.98477
7.7665 8.83249
7.91878 8.83249
8.07107 8.6802
8.22335 8.6802
8.37563 8.52792
8.52792 8.52792
8.6802 8.37563
8.6802 8.22335
8.83249 8.22335
8.98477 8.07107
9.13706 8.07107
9.28934 7.91878
9.44162 7.7665
9.59391 7.7665
9.59391 7.61421
9.74619 7.46193
9.89848 7.46193
10.0508 7.30964
10.0508 7.15736
10.203 7.15736
10.3553 7.00508
10.5076 6.85279
10.5076 6.85279
10.6599 6.70051
10.8122 6.54822
10.9645 6.54822
10.9645 6.39594
11.1168 6.24365
11.269 6.24365
11.269 6.09137
11.4213 5.93909
11.5736 5.93909
11.5736 5.7868
11.7259 5.63452
11.8782 5.48223
11.8782 5.48223
12.0305 5.32995
12.1827 5.17766
12.1827 5.02538
12.335 5.02538
12.4873 4.8731
12.4873 4.72081
12.6396 4.56853
12.7919 4.56853
12.7919 4.41624
12.9442 4.26396
12.9442 4.11168
13.0964 3.95939
13.2487 3.95939
13.2487 3.80711
13.401 3.65482
13.401 3.50254
13.5533 3.35025
13.5533 3.19797
13.7056 3.04569
13.8579 3.04569
13.8579 2.8934
14.0102 2.74112
14.0102 2.58883
14.1624 2.43655
14.1624 2.28426
14.3147 2.13198
14.3147 1.9797
14.3147 1.82741
14.467 1.67513
14.467 1.52284
14.6193 1.37056
14.6193 1.21827
14.7716 1.06599
14.7716 0.913706
14.7716 0.761421
14.9239 0.609137
14.9239 0.456853
14.9239 0.304569
15.0761 0.152284
