14.7716 0.456853
14.7716 0.152284
14.9239 0
14.9239 -0.152284
15.0761 -0.304569
15.0761 -0.456853
15.2284 -0.609137
15.2284 -0.913706
15.3807 -1.06599
15.3807 -1.21827
15.3807 -1.37056
15.533 -1.67513
15.533 -1.82741
15.533 -1.9797
15.533 -2.28426
15.533 -2.43655
15.6853 -2.58883
15.6853 -2.8934
15.6853 -3.04569
15.6853 -3.19797
15.533 -3.50254
15.533 -3.65482
15.533 -3.80711
15.533 -4.11168
15.3807 -4.26396
15.3807 -4.41624
15.2284 -4.56853
15.2284 -4.8731
15.0761 -5.02538
15.0761 -5.17766
14.9239 -5.32995
14.7716 -5.48223
14.6193 -5.63452
14.6193 -5.7868
14.467 -5.93909
14.3147 -6.09137
14.1624 -6.24365
14.0102 -6.39594
13.8579 -6.54822
13.7056 -6.70051
13.5533 -6.85279
13.401 -6.85279
13.2487 -7.00508
13.0964 -7.15736
12.9442 -7.30964
12.7919 -7.30964
12.6396 -7.46193
12.4873 -7.61421
12.1827 -7.61421
12.0305 -7.7665
11.8782 -7.91878
11.7259 -7.91878
11.5736 -8.07107
11.4213 -8.07107
11.269 -8.22335
11.1168 -8.37563
10.9645 -8.37563
10.8122 -8.52792
10.5076 -8.52792
10.3553 -8.6802
10.203 -8.6802
10.0508 -8.83249
9.89848 -8.83249
9.74619 -8.83249
9.59391 -8.98477
9.44162 -8.98477
9.13706 -9.13706
8.98477 -9.13706
8.83249 -9.13706
8.6802 -9.13706
8.52792 -9.28934
8.37563 -9.28934
8.07107 -9.28934
7.91878 -9.28934
7.7665 -9.28934
7.61421 -9.28934
7.46193 -9.44162
7.30964 -9.44162
7.00508 -9.44162
6.85279 -9.44162
6.70051 -9.44162
6.54822 -9.44162
6.39594 -9.44162
6.24365 -9.28934
5.93909 -9.28934
5.7868 -9.28934
5.63452 -9.28934
5.48223 -9.28934
5.32995 -9.28934
5.17766 -9.28934
5.02538 -9.13706
4.8731 -9.13706
4.72081 -9.13706
4.41624 -9.13706
4.26396 -8.98477
4.11168 -8.98477
3.95939 -8.98477
3.80711 -8.98477
3.65482 -8.83249
3.50254 -8.83249
3.35025 -8.83249
3.19797 -8.6802
3.04569 -8.6802
2.8934 -8.6802
2.74112 -8.52792
2.58883 -8.52792
2.43655 -8.52792
2.28426 -8.37563
2.13198 -8.37563
1.9797 -8.22335
1.82741 -8.22335
1.67513 -8.07107
1.52284 -8.07107
1.37056 -7.91878
1.21827 -7.91878
1.21827 -7.7665
1.06599 -7.7665
0.913706 -7.61421
0.761421 -7.61421
0.609137 -7.46193
0.456853 -7.46193
0.304569 -7.30964
0.304569 -7.15736
0.152284 -7.15736
0 -7.00508
-0.152284 -6.85279
-0.304569 -6.85279
-0.304569 -6.70051
-0.456853 -6.54822
-0.609137 -6.54822
-0.761421 -6.39594
-0.761421 -6.24365
-0.913706 -6.09137
-1.06599 -6.09137
-1.06599 -5.93909
-1.21827 -5.7868
-1.37056 -5.63452
-1.37056 -5.63452
-1.52284 -5.48223
-1.67513 -5.32995
-1.67513 -5.17766
-1.82741 -5.17766
-1.9797 -5.02538
-1.9797 -4.8731
-2.13198 -4.72081
-2.13198 -4.56853
-2.28426 -4.56853
-2.43655 -4.41624
-2.43655 -4.26396
-2.58883 -4.11168
-2.74112 -3.95939
-2.74112 -3.95939
-2.8934 -3.80711
-2.8934 -3.65482
-3.04569 -3.50254
-3.19797 -3.35025
-3.19797 -3.19797
-3.35025 -3.19797
-3.35025 -3.04569
-3.50254 -2.8934
-3.65482 -2.74112
-3.65482 -2.58883
-3.80711 -2.43655
-3.80711 -2.28426
-3.95939 -2.13198
-3.95939 -1.9797
-4.11168 -1.82741
-4.26396 -1.67513
-4.26396 -1.52284
-4.41624 -1.37056
-4.41624 -1.21827
-4.56853 -1.06599
-4.56853 -0.913706
-4.72081 -0.761421
-4.72081 -0.609137
-4.8731 -0.456853
-4.8731 -0.304569
-5.02538 -0.152284
-5.02538 0
-5.02538 0.152284
-5.17766 0.456853
-5.17766 0.609137
-5.17766 0.761421
-5.32995 0.913706
-5.32995 1.06599
-5.32995 1.37056
-5.32995 1.52284
-5.32995 1.67513
-5.48223 1.82741
-5.48223 1.9797
-5.48223 2.28426
-5.32995 2.43655
-5.32995 2.58883
-5.32995 2.74112
-5.32995 3.04569
-5.32995 3.19797
-5.32995 3.35025
-5.17766 3.50254
-5.17766 3.65482
-5.17766 3.80711
-5.02538 4.11168
-5.02538 4.26396
-4.8731 4.41624
-4.8731 4.56853
-4.72081 4.72081
-4.72081 4.8731
-4.56853 5.02538
-4.56853 5.17766
-4.41624 5.32995
-4.26396 5.48223
-4.26396 5.7868
-4.11168 5.93909
-4.11168 6.09137
-3.95939 6.24365
-3.80711 6.39594
-3.80711 6.54822
-3.65482 6.70051
-3.50254 6.85279
-3.50254 7.00508
-3.35025 7.15736
-3.35025 7.30964
-3.19797 7.46193
-3.04569 7.61421
-3.04569 7.7665
-2.8934 8.07107
-2.74112 8.22335
-2.74112 8.37563
-2.58883 8.52792
-2.43655 8.6802
-2.28426 8.83249
-2.13198 8.98477
-1.9797 9.13706
-1.9797 9.28934
-1.82741 9.44162
-1.67513 9.44162
-1.52284 9.59391
-1.37056 9.74619
-1.21827 9.89848
-1.06599 10.0508
-0.761421 10.0508
-0.609137 10.203
-0.456853 10.203
-0.304569 10.3553
-0.152284 10.3553
0.152284 10.5076
0.304569 10.5076
0.456853 10.5076
0.609137 10.5076
0.913706 10.6599
1.06599 10.6599
1.21827 10.6599
1.52284 10.6599
1.67513 10.6599
1.82741 10.6599
2.13198 10.6599
2.28426 10.5076
2.43655 10.5076
2.58883 10.5076
2.8934 10.5076
3.04569 10.5076
3.19797 10.3553
3.35025 10.3553
3.65482 10.3553
3.80711 10.3553
3.95939 10.203
4.11168 10.203
4.26396 10.203
4.41624 10.0508
4.72081 10.0508
4.8731 10.0508
5.02538 9.89848
5.17766 9.89848
5.32995 9.89848
5.48223 9.74619
5.63452 9.74619
5.7868 9.74619
5.93909 9.59391
6.09137 9.59391
6.24365 9.59391
6.39594 9.44162
6.54822 9.44162
6.70051 9.44162
6.85279 9.28934
7.00508 9.28934
7.15736 9.13706
7.30964 9.13706
7.46193 8.98477
7.61421 8.98477
7.7665 8.83249
7.91878 8.83249
8.07107 8.83249
8.22335 8.6802
8.37563 8.6802
8.37563 8.52792
8.52792 8.37563
8.6802 8.37563
8.83249 8.22335
8.98477 8.22335
9.13706 8.07107
9.28934 8.07107
9.28934 7.91878
9.44162 7.91878
9.59391 7.7665
9.74619 7.61421
9.89848 7.61421
9.89848 7.46193
10.0508 7.30964
10.203 7.30964
10.3553 7.15736
10.3553 7.15736
10.5076 7.00508
10.6599 6.85279
10.8122 6.85279
10.8122 6.70051
10.9645 6.54822
11.1168 6.54822
11.1168 6.39594
11.269 6.24365
11.4213 6.24365
11.5736 6.09137
11.5736 5.93909
11.7259 5.7868
11.8782 5.7868
11.8782 5.63452
12.0305 5.48223
12.1827 5.32995
12.1827 5.32995
12.335 5.17766
12.4873 5.02538
12.4873 4.8731
12.6396 4.8731
12.6396 4.72081
12.7919 4.56853
12.9442 4.41624
12.9442 4.26396
13.0964 4.11168
13.0964 3.95939
13.2487 3.95939
13.2487 3.80711
13.401 3.65482
13.5533 3.50254
13.5533 3.35025
13.7056 3.19797
13.7056 3.04569
13.8579 2.8934
13.8579 2.74112
14.0102 2.58883
14.0102 2.43655
14.0102 2.28426
14.1624 2.13198
14.1624 1.9797
14.3147 1.82741
14.3147 1.67513
14.467 1.52284
14.467 1.37056
14.467 1.21827
14.6193 1.06599
14.6193 0.913706
14.6193 0.761421
14.7716 0.609137
