14.3147 1.06599
14.467 0.913706
14.7716 0.761421
14.7716 0.456853
14.9239 0.304569
15.0761 0.152284
15.0761 0
15.2284 -0.304569
15.2284 -0.456853
15.2284 -0.609137
15.2284 -0.761421
15.2284 -1.06599
15.0761 -1.21827
15.0761 -1.37056
14.9239 -1.52284
14.9239 -1.67513
14.7716 -1.82741
14.6193 -1.9797
14.6193 -2.13198
14.467 -2.28426
14.3147 -2.43655
14.1624 -2.58883
14.1624 -2.74112
14.0102 -2.8934
13.8579 -3.04569
13.7056 -3.19797
13.7056 -3.35025
13.5533 -3.50254
13.401 -3.65482
13.401 -3.80711
13.2487 -3.95939
13.0964 -4.11168
13.0964 -4.26396
12.9442 -4.41624
12.7919 -4.41624
12.7919 -4.56853
12.6396 -4.72081
12.4873 -4.8731
12.4873 -5.02538
12.335 -5.17766
12.1827 -5.32995
12.1827 -5.48223
12.0305 -5.63452
11.8782 -5.7868
11.7259 -5.93909
11.7259 -6.09137
11.5736 -6.09137
11.4213 -6.24365
11.269 -6.39594
11.269 -6.54822
11.1168 -6.70051
10.9645 -6.70051
10.8122 -6.85279
10.6599 -7.00508
10.5076 -7.15736
10.3553 -7.15736
10.203 -7.30964
10.0508 -7.46193
9.89848 -7.46193
9.74619 -7.61421
9.59391 -7.61421
9.44162 -7.7665
9.28934 -7.7665
9.13706 -7.91878
8.98477 -7.91878
8.83249 -8.07107
8.6802 -8.07107
8.52792 -8.07107
8.37563 -8.22335
8.22335 -8.22335
8.07107 -8.22335
7.91878 -8.22335
7.61421 -8.37563
7.46193 -8.37563
7.30964 -8.37563
7.15736 -8.37563
7.00508 -8.37563
6.85279 -8.37563
6.70051 -8.37563
6.39594 -8.37563
6.24365 -8.37563
6.09137 -8.37563
5.93909 -8.37563
5.7868 -8.37563
5.63452 -8.37563
5.48223 -8.22335
5.32995 -8.22335
5.17766 -8.22335
5.02538 -8.22335
4.72081 -8.22335
4.56853 -8.07107
4.41624 -8.07107
4.26396 -8.07107
4.11168 -7.91878
3.95939 -7.91878
3.80711 -7.91878
3.65482 -7.91878
3.50254 -7.7665
3.35025 -7.7665
3.19797 -7.7665
3.04569 -7.61421
2.8934 -7.61421
2.74112 -7.46193
2.74112 -7.46193
2.58883 -7.46193
2.43655 -7.30964
2.28426 -7.30964
2.13198 -7.30964
1.9797 -7.15736
1.82741 -7.15736
1.67513 -7.00508
1.52284 -7.00508
1.37056 -6.85279
1.21827 -6.85279
1.21827 -6.70051
1.06599 -6.70051
0.913706 -6.54822
0.761421 -6.54822
0.609137 -6.39594
0.456853 -6.39594
0.456853 -6.24365
0.304569 -6.24365
0.152284 -6.09137
0 -6.09137
0 -5.93909
-0.152284 -5.7868
-0.304569 -5.7868
-0.456853 -5.63452
-0.456853 -5.63452
-0.609137 -5.48223
-0.761421 -5.32995
-0.913706 -5.32995
-0.913706 -5.17766
-1.06599 -5.02538
-1.21827 -5.02538
-1.21827 -4.8731
-1.37056 -4.72081
-1.52284 -4.72081
-1.52284 -4.56853
-1.67513 -4.41624
-1.82741 -4.41624
-1.82741 -4.26396
-1.9797 -4.11168
-2.13198 -4.11168
-2.28426 -3.95939
-2.28426 -3.80711
-2.43655 -3.80711
-2.58883 -3.65482
-2.74112 -3.50254
-2.74112 -3.35025
-2.8934 -3.35025
-3.04569 -3.19797
-3.04569 -3.04569
-3.19797 -2.8934
-3.35025 -2.8934
-3.50254 -2.74112
-3.50254 -2.58883
-3.65482 -2.43655
-3.80711 -2.43655
-3.95939 -2.28426
-3.95939 -2.13198
-4.11168 -1.9797
-4.26396 -1.82741
-4.26396 -1.67513
-4.41624 -1.52284
-4.41624 -1.37056
-4.56853 -1.21827
-4.72081 -1.06599
-4.72081 -0.913706
-4.8731 -0.761421
-4.8731 -0.609137
-5.02538 -0.456853
-5.02538 -0.304569
-5.02538 -0.152284
-5.17766 0
-5.17766 0.152284
-5.17766 0.304569
-5.32995 0.456853
-5.32995 0.761421
-5.32995 0.913706
-5.32995 1.06599
-5.32995 1.21827
-5.48223 1.37056
-5.48223 1.52284
-5.48223 1.67513
-5.48223 1.9797
-5.48223 2.13198
-5.48223 2.28426
-5.48223 2.43655
-5.32995 2.58883
-5.32995 2.74112
-5.32995 3.04569
-5.32995 3.19797
-5.17766 3.35025
-5.17766 3.50254
-5.17766 3.65482
-5.02538 3.80711
-5.02538 3.95939
-5.02538 4.11168
-4.8731 4.26396
-4.8731 4.41624
-4.72081 4.56853
-4.72081 4.8731
-4.56853 5.02538
-4.56853 5.17766
-4.41624 5.32995
-4.41624 5.48223
-4.26396 5.63452
-4.11168 5.7868
-4.11168 5.93909
-3.95939 6.09137
-3.95939 6.24365
-3.80711 6.39594
-3.65482 6.39594
-3.65482 6.54822
-3.50254 6.70051
-3.50254 6.85279
-3.35025 7.00508
-3.35025 7.15736
-3.19797 7.30964
-3.04569 7.46193
-3.04569 7.61421
-2.8934 7.91878
-2.8934 8.07107
-2.74112 8.22335
-2.58883 8.37563
-2.58883 8.52792
-2.43655 8.6802
-2.28426 8.83249
-2.13198 8.83249
-2.13198 8.98477
-1.9797 9.13706
-1.82741 9.28934
-1.67513 9.44162
-1.52284 9.59391
-1.37056 9.74619
-1.37056 9.89848
-1.21827 9.89848
-1.06599 10.0508
-0.761421 10.203
-0.609137 10.203
-0.456853 10.3553
-0.304569 10.3553
-0.152284 10.5076
0 10.5076
0.152284 10.5076
0.304569 10.6599
0.609137 10.6599
0.761421 10.6599
0.913706 10.6599
1.06599 10.6599
1.37056 10.6599
1.52284 10.6599
1.67513 10.6599
1.82741 10.6599
1.9797 10.6599
2.28426 10.6599
2.43655 10.6599
2.58883 10.6599
2.74112 10.6599
2.8934 10.5076
3.19797 10.5076
3.35025 10.5076
3.50254 10.5076
3.65482 10.3553
3.80711 10.3553
3.95939 10.3553
4.11168 10.3553
4.26396 10.203
4.41624 10.203
4.56853 10.203
4.72081 10.0508
5.02538 10.0508
5.17766 10.0508
5.32995 9.89848
5.48223 9.89848
5.63452 9.89848
5.7868 9.74619
5.7868 9.74619
5.93909 9.74619
6.09137 9.59391
6.24365 9.59391
6.39594 9.59391
6.54822 9.44162
6.70051 9.44162
6.85279 9.28934
7.00508 9.28934
7.15736 9.28934
7.30964 9.13706
7.46193 9.13706
7.61421 8.98477
7.61421 8.98477
7.7665 8.83249
7.91878 8.83249
8.07107 8.6802
8.22335 8.6802
8.37563 8.6802
8.52792 8.52792
8.52792 8.52792
8.6802 8.37563
8.83249 8.22335
8.98477 8.22335
9.13706 8.07107
9.13706 8.07107
9.28934 7.91878
9.44162 7.91878
9.59391 7.7665
9.74619 7.7665
9.74619 7.61421
9.89848 7.61421
10.0508 7.46193
10.203 7.30964
10.203 7.30964
10.3553 7.15736
10.5076 7.15736
10.6599 7.00508
10.6599 6.85279
10.8122 6.85279
10.9645 6.70051
11.1168 6.54822
11.1168 6.54822
11.269 6.39594
11.4213 6.24365
11.4213 6.24365
11.5736 6.09137
11.7259 5.93909
11.7259 5.93909
11.8782 5.7868
12.0305 5.63452
12.0305 5.48223
12.1827 5.32995
12.335 5.32995
12.335 5.17766
12.4873 5.02538
12.6396 4.8731
12.6396 4.72081
12.7919 4.72081
12.7919 4.56853
12.9442 4.41624
13.0964 4.26396
13.0964 4.11168
13.2487 3.95939
13.2487 3.80711
13.401 3.65482
13.401 3.50254
13.5533 3.35025
13.5533 3.19797
13.7056 3.04569
13.7056 2.8934
13.7056 2.74112
13.8579 2.58883
13.8579 2.43655
14.0102 2.28426
14.0102 2.13198
14.1624 1.9797
14.1624 1.82741
14.1624 1.67513
14.3147 1.52284
14.3147 1.37056
14.467 1.21827
