14.3147 1.82741
14.3147 1.67513
14.3147 1.52284
14.3147 1.21827
14.3147 1.06599
14.3147 0.913706
14.3147 0.761421
14.3147 0.609137
14.3147 0.456853
14.3147 0.304569
14.1624 0
14.1624 -0.152284
14.1624 -0.304569
14.1624 -0.456853
14.0102 -0.609137
14.0102 -0.761421
14.0102 -0.913706
13.8579 -1.21827
13.8579 -1.37056
13.8579 -1.52284
13.7056 -1.67513
13.7056 -1.82741
13.5533 -1.9797
13.5533 -2.13198
13.401 -2.28426
13.401 -2.43655
13.401 -2.58883
13.2487 -2.74112
13.2487 -2.8934
13.0964 -3.19797
12.9442 -3.35025
12.9442 -3.50254
12.7919 -3.65482
12.7919 -3.80711
12.6396 -3.95939
12.6396 -4.11168
12.4873 -4.26396
12.335 -4.41624
12.335 -4.56853
12.1827 -4.72081
12.0305 -4.72081
11.8782 -4.8731
11.8782 -5.02538
11.7259 -5.17766
11.5736 -5.32995
11.4213 -5.48223
11.269 -5.63452
11.1168 -5.63452
10.9645 -5.7868
10.8122 -5.93909
10.8122 -5.93909
10.6599 -6.09137
10.5076 -6.24365
10.203 -6.24365
10.0508 -6.39594
9.89848 -6.39594
9.74619 -6.54822
9.59391 -6.54822
9.44162 -6.70051
9.28934 -6.70051
9.13706 -6.85279
8.98477 -6.85279
8.83249 -6.85279
8.6802 -7.00508
8.52792 -7.00508
8.22335 -7.00508
8.07107 -7.00508
7.91878 -7.15736
7.7665 -7.15736
7.61421 -7.15736
7.46193 -7.15736
7.30964 -7.30964
7.15736 -7.30964
7.00508 -7.30964
6.85279 -7.30964
6.70051 -7.46193
6.39594 -7.46193
6.24365 -7.46193
6.09137 -7.46193
5.93909 -7.46193
5.7868 -7.46193
5.63452 -7.46193
5.48223 -7.61421
5.32995 -7.61421
5.17766 -7.61421
5.02538 -7.61421
4.8731 -7.61421
4.72081 -7.61421
4.56853 -7.61421
4.26396 -7.61421
4.11168 -7.61421
3.95939 -7.61421
3.80711 -7.46193
3.65482 -7.46193
3.50254 -7.46193
3.35025 -7.46193
3.19797 -7.46193
3.04569 -7.30964
2.8934 -7.30964
2.74112 -7.15736
2.58883 -7.15736
2.43655 -7.15736
2.28426 -7.00508
2.13198 -7.00508
1.9797 -6.85279
1.82741 -6.85279
1.67513 -6.70051
1.52284 -6.54822
1.52284 -6.54822
1.37056 -6.39594
1.21827 -6.39594
1.06599 -6.24365
0.913706 -6.09137
0.761421 -6.09137
0.761421 -5.93909
0.609137 -5.93909
0.456853 -5.7868
0.304569 -5.63452
0.152284 -5.63452
0.152284 -5.48223
0 -5.48223
-0.152284 -5.32995
-0.304569 -5.17766
-0.304569 -5.17766
-0.456853 -5.02538
-0.609137 -5.02538
-0.761421 -4.8731
-0.913706 -4.8731
-0.913706 -4.72081
-1.06599 -4.72081
-1.21827 -4.56853
-1.37056 -4.41624
-1.37056 -4.41624
-1.52284 -4.26396
-1.67513 -4.26396
-1.82741 -4.11168
-1.9797 -4.11168
-1.9797 -3.95939
-2.13198 -3.80711
-2.28426 -3.80711
-2.43655 -3.65482
-2.43655 -3.50254
-2.58883 -3.50254
-2.74112 -3.35025
-2.8934 -3.19797
-2.8934 -3.19797
-3.04569 -3.04569
-3.19797 -2.8934
-3.35025 -2.8934
-3.35025 -2.74112
-3.50254 -2.58883
-3.65482 -2.43655
-3.65482 -2.28426
-3.80711 -2.28426
-3.80711 -2.13198
-3.95939 -1.9797
-4.11168 -1.82741
-4.11168 -1.67513
-4.26396 -1.52284
-4.26396 -1.37056
-4.41624 -1.21827
-4.41624 -1.21827
-4.56853 -1.06599
-4.56853 -0.913706
-4.72081 -0.761421
-4.72081 -0.609137
-4.8731 -0.456853
-4.8731 -0.304569
-5.02538 -0.152284
-5.02538 0
-5.02538 0.152284
-5.17766 0.304569
-5.17766 0.456853
-5.17766 0.609137
-5.17766 0.913706
-5.32995 1.06599
-5.32995 1.21827
-5.32995 1.37056
-5.32995 1.52284
-5.48223 1.67513
-5.48223 1.82741
-5.48223 1.9797
-5.48223 2.13198
-5.48223 2.28426
-5.48223 2.43655
-5.48223 2.74112
-5.48223 2.8934
-5.48223 3.04569
-5.48223 3.19797
-5.48223 3.35025
-5.48223 3.50254
-5.48223 3.65482
-5.48223 3.80711
-5.48223 4.11168
-5.32995 4.26396
-5.32995 4.41624
-5.32995 4.56853
-5.32995 4.72081
-5.32995 4.8731
-5.17766 5.02538
-5.17766 5.17766
-5.17766 5.32995
-5.02538 5.48223
-5.02538 5.7868
-4.8731 5.93909
-4.8731 6.09137
-4.8731 6.24365
-4.72081 6.39594
-4.72081 6.54822
-4.56853 6.70051
-4.56853 6.85279
-4.41624 7.00508
-4.41624 7.15736
-4.26396 7.30964
-4.11168 7.46193
-4.11168 7.61421
-3.95939 7.7665
-3.80711 7.91878
-3.80711 8.07107
-3.65482 8.22335
-3.50254 8.37563
-3.50254 8.37563
-3.35025 8.52792
-3.19797 8.6802
-3.04569 8.83249
-2.8934 8.98477
-2.8934 9.13706
-2.74112 9.13706
-2.58883 9.28934
-2.43655 9.44162
-2.28426 9.59391
-2.13198 9.59391
-1.9797 9.74619
-1.82741 9.89848
-1.67513 9.89848
-1.52284 10.0508
-1.37056 10.0508
-1.21827 10.203
-1.06599 10.203
-0.913706 10.3553
-0.761421 10.3553
-0.609137 10.5076
-0.456853 10.5076
-0.304569 10.5076
-0.152284 10.5076
0 10.6599
0.304569 10.6599
0.456853 10.6599
0.609137 10.6599
0.761421 10.6599
0.913706 10.8122
1.06599 10.8122
1.21827 10.8122
1.37056 10.8122
1.67513 10.8122
1.82741 10.8122
1.9797 10.8122
2.13198 10.8122
2.28426 10.8122
2.43655 10.6599
2.58883 10.6599
2.74112 10.6599
2.8934 10.6599
3.04569 10.6599
3.19797 10.6599
3.35025 10.6599
3.50254 10.5076
3.65482 10.5076
3.80711 10.5076
3.95939 10.5076
4.11168 10.3553
4.26396 10.3553
4.41624 10.3553
4.56853 10.3553
4.72081 10.3553
4.8731 10.203
5.02538 10.203
5.17766 10.203
5.32995 10.0508
5.48223 10.0508
5.63452 10.0508
5.7868 10.0508
5.93909 9.89848
6.09137 9.89848
6.09137 9.89848
6.24365 9.74619
6.39594 9.74619
6.54822 9.74619
6.70051 9.59391
6.85279 9.59391
7.00508 9.59391
7.15736 9.44162
7.30964 9.44162
7.30964 9.44162
7.46193 9.28934
7.61421 9.28934
7.7665 9.28934
7.91878 9.13706
8.07107 9.13706
8.22335 8.98477
8.22335 8.98477
8.37563 8.98477
8.52792 8.83249
8.6802 8.83249
8.83249 8.6802
8.98477 8.6802
8.98477 8.52792
9.13706 8.52792
9.28934 8.37563
9.44162 8.37563
9.59391 8.22335
9.74619 8.22335
9.74619 8.07107
9.89848 7.91878
10.0508 7.91878
10.203 7.7665
10.203 7.7665
10.3553 7.61421
10.5076 7.46193
10.6599 7.46193
10.6599 7.30964
10.8122 7.15736
10.9645 7.15736
10.9645 7.00508
11.1168 6.85279
11.269 6.70051
11.269 6.70051
11.4213 6.54822
11.5736 6.39594
11.5736 6.24365
11.7259 6.24365
11.8782 6.09137
11.8782 5.93909
12.0305 5.7868
12.0305 5.63452
12.1827 5.63452
12.335 5.48223
12.335 5.32995
12.4873 5.17766
12.4873 5.02538
12.6396 4.8731
12.7919 4.72081
12.7919 4.56853
12.9442 4.56853
12.9442 4.41624
13.0964 4.26396
13.0964 4.11168
13.2487 3.95939
13.2487 3.80711
13.401 3.65482
13.5533 3.50254
13.5533 3.35025
13.7056 3.19797
13.7056 3.04569
13.8579 2.8934
13.8579 2.74112
14.0102 2.58883
14.0102 2.28426
14.1624 2.13198
14.1624 1.9797
