14.1624 2.13198
14.1624 1.9797
14.1624 1.82741
14.1624 1.67513
14.1624 1.52284
14.1624 1.21827
14.1624 1.06599
14.1624 0.913706
14.1624 0.761421
14.1624 0.609137
14.0102 0.456853
14.0102 0.152284
14.0102 0
13.8579 -0.152284
13.8579 -0.304569
13.8579 -0.456853
13.7056 -0.609137
13.7056 -0.761421
13.5533 -0.913706
13.5533 -1.06599
13.401 -1.21827
13.401 -1.37056
13.2487 -1.67513
13.2487 -1.82741
13.0964 -1.9797
13.0964 -2.13198
12.9442 -2.28426
12.9442 -2.43655
12.7919 -2.58883
12.7919 -2.74112
12.6396 -2.8934
12.6396 -3.04569
12.4873 -3.19797
12.4873 -3.35025
12.335 -3.50254
12.1827 -3.65482
12.1827 -3.80711
12.0305 -3.95939
11.8782 -4.11168
11.8782 -4.26396
11.7259 -4.41624
11.5736 -4.56853
11.5736 -4.56853
11.4213 -4.72081
11.269 -4.8731
11.1168 -5.02538
10.9645 -5.17766
10.9645 -5.32995
10.8122 -5.32995
10.6599 -5.48223
10.5076 -5.63452
10.3553 -5.63452
10.203 -5.7868
10.0508 -5.93909
9.89848 -5.93909
9.74619 -6.09137
9.59391 -6.09137
9.44162 -6.24365
9.28934 -6.24365
9.13706 -6.39594
8.98477 -6.39594
8.6802 -6.54822
8.52792 -6.54822
8.37563 -6.54822
8.22335 -6.70051
8.07107 -6.70051
7.91878 -6.70051
7.7665 -6.85279
7.61421 -6.85279
7.46193 -6.85279
7.30964 -6.85279
7.00508 -7.00508
6.85279 -7.00508
6.70051 -7.00508
6.54822 -7.00508
6.39594 -7.00508
6.24365 -7.00508
6.09137 -7.15736
5.93909 -7.15736
5.7868 -7.15736
5.63452 -7.15736
5.48223 -7.15736
5.32995 -7.15736
5.02538 -7.15736
4.8731 -7.15736
4.72081 -7.15736
4.56853 -7.15736
4.41624 -7.15736
4.26396 -7.15736
4.11168 -7.15736
3.95939 -7.15736
3.80711 -7.15736
3.65482 -7.15736
3.50254 -7.00508
3.35025 -7.00508
3.19797 -7.00508
3.04569 -7.00508
2.8934 -6.85279
2.74112 -6.85279
2.58883 -6.85279
2.43655 -6.70051
2.28426 -6.70051
2.13198 -6.70051
1.9797 -6.54822
1.82741 -6.54822
1.67513 -6.39594
1.52284 -6.39594
1.37056 -6.24365
1.21827 -6.24365
1.06599 -6.09137
0.913706 -6.09137
0.761421 -5.93909
0.609137 -5.93909
0.609137 -5.7868
0.456853 -5.7868
0.304569 -5.63452
0.152284 -5.48223
0 -5.48223
0 -5.32995
-0.152284 -5.32995
-0.304569 -5.17766
-0.456853 -5.17766
-0.609137 -5.02538
-0.609137 -4.8731
-0.761421 -4.8731
-0.913706 -4.72081
-1.06599 -4.72081
-1.21827 -4.56853
-1.21827 -4.41624
-1.37056 -4.41624
-1.52284 -4.26396
-1.67513 -4.26396
-1.67513 -4.11168
-1.82741 -4.11168
-1.9797 -3.95939
-2.13198 -3.80711
-2.13198 -3.80711
-2.28426 -3.65482
-2.43655 -3.50254
-2.58883 -3.50254
-2.74112 -3.35025
-2.74112 -3.19797
-2.8934 -3.19797
-3.04569 -3.04569
-3.19797 -2.8934
-3.19797 -2.8934
-3.35025 -2.74112
-3.50254 -2.58883
-3.65482 -2.58883
-3.65482 -2.43655
-3.80711 -2.28426
-3.95939 -2.13198
-3.95939 -2.13198
-4.11168 -1.9797
-4.26396 -1.82741
-4.41624 -1.67513
-4.41624 -1.52284
-4.56853 -1.37056
-4.72081 -1.21827
-4.72081 -1.21827
-4.8731 -1.06599
-4.8731 -0.913706
-5.02538 -0.761421
-5.02538 -0.609137
-5.17766 -0.456853
-5.32995 -0.304569
-5.32995 -0.152284
-5.32995 0
-5.48223 0.152284
-5.48223 0.304569
-5.63452 0.456853
-5.63452 0.609137
-5.63452 0.761421
-5.7868 0.913706
-5.7868 1.21827
-5.7868 1.37056
-5.93909 1.52284
-5.93909 1.67513
-5.93909 1.82741
-5.93909 1.9797
-5.93909 2.13198
-5.93909 2.28426
-5.93909 2.58883
-6.09137 2.74112
-6.09137 2.8934
-6.09137 3.04569
-6.09137 3.19797
-6.09137 3.35025
-6.09137 3.65482
-6.09137 3.80711
-6.09137 3.95939
-6.09137 4.11168
-6.09137 4.26396
-5.93909 4.41624
-5.93909 4.72081
-5.93909 4.8731
-5.93909 5.02538
-5.93909 5.17766
-5.93909 5.32995
-5.93909 5.48223
-5.7868 5.7868
-5.7868 5.93909
-5.7868 6.09137
-5.63452 6.24365
-5.63452 6.39594
-5.63452 6.70051
-5.48223 6.85279
-5.48223 7.00508
-5.32995 7.15736
-5.32995 7.30964
-5.17766 7.46193
-5.17766 7.61421
-5.02538 7.7665
-5.02538 7.91878
-4.8731 8.07107
-4.72081 8.22335
-4.72081 8.37563
-4.56853 8.52792
-4.41624 8.6802
-4.26396 8.83249
-4.11168 8.98477
-4.11168 9.13706
-3.95939 9.28934
-3.80711 9.28934
-3.65482 9.44162
-3.50254 9.59391
-3.35025 9.74619
-3.19797 9.74619
-3.04569 9.89848
-2.8934 10.0508
-2.74112 10.0508
-2.58883 10.203
-2.28426 10.203
-2.13198 10.3553
-1.9797 10.3553
-1.82741 10.5076
-1.67513 10.5076
-1.52284 10.5076
-1.37056 10.6599
-1.21827 10.6599
-1.06599 10.6599
-0.761421 10.8122
-0.609137 10.8122
-0.456853 10.8122
-0.304569 10.8122
-0.152284 10.9645
0 10.9645
0.152284 10.9645
0.456853 10.9645
0.609137 10.9645
0.761421 10.9645
0.913706 10.9645
1.06599 10.9645
1.21827 10.9645
1.37056 10.9645
1.52284 11.1168
1.67513 10.9645
1.82741 10.9645
2.13198 10.9645
2.28426 10.9645
2.43655 10.9645
2.58883 10.9645
2.74112 10.9645
2.8934 10.9645
3.04569 10.9645
3.19797 10.9645
3.35025 10.9645
3.50254 10.9645
3.65482 10.9645
3.80711 10.8122
3.95939 10.8122
4.11168 10.8122
4.26396 10.8122
4.41624 10.8122
4.56853 10.8122
4.72081 10.6599
4.8731 10.6599
5.02538 10.6599
5.17766 10.6599
5.32995 10.5076
5.48223 10.5076
5.63452 10.5076
5.63452 10.5076
5.7868 10.3553
5.93909 10.3553
6.09137 10.3553
6.24365 10.3553
6.39594 10.203
6.54822 10.203
6.70051 10.203
6.85279 10.0508
7.00508 10.0508
7.15736 10.0508
7.30964 10.0508
7.46193 9.89848
7.46193 9.89848
7.61421 9.74619
7.7665 9.74619
7.91878 9.74619
8.07107 9.59391
8.22335 9.59391
8.37563 9.44162
8.52792 9.44162
8.6802 9.44162
8.6802 9.28934
8.83249 9.28934
8.98477 9.13706
9.13706 9.13706
9.28934 8.98477
9.44162 8.98477
9.59391 8.83249
9.59391 8.6802
9.74619 8.6802
9.89848 8.52792
10.0508 8.52792
10.203 8.37563
10.203 8.22335
10.3553 8.22335
10.5076 8.07107
10.6599 7.91878
10.6599 7.91878
10.8122 7.7665
10.9645 7.61421
10.9645 7.46193
11.1168 7.46193
11.269 7.30964
11.269 7.15736
11.4213 7.00508
11.5736 6.85279
11.5736 6.85279
11.7259 6.70051
11.7259 6.54822
11.8782 6.39594
12.0305 6.24365
12.0305 6.09137
12.1827 5.93909
12.1827 5.93909
12.335 5.7868
12.335 5.63452
12.4873 5.48223
12.4873 5.32995
12.6396 5.17766
12.6396 5.02538
12.7919 4.8731
12.7919 4.72081
12.9442 4.56853
12.9442 4.41624
13.0964 4.26396
13.0964 4.11168
13.2487 3.95939
13.2487 3.80711
13.401 3.65482
13.401 3.50254
13.5533 3.35025
13.5533 3.19797
13.7056 3.04569
13.7056 2.8934
13.8579 2.74112
13.8579 2.58883
14.0102 2.28426
