12.1827 4.26396
12.1827 4.11168
12.1827 3.95939
12.335 3.80711
12.335 3.65482
12.335 3.50254
12.335 3.35025
12.335 3.19797
12.335 2.8934
12.335 2.74112
12.335 2.58883
12.335 2.43655
12.1827 2.28426
12.1827 2.13198
12.1827 1.9797
12.1827 1.82741
12.1827 1.67513
12.0305 1.52284
12.0305 1.21827
12.0305 1.06599
11.8782 0.913706
11.8782 0.761421
11.8782 0.609137
11.7259 0.456853
11.7259 0.304569
11.5736 0.152284
11.5736 0
11.4213 -0.152284
11.4213 -0.304569
11.269 -0.456853
11.269 -0.609137
11.1168 -0.761421
10.9645 -0.761421
10.9645 -0.913706
10.8122 -1.06599
10.6599 -1.21827
10.6599 -1.37056
10.5076 -1.52284
10.3553 -1.67513
10.3553 -1.82741
10.203 -1.82741
10.0508 -1.9797
9.89848 -2.13198
9.89848 -2.28426
9.74619 -2.43655
9.59391 -2.43655
9.44162 -2.58883
9.44162 -2.74112
9.28934 -2.8934
9.13706 -3.04569
8.98477 -3.04569
8.83249 -3.19797
8.83249 -3.35025
8.6802 -3.50254
8.52792 -3.50254
8.37563 -3.65482
8.22335 -3.80711
8.07107 -3.95939
8.07107 -3.95939
7.91878 -4.11168
7.7665 -4.26396
7.61421 -4.26396
7.46193 -4.41624
7.30964 -4.56853
7.15736 -4.56853
7.00508 -4.72081
6.85279 -4.72081
6.70051 -4.8731
6.54822 -4.8731
6.39594 -5.02538
6.24365 -5.02538
6.09137 -5.02538
5.93909 -5.17766
5.63452 -5.17766
5.48223 -5.17766
5.32995 -5.17766
5.17766 -5.17766
5.02538 -5.32995
4.8731 -5.32995
4.72081 -5.32995
4.56853 -5.32995
4.26396 -5.32995
4.11168 -5.17766
3.95939 -5.17766
3.80711 -5.17766
3.65482 -5.17766
3.50254 -5.17766
3.35025 -5.17766
3.19797 -5.02538
3.04569 -5.02538
2.8934 -5.02538
2.58883 -4.8731
2.43655 -4.8731
2.28426 -4.8731
2.13198 -4.72081
1.9797 -4.72081
1.82741 -4.72081
1.67513 -4.56853
1.52284 -4.56853
1.37056 -4.56853
1.21827 -4.41624
1.06599 -4.41624
1.06599 -4.26396
0.913706 -4.26396
0.761421 -4.11168
0.609137 -4.11168
0.456853 -4.11168
0.304569 -3.95939
0.152284 -3.95939
0 -3.80711
-0.152284 -3.80711
-0.304569 -3.65482
-0.304569 -3.65482
-0.456853 -3.50254
-0.609137 -3.50254
-0.761421 -3.35025
-0.913706 -3.35025
-1.06599 -3.19797
-1.21827 -3.19797
-1.21827 -3.19797
-1.37056 -3.04569
-1.52284 -3.04569
-1.67513 -2.8934
-1.82741 -2.8934
-1.9797 -2.74112
-2.13198 -2.74112
-2.13198 -2.58883
-2.28426 -2.58883
-2.43655 -2.43655
-2.58883 -2.43655
-2.74112 -2.28426
-2.8934 -2.28426
-2.8934 -2.13198
-3.04569 -1.9797
-3.19797 -1.9797
-3.35025 -1.82741
-3.50254 -1.82741
-3.65482 -1.67513
-3.80711 -1.67513
-3.80711 -1.52284
-3.95939 -1.37056
-4.11168 -1.37056
-4.26396 -1.21827
-4.41624 -1.21827
-4.56853 -1.06599
-4.72081 -0.913706
-4.8731 -0.913706
-4.8731 -0.761421
-5.02538 -0.609137
-5.17766 -0.456853
-5.32995 -0.456853
-5.48223 -0.304569
-5.63452 -0.152284
-5.63452 0
-5.7868 0
-5.93909 0.152284
-6.09137 0.304569
-6.24365 0.456853
-6.24365 0.609137
-6.39594 0.761421
-6.54822 0.913706
-6.54822 1.06599
-6.70051 1.21827
-6.70051 1.37056
-6.85279 1.52284
-7.00508 1.67513
-7.00508 1.82741
-7.00508 1.9797
-7.15736 2.13198
-7.15736 2.28426
-7.15736 2.58883
-7.30964 2.74112
-7.30964 2.8934
-7.30964 3.04569
-7.30964 3.19797
-7.30964 3.35025
-7.30964 3.50254
-7.30964 3.80711
-7.30964 3.95939
-7.30964 4.11168
-7.30964 4.26396
-7.30964 4.41624
-7.30964 4.56853
-7.30964 4.8731
-7.15736 5.02538
-7.15736 5.17766
-7.15736 5.32995
-7.00508 5.48223
-7.00508 5.63452
-7.00508 5.7868
-6.85279 5.93909
-6.85279 6.09137
-6.70051 6.39594
-6.70051 6.54822
-6.70051 6.70051
-6.54822 6.85279
-6.54822 7.00508
-6.39594 7.15736
-6.39594 7.30964
-6.24365 7.46193
-6.09137 7.61421
-6.09137 7.7665
-5.93909 7.91878
-5.93909 7.91878
-5.7868 8.07107
-5.7868 8.22335
-5.63452 8.37563
-5.48223 8.52792
-5.48223 8.6802
-5.32995 8.83249
-5.17766 8.98477
-5.17766 8.98477
-5.02538 9.13706
-4.8731 9.28934
-4.8731 9.44162
-4.72081 9.59391
-4.56853 9.59391
-4.41624 9.74619
-4.41624 9.89848
-4.26396 10.0508
-4.11168 10.0508
-3.95939 10.203
-3.95939 10.3553
-3.80711 10.5076
-3.65482 10.5076
-3.50254 10.6599
-3.35025 10.8122
-3.35025 10.8122
-3.19797 10.9645
-3.04569 10.9645
-2.8934 11.1168
-2.74112 11.269
-2.74112 11.269
-2.58883 11.4213
-2.43655 11.4213
-2.28426 11.5736
-2.13198 11.5736
-1.9797 11.7259
-1.82741 11.7259
-1.67513 11.8782
-1.52284 11.8782
-1.37056 12.0305
-1.21827 12.0305
-1.21827 12.0305
-1.06599 12.1827
-0.913706 12.1827
-0.761421 12.1827
-0.609137 12.335
-0.456853 12.335
-0.304569 12.335
-0.152284 12.335
0 12.4873
0.152284 12.4873
0.304569 12.4873
0.456853 12.4873
0.609137 12.6396
0.761421 12.6396
0.913706 12.6396
1.06599 12.6396
1.21827 12.6396
1.37056 12.7919
1.52284 12.7919
1.67513 12.7919
1.82741 12.7919
1.9797 12.9442
2.13198 12.9442
2.28426 12.9442
2.43655 12.9442
2.58883 13.0964
2.74112 13.0964
2.8934 13.0964
3.04569 13.2487
3.19797 13.2487
3.35025 13.2487
3.50254 13.2487
3.65482 13.2487
3.80711 13.401
3.95939 13.401
4.11168 13.401
4.26396 13.401
4.41624 13.401
4.56853 13.401
4.72081 13.401
4.8731 13.401
5.02538 13.401
5.17766 13.401
5.48223 13.2487
5.63452 13.2487
5.7868 13.2487
5.93909 13.2487
6.09137 13.0964
6.24365 13.0964
6.39594 12.9442
6.39594 12.7919
6.54822 12.7919
6.70051 12.6396
6.85279 12.6396
7.00508 12.4873
7.15736 12.335
7.15736 12.1827
7.30964 12.1827
7.46193 12.0305
7.61421 11.8782
7.61421 11.7259
7.7665 11.5736
7.91878 11.4213
7.91878 11.4213
8.07107 11.269
8.22335 11.1168
8.22335 10.9645
8.37563 10.8122
8.37563 10.8122
8.52792 10.6599
8.6802 10.5076
8.6802 10.3553
8.83249 10.3553
8.98477 10.203
8.98477 10.0508
9.13706 9.89848
9.28934 9.89848
9.28934 9.74619
9.44162 9.59391
9.59391 9.59391
9.59391 9.44162
9.74619 9.28934
9.74619 9.13706
9.89848 9.13706
10.0508 8.98477
10.0508 8.83249
10.203 8.6802
10.3553 8.6802
10.3553 8.52792
10.5076 8.37563
10.6599 8.22335
10.6599 8.07107
10.8122 8.07107
10.8122 7.91878
10.9645 7.7665
10.9645 7.61421
11.1168 7.46193
11.1168 7.30964
11.269 7.15736
11.269 7.00508
11.4213 6.85279
11.4213 6.70051
11.5736 6.54822
11.5736 6.39594
11.5736 6.39594
11.7259 6.24365
11.7259 6.09137
11.7259 5.93909
11.8782 5.7868
11.8782 5.63452
11.8782 5.32995
12.0305 5.17766
12.0305 5.02538
12.0305 4.8731
12.0305 4.72081
12.1827 4.56853
12.1827 4.41624
