12.1827 4.41624
12.1827 4.26396
12.1827 4.11168
12.1827 3.95939
12.1827 3.80711
12.1827 3.50254
12.1827 3.35025
12.1827 3.19797
12.1827 3.04569
12.1827 2.8934
12.1827 2.74112
12.1827 2.58883
12.0305 2.43655
12.0305 2.28426
12.0305 2.13198
12.0305 1.82741
12.0305 1.67513
12.0305 1.52284
11.8782 1.37056
11.8782 1.21827
11.8782 1.06599
11.8782 0.913706
11.7259 0.761421
11.7259 0.609137
11.5736 0.456853
11.5736 0.304569
11.5736 0.152284
11.4213 0
11.269 -0.152284
11.269 -0.304569
11.1168 -0.456853
11.1168 -0.609137
10.9645 -0.761421
10.8122 -0.913706
10.8122 -1.06599
10.6599 -1.21827
10.5076 -1.37056
10.5076 -1.52284
10.3553 -1.52284
10.203 -1.67513
10.0508 -1.82741
10.0508 -1.9797
9.89848 -2.13198
9.74619 -2.13198
9.59391 -2.28426
9.59391 -2.43655
9.44162 -2.58883
9.28934 -2.74112
9.13706 -2.74112
8.98477 -2.8934
8.98477 -3.04569
8.83249 -3.19797
8.6802 -3.35025
8.52792 -3.35025
8.37563 -3.50254
8.37563 -3.65482
8.22335 -3.80711
8.07107 -3.80711
7.91878 -3.95939
7.7665 -4.11168
7.61421 -4.26396
7.46193 -4.26396
7.30964 -4.41624
7.15736 -4.56853
7.00508 -4.56853
6.85279 -4.72081
6.70051 -4.72081
6.54822 -4.8731
6.39594 -5.02538
6.24365 -5.02538
6.09137 -5.02538
5.93909 -5.17766
5.7868 -5.17766
5.63452 -5.32995
5.48223 -5.32995
5.32995 -5.32995
5.17766 -5.32995
4.8731 -5.32995
4.72081 -5.32995
4.56853 -5.32995
4.41624 -5.32995
4.26396 -5.32995
4.11168 -5.32995
3.80711 -5.32995
3.65482 -5.32995
3.50254 -5.32995
3.35025 -5.32995
3.19797 -5.32995
3.04569 -5.17766
2.8934 -5.17766
2.74112 -5.17766
2.43655 -5.17766
2.28426 -5.02538
2.13198 -5.02538
1.9797 -5.02538
1.82741 -4.8731
1.67513 -4.8731
1.52284 -4.72081
1.37056 -4.72081
1.21827 -4.72081
1.06599 -4.56853
0.913706 -4.56853
0.761421 -4.41624
0.609137 -4.41624
0.456853 -4.26396
0.304569 -4.26396
0.152284 -4.11168
0 -4.11168
0 -3.95939
-0.152284 -3.95939
-0.304569 -3.80711
-0.456853 -3.80711
-0.609137 -3.80711
-0.761421 -3.65482
-0.913706 -3.65482
-1.06599 -3.50254
-1.21827 -3.50254
-1.21827 -3.35025
-1.37056 -3.35025
-1.52284 -3.19797
-1.67513 -3.04569
-1.82741 -3.04569
-1.9797 -2.8934
-2.13198 -2.8934
-2.13198 -2.74112
-2.28426 -2.74112
-2.43655 -2.58883
-2.58883 -2.58883
-2.74112 -2.43655
-2.8934 -2.43655
-3.04569 -2.28426
-3.04569 -2.28426
-3.19797 -2.13198
-3.35025 -2.13198
-3.50254 -1.9797
-3.65482 -1.9797
-3.80711 -1.82741
-3.95939 -1.67513
-4.11168 -1.67513
-4.11168 -1.52284
-4.26396 -1.52284
-4.41624 -1.37056
-4.56853 -1.21827
-4.72081 -1.21827
-4.8731 -1.06599
-5.02538 -0.913706
-5.17766 -0.913706
-5.32995 -0.761421
-5.32995 -0.609137
-5.48223 -0.456853
-5.63452 -0.456853
-5.7868 -0.304569
-5.93909 -0.152284
-6.09137 0
-6.09137 0.152284
-6.24365 0.304569
-6.39594 0.304569
-6.54822 0.456853
-6.70051 0.609137
-6.70051 0.761421
-6.85279 0.913706
-7.00508 1.06599
-7.00508 1.21827
-7.15736 1.37056
-7.15736 1.52284
-7.30964 1.67513
-7.30964 1.9797
-7.46193 2.13198
-7.46193 2.28426
-7.46193 2.43655
-7.46193 2.58883
-7.61421 2.74112
-7.61421 2.8934
-7.61421 3.19797
-7.61421 3.35025
-7.61421 3.50254
-7.61421 3.65482
-7.61421 3.80711
-7.61421 4.11168
-7.61421 4.26396
-7.46193 4.41624
-7.46193 4.56853
-7.46193 4.72081
-7.46193 4.8731
-7.46193 5.17766
-7.30964 5.32995
-7.30964 5.48223
-7.30964 5.63452
-7.15736 5.7868
-7.15736 5.93909
-7.00508 6.09137
-7.00508 6.24365
-7.00508 6.39594
-6.85279 6.54822
-6.85279 6.85279
-6.70051 7.00508
-6.70051 7.15736
-6.70051 7.30964
-6.54822 7.46193
-6.54822 7.61421
-6.39594 7.7665
-6.39594 7.91878
-6.24365 8.07107
-6.24365 8.22335
-6.09137 8.37563
-6.09137 8.52792
-5.93909 8.6802
-5.93909 8.83249
-5.7868 8.98477
-5.63452 8.98477
-5.63452 9.13706
-5.48223 9.28934
-5.48223 9.44162
-5.32995 9.59391
-5.17766 9.74619
-5.17766 9.89848
-5.02538 10.0508
-4.8731 10.0508
-4.72081 10.203
-4.72081 10.3553
-4.56853 10.5076
-4.41624 10.5076
-4.26396 10.6599
-4.11168 10.8122
-4.11168 10.9645
-3.95939 10.9645
-3.80711 11.1168
-3.65482 11.1168
-3.50254 11.269
-3.35025 11.4213
-3.19797 11.4213
-3.04569 11.5736
-3.04569 11.5736
-2.8934 11.7259
-2.74112 11.7259
-2.58883 11.8782
-2.43655 12.0305
-2.28426 12.0305
-2.13198 12.0305
-1.9797 12.1827
-1.82741 12.1827
-1.67513 12.335
-1.52284 12.335
-1.37056 12.4873
-1.21827 12.4873
-1.06599 12.6396
-1.06599 12.6396
-0.913706 12.6396
-0.761421 12.7919
-0.609137 12.7919
-0.456853 12.9442
-0.304569 12.9442
-0.152284 13.0964
0 13.0964
0.152284 13.0964
0.304569 13.2487
0.456853 13.2487
0.609137 13.2487
0.761421 13.401
0.913706 13.401
1.06599 13.5533
1.21827 13.5533
1.37056 13.5533
1.52284 13.7056
1.67513 13.7056
1.82741 13.8579
1.9797 13.8579
2.13198 13.8579
2.28426 14.0102
2.43655 14.0102
2.74112 14.1624
2.8934 14.1624
3.04569 14.1624
3.19797 14.3147
3.35025 14.3147
3.50254 14.3147
3.65482 14.3147
3.95939 14.3147
4.11168 14.467
4.26396 14.467
4.41624 14.467
4.56853 14.467
4.8731 14.467
5.02538 14.467
5.17766 14.3147
5.32995 14.3147
5.48223 14.3147
5.63452 14.3147
5.7868 14.1624
6.09137 14.1624
6.24365 14.0102
6.39594 14.0102
6.54822 13.8579
6.70051 13.7056
6.85279 13.7056
7.00508 13.5533
7.00508 13.401
7.15736 13.2487
7.30964 13.0964
7.46193 12.9442
7.61421 12.7919
7.61421 12.7919
7.7665 12.6396
7.91878 12.4873
7.91878 12.335
8.07107 12.1827
8.22335 12.0305
8.22335 11.8782
8.37563 11.7259
8.37563 11.5736
8.52792 11.4213
8.6802 11.269
8.6802 11.1168
8.83249 10.9645
8.83249 10.8122
8.98477 10.6599
8.98477 10.5076
9.13706 10.3553
9.13706 10.203
9.28934 10.203
9.28934 10.0508
9.44162 9.89848
9.59391 9.74619
9.59391 9.59391
9.74619 9.44162
9.74619 9.44162
9.89848 9.28934
9.89848 9.13706
10.0508 8.98477
10.203 8.83249
10.203 8.83249
10.3553 8.6802
10.3553 8.52792
10.5076 8.37563
10.5076 8.22335
10.6599 8.07107
10.8122 8.07107
10.8122 7.91878
10.9645 7.7665
10.9645 7.61421
11.1168 7.46193
11.269 7.30964
11.269 7.15736
11.4213 7.00508
11.4213 7.00508
11.5736 6.85279
11.5736 6.70051
11.7259 6.54822
11.7259 6.39594
11.8782 6.24365
11.8782 6.09137
12.0305 5.93909
12.0305 5.7868
12.0305 5.63452
12.1827 5.32995
12.1827 5.17766
12.1827 5.02538
12.1827 4.8731
12.1827 4.72081
12.1827 4.56853
