12.1827 4.41624
12.1827 4.26396
12.1827 4.11168
12.1827 3.95939
12.1827 3.80711
12.1827 3.65482
12.1827 3.50254
12.1827 3.35025
12.1827 3.19797
12.1827 3.04569
12.1827 2.74112
12.1827 2.58883
12.1827 2.43655
12.1827 2.28426
12.0305 2.13198
12.0305 1.9797
12.0305 1.82741
12.0305 1.67513
12.0305 1.52284
11.8782 1.37056
11.8782 1.06599
11.8782 0.913706
11.7259 0.761421
11.7259 0.609137
11.7259 0.456853
11.5736 0.304569
11.5736 0.152284
11.4213 0
11.4213 -0.152284
11.269 -0.304569
11.269 -0.456853
11.1168 -0.609137
10.9645 -0.761421
10.9645 -0.913706
10.8122 -1.06599
10.6599 -1.06599
10.6599 -1.21827
10.5076 -1.37056
10.3553 -1.52284
10.3553 -1.67513
10.203 -1.82741
10.0508 -1.9797
9.89848 -1.9797
9.89848 -2.13198
9.74619 -2.28426
9.59391 -2.43655
9.44162 -2.58883
9.28934 -2.74112
9.28934 -2.74112
9.13706 -2.8934
8.98477 -3.04569
8.83249 -3.19797
8.6802 -3.19797
8.6802 -3.35025
8.52792 -3.50254
8.37563 -3.65482
8.22335 -3.80711
8.07107 -3.80711
7.91878 -3.95939
7.7665 -4.11168
7.61421 -4.11168
7.61421 -4.26396
7.46193 -4.41624
7.30964 -4.41624
7.15736 -4.56853
7.00508 -4.72081
6.85279 -4.72081
6.70051 -4.8731
6.54822 -4.8731
6.24365 -5.02538
6.09137 -5.02538
5.93909 -5.02538
5.7868 -5.17766
5.63452 -5.17766
5.48223 -5.17766
5.32995 -5.32995
5.17766 -5.32995
4.8731 -5.32995
4.72081 -5.32995
4.56853 -5.32995
4.41624 -5.32995
4.26396 -5.32995
4.11168 -5.32995
3.95939 -5.32995
3.65482 -5.32995
3.50254 -5.32995
3.35025 -5.17766
3.19797 -5.17766
3.04569 -5.17766
2.8934 -5.17766
2.74112 -5.17766
2.58883 -5.02538
2.28426 -5.02538
2.13198 -5.02538
1.9797 -4.8731
1.82741 -4.8731
1.67513 -4.8731
1.52284 -4.72081
1.37056 -4.72081
1.21827 -4.56853
1.06599 -4.56853
0.913706 -4.56853
0.761421 -4.41624
0.609137 -4.41624
0.456853 -4.26396
0.304569 -4.26396
0.152284 -4.11168
0 -4.11168
0 -3.95939
-0.152284 -3.95939
-0.304569 -3.80711
-0.456853 -3.80711
-0.609137 -3.65482
-0.761421 -3.65482
-0.913706 -3.50254
-1.06599 -3.50254
-1.21827 -3.35025
-1.37056 -3.35025
-1.37056 -3.19797
-1.52284 -3.19797
-1.67513 -3.04569
-1.82741 -3.04569
-1.9797 -2.8934
-2.13198 -2.8934
-2.28426 -2.74112
-2.28426 -2.74112
-2.43655 -2.58883
-2.58883 -2.58883
-2.74112 -2.43655
-2.8934 -2.43655
-3.04569 -2.28426
-3.19797 -2.13198
-3.19797 -2.13198
-3.35025 -1.9797
-3.50254 -1.9797
-3.65482 -1.82741
-3.80711 -1.82741
-3.95939 -1.67513
-4.11168 -1.52284
-4.26396 -1.52284
-4.26396 -1.37056
-4.41624 -1.37056
-4.56853 -1.21827
-4.72081 -1.06599
-4.8731 -1.06599
-5.02538 -0.913706
-5.17766 -0.761421
-5.32995 -0.609137
-5.48223 -0.609137
-5.48223 -0.456853
-5.63452 -0.304569
-5.7868 -0.152284
-5.93909 -0.152284
-6.09137 0
-6.24365 0.152284
-6.24365 0.304569
-6.39594 0.456853
-6.54822 0.609137
-6.70051 0.761421
-6.70051 0.913706
-6.85279 1.06599
-7.00508 1.21827
-7.00508 1.37056
-7.15736 1.52284
-7.30964 1.67513
-7.30964 1.82741
-7.30964 1.9797
-7.46193 2.13198
-7.46193 2.28426
-7.61421 2.43655
-7.61421 2.74112
-7.61421 2.8934
-7.61421 3.04569
-7.61421 3.19797
-7.61421 3.35025
-7.61421 3.65482
-7.61421 3.80711
-7.61421 3.95939
-7.61421 4.11168
-7.61421 4.26396
-7.61421 4.41624
-7.61421 4.72081
-7.46193 4.8731
-7.46193 5.02538
-7.46193 5.17766
-7.30964 5.32995
-7.30964 5.48223
-7.30964 5.63452
-7.15736 5.93909
-7.15736 6.09137
-7.15736 6.24365
-7.00508 6.39594
-7.00508 6.54822
-6.85279 6.70051
-6.85279 6.85279
-6.70051 7.00508
-6.70051 7.15736
-6.54822 7.30964
-6.54822 7.46193
-6.39594 7.61421
-6.39594 7.7665
-6.24365 7.91878
-6.24365 8.07107
-6.09137 8.22335
-6.09137 8.37563
-5.93909 8.52792
-5.93909 8.6802
-5.7868 8.83249
-5.63452 8.98477
-5.63452 9.13706
-5.48223 9.28934
-5.48223 9.28934
-5.32995 9.44162
-5.17766 9.59391
-5.17766 9.74619
-5.02538 9.89848
-4.8731 10.0508
-4.72081 10.0508
-4.72081 10.203
-4.56853 10.3553
-4.41624 10.5076
-4.26396 10.5076
-4.11168 10.6599
-4.11168 10.8122
-3.95939 10.8122
-3.80711 10.9645
-3.65482 11.1168
-3.50254 11.1168
-3.35025 11.269
-3.35025 11.4213
-3.19797 11.4213
-3.04569 11.5736
-2.8934 11.5736
-2.74112 11.7259
-2.58883 11.7259
-2.43655 11.8782
-2.28426 11.8782
-2.28426 12.0305
-2.13198 12.0305
-1.9797 12.1827
-1.82741 12.1827
-1.67513 12.335
-1.52284 12.335
-1.37056 12.4873
-1.21827 12.4873
-1.06599 12.6396
-0.913706 12.6396
-0.761421 12.7919
-0.609137 12.7919
-0.609137 12.7919
-0.456853 12.9442
-0.304569 12.9442
-0.152284 13.0964
0 13.0964
0.152284 13.2487
0.304569 13.2487
0.456853 13.2487
0.609137 13.401
0.761421 13.401
0.913706 13.5533
1.06599 13.5533
1.21827 13.5533
1.37056 13.7056
1.52284 13.7056
1.67513 13.8579
1.82741 13.8579
1.9797 13.8579
2.13198 14.0102
2.28426 14.0102
2.58883 14.0102
2.74112 14.1624
2.8934 14.1624
3.04569 14.1624
3.19797 14.3147
3.35025 14.3147
3.50254 14.3147
3.65482 14.3147
3.95939 14.3147
4.11168 14.467
4.26396 14.467
4.41624 14.467
4.56853 14.467
4.72081 14.467
5.02538 14.3147
5.17766 14.3147
5.32995 14.3147
5.48223 14.3147
5.63452 14.3147
5.7868 14.1624
5.93909 14.1624
6.09137 14.0102
6.39594 14.0102
6.54822 13.8579
6.54822 13.7056
6.70051 13.7056
6.85279 13.5533
7.00508 13.401
7.15736 13.2487
7.30964 13.2487
7.46193 13.0964
7.61421 12.9442
7.61421 12.7919
7.7665 12.6396
7.91878 12.4873
8.07107 12.335
8.07107 12.1827
8.22335 12.0305
8.22335 11.8782
8.37563 11.7259
8.52792 11.5736
8.52792 11.4213
8.6802 11.269
8.6802 11.269
8.83249 11.1168
8.83249 10.9645
8.98477 10.8122
8.98477 10.6599
9.13706 10.5076
9.13706 10.3553
9.28934 10.203
9.44162 10.0508
9.44162 9.89848
9.59391 9.89848
9.59391 9.74619
9.74619 9.59391
9.74619 9.44162
9.89848 9.28934
9.89848 9.13706
10.0508 8.98477
10.0508 8.98477
10.203 8.83249
10.203 8.6802
10.3553 8.52792
10.3553 8.37563
10.5076 8.37563
10.6599 8.22335
10.6599 8.07107
10.8122 7.91878
10.8122 7.7665
10.9645 7.61421
11.1168 7.61421
11.1168 7.46193
11.269 7.30964
11.4213 7.15736
11.4213 7.00508
11.5736 6.85279
11.5736 6.70051
11.7259 6.54822
11.7259 6.39594
11.8782 6.24365
11.8782 6.09137
12.0305 5.93909
12.0305 5.7868
12.0305 5.63452
12.1827 5.48223
12.1827 5.32995
12.1827 5.17766
12.1827 5.02538
12.1827 4.8731
12.1827 4.72081
