12.0305 4.41624
12.0305 4.26396
12.0305 4.11168
12.0305 3.95939
12.0305 3.80711
12.0305 3.50254
12.0305 3.35025
12.0305 3.19797
12.0305 3.04569
12.0305 2.8934
12.0305 2.74112
11.8782 2.58883
11.8782 2.43655
11.8782 2.13198
11.8782 1.9797
11.8782 1.82741
11.8782 1.67513
11.8782 1.52284
11.7259 1.37056
11.7259 1.21827
11.7259 1.06599
11.7259 0.761421
11.5736 0.609137
11.5736 0.456853
11.4213 0.304569
11.4213 0.152284
11.4213 0
11.269 -0.152284
11.1168 -0.304569
11.1168 -0.456853
10.9645 -0.609137
10.9645 -0.761421
10.8122 -0.913706
10.6599 -1.06599
10.6599 -1.21827
10.5076 -1.37056
10.3553 -1.37056
10.203 -1.52284
10.203 -1.67513
10.0508 -1.82741
9.89848 -1.9797
9.74619 -2.13198
9.59391 -2.13198
9.59391 -2.28426
9.44162 -2.43655
9.28934 -2.58883
9.13706 -2.74112
8.98477 -2.74112
8.98477 -2.8934
8.83249 -3.04569
8.6802 -3.19797
8.52792 -3.35025
8.37563 -3.35025
8.22335 -3.50254
8.22335 -3.65482
8.07107 -3.80711
7.91878 -3.80711
7.7665 -3.95939
7.61421 -4.11168
7.46193 -4.26396
7.30964 -4.26396
7.15736 -4.41624
7.00508 -4.56853
6.85279 -4.56853
6.70051 -4.72081
6.54822 -4.72081
6.39594 -4.8731
6.24365 -4.8731
6.09137 -5.02538
5.93909 -5.02538
5.7868 -5.17766
5.63452 -5.17766
5.48223 -5.17766
5.32995 -5.17766
5.02538 -5.17766
4.8731 -5.32995
4.72081 -5.32995
4.56853 -5.32995
4.41624 -5.32995
4.26396 -5.32995
3.95939 -5.32995
3.80711 -5.17766
3.65482 -5.17766
3.50254 -5.17766
3.35025 -5.17766
3.19797 -5.17766
2.8934 -5.02538
2.74112 -5.02538
2.58883 -5.02538
2.43655 -4.8731
2.28426 -4.8731
2.13198 -4.8731
1.9797 -4.72081
1.82741 -4.72081
1.67513 -4.56853
1.52284 -4.56853
1.37056 -4.56853
1.21827 -4.41624
1.06599 -4.41624
0.913706 -4.41624
0.761421 -4.26396
0.609137 -4.26396
0.456853 -4.11168
0.304569 -4.11168
0.152284 -4.11168
0 -3.95939
-0.152284 -3.95939
-0.304569 -3.95939
-0.304569 -3.80711
-0.456853 -3.80711
-0.609137 -3.65482
-0.761421 -3.65482
-0.913706 -3.65482
-1.06599 -3.50254
-1.21827 -3.50254
-1.37056 -3.35025
-1.52284 -3.35025
-1.67513 -3.35025
-1.82741 -3.19797
-1.82741 -3.19797
-1.9797 -3.04569
-2.13198 -3.04569
-2.28426 -2.8934
-2.43655 -2.8934
-2.58883 -2.74112
-2.74112 -2.74112
-2.74112 -2.58883
-2.8934 -2.58883
-3.04569 -2.43655
-3.19797 -2.28426
-3.35025 -2.28426
-3.50254 -2.13198
-3.50254 -2.13198
-3.65482 -1.9797
-3.80711 -1.9797
-3.95939 -1.82741
-4.11168 -1.67513
-4.11168 -1.67513
-4.26396 -1.52284
-4.41624 -1.37056
-4.56853 -1.37056
-4.72081 -1.21827
-4.8731 -1.06599
-4.8731 -1.06599
-5.02538 -0.913706
-5.17766 -0.761421
-5.32995 -0.761421
-5.48223 -0.609137
-5.63452 -0.456853
-5.63452 -0.456853
-5.7868 -0.304569
-5.93909 -0.152284
-6.09137 0
-6.24365 0.152284
-6.39594 0.152284
-6.39594 0.304569
-6.54822 0.456853
-6.70051 0.609137
-6.85279 0.761421
-6.85279 0.913706
-7.00508 1.06599
-7.15736 1.21827
-7.15736 1.37056
-7.30964 1.52284
-7.46193 1.67513
-7.46193 1.82741
-7.61421 1.9797
-7.61421 2.13198
-7.61421 2.28426
-7.7665 2.43655
-7.7665 2.58883
-7.7665 2.8934
-7.7665 3.04569
-7.91878 3.19797
-7.91878 3.35025
-7.91878 3.50254
-7.91878 3.65482
-7.91878 3.95939
-7.91878 4.11168
-7.7665 4.26396
-7.7665 4.41624
-7.7665 4.56853
-7.7665 4.72081
-7.7665 5.02538
-7.7665 5.17766
-7.61421 5.32995
-7.61421 5.48223
-7.61421 5.63452
-7.46193 5.7868
-7.46193 5.93909
-7.46193 6.09137
-7.30964 6.24365
-7.30964 6.39594
-7.15736 6.54822
-7.15736 6.85279
-7.00508 7.00508
-7.00508 7.15736
-6.85279 7.30964
-6.85279 7.46193
-6.85279 7.61421
-6.70051 7.7665
-6.70051 7.91878
-6.54822 8.07107
-6.39594 8.07107
-6.39594 8.22335
-6.24365 8.37563
-6.24365 8.52792
-6.09137 8.6802
-6.09137 8.83249
-5.93909 8.98477
-5.7868 9.13706
-5.7868 9.28934
-5.63452 9.44162
-5.63452 9.59391
-5.48223 9.59391
-5.32995 9.74619
-5.17766 9.89848
-5.17766 10.0508
-5.02538 10.203
-4.8731 10.3553
-4.8731 10.3553
-4.72081 10.5076
-4.56853 10.6599
-4.41624 10.8122
-4.41624 10.8122
-4.26396 10.9645
-4.11168 11.1168
-3.95939 11.1168
-3.80711 11.269
-3.80711 11.4213
-3.65482 11.4213
-3.50254 11.5736
-3.35025 11.7259
-3.19797 11.7259
-3.04569 11.8782
-2.8934 11.8782
-2.74112 12.0305
-2.74112 12.0305
-2.58883 12.1827
-2.43655 12.1827
-2.28426 12.335
-2.13198 12.335
-1.9797 12.4873
-1.82741 12.4873
-1.67513 12.4873
-1.52284 12.6396
-1.37056 12.6396
-1.21827 12.7919
-1.06599 12.7919
-0.913706 12.7919
-0.761421 12.7919
-0.609137 12.9442
-0.456853 12.9442
-0.304569 12.9442
-0.152284 13.0964
0 13.0964
0.152284 13.0964
0.304569 13.2487
0.456853 13.2487
0.609137 13.2487
0.761421 13.401
0.913706 13.401
1.06599 13.401
1.21827 13.5533
1.37056 13.5533
1.52284 13.5533
1.67513 13.7056
1.82741 13.7056
1.9797 13.8579
2.13198 13.8579
2.28426 13.8579
2.43655 14.0102
2.58883 14.0102
2.74112 14.1624
3.04569 14.1624
3.19797 14.1624
3.35025 14.3147
3.50254 14.3147
3.65482 14.3147
3.80711 14.3147
4.11168 14.3147
4.26396 14.467
4.41624 14.467
4.56853 14.467
4.72081 14.467
5.02538 14.3147
5.17766 14.3147
5.32995 14.3147
5.48223 14.3147
5.63452 14.1624
5.7868 14.1624
5.93909 14.0102
6.09137 14.0102
6.24365 13.8579
6.39594 13.7056
6.54822 13.7056
6.70051 13.5533
6.85279 13.401
7.00508 13.2487
7.15736 13.0964
7.30964 12.9442
7.30964 12.7919
7.46193 12.7919
7.61421 12.6396
7.7665 12.4873
7.7665 12.335
7.91878 12.1827
8.07107 12.0305
8.07107 11.8782
8.22335 11.7259
8.22335 11.5736
8.37563 11.4213
8.52792 11.269
8.52792 11.1168
8.6802 10.9645
8.6802 10.8122
8.83249 10.6599
8.83249 10.5076
8.98477 10.5076
9.13706 10.3553
9.13706 10.203
9.28934 10.0508
9.28934 9.89848
9.44162 9.74619
9.59391 9.74619
9.59391 9.59391
9.74619 9.44162
9.74619 9.28934
9.89848 9.13706
10.0508 8.98477
10.0508 8.98477
10.203 8.83249
10.203 8.6802
10.3553 8.52792
10.5076 8.37563
10.5076 8.22335
10.6599 8.07107
10.6599 8.07107
10.8122 7.91878
10.9645 7.7665
10.9645 7.61421
11.1168 7.46193
11.1168 7.30964
11.269 7.15736
11.269 7.00508
11.4213 6.85279
11.4213 6.70051
11.5736 6.54822
11.5736 6.39594
11.7259 6.24365
11.7259 6.09137
11.7259 5.93909
11.8782 5.7868
11.8782 5.63452
11.8782 5.48223
11.8782 5.32995
12.0305 5.02538
12.0305 4.8731
12.0305 4.72081
12.0305 4.56853
