11.8782 4.41624
11.7259 4.26396
11.7259 4.11168
11.7259 3.95939
11.5736 3.80711
11.5736 3.65482
11.5736 3.35025
11.5736 3.19797
11.5736 3.04569
11.4213 2.8934
11.4213 2.74112
11.4213 2.58883
11.4213 2.43655
11.4213 2.28426
11.4213 2.13198
11.4213 1.9797
11.4213 1.67513
11.4213 1.52284
11.4213 1.37056
11.4213 1.21827
11.4213 1.06599
11.4213 0.913706
11.4213 0.761421
11.4213 0.456853
11.269 0.304569
11.269 0.152284
11.269 0
11.1168 -0.152284
11.1168 -0.304569
10.9645 -0.456853
10.8122 -0.609137
10.8122 -0.761421
10.6599 -0.913706
10.5076 -1.06599
10.5076 -1.21827
10.3553 -1.21827
10.203 -1.37056
10.0508 -1.52284
10.0508 -1.67513
9.89848 -1.82741
9.74619 -1.9797
9.59391 -1.9797
9.44162 -2.13198
9.28934 -2.28426
9.28934 -2.28426
9.13706 -2.43655
8.98477 -2.58883
8.83249 -2.74112
8.6802 -2.74112
8.52792 -2.8934
8.37563 -3.04569
8.37563 -3.19797
8.22335 -3.19797
8.07107 -3.35025
7.91878 -3.50254
7.7665 -3.50254
7.61421 -3.65482
7.46193 -3.80711
7.46193 -3.80711
7.30964 -3.95939
7.15736 -4.11168
7.00508 -4.11168
6.85279 -4.26396
6.70051 -4.41624
6.54822 -4.41624
6.39594 -4.56853
6.24365 -4.56853
6.09137 -4.72081
5.93909 -4.72081
5.7868 -4.8731
5.63452 -4.8731
5.48223 -4.8731
5.32995 -5.02538
5.02538 -5.02538
4.8731 -5.02538
4.72081 -5.02538
4.56853 -5.02538
4.41624 -5.02538
4.26396 -5.02538
4.11168 -5.02538
3.95939 -5.02538
3.65482 -5.02538
3.50254 -5.02538
3.35025 -5.02538
3.19797 -5.02538
3.04569 -4.8731
2.8934 -4.8731
2.74112 -4.8731
2.58883 -4.8731
2.43655 -4.72081
2.28426 -4.72081
2.13198 -4.72081
1.9797 -4.56853
1.82741 -4.56853
1.67513 -4.56853
1.52284 -4.41624
1.37056 -4.41624
1.21827 -4.41624
1.06599 -4.26396
0.913706 -4.26396
0.761421 -4.26396
0.609137 -4.11168
0.456853 -4.11168
0.304569 -4.11168
0.152284 -3.95939
0 -3.95939
-0.152284 -3.95939
-0.304569 -3.80711
-0.456853 -3.80711
-0.609137 -3.80711
-0.761421 -3.65482
-0.913706 -3.65482
-1.06599 -3.50254
-1.06599 -3.50254
-1.21827 -3.50254
-1.37056 -3.35025
-1.52284 -3.35025
-1.67513 -3.19797
-1.82741 -3.19797
-1.9797 -3.04569
-2.13198 -3.04569
-2.13198 -2.8934
-2.28426 -2.8934
-2.43655 -2.74112
-2.58883 -2.74112
-2.74112 -2.58883
-2.8934 -2.58883
-2.8934 -2.43655
-3.04569 -2.43655
-3.19797 -2.28426
-3.35025 -2.28426
-3.50254 -2.13198
-3.65482 -2.13198
-3.65482 -1.9797
-3.80711 -1.82741
-3.95939 -1.82741
-4.11168 -1.67513
-4.26396 -1.67513
-4.26396 -1.52284
-4.41624 -1.37056
-4.56853 -1.37056
-4.72081 -1.21827
-4.8731 -1.06599
-5.02538 -1.06599
-5.17766 -0.913706
-5.17766 -0.761421
-5.32995 -0.761421
-5.48223 -0.609137
-5.63452 -0.456853
-5.7868 -0.456853
-5.93909 -0.304569
-6.09137 -0.152284
-6.09137 0
-6.24365 0
-6.39594 0.152284
-6.54822 0.304569
-6.70051 0.456853
-6.85279 0.609137
-6.85279 0.761421
-7.00508 0.913706
-7.15736 0.913706
-7.30964 1.06599
-7.30964 1.21827
-7.46193 1.37056
-7.61421 1.52284
-7.61421 1.82741
-7.7665 1.9797
-7.7665 2.13198
-7.91878 2.28426
-7.91878 2.43655
-7.91878 2.58883
-8.07107 2.74112
-8.07107 2.8934
-8.07107 3.19797
-8.07107 3.35025
-8.07107 3.50254
-8.22335 3.65482
-8.22335 3.80711
-8.22335 4.11168
-8.22335 4.26396
-8.07107 4.41624
-8.07107 4.56853
-8.07107 4.72081
-8.07107 4.8731
-8.07107 5.17766
-8.07107 5.32995
-7.91878 5.48223
-7.91878 5.63452
-7.91878 5.7868
-7.91878 5.93909
-7.7665 6.24365
-7.7665 6.39594
-7.61421 6.54822
-7.61421 6.70051
-7.61421 6.85279
-7.46193 7.00508
-7.46193 7.15736
-7.30964 7.30964
-7.30964 7.46193
-7.30964 7.61421
-7.15736 7.7665
-7.15736 7.91878
-7.00508 8.07107
-7.00508 8.22335
-6.85279 8.37563
-6.85279 8.52792
-6.70051 8.6802
-6.54822 8.83249
-6.54822 8.98477
-6.39594 9.13706
-6.39594 9.28934
-6.24365 9.44162
-6.09137 9.59391
-5.93909 9.74619
-5.93909 9.89848
-5.7868 10.0508
-5.63452 10.203
-5.63452 10.203
-5.48223 10.3553
-5.32995 10.5076
-5.17766 10.6599
-5.02538 10.8122
-5.02538 10.8122
-4.8731 10.9645
-4.72081 11.1168
-4.56853 11.1168
-4.41624 11.269
-4.26396 11.4213
-4.11168 11.4213
-3.95939 11.5736
-3.80711 11.7259
-3.65482 11.7259
-3.65482 11.8782
-3.50254 11.8782
-3.35025 12.0305
-3.19797 12.0305
-3.04569 12.1827
-2.8934 12.1827
-2.74112 12.335
-2.58883 12.335
-2.43655 12.4873
-2.28426 12.4873
-2.13198 12.6396
-1.9797 12.6396
-1.82741 12.7919
-1.67513 12.7919
-1.52284 12.9442
-1.37056 12.9442
-1.21827 12.9442
-1.06599 13.0964
-0.913706 13.0964
-0.761421 13.2487
-0.609137 13.2487
-0.456853 13.2487
-0.304569 13.401
-0.152284 13.401
0 13.401
0.152284 13.5533
0.304569 13.5533
0.456853 13.7056
0.609137 13.7056
0.761421 13.7056
0.913706 13.8579
1.06599 13.8579
1.21827 13.8579
1.37056 14.0102
1.52284 14.0102
1.67513 14.0102
1.82741 14.1624
1.9797 14.1624
2.28426 14.1624
2.43655 14.3147
2.58883 14.3147
2.74112 14.3147
2.8934 14.3147
3.04569 14.467
3.35025 14.467
3.50254 14.467
3.65482 14.467
3.80711 14.467
3.95939 14.467
4.11168 14.467
4.41624 14.467
4.56853 14.467
4.72081 14.467
4.8731 14.467
5.02538 14.3147
5.32995 14.3147
5.48223 14.3147
5.63452 14.1624
5.7868 14.1624
5.93909 14.0102
6.09137 14.0102
6.24365 13.8579
6.39594 13.7056
6.54822 13.7056
6.70051 13.5533
6.85279 13.401
7.00508 13.2487
7.15736 13.2487
7.15736 13.0964
7.30964 12.9442
7.46193 12.7919
7.61421 12.6396
7.7665 12.4873
7.7665 12.335
7.91878 12.1827
8.07107 12.0305
8.07107 12.0305
8.22335 11.8782
8.37563 11.7259
8.37563 11.5736
8.52792 11.4213
8.52792 11.269
8.6802 11.1168
8.83249 10.9645
8.83249 10.8122
8.98477 10.6599
8.98477 10.5076
9.13706 10.3553
9.13706 10.203
9.28934 10.0508
9.28934 10.0508
9.44162 9.89848
9.59391 9.74619
9.59391 9.59391
9.74619 9.44162
9.74619 9.28934
9.89848 9.13706
9.89848 8.98477
10.0508 8.83249
10.0508 8.6802
10.203 8.52792
10.203 8.52792
10.203 8.37563
10.3553 8.22335
10.3553 8.07107
10.5076 7.91878
10.5076 7.7665
10.6599 7.61421
10.6599 7.46193
10.8122 7.30964
10.8122 7.15736
10.9645 7.00508
10.9645 6.85279
11.1168 6.70051
11.1168 6.54822
11.1168 6.39594
11.269 6.39594
11.269 6.24365
11.4213 6.09137
11.4213 5.7868
11.5736 5.63452
11.5736 5.48223
11.5736 5.32995
11.7259 5.17766
11.7259 5.02538
11.7259 4.8731
11.8782 4.72081
11.8782 4.56853
