11.5736 4.56853
11.4213 4.41624
11.4213 4.26396
11.4213 4.11168
11.4213 3.95939
11.4213 3.80711
11.4213 3.65482
11.4213 3.50254
11.269 3.35025
11.269 3.19797
11.269 3.04569
11.269 2.74112
11.269 2.58883
11.269 2.43655
11.269 2.28426
11.269 2.13198
11.269 1.9797
11.269 1.82741
11.269 1.67513
11.1168 1.52284
11.1168 1.21827
11.1168 1.06599
11.1168 0.913706
10.9645 0.761421
10.9645 0.609137
10.9645 0.456853
10.8122 0.304569
10.8122 0.152284
10.6599 0
10.6599 -0.152284
10.5076 -0.304569
10.3553 -0.456853
10.3553 -0.609137
10.203 -0.761421
10.0508 -0.913706
10.0508 -1.06599
9.89848 -1.21827
9.74619 -1.21827
9.59391 -1.37056
9.59391 -1.52284
9.44162 -1.67513
9.28934 -1.82741
9.13706 -1.9797
8.98477 -1.9797
8.98477 -2.13198
8.83249 -2.28426
8.6802 -2.43655
8.52792 -2.43655
8.37563 -2.58883
8.37563 -2.74112
8.22335 -2.8934
8.07107 -2.8934
7.91878 -3.04569
7.7665 -3.19797
7.61421 -3.35025
7.61421 -3.35025
7.46193 -3.50254
7.30964 -3.65482
7.15736 -3.65482
7.00508 -3.80711
6.85279 -3.95939
6.70051 -3.95939
6.54822 -4.11168
6.39594 -4.26396
6.24365 -4.26396
6.09137 -4.41624
5.93909 -4.41624
5.7868 -4.56853
5.63452 -4.56853
5.48223 -4.72081
5.32995 -4.72081
5.17766 -4.72081
5.02538 -4.8731
4.8731 -4.8731
4.72081 -4.8731
4.41624 -4.8731
4.26396 -4.8731
4.11168 -5.02538
3.95939 -5.02538
3.80711 -5.02538
3.65482 -5.02538
3.50254 -4.8731
3.19797 -4.8731
3.04569 -4.8731
2.8934 -4.8731
2.74112 -4.8731
2.58883 -4.8731
2.43655 -4.72081
2.28426 -4.72081
2.13198 -4.72081
1.9797 -4.72081
1.82741 -4.56853
1.52284 -4.56853
1.37056 -4.56853
1.21827 -4.41624
1.06599 -4.41624
0.913706 -4.26396
0.761421 -4.26396
0.609137 -4.26396
0.456853 -4.11168
0.304569 -4.11168
0.152284 -4.11168
0.152284 -3.95939
0 -3.95939
-0.152284 -3.80711
-0.304569 -3.80711
-0.456853 -3.80711
-0.609137 -3.65482
-0.761421 -3.65482
-0.913706 -3.50254
-1.06599 -3.50254
-1.21827 -3.50254
-1.37056 -3.35025
-1.52284 -3.35025
-1.52284 -3.19797
-1.67513 -3.19797
-1.82741 -3.04569
-1.9797 -3.04569
-2.13198 -2.8934
-2.28426 -2.8934
-2.43655 -2.74112
-2.43655 -2.74112
-2.58883 -2.58883
-2.74112 -2.58883
-2.8934 -2.43655
-3.04569 -2.43655
-3.19797 -2.28426
-3.35025 -2.28426
-3.35025 -2.13198
-3.50254 -2.13198
-3.65482 -1.9797
-3.80711 -1.9797
-3.95939 -1.82741
-4.11168 -1.67513
-4.11168 -1.67513
-4.26396 -1.52284
-4.41624 -1.52284
-4.56853 -1.37056
-4.72081 -1.21827
-4.8731 -1.21827
-4.8731 -1.06599
-5.02538 -1.06599
-5.17766 -0.913706
-5.32995 -0.761421
-5.48223 -0.761421
-5.63452 -0.609137
-5.63452 -0.456853
-5.7868 -0.456853
-5.93909 -0.304569
-6.09137 -0.152284
-6.24365 0
-6.39594 0
-6.39594 0.152284
-6.54822 0.304569
-6.70051 0.456853
-6.85279 0.609137
-7.00508 0.761421
-7.00508 0.761421
-7.15736 0.913706
-7.30964 1.06599
-7.30964 1.21827
-7.46193 1.37056
-7.61421 1.52284
-7.61421 1.67513
-7.7665 1.82741
-7.7665 1.9797
-7.91878 2.13198
-7.91878 2.28426
-8.07107 2.58883
-8.07107 2.74112
-8.07107 2.8934
-8.22335 3.04569
-8.22335 3.19797
-8.22335 3.35025
-8.22335 3.50254
-8.37563 3.80711
-8.37563 3.95939
-8.37563 4.11168
-8.37563 4.26396
-8.37563 4.41624
-8.37563 4.56853
-8.37563 4.8731
-8.22335 5.02538
-8.22335 5.17766
-8.22335 5.32995
-8.22335 5.48223
-8.22335 5.63452
-8.07107 5.93909
-8.07107 6.09137
-8.07107 6.24365
-7.91878 6.39594
-7.91878 6.54822
-7.91878 6.70051
-7.7665 6.85279
-7.7665 7.00508
-7.7665 7.15736
-7.61421 7.30964
-7.61421 7.46193
-7.46193 7.7665
-7.46193 7.91878
-7.30964 8.07107
-7.30964 8.22335
-7.15736 8.37563
-7.15736 8.52792
-7.00508 8.6802
-6.85279 8.83249
-6.85279 8.83249
-6.70051 8.98477
-6.70051 9.13706
-6.54822 9.28934
-6.39594 9.44162
-6.39594 9.59391
-6.24365 9.74619
-6.09137 9.89848
-5.93909 10.0508
-5.93909 10.0508
-5.7868 10.203
-5.63452 10.3553
-5.48223 10.5076
-5.48223 10.6599
-5.32995 10.6599
-5.17766 10.8122
-5.02538 10.9645
-5.02538 11.1168
-4.8731 11.1168
-4.72081 11.269
-4.56853 11.4213
-4.41624 11.4213
-4.26396 11.5736
-4.11168 11.5736
-4.11168 11.7259
-3.95939 11.8782
-3.80711 11.8782
-3.65482 12.0305
-3.50254 12.0305
-3.35025 12.1827
-3.19797 12.335
-3.04569 12.335
-2.8934 12.4873
-2.74112 12.4873
-2.58883 12.6396
-2.58883 12.6396
-2.43655 12.6396
-2.28426 12.7919
-2.13198 12.7919
-1.9797 12.9442
-1.82741 12.9442
-1.67513 13.0964
-1.52284 13.0964
-1.37056 13.0964
-1.21827 13.2487
-1.06599 13.2487
-0.913706 13.401
-0.761421 13.401
-0.609137 13.401
-0.456853 13.5533
-0.304569 13.5533
-0.152284 13.5533
0 13.7056
0.152284 13.7056
0.304569 13.8579
0.456853 13.8579
0.609137 13.8579
0.761421 14.0102
0.913706 14.0102
1.06599 14.0102
1.21827 14.1624
1.37056 14.1624
1.52284 14.1624
1.67513 14.3147
1.9797 14.3147
2.13198 14.3147
2.28426 14.467
2.43655 14.467
2.58883 14.467
2.74112 14.467
2.8934 14.6193
3.19797 14.6193
3.35025 14.6193
3.50254 14.6193
3.65482 14.6193
3.80711 14.6193
4.11168 14.6193
4.26396 14.6193
4.41624 14.6193
4.56853 14.6193
4.72081 14.6193
4.8731 14.467
5.17766 14.467
5.32995 14.467
5.48223 14.3147
5.63452 14.3147
5.7868 14.1624
5.93909 14.1624
6.09137 14.0102
6.24365 14.0102
6.39594 13.8579
6.54822 13.7056
6.70051 13.5533
6.85279 13.5533
7.00508 13.401
7.15736 13.2487
7.15736 13.0964
7.30964 12.9442
7.46193 12.7919
7.61421 12.6396
7.61421 12.6396
7.7665 12.4873
7.91878 12.335
7.91878 12.1827
8.07107 12.0305
8.22335 11.8782
8.22335 11.7259
8.37563 11.5736
8.37563 11.4213
8.52792 11.269
8.52792 11.1168
8.6802 10.9645
8.6802 10.8122
8.83249 10.6599
8.83249 10.5076
8.98477 10.3553
8.98477 10.203
9.13706 10.0508
9.13706 9.89848
9.28934 9.74619
9.28934 9.59391
9.44162 9.44162
9.44162 9.28934
9.44162 9.13706
9.59391 9.13706
9.59391 8.98477
9.74619 8.83249
9.74619 8.6802
9.89848 8.52792
9.89848 8.37563
10.0508 8.22335
10.0508 8.07107
10.203 7.91878
10.203 7.91878
10.3553 7.7665
10.5076 7.61421
10.5076 7.46193
10.6599 7.30964
10.6599 7.15736
10.8122 7.00508
10.8122 6.85279
10.9645 6.70051
10.9645 6.54822
11.1168 6.39594
11.1168 6.24365
11.269 6.09137
11.269 5.93909
11.4213 5.7868
11.4213 5.63452
11.4213 5.48223
11.5736 5.32995
11.5736 5.17766
11.5736 5.02538
11.5736 4.8731
