11.5736 4.72081
11.4213 4.56853
11.4213 4.41624
11.4213 4.26396
11.4213 4.11168
11.269 3.95939
11.269 3.80711
11.269 3.65482
11.269 3.50254
11.269 3.19797
11.269 3.04569
11.1168 2.8934
11.1168 2.74112
11.1168 2.58883
11.1168 2.43655
11.1168 2.28426
11.1168 2.13198
11.1168 1.9797
11.1168 1.67513
11.1168 1.52284
11.1168 1.37056
10.9645 1.21827
10.9645 1.06599
10.9645 0.913706
10.8122 0.761421
10.8122 0.609137
10.8122 0.456853
10.6599 0.152284
10.6599 0
10.5076 -0.152284
10.5076 -0.304569
10.3553 -0.456853
10.203 -0.456853
10.203 -0.609137
10.0508 -0.761421
9.89848 -0.913706
9.74619 -1.06599
9.74619 -1.21827
9.59391 -1.37056
9.44162 -1.52284
9.28934 -1.52284
9.28934 -1.67513
9.13706 -1.82741
8.98477 -1.9797
8.83249 -2.13198
8.6802 -2.13198
8.52792 -2.28426
8.52792 -2.43655
8.37563 -2.43655
8.22335 -2.58883
8.07107 -2.74112
7.91878 -2.8934
7.7665 -2.8934
7.61421 -3.04569
7.61421 -3.19797
7.46193 -3.35025
7.30964 -3.35025
7.15736 -3.50254
7.00508 -3.65482
6.85279 -3.65482
6.70051 -3.80711
6.54822 -3.95939
6.39594 -3.95939
6.24365 -4.11168
6.09137 -4.11168
5.93909 -4.26396
5.7868 -4.26396
5.63452 -4.41624
5.48223 -4.41624
5.32995 -4.56853
5.17766 -4.56853
5.02538 -4.72081
4.8731 -4.72081
4.72081 -4.72081
4.56853 -4.72081
4.26396 -4.72081
4.11168 -4.8731
3.95939 -4.8731
3.80711 -4.8731
3.65482 -4.8731
3.50254 -4.8731
3.35025 -4.8731
3.19797 -4.8731
2.8934 -4.72081
2.74112 -4.72081
2.58883 -4.72081
2.43655 -4.72081
2.28426 -4.72081
2.13198 -4.56853
1.9797 -4.56853
1.82741 -4.56853
1.67513 -4.56853
1.52284 -4.41624
1.37056 -4.41624
1.06599 -4.41624
0.913706 -4.26396
0.761421 -4.26396
0.609137 -4.11168
0.456853 -4.11168
0.456853 -4.11168
0.304569 -3.95939
0.152284 -3.95939
0 -3.80711
-0.152284 -3.80711
-0.304569 -3.80711
-0.456853 -3.65482
-0.609137 -3.65482
-0.761421 -3.50254
-0.913706 -3.50254
-1.06599 -3.35025
-1.21827 -3.35025
-1.37056 -3.19797
-1.37056 -3.19797
-1.52284 -3.19797
-1.67513 -3.04569
-1.82741 -3.04569
-1.9797 -2.8934
-2.13198 -2.8934
-2.28426 -2.74112
-2.28426 -2.74112
-2.43655 -2.58883
-2.58883 -2.58883
-2.74112 -2.43655
-2.8934 -2.43655
-3.04569 -2.28426
-3.19797 -2.28426
-3.19797 -2.13198
-3.35025 -2.13198
-3.50254 -1.9797
-3.65482 -1.9797
-3.80711 -1.82741
-3.95939 -1.82741
-4.11168 -1.67513
-4.11168 -1.67513
-4.26396 -1.52284
-4.41624 -1.52284
-4.56853 -1.37056
-4.72081 -1.21827
-4.8731 -1.21827
-5.02538 -1.06599
-5.02538 -1.06599
-5.17766 -0.913706
-5.32995 -0.761421
-5.48223 -0.761421
-5.63452 -0.609137
-5.7868 -0.456853
-5.93909 -0.456853
-5.93909 -0.304569
-6.09137 -0.152284
-6.24365 -0.152284
-6.39594 0
-6.54822 0.152284
-6.70051 0.304569
-6.85279 0.456853
-6.85279 0.456853
-7.00508 0.609137
-7.15736 0.761421
-7.30964 0.913706
-7.30964 1.06599
-7.46193 1.21827
-7.61421 1.37056
-7.61421 1.52284
-7.7665 1.67513
-7.91878 1.82741
-7.91878 1.9797
-8.07107 2.13198
-8.07107 2.28426
-8.22335 2.43655
-8.22335 2.58883
-8.22335 2.74112
-8.37563 3.04569
-8.37563 3.19797
-8.37563 3.35025
-8.37563 3.50254
-8.37563 3.65482
-8.37563 3.80711
-8.37563 4.11168
-8.37563 4.26396
-8.37563 4.41624
-8.37563 4.56853
-8.37563 4.72081
-8.37563 4.8731
-8.37563 5.17766
-8.37563 5.32995
-8.22335 5.48223
-8.22335 5.63452
-8.22335 5.7868
-8.22335 5.93909
-8.07107 6.09137
-8.07107 6.24365
-8.07107 6.54822
-7.91878 6.70051
-7.91878 6.85279
-7.7665 7.00508
-7.7665 7.15736
-7.7665 7.30964
-7.61421 7.46193
-7.61421 7.61421
-7.46193 7.7665
-7.46193 7.91878
-7.30964 8.07107
-7.30964 8.22335
-7.15736 8.37563
-7.15736 8.52792
-7.00508 8.6802
-7.00508 8.83249
-6.85279 8.98477
-6.85279 9.13706
-6.70051 9.28934
-6.70051 9.44162
-6.54822 9.59391
-6.39594 9.74619
-6.39594 9.89848
-6.24365 10.0508
-6.09137 10.0508
-6.09137 10.203
-5.93909 10.3553
-5.7868 10.5076
-5.7868 10.6599
-5.63452 10.8122
-5.48223 10.8122
-5.32995 10.9645
-5.17766 11.1168
-5.17766 11.269
-5.02538 11.269
-4.8731 11.4213
-4.72081 11.5736
-4.56853 11.5736
-4.41624 11.7259
-4.41624 11.8782
-4.26396 11.8782
-4.11168 12.0305
-3.95939 12.0305
-3.80711 12.1827
-3.65482 12.1827
-3.50254 12.335
-3.35025 12.335
-3.19797 12.4873
-3.04569 12.4873
-2.8934 12.6396
-2.74112 12.6396
-2.58883 12.7919
-2.58883 12.7919
-2.43655 12.9442
-2.28426 12.9442
-2.13198 13.0964
-1.9797 13.0964
-1.82741 13.0964
-1.67513 13.2487
-1.52284 13.2487
-1.37056 13.2487
-1.21827 13.401
-1.06599 13.401
-0.913706 13.5533
-0.761421 13.5533
-0.609137 13.5533
-0.456853 13.7056
-0.304569 13.7056
-0.152284 13.7056
0 13.8579
0.152284 13.8579
0.304569 13.8579
0.456853 14.0102
0.609137 14.0102
0.761421 14.1624
0.913706 14.1624
1.06599 14.3147
1.21827 14.3147
1.37056 14.3147
1.67513 14.467
1.82741 14.467
1.9797 14.6193
2.13198 14.6193
2.28426 14.6193
2.43655 14.7716
2.58883 14.7716
2.8934 14.7716
3.04569 14.7716
3.19797 14.9239
3.35025 14.9239
3.50254 14.9239
3.80711 14.9239
3.95939 14.9239
4.11168 14.9239
4.26396 14.9239
4.56853 14.9239
4.72081 14.9239
4.8731 14.7716
5.02538 14.7716
5.17766 14.7716
5.32995 14.6193
5.48223 14.6193
5.63452 14.467
5.93909 14.3147
6.09137 14.3147
6.09137 14.1624
6.24365 14.0102
6.39594 13.8579
6.54822 13.8579
6.70051 13.7056
6.85279 13.5533
7.00508 13.401
7.15736 13.2487
7.15736 13.0964
7.30964 12.9442
7.46193 12.7919
7.46193 12.6396
7.61421 12.4873
7.7665 12.335
7.7665 12.1827
7.91878 12.0305
7.91878 11.8782
8.07107 11.7259
8.07107 11.5736
8.22335 11.4213
8.37563 11.269
8.37563 11.1168
8.52792 10.9645
8.52792 10.8122
8.6802 10.6599
8.6802 10.5076
8.83249 10.5076
8.83249 10.3553
8.98477 10.203
8.98477 10.0508
9.13706 9.89848
9.13706 9.74619
9.28934 9.59391
9.28934 9.44162
9.44162 9.28934
9.44162 9.13706
9.59391 9.13706
9.59391 8.98477
9.74619 8.83249
9.74619 8.6802
9.89848 8.52792
9.89848 8.37563
10.0508 8.22335
10.0508 8.07107
10.203 7.91878
10.3553 7.91878
10.3553 7.7665
10.5076 7.61421
10.5076 7.46193
10.6599 7.30964
10.6599 7.15736
10.8122 7.00508
10.8122 6.85279
10.9645 6.70051
10.9645 6.54822
11.1168 6.39594
11.1168 6.24365
11.269 6.09137
11.269 5.93909
11.269 5.7868
11.4213 5.63452
11.4213 5.48223
11.4213 5.32995
11.5736 5.02538
11.5736 4.8731
