11.4213 4.8731
11.4213 4.72081
11.269 4.56853
11.269 4.41624
11.269 4.26396
11.269 4.11168
11.269 3.95939
11.269 3.80711
11.269 3.65482
11.269 3.50254
11.1168 3.19797
11.1168 3.04569
11.1168 2.8934
11.1168 2.74112
11.1168 2.58883
11.1168 2.43655
11.1168 2.28426
11.1168 2.13198
11.1168 1.9797
11.1168 1.67513
11.1168 1.52284
10.9645 1.37056
10.9645 1.21827
10.9645 1.06599
10.9645 0.913706
10.8122 0.761421
10.8122 0.609137
10.8122 0.456853
10.6599 0.304569
10.6599 0.152284
10.5076 0
10.3553 -0.152284
10.3553 -0.304569
10.203 -0.456853
10.203 -0.609137
10.0508 -0.761421
9.89848 -0.913706
9.74619 -1.06599
9.74619 -1.21827
9.59391 -1.37056
9.44162 -1.52284
9.44162 -1.52284
9.28934 -1.67513
9.13706 -1.82741
8.98477 -1.9797
8.83249 -2.13198
8.83249 -2.13198
8.6802 -2.28426
8.52792 -2.43655
8.37563 -2.58883
8.22335 -2.74112
8.22335 -2.74112
8.07107 -2.8934
7.91878 -3.04569
7.7665 -3.19797
7.61421 -3.19797
7.46193 -3.35025
7.30964 -3.50254
7.30964 -3.65482
7.15736 -3.65482
7.00508 -3.80711
6.85279 -3.95939
6.70051 -4.11168
6.54822 -4.11168
6.39594 -4.26396
6.24365 -4.26396
6.09137 -4.41624
5.93909 -4.41624
5.7868 -4.56853
5.63452 -4.56853
5.32995 -4.72081
5.17766 -4.72081
5.02538 -4.8731
4.8731 -4.8731
4.72081 -4.8731
4.56853 -4.8731
4.41624 -4.8731
4.11168 -5.02538
3.95939 -5.02538
3.80711 -5.02538
3.65482 -5.02538
3.50254 -5.02538
3.35025 -5.02538
3.04569 -4.8731
2.8934 -4.8731
2.74112 -4.8731
2.58883 -4.8731
2.43655 -4.8731
2.28426 -4.72081
2.13198 -4.72081
1.9797 -4.72081
1.67513 -4.72081
1.52284 -4.56853
1.37056 -4.56853
1.21827 -4.56853
1.06599 -4.41624
0.913706 -4.41624
0.761421 -4.26396
0.609137 -4.26396
0.456853 -4.26396
0.304569 -4.11168
0.152284 -4.11168
0 -3.95939
-0.152284 -3.95939
-0.304569 -3.80711
-0.456853 -3.80711
-0.609137 -3.80711
-0.761421 -3.65482
-0.913706 -3.65482
-0.913706 -3.50254
-1.06599 -3.50254
-1.21827 -3.35025
-1.37056 -3.35025
-1.52284 -3.19797
-1.67513 -3.19797
-1.82741 -3.04569
-1.9797 -3.04569
-2.13198 -2.8934
-2.13198 -2.8934
-2.28426 -2.74112
-2.43655 -2.74112
-2.58883 -2.58883
-2.74112 -2.43655
-2.8934 -2.43655
-3.04569 -2.28426
-3.04569 -2.28426
-3.19797 -2.13198
-3.35025 -2.13198
-3.50254 -1.9797
-3.65482 -1.9797
-3.80711 -1.82741
-3.80711 -1.67513
-3.95939 -1.67513
-4.11168 -1.52284
-4.26396 -1.52284
-4.41624 -1.37056
-4.56853 -1.37056
-4.72081 -1.21827
-4.72081 -1.06599
-4.8731 -1.06599
-5.02538 -0.913706
-5.17766 -0.761421
-5.32995 -0.761421
-5.48223 -0.609137
-5.63452 -0.609137
-5.7868 -0.456853
-5.7868 -0.304569
-5.93909 -0.304569
-6.09137 -0.152284
-6.24365 0
-6.39594 0.152284
-6.54822 0.152284
-6.70051 0.304569
-6.85279 0.456853
-7.00508 0.609137
-7.15736 0.761421
-7.15736 0.913706
-7.30964 0.913706
-7.46193 1.06599
-7.61421 1.21827
-7.7665 1.37056
-7.7665 1.52284
-7.91878 1.67513
-8.07107 1.82741
-8.07107 1.9797
-8.22335 2.13198
-8.22335 2.43655
-8.37563 2.58883
-8.37563 2.74112
-8.37563 2.8934
-8.52792 3.04569
-8.52792 3.19797
-8.52792 3.50254
-8.52792 3.65482
-8.52792 3.80711
-8.52792 3.95939
-8.52792 4.11168
-8.52792 4.41624
-8.52792 4.56853
-8.52792 4.72081
-8.52792 4.8731
-8.52792 5.02538
-8.37563 5.32995
-8.37563 5.48223
-8.37563 5.63452
-8.37563 5.7868
-8.22335 5.93909
-8.22335 6.09137
-8.22335 6.39594
-8.07107 6.54822
-8.07107 6.70051
-8.07107 6.85279
-7.91878 7.00508
-7.91878 7.15736
-7.91878 7.30964
-7.7665 7.46193
-7.7665 7.61421
-7.61421 7.7665
-7.61421 8.07107
-7.61421 8.22335
-7.46193 8.37563
-7.46193 8.52792
-7.30964 8.6802
-7.30964 8.83249
-7.15736 8.98477
-7.15736 9.13706
-7.00508 9.28934
-7.00508 9.44162
-6.85279 9.59391
-6.85279 9.74619
-6.70051 9.89848
-6.54822 10.0508
-6.54822 10.203
-6.39594 10.3553
-6.24365 10.5076
-6.24365 10.5076
-6.09137 10.6599
-5.93909 10.8122
-5.7868 10.9645
-5.63452 11.1168
-5.63452 11.1168
-5.48223 11.269
-5.32995 11.4213
-5.17766 11.5736
-5.02538 11.5736
-4.8731 11.7259
-4.72081 11.7259
-4.56853 11.8782
-4.41624 12.0305
-4.26396 12.0305
-4.11168 12.1827
-3.95939 12.1827
-3.80711 12.335
-3.65482 12.335
-3.50254 12.4873
-3.35025 12.4873
-3.35025 12.6396
-3.19797 12.6396
-3.04569 12.7919
-2.8934 12.7919
-2.74112 12.9442
-2.58883 12.9442
-2.43655 13.0964
-2.28426 13.0964
-2.13198 13.2487
-1.9797 13.2487
-1.82741 13.401
-1.67513 13.401
-1.52284 13.401
-1.37056 13.5533
-1.21827 13.5533
-1.06599 13.7056
-0.913706 13.7056
-0.761421 13.8579
-0.609137 13.8579
-0.456853 14.0102
-0.304569 14.0102
-0.152284 14.1624
0 14.1624
0.152284 14.3147
0.304569 14.3147
0.456853 14.467
0.609137 14.467
0.761421 14.6193
0.913706 14.6193
1.06599 14.6193
1.21827 14.7716
1.37056 14.7716
1.52284 14.9239
1.67513 14.9239
1.9797 14.9239
2.13198 14.9239
2.28426 15.0761
2.43655 15.0761
2.58883 15.0761
2.74112 15.0761
3.04569 15.0761
3.19797 15.0761
3.35025 15.2284
3.50254 15.2284
3.65482 15.0761
3.95939 15.0761
4.11168 15.0761
4.26396 15.0761
4.41624 15.0761
4.56853 15.0761
4.8731 14.9239
5.02538 14.9239
5.17766 14.7716
5.32995 14.7716
5.48223 14.6193
5.63452 14.6193
5.7868 14.467
5.93909 14.467
6.09137 14.3147
6.24365 14.1624
6.39594 14.0102
6.54822 13.8579
6.70051 13.8579
6.70051 13.7056
6.85279 13.5533
7.00508 13.401
7.15736 13.2487
7.15736 13.0964
7.30964 12.9442
7.46193 12.7919
7.46193 12.6396
7.61421 12.4873
7.7665 12.335
7.7665 12.1827
7.91878 12.0305
7.91878 11.8782
8.07107 11.7259
8.07107 11.5736
8.22335 11.4213
8.22335 11.269
8.37563 11.1168
8.37563 10.9645
8.52792 10.8122
8.52792 10.6599
8.6802 10.5076
8.6802 10.3553
8.83249 10.3553
8.83249 10.203
8.98477 10.0508
8.98477 9.89848
9.13706 9.74619
9.13706 9.59391
9.28934 9.44162
9.28934 9.28934
9.44162 9.13706
9.44162 9.13706
9.44162 8.98477
9.59391 8.83249
9.59391 8.6802
9.74619 8.52792
9.74619 8.37563
9.89848 8.22335
9.89848 8.22335
10.0508 8.07107
10.203 7.91878
10.203 7.7665
10.3553 7.61421
10.3553 7.46193
10.5076 7.30964
10.5076 7.15736
10.6599 7.00508
10.6599 7.00508
10.8122 6.85279
10.8122 6.70051
10.9645 6.54822
10.9645 6.39594
11.1168 6.24365
11.1168 6.09137
11.269 5.93909
11.269 5.7868
11.269 5.63452
11.4213 5.32995
11.4213 5.17766
11.4213 5.02538
