11.5736 4.41624
11.5736 4.11168
11.7259 3.95939
11.7259 3.80711
11.7259 3.65482
11.7259 3.50254
11.7259 3.35025
11.7259 3.19797
11.7259 3.04569
11.7259 2.74112
11.7259 2.58883
11.7259 2.43655
11.7259 2.28426
11.7259 2.13198
11.7259 1.9797
11.7259 1.82741
11.5736 1.52284
11.5736 1.37056
11.5736 1.21827
11.5736 1.06599
11.5736 0.913706
11.5736 0.761421
11.4213 0.456853
11.4213 0.304569
11.4213 0.152284
11.4213 0
11.4213 -0.304569
11.269 -0.456853
11.269 -0.609137
11.269 -0.761421
11.269 -1.06599
11.269 -1.21827
11.1168 -1.37056
11.1168 -1.67513
11.1168 -1.82741
10.9645 -1.9797
10.9645 -2.13198
10.9645 -2.43655
10.8122 -2.58883
10.8122 -2.74112
10.6599 -2.8934
10.6599 -3.19797
10.5076 -3.35025
10.3553 -3.50254
10.203 -3.65482
10.203 -3.80711
10.0508 -3.95939
9.89848 -4.11168
9.74619 -4.26396
9.59391 -4.41624
9.44162 -4.56853
9.28934 -4.72081
9.13706 -4.72081
8.98477 -4.8731
8.6802 -5.02538
8.52792 -5.02538
8.37563 -5.17766
8.22335 -5.17766
7.91878 -5.17766
7.7665 -5.32995
7.61421 -5.32995
7.30964 -5.32995
7.15736 -5.32995
7.00508 -5.32995
6.70051 -5.48223
6.54822 -5.48223
6.39594 -5.48223
6.09137 -5.48223
5.93909 -5.48223
5.7868 -5.48223
5.48223 -5.48223
5.32995 -5.48223
5.17766 -5.48223
5.02538 -5.32995
4.72081 -5.32995
4.56853 -5.32995
4.41624 -5.32995
4.26396 -5.32995
3.95939 -5.32995
3.80711 -5.32995
3.65482 -5.32995
3.50254 -5.32995
3.35025 -5.32995
3.19797 -5.17766
3.04569 -5.17766
2.74112 -5.17766
2.58883 -5.17766
2.43655 -5.17766
2.28426 -5.17766
2.13198 -5.17766
1.9797 -5.17766
1.82741 -5.17766
1.67513 -5.17766
1.52284 -5.17766
1.37056 -5.17766
1.21827 -5.17766
0.913706 -5.17766
0.761421 -5.02538
0.609137 -5.02538
0.456853 -5.02538
0.304569 -5.02538
0.152284 -5.02538
0 -5.02538
-0.152284 -5.02538
-0.304569 -5.02538
-0.609137 -5.02538
-0.761421 -5.02538
-0.913706 -5.02538
-1.06599 -5.02538
-1.21827 -5.02538
-1.37056 -4.8731
-1.52284 -4.8731
-1.67513 -4.8731
-1.9797 -4.8731
-2.13198 -4.72081
-2.28426 -4.72081
-2.43655 -4.72081
-2.58883 -4.56853
-2.74112 -4.56853
-2.8934 -4.41624
-3.04569 -4.26396
-3.19797 -4.26396
-3.35025 -4.11168
-3.50254 -3.95939
-3.65482 -3.95939
-3.65482 -3.80711
-3.80711 -3.65482
-3.95939 -3.50254
-4.11168 -3.35025
-4.11168 -3.19797
-4.26396 -3.04569
-4.41624 -2.8934
-4.41624 -2.74112
-4.56853 -2.58883
-4.72081 -2.58883
-4.72081 -2.43655
-4.8731 -2.28426
-4.8731 -2.13198
-5.02538 -1.9797
-5.17766 -1.82741
-5.17766 -1.67513
-5.32995 -1.52284
-5.32995 -1.37056
-5.48223 -1.21827
-5.63452 -1.06599
-5.63452 -1.06599
-5.7868 -0.913706
-5.93909 -0.761421
-5.93909 -0.609137
-6.09137 -0.456853
-6.24365 -0.304569
-6.24365 -0.304569
-6.39594 -0.152284
-6.54822 0
-6.70051 0.152284
-6.70051 0.304569
-6.85279 0.456853
-7.00508 0.609137
-7.15736 0.761421
-7.15736 0.761421
-7.30964 0.913706
-7.46193 1.06599
-7.46193 1.21827
-7.61421 1.37056
-7.61421 1.52284
-7.7665 1.67513
-7.7665 1.9797
-7.91878 2.13198
-7.91878 2.28426
-7.91878 2.43655
-8.07107 2.58883
-8.07107 2.74112
-8.07107 2.8934
-8.07107 3.04569
-8.07107 3.35025
-8.07107 3.50254
-8.07107 3.65482
-8.07107 3.80711
-8.07107 3.95939
-8.07107 4.11168
-8.07107 4.41624
-8.07107 4.56853
-7.91878 4.72081
-7.91878 4.8731
-7.91878 5.02538
-7.91878 5.17766
-7.91878 5.32995
-7.7665 5.48223
-7.7665 5.7868
-7.7665 5.93909
-7.7665 6.09137
-7.61421 6.24365
-7.61421 6.39594
-7.61421 6.54822
-7.61421 6.70051
-7.46193 6.85279
-7.46193 7.00508
-7.46193 7.30964
-7.46193 7.46193
-7.46193 7.61421
-7.30964 7.7665
-7.30964 7.91878
-7.30964 8.07107
-7.30964 8.22335
-7.30964 8.37563
-7.15736 8.6802
-7.15736 8.83249
-7.15736 8.98477
-7.00508 9.13706
-7.00508 9.28934
-7.00508 9.44162
-6.85279 9.59391
-6.85279 9.89848
-6.70051 10.0508
-6.70051 10.203
-6.54822 10.3553
-6.39594 10.5076
-6.39594 10.6599
-6.24365 10.8122
-6.09137 10.9645
-6.09137 11.1168
-5.93909 11.269
-5.7868 11.4213
-5.63452 11.4213
-5.48223 11.5736
-5.48223 11.7259
-5.32995 11.8782
-5.17766 12.0305
-5.02538 12.0305
-4.8731 12.1827
-4.72081 12.335
-4.56853 12.4873
-4.41624 12.4873
-4.26396 12.6396
-4.11168 12.7919
-3.95939 12.7919
-3.80711 12.9442
-3.65482 12.9442
-3.50254 13.0964
-3.35025 13.0964
-3.19797 13.2487
-3.04569 13.401
-2.8934 13.401
-2.74112 13.5533
-2.58883 13.5533
-2.43655 13.7056
-2.28426 13.7056
-1.9797 13.8579
-1.82741 13.8579
-1.67513 14.0102
-1.52284 14.0102
-1.37056 14.1624
-1.21827 14.1624
-1.06599 14.3147
-0.913706 14.3147
-0.761421 14.3147
-0.609137 14.467
-0.304569 14.467
-0.152284 14.467
0 14.6193
0.152284 14.6193
0.304569 14.6193
0.456853 14.6193
0.761421 14.7716
0.913706 14.7716
1.06599 14.7716
1.21827 14.7716
1.37056 14.7716
1.67513 14.7716
1.82741 14.7716
1.9797 14.7716
2.13198 14.7716
2.28426 14.7716
2.58883 14.7716
2.74112 14.7716
2.8934 14.6193
3.04569 14.6193
3.19797 14.6193
3.35025 14.6193
3.65482 14.467
3.80711 14.467
3.95939 14.467
4.11168 14.3147
4.26396 14.3147
4.41624 14.3147
4.56853 14.1624
4.72081 14.1624
4.8731 14.0102
5.02538 14.0102
5.32995 13.8579
5.48223 13.8579
5.63452 13.7056
5.7868 13.5533
5.93909 13.5533
6.09137 13.401
6.09137 13.401
6.24365 13.2487
6.39594 13.0964
6.54822 12.9442
6.70051 12.9442
6.85279 12.7919
7.00508 12.6396
7.15736 12.4873
7.15736 12.4873
7.30964 12.335
7.46193 12.1827
7.61421 12.0305
7.7665 11.8782
7.7665 11.8782
7.91878 11.7259
8.07107 11.5736
8.07107 11.4213
8.22335 11.269
8.37563 11.1168
8.37563 10.9645
8.52792 10.8122
8.6802 10.8122
8.6802 10.6599
8.83249 10.5076
8.83249 10.3553
8.98477 10.203
8.98477 10.0508
9.13706 9.89848
9.13706 9.74619
9.28934 9.59391
9.28934 9.59391
9.44162 9.44162
9.44162 9.28934
9.59391 9.13706
9.59391 8.98477
9.74619 8.83249
9.74619 8.6802
9.89848 8.52792
9.89848 8.37563
10.0508 8.22335
10.0508 8.07107
10.203 7.91878
10.203 7.91878
10.3553 7.7665
10.3553 7.61421
10.3553 7.46193
10.5076 7.30964
10.5076 7.15736
10.6599 7.00508
10.6599 6.85279
10.8122 6.70051
10.8122 6.54822
10.9645 6.39594
10.9645 6.24365
10.9645 6.09137
11.1168 5.93909
11.1168 5.7868
11.1168 5.63452
11.269 5.48223
11.269 5.32995
11.4213 5.17766
11.4213 5.02538
11.4213 4.8731
11.4213 4.72081
11.5736 4.56853
