12.0305 4.26396
12.0305 4.11168
12.0305 3.80711
12.0305 3.65482
12.1827 3.50254
12.1827 3.35025
12.1827 3.19797
12.1827 2.8934
12.1827 2.74112
12.335 2.58883
12.335 2.43655
12.335 2.13198
12.335 1.9797
12.335 1.82741
12.335 1.52284
12.335 1.37056
12.335 1.21827
12.335 0.913706
12.335 0.761421
12.335 0.609137
12.335 0.304569
12.335 0.152284
12.1827 0
12.1827 -0.304569
12.1827 -0.456853
12.0305 -0.609137
12.0305 -0.761421
12.0305 -1.06599
11.8782 -1.21827
11.8782 -1.37056
11.7259 -1.52284
11.7259 -1.82741
11.5736 -1.9797
11.4213 -2.13198
11.4213 -2.28426
11.269 -2.43655
11.1168 -2.58883
10.9645 -2.8934
10.9645 -3.04569
10.8122 -3.19797
10.6599 -3.35025
10.5076 -3.50254
10.3553 -3.65482
10.203 -3.80711
10.0508 -3.80711
9.89848 -3.95939
9.74619 -4.11168
9.59391 -4.26396
9.44162 -4.41624
9.28934 -4.56853
9.13706 -4.56853
8.98477 -4.72081
8.6802 -4.8731
8.52792 -4.8731
8.37563 -5.02538
8.22335 -5.17766
8.07107 -5.17766
7.7665 -5.32995
7.61421 -5.32995
7.46193 -5.32995
7.30964 -5.48223
7.00508 -5.48223
6.85279 -5.63452
6.70051 -5.63452
6.54822 -5.63452
6.24365 -5.63452
6.09137 -5.7868
5.93909 -5.7868
5.63452 -5.7868
5.48223 -5.7868
5.32995 -5.7868
5.17766 -5.7868
4.8731 -5.7868
4.72081 -5.7868
4.56853 -5.93909
4.41624 -5.7868
4.11168 -5.7868
3.95939 -5.7868
3.80711 -5.7868
3.65482 -5.7868
3.35025 -5.7868
3.19797 -5.7868
3.04569 -5.7868
2.8934 -5.7868
2.74112 -5.63452
2.58883 -5.63452
2.28426 -5.63452
2.13198 -5.63452
1.9797 -5.63452
1.82741 -5.48223
1.67513 -5.48223
1.52284 -5.48223
1.37056 -5.48223
1.21827 -5.32995
0.913706 -5.32995
0.761421 -5.32995
0.609137 -5.32995
0.456853 -5.17766
0.304569 -5.17766
0.152284 -5.17766
0 -5.17766
-0.152284 -5.02538
-0.304569 -5.02538
-0.456853 -5.02538
-0.609137 -5.02538
-0.761421 -4.8731
-0.913706 -4.8731
-1.06599 -4.8731
-1.37056 -4.8731
-1.52284 -4.72081
-1.67513 -4.72081
-1.82741 -4.72081
-1.9797 -4.72081
-2.13198 -4.56853
-2.28426 -4.56853
-2.43655 -4.56853
-2.58883 -4.41624
-2.74112 -4.41624
-2.8934 -4.41624
-3.04569 -4.26396
-3.19797 -4.26396
-3.35025 -4.11168
-3.50254 -4.11168
-3.65482 -3.95939
-3.80711 -3.95939
-3.95939 -3.80711
-4.11168 -3.80711
-4.26396 -3.65482
-4.41624 -3.65482
-4.72081 -3.50254
-4.72081 -3.50254
-4.8731 -3.35025
-5.02538 -3.19797
-5.17766 -3.19797
-5.32995 -3.04569
-5.48223 -2.8934
-5.63452 -2.8934
-5.7868 -2.74112
-5.93909 -2.58883
-6.09137 -2.43655
-6.24365 -2.43655
-6.39594 -2.28426
-6.54822 -2.13198
-6.54822 -1.9797
-6.70051 -1.82741
-6.85279 -1.67513
-7.00508 -1.52284
-7.15736 -1.37056
-7.15736 -1.21827
-7.30964 -1.21827
-7.46193 -1.06599
-7.46193 -0.913706
-7.61421 -0.761421
-7.7665 -0.609137
-7.7665 -0.304569
-7.91878 -0.152284
-7.91878 0
-8.07107 0.152284
-8.22335 0.304569
-8.22335 0.456853
-8.22335 0.609137
-8.37563 0.761421
-8.37563 0.913706
-8.52792 1.21827
-8.52792 1.37056
-8.52792 1.52284
-8.6802 1.67513
-8.6802 1.82741
-8.6802 1.9797
-8.6802 2.28426
-8.6802 2.43655
-8.6802 2.58883
-8.6802 2.74112
-8.83249 2.8934
-8.83249 3.19797
-8.83249 3.35025
-8.83249 3.50254
-8.83249 3.65482
-8.6802 3.80711
-8.6802 4.11168
-8.6802 4.26396
-8.6802 4.41624
-8.6802 4.56853
-8.6802 4.72081
-8.6802 5.02538
-8.6802 5.17766
-8.6802 5.32995
-8.52792 5.48223
-8.52792 5.63452
-8.52792 5.7868
-8.52792 6.09137
-8.52792 6.24365
-8.52792 6.39594
-8.52792 6.54822
-8.52792 6.70051
-8.37563 7.00508
-8.37563 7.15736
-8.37563 7.30964
-8.37563 7.46193
-8.37563 7.61421
-8.37563 7.91878
-8.37563 8.07107
-8.22335 8.22335
-8.22335 8.37563
-8.22335 8.6802
-8.22335 8.83249
-8.07107 8.98477
-8.07107 9.13706
-8.07107 9.44162
-7.91878 9.59391
-7.91878 9.74619
-7.91878 9.89848
-7.7665 10.203
-7.7665 10.3553
-7.61421 10.5076
-7.46193 10.6599
-7.46193 10.8122
-7.30964 10.9645
-7.15736 11.1168
-7.15736 11.269
-7.00508 11.4213
-6.85279 11.5736
-6.70051 11.7259
-6.54822 11.8782
-6.39594 12.0305
-6.24365 12.1827
-6.09137 12.335
-5.93909 12.4873
-5.7868 12.4873
-5.63452 12.6396
-5.48223 12.7919
-5.32995 12.7919
-5.17766 12.9442
-5.02538 13.0964
-4.8731 13.0964
-4.72081 13.2487
-4.41624 13.401
-4.26396 13.401
-4.11168 13.5533
-3.95939 13.5533
-3.80711 13.7056
-3.65482 13.7056
-3.50254 13.8579
-3.19797 13.8579
-3.04569 13.8579
-2.8934 14.0102
-2.74112 14.0102
-2.58883 14.1624
-2.28426 14.1624
-2.13198 14.1624
-1.9797 14.3147
-1.82741 14.3147
-1.67513 14.3147
-1.52284 14.3147
-1.21827 14.467
-1.06599 14.467
-0.913706 14.467
-0.761421 14.467
-0.609137 14.6193
-0.304569 14.6193
-0.152284 14.6193
0 14.6193
0.152284 14.6193
0.304569 14.6193
0.609137 14.6193
0.761421 14.6193
0.913706 14.6193
1.06599 14.6193
1.21827 14.6193
1.52284 14.6193
1.67513 14.6193
1.82741 14.6193
1.9797 14.6193
2.13198 14.467
2.43655 14.467
2.58883 14.467
2.74112 14.467
2.8934 14.467
3.04569 14.3147
3.19797 14.3147
3.35025 14.3147
3.65482 14.1624
3.80711 14.1624
3.95939 14.1624
4.11168 14.0102
4.26396 14.0102
4.41624 14.0102
4.56853 13.8579
4.72081 13.8579
4.8731 13.7056
5.02538 13.7056
5.17766 13.5533
5.32995 13.5533
5.48223 13.401
5.7868 13.401
5.93909 13.2487
6.09137 13.2487
6.24365 13.0964
6.39594 13.0964
6.39594 12.9442
6.54822 12.7919
6.70051 12.7919
6.85279 12.6396
7.00508 12.4873
7.15736 12.4873
7.30964 12.335
7.46193 12.1827
7.61421 12.1827
7.7665 12.0305
7.91878 11.8782
7.91878 11.8782
8.07107 11.7259
8.22335 11.5736
8.37563 11.4213
8.52792 11.269
8.6802 11.269
8.6802 11.1168
8.83249 10.9645
8.98477 10.8122
9.13706 10.6599
9.13706 10.5076
9.28934 10.5076
9.44162 10.3553
9.44162 10.203
9.59391 10.0508
9.74619 9.89848
9.74619 9.74619
9.89848 9.59391
10.0508 9.44162
10.0508 9.28934
10.203 9.13706
10.3553 8.98477
10.3553 8.83249
10.5076 8.6802
10.5076 8.52792
10.6599 8.37563
10.8122 8.22335
10.8122 8.07107
10.9645 7.91878
10.9645 7.7665
11.1168 7.61421
11.1168 7.46193
11.269 7.30964
11.269 7.15736
11.4213 7.00508
11.4213 6.85279
11.4213 6.70051
11.5736 6.54822
11.5736 6.39594
11.7259 6.24365
11.7259 6.09137
11.7259 5.7868
11.8782 5.63452
11.8782 5.48223
11.8782 5.32995
11.8782 5.17766
12.0305 5.02538
12.0305 4.72081
12.0305 4.56853
12.0305 4.41624
