11.7259 4.11168
11.7259 3.95939
11.7259 3.80711
11.8782 3.50254
11.8782 3.35025
11.8782 3.19797
11.8782 3.04569
11.8782 2.74112
12.0305 2.58883
12.0305 2.43655
12.0305 2.28426
12.0305 1.9797
12.0305 1.82741
12.1827 1.67513
12.1827 1.52284
12.1827 1.21827
12.1827 1.06599
12.1827 0.913706
12.1827 0.609137
12.1827 0.456853
12.1827 0.304569
12.0305 0
12.0305 -0.152284
12.0305 -0.304569
12.0305 -0.609137
11.8782 -0.761421
11.8782 -0.913706
11.8782 -1.21827
11.7259 -1.37056
11.7259 -1.52284
11.5736 -1.67513
11.5736 -1.9797
11.4213 -2.13198
11.269 -2.28426
11.269 -2.43655
11.1168 -2.58883
10.9645 -2.74112
10.8122 -2.8934
10.6599 -3.04569
10.6599 -3.19797
10.5076 -3.35025
10.3553 -3.50254
10.203 -3.65482
10.0508 -3.80711
9.89848 -3.95939
9.74619 -4.11168
9.59391 -4.26396
9.44162 -4.41624
9.28934 -4.41624
9.13706 -4.56853
8.83249 -4.72081
8.6802 -4.8731
8.52792 -4.8731
8.37563 -5.02538
8.22335 -5.02538
8.07107 -5.17766
7.7665 -5.17766
7.61421 -5.32995
7.46193 -5.32995
7.30964 -5.48223
7.00508 -5.48223
6.85279 -5.63452
6.70051 -5.63452
6.54822 -5.63452
6.24365 -5.63452
6.09137 -5.7868
5.93909 -5.7868
5.7868 -5.7868
5.48223 -5.7868
5.32995 -5.7868
5.17766 -5.93909
4.8731 -5.93909
4.72081 -5.93909
4.56853 -5.93909
4.41624 -5.93909
4.11168 -5.93909
3.95939 -5.93909
3.80711 -5.93909
3.65482 -5.93909
3.50254 -5.7868
3.19797 -5.7868
3.04569 -5.7868
2.8934 -5.7868
2.74112 -5.7868
2.58883 -5.7868
2.43655 -5.7868
2.13198 -5.63452
1.9797 -5.63452
1.82741 -5.63452
1.67513 -5.63452
1.52284 -5.48223
1.37056 -5.48223
1.21827 -5.48223
1.06599 -5.48223
0.913706 -5.48223
0.609137 -5.32995
0.456853 -5.32995
0.304569 -5.32995
0.152284 -5.32995
0 -5.17766
-0.152284 -5.17766
-0.304569 -5.17766
-0.456853 -5.17766
-0.609137 -5.02538
-0.761421 -5.02538
-0.913706 -5.02538
-1.06599 -5.02538
-1.21827 -4.8731
-1.37056 -4.8731
-1.52284 -4.8731
-1.67513 -4.8731
-1.82741 -4.72081
-2.13198 -4.72081
-2.28426 -4.72081
-2.43655 -4.56853
-2.58883 -4.56853
-2.74112 -4.56853
-2.8934 -4.41624
-3.04569 -4.41624
-3.19797 -4.41624
-3.35025 -4.26396
-3.50254 -4.26396
-3.65482 -4.26396
-3.80711 -4.11168
-3.95939 -4.11168
-4.11168 -3.95939
-4.26396 -3.95939
-4.41624 -3.80711
-4.56853 -3.80711
-4.72081 -3.65482
-4.8731 -3.50254
-5.02538 -3.50254
-5.17766 -3.35025
-5.32995 -3.35025
-5.48223 -3.19797
-5.63452 -3.04569
-5.7868 -3.04569
-5.93909 -2.8934
-6.09137 -2.74112
-6.24365 -2.58883
-6.39594 -2.58883
-6.54822 -2.43655
-6.70051 -2.28426
-6.85279 -2.13198
-6.85279 -1.9797
-7.00508 -1.82741
-7.15736 -1.82741
-7.30964 -1.67513
-7.46193 -1.52284
-7.46193 -1.37056
-7.61421 -1.21827
-7.7665 -1.06599
-7.7665 -0.913706
-7.91878 -0.761421
-8.07107 -0.609137
-8.07107 -0.456853
-8.22335 -0.152284
-8.22335 0
-8.37563 0.152284
-8.37563 0.304569
-8.52792 0.456853
-8.52792 0.609137
-8.6802 0.761421
-8.6802 0.913706
-8.6802 1.21827
-8.83249 1.37056
-8.83249 1.52284
-8.83249 1.67513
-8.98477 1.82741
-8.98477 2.13198
-8.98477 2.28426
-8.98477 2.43655
-8.98477 2.58883
-8.98477 2.74112
-9.13706 3.04569
-9.13706 3.19797
-9.13706 3.35025
-9.13706 3.50254
-9.13706 3.65482
-9.13706 3.95939
-9.13706 4.11168
-9.13706 4.26396
-9.13706 4.41624
-9.13706 4.72081
-9.13706 4.8731
-9.13706 5.02538
-8.98477 5.17766
-8.98477 5.32995
-8.98477 5.63452
-8.98477 5.7868
-8.98477 5.93909
-8.98477 6.09137
-8.98477 6.24365
-8.98477 6.54822
-8.83249 6.70051
-8.83249 6.85279
-8.83249 7.00508
-8.83249 7.30964
-8.83249 7.46193
-8.6802 7.61421
-8.6802 7.7665
-8.6802 8.07107
-8.6802 8.22335
-8.52792 8.37563
-8.52792 8.52792
-8.52792 8.6802
-8.37563 8.98477
-8.37563 9.13706
-8.22335 9.28934
-8.22335 9.44162
-8.22335 9.74619
-8.07107 9.89848
-7.91878 10.0508
-7.91878 10.203
-7.7665 10.3553
-7.7665 10.5076
-7.61421 10.6599
-7.46193 10.8122
-7.46193 11.1168
-7.30964 11.269
-7.15736 11.4213
-7.00508 11.5736
-6.85279 11.7259
-6.70051 11.8782
-6.70051 11.8782
-6.54822 12.0305
-6.39594 12.1827
-6.24365 12.335
-6.09137 12.4873
-5.93909 12.6396
-5.7868 12.7919
-5.63452 12.7919
-5.32995 12.9442
-5.17766 13.0964
-5.02538 13.0964
-4.8731 13.2487
-4.72081 13.401
-4.56853 13.401
-4.41624 13.5533
-4.26396 13.5533
-3.95939 13.7056
-3.80711 13.7056
-3.65482 13.8579
-3.50254 13.8579
-3.35025 14.0102
-3.04569 14.0102
-2.8934 14.0102
-2.74112 14.1624
-2.58883 14.1624
-2.43655 14.1624
-2.13198 14.1624
-1.9797 14.3147
-1.82741 14.3147
-1.67513 14.3147
-1.37056 14.3147
-1.21827 14.3147
-1.06599 14.467
-0.913706 14.467
-0.761421 14.467
-0.456853 14.467
-0.304569 14.467
-0.152284 14.467
0 14.467
0.304569 14.467
0.456853 14.467
0.609137 14.467
0.761421 14.467
0.913706 14.467
1.21827 14.467
1.37056 14.467
1.52284 14.467
1.67513 14.467
1.82741 14.467
1.9797 14.3147
2.28426 14.3147
2.43655 14.3147
2.58883 14.3147
2.74112 14.3147
2.8934 14.1624
3.04569 14.1624
3.35025 14.1624
3.50254 14.1624
3.65482 14.0102
3.80711 14.0102
3.95939 14.0102
4.11168 13.8579
4.26396 13.8579
4.41624 13.7056
4.56853 13.7056
4.8731 13.7056
5.02538 13.5533
5.17766 13.5533
5.32995 13.401
5.48223 13.401
5.63452 13.2487
5.7868 13.0964
5.93909 13.0964
6.09137 12.9442
6.24365 12.9442
6.39594 12.7919
6.54822 12.6396
6.54822 12.6396
6.70051 12.4873
6.85279 12.335
7.00508 12.335
7.15736 12.1827
7.30964 12.0305
7.46193 11.8782
7.61421 11.8782
7.61421 11.7259
7.7665 11.5736
7.91878 11.4213
8.07107 11.4213
8.22335 11.269
8.22335 11.1168
8.37563 10.9645
8.52792 10.8122
8.6802 10.8122
8.6802 10.6599
8.83249 10.5076
8.98477 10.3553
9.13706 10.203
9.13706 10.0508
9.28934 9.89848
9.44162 9.89848
9.44162 9.74619
9.59391 9.59391
9.74619 9.44162
9.74619 9.28934
9.89848 9.13706
10.0508 8.98477
10.0508 8.83249
10.203 8.6802
10.203 8.52792
10.3553 8.37563
10.5076 8.22335
10.5076 8.07107
10.6599 7.91878
10.6599 7.7665
10.8122 7.61421
10.8122 7.46193
10.9645 7.30964
10.9645 7.15736
11.1168 7.00508
11.1168 6.85279
11.269 6.70051
11.269 6.54822
11.269 6.39594
11.4213 6.24365
11.4213 6.09137
11.4213 5.7868
11.5736 5.63452
11.5736 5.48223
11.5736 5.32995
11.5736 5.17766
11.7259 5.02538
11.7259 4.8731
11.7259 4.56853
11.7259 4.41624
11.7259 4.26396
