8.83249 -2.13198
8.83249 -2.28426
8.83249 -2.43655
8.83249 -2.58883
8.83249 -2.74112
8.83249 -2.8934
8.83249 -3.04569
8.98477 -3.19797
8.98477 -3.35025
8.98477 -3.50254
8.98477 -3.65482
9.13706 -3.80711
9.13706 -3.95939
9.28934 -4.11168
9.28934 -4.26396
9.28934 -4.56853
9.28934 -4.72081
9.44162 -4.8731
9.44162 -5.02538
9.44162 -5.17766
9.44162 -5.48223
9.44162 -5.63452
9.44162 -5.7868
9.44162 -5.93909
9.44162 -6.09137
9.44162 -6.24365
9.44162 -6.54822
9.28934 -6.70051
9.28934 -6.85279
9.28934 -7.00508
9.13706 -7.15736
9.13706 -7.30964
8.98477 -7.46193
8.83249 -7.61421
8.83249 -7.7665
8.6802 -7.91878
8.52792 -8.07107
8.37563 -8.07107
8.22335 -8.22335
8.22335 -8.37563
8.07107 -8.52792
7.91878 -8.6802
7.7665 -8.6802
7.61421 -8.83249
7.46193 -8.98477
7.30964 -8.98477
7.15736 -9.13706
7.00508 -9.28934
6.85279 -9.28934
6.70051 -9.44162
6.54822 -9.44162
6.54822 -9.59391
6.39594 -9.74619
6.24365 -9.74619
6.09137 -9.89848
5.93909 -9.89848
5.7868 -10.0508
5.63452 -10.0508
5.48223 -10.203
5.32995 -10.203
5.17766 -10.3553
5.02538 -10.3553
4.8731 -10.5076
4.72081 -10.5076
4.56853 -10.6599
4.41624 -10.6599
4.26396 -10.6599
4.11168 -10.8122
3.95939 -10.8122
3.80711 -10.8122
3.65482 -10.9645
3.50254 -10.9645
3.35025 -10.9645
3.19797 -10.9645
3.04569 -11.1168
2.8934 -11.1168
2.74112 -11.1168
2.43655 -11.1168
2.28426 -11.1168
2.13198 -11.1168
1.9797 -11.269
1.82741 -11.269
1.67513 -11.269
1.52284 -11.269
1.37056 -11.269
1.21827 -11.269
1.06599 -11.269
0.913706 -11.269
0.761421 -11.269
0.609137 -11.269
0.456853 -11.269
0.304569 -11.269
0.152284 -11.1168
0 -11.1168
-0.152284 -11.1168
-0.304569 -11.1168
-0.456853 -11.1168
-0.609137 -11.1168
-0.761421 -11.1168
-1.06599 -11.1168
-1.21827 -11.1168
-1.37056 -10.9645
-1.52284 -10.9645
-1.67513 -10.9645
-1.82741 -10.9645
-1.9797 -10.9645
-2.13198 -10.9645
-2.28426 -10.8122
-2.43655 -10.8122
-2.58883 -10.8122
-2.74112 -10.8122
-2.8934 -10.6599
-3.04569 -10.6599
-3.19797 -10.6599
-3.35025 -10.5076
-3.50254 -10.5076
-3.65482 -10.3553
-3.80711 -10.3553
-3.95939 -10.3553
-4.11168 -10.203
-4.26396 -10.203
-4.41624 -10.0508
-4.41624 -10.0508
-4.56853 -9.89848
-4.72081 -9.74619
-4.8731 -9.74619
-5.02538 -9.59391
-5.17766 -9.44162
-5.32995 -9.44162
-5.32995 -9.28934
-5.48223 -9.13706
-5.63452 -9.13706
-5.7868 -8.98477
-5.7868 -8.83249
-5.93909 -8.6802
-6.09137 -8.52792
-6.09137 -8.52792
-6.24365 -8.37563
-6.39594 -8.22335
-6.39594 -8.07107
-6.54822 -7.91878
-6.54822 -7.7665
-6.70051 -7.61421
-6.70051 -7.46193
-6.85279 -7.30964
-6.85279 -7.15736
-6.85279 -7.00508
-7.00508 -6.85279
-7.00508 -6.70051
-7.00508 -6.54822
-7.15736 -6.39594
-7.15736 -6.24365
-7.15736 -6.09137
-7.15736 -5.93909
-7.15736 -5.7868
-7.30964 -5.63452
-7.30964 -5.48223
-7.30964 -5.32995
-7.30964 -5.17766
-7.30964 -5.02538
-7.30964 -4.8731
-7.30964 -4.72081
-7.30964 -4.56853
-7.30964 -4.56853
-7.30964 -4.41624
-7.30964 -4.26396
-7.46193 -4.11168
-7.46193 -3.95939
-7.46193 -3.80711
-7.46193 -3.65482
-7.46193 -3.50254
-7.46193 -3.35025
-7.46193 -3.19797
-7.46193 -3.04569
-7.46193 -2.8934
-7.46193 -2.74112
-7.46193 -2.74112
-7.61421 -2.58883
-7.61421 -2.43655
-7.61421 -2.28426
-7.61421 -2.13198
-7.61421 -1.9797
-7.61421 -1.82741
-7.61421 -1.67513
-7.61421 -1.52284
-7.61421 -1.37056
-7.61421 -1.21827
-7.61421 -1.06599
-7.61421 -0.913706
-7.61421 -0.761421
-7.61421 -0.761421
-7.61421 -0.609137
-7.61421 -0.456853
-7.61421 -0.304569
-7.61421 -0.152284
-7.61421 0
-7.61421 0.152284
-7.61421 0.304569
-7.46193 0.456853
-7.46193 0.609137
-7.46193 0.761421
-7.46193 0.913706
-7.46193 1.06599
-7.30964 1.21827
-7.30964 1.37056
-7.30964 1.52284
-7.30964 1.67513
-7.15736 1.82741
-7.15736 1.9797
-7.15736 2.13198
-7.00508 2.13198
-7.00508 2.28426
-7.00508 2.43655
-6.85279 2.58883
-6.85279 2.74112
-6.70051 2.8934
-6.70051 3.04569
-6.70051 3.19797
-6.54822 3.35025
-6.54822 3.50254
-6.39594 3.65482
-6.39594 3.80711
-6.24365 3.95939
-6.24365 4.11168
-6.09137 4.26396
-6.09137 4.26396
-5.93909 4.41624
-5.7868 4.56853
-5.7868 4.72081
-5.63452 4.8731
-5.48223 5.02538
-5.48223 5.17766
-5.32995 5.32995
-5.17766 5.48223
-5.17766 5.48223
-5.02538 5.63452
-4.8731 5.7868
-4.72081 5.93909
-4.72081 6.09137
-4.56853 6.09137
-4.41624 6.24365
-4.26396 6.39594
-4.11168 6.54822
-3.95939 6.54822
-3.80711 6.70051
-3.80711 6.85279
-3.65482 6.85279
-3.50254 7.00508
-3.35025 7.15736
-3.19797 7.15736
-3.04569 7.30964
-2.8934 7.30964
-2.74112 7.46193
-2.58883 7.46193
-2.28426 7.61421
-2.13198 7.61421
-1.9797 7.7665
-1.82741 7.7665
-1.67513 7.7665
-1.52284 7.7665
-1.37056 7.91878
-1.21827 7.91878
-0.913706 7.91878
-0.761421 7.91878
-0.609137 7.91878
-0.456853 7.91878
-0.304569 7.91878
-0.152284 7.91878
0.152284 7.7665
0.304569 7.7665
0.456853 7.7665
0.609137 7.7665
0.761421 7.61421
0.913706 7.61421
1.06599 7.61421
1.21827 7.46193
1.37056 7.46193
1.52284 7.30964
1.67513 7.30964
1.82741 7.15736
2.13198 7.15736
2.13198 7.00508
2.28426 7.00508
2.43655 6.85279
2.58883 6.85279
2.74112 6.70051
2.8934 6.70051
3.04569 6.54822
3.19797 6.39594
3.35025 6.39594
3.50254 6.24365
3.65482 6.24365
3.80711 6.09137
3.95939 6.09137
3.95939 5.93909
4.11168 5.93909
4.26396 5.7868
4.41624 5.63452
4.56853 5.63452
4.72081 5.48223
4.72081 5.48223
4.8731 5.32995
5.02538 5.17766
5.17766 5.17766
5.32995 5.02538
5.32995 5.02538
5.48223 4.8731
5.63452 4.72081
5.7868 4.72081
5.7868 4.56853
5.93909 4.41624
6.09137 4.26396
6.09137 4.26396
6.24365 4.11168
6.24365 3.95939
6.39594 3.80711
6.54822 3.80711
6.54822 3.65482
6.70051 3.50254
6.70051 3.35025
6.85279 3.19797
6.85279 3.04569
6.85279 2.8934
7.00508 2.8934
7.00508 2.74112
7.15736 2.58883
7.15736 2.43655
7.15736 2.28426
7.30964 2.13198
7.30964 1.9797
7.30964 1.82741
7.46193 1.67513
7.46193 1.67513
7.46193 1.52284
7.46193 1.37056
7.61421 1.21827
7.61421 1.06599
7.61421 0.913706
7.61421 0.761421
7.7665 0.609137
7.7665 0.609137
7.7665 0.456853
7.7665 0.304569
7.91878 0.152284
7.91878 0
7.91878 -0.152284
7.91878 -0.304569
8.07107 -0.304569
8.07107 -0.456853
8.07107 -0.609137
8.22335 -0.761421
8.22335 -0.913706
8.22335 -1.06599
8.22335 -1.21827
8.37563 -1.21827
8.37563 -1.37056
8.37563 -1.52284
8.52792 -1.67513
8.52792 -1.82741
8.6802 -1.9797
