11.4213 4.26396
11.4213 4.11168
11.4213 3.95939
11.4213 3.65482
11.5736 3.50254
11.5736 3.35025
11.5736 3.19797
11.5736 3.04569
11.5736 2.74112
11.7259 2.58883
11.7259 2.43655
11.7259 2.13198
11.7259 1.9797
11.7259 1.82741
11.7259 1.52284
11.7259 1.37056
11.7259 1.21827
11.7259 0.913706
11.7259 0.761421
11.7259 0.609137
11.7259 0.304569
11.7259 0.152284
11.7259 0
11.7259 -0.304569
11.5736 -0.456853
11.5736 -0.609137
11.5736 -0.913706
11.4213 -1.06599
11.4213 -1.21827
11.269 -1.37056
11.269 -1.67513
11.1168 -1.82741
10.9645 -1.9797
10.9645 -2.13198
10.8122 -2.28426
10.6599 -2.58883
10.6599 -2.74112
10.5076 -2.8934
10.3553 -3.04569
10.203 -3.19797
10.0508 -3.35025
9.89848 -3.50254
9.74619 -3.65482
9.59391 -3.80711
9.44162 -3.95939
9.28934 -3.95939
9.13706 -4.11168
8.98477 -4.26396
8.83249 -4.41624
8.6802 -4.56853
8.37563 -4.56853
8.22335 -4.72081
8.07107 -4.8731
7.91878 -4.8731
7.7665 -5.02538
7.46193 -5.02538
7.30964 -5.17766
7.15736 -5.17766
7.00508 -5.32995
6.70051 -5.32995
6.54822 -5.48223
6.39594 -5.48223
6.24365 -5.48223
5.93909 -5.48223
5.7868 -5.63452
5.63452 -5.63452
5.48223 -5.63452
5.17766 -5.63452
5.02538 -5.7868
4.8731 -5.7868
4.56853 -5.7868
4.41624 -5.7868
4.26396 -5.7868
4.11168 -5.7868
3.80711 -5.7868
3.65482 -5.7868
3.50254 -5.7868
3.35025 -5.7868
3.04569 -5.7868
2.8934 -5.7868
2.74112 -5.63452
2.58883 -5.63452
2.43655 -5.63452
2.28426 -5.63452
1.9797 -5.63452
1.82741 -5.63452
1.67513 -5.48223
1.52284 -5.48223
1.37056 -5.48223
1.21827 -5.48223
1.06599 -5.48223
0.761421 -5.32995
0.609137 -5.32995
0.456853 -5.32995
0.304569 -5.32995
0.152284 -5.32995
0 -5.17766
-0.152284 -5.17766
-0.304569 -5.17766
-0.456853 -5.17766
-0.609137 -5.02538
-0.761421 -5.02538
-0.913706 -5.02538
-1.21827 -5.02538
-1.37056 -4.8731
-1.52284 -4.8731
-1.67513 -4.8731
-1.82741 -4.8731
-1.9797 -4.72081
-2.13198 -4.72081
-2.28426 -4.72081
-2.43655 -4.72081
-2.58883 -4.56853
-2.74112 -4.56853
-2.8934 -4.56853
-3.04569 -4.41624
-3.19797 -4.41624
-3.35025 -4.41624
-3.50254 -4.26396
-3.80711 -4.26396
-3.95939 -4.11168
-4.11168 -4.11168
-4.26396 -4.11168
-4.41624 -3.95939
-4.56853 -3.95939
-4.72081 -3.80711
-4.8731 -3.80711
-5.02538 -3.65482
-5.17766 -3.65482
-5.32995 -3.50254
-5.48223 -3.35025
-5.63452 -3.35025
-5.7868 -3.19797
-5.93909 -3.19797
-6.09137 -3.04569
-6.24365 -2.8934
-6.39594 -2.74112
-6.54822 -2.74112
-6.70051 -2.58883
-6.70051 -2.43655
-6.85279 -2.28426
-7.00508 -2.28426
-7.15736 -2.13198
-7.30964 -1.9797
-7.46193 -1.82741
-7.46193 -1.67513
-7.61421 -1.52284
-7.7665 -1.37056
-7.91878 -1.21827
-7.91878 -1.06599
-8.07107 -0.913706
-8.22335 -0.761421
-8.22335 -0.609137
-8.37563 -0.456853
-8.52792 -0.304569
-8.52792 -0.152284
-8.6802 0
-8.6802 0.152284
-8.83249 0.304569
-8.83249 0.456853
-8.98477 0.609137
-8.98477 0.761421
-9.13706 1.06599
-9.13706 1.21827
-9.13706 1.37056
-9.28934 1.52284
-9.28934 1.67513
-9.28934 1.82741
-9.28934 2.13198
-9.44162 2.28426
-9.44162 2.43655
-9.44162 2.58883
-9.44162 2.74112
-9.44162 3.04569
-9.44162 3.19797
-9.59391 3.35025
-9.59391 3.50254
-9.59391 3.65482
-9.59391 3.95939
-9.59391 4.11168
-9.59391 4.26396
-9.59391 4.41624
-9.59391 4.56853
-9.59391 4.8731
-9.59391 5.02538
-9.59391 5.17766
-9.44162 5.32995
-9.44162 5.63452
-9.44162 5.7868
-9.44162 5.93909
-9.44162 6.09137
-9.44162 6.24365
-9.44162 6.54822
-9.44162 6.70051
-9.44162 6.85279
-9.28934 7.00508
-9.28934 7.30964
-9.28934 7.46193
-9.28934 7.61421
-9.28934 7.7665
-9.28934 7.91878
-9.13706 8.22335
-9.13706 8.37563
-9.13706 8.52792
-8.98477 8.6802
-8.98477 8.98477
-8.98477 9.13706
-8.83249 9.28934
-8.83249 9.44162
-8.6802 9.74619
-8.6802 9.89848
-8.52792 10.0508
-8.52792 10.203
-8.37563 10.3553
-8.37563 10.5076
-8.22335 10.8122
-8.07107 10.9645
-8.07107 11.1168
-7.91878 11.269
-7.7665 11.4213
-7.61421 11.5736
-7.46193 11.7259
-7.30964 11.8782
-7.30964 11.8782
-7.15736 12.0305
-7.00508 12.1827
-6.85279 12.335
-6.70051 12.4873
-6.54822 12.6396
-6.24365 12.6396
-6.09137 12.7919
-5.93909 12.9442
-5.7868 12.9442
-5.63452 13.0964
-5.48223 13.2487
-5.32995 13.2487
-5.17766 13.401
-5.02538 13.401
-4.72081 13.5533
-4.56853 13.5533
-4.41624 13.7056
-4.26396 13.7056
-4.11168 13.8579
-3.95939 13.8579
-3.65482 13.8579
-3.50254 14.0102
-3.35025 14.0102
-3.19797 14.1624
-3.04569 14.1624
-2.8934 14.1624
-2.58883 14.3147
-2.43655 14.3147
-2.28426 14.3147
-2.13198 14.3147
-1.9797 14.467
-1.67513 14.467
-1.52284 14.467
-1.37056 14.467
-1.21827 14.467
-1.06599 14.467
-0.761421 14.6193
-0.609137 14.6193
-0.456853 14.6193
-0.304569 14.6193
-0.152284 14.6193
0.152284 14.6193
0.304569 14.6193
0.456853 14.6193
0.609137 14.6193
0.761421 14.6193
1.06599 14.6193
1.21827 14.6193
1.37056 14.6193
1.52284 14.467
1.67513 14.467
1.82741 14.467
2.13198 14.467
2.28426 14.467
2.43655 14.3147
2.58883 14.3147
2.74112 14.3147
2.8934 14.3147
3.04569 14.1624
3.35025 14.1624
3.50254 14.1624
3.65482 14.0102
3.80711 14.0102
3.95939 13.8579
4.11168 13.8579
4.26396 13.8579
4.41624 13.7056
4.56853 13.7056
4.72081 13.5533
4.8731 13.401
5.02538 13.401
5.17766 13.2487
5.32995 13.2487
5.48223 13.0964
5.63452 12.9442
5.7868 12.9442
5.93909 12.7919
6.09137 12.6396
6.24365 12.6396
6.39594 12.4873
6.39594 12.335
6.54822 12.335
6.70051 12.1827
6.85279 12.0305
7.00508 11.8782
7.15736 11.8782
7.30964 11.7259
7.30964 11.5736
7.46193 11.4213
7.61421 11.4213
7.7665 11.269
7.7665 11.1168
7.91878 10.9645
8.07107 10.8122
8.22335 10.8122
8.37563 10.6599
8.37563 10.5076
8.52792 10.3553
8.6802 10.203
8.6802 10.0508
8.83249 10.0508
8.98477 9.89848
8.98477 9.74619
9.13706 9.59391
9.28934 9.44162
9.28934 9.28934
9.44162 9.13706
9.59391 8.98477
9.59391 8.83249
9.74619 8.6802
9.89848 8.52792
9.89848 8.37563
10.0508 8.22335
10.0508 8.07107
10.203 7.91878
10.3553 7.7665
10.3553 7.61421
10.5076 7.46193
10.5076 7.30964
10.6599 7.15736
10.6599 7.00508
10.8122 6.85279
10.8122 6.70051
10.8122 6.54822
10.9645 6.39594
10.9645 6.24365
11.1168 6.09137
11.1168 5.93909
11.1168 5.63452
11.269 5.48223
11.269 5.32995
11.269 5.17766
11.269 5.02538
11.4213 4.8731
11.4213 4.56853
11.4213 4.41624
