11.1168 4.56853
11.1168 4.41624
11.1168 4.11168
11.269 3.95939
11.269 3.80711
11.269 3.65482
11.269 3.50254
11.4213 3.19797
11.4213 3.04569
11.4213 2.8934
11.4213 2.58883
11.5736 2.43655
11.5736 2.28426
11.5736 1.9797
11.5736 1.82741
11.5736 1.67513
11.5736 1.37056
11.5736 1.21827
11.5736 1.06599
11.5736 0.761421
11.5736 0.609137
11.5736 0.456853
11.5736 0.152284
11.5736 0
11.4213 -0.152284
11.4213 -0.456853
11.4213 -0.609137
11.269 -0.761421
11.269 -1.06599
11.1168 -1.21827
11.1168 -1.37056
10.9645 -1.52284
10.8122 -1.82741
10.8122 -1.9797
10.6599 -2.13198
10.5076 -2.28426
10.3553 -2.43655
10.203 -2.58883
10.203 -2.74112
10.0508 -2.8934
9.89848 -3.04569
9.74619 -3.19797
9.59391 -3.35025
9.44162 -3.50254
9.28934 -3.65482
9.13706 -3.80711
8.98477 -3.95939
8.83249 -4.11168
8.6802 -4.11168
8.37563 -4.26396
8.22335 -4.41624
8.07107 -4.56853
7.91878 -4.56853
7.7665 -4.72081
7.61421 -4.72081
7.30964 -4.8731
7.15736 -5.02538
7.00508 -5.02538
6.85279 -5.17766
6.54822 -5.17766
6.39594 -5.32995
6.24365 -5.32995
6.09137 -5.32995
5.7868 -5.48223
5.63452 -5.48223
5.48223 -5.48223
5.32995 -5.63452
5.02538 -5.63452
4.8731 -5.63452
4.72081 -5.63452
4.41624 -5.63452
4.26396 -5.63452
4.11168 -5.63452
3.95939 -5.63452
3.65482 -5.7868
3.50254 -5.7868
3.35025 -5.63452
3.19797 -5.63452
2.8934 -5.63452
2.74112 -5.63452
2.58883 -5.63452
2.43655 -5.63452
2.13198 -5.63452
1.9797 -5.63452
1.82741 -5.48223
1.67513 -5.48223
1.52284 -5.48223
1.21827 -5.48223
1.06599 -5.48223
0.913706 -5.32995
0.761421 -5.32995
0.609137 -5.32995
0.456853 -5.17766
0.304569 -5.17766
0.152284 -5.17766
-0.152284 -5.17766
-0.304569 -5.02538
-0.456853 -5.02538
-0.609137 -5.02538
-0.761421 -5.02538
-0.913706 -4.8731
-1.06599 -4.8731
-1.21827 -4.8731
-1.37056 -4.72081
-1.52284 -4.72081
-1.67513 -4.72081
-1.82741 -4.56853
-1.9797 -4.56853
-2.13198 -4.56853
-2.28426 -4.56853
-2.58883 -4.41624
-2.74112 -4.41624
-2.8934 -4.41624
-3.04569 -4.26396
-3.19797 -4.26396
-3.35025 -4.11168
-3.50254 -4.11168
-3.65482 -4.11168
-3.80711 -3.95939
-3.95939 -3.95939
-4.11168 -3.80711
-4.26396 -3.80711
-4.41624 -3.80711
-4.56853 -3.65482
-4.72081 -3.65482
-4.8731 -3.50254
-5.02538 -3.50254
-5.17766 -3.35025
-5.32995 -3.35025
-5.48223 -3.19797
-5.63452 -3.04569
-5.7868 -3.04569
-5.93909 -2.8934
-6.09137 -2.8934
-6.24365 -2.74112
-6.39594 -2.58883
-6.54822 -2.58883
-6.70051 -2.43655
-6.85279 -2.28426
-7.00508 -2.13198
-7.15736 -2.13198
-7.30964 -1.9797
-7.30964 -1.82741
-7.46193 -1.67513
-7.61421 -1.52284
-7.7665 -1.37056
-7.91878 -1.21827
-7.91878 -1.06599
-8.07107 -0.913706
-8.22335 -0.913706
-8.37563 -0.761421
-8.37563 -0.456853
-8.52792 -0.304569
-8.52792 -0.152284
-8.6802 0
-8.83249 0.152284
-8.83249 0.304569
-8.98477 0.456853
-8.98477 0.609137
-9.13706 0.761421
-9.13706 0.913706
-9.13706 1.06599
-9.28934 1.21827
-9.28934 1.52284
-9.28934 1.67513
-9.44162 1.82741
-9.44162 1.9797
-9.44162 2.13198
-9.59391 2.28426
-9.59391 2.58883
-9.59391 2.74112
-9.59391 2.8934
-9.59391 3.04569
-9.74619 3.19797
-9.74619 3.50254
-9.74619 3.65482
-9.74619 3.80711
-9.74619 3.95939
-9.74619 4.11168
-9.74619 4.41624
-9.74619 4.56853
-9.74619 4.72081
-9.74619 4.8731
-9.74619 5.02538
-9.74619 5.32995
-9.74619 5.48223
-9.74619 5.63452
-9.74619 5.7868
-9.74619 6.09137
-9.74619 6.24365
-9.59391 6.39594
-9.59391 6.54822
-9.59391 6.70051
-9.59391 7.00508
-9.59391 7.15736
-9.59391 7.30964
-9.59391 7.46193
-9.59391 7.61421
-9.44162 7.91878
-9.44162 8.07107
-9.44162 8.22335
-9.44162 8.37563
-9.28934 8.6802
-9.28934 8.83249
-9.28934 8.98477
-9.13706 9.13706
-9.13706 9.44162
-9.13706 9.59391
-8.98477 9.74619
-8.98477 9.89848
-8.83249 10.0508
-8.83249 10.3553
-8.6802 10.5076
-8.6802 10.6599
-8.52792 10.8122
-8.37563 10.9645
-8.37563 11.1168
-8.22335 11.269
-8.07107 11.4213
-7.91878 11.5736
-7.91878 11.7259
-7.7665 11.8782
-7.61421 12.0305
-7.46193 12.1827
-7.30964 12.335
-7.15736 12.4873
-7.00508 12.6396
-6.85279 12.7919
-6.70051 12.7919
-6.54822 12.9442
-6.39594 13.0964
-6.24365 13.2487
-6.09137 13.2487
-5.93909 13.401
-5.7868 13.5533
-5.63452 13.5533
-5.32995 13.7056
-5.17766 13.7056
-5.02538 13.8579
-4.8731 13.8579
-4.72081 14.0102
-4.56853 14.0102
-4.41624 14.1624
-4.11168 14.1624
-3.95939 14.3147
-3.80711 14.3147
-3.65482 14.467
-3.50254 14.467
-3.19797 14.467
-3.04569 14.6193
-2.8934 14.6193
-2.74112 14.6193
-2.58883 14.6193
-2.28426 14.7716
-2.13198 14.7716
-1.9797 14.7716
-1.82741 14.7716
-1.67513 14.7716
-1.37056 14.9239
-1.21827 14.9239
-1.06599 14.9239
-0.913706 14.9239
-0.761421 14.9239
-0.456853 14.9239
-0.304569 14.9239
-0.152284 14.9239
0 14.9239
0.152284 14.9239
0.456853 14.9239
0.609137 14.9239
0.761421 14.9239
0.913706 14.9239
1.06599 14.9239
1.37056 14.9239
1.52284 14.7716
1.67513 14.7716
1.82741 14.7716
1.9797 14.7716
2.13198 14.7716
2.43655 14.6193
2.58883 14.6193
2.74112 14.6193
2.8934 14.467
3.04569 14.467
3.19797 14.467
3.35025 14.3147
3.50254 14.3147
3.65482 14.3147
3.95939 14.1624
4.11168 14.1624
4.26396 14.0102
4.41624 14.0102
4.56853 13.8579
4.72081 13.8579
4.8731 13.7056
5.02538 13.5533
5.17766 13.5533
5.32995 13.401
5.48223 13.401
5.63452 13.2487
5.7868 13.0964
5.7868 13.0964
5.93909 12.9442
6.09137 12.7919
6.24365 12.7919
6.39594 12.6396
6.54822 12.4873
6.70051 12.335
6.85279 12.335
7.00508 12.1827
7.00508 12.0305
7.15736 11.8782
7.30964 11.8782
7.46193 11.7259
7.61421 11.5736
7.61421 11.4213
7.7665 11.4213
7.91878 11.269
8.07107 11.1168
8.22335 10.9645
8.22335 10.8122
8.37563 10.8122
8.52792 10.6599
8.6802 10.5076
8.6802 10.3553
8.83249 10.203
8.98477 10.0508
9.13706 9.89848
9.13706 9.74619
9.28934 9.59391
9.44162 9.59391
9.44162 9.44162
9.59391 9.28934
9.59391 9.13706
9.74619 8.98477
9.89848 8.83249
9.89848 8.6802
10.0508 8.52792
10.0508 8.37563
10.203 8.22335
10.203 7.91878
10.3553 7.7665
10.3553 7.61421
10.3553 7.46193
10.5076 7.30964
10.5076 7.15736
10.6599 7.00508
10.6599 6.85279
10.6599 6.70051
10.8122 6.54822
10.8122 6.24365
10.8122 6.09137
10.9645 5.93909
10.9645 5.7868
10.9645 5.63452
10.9645 5.48223
11.1168 5.32995
11.1168 5.02538
11.1168 4.8731
11.1168 4.72081
