11.1168 4.41624
11.1168 4.26396
11.1168 4.11168
11.1168 3.80711
11.269 3.65482
11.269 3.50254
11.269 3.35025
11.269 3.04569
11.4213 2.8934
11.4213 2.74112
11.4213 2.58883
11.4213 2.28426
11.4213 2.13198
11.4213 1.9797
11.4213 1.67513
11.5736 1.52284
11.5736 1.37056
11.5736 1.06599
11.5736 0.913706
11.5736 0.761421
11.4213 0.456853
11.4213 0.304569
11.4213 0.152284
11.4213 -0.152284
11.4213 -0.304569
11.269 -0.456853
11.269 -0.761421
11.1168 -0.913706
11.1168 -1.06599
10.9645 -1.21827
10.9645 -1.52284
10.8122 -1.67513
10.8122 -1.82741
10.6599 -1.9797
10.5076 -2.13198
10.5076 -2.43655
10.3553 -2.58883
10.203 -2.74112
10.0508 -2.8934
9.89848 -3.04569
9.89848 -3.19797
9.74619 -3.35025
9.59391 -3.50254
9.44162 -3.65482
9.28934 -3.80711
9.13706 -3.95939
8.98477 -4.11168
8.83249 -4.11168
8.6802 -4.26396
8.37563 -4.41624
8.22335 -4.56853
8.07107 -4.72081
7.91878 -4.72081
7.7665 -4.8731
7.61421 -5.02538
7.46193 -5.02538
7.15736 -5.17766
7.00508 -5.17766
6.85279 -5.32995
6.70051 -5.32995
6.54822 -5.48223
6.24365 -5.48223
6.09137 -5.63452
5.93909 -5.63452
5.63452 -5.63452
5.48223 -5.7868
5.32995 -5.7868
5.17766 -5.7868
4.8731 -5.7868
4.72081 -5.93909
4.56853 -5.93909
4.26396 -5.93909
4.11168 -5.93909
3.95939 -5.93909
3.80711 -5.93909
3.50254 -5.93909
3.35025 -5.93909
3.19797 -5.93909
2.8934 -5.7868
2.74112 -5.7868
2.58883 -5.7868
2.43655 -5.7868
2.13198 -5.7868
1.9797 -5.63452
1.82741 -5.63452
1.67513 -5.63452
1.52284 -5.63452
1.21827 -5.48223
1.06599 -5.48223
0.913706 -5.48223
0.761421 -5.32995
0.609137 -5.32995
0.456853 -5.32995
0.304569 -5.17766
0.152284 -5.17766
0 -5.17766
-0.152284 -5.02538
-0.456853 -5.02538
-0.609137 -5.02538
-0.761421 -4.8731
-0.913706 -4.8731
-1.06599 -4.8731
-1.21827 -4.8731
-1.37056 -4.72081
-1.52284 -4.72081
-1.67513 -4.72081
-1.82741 -4.72081
-1.9797 -4.56853
-2.13198 -4.56853
-2.28426 -4.56853
-2.43655 -4.41624
-2.58883 -4.41624
-2.74112 -4.41624
-2.8934 -4.41624
-3.04569 -4.26396
-3.19797 -4.26396
-3.50254 -4.26396
-3.65482 -4.11168
-3.80711 -4.11168
-3.95939 -4.11168
-4.11168 -3.95939
-4.26396 -3.95939
-4.41624 -3.80711
-4.56853 -3.80711
-4.72081 -3.65482
-4.8731 -3.65482
-5.02538 -3.50254
-5.17766 -3.50254
-5.32995 -3.35025
-5.48223 -3.35025
-5.63452 -3.19797
-5.7868 -3.19797
-5.93909 -3.04569
-6.09137 -2.8934
-6.24365 -2.8934
-6.39594 -2.74112
-6.54822 -2.58883
-6.70051 -2.58883
-6.85279 -2.43655
-7.00508 -2.28426
-7.15736 -2.13198
-7.15736 -2.13198
-7.30964 -1.9797
-7.46193 -1.82741
-7.61421 -1.67513
-7.7665 -1.52284
-7.91878 -1.37056
-7.91878 -1.21827
-8.07107 -1.06599
-8.22335 -1.06599
-8.37563 -0.913706
-8.37563 -0.761421
-8.52792 -0.609137
-8.6802 -0.456853
-8.6802 -0.152284
-8.83249 0
-8.83249 0.152284
-8.98477 0.304569
-9.13706 0.456853
-9.13706 0.609137
-9.28934 0.761421
-9.28934 0.913706
-9.28934 1.06599
-9.44162 1.21827
-9.44162 1.52284
-9.59391 1.67513
-9.59391 1.82741
-9.59391 1.9797
-9.59391 2.13198
-9.74619 2.43655
-9.74619 2.58883
-9.74619 2.74112
-9.74619 2.8934
-9.74619 3.04569
-9.89848 3.35025
-9.89848 3.50254
-9.89848 3.65482
-9.89848 3.80711
-9.89848 3.95939
-9.89848 4.26396
-9.89848 4.41624
-9.89848 4.56853
-9.89848 4.72081
-9.89848 5.02538
-9.89848 5.17766
-9.89848 5.32995
-9.89848 5.48223
-9.89848 5.63452
-9.74619 5.93909
-9.74619 6.09137
-9.74619 6.24365
-9.74619 6.39594
-9.74619 6.70051
-9.74619 6.85279
-9.74619 7.00508
-9.74619 7.15736
-9.74619 7.46193
-9.59391 7.61421
-9.59391 7.7665
-9.59391 7.91878
-9.59391 8.22335
-9.59391 8.37563
-9.44162 8.52792
-9.44162 8.6802
-9.44162 8.98477
-9.44162 9.13706
-9.28934 9.28934
-9.28934 9.59391
-9.28934 9.74619
-9.13706 9.89848
-9.13706 10.0508
-8.98477 10.3553
-8.98477 10.5076
-8.83249 10.6599
-8.6802 10.8122
-8.6802 10.9645
-8.52792 11.1168
-8.37563 11.269
-8.22335 11.4213
-8.22335 11.5736
-8.07107 11.7259
-7.91878 11.8782
-7.7665 12.0305
-7.61421 12.1827
-7.46193 12.335
-7.30964 12.4873
-7.15736 12.6396
-7.00508 12.7919
-6.85279 12.7919
-6.70051 12.9442
-6.54822 13.0964
-6.24365 13.0964
-6.09137 13.2487
-5.93909 13.401
-5.7868 13.401
-5.63452 13.5533
-5.48223 13.5533
-5.32995 13.7056
-5.02538 13.7056
-4.8731 13.8579
-4.72081 13.8579
-4.56853 14.0102
-4.41624 14.0102
-4.11168 14.1624
-3.95939 14.1624
-3.80711 14.1624
-3.65482 14.3147
-3.50254 14.3147
-3.19797 14.3147
-3.04569 14.467
-2.8934 14.467
-2.74112 14.467
-2.58883 14.6193
-2.28426 14.6193
-2.13198 14.6193
-1.9797 14.6193
-1.82741 14.6193
-1.67513 14.7716
-1.37056 14.7716
-1.21827 14.7716
-1.06599 14.7716
-0.913706 14.7716
-0.761421 14.7716
-0.456853 14.7716
-0.304569 14.7716
-0.152284 14.7716
0 14.7716
0.152284 14.7716
0.456853 14.7716
0.609137 14.7716
0.761421 14.7716
0.913706 14.7716
1.06599 14.7716
1.37056 14.7716
1.52284 14.7716
1.67513 14.6193
1.82741 14.6193
1.9797 14.6193
2.13198 14.6193
2.43655 14.6193
2.58883 14.467
2.74112 14.467
2.8934 14.467
3.04569 14.3147
3.19797 14.3147
3.35025 14.1624
3.50254 14.1624
3.80711 14.1624
3.95939 14.0102
4.11168 14.0102
4.26396 13.8579
4.41624 13.8579
4.56853 13.7056
4.72081 13.5533
4.8731 13.5533
5.02538 13.401
5.17766 13.401
5.32995 13.2487
5.48223 13.0964
5.63452 13.0964
5.63452 12.9442
5.7868 12.7919
5.93909 12.7919
6.09137 12.6396
6.24365 12.4873
6.39594 12.4873
6.54822 12.335
6.70051 12.1827
6.85279 12.0305
6.85279 12.0305
7.00508 11.8782
7.15736 11.7259
7.30964 11.5736
7.46193 11.5736
7.46193 11.4213
7.61421 11.269
7.7665 11.1168
7.91878 11.1168
8.07107 10.9645
8.07107 10.8122
8.22335 10.6599
8.37563 10.5076
8.52792 10.3553
8.52792 10.3553
8.6802 10.203
8.83249 10.0508
8.83249 9.89848
8.98477 9.74619
9.13706 9.59391
9.13706 9.44162
9.28934 9.28934
9.44162 9.13706
9.44162 8.98477
9.59391 8.83249
9.74619 8.6802
9.74619 8.52792
9.89848 8.37563
9.89848 8.22335
10.0508 8.07107
10.0508 7.91878
10.0508 7.7665
10.203 7.61421
10.203 7.46193
10.3553 7.30964
10.3553 7.15736
10.3553 7.00508
10.5076 6.85279
10.5076 6.70051
10.5076 6.54822
10.6599 6.39594
10.6599 6.09137
10.6599 5.93909
10.8122 5.7868
10.8122 5.63452
10.8122 5.48223
10.9645 5.32995
10.9645 5.17766
10.9645 4.8731
11.1168 4.72081
11.1168 4.56853
