11.1168 4.11168
11.1168 3.95939
11.1168 3.65482
11.269 3.50254
11.269 3.35025
11.4213 3.19797
11.4213 2.8934
11.4213 2.74112
11.4213 2.58883
11.5736 2.28426
11.5736 2.13198
11.5736 1.9797
11.5736 1.67513
11.7259 1.52284
11.7259 1.37056
11.7259 1.06599
11.7259 0.913706
11.7259 0.761421
11.7259 0.456853
11.7259 0.304569
11.5736 0.152284
11.5736 -0.152284
11.5736 -0.304569
11.5736 -0.456853
11.4213 -0.761421
11.4213 -0.913706
11.4213 -1.06599
11.269 -1.37056
11.269 -1.52284
11.1168 -1.67513
11.1168 -1.82741
10.9645 -2.13198
10.8122 -2.28426
10.8122 -2.43655
10.6599 -2.58883
10.5076 -2.74112
10.3553 -2.8934
10.203 -3.04569
10.0508 -3.35025
10.0508 -3.50254
9.89848 -3.65482
9.74619 -3.80711
9.59391 -3.80711
9.44162 -3.95939
9.28934 -4.11168
9.13706 -4.26396
8.83249 -4.41624
8.6802 -4.56853
8.52792 -4.72081
8.37563 -4.72081
8.22335 -4.8731
8.07107 -5.02538
7.91878 -5.02538
7.61421 -5.17766
7.46193 -5.32995
7.30964 -5.32995
7.15736 -5.48223
7.00508 -5.48223
6.70051 -5.63452
6.54822 -5.63452
6.39594 -5.7868
6.24365 -5.7868
5.93909 -5.7868
5.7868 -5.93909
5.63452 -5.93909
5.32995 -5.93909
5.17766 -5.93909
5.02538 -6.09137
4.8731 -6.09137
4.56853 -6.09137
4.41624 -6.09137
4.26396 -6.09137
3.95939 -6.09137
3.80711 -6.09137
3.65482 -6.09137
3.50254 -6.09137
3.19797 -6.09137
3.04569 -6.09137
2.8934 -6.09137
2.74112 -6.09137
2.43655 -5.93909
2.28426 -5.93909
2.13198 -5.93909
1.9797 -5.93909
1.82741 -5.7868
1.52284 -5.7868
1.37056 -5.7868
1.21827 -5.7868
1.06599 -5.63452
0.913706 -5.63452
0.761421 -5.63452
0.609137 -5.48223
0.304569 -5.48223
0.152284 -5.48223
0 -5.32995
-0.152284 -5.32995
-0.304569 -5.32995
-0.456853 -5.32995
-0.609137 -5.17766
-0.761421 -5.17766
-0.913706 -5.17766
-1.06599 -5.02538
-1.21827 -5.02538
-1.37056 -5.02538
-1.52284 -5.02538
-1.67513 -4.8731
-1.82741 -4.8731
-1.9797 -4.8731
-2.13198 -4.8731
-2.28426 -4.72081
-2.43655 -4.72081
-2.58883 -4.72081
-2.74112 -4.72081
-3.04569 -4.56853
-3.19797 -4.56853
-3.35025 -4.56853
-3.50254 -4.41624
-3.65482 -4.41624
-3.80711 -4.41624
-3.95939 -4.26396
-4.11168 -4.26396
-4.26396 -4.26396
-4.41624 -4.11168
-4.56853 -4.11168
-4.72081 -4.11168
-4.8731 -3.95939
-5.02538 -3.95939
-5.17766 -3.80711
-5.32995 -3.80711
-5.63452 -3.65482
-5.7868 -3.65482
-5.93909 -3.50254
-6.09137 -3.50254
-6.24365 -3.35025
-6.39594 -3.19797
-6.54822 -3.19797
-6.70051 -3.04569
-6.85279 -2.8934
-7.00508 -2.8934
-7.15736 -2.74112
-7.30964 -2.58883
-7.46193 -2.43655
-7.61421 -2.43655
-7.7665 -2.28426
-7.7665 -2.13198
-7.91878 -1.9797
-8.07107 -1.82741
-8.22335 -1.67513
-8.37563 -1.52284
-8.52792 -1.52284
-8.52792 -1.37056
-8.6802 -1.21827
-8.83249 -1.06599
-8.98477 -0.913706
-8.98477 -0.609137
-9.13706 -0.456853
-9.28934 -0.304569
-9.28934 -0.152284
-9.44162 0
-9.44162 0.152284
-9.59391 0.304569
-9.59391 0.456853
-9.74619 0.761421
-9.74619 0.913706
-9.89848 1.06599
-9.89848 1.21827
-9.89848 1.37056
-9.89848 1.67513
-10.0508 1.82741
-10.0508 1.9797
-10.0508 2.13198
-10.0508 2.43655
-10.0508 2.58883
-10.0508 2.74112
-10.0508 2.8934
-10.0508 3.19797
-10.0508 3.35025
-10.0508 3.50254
-10.0508 3.65482
-10.0508 3.80711
-10.0508 4.11168
-10.0508 4.26396
-10.0508 4.41624
-10.0508 4.56853
-10.0508 4.8731
-10.0508 5.02538
-10.0508 5.17766
-9.89848 5.32995
-9.89848 5.63452
-9.89848 5.7868
-9.89848 5.93909
-9.89848 6.09137
-9.89848 6.24365
-9.89848 6.54822
-9.74619 6.70051
-9.74619 6.85279
-9.74619 7.15736
-9.74619 7.30964
-9.74619 7.46193
-9.74619 7.61421
-9.74619 7.91878
-9.74619 8.07107
-9.59391 8.22335
-9.59391 8.52792
-9.59391 8.6802
-9.59391 8.83249
-9.44162 8.98477
-9.44162 9.28934
-9.44162 9.44162
-9.28934 9.59391
-9.28934 9.89848
-9.13706 10.0508
-9.13706 10.203
-8.98477 10.3553
-8.83249 10.5076
-8.83249 10.6599
-8.6802 10.9645
-8.52792 11.1168
-8.37563 11.269
-8.22335 11.4213
-8.22335 11.5736
-8.07107 11.5736
-7.91878 11.7259
-7.61421 11.8782
-7.46193 12.0305
-7.30964 12.1827
-7.15736 12.1827
-7.00508 12.335
-6.85279 12.4873
-6.70051 12.4873
-6.54822 12.6396
-6.24365 12.7919
-6.09137 12.7919
-5.93909 12.9442
-5.7868 12.9442
-5.63452 13.0964
-5.32995 13.0964
-5.17766 13.0964
-5.02538 13.2487
-4.8731 13.2487
-4.56853 13.401
-4.41624 13.401
-4.26396 13.401
-4.11168 13.5533
-3.95939 13.5533
-3.80711 13.7056
-3.50254 13.7056
-3.35025 13.7056
-3.19797 13.8579
-3.04569 13.8579
-2.8934 13.8579
-2.74112 13.8579
-2.43655 14.0102
-2.28426 14.0102
-2.13198 14.0102
-1.9797 14.1624
-1.82741 14.1624
-1.67513 14.1624
-1.37056 14.1624
-1.21827 14.1624
-1.06599 14.1624
-0.913706 14.3147
-0.761421 14.3147
-0.609137 14.3147
-0.304569 14.3147
-0.152284 14.3147
0 14.3147
0.152284 14.3147
0.304569 14.3147
0.609137 14.3147
0.761421 14.3147
0.913706 14.3147
1.06599 14.1624
1.21827 14.1624
1.37056 14.1624
1.52284 14.1624
1.82741 14.1624
1.9797 14.0102
2.13198 14.0102
2.28426 14.0102
2.43655 14.0102
2.58883 13.8579
2.74112 13.8579
2.8934 13.8579
3.04569 13.7056
3.35025 13.7056
3.50254 13.5533
3.65482 13.5533
3.80711 13.5533
3.95939 13.401
4.11168 13.401
4.26396 13.2487
4.41624 13.2487
4.56853 13.0964
4.72081 13.0964
4.8731 12.9442
5.02538 12.9442
5.17766 12.7919
5.32995 12.7919
5.48223 12.6396
5.63452 12.6396
5.7868 12.4873
5.93909 12.335
6.09137 12.335
6.24365 12.1827
6.39594 12.0305
6.54822 12.0305
6.54822 11.8782
6.70051 11.7259
6.85279 11.7259
7.00508 11.5736
7.15736 11.4213
7.30964 11.4213
7.46193 11.269
7.46193 11.1168
7.61421 10.9645
7.7665 10.9645
7.91878 10.8122
8.07107 10.6599
8.22335 10.5076
8.22335 10.3553
8.37563 10.3553
8.52792 10.203
8.6802 10.0508
8.6802 9.89848
8.83249 9.74619
8.98477 9.59391
8.98477 9.44162
9.13706 9.28934
9.28934 9.13706
9.28934 8.98477
9.44162 8.83249
9.59391 8.83249
9.59391 8.6802
9.74619 8.52792
9.74619 8.37563
9.89848 8.22335
9.89848 8.07107
10.0508 7.7665
10.0508 7.61421
10.203 7.46193
10.203 7.30964
10.3553 7.15736
10.3553 7.00508
10.5076 6.85279
10.5076 6.70051
10.6599 6.54822
10.6599 6.39594
10.6599 6.24365
10.8122 6.09137
10.8122 5.7868
10.8122 5.63452
10.9645 5.48223
10.9645 5.32995
10.9645 5.17766
10.9645 5.02538
10.9645 4.72081
11.1168 4.56853
11.1168 4.41624
11.1168 4.26396
