11.4213 4.11168
11.4213 3.80711
11.5736 3.65482
11.7259 3.50254
11.7259 3.19797
11.8782 3.04569
11.8782 2.8934
11.8782 2.58883
11.8782 2.43655
11.8782 2.28426
11.8782 2.13198
11.8782 1.82741
11.8782 1.67513
11.8782 1.52284
11.7259 1.21827
11.7259 1.06599
11.5736 0.913706
11.5736 0.761421
11.4213 0.456853
11.4213 0.304569
11.269 0.152284
11.269 0
11.1168 -0.152284
10.9645 -0.304569
10.9645 -0.609137
10.8122 -0.761421
10.8122 -0.913706
10.6599 -1.06599
10.5076 -1.21827
10.5076 -1.37056
10.3553 -1.52284
10.203 -1.67513
10.0508 -1.82741
10.0508 -1.9797
9.89848 -2.13198
9.74619 -2.28426
9.59391 -2.43655
9.59391 -2.58883
9.44162 -2.74112
9.28934 -2.8934
9.13706 -3.04569
8.98477 -3.19797
8.98477 -3.35025
8.83249 -3.50254
8.6802 -3.65482
8.52792 -3.80711
8.37563 -3.95939
8.22335 -4.11168
8.07107 -4.26396
7.91878 -4.41624
7.7665 -4.41624
7.61421 -4.56853
7.46193 -4.72081
7.30964 -4.8731
7.15736 -4.8731
7.00508 -5.02538
6.85279 -5.17766
6.70051 -5.17766
6.54822 -5.32995
6.39594 -5.32995
6.09137 -5.48223
5.93909 -5.63452
5.7868 -5.63452
5.63452 -5.63452
5.48223 -5.7868
5.32995 -5.7868
5.02538 -5.93909
4.8731 -5.93909
4.72081 -5.93909
4.56853 -5.93909
4.26396 -5.93909
4.11168 -6.09137
3.95939 -6.09137
3.80711 -6.09137
3.50254 -6.09137
3.35025 -6.09137
3.19797 -6.09137
3.04569 -5.93909
2.74112 -5.93909
2.58883 -5.93909
2.43655 -5.93909
2.28426 -5.93909
1.9797 -5.7868
1.82741 -5.7868
1.67513 -5.7868
1.52284 -5.63452
1.37056 -5.63452
1.21827 -5.63452
1.06599 -5.48223
0.761421 -5.48223
0.609137 -5.48223
0.456853 -5.32995
0.304569 -5.32995
0.152284 -5.17766
0 -5.17766
-0.152284 -5.17766
-0.304569 -5.02538
-0.456853 -5.02538
-0.609137 -5.02538
-0.761421 -4.8731
-0.913706 -4.8731
-1.06599 -4.8731
-1.21827 -4.8731
-1.37056 -4.72081
-1.52284 -4.72081
-1.67513 -4.72081
-1.82741 -4.72081
-1.9797 -4.56853
-2.13198 -4.56853
-2.28426 -4.56853
-2.43655 -4.56853
-2.58883 -4.41624
-2.74112 -4.41624
-2.8934 -4.41624
-3.04569 -4.41624
-3.19797 -4.26396
-3.35025 -4.26396
-3.50254 -4.26396
-3.65482 -4.11168
-3.80711 -4.11168
-3.95939 -4.11168
-4.26396 -3.95939
-4.41624 -3.95939
-4.56853 -3.95939
-4.72081 -3.80711
-4.8731 -3.80711
-5.02538 -3.80711
-5.17766 -3.65482
-5.32995 -3.65482
-5.48223 -3.50254
-5.63452 -3.50254
-5.7868 -3.35025
-5.93909 -3.35025
-6.09137 -3.19797
-6.24365 -3.19797
-6.39594 -3.04569
-6.54822 -2.8934
-6.70051 -2.8934
-6.85279 -2.74112
-7.00508 -2.74112
-7.15736 -2.58883
-7.30964 -2.43655
-7.46193 -2.28426
-7.61421 -2.28426
-7.7665 -2.13198
-7.91878 -1.9797
-8.07107 -1.82741
-8.22335 -1.67513
-8.37563 -1.52284
-8.52792 -1.52284
-8.6802 -1.37056
-8.6802 -1.21827
-8.83249 -1.06599
-8.98477 -0.913706
-9.13706 -0.761421
-9.13706 -0.609137
-9.28934 -0.456853
-9.44162 -0.304569
-9.44162 0
-9.59391 0.152284
-9.74619 0.304569
-9.74619 0.456853
-9.89848 0.609137
-9.89848 0.761421
-10.0508 0.913706
-10.0508 1.21827
-10.203 1.37056
-10.203 1.52284
-10.203 1.67513
-10.3553 1.9797
-10.3553 2.13198
-10.3553 2.28426
-10.3553 2.43655
-10.5076 2.74112
-10.5076 2.8934
-10.5076 3.04569
-10.5076 3.19797
-10.5076 3.50254
-10.5076 3.65482
-10.5076 3.80711
-10.5076 4.11168
-10.5076 4.26396
-10.5076 4.41624
-10.5076 4.56853
-10.5076 4.8731
-10.5076 5.02538
-10.5076 5.17766
-10.5076 5.48223
-10.5076 5.63452
-10.5076 5.7868
-10.3553 5.93909
-10.3553 6.24365
-10.3553 6.39594
-10.3553 6.54822
-10.3553 6.85279
-10.3553 7.00508
-10.203 7.15736
-10.203 7.30964
-10.203 7.61421
-10.203 7.7665
-10.0508 7.91878
-10.0508 8.22335
-10.0508 8.37563
-9.89848 8.52792
-9.89848 8.6802
-9.89848 8.98477
-9.74619 9.13706
-9.74619 9.28934
-9.59391 9.44162
-9.59391 9.74619
-9.44162 9.89848
-9.28934 10.0508
-9.28934 10.203
-9.13706 10.3553
-8.98477 10.5076
-8.83249 10.6599
-8.6802 10.8122
-8.6802 10.9645
-8.52792 11.1168
-8.37563 11.269
-8.22335 11.4213
-8.07107 11.5736
-7.91878 11.7259
-7.61421 11.8782
-7.46193 11.8782
-7.30964 12.0305
-7.15736 12.1827
-7.00508 12.1827
-6.85279 12.335
-6.70051 12.4873
-6.39594 12.4873
-6.24365 12.6396
-6.09137 12.6396
-5.93909 12.7919
-5.7868 12.7919
-5.48223 12.9442
-5.32995 12.9442
-5.17766 12.9442
-5.02538 13.0964
-4.8731 13.0964
-4.56853 13.2487
-4.41624 13.2487
-4.26396 13.2487
-4.11168 13.401
-3.95939 13.401
-3.80711 13.401
-3.50254 13.5533
-3.35025 13.5533
-3.19797 13.5533
-3.04569 13.7056
-2.8934 13.7056
-2.74112 13.7056
-2.43655 13.8579
-2.28426 13.8579
-2.13198 13.8579
-1.9797 13.8579
-1.82741 14.0102
-1.67513 14.0102
-1.52284 14.0102
-1.21827 14.0102
-1.06599 14.0102
-0.913706 14.1624
-0.761421 14.1624
-0.609137 14.1624
-0.456853 14.1624
-0.152284 14.1624
0 14.1624
0.152284 14.1624
0.304569 14.1624
0.456853 14.1624
0.609137 14.1624
0.761421 14.1624
1.06599 14.1624
1.21827 14.1624
1.37056 14.0102
1.52284 14.0102
1.67513 14.0102
1.82741 14.0102
1.9797 14.0102
2.28426 13.8579
2.43655 13.8579
2.58883 13.8579
2.74112 13.8579
2.8934 13.7056
3.04569 13.7056
3.19797 13.7056
3.35025 13.5533
3.50254 13.5533
3.80711 13.5533
3.95939 13.401
4.11168 13.401
4.26396 13.401
4.41624 13.2487
4.56853 13.2487
4.72081 13.0964
4.8731 13.0964
5.02538 12.9442
5.17766 12.9442
5.32995 12.7919
5.48223 12.7919
5.63452 12.6396
5.7868 12.6396
5.93909 12.4873
6.09137 12.4873
6.24365 12.335
6.39594 12.1827
6.54822 12.1827
6.70051 12.0305
6.85279 11.8782
7.00508 11.8782
7.15736 11.7259
7.30964 11.5736
7.30964 11.4213
7.46193 11.4213
7.61421 11.269
7.7665 11.1168
7.7665 10.9645
7.91878 10.8122
8.07107 10.6599
8.22335 10.5076
8.22335 10.3553
8.37563 10.3553
8.52792 10.203
8.52792 10.0508
8.6802 9.89848
8.6802 9.74619
8.83249 9.59391
8.98477 9.44162
8.98477 9.28934
9.13706 9.13706
9.13706 8.98477
9.28934 8.83249
9.28934 8.6802
9.44162 8.52792
9.44162 8.37563
9.59391 8.22335
9.59391 8.07107
9.74619 7.91878
9.74619 7.7665
9.89848 7.61421
10.0508 7.46193
10.0508 7.30964
10.203 7.15736
10.203 7.00508
10.3553 6.85279
10.3553 6.70051
10.5076 6.54822
10.5076 6.24365
10.6599 6.09137
10.6599 5.93909
10.8122 5.7868
10.8122 5.63452
10.9645 5.48223
10.9645 5.32995
11.1168 5.17766
11.1168 5.02538
11.1168 4.72081
11.269 4.56853
11.269 4.41624
11.4213 4.26396
