10.6599 4.11168
10.9645 3.95939
11.1168 3.80711
11.1168 3.65482
11.269 3.35025
11.269 3.19797
11.4213 3.04569
11.4213 2.74112
11.4213 2.58883
11.4213 2.43655
11.4213 2.13198
11.269 1.9797
11.269 1.82741
11.269 1.67513
11.1168 1.37056
11.1168 1.21827
10.9645 1.06599
10.8122 0.913706
10.8122 0.761421
10.6599 0.609137
10.5076 0.304569
10.3553 0.152284
10.3553 0
10.203 -0.152284
10.0508 -0.304569
10.0508 -0.456853
9.89848 -0.609137
9.74619 -0.761421
9.74619 -0.913706
9.59391 -1.06599
9.59391 -1.21827
9.44162 -1.52284
9.44162 -1.67513
9.28934 -1.82741
9.28934 -1.9797
9.13706 -2.13198
8.98477 -2.28426
8.98477 -2.58883
8.83249 -2.74112
8.83249 -2.8934
8.6802 -3.04569
8.52792 -3.19797
8.52792 -3.35025
8.37563 -3.50254
8.22335 -3.80711
8.22335 -3.95939
8.07107 -4.11168
7.91878 -4.26396
7.7665 -4.41624
7.61421 -4.56853
7.46193 -4.72081
7.30964 -4.8731
7.30964 -5.02538
7.00508 -5.17766
6.85279 -5.17766
6.70051 -5.32995
6.54822 -5.48223
6.39594 -5.63452
6.24365 -5.63452
6.09137 -5.7868
5.93909 -5.93909
5.63452 -5.93909
5.48223 -6.09137
5.32995 -6.09137
5.17766 -6.24365
4.8731 -6.24365
4.72081 -6.24365
4.56853 -6.39594
4.41624 -6.39594
4.11168 -6.39594
3.95939 -6.39594
3.80711 -6.39594
3.50254 -6.39594
3.35025 -6.39594
3.19797 -6.39594
2.8934 -6.39594
2.74112 -6.39594
2.58883 -6.39594
2.28426 -6.39594
2.13198 -6.39594
1.9797 -6.24365
1.67513 -6.24365
1.52284 -6.24365
1.37056 -6.09137
1.21827 -6.09137
0.913706 -5.93909
0.761421 -5.93909
0.609137 -5.93909
0.456853 -5.7868
0.304569 -5.7868
0 -5.63452
-0.152284 -5.63452
-0.304569 -5.48223
-0.456853 -5.48223
-0.609137 -5.32995
-0.761421 -5.32995
-0.913706 -5.32995
-1.06599 -5.17766
-1.21827 -5.17766
-1.37056 -5.02538
-1.52284 -5.02538
-1.67513 -5.02538
-1.82741 -4.8731
-1.9797 -4.8731
-2.13198 -4.8731
-2.28426 -4.72081
-2.43655 -4.72081
-2.58883 -4.72081
-2.74112 -4.72081
-2.8934 -4.56853
-3.04569 -4.56853
-3.19797 -4.56853
-3.50254 -4.41624
-3.65482 -4.41624
-3.80711 -4.41624
-3.95939 -4.41624
-4.11168 -4.26396
-4.26396 -4.26396
-4.41624 -4.26396
-4.56853 -4.11168
-4.72081 -4.11168
-4.8731 -4.11168
-5.02538 -3.95939
-5.17766 -3.95939
-5.32995 -3.95939
-5.48223 -3.80711
-5.63452 -3.80711
-5.93909 -3.65482
-6.09137 -3.65482
-6.24365 -3.50254
-6.39594 -3.50254
-6.54822 -3.35025
-6.70051 -3.35025
-6.85279 -3.19797
-7.00508 -3.19797
-7.15736 -3.04569
-7.30964 -2.8934
-7.46193 -2.8934
-7.61421 -2.74112
-7.7665 -2.58883
-7.91878 -2.58883
-8.07107 -2.43655
-8.22335 -2.28426
-8.37563 -2.13198
-8.52792 -2.13198
-8.6802 -1.9797
-8.83249 -1.82741
-8.98477 -1.67513
-8.98477 -1.52284
-9.13706 -1.37056
-9.28934 -1.21827
-9.44162 -1.06599
-9.59391 -0.913706
-9.59391 -0.761421
-9.74619 -0.609137
-9.89848 -0.456853
-10.0508 -0.304569
-10.0508 -0.152284
-10.203 0
-10.203 0.152284
-10.3553 0.456853
-10.5076 0.609137
-10.5076 0.761421
-10.6599 0.913706
-10.6599 1.06599
-10.8122 1.21827
-10.8122 1.52284
-10.9645 1.67513
-10.9645 1.82741
-10.9645 1.9797
-11.1168 2.28426
-11.1168 2.43655
-11.1168 2.58883
-11.269 2.74112
-11.269 3.04569
-11.269 3.19797
-11.4213 3.35025
-11.4213 3.65482
-11.4213 3.80711
-11.4213 3.95939
-11.4213 4.11168
-11.4213 4.41624
-11.4213 4.56853
-11.4213 4.72081
-11.4213 5.02538
-11.4213 5.17766
-11.4213 5.32995
-11.4213 5.63452
-11.4213 5.7868
-11.4213 5.93909
-11.4213 6.24365
-11.4213 6.39594
-11.4213 6.54822
-11.269 6.85279
-11.269 7.00508
-11.269 7.15736
-11.269 7.46193
-11.1168 7.61421
-11.1168 7.7665
-10.9645 8.07107
-10.9645 8.22335
-10.8122 8.37563
-10.8122 8.52792
-10.6599 8.83249
-10.6599 8.98477
-10.5076 9.13706
-10.5076 9.28934
-10.3553 9.44162
-10.203 9.74619
-10.203 9.89848
-10.0508 10.0508
-9.89848 10.203
-9.74619 10.3553
-9.59391 10.5076
-9.44162 10.6599
-9.44162 10.8122
-9.28934 10.9645
-9.13706 11.1168
-8.98477 11.269
-8.83249 11.4213
-8.6802 11.4213
-8.52792 11.5736
-8.22335 11.7259
-8.07107 11.8782
-7.91878 11.8782
-7.7665 12.0305
-7.61421 12.1827
-7.46193 12.1827
-7.30964 12.335
-7.15736 12.4873
-6.85279 12.4873
-6.70051 12.6396
-6.54822 12.6396
-6.39594 12.7919
-6.24365 12.7919
-6.09137 12.9442
-5.7868 12.9442
-5.63452 13.0964
-5.48223 13.0964
-5.32995 13.2487
-5.17766 13.2487
-5.02538 13.401
-4.8731 13.401
-4.72081 13.401
-4.41624 13.5533
-4.26396 13.5533
-4.11168 13.7056
-3.95939 13.7056
-3.80711 13.7056
-3.65482 13.8579
-3.50254 13.8579
-3.35025 14.0102
-3.04569 14.0102
-2.8934 14.0102
-2.74112 14.1624
-2.58883 14.1624
-2.43655 14.1624
-2.28426 14.3147
-2.13198 14.3147
-1.82741 14.3147
-1.67513 14.3147
-1.52284 14.467
-1.37056 14.467
-1.21827 14.467
-1.06599 14.467
-0.761421 14.467
-0.609137 14.467
-0.456853 14.6193
-0.304569 14.6193
-0.152284 14.6193
0 14.6193
0.304569 14.6193
0.456853 14.6193
0.609137 14.6193
0.761421 14.6193
0.913706 14.467
1.21827 14.467
1.37056 14.467
1.52284 14.467
1.67513 14.467
1.82741 14.467
2.13198 14.467
2.28426 14.3147
2.43655 14.3147
2.58883 14.3147
2.74112 14.3147
2.8934 14.1624
3.19797 14.1624
3.35025 14.1624
3.50254 14.0102
3.65482 14.0102
3.80711 14.0102
3.95939 13.8579
4.11168 13.8579
4.41624 13.8579
4.56853 13.7056
4.72081 13.7056
4.8731 13.5533
5.02538 13.5533
5.17766 13.401
5.32995 13.401
5.48223 13.2487
5.63452 13.0964
5.7868 13.0964
5.93909 12.9442
6.09137 12.7919
6.24365 12.7919
6.39594 12.6396
6.54822 12.4873
6.70051 12.335
6.85279 12.1827
6.85279 12.0305
7.00508 11.8782
7.15736 11.7259
7.15736 11.5736
7.30964 11.4213
7.46193 11.269
7.46193 11.1168
7.61421 10.9645
7.61421 10.8122
7.61421 10.5076
7.7665 10.3553
7.7665 10.203
7.7665 10.0508
7.91878 9.89848
7.91878 9.74619
7.91878 9.44162
8.07107 9.28934
8.07107 9.13706
8.07107 8.98477
8.07107 8.83249
8.22335 8.6802
8.22335 8.52792
8.22335 8.37563
8.37563 8.22335
8.37563 8.07107
8.52792 7.91878
8.52792 7.7665
8.52792 7.61421
8.6802 7.46193
8.83249 7.30964
8.83249 7.15736
8.98477 7.00508
8.98477 6.85279
9.13706 6.85279
9.28934 6.70051
9.28934 6.54822
9.44162 6.39594
9.59391 6.24365
9.74619 6.09137
9.74619 5.93909
9.89848 5.7868
10.0508 5.63452
10.0508 5.48223
10.203 5.17766
10.3553 5.02538
10.3553 4.8731
10.5076 4.72081
10.6599 4.56853
10.6599 4.41624
