10.5076 4.26396
10.6599 4.11168
10.8122 3.95939
10.8122 3.65482
10.8122 3.50254
10.9645 3.35025
10.9645 3.04569
10.9645 2.8934
10.9645 2.74112
10.9645 2.43655
10.9645 2.28426
10.9645 2.13198
10.8122 1.82741
10.8122 1.67513
10.8122 1.52284
10.6599 1.37056
10.6599 1.06599
10.5076 0.913706
10.5076 0.761421
10.3553 0.609137
10.3553 0.456853
10.203 0.304569
10.0508 0
10.0508 -0.152284
9.89848 -0.304569
9.89848 -0.456853
9.74619 -0.609137
9.59391 -0.761421
9.59391 -1.06599
9.44162 -1.21827
9.44162 -1.37056
9.28934 -1.52284
9.28934 -1.67513
9.13706 -1.82741
9.13706 -2.13198
8.98477 -2.28426
8.83249 -2.43655
8.83249 -2.58883
8.6802 -2.74112
8.52792 -2.8934
8.52792 -3.04569
8.37563 -3.35025
8.22335 -3.50254
8.22335 -3.65482
8.07107 -3.80711
7.91878 -3.95939
7.7665 -4.11168
7.61421 -4.26396
7.46193 -4.41624
7.46193 -4.56853
7.30964 -4.72081
7.15736 -4.8731
7.00508 -5.02538
6.85279 -5.17766
6.70051 -5.32995
6.54822 -5.48223
6.24365 -5.63452
6.09137 -5.63452
5.93909 -5.7868
5.7868 -5.93909
5.63452 -5.93909
5.48223 -6.09137
5.17766 -6.24365
5.02538 -6.24365
4.8731 -6.39594
4.72081 -6.39594
4.41624 -6.39594
4.26396 -6.54822
4.11168 -6.54822
3.80711 -6.54822
3.65482 -6.70051
3.50254 -6.70051
3.19797 -6.70051
3.04569 -6.70051
2.74112 -6.70051
2.58883 -6.70051
2.43655 -6.70051
2.13198 -6.54822
1.9797 -6.54822
1.82741 -6.54822
1.52284 -6.54822
1.37056 -6.39594
1.21827 -6.39594
0.913706 -6.24365
0.761421 -6.24365
0.609137 -6.24365
0.456853 -6.09137
0.152284 -6.09137
0 -5.93909
-0.152284 -5.93909
-0.304569 -5.7868
-0.456853 -5.7868
-0.609137 -5.63452
-0.913706 -5.63452
-1.06599 -5.48223
-1.21827 -5.48223
-1.37056 -5.48223
-1.52284 -5.32995
-1.67513 -5.32995
-1.82741 -5.17766
-1.9797 -5.17766
-2.13198 -5.17766
-2.28426 -5.02538
-2.43655 -5.02538
-2.58883 -5.02538
-2.74112 -5.02538
-2.8934 -4.8731
-3.04569 -4.8731
-3.35025 -4.8731
-3.50254 -4.72081
-3.65482 -4.72081
-3.80711 -4.72081
-3.95939 -4.56853
-4.11168 -4.56853
-4.26396 -4.56853
-4.41624 -4.56853
-4.56853 -4.41624
-4.72081 -4.41624
-4.8731 -4.26396
-5.02538 -4.26396
-5.17766 -4.26396
-5.32995 -4.11168
-5.48223 -4.11168
-5.63452 -3.95939
-5.7868 -3.95939
-5.93909 -3.80711
-6.24365 -3.80711
-6.39594 -3.65482
-6.54822 -3.65482
-6.70051 -3.50254
-6.85279 -3.35025
-7.00508 -3.35025
-7.00508 -3.19797
-7.15736 -3.19797
-7.30964 -3.04569
-7.46193 -2.8934
-7.61421 -2.74112
-7.7665 -2.74112
-7.91878 -2.58883
-8.07107 -2.43655
-8.22335 -2.28426
-8.37563 -2.28426
-8.52792 -2.13198
-8.6802 -1.9797
-8.6802 -1.82741
-8.83249 -1.67513
-8.98477 -1.52284
-9.13706 -1.37056
-9.28934 -1.37056
-9.28934 -1.21827
-9.44162 -1.06599
-9.59391 -0.913706
-9.74619 -0.761421
-9.74619 -0.609137
-9.89848 -0.456853
-10.0508 -0.304569
-10.0508 -0.152284
-10.203 0.152284
-10.3553 0.304569
-10.3553 0.456853
-10.5076 0.609137
-10.5076 0.761421
-10.6599 0.913706
-10.6599 1.06599
-10.8122 1.21827
-10.8122 1.52284
-10.9645 1.67513
-10.9645 1.82741
-11.1168 1.9797
-11.1168 2.13198
-11.1168 2.43655
-11.1168 2.58883
-11.269 2.74112
-11.269 2.8934
-11.269 3.04569
-11.269 3.35025
-11.4213 3.50254
-11.4213 3.65482
-11.4213 3.95939
-11.4213 4.11168
-11.4213 4.26396
-11.4213 4.41624
-11.4213 4.72081
-11.4213 4.8731
-11.4213 5.02538
-11.4213 5.17766
-11.4213 5.48223
-11.4213 5.63452
-11.4213 5.7868
-11.4213 6.09137
-11.269 6.24365
-11.269 6.39594
-11.269 6.54822
-11.269 6.85279
-11.269 7.00508
-11.1168 7.15736
-11.1168 7.30964
-11.1168 7.61421
-10.9645 7.7665
-10.9645 7.91878
-10.9645 8.07107
-10.8122 8.37563
-10.8122 8.52792
-10.6599 8.6802
-10.6599 8.83249
-10.5076 8.98477
-10.5076 9.28934
-10.3553 9.44162
-10.3553 9.59391
-10.203 9.74619
-10.0508 9.89848
-10.0508 10.0508
-9.89848 10.203
-9.74619 10.3553
-9.59391 10.5076
-9.59391 10.6599
-9.44162 10.8122
-9.28934 10.9645
-9.13706 11.1168
-8.98477 11.269
-8.83249 11.4213
-8.6802 11.5736
-8.52792 11.7259
-8.37563 11.7259
-8.22335 11.8782
-8.07107 12.0305
-7.91878 12.0305
-7.7665 12.1827
-7.61421 12.335
-7.30964 12.335
-7.15736 12.4873
-7.00508 12.4873
-6.85279 12.6396
-6.70051 12.7919
-6.54822 12.7919
-6.39594 12.9442
-6.24365 12.9442
-5.93909 13.0964
-5.7868 13.0964
-5.63452 13.0964
-5.48223 13.2487
-5.32995 13.2487
-5.17766 13.401
-5.02538 13.401
-4.8731 13.5533
-4.72081 13.5533
-4.41624 13.5533
-4.26396 13.7056
-4.11168 13.7056
-3.95939 13.7056
-3.80711 13.8579
-3.65482 13.8579
-3.50254 14.0102
-3.35025 14.0102
-3.19797 14.0102
-2.8934 14.1624
-2.74112 14.1624
-2.58883 14.1624
-2.43655 14.1624
-2.28426 14.3147
-2.13198 14.3147
-1.9797 14.3147
-1.67513 14.3147
-1.52284 14.467
-1.37056 14.467
-1.21827 14.467
-1.06599 14.467
-0.913706 14.467
-0.609137 14.467
-0.456853 14.467
-0.304569 14.467
-0.152284 14.6193
0 14.6193
0.152284 14.6193
0.456853 14.6193
0.609137 14.6193
0.761421 14.6193
0.913706 14.6193
1.06599 14.467
1.37056 14.467
1.52284 14.467
1.67513 14.467
1.82741 14.467
1.9797 14.467
2.28426 14.467
2.43655 14.467
2.58883 14.3147
2.74112 14.3147
2.8934 14.3147
3.04569 14.3147
3.35025 14.1624
3.50254 14.1624
3.65482 14.1624
3.80711 14.1624
3.95939 14.0102
4.26396 14.0102
4.41624 13.8579
4.56853 13.8579
4.72081 13.8579
4.8731 13.7056
5.02538 13.5533
5.17766 13.5533
5.48223 13.401
5.63452 13.401
5.7868 13.2487
5.93909 13.0964
6.09137 12.9442
6.24365 12.9442
6.24365 12.7919
6.39594 12.6396
6.54822 12.4873
6.70051 12.335
6.85279 12.1827
6.85279 12.0305
7.00508 11.8782
7.15736 11.7259
7.15736 11.5736
7.30964 11.4213
7.30964 11.1168
7.46193 10.9645
7.46193 10.8122
7.46193 10.6599
7.61421 10.5076
7.61421 10.203
7.61421 10.0508
7.7665 9.89848
7.7665 9.74619
7.7665 9.59391
7.91878 9.44162
7.91878 9.28934
7.91878 8.98477
7.91878 8.83249
8.07107 8.6802
8.07107 8.52792
8.07107 8.37563
8.22335 8.22335
8.22335 8.07107
8.37563 7.91878
8.37563 7.7665
8.52792 7.61421
8.52792 7.46193
8.6802 7.30964
8.83249 7.15736
8.83249 7.15736
8.98477 7.00508
9.13706 6.85279
9.13706 6.70051
9.28934 6.54822
9.44162 6.39594
9.59391 6.24365
9.59391 6.09137
9.74619 5.93909
9.89848 5.63452
9.89848 5.48223
10.0508 5.32995
10.203 5.17766
10.203 5.02538
10.3553 4.8731
10.3553 4.72081
10.5076 4.41624
