10.203 4.11168
10.3553 3.95939
10.3553 3.80711
10.5076 3.50254
10.5076 3.35025
10.5076 3.19797
10.5076 2.8934
10.6599 2.74112
10.6599 2.58883
10.5076 2.43655
10.5076 2.13198
10.5076 1.9797
10.5076 1.82741
10.5076 1.67513
10.3553 1.37056
10.3553 1.21827
10.203 1.06599
10.203 0.913706
10.0508 0.761421
10.0508 0.609137
9.89848 0.304569
9.89848 0.152284
9.74619 0
9.74619 -0.152284
9.59391 -0.304569
9.59391 -0.456853
9.44162 -0.609137
9.28934 -0.913706
9.28934 -1.06599
9.13706 -1.21827
9.13706 -1.37056
8.98477 -1.52284
8.98477 -1.67513
8.83249 -1.82741
8.83249 -2.13198
8.6802 -2.28426
8.6802 -2.43655
8.52792 -2.58883
8.37563 -2.74112
8.37563 -2.8934
8.22335 -3.04569
8.22335 -3.35025
8.07107 -3.50254
7.91878 -3.65482
7.7665 -3.80711
7.7665 -3.95939
7.61421 -4.11168
7.46193 -4.26396
7.30964 -4.41624
7.15736 -4.56853
7.00508 -4.72081
6.85279 -4.8731
6.70051 -5.02538
6.54822 -5.17766
6.39594 -5.32995
6.24365 -5.32995
6.09137 -5.48223
5.93909 -5.63452
5.7868 -5.7868
5.63452 -5.7868
5.48223 -5.93909
5.32995 -6.09137
5.02538 -6.09137
4.8731 -6.24365
4.72081 -6.24365
4.56853 -6.39594
4.26396 -6.39594
4.11168 -6.39594
3.95939 -6.54822
3.80711 -6.54822
3.50254 -6.54822
3.35025 -6.54822
3.19797 -6.54822
2.8934 -6.70051
2.74112 -6.70051
2.58883 -6.70051
2.28426 -6.54822
2.13198 -6.54822
1.9797 -6.54822
1.67513 -6.54822
1.52284 -6.54822
1.37056 -6.54822
1.06599 -6.39594
0.913706 -6.39594
0.761421 -6.39594
0.609137 -6.24365
0.456853 -6.24365
0.152284 -6.24365
0 -6.09137
-0.152284 -6.09137
-0.304569 -6.09137
-0.456853 -5.93909
-0.761421 -5.93909
-0.913706 -5.7868
-1.06599 -5.7868
-1.21827 -5.7868
-1.37056 -5.63452
-1.52284 -5.63452
-1.67513 -5.48223
-1.82741 -5.48223
-1.9797 -5.48223
-2.13198 -5.32995
-2.28426 -5.32995
-2.43655 -5.32995
-2.74112 -5.17766
-2.8934 -5.17766
-3.04569 -5.17766
-3.19797 -5.02538
-3.35025 -5.02538
-3.50254 -5.02538
-3.65482 -4.8731
-3.80711 -4.8731
-3.95939 -4.8731
-4.11168 -4.72081
-4.26396 -4.72081
-4.41624 -4.72081
-4.56853 -4.56853
-4.72081 -4.56853
-4.8731 -4.41624
-5.02538 -4.41624
-5.17766 -4.41624
-5.32995 -4.26396
-5.48223 -4.26396
-5.7868 -4.11168
-5.93909 -4.11168
-6.09137 -3.95939
-6.24365 -3.95939
-6.39594 -3.80711
-6.54822 -3.80711
-6.70051 -3.65482
-6.85279 -3.65482
-7.00508 -3.50254
-7.15736 -3.35025
-7.30964 -3.35025
-7.46193 -3.19797
-7.61421 -3.19797
-7.7665 -3.04569
-7.91878 -2.8934
-8.07107 -2.74112
-8.22335 -2.74112
-8.37563 -2.58883
-8.37563 -2.43655
-8.52792 -2.28426
-8.6802 -2.13198
-8.83249 -2.13198
-8.98477 -1.9797
-9.13706 -1.82741
-9.28934 -1.67513
-9.44162 -1.52284
-9.44162 -1.37056
-9.59391 -1.21827
-9.74619 -1.06599
-9.89848 -0.913706
-9.89848 -0.761421
-10.0508 -0.609137
-10.203 -0.456853
-10.3553 -0.304569
-10.3553 -0.152284
-10.5076 0
-10.5076 0.152284
-10.6599 0.304569
-10.8122 0.456853
-10.8122 0.761421
-10.9645 0.913706
-10.9645 1.06599
-11.1168 1.21827
-11.1168 1.37056
-11.1168 1.67513
-11.269 1.82741
-11.269 1.9797
-11.4213 2.13198
-11.4213 2.28426
-11.4213 2.58883
-11.4213 2.74112
-11.5736 2.8934
-11.5736 3.19797
-11.5736 3.35025
-11.5736 3.50254
-11.5736 3.65482
-11.5736 3.95939
-11.5736 4.11168
-11.5736 4.26396
-11.7259 4.56853
-11.7259 4.72081
-11.5736 4.8731
-11.5736 5.02538
-11.5736 5.32995
-11.5736 5.48223
-11.5736 5.63452
-11.5736 5.93909
-11.5736 6.09137
-11.5736 6.24365
-11.4213 6.54822
-11.4213 6.70051
-11.4213 6.85279
-11.4213 7.00508
-11.269 7.30964
-11.269 7.46193
-11.269 7.61421
-11.1168 7.7665
-11.1168 8.07107
-11.1168 8.22335
-10.9645 8.37563
-10.9645 8.52792
-10.8122 8.83249
-10.8122 8.98477
-10.6599 9.13706
-10.5076 9.28934
-10.5076 9.44162
-10.3553 9.59391
-10.203 9.89848
-10.203 10.0508
-10.0508 10.203
-9.89848 10.3553
-9.74619 10.5076
-9.74619 10.6599
-9.59391 10.8122
-9.44162 10.9645
-9.28934 11.1168
-9.13706 11.269
-8.98477 11.4213
-8.83249 11.4213
-8.6802 11.5736
-8.52792 11.7259
-8.37563 11.8782
-8.22335 12.0305
-8.07107 12.0305
-7.91878 12.1827
-7.7665 12.335
-7.46193 12.335
-7.30964 12.4873
-7.15736 12.4873
-7.00508 12.6396
-6.85279 12.7919
-6.70051 12.7919
-6.54822 12.9442
-6.24365 12.9442
-6.09137 13.0964
-5.93909 13.0964
-5.7868 13.2487
-5.63452 13.2487
-5.48223 13.2487
-5.32995 13.401
-5.17766 13.401
-4.8731 13.5533
-4.72081 13.5533
-4.56853 13.7056
-4.41624 13.7056
-4.26396 13.7056
-4.11168 13.8579
-3.95939 13.8579
-3.65482 13.8579
-3.50254 14.0102
-3.35025 14.0102
-3.19797 14.0102
-3.04569 14.1624
-2.8934 14.1624
-2.74112 14.1624
-2.43655 14.3147
-2.28426 14.3147
-2.13198 14.3147
-1.9797 14.3147
-1.82741 14.3147
-1.67513 14.467
-1.37056 14.467
-1.21827 14.467
-1.06599 14.467
-0.913706 14.467
-0.761421 14.467
-0.456853 14.467
-0.304569 14.6193
-0.152284 14.6193
0 14.6193
0.152284 14.6193
0.456853 14.6193
0.609137 14.6193
0.761421 14.6193
0.913706 14.6193
1.06599 14.467
1.37056 14.467
1.52284 14.467
1.67513 14.467
1.82741 14.467
1.9797 14.467
2.28426 14.467
2.43655 14.3147
2.58883 14.3147
2.74112 14.3147
2.8934 14.1624
3.19797 14.1624
3.35025 14.1624
3.50254 14.1624
3.65482 14.0102
3.80711 14.0102
3.95939 13.8579
4.26396 13.8579
4.41624 13.7056
4.56853 13.7056
4.72081 13.5533
4.8731 13.5533
5.02538 13.401
5.17766 13.2487
5.32995 13.2487
5.48223 13.0964
5.63452 12.9442
5.7868 12.9442
5.93909 12.7919
6.09137 12.6396
6.24365 12.4873
6.39594 12.335
6.39594 12.1827
6.54822 12.0305
6.70051 11.8782
6.85279 11.7259
6.85279 11.5736
7.00508 11.4213
7.15736 11.269
7.15736 11.1168
7.30964 10.9645
7.30964 10.8122
7.30964 10.6599
7.46193 10.3553
7.46193 10.203
7.61421 10.0508
7.61421 9.89848
7.61421 9.74619
7.7665 9.59391
7.7665 9.44162
7.7665 9.13706
7.91878 8.98477
7.91878 8.83249
7.91878 8.6802
8.07107 8.52792
8.07107 8.37563
8.07107 8.22335
8.22335 8.07107
8.22335 7.91878
8.22335 7.7665
8.37563 7.61421
8.37563 7.46193
8.52792 7.30964
8.52792 7.15736
8.6802 7.00508
8.6802 6.85279
8.83249 6.70051
8.83249 6.54822
8.98477 6.39594
9.13706 6.24365
9.13706 6.09137
9.28934 5.93909
9.28934 5.7868
9.44162 5.63452
9.59391 5.48223
9.59391 5.32995
9.74619 5.17766
9.74619 5.02538
9.89848 4.8731
10.0508 4.72081
10.0508 4.41624
10.203 4.26396
