9.89848 4.11168
10.0508 3.80711
10.0508 3.65482
10.203 3.50254
10.3553 3.35025
10.3553 3.04569
10.3553 2.8934
10.5076 2.74112
10.5076 2.43655
10.5076 2.28426
10.5076 2.13198
10.3553 1.82741
10.3553 1.67513
10.3553 1.52284
10.3553 1.37056
10.203 1.06599
10.203 0.913706
10.0508 0.761421
10.0508 0.609137
9.89848 0.456853
9.89848 0.304569
9.74619 0
9.59391 -0.152284
9.59391 -0.304569
9.44162 -0.456853
9.44162 -0.609137
9.28934 -0.761421
9.13706 -0.913706
9.13706 -1.21827
8.98477 -1.37056
8.98477 -1.52284
8.83249 -1.67513
8.83249 -1.82741
8.6802 -1.9797
8.52792 -2.13198
8.52792 -2.28426
8.37563 -2.58883
8.22335 -2.74112
8.22335 -2.8934
8.07107 -3.04569
7.91878 -3.19797
7.91878 -3.35025
7.7665 -3.50254
7.61421 -3.65482
7.46193 -3.80711
7.46193 -3.95939
7.30964 -4.26396
7.15736 -4.41624
7.00508 -4.56853
6.85279 -4.72081
6.70051 -4.72081
6.54822 -4.8731
6.39594 -5.02538
6.24365 -5.17766
6.09137 -5.32995
5.93909 -5.48223
5.7868 -5.63452
5.63452 -5.63452
5.48223 -5.7868
5.32995 -5.93909
5.17766 -6.09137
5.02538 -6.09137
4.72081 -6.24365
4.56853 -6.24365
4.41624 -6.39594
4.26396 -6.39594
3.95939 -6.54822
3.80711 -6.54822
3.65482 -6.54822
3.35025 -6.70051
3.19797 -6.70051
3.04569 -6.70051
2.74112 -6.70051
2.58883 -6.70051
2.43655 -6.70051
2.13198 -6.70051
1.9797 -6.70051
1.82741 -6.70051
1.52284 -6.70051
1.37056 -6.54822
1.21827 -6.54822
0.913706 -6.54822
0.761421 -6.54822
0.609137 -6.39594
0.456853 -6.39594
0.152284 -6.24365
0 -6.24365
-0.152284 -6.24365
-0.304569 -6.09137
-0.456853 -6.09137
-0.761421 -5.93909
-0.913706 -5.93909
-1.06599 -5.7868
-1.21827 -5.7868
-1.37056 -5.7868
-1.52284 -5.63452
-1.67513 -5.63452
-1.82741 -5.48223
-1.9797 -5.48223
-2.13198 -5.48223
-2.28426 -5.32995
-2.58883 -5.32995
-2.74112 -5.32995
-2.8934 -5.17766
-3.04569 -5.17766
-3.19797 -5.17766
-3.35025 -5.02538
-3.50254 -5.02538
-3.65482 -5.02538
-3.80711 -4.8731
-3.95939 -4.8731
-4.11168 -4.8731
-4.26396 -4.8731
-4.41624 -4.72081
-4.56853 -4.72081
-4.72081 -4.72081
-4.8731 -4.56853
-5.02538 -4.56853
-5.17766 -4.41624
-5.32995 -4.41624
-5.48223 -4.41624
-5.63452 -4.26396
-5.7868 -4.26396
-6.09137 -4.11168
-6.24365 -4.11168
-6.39594 -3.95939
-6.54822 -3.95939
-6.70051 -3.80711
-6.85279 -3.80711
-7.00508 -3.65482
-7.00508 -3.50254
-7.15736 -3.50254
-7.30964 -3.35025
-7.46193 -3.19797
-7.61421 -3.19797
-7.7665 -3.04569
-7.91878 -2.8934
-8.07107 -2.8934
-8.22335 -2.74112
-8.37563 -2.58883
-8.52792 -2.43655
-8.6802 -2.43655
-8.83249 -2.28426
-8.83249 -2.13198
-8.98477 -1.9797
-9.13706 -1.82741
-9.28934 -1.67513
-9.44162 -1.52284
-9.59391 -1.52284
-9.59391 -1.37056
-9.74619 -1.21827
-9.89848 -1.06599
-10.0508 -0.913706
-10.0508 -0.761421
-10.203 -0.609137
-10.3553 -0.456853
-10.5076 -0.304569
-10.5076 -0.152284
-10.6599 0
-10.6599 0.152284
-10.8122 0.304569
-10.9645 0.609137
-10.9645 0.761421
-11.1168 0.913706
-11.1168 1.06599
-11.269 1.21827
-11.269 1.37056
-11.4213 1.52284
-11.4213 1.82741
-11.4213 1.9797
-11.5736 2.13198
-11.5736 2.28426
-11.5736 2.58883
-11.7259 2.74112
-11.7259 2.8934
-11.7259 3.04569
-11.7259 3.35025
-11.7259 3.50254
-11.7259 3.65482
-11.8782 3.80711
-11.8782 4.11168
-11.8782 4.26396
-11.8782 4.41624
-11.8782 4.72081
-11.8782 4.8731
-11.8782 5.02538
-11.8782 5.17766
-11.8782 5.48223
-11.7259 5.63452
-11.7259 5.7868
-11.7259 6.09137
-11.7259 6.24365
-11.7259 6.39594
-11.7259 6.54822
-11.7259 6.85279
-11.5736 7.00508
-11.5736 7.15736
-11.5736 7.30964
-11.5736 7.61421
-11.4213 7.7665
-11.4213 7.91878
-11.4213 8.22335
-11.269 8.37563
-11.269 8.52792
-11.1168 8.6802
-11.1168 8.98477
-11.1168 9.13706
-10.9645 9.28934
-10.8122 9.44162
-10.8122 9.59391
-10.6599 9.89848
-10.6599 10.0508
-10.5076 10.203
-10.3553 10.3553
-10.203 10.5076
-10.0508 10.6599
-10.0508 10.8122
-9.89848 10.9645
-9.74619 11.1168
-9.59391 11.269
-9.44162 11.4213
-9.28934 11.5736
-9.13706 11.5736
-8.98477 11.7259
-8.83249 11.8782
-8.52792 12.0305
-8.37563 12.0305
-8.22335 12.1827
-8.07107 12.335
-7.91878 12.335
-7.7665 12.4873
-7.61421 12.4873
-7.30964 12.6396
-7.15736 12.6396
-7.00508 12.7919
-6.85279 12.7919
-6.70051 12.9442
-6.54822 12.9442
-6.24365 13.0964
-6.09137 13.0964
-5.93909 13.2487
-5.7868 13.2487
-5.63452 13.401
-5.48223 13.401
-5.32995 13.5533
-5.17766 13.5533
-4.8731 13.5533
-4.72081 13.7056
-4.56853 13.7056
-4.41624 13.8579
-4.26396 13.8579
-4.11168 14.0102
-3.95939 14.0102
-3.80711 14.0102
-3.50254 14.1624
-3.35025 14.1624
-3.19797 14.3147
-3.04569 14.3147
-2.8934 14.3147
-2.74112 14.467
-2.58883 14.467
-2.28426 14.467
-2.13198 14.467
-1.9797 14.6193
-1.82741 14.6193
-1.67513 14.6193
-1.37056 14.6193
-1.21827 14.6193
-1.06599 14.6193
-0.913706 14.6193
-0.761421 14.7716
-0.456853 14.7716
-0.304569 14.7716
-0.152284 14.7716
0 14.7716
0.304569 14.7716
0.456853 14.6193
0.609137 14.6193
0.761421 14.6193
0.913706 14.6193
1.21827 14.6193
1.37056 14.6193
1.52284 14.6193
1.67513 14.467
1.9797 14.467
2.13198 14.467
2.28426 14.467
2.43655 14.3147
2.58883 14.3147
2.8934 14.3147
3.04569 14.1624
3.19797 14.1624
3.35025 14.1624
3.50254 14.0102
3.80711 14.0102
3.95939 14.0102
4.11168 13.8579
4.26396 13.8579
4.41624 13.7056
4.56853 13.7056
4.72081 13.5533
5.02538 13.401
5.17766 13.401
5.32995 13.2487
5.48223 13.0964
5.63452 13.0964
5.7868 12.9442
5.93909 12.7919
6.09137 12.6396
6.24365 12.4873
6.24365 12.335
6.39594 12.335
6.54822 12.1827
6.70051 12.0305
6.85279 11.8782
6.85279 11.5736
7.00508 11.4213
7.15736 11.269
7.15736 11.1168
7.30964 10.9645
7.30964 10.8122
7.46193 10.6599
7.46193 10.5076
7.61421 10.203
7.61421 10.0508
7.61421 9.89848
7.7665 9.74619
7.7665 9.59391
7.7665 9.44162
7.91878 9.13706
7.91878 8.98477
7.91878 8.83249
8.07107 8.6802
8.07107 8.52792
8.07107 8.37563
8.07107 8.22335
8.22335 8.07107
8.22335 7.91878
8.22335 7.7665
8.37563 7.46193
8.37563 7.30964
8.37563 7.15736
8.52792 7.00508
8.52792 6.85279
8.6802 6.70051
8.6802 6.54822
8.83249 6.39594
8.83249 6.24365
8.83249 6.09137
8.98477 5.93909
8.98477 5.7868
9.13706 5.63452
9.13706 5.48223
9.28934 5.32995
9.44162 5.17766
9.44162 5.02538
9.59391 4.72081
9.59391 4.56853
9.74619 4.41624
9.74619 4.26396
