9.44162 4.26396
9.59391 3.95939
9.74619 3.80711
9.89848 3.65482
9.89848 3.50254
10.0508 3.19797
10.0508 3.04569
10.203 2.8934
10.203 2.58883
10.203 2.43655
10.203 2.13198
10.203 1.9797
10.203 1.82741
10.0508 1.67513
10.0508 1.37056
10.0508 1.21827
9.89848 1.06599
9.89848 0.913706
9.74619 0.609137
9.74619 0.456853
9.59391 0.304569
9.44162 0.152284
9.44162 0
9.28934 -0.152284
9.13706 -0.456853
9.13706 -0.609137
8.98477 -0.761421
8.98477 -0.913706
8.83249 -1.06599
8.6802 -1.21827
8.6802 -1.37056
8.52792 -1.67513
8.37563 -1.82741
8.37563 -1.9797
8.22335 -2.13198
8.07107 -2.28426
8.07107 -2.43655
7.91878 -2.58883
7.7665 -2.74112
7.7665 -2.8934
7.61421 -3.19797
7.46193 -3.35025
7.30964 -3.50254
7.30964 -3.65482
7.15736 -3.80711
7.00508 -3.95939
6.85279 -4.11168
6.70051 -4.26396
6.54822 -4.41624
6.39594 -4.56853
6.24365 -4.72081
6.24365 -4.8731
6.09137 -5.02538
5.93909 -5.17766
5.63452 -5.17766
5.48223 -5.32995
5.32995 -5.48223
5.17766 -5.63452
5.02538 -5.7868
4.8731 -5.7868
4.72081 -5.93909
4.56853 -6.09137
4.26396 -6.09137
4.11168 -6.24365
3.95939 -6.24365
3.80711 -6.39594
3.50254 -6.39594
3.35025 -6.39594
3.19797 -6.54822
3.04569 -6.54822
2.74112 -6.54822
2.58883 -6.54822
2.43655 -6.70051
2.13198 -6.70051
1.9797 -6.70051
1.82741 -6.70051
1.52284 -6.54822
1.37056 -6.54822
1.06599 -6.54822
0.913706 -6.54822
0.761421 -6.54822
0.609137 -6.39594
0.304569 -6.39594
0.152284 -6.39594
0 -6.24365
-0.304569 -6.24365
-0.456853 -6.24365
-0.609137 -6.09137
-0.761421 -6.09137
-0.913706 -5.93909
-1.21827 -5.93909
-1.37056 -5.7868
-1.52284 -5.7868
-1.67513 -5.63452
-1.82741 -5.63452
-1.9797 -5.63452
-2.13198 -5.48223
-2.28426 -5.48223
-2.43655 -5.32995
-2.58883 -5.32995
-2.8934 -5.32995
-3.04569 -5.17766
-3.19797 -5.17766
-3.35025 -5.17766
-3.50254 -5.02538
-3.65482 -5.02538
-3.80711 -5.02538
-3.95939 -4.8731
-4.11168 -4.8731
-4.26396 -4.8731
-4.41624 -4.72081
-4.56853 -4.72081
-4.72081 -4.72081
-4.8731 -4.56853
-5.02538 -4.56853
-5.17766 -4.56853
-5.32995 -4.41624
-5.48223 -4.41624
-5.63452 -4.41624
-5.7868 -4.26396
-6.09137 -4.26396
-6.24365 -4.11168
-6.39594 -4.11168
-6.54822 -3.95939
-6.70051 -3.95939
-6.85279 -3.80711
-7.00508 -3.80711
-7.15736 -3.65482
-7.30964 -3.65482
-7.46193 -3.50254
-7.61421 -3.35025
-7.61421 -3.35025
-7.7665 -3.19797
-7.91878 -3.04569
-8.07107 -3.04569
-8.22335 -2.8934
-8.37563 -2.74112
-8.52792 -2.74112
-8.6802 -2.58883
-8.83249 -2.43655
-8.98477 -2.28426
-9.13706 -2.13198
-9.13706 -2.13198
-9.28934 -1.9797
-9.44162 -1.82741
-9.59391 -1.67513
-9.74619 -1.52284
-9.74619 -1.37056
-9.89848 -1.21827
-10.0508 -1.21827
-10.203 -1.06599
-10.3553 -0.913706
-10.3553 -0.761421
-10.5076 -0.609137
-10.6599 -0.456853
-10.6599 -0.304569
-10.8122 -0.152284
-10.9645 0
-10.9645 0.152284
-11.1168 0.456853
-11.269 0.609137
-11.269 0.761421
-11.4213 0.913706
-11.4213 1.06599
-11.5736 1.21827
-11.5736 1.37056
-11.7259 1.52284
-11.7259 1.82741
-11.7259 1.9797
-11.8782 2.13198
-11.8782 2.28426
-11.8782 2.43655
-12.0305 2.74112
-12.0305 2.8934
-12.0305 3.04569
-12.0305 3.19797
-12.1827 3.50254
-12.1827 3.65482
-12.1827 3.80711
-12.1827 3.95939
-12.1827 4.26396
-12.1827 4.41624
-12.1827 4.56853
-12.1827 4.72081
-12.1827 5.02538
-12.1827 5.17766
-12.1827 5.32995
-12.1827 5.63452
-12.1827 5.7868
-12.1827 5.93909
-12.1827 6.09137
-12.1827 6.39594
-12.0305 6.54822
-12.0305 6.70051
-12.0305 6.85279
-12.0305 7.15736
-12.0305 7.30964
-11.8782 7.46193
-11.8782 7.7665
-11.8782 7.91878
-11.7259 8.07107
-11.7259 8.22335
-11.5736 8.37563
-11.5736 8.6802
-11.5736 8.83249
-11.4213 8.98477
-11.4213 9.13706
-11.269 9.28934
-11.1168 9.59391
-11.1168 9.74619
-10.9645 9.89848
-10.8122 10.0508
-10.8122 10.203
-10.6599 10.3553
-10.5076 10.5076
-10.3553 10.6599
-10.3553 10.8122
-10.203 10.9645
-10.0508 11.1168
-9.89848 11.269
-9.74619 11.4213
-9.59391 11.5736
-9.44162 11.7259
-9.28934 11.7259
-9.13706 11.8782
-8.98477 12.0305
-8.83249 12.1827
-8.6802 12.1827
-8.52792 12.335
-8.22335 12.4873
-8.07107 12.4873
-7.91878 12.6396
-7.7665 12.6396
-7.61421 12.7919
-7.46193 12.7919
-7.30964 12.9442
-7.15736 13.0964
-6.85279 13.0964
-6.70051 13.2487
-6.54822 13.2487
-6.39594 13.2487
-6.24365 13.401
-6.09137 13.401
-5.93909 13.5533
-5.7868 13.5533
-5.63452 13.7056
-5.32995 13.7056
-5.17766 13.8579
-5.02538 13.8579
-4.8731 14.0102
-4.72081 14.0102
-4.56853 14.0102
-4.41624 14.1624
-4.26396 14.1624
-3.95939 14.3147
-3.80711 14.3147
-3.65482 14.3147
-3.50254 14.467
-3.35025 14.467
-3.19797 14.467
-3.04569 14.467
-2.74112 14.6193
-2.58883 14.6193
-2.43655 14.6193
-2.28426 14.6193
-2.13198 14.6193
-1.82741 14.7716
-1.67513 14.7716
-1.52284 14.7716
-1.37056 14.7716
-1.21827 14.7716
-0.913706 14.7716
-0.761421 14.7716
-0.609137 14.7716
-0.456853 14.7716
-0.304569 14.7716
0 14.7716
0.152284 14.7716
0.304569 14.7716
0.456853 14.6193
0.761421 14.6193
0.913706 14.6193
1.06599 14.6193
1.21827 14.6193
1.37056 14.6193
1.67513 14.467
1.82741 14.467
1.9797 14.467
2.13198 14.467
2.28426 14.467
2.58883 14.3147
2.74112 14.3147
2.8934 14.3147
3.04569 14.1624
3.35025 14.1624
3.50254 14.1624
3.65482 14.0102
3.80711 14.0102
3.95939 13.8579
4.11168 13.8579
4.41624 13.7056
4.56853 13.7056
4.72081 13.5533
4.8731 13.5533
5.02538 13.401
5.17766 13.2487
5.32995 13.2487
5.48223 13.0964
5.63452 12.9442
5.7868 12.7919
5.93909 12.6396
6.09137 12.4873
6.24365 12.4873
6.39594 12.335
6.54822 12.1827
6.54822 11.8782
6.70051 11.7259
6.85279 11.5736
6.85279 11.4213
7.00508 11.269
7.00508 11.1168
7.15736 10.9645
7.15736 10.8122
7.30964 10.5076
7.30964 10.3553
7.46193 10.203
7.46193 10.0508
7.46193 9.89848
7.61421 9.59391
7.61421 9.44162
7.61421 9.28934
7.61421 9.13706
7.7665 8.98477
7.7665 8.6802
7.7665 8.52792
7.7665 8.37563
7.91878 8.22335
7.91878 8.07107
7.91878 7.91878
7.91878 7.7665
8.07107 7.61421
8.07107 7.30964
8.07107 7.15736
8.07107 7.00508
8.22335 6.85279
8.22335 6.70051
8.22335 6.54822
8.37563 6.39594
8.37563 6.24365
8.37563 6.09137
8.52792 5.93909
8.52792 5.7868
8.6802 5.63452
8.6802 5.48223
8.83249 5.32995
8.83249 5.02538
8.98477 4.8731
9.13706 4.72081
9.13706 4.56853
9.28934 4.41624
