9.28934 4.41624
9.44162 4.26396
9.59391 4.11168
9.74619 3.80711
9.89848 3.65482
9.89848 3.50254
10.0508 3.35025
10.0508 3.04569
10.0508 2.8934
10.0508 2.58883
10.0508 2.43655
10.0508 2.28426
10.0508 2.13198
10.0508 1.82741
9.89848 1.67513
9.89848 1.52284
9.89848 1.21827
9.74619 1.06599
9.59391 0.913706
9.59391 0.761421
9.44162 0.609137
9.44162 0.456853
9.28934 0.152284
9.13706 0
9.13706 -0.152284
8.98477 -0.304569
8.83249 -0.456853
8.83249 -0.609137
8.6802 -0.761421
8.6802 -1.06599
8.52792 -1.21827
8.37563 -1.37056
8.37563 -1.52284
8.22335 -1.67513
8.22335 -1.82741
8.07107 -1.9797
7.91878 -2.13198
7.91878 -2.43655
7.7665 -2.58883
7.61421 -2.74112
7.61421 -2.8934
7.46193 -3.04569
7.30964 -3.19797
7.15736 -3.35025
7.15736 -3.50254
7.00508 -3.65482
6.85279 -3.95939
6.70051 -4.11168
6.54822 -4.26396
6.39594 -4.41624
6.24365 -4.56853
6.09137 -4.72081
6.09137 -4.72081
5.93909 -4.8731
5.63452 -5.02538
5.48223 -5.17766
5.32995 -5.32995
5.17766 -5.48223
5.02538 -5.48223
4.8731 -5.63452
4.72081 -5.7868
4.56853 -5.7868
4.26396 -5.93909
4.11168 -6.09137
3.95939 -6.09137
3.80711 -6.24365
3.50254 -6.24365
3.35025 -6.24365
3.19797 -6.39594
2.8934 -6.39594
2.74112 -6.39594
2.58883 -6.39594
2.28426 -6.54822
2.13198 -6.54822
1.9797 -6.54822
1.67513 -6.54822
1.52284 -6.54822
1.37056 -6.39594
1.06599 -6.39594
0.913706 -6.39594
0.761421 -6.39594
0.456853 -6.39594
0.304569 -6.24365
0.152284 -6.24365
-0.152284 -6.24365
-0.304569 -6.09137
-0.456853 -6.09137
-0.609137 -5.93909
-0.913706 -5.93909
-1.06599 -5.93909
-1.21827 -5.7868
-1.37056 -5.7868
-1.52284 -5.63452
-1.67513 -5.63452
-1.82741 -5.48223
-2.13198 -5.48223
-2.28426 -5.48223
-2.43655 -5.32995
-2.58883 -5.32995
-2.74112 -5.17766
-2.8934 -5.17766
-3.04569 -5.17766
-3.19797 -5.02538
-3.35025 -5.02538
-3.50254 -5.02538
-3.65482 -4.8731
-3.80711 -4.8731
-4.11168 -4.8731
-4.26396 -4.72081
-4.41624 -4.72081
-4.56853 -4.72081
-4.72081 -4.56853
-4.8731 -4.56853
-5.02538 -4.56853
-5.17766 -4.41624
-5.32995 -4.41624
-5.48223 -4.41624
-5.63452 -4.26396
-5.7868 -4.26396
-5.93909 -4.11168
-6.09137 -4.11168
-6.24365 -4.11168
-6.39594 -3.95939
-6.70051 -3.95939
-6.85279 -3.80711
-7.00508 -3.80711
-7.15736 -3.65482
-7.30964 -3.50254
-7.46193 -3.50254
-7.61421 -3.35025
-7.7665 -3.35025
-7.91878 -3.19797
-7.91878 -3.04569
-8.07107 -3.04569
-8.22335 -2.8934
-8.37563 -2.74112
-8.52792 -2.58883
-8.6802 -2.58883
-8.83249 -2.43655
-8.98477 -2.28426
-9.13706 -2.13198
-9.28934 -2.13198
-9.44162 -1.9797
-9.59391 -1.82741
-9.59391 -1.67513
-9.74619 -1.52284
-9.89848 -1.37056
-10.0508 -1.21827
-10.203 -1.06599
-10.203 -1.06599
-10.3553 -0.913706
-10.5076 -0.761421
-10.6599 -0.609137
-10.8122 -0.456853
-10.8122 -0.304569
-10.9645 -0.152284
-11.1168 0
-11.1168 0.152284
-11.269 0.456853
-11.4213 0.609137
-11.4213 0.761421
-11.5736 0.913706
-11.5736 1.06599
-11.7259 1.21827
-11.7259 1.37056
-11.8782 1.67513
-11.8782 1.82741
-12.0305 1.9797
-12.0305 2.13198
-12.0305 2.28426
-12.1827 2.58883
-12.1827 2.74112
-12.1827 2.8934
-12.1827 3.04569
-12.1827 3.35025
-12.335 3.50254
-12.335 3.65482
-12.335 3.80711
-12.335 4.11168
-12.335 4.26396
-12.335 4.41624
-12.335 4.72081
-12.335 4.8731
-12.335 5.02538
-12.335 5.17766
-12.335 5.48223
-12.335 5.63452
-12.335 5.7868
-12.1827 5.93909
-12.1827 6.24365
-12.1827 6.39594
-12.1827 6.54822
-12.1827 6.85279
-12.0305 7.00508
-12.0305 7.15736
-12.0305 7.30964
-12.0305 7.61421
-11.8782 7.7665
-11.8782 7.91878
-11.8782 8.07107
-11.8782 8.37563
-11.7259 8.52792
-11.7259 8.6802
-11.5736 8.83249
-11.5736 9.13706
-11.4213 9.28934
-11.4213 9.44162
-11.269 9.59391
-11.269 9.74619
-11.1168 9.89848
-11.1168 10.203
-10.9645 10.3553
-10.8122 10.5076
-10.6599 10.6599
-10.6599 10.8122
-10.5076 10.9645
-10.3553 11.1168
-10.203 11.269
-10.0508 11.4213
-9.89848 11.5736
-9.74619 11.7259
-9.59391 11.7259
-9.44162 11.8782
-9.28934 12.0305
-9.13706 12.1827
-8.98477 12.1827
-8.83249 12.335
-8.6802 12.4873
-8.52792 12.4873
-8.37563 12.6396
-8.07107 12.7919
-7.91878 12.7919
-7.7665 12.9442
-7.61421 12.9442
-7.46193 13.0964
-7.30964 13.0964
-7.15736 13.2487
-6.85279 13.2487
-6.70051 13.401
-6.54822 13.401
-6.39594 13.5533
-6.24365 13.5533
-6.09137 13.5533
-5.93909 13.7056
-5.7868 13.7056
-5.63452 13.8579
-5.32995 13.8579
-5.17766 14.0102
-5.02538 14.0102
-4.8731 14.0102
-4.72081 14.1624
-4.56853 14.1624
-4.41624 14.3147
-4.26396 14.3147
-4.11168 14.3147
-3.80711 14.467
-3.65482 14.467
-3.50254 14.467
-3.35025 14.6193
-3.19797 14.6193
-3.04569 14.6193
-2.8934 14.7716
-2.58883 14.7716
-2.43655 14.7716
-2.28426 14.7716
-2.13198 14.7716
-1.9797 14.7716
-1.67513 14.9239
-1.52284 14.9239
-1.37056 14.9239
-1.21827 14.9239
-1.06599 14.9239
-0.761421 14.9239
-0.609137 14.9239
-0.456853 14.9239
-0.304569 14.9239
-0.152284 14.7716
0 14.7716
0.304569 14.7716
0.456853 14.7716
0.609137 14.7716
0.761421 14.7716
0.913706 14.7716
1.21827 14.6193
1.37056 14.6193
1.52284 14.6193
1.67513 14.6193
1.82741 14.467
2.13198 14.467
2.28426 14.467
2.43655 14.467
2.58883 14.3147
2.74112 14.3147
2.8934 14.3147
3.19797 14.1624
3.35025 14.1624
3.50254 14.1624
3.65482 14.0102
3.80711 14.0102
4.11168 13.8579
4.26396 13.8579
4.41624 13.7056
4.56853 13.7056
4.72081 13.5533
4.8731 13.5533
5.02538 13.401
5.17766 13.2487
5.32995 13.2487
5.48223 13.0964
5.63452 12.9442
5.7868 12.7919
5.93909 12.6396
6.09137 12.4873
6.24365 12.4873
6.39594 12.335
6.39594 12.1827
6.54822 11.8782
6.70051 11.7259
6.70051 11.5736
6.85279 11.4213
7.00508 11.269
7.00508 11.1168
7.15736 10.9645
7.15736 10.8122
7.15736 10.5076
7.30964 10.3553
7.30964 10.203
7.46193 10.0508
7.46193 9.89848
7.46193 9.74619
7.61421 9.44162
7.61421 9.28934
7.61421 9.13706
7.61421 8.98477
7.7665 8.83249
7.7665 8.6802
7.7665 8.52792
7.91878 8.22335
7.91878 8.07107
7.91878 7.91878
7.91878 7.7665
8.07107 7.61421
8.07107 7.46193
8.07107 7.30964
8.07107 7.15736
8.22335 7.00508
8.22335 6.85279
8.37563 6.70051
8.37563 6.54822
8.37563 6.39594
8.52792 6.09137
8.52792 5.93909
8.52792 5.7868
8.6802 5.63452
8.6802 5.48223
8.83249 5.32995
8.83249 5.17766
8.98477 5.02538
9.13706 4.8731
9.13706 4.56853
