9.28934 4.41624
9.44162 4.26396
9.59391 4.11168
9.59391 3.80711
9.74619 3.65482
9.74619 3.50254
9.89848 3.35025
9.89848 3.04569
9.89848 2.8934
9.89848 2.74112
9.89848 2.43655
9.89848 2.28426
9.89848 2.13198
9.74619 1.82741
9.74619 1.67513
9.74619 1.52284
9.59391 1.37056
9.59391 1.06599
9.44162 0.913706
9.44162 0.761421
9.28934 0.609137
9.28934 0.456853
9.13706 0.152284
9.13706 0
8.98477 -0.152284
8.83249 -0.304569
8.83249 -0.456853
8.6802 -0.609137
8.6802 -0.913706
8.52792 -1.06599
8.52792 -1.21827
8.37563 -1.37056
8.37563 -1.52284
8.22335 -1.67513
8.07107 -1.9797
8.07107 -2.13198
7.91878 -2.28426
7.91878 -2.43655
7.7665 -2.58883
7.61421 -2.74112
7.61421 -3.04569
7.46193 -3.19797
7.30964 -3.35025
7.15736 -3.50254
7.15736 -3.65482
7.00508 -3.80711
6.85279 -3.95939
6.70051 -4.11168
6.54822 -4.26396
6.39594 -4.41624
6.24365 -4.56853
6.09137 -4.72081
5.93909 -4.8731
5.7868 -5.02538
5.63452 -5.17766
5.48223 -5.32995
5.32995 -5.48223
5.17766 -5.48223
5.02538 -5.63452
4.8731 -5.7868
4.72081 -5.93909
4.41624 -5.93909
4.26396 -6.09137
4.11168 -6.09137
3.95939 -6.24365
3.65482 -6.24365
3.50254 -6.39594
3.35025 -6.39594
3.04569 -6.54822
2.8934 -6.54822
2.74112 -6.54822
2.43655 -6.54822
2.28426 -6.54822
2.13198 -6.54822
1.82741 -6.54822
1.67513 -6.54822
1.52284 -6.54822
1.21827 -6.54822
1.06599 -6.54822
0.761421 -6.54822
0.609137 -6.54822
0.456853 -6.39594
0.152284 -6.39594
0 -6.39594
-0.152284 -6.24365
-0.304569 -6.24365
-0.609137 -6.09137
-0.761421 -6.09137
-0.913706 -6.09137
-1.06599 -5.93909
-1.37056 -5.93909
-1.52284 -5.7868
-1.67513 -5.7868
-1.82741 -5.63452
-1.9797 -5.63452
-2.13198 -5.48223
-2.28426 -5.48223
-2.43655 -5.32995
-2.74112 -5.32995
-2.8934 -5.32995
-3.04569 -5.17766
-3.19797 -5.17766
-3.35025 -5.02538
-3.50254 -5.02538
-3.65482 -5.02538
-3.80711 -4.8731
-3.95939 -4.8731
-4.11168 -4.8731
-4.26396 -4.72081
-4.41624 -4.72081
-4.56853 -4.72081
-4.72081 -4.56853
-4.8731 -4.56853
-5.02538 -4.56853
-5.32995 -4.41624
-5.48223 -4.41624
-5.63452 -4.26396
-5.7868 -4.26396
-5.93909 -4.26396
-6.09137 -4.11168
-6.24365 -4.11168
-6.39594 -3.95939
-6.54822 -3.95939
-6.70051 -3.80711
-6.85279 -3.80711
-7.00508 -3.65482
-7.15736 -3.65482
-7.30964 -3.50254
-7.46193 -3.50254
-7.61421 -3.35025
-7.7665 -3.35025
-7.91878 -3.19797
-8.07107 -3.04569
-8.22335 -3.04569
-8.37563 -2.8934
-8.52792 -2.74112
-8.6802 -2.74112
-8.83249 -2.58883
-8.98477 -2.43655
-9.13706 -2.28426
-9.28934 -2.28426
-9.44162 -2.13198
-9.44162 -1.9797
-9.59391 -1.82741
-9.74619 -1.67513
-9.89848 -1.52284
-10.0508 -1.52284
-10.203 -1.37056
-10.3553 -1.21827
-10.3553 -1.06599
-10.5076 -0.913706
-10.6599 -0.761421
-10.8122 -0.609137
-10.8122 -0.456853
-10.9645 -0.304569
-11.1168 -0.152284
-11.269 0
-11.269 0.152284
-11.4213 0.304569
-11.4213 0.609137
-11.5736 0.761421
-11.7259 0.913706
-11.7259 1.06599
-11.8782 1.21827
-11.8782 1.37056
-12.0305 1.52284
-12.0305 1.82741
-12.1827 1.9797
-12.1827 2.13198
-12.1827 2.28426
-12.335 2.43655
-12.335 2.74112
-12.335 2.8934
-12.335 3.04569
-12.4873 3.35025
-12.4873 3.50254
-12.4873 3.65482
-12.4873 3.80711
-12.4873 4.11168
-12.4873 4.26396
-12.4873 4.41624
-12.6396 4.56853
-12.6396 4.8731
-12.6396 5.02538
-12.4873 5.17766
-12.4873 5.48223
-12.4873 5.63452
-12.4873 5.7868
-12.4873 6.09137
-12.4873 6.24365
-12.4873 6.39594
-12.4873 6.54822
-12.335 6.85279
-12.335 7.00508
-12.335 7.15736
-12.335 7.46193
-12.1827 7.61421
-12.1827 7.7665
-12.1827 7.91878
-12.0305 8.22335
-12.0305 8.37563
-11.8782 8.52792
-11.8782 8.6802
-11.7259 8.83249
-11.7259 9.13706
-11.5736 9.28934
-11.5736 9.44162
-11.4213 9.59391
-11.269 9.74619
-11.269 9.89848
-11.1168 10.203
-10.9645 10.3553
-10.9645 10.5076
-10.8122 10.6599
-10.6599 10.8122
-10.5076 10.9645
-10.3553 11.1168
-10.3553 11.269
-10.203 11.4213
-10.0508 11.4213
-9.89848 11.5736
-9.74619 11.7259
-9.59391 11.8782
-9.44162 12.0305
-9.28934 12.0305
-9.13706 12.1827
-8.83249 12.335
-8.6802 12.4873
-8.52792 12.4873
-8.37563 12.6396
-8.22335 12.7919
-8.07107 12.7919
-7.91878 12.9442
-7.7665 12.9442
-7.61421 13.0964
-7.46193 13.0964
-7.15736 13.2487
-7.00508 13.2487
-6.85279 13.401
-6.70051 13.401
-6.54822 13.5533
-6.39594 13.5533
-6.24365 13.7056
-6.09137 13.7056
-5.93909 13.8579
-5.63452 13.8579
-5.48223 14.0102
-5.32995 14.0102
-5.17766 14.0102
-5.02538 14.1624
-4.8731 14.1624
-4.72081 14.3147
-4.56853 14.3147
-4.26396 14.3147
-4.11168 14.467
-3.95939 14.467
-3.80711 14.467
-3.65482 14.6193
-3.50254 14.6193
-3.35025 14.6193
-3.04569 14.6193
-2.8934 14.7716
-2.74112 14.7716
-2.58883 14.7716
-2.43655 14.7716
-2.13198 14.7716
-1.9797 14.7716
-1.82741 14.9239
-1.67513 14.9239
-1.52284 14.9239
-1.37056 14.9239
-1.06599 14.9239
-0.913706 14.9239
-0.761421 14.9239
-0.609137 14.9239
-0.456853 14.9239
-0.152284 14.7716
0 14.7716
0.152284 14.7716
0.304569 14.7716
0.456853 14.7716
0.761421 14.7716
0.913706 14.7716
1.06599 14.6193
1.21827 14.6193
1.37056 14.6193
1.67513 14.6193
1.82741 14.467
1.9797 14.467
2.13198 14.467
2.28426 14.467
2.58883 14.3147
2.74112 14.3147
2.8934 14.3147
3.04569 14.1624
3.19797 14.1624
3.35025 14.1624
3.65482 14.0102
3.80711 14.0102
3.95939 13.8579
4.11168 13.8579
4.26396 13.7056
4.41624 13.7056
4.56853 13.5533
4.72081 13.401
4.8731 13.401
5.02538 13.2487
5.17766 13.0964
5.32995 12.9442
5.48223 12.9442
5.63452 12.7919
5.7868 12.6396
5.93909 12.4873
6.09137 12.335
6.09137 12.1827
6.24365 12.0305
6.39594 11.8782
6.39594 11.7259
6.54822 11.4213
6.54822 11.269
6.70051 11.1168
6.70051 10.9645
6.85279 10.8122
6.85279 10.6599
7.00508 10.3553
7.00508 10.203
7.00508 10.0508
7.15736 9.89848
7.15736 9.74619
7.15736 9.59391
7.15736 9.28934
7.30964 9.13706
7.30964 8.98477
7.30964 8.83249
7.30964 8.6802
7.46193 8.52792
7.46193 8.37563
7.46193 8.22335
7.61421 8.07107
7.61421 7.91878
7.61421 7.7665
7.7665 7.61421
7.7665 7.46193
7.7665 7.30964
7.91878 7.15736
7.91878 6.85279
8.07107 6.70051
8.07107 6.54822
8.22335 6.39594
8.22335 6.24365
8.37563 6.09137
8.37563 5.93909
8.52792 5.7868
8.52792 5.63452
8.6802 5.48223
8.83249 5.32995
8.83249 5.17766
8.98477 5.02538
9.13706 4.8731
9.13706 4.56853
