9.28934 3.95939
9.44162 3.80711
9.59391 3.65482
9.59391 3.50254
9.74619 3.19797
9.74619 3.04569
9.74619 2.8934
9.74619 2.74112
9.74619 2.43655
9.74619 2.28426
9.74619 2.13198
9.74619 1.82741
9.74619 1.67513
9.74619 1.52284
9.59391 1.37056
9.59391 1.06599
9.44162 0.913706
9.44162 0.761421
9.28934 0.609137
9.28934 0.456853
9.13706 0.152284
9.13706 0
8.98477 -0.152284
8.98477 -0.304569
8.83249 -0.456853
8.83249 -0.609137
8.6802 -0.761421
8.52792 -1.06599
8.52792 -1.21827
8.37563 -1.37056
8.37563 -1.52284
8.22335 -1.67513
8.22335 -1.82741
8.07107 -2.13198
8.07107 -2.28426
7.91878 -2.43655
7.7665 -2.58883
7.7665 -2.74112
7.61421 -2.8934
7.46193 -3.04569
7.46193 -3.35025
7.30964 -3.50254
7.15736 -3.65482
7.15736 -3.80711
7.00508 -3.95939
6.85279 -4.11168
6.70051 -4.26396
6.54822 -4.41624
6.54822 -4.56853
6.39594 -4.72081
6.24365 -4.8731
6.09137 -5.02538
5.93909 -5.17766
5.7868 -5.32995
5.63452 -5.48223
5.48223 -5.63452
5.32995 -5.63452
5.02538 -5.7868
4.8731 -5.93909
4.72081 -6.09137
4.56853 -6.09137
4.41624 -6.24365
4.26396 -6.24365
3.95939 -6.39594
3.80711 -6.39594
3.65482 -6.54822
3.35025 -6.54822
3.19797 -6.70051
3.04569 -6.70051
2.8934 -6.70051
2.58883 -6.70051
2.43655 -6.70051
2.28426 -6.85279
1.9797 -6.85279
1.82741 -6.85279
1.67513 -6.85279
1.37056 -6.85279
1.21827 -6.70051
1.06599 -6.70051
0.761421 -6.70051
0.609137 -6.70051
0.456853 -6.70051
0.152284 -6.54822
0 -6.54822
-0.152284 -6.54822
-0.456853 -6.39594
-0.609137 -6.39594
-0.761421 -6.39594
-0.913706 -6.24365
-1.06599 -6.24365
-1.37056 -6.09137
-1.52284 -6.09137
-1.67513 -6.09137
-1.82741 -5.93909
-1.9797 -5.93909
-2.13198 -5.7868
-2.28426 -5.7868
-2.43655 -5.63452
-2.58883 -5.63452
-2.8934 -5.63452
-3.04569 -5.48223
-3.19797 -5.48223
-3.35025 -5.32995
-3.50254 -5.32995
-3.65482 -5.32995
-3.80711 -5.17766
-3.95939 -5.17766
-4.11168 -5.02538
-4.26396 -5.02538
-4.41624 -5.02538
-4.56853 -4.8731
-4.72081 -4.8731
-4.8731 -4.8731
-5.02538 -4.72081
-5.17766 -4.72081
-5.32995 -4.56853
-5.48223 -4.56853
-5.63452 -4.56853
-5.7868 -4.41624
-5.93909 -4.41624
-6.09137 -4.26396
-6.24365 -4.26396
-6.39594 -4.11168
-6.54822 -4.11168
-6.70051 -4.11168
-6.85279 -3.95939
-7.00508 -3.95939
-7.15736 -3.80711
-7.30964 -3.80711
-7.46193 -3.65482
-7.61421 -3.50254
-7.7665 -3.50254
-7.91878 -3.35025
-8.22335 -3.35025
-8.37563 -3.19797
-8.52792 -3.04569
-8.6802 -3.04569
-8.6802 -2.8934
-8.83249 -2.74112
-8.98477 -2.74112
-9.13706 -2.58883
-9.28934 -2.43655
-9.44162 -2.28426
-9.59391 -2.28426
-9.74619 -2.13198
-9.89848 -1.9797
-10.0508 -1.82741
-10.203 -1.67513
-10.203 -1.52284
-10.3553 -1.37056
-10.5076 -1.21827
-10.6599 -1.06599
-10.6599 -0.913706
-10.8122 -0.761421
-10.9645 -0.609137
-11.1168 -0.456853
-11.1168 -0.304569
-11.269 -0.152284
-11.269 0
-11.4213 0.152284
-11.5736 0.304569
-11.5736 0.456853
-11.7259 0.609137
-11.7259 0.913706
-11.8782 1.06599
-11.8782 1.21827
-11.8782 1.37056
-12.0305 1.52284
-12.0305 1.67513
-12.1827 1.9797
-12.1827 2.13198
-12.1827 2.28426
-12.335 2.43655
-12.335 2.74112
-12.335 2.8934
-12.335 3.04569
-12.4873 3.19797
-12.4873 3.50254
-12.4873 3.65482
-12.4873 3.80711
-12.4873 3.95939
-12.4873 4.26396
-12.4873 4.41624
-12.4873 4.56853
-12.4873 4.8731
-12.4873 5.02538
-12.4873 5.17766
-12.4873 5.48223
-12.4873 5.63452
-12.4873 5.7868
-12.4873 5.93909
-12.4873 6.24365
-12.4873 6.39594
-12.335 6.54822
-12.335 6.85279
-12.335 7.00508
-12.335 7.15736
-12.1827 7.30964
-12.1827 7.61421
-12.1827 7.7665
-12.0305 7.91878
-12.0305 8.07107
-11.8782 8.37563
-11.8782 8.52792
-11.7259 8.6802
-11.7259 8.83249
-11.5736 9.13706
-11.5736 9.28934
-11.4213 9.44162
-11.269 9.59391
-11.269 9.74619
-11.1168 9.89848
-10.9645 10.0508
-10.9645 10.203
-10.8122 10.3553
-10.6599 10.5076
-10.5076 10.6599
-10.3553 10.8122
-10.203 10.9645
-10.0508 11.1168
-9.89848 11.269
-9.89848 11.4213
-9.74619 11.5736
-9.59391 11.7259
-9.44162 11.8782
-9.13706 11.8782
-8.98477 12.0305
-8.83249 12.1827
-8.6802 12.335
-8.52792 12.335
-8.37563 12.4873
-8.22335 12.6396
-8.07107 12.6396
-7.91878 12.7919
-7.7665 12.9442
-7.61421 12.9442
-7.46193 13.0964
-7.15736 13.0964
-7.00508 13.2487
-6.85279 13.2487
-6.70051 13.401
-6.54822 13.401
-6.39594 13.5533
-6.24365 13.5533
-5.93909 13.7056
-5.7868 13.7056
-5.63452 13.8579
-5.48223 13.8579
-5.32995 14.0102
-5.17766 14.0102
-5.02538 14.0102
-4.72081 14.1624
-4.56853 14.1624
-4.41624 14.1624
-4.26396 14.3147
-4.11168 14.3147
-3.80711 14.3147
-3.65482 14.467
-3.50254 14.467
-3.35025 14.467
-3.19797 14.467
-2.8934 14.6193
-2.74112 14.6193
-2.58883 14.6193
-2.43655 14.6193
-2.28426 14.6193
-1.9797 14.6193
-1.82741 14.6193
-1.67513 14.6193
-1.52284 14.7716
-1.37056 14.7716
-1.06599 14.7716
-0.913706 14.7716
-0.761421 14.7716
-0.609137 14.6193
-0.304569 14.6193
-0.152284 14.6193
0 14.6193
0.152284 14.6193
0.304569 14.6193
0.609137 14.6193
0.761421 14.6193
0.913706 14.467
1.06599 14.467
1.37056 14.467
1.52284 14.467
1.67513 14.467
1.82741 14.3147
1.9797 14.3147
2.28426 14.3147
2.43655 14.1624
2.58883 14.1624
2.74112 14.1624
2.8934 14.0102
3.19797 14.0102
3.35025 13.8579
3.50254 13.8579
3.65482 13.8579
3.80711 13.7056
3.95939 13.5533
4.11168 13.5533
4.41624 13.401
4.56853 13.401
4.72081 13.2487
4.8731 13.0964
5.02538 12.9442
5.17766 12.9442
5.32995 12.7919
5.48223 12.6396
5.63452 12.4873
5.63452 12.335
5.7868 12.1827
5.93909 12.0305
6.09137 11.8782
6.09137 11.7259
6.24365 11.5736
6.39594 11.4213
6.39594 11.269
6.54822 11.1168
6.54822 10.8122
6.70051 10.6599
6.70051 10.5076
6.70051 10.3553
6.85279 10.203
6.85279 9.89848
6.85279 9.74619
7.00508 9.59391
7.00508 9.44162
7.00508 9.28934
7.00508 9.13706
7.15736 8.83249
7.15736 8.6802
7.15736 8.52792
7.30964 8.37563
7.30964 8.22335
7.30964 8.07107
7.46193 7.91878
7.46193 7.7665
7.46193 7.61421
7.61421 7.46193
7.61421 7.30964
7.7665 7.15736
7.7665 7.00508
7.91878 6.85279
7.91878 6.70051
8.07107 6.54822
8.07107 6.39594
8.22335 6.24365
8.22335 6.09137
8.37563 5.93909
8.52792 5.7868
8.52792 5.63452
8.6802 5.48223
8.6802 5.32995
8.83249 5.02538
8.83249 4.8731
8.98477 4.72081
9.13706 4.56853
9.13706 4.41624
9.28934 4.26396
