8.98477 3.50254
9.13706 3.35025
9.28934 3.19797
9.28934 3.04569
9.44162 2.74112
9.44162 2.58883
9.44162 2.43655
9.59391 2.28426
9.59391 1.9797
9.59391 1.82741
9.59391 1.67513
9.59391 1.52284
9.59391 1.21827
9.59391 1.06599
9.59391 0.913706
9.44162 0.609137
9.44162 0.456853
9.44162 0.304569
9.44162 0.152284
9.28934 0
9.28934 -0.304569
9.13706 -0.456853
9.13706 -0.609137
8.98477 -0.761421
8.98477 -0.913706
8.83249 -1.06599
8.83249 -1.37056
8.6802 -1.52284
8.6802 -1.67513
8.52792 -1.82741
8.37563 -1.9797
8.37563 -2.13198
8.22335 -2.28426
8.22335 -2.43655
8.07107 -2.74112
7.91878 -2.8934
7.91878 -3.04569
7.7665 -3.19797
7.61421 -3.35025
7.46193 -3.50254
7.46193 -3.65482
7.30964 -3.80711
7.15736 -3.95939
7.00508 -4.11168
7.00508 -4.26396
6.85279 -4.41624
6.70051 -4.56853
6.54822 -4.72081
6.39594 -4.8731
6.24365 -5.02538
6.24365 -5.17766
6.09137 -5.32995
5.93909 -5.48223
5.7868 -5.63452
5.63452 -5.7868
5.48223 -5.93909
5.32995 -6.09137
5.17766 -6.24365
5.02538 -6.39594
4.8731 -6.39594
4.72081 -6.54822
4.56853 -6.70051
4.26396 -6.85279
4.11168 -6.85279
3.95939 -7.00508
3.80711 -7.15736
3.65482 -7.15736
3.35025 -7.30964
3.19797 -7.30964
3.04569 -7.30964
2.8934 -7.46193
2.58883 -7.46193
2.43655 -7.46193
2.28426 -7.46193
1.9797 -7.46193
1.82741 -7.46193
1.52284 -7.46193
1.37056 -7.46193
1.21827 -7.46193
0.913706 -7.46193
0.761421 -7.46193
0.609137 -7.30964
0.304569 -7.30964
0.152284 -7.30964
0 -7.15736
-0.304569 -7.15736
-0.456853 -7.00508
-0.609137 -7.00508
-0.761421 -6.85279
-0.913706 -6.85279
-1.21827 -6.70051
-1.37056 -6.70051
-1.52284 -6.54822
-1.67513 -6.54822
-1.82741 -6.39594
-1.9797 -6.39594
-2.13198 -6.24365
-2.43655 -6.24365
-2.58883 -6.24365
-2.74112 -6.09137
-2.8934 -6.09137
-3.04569 -5.93909
-3.19797 -5.93909
-3.35025 -5.93909
-3.50254 -5.7868
-3.65482 -5.7868
-3.80711 -5.7868
-3.95939 -5.7868
-4.11168 -5.63452
-4.26396 -5.63452
-4.41624 -5.63452
-4.72081 -5.48223
-4.8731 -5.48223
-5.02538 -5.48223
-5.17766 -5.32995
-5.32995 -5.32995
-5.48223 -5.32995
-5.63452 -5.17766
-5.7868 -5.17766
-5.93909 -5.17766
-6.09137 -5.02538
-6.24365 -5.02538
-6.39594 -4.8731
-6.54822 -4.8731
-6.70051 -4.72081
-7.00508 -4.72081
-7.15736 -4.56853
-7.30964 -4.56853
-7.46193 -4.41624
-7.61421 -4.41624
-7.7665 -4.26396
-7.91878 -4.11168
-8.07107 -4.11168
-8.22335 -3.95939
-8.37563 -3.80711
-8.52792 -3.80711
-8.52792 -3.65482
-8.6802 -3.50254
-8.83249 -3.35025
-8.98477 -3.35025
-9.13706 -3.19797
-9.28934 -3.04569
-9.44162 -2.8934
-9.59391 -2.74112
-9.59391 -2.58883
-9.74619 -2.43655
-9.89848 -2.28426
-10.0508 -2.13198
-10.0508 -1.9797
-10.203 -1.82741
-10.3553 -1.67513
-10.3553 -1.52284
-10.5076 -1.37056
-10.6599 -1.21827
-10.6599 -1.06599
-10.8122 -0.913706
-10.8122 -0.761421
-10.9645 -0.609137
-11.1168 -0.456853
-11.1168 -0.304569
-11.269 -0.152284
-11.269 0
-11.269 0.304569
-11.4213 0.456853
-11.4213 0.609137
-11.5736 0.761421
-11.5736 0.913706
-11.5736 1.06599
-11.7259 1.37056
-11.7259 1.52284
-11.7259 1.67513
-11.8782 1.82741
-11.8782 1.9797
-11.8782 2.28426
-12.0305 2.43655
-12.0305 2.58883
-12.0305 2.74112
-12.0305 3.04569
-12.0305 3.19797
-12.1827 3.35025
-12.1827 3.50254
-12.1827 3.80711
-12.1827 3.95939
-12.1827 4.11168
-12.1827 4.26396
-12.1827 4.56853
-12.1827 4.72081
-12.1827 4.8731
-12.1827 5.02538
-12.1827 5.32995
-12.1827 5.48223
-12.0305 5.63452
-12.0305 5.7868
-12.0305 6.09137
-12.0305 6.24365
-11.8782 6.39594
-11.8782 6.70051
-11.8782 6.85279
-11.7259 7.00508
-11.7259 7.15736
-11.7259 7.30964
-11.5736 7.61421
-11.5736 7.7665
-11.4213 7.91878
-11.4213 8.07107
-11.269 8.22335
-11.269 8.37563
-11.1168 8.6802
-10.9645 8.83249
-10.9645 8.98477
-10.8122 9.13706
-10.6599 9.28934
-10.6599 9.44162
-10.5076 9.59391
-10.3553 9.74619
-10.203 9.89848
-10.203 10.0508
-10.0508 10.203
-9.89848 10.3553
-9.74619 10.5076
-9.59391 10.6599
-9.44162 10.8122
-9.44162 10.9645
-9.28934 11.1168
-9.13706 11.269
-8.98477 11.269
-8.83249 11.4213
-8.6802 11.5736
-8.52792 11.7259
-8.37563 11.8782
-8.22335 11.8782
-8.07107 12.0305
-7.91878 12.1827
-7.7665 12.335
-7.61421 12.335
-7.46193 12.4873
-7.30964 12.4873
-7.00508 12.6396
-6.85279 12.7919
-6.70051 12.7919
-6.54822 12.9442
-6.39594 12.9442
-6.24365 13.0964
-6.09137 13.0964
-5.93909 13.2487
-5.63452 13.2487
-5.48223 13.2487
-5.32995 13.401
-5.17766 13.401
-5.02538 13.401
-4.72081 13.5533
-4.56853 13.5533
-4.41624 13.5533
-4.26396 13.7056
-4.11168 13.7056
-3.95939 13.7056
-3.65482 13.7056
-3.50254 13.7056
-3.35025 13.8579
-3.19797 13.8579
-3.04569 13.8579
-2.74112 13.8579
-2.58883 13.8579
-2.43655 13.8579
-2.28426 13.8579
-2.13198 13.8579
-1.82741 13.8579
-1.67513 13.8579
-1.52284 13.8579
-1.37056 13.8579
-1.21827 13.8579
-0.913706 13.8579
-0.761421 13.8579
-0.609137 13.8579
-0.456853 13.8579
-0.304569 13.8579
-0.152284 13.8579
0.152284 13.8579
0.304569 13.8579
0.456853 13.8579
0.609137 13.7056
0.761421 13.7056
1.06599 13.7056
1.21827 13.7056
1.37056 13.7056
1.52284 13.5533
1.67513 13.5533
1.82741 13.5533
2.13198 13.401
2.28426 13.401
2.43655 13.401
2.58883 13.2487
2.74112 13.2487
2.8934 13.2487
3.04569 13.0964
3.19797 13.0964
3.50254 12.9442
3.65482 12.9442
3.80711 12.7919
3.95939 12.7919
4.11168 12.6396
4.26396 12.6396
4.41624 12.4873
4.56853 12.335
4.72081 12.335
4.8731 12.1827
5.02538 12.0305
5.17766 12.0305
5.32995 11.8782
5.48223 11.7259
5.63452 11.5736
5.7868 11.4213
5.93909 11.4213
5.93909 11.269
6.09137 11.1168
6.24365 10.9645
6.39594 10.8122
6.54822 10.6599
6.54822 10.5076
6.70051 10.3553
6.85279 10.203
6.85279 10.0508
7.00508 9.89848
7.15736 9.74619
7.15736 9.59391
7.30964 9.44162
7.30964 9.28934
7.46193 9.13706
7.46193 8.98477
7.61421 8.83249
7.61421 8.6802
7.7665 8.52792
7.7665 8.22335
7.7665 8.07107
7.91878 7.91878
7.91878 7.7665
7.91878 7.61421
8.07107 7.46193
8.07107 7.30964
8.07107 7.15736
8.07107 6.85279
8.22335 6.70051
8.22335 6.54822
8.22335 6.39594
8.22335 6.24365
8.37563 6.09137
8.37563 5.93909
8.37563 5.7868
8.37563 5.63452
8.52792 5.48223
8.52792 5.17766
8.52792 5.02538
8.52792 4.8731
8.6802 4.72081
8.6802 4.56853
8.83249 4.41624
8.83249 4.26396
8.98477 4.11168
8.98477 3.95939
9.13706 3.65482
