8.83249 3.19797
8.83249 3.04569
8.98477 2.8934
8.98477 2.58883
9.13706 2.43655
9.13706 2.28426
9.13706 2.13198
9.13706 1.82741
9.13706 1.67513
9.13706 1.52284
9.13706 1.37056
9.13706 1.06599
9.13706 0.913706
9.13706 0.761421
8.98477 0.609137
8.98477 0.456853
8.98477 0.152284
8.98477 0
8.83249 -0.152284
8.83249 -0.304569
8.6802 -0.456853
8.6802 -0.761421
8.6802 -0.913706
8.52792 -1.06599
8.52792 -1.21827
8.37563 -1.37056
8.37563 -1.67513
8.37563 -1.82741
8.22335 -1.9797
8.22335 -2.13198
8.07107 -2.28426
8.07107 -2.58883
8.07107 -2.74112
7.91878 -2.8934
7.91878 -3.04569
7.7665 -3.35025
7.7665 -3.50254
7.61421 -3.65482
7.61421 -3.80711
7.46193 -4.11168
7.30964 -4.26396
7.30964 -4.41624
7.15736 -4.56853
7.00508 -4.72081
7.00508 -4.8731
6.85279 -5.17766
6.70051 -5.32995
6.54822 -5.48223
6.39594 -5.63452
6.24365 -5.7868
6.09137 -5.93909
5.93909 -6.09137
5.7868 -6.24365
5.63452 -6.24365
5.48223 -6.39594
5.32995 -6.54822
5.17766 -6.70051
5.02538 -6.70051
4.8731 -6.85279
4.56853 -7.00508
4.41624 -7.00508
4.26396 -7.15736
4.11168 -7.15736
3.80711 -7.30964
3.65482 -7.30964
3.50254 -7.46193
3.19797 -7.46193
3.04569 -7.46193
2.8934 -7.46193
2.58883 -7.61421
2.43655 -7.61421
2.28426 -7.61421
1.9797 -7.61421
1.82741 -7.61421
1.67513 -7.61421
1.37056 -7.61421
1.21827 -7.61421
1.06599 -7.61421
0.761421 -7.61421
0.609137 -7.46193
0.456853 -7.46193
0.152284 -7.46193
0 -7.46193
-0.152284 -7.30964
-0.304569 -7.30964
-0.609137 -7.30964
-0.761421 -7.15736
-0.913706 -7.15736
-1.06599 -7.15736
-1.37056 -7.00508
-1.52284 -7.00508
-1.67513 -7.00508
-1.82741 -6.85279
-1.9797 -6.85279
-2.13198 -6.70051
-2.28426 -6.70051
-2.43655 -6.54822
-2.74112 -6.54822
-2.8934 -6.54822
-3.04569 -6.39594
-3.19797 -6.39594
-3.35025 -6.24365
-3.50254 -6.24365
-3.65482 -6.24365
-3.80711 -6.09137
-3.95939 -6.09137
-4.11168 -5.93909
-4.26396 -5.93909
-4.41624 -5.93909
-4.56853 -5.7868
-4.72081 -5.7868
-4.8731 -5.7868
-5.02538 -5.63452
-5.17766 -5.63452
-5.32995 -5.48223
-5.48223 -5.48223
-5.63452 -5.48223
-5.7868 -5.32995
-5.93909 -5.32995
-6.09137 -5.32995
-6.39594 -5.17766
-6.54822 -5.17766
-6.70051 -5.02538
-6.85279 -5.02538
-7.00508 -4.8731
-7.15736 -4.8731
-7.30964 -4.8731
-7.46193 -4.72081
-7.61421 -4.72081
-7.7665 -4.56853
-7.91878 -4.56853
-8.07107 -4.41624
-8.22335 -4.41624
-8.52792 -4.26396
-8.6802 -4.11168
-8.83249 -4.11168
-8.98477 -3.95939
-9.13706 -3.95939
-9.28934 -3.80711
-9.44162 -3.65482
-9.59391 -3.50254
-9.74619 -3.50254
-9.89848 -3.35025
-10.0508 -3.19797
-10.0508 -3.04569
-10.203 -2.8934
-10.3553 -2.74112
-10.5076 -2.58883
-10.6599 -2.43655
-10.8122 -2.43655
-10.8122 -2.28426
-10.9645 -1.9797
-11.1168 -1.82741
-11.1168 -1.67513
-11.269 -1.52284
-11.4213 -1.37056
-11.4213 -1.21827
-11.5736 -1.06599
-11.5736 -0.913706
-11.7259 -0.761421
-11.7259 -0.456853
-11.8782 -0.304569
-11.8782 -0.152284
-11.8782 0
-12.0305 0.152284
-12.0305 0.304569
-12.0305 0.609137
-12.1827 0.761421
-12.1827 0.913706
-12.1827 1.06599
-12.1827 1.37056
-12.335 1.52284
-12.335 1.67513
-12.335 1.82741
-12.335 2.13198
-12.335 2.28426
-12.335 2.43655
-12.335 2.58883
-12.335 2.8934
-12.335 3.04569
-12.335 3.19797
-12.335 3.35025
-12.335 3.65482
-12.335 3.80711
-12.335 3.95939
-12.335 4.11168
-12.335 4.41624
-12.335 4.56853
-12.335 4.72081
-12.335 4.8731
-12.335 5.17766
-12.335 5.32995
-12.1827 5.48223
-12.1827 5.63452
-12.1827 5.93909
-12.1827 6.09137
-12.1827 6.24365
-12.0305 6.39594
-12.0305 6.70051
-12.0305 6.85279
-11.8782 7.00508
-11.8782 7.15736
-11.8782 7.46193
-11.7259 7.61421
-11.7259 7.7665
-11.5736 7.91878
-11.5736 8.07107
-11.4213 8.37563
-11.4213 8.52792
-11.269 8.6802
-11.269 8.83249
-11.1168 8.98477
-11.1168 9.13706
-10.9645 9.28934
-10.8122 9.44162
-10.6599 9.74619
-10.6599 9.89848
-10.5076 10.0508
-10.3553 10.203
-10.203 10.3553
-10.0508 10.5076
-9.89848 10.5076
-9.74619 10.6599
-9.59391 10.8122
-9.44162 10.9645
-9.44162 11.1168
-9.13706 11.269
-8.98477 11.269
-8.83249 11.4213
-8.6802 11.5736
-8.52792 11.7259
-8.37563 11.7259
-8.22335 11.8782
-8.07107 12.0305
-7.91878 12.0305
-7.7665 12.1827
-7.61421 12.1827
-7.46193 12.335
-7.15736 12.335
-7.00508 12.4873
-6.85279 12.6396
-6.70051 12.6396
-6.54822 12.7919
-6.39594 12.7919
-6.24365 12.7919
-5.93909 12.9442
-5.7868 12.9442
-5.63452 13.0964
-5.48223 13.0964
-5.32995 13.2487
-5.17766 13.2487
-5.02538 13.2487
-4.72081 13.401
-4.56853 13.401
-4.41624 13.401
-4.26396 13.5533
-4.11168 13.5533
-3.80711 13.5533
-3.65482 13.5533
-3.50254 13.5533
-3.35025 13.7056
-3.19797 13.7056
-2.8934 13.7056
-2.74112 13.7056
-2.58883 13.7056
-2.43655 13.7056
-2.28426 13.7056
-1.9797 13.7056
-1.82741 13.7056
-1.67513 13.7056
-1.52284 13.7056
-1.21827 13.7056
-1.06599 13.7056
-0.913706 13.7056
-0.761421 13.5533
-0.609137 13.5533
-0.456853 13.5533
-0.152284 13.5533
0 13.5533
0.152284 13.401
0.304569 13.401
0.456853 13.401
0.609137 13.401
0.913706 13.2487
1.06599 13.2487
1.21827 13.2487
1.37056 13.0964
1.52284 13.0964
1.67513 13.0964
1.82741 12.9442
2.13198 12.9442
2.28426 12.9442
2.43655 12.7919
2.58883 12.7919
2.74112 12.6396
2.8934 12.6396
3.04569 12.4873
3.19797 12.4873
3.35025 12.335
3.50254 12.335
3.80711 12.1827
3.95939 12.1827
4.11168 12.0305
4.26396 12.0305
4.41624 11.8782
4.56853 11.7259
4.72081 11.7259
4.8731 11.5736
5.02538 11.4213
5.17766 11.4213
5.32995 11.269
5.48223 11.1168
5.63452 10.9645
5.63452 10.9645
5.7868 10.8122
5.93909 10.6599
6.09137 10.5076
6.24365 10.3553
6.39594 10.203
6.39594 10.0508
6.54822 9.89848
6.70051 9.74619
6.70051 9.59391
6.85279 9.44162
7.00508 9.28934
7.00508 9.13706
7.15736 8.98477
7.15736 8.83249
7.30964 8.6802
7.46193 8.52792
7.46193 8.37563
7.46193 8.22335
7.61421 8.07107
7.61421 7.91878
7.7665 7.61421
7.7665 7.46193
7.7665 7.30964
7.91878 7.15736
7.91878 7.00508
7.91878 6.85279
7.91878 6.70051
8.07107 6.54822
8.07107 6.24365
8.07107 6.09137
8.07107 5.93909
8.22335 5.7868
8.22335 5.63452
8.22335 5.48223
8.22335 5.32995
8.22335 5.17766
8.37563 4.8731
8.37563 4.72081
8.37563 4.56853
8.37563 4.41624
8.52792 4.26396
8.52792 4.11168
8.6802 3.95939
8.6802 3.80711
8.6802 3.50254
8.83249 3.35025
