9.28934 2.58883
9.28934 2.43655
9.28934 2.28426
9.28934 2.13198
9.28934 1.82741
9.28934 1.67513
9.28934 1.52284
9.28934 1.37056
9.13706 1.21827
9.13706 0.913706
9.13706 0.761421
9.13706 0.609137
9.13706 0.456853
9.13706 0.304569
8.98477 0.152284
8.98477 -0.152284
8.98477 -0.304569
8.98477 -0.456853
8.83249 -0.609137
8.83249 -0.761421
8.83249 -0.913706
8.6802 -1.21827
8.6802 -1.37056
8.6802 -1.52284
8.6802 -1.67513
8.52792 -1.82741
8.52792 -1.9797
8.52792 -2.28426
8.37563 -2.43655
8.37563 -2.58883
8.22335 -2.74112
8.22335 -2.8934
8.22335 -3.19797
8.07107 -3.35025
8.07107 -3.50254
7.91878 -3.65482
7.91878 -3.80711
7.7665 -4.11168
7.7665 -4.26396
7.61421 -4.41624
7.61421 -4.56853
7.46193 -4.72081
7.30964 -4.8731
7.30964 -5.02538
7.15736 -5.17766
7.00508 -5.48223
6.85279 -5.63452
6.70051 -5.7868
6.70051 -5.93909
6.54822 -6.09137
6.39594 -6.09137
6.24365 -6.24365
6.09137 -6.39594
5.93909 -6.54822
5.7868 -6.70051
5.63452 -6.85279
5.48223 -6.85279
5.17766 -7.00508
5.02538 -7.15736
4.8731 -7.15736
4.72081 -7.30964
4.56853 -7.30964
4.26396 -7.46193
4.11168 -7.46193
3.95939 -7.61421
3.80711 -7.61421
3.65482 -7.61421
3.35025 -7.7665
3.19797 -7.7665
3.04569 -7.7665
2.74112 -7.91878
2.58883 -7.91878
2.43655 -7.91878
2.28426 -7.91878
1.9797 -7.91878
1.82741 -7.91878
1.67513 -7.91878
1.37056 -7.91878
1.21827 -7.91878
1.06599 -7.91878
0.913706 -7.91878
0.609137 -7.7665
0.456853 -7.7665
0.304569 -7.7665
0.152284 -7.7665
-0.152284 -7.7665
-0.304569 -7.61421
-0.456853 -7.61421
-0.609137 -7.61421
-0.761421 -7.61421
-1.06599 -7.46193
-1.21827 -7.46193
-1.37056 -7.46193
-1.52284 -7.30964
-1.67513 -7.30964
-1.82741 -7.30964
-1.9797 -7.15736
-2.13198 -7.15736
-2.43655 -7.15736
-2.58883 -7.00508
-2.74112 -7.00508
-2.8934 -7.00508
-3.04569 -6.85279
-3.19797 -6.85279
-3.35025 -6.85279
-3.50254 -6.70051
-3.65482 -6.70051
-3.80711 -6.70051
-3.95939 -6.54822
-4.11168 -6.54822
-4.26396 -6.54822
-4.41624 -6.39594
-4.56853 -6.39594
-4.72081 -6.24365
-4.8731 -6.24365
-5.02538 -6.24365
-5.17766 -6.09137
-5.48223 -6.09137
-5.63452 -5.93909
-5.7868 -5.93909
-5.93909 -5.7868
-6.09137 -5.7868
-6.24365 -5.7868
-6.39594 -5.63452
-6.54822 -5.63452
-6.70051 -5.48223
-6.85279 -5.32995
-7.00508 -5.32995
-7.15736 -5.17766
-7.30964 -5.17766
-7.46193 -5.02538
-7.61421 -4.8731
-7.7665 -4.8731
-7.91878 -4.72081
-7.91878 -4.56853
-8.07107 -4.56853
-8.22335 -4.41624
-8.37563 -4.26396
-8.52792 -4.26396
-8.6802 -4.11168
-8.83249 -3.95939
-8.98477 -3.80711
-9.13706 -3.65482
-9.13706 -3.65482
-9.28934 -3.50254
-9.44162 -3.35025
-9.59391 -3.19797
-9.59391 -3.04569
-9.74619 -2.8934
-9.89848 -2.74112
-10.0508 -2.58883
-10.0508 -2.43655
-10.203 -2.28426
-10.3553 -2.13198
-10.3553 -1.9797
-10.5076 -1.82741
-10.5076 -1.67513
-10.6599 -1.52284
-10.6599 -1.37056
-10.8122 -1.21827
-10.8122 -1.06599
-10.9645 -0.761421
-10.9645 -0.609137
-11.1168 -0.456853
-11.1168 -0.304569
-11.269 -0.152284
-11.269 0
-11.269 0.152284
-11.4213 0.456853
-11.4213 0.609137
-11.4213 0.761421
-11.5736 0.913706
-11.5736 1.06599
-11.5736 1.21827
-11.7259 1.52284
-11.7259 1.67513
-11.7259 1.82741
-11.7259 1.9797
-11.7259 2.28426
-11.8782 2.43655
-11.8782 2.58883
-11.8782 2.74112
-11.8782 3.04569
-11.8782 3.19797
-11.8782 3.35025
-11.8782 3.50254
-11.8782 3.80711
-11.8782 3.95939
-11.8782 4.11168
-11.8782 4.26396
-11.8782 4.56853
-11.8782 4.72081
-11.7259 4.8731
-11.7259 5.02538
-11.7259 5.32995
-11.7259 5.48223
-11.5736 5.63452
-11.5736 5.7868
-11.5736 6.09137
-11.4213 6.24365
-11.4213 6.39594
-11.269 6.54822
-11.269 6.70051
-11.269 6.85279
-11.1168 7.15736
-10.9645 7.30964
-10.9645 7.46193
-10.8122 7.61421
-10.8122 7.7665
-10.6599 7.91878
-10.5076 8.07107
-10.5076 8.22335
-10.3553 8.37563
-10.203 8.52792
-10.0508 8.6802
-10.0508 8.83249
-9.89848 8.98477
-9.74619 9.13706
-9.59391 9.28934
-9.44162 9.44162
-9.44162 9.59391
-9.28934 9.74619
-9.13706 9.89848
-8.98477 10.0508
-8.83249 10.203
-8.6802 10.203
-8.52792 10.3553
-8.37563 10.5076
-8.22335 10.6599
-8.07107 10.8122
-7.91878 10.8122
-7.7665 10.9645
-7.61421 11.1168
-7.46193 11.1168
-7.30964 11.269
-7.15736 11.269
-7.00508 11.4213
-6.85279 11.5736
-6.54822 11.5736
-6.39594 11.7259
-6.24365 11.7259
-6.09137 11.8782
-5.93909 11.8782
-5.7868 11.8782
-5.63452 12.0305
-5.32995 12.0305
-5.17766 12.0305
-5.02538 12.1827
-4.8731 12.1827
-4.72081 12.1827
-4.56853 12.1827
-4.26396 12.335
-4.11168 12.335
-3.95939 12.335
-3.80711 12.335
-3.65482 12.335
-3.50254 12.335
-3.19797 12.4873
-3.04569 12.4873
-2.8934 12.4873
-2.74112 12.4873
-2.58883 12.4873
-2.43655 12.4873
-2.13198 12.4873
-1.9797 12.4873
-1.82741 12.4873
-1.67513 12.4873
-1.52284 12.4873
-1.37056 12.335
-1.21827 12.335
-1.06599 12.335
-0.761421 12.335
-0.609137 12.335
-0.456853 12.335
-0.304569 12.335
-0.152284 12.335
0 12.335
0.152284 12.1827
0.304569 12.1827
0.456853 12.1827
0.761421 12.1827
0.913706 12.1827
1.06599 12.1827
1.21827 12.0305
1.37056 12.0305
1.52284 12.0305
1.67513 12.0305
1.82741 12.0305
1.9797 12.0305
2.28426 11.8782
2.43655 11.8782
2.58883 11.8782
2.74112 11.8782
2.8934 11.8782
3.04569 11.8782
3.35025 11.7259
3.50254 11.7259
3.65482 11.7259
3.80711 11.7259
3.95939 11.5736
4.26396 11.5736
4.41624 11.5736
4.56853 11.4213
4.72081 11.4213
4.8731 11.269
5.02538 11.269
5.17766 11.1168
5.48223 11.1168
5.63452 10.9645
5.7868 10.9645
5.93909 10.8122
6.09137 10.6599
6.24365 10.5076
6.39594 10.5076
6.39594 10.3553
6.54822 10.203
6.70051 10.0508
6.85279 9.89848
7.00508 9.74619
7.00508 9.59391
7.15736 9.44162
7.15736 9.28934
7.30964 9.13706
7.46193 8.98477
7.46193 8.6802
7.61421 8.52792
7.61421 8.37563
7.61421 8.22335
7.7665 8.07107
7.7665 7.91878
7.91878 7.7665
7.91878 7.46193
7.91878 7.30964
7.91878 7.15736
8.07107 7.00508
8.07107 6.85279
8.07107 6.70051
8.07107 6.54822
8.22335 6.24365
8.22335 6.09137
8.22335 5.93909
8.22335 5.7868
8.37563 5.63452
8.37563 5.48223
8.37563 5.32995
8.37563 5.17766
8.52792 5.02538
8.52792 4.72081
8.52792 4.56853
8.52792 4.41624
8.6802 4.26396
8.6802 4.11168
8.6802 3.95939
8.83249 3.80711
8.83249 3.65482
8.98477 3.50254
8.98477 3.35025
9.13706 3.19797
9.13706 2.8934
9.28934 2.74112
