12.335 -1.52284
12.335 -1.67513
12.335 -1.82741
12.335 -1.9797
12.335 -2.13198
12.1827 -2.43655
12.1827 -2.58883
12.1827 -2.74112
12.1827 -2.8934
12.0305 -3.04569
12.0305 -3.19797
12.0305 -3.35025
11.8782 -3.50254
11.8782 -3.80711
11.8782 -3.95939
11.7259 -4.11168
11.7259 -4.26396
11.7259 -4.41624
11.5736 -4.56853
11.5736 -4.72081
11.5736 -4.8731
11.4213 -5.02538
11.4213 -5.32995
11.4213 -5.48223
11.4213 -5.63452
11.269 -5.7868
11.269 -5.93909
11.269 -6.09137
11.1168 -6.24365
11.1168 -6.54822
11.1168 -6.70051
10.9645 -6.85279
10.9645 -7.00508
10.8122 -7.15736
10.8122 -7.30964
10.8122 -7.61421
10.6599 -7.7665
10.6599 -7.91878
10.5076 -8.07107
10.3553 -8.22335
10.3553 -8.37563
10.203 -8.52792
10.203 -8.6802
10.0508 -8.83249
9.89848 -8.98477
9.74619 -9.13706
9.74619 -9.28934
9.59391 -9.44162
9.44162 -9.59391
9.28934 -9.74619
9.13706 -9.89848
8.98477 -9.89848
8.83249 -10.0508
8.6802 -10.203
8.52792 -10.203
8.37563 -10.3553
8.07107 -10.5076
7.91878 -10.5076
7.7665 -10.6599
7.61421 -10.6599
7.46193 -10.6599
7.30964 -10.8122
7.00508 -10.8122
6.85279 -10.8122
6.70051 -10.9645
6.54822 -10.9645
6.24365 -10.9645
6.09137 -10.9645
5.93909 -10.9645
5.7868 -10.9645
5.63452 -11.1168
5.32995 -11.1168
5.17766 -11.1168
5.02538 -11.1168
4.8731 -11.1168
4.72081 -11.1168
4.56853 -11.1168
4.26396 -11.1168
4.11168 -11.1168
3.95939 -11.1168
3.80711 -11.1168
3.65482 -11.1168
3.50254 -11.1168
3.35025 -11.1168
3.04569 -11.1168
2.8934 -11.1168
2.74112 -11.1168
2.58883 -11.1168
2.43655 -11.1168
2.28426 -11.1168
2.13198 -11.1168
1.9797 -11.1168
1.82741 -11.1168
1.52284 -11.1168
1.37056 -11.1168
1.21827 -11.1168
1.06599 -11.1168
0.913706 -11.1168
0.761421 -11.1168
0.609137 -10.9645
0.456853 -10.9645
0.304569 -10.9645
0.152284 -10.9645
-0.152284 -10.9645
-0.304569 -10.9645
-0.456853 -10.9645
-0.609137 -10.9645
-0.761421 -10.9645
-0.913706 -10.8122
-1.06599 -10.8122
-1.21827 -10.8122
-1.52284 -10.8122
-1.67513 -10.6599
-1.82741 -10.6599
-1.9797 -10.6599
-2.13198 -10.6599
-2.28426 -10.5076
-2.43655 -10.5076
-2.58883 -10.3553
-2.74112 -10.3553
-3.04569 -10.3553
-3.19797 -10.203
-3.35025 -10.203
-3.50254 -10.0508
-3.65482 -9.89848
-3.80711 -9.89848
-3.95939 -9.74619
-4.11168 -9.74619
-4.26396 -9.59391
-4.41624 -9.44162
-4.56853 -9.28934
-4.72081 -9.28934
-4.72081 -9.13706
-4.8731 -8.98477
-5.02538 -8.83249
-5.17766 -8.83249
-5.32995 -8.6802
-5.48223 -8.52792
-5.63452 -8.37563
-5.7868 -8.22335
-5.7868 -8.07107
-5.93909 -8.07107
-6.09137 -7.91878
-6.24365 -7.7665
-6.39594 -7.61421
-6.39594 -7.46193
-6.54822 -7.30964
-6.70051 -7.15736
-6.85279 -7.00508
-6.85279 -6.85279
-7.00508 -6.70051
-7.15736 -6.54822
-7.30964 -6.39594
-7.30964 -6.24365
-7.46193 -6.09137
-7.61421 -5.93909
-7.61421 -5.7868
-7.7665 -5.63452
-7.91878 -5.48223
-7.91878 -5.32995
-8.07107 -5.17766
-8.07107 -5.02538
-8.22335 -4.8731
-8.22335 -4.72081
-8.37563 -4.41624
-8.37563 -4.26396
-8.52792 -4.11168
-8.52792 -3.95939
-8.6802 -3.80711
-8.6802 -3.65482
-8.6802 -3.35025
-8.83249 -3.19797
-8.83249 -3.04569
-8.83249 -2.8934
-8.83249 -2.58883
-8.98477 -2.43655
-8.98477 -2.28426
-8.98477 -2.13198
-8.98477 -1.82741
-8.98477 -1.67513
-8.98477 -1.52284
-8.98477 -1.21827
-8.98477 -1.06599
-8.98477 -0.913706
-8.98477 -0.761421
-8.98477 -0.456853
-8.98477 -0.304569
-8.98477 -0.152284
-8.83249 0
-8.83249 0.304569
-8.83249 0.456853
-8.83249 0.609137
-8.6802 0.761421
-8.6802 1.06599
-8.6802 1.21827
-8.52792 1.37056
-8.52792 1.52284
-8.37563 1.67513
-8.37563 1.82741
-8.22335 2.13198
-8.22335 2.28426
-8.07107 2.43655
-7.91878 2.58883
-7.91878 2.74112
-7.7665 2.8934
-7.61421 3.04569
-7.61421 3.19797
-7.46193 3.35025
-7.30964 3.50254
-7.30964 3.65482
-7.15736 3.80711
-7.00508 3.95939
-6.85279 4.11168
-6.70051 4.26396
-6.70051 4.41624
-6.54822 4.56853
-6.39594 4.72081
-6.24365 4.72081
-6.09137 4.8731
-5.93909 5.02538
-5.7868 5.17766
-5.63452 5.32995
-5.48223 5.32995
-5.32995 5.48223
-5.17766 5.63452
-5.17766 5.7868
-5.02538 5.7868
-4.8731 5.93909
-4.72081 6.09137
-4.56853 6.09137
-4.41624 6.24365
-4.26396 6.24365
-4.11168 6.39594
-3.95939 6.39594
-3.80711 6.54822
-3.50254 6.54822
-3.35025 6.70051
-3.19797 6.70051
-3.04569 6.85279
-2.8934 6.85279
-2.74112 7.00508
-2.58883 7.00508
-2.43655 7.15736
-2.28426 7.15736
-2.13198 7.15736
-1.9797 7.30964
-1.82741 7.30964
-1.67513 7.30964
-1.52284 7.46193
-1.37056 7.46193
-1.21827 7.46193
-1.06599 7.46193
-0.913706 7.61421
-0.609137 7.61421
-0.456853 7.61421
-0.304569 7.61421
-0.152284 7.7665
0 7.7665
0.152284 7.7665
0.304569 7.7665
0.456853 7.91878
0.609137 7.91878
0.761421 7.91878
0.913706 7.91878
1.06599 7.91878
1.21827 8.07107
1.37056 8.07107
1.52284 8.07107
1.82741 8.07107
1.9797 8.22335
2.13198 8.22335
2.28426 8.22335
2.43655 8.22335
2.58883 8.22335
2.74112 8.37563
2.8934 8.37563
3.19797 8.37563
3.35025 8.37563
3.50254 8.37563
3.65482 8.37563
3.80711 8.52792
3.95939 8.52792
4.26396 8.52792
4.41624 8.52792
4.56853 8.52792
4.72081 8.52792
5.02538 8.52792
5.17766 8.52792
5.32995 8.52792
5.48223 8.37563
5.63452 8.37563
5.93909 8.37563
6.09137 8.37563
6.24365 8.37563
6.39594 8.22335
6.70051 8.22335
6.85279 8.22335
7.00508 8.07107
7.15736 8.07107
7.30964 8.07107
7.61421 7.91878
7.7665 7.91878
7.91878 7.7665
8.07107 7.7665
8.22335 7.61421
8.37563 7.61421
8.6802 7.46193
8.83249 7.46193
8.98477 7.30964
9.13706 7.15736
9.28934 7.15736
9.44162 7.00508
9.59391 6.85279
9.74619 6.85279
10.0508 6.70051
10.203 6.54822
10.3553 6.39594
10.5076 6.24365
10.6599 6.24365
10.8122 6.09137
10.9645 5.93909
11.1168 5.7868
11.269 5.63452
11.4213 5.48223
11.5736 5.32995
11.7259 5.17766
11.7259 5.02538
11.8782 4.8731
12.0305 4.72081
12.1827 4.56853
12.1827 4.41624
12.335 4.26396
12.4873 3.95939
12.4873 3.80711
12.6396 3.65482
12.6396 3.50254
12.7919 3.19797
12.7919 3.04569
12.9442 2.8934
12.9442 2.74112
12.9442 2.43655
12.9442 2.28426
12.9442 1.9797
12.9442 1.82741
12.9442 1.67513
12.9442 1.37056
12.9442 1.21827
12.9442 1.06599
12.9442 0.761421
12.9442 0.609137
12.9442 0.456853
12.7919 0.152284
12.7919 0
12.7919 -0.152284
12.6396 -0.304569
12.6396 -0.609137
12.4873 -0.761421
12.4873 -0.913706
12.335 -1.06599
12.335 -1.37056
