12.1827 -1.37056
12.1827 -1.52284
12.1827 -1.67513
12.1827 -1.82741
12.1827 -1.9797
12.1827 -2.28426
12.0305 -2.43655
12.0305 -2.58883
12.0305 -2.74112
12.0305 -2.8934
12.0305 -3.04569
11.8782 -3.19797
11.8782 -3.35025
11.8782 -3.65482
11.8782 -3.80711
11.8782 -3.95939
11.7259 -4.11168
11.7259 -4.26396
11.7259 -4.41624
11.5736 -4.56853
11.5736 -4.72081
11.5736 -5.02538
11.5736 -5.17766
11.4213 -5.32995
11.4213 -5.48223
11.4213 -5.63452
11.269 -5.7868
11.269 -5.93909
11.269 -6.24365
11.1168 -6.39594
11.1168 -6.54822
11.1168 -6.70051
10.9645 -6.85279
10.9645 -7.00508
10.8122 -7.15736
10.8122 -7.46193
10.6599 -7.61421
10.6599 -7.7665
10.5076 -7.91878
10.3553 -8.07107
10.3553 -8.22335
10.203 -8.37563
10.0508 -8.52792
10.0508 -8.6802
9.89848 -8.83249
9.74619 -8.98477
9.59391 -9.13706
9.59391 -9.28934
9.44162 -9.44162
9.28934 -9.59391
9.13706 -9.59391
8.98477 -9.74619
8.83249 -9.89848
8.6802 -9.89848
8.52792 -10.0508
8.22335 -10.203
8.07107 -10.203
7.91878 -10.3553
7.7665 -10.3553
7.61421 -10.5076
7.46193 -10.5076
7.30964 -10.6599
7.00508 -10.6599
6.85279 -10.6599
6.70051 -10.8122
6.54822 -10.8122
6.39594 -10.8122
6.09137 -10.8122
5.93909 -10.9645
5.7868 -10.9645
5.63452 -10.9645
5.48223 -10.9645
5.32995 -10.9645
5.02538 -10.9645
4.8731 -11.1168
4.72081 -11.1168
4.56853 -11.1168
4.41624 -11.1168
4.26396 -11.1168
3.95939 -11.1168
3.80711 -11.1168
3.65482 -11.1168
3.50254 -11.1168
3.35025 -11.1168
3.19797 -11.1168
3.04569 -11.1168
2.74112 -11.1168
2.58883 -11.269
2.43655 -11.269
2.28426 -11.269
2.13198 -11.269
1.9797 -11.269
1.82741 -11.269
1.67513 -11.1168
1.37056 -11.1168
1.21827 -11.1168
1.06599 -11.1168
0.913706 -11.1168
0.761421 -11.1168
0.609137 -11.1168
0.456853 -11.1168
0.152284 -11.1168
0 -11.1168
-0.152284 -11.1168
-0.304569 -11.1168
-0.456853 -11.1168
-0.609137 -11.1168
-0.913706 -10.9645
-1.06599 -10.9645
-1.21827 -10.9645
-1.37056 -10.9645
-1.52284 -10.9645
-1.67513 -10.8122
-1.9797 -10.8122
-2.13198 -10.8122
-2.28426 -10.8122
-2.43655 -10.6599
-2.58883 -10.6599
-2.74112 -10.5076
-2.8934 -10.5076
-3.19797 -10.5076
-3.35025 -10.3553
-3.50254 -10.3553
-3.65482 -10.203
-3.80711 -10.203
-3.95939 -10.0508
-4.11168 -10.0508
-4.26396 -9.89848
-4.41624 -9.74619
-4.56853 -9.74619
-4.8731 -9.59391
-5.02538 -9.44162
-5.17766 -9.44162
-5.32995 -9.28934
-5.48223 -9.13706
-5.63452 -8.98477
-5.7868 -8.98477
-5.93909 -8.83249
-6.09137 -8.6802
-6.09137 -8.52792
-6.24365 -8.37563
-6.39594 -8.22335
-6.54822 -8.22335
-6.70051 -8.07107
-6.85279 -7.91878
-7.00508 -7.7665
-7.15736 -7.61421
-7.30964 -7.46193
-7.46193 -7.30964
-7.46193 -7.15736
-7.61421 -7.00508
-7.7665 -6.85279
-7.91878 -6.70051
-8.07107 -6.54822
-8.07107 -6.39594
-8.22335 -6.24365
-8.37563 -5.93909
-8.52792 -5.7868
-8.52792 -5.63452
-8.6802 -5.48223
-8.83249 -5.32995
-8.83249 -5.17766
-8.98477 -4.8731
-8.98477 -4.72081
-9.13706 -4.56853
-9.13706 -4.41624
-9.28934 -4.11168
-9.28934 -3.95939
-9.28934 -3.80711
-9.44162 -3.65482
-9.44162 -3.35025
-9.44162 -3.19797
-9.59391 -3.04569
-9.59391 -2.74112
-9.59391 -2.58883
-9.59391 -2.43655
-9.59391 -2.13198
-9.59391 -1.9797
-9.59391 -1.82741
-9.59391 -1.52284
-9.59391 -1.37056
-9.59391 -1.06599
-9.59391 -0.913706
-9.59391 -0.761421
-9.44162 -0.456853
-9.44162 -0.304569
-9.44162 -0.152284
-9.44162 0
-9.28934 0.304569
-9.28934 0.456853
-9.13706 0.609137
-9.13706 0.913706
-8.98477 1.06599
-8.98477 1.21827
-8.83249 1.37056
-8.83249 1.52284
-8.6802 1.82741
-8.6802 1.9797
-8.52792 2.13198
-8.37563 2.28426
-8.37563 2.43655
-8.22335 2.58883
-8.07107 2.74112
-7.91878 2.8934
-7.91878 3.04569
-7.7665 3.19797
-7.61421 3.35025
-7.46193 3.50254
-7.30964 3.65482
-7.15736 3.80711
-7.15736 3.95939
-7.00508 4.11168
-6.85279 4.26396
-6.70051 4.41624
-6.54822 4.56853
-6.39594 4.72081
-6.24365 4.72081
-6.09137 4.8731
-5.93909 5.02538
-5.93909 5.17766
-5.7868 5.17766
-5.63452 5.32995
-5.48223 5.48223
-5.32995 5.63452
-5.17766 5.63452
-5.02538 5.7868
-4.8731 5.93909
-4.72081 5.93909
-4.56853 6.09137
-4.41624 6.24365
-4.26396 6.24365
-4.11168 6.39594
-3.95939 6.39594
-3.80711 6.54822
-3.65482 6.54822
-3.50254 6.70051
-3.35025 6.85279
-3.19797 6.85279
-3.04569 6.85279
-2.8934 7.00508
-2.74112 7.00508
-2.58883 7.15736
-2.43655 7.15736
-2.28426 7.30964
-2.13198 7.30964
-1.9797 7.30964
-1.82741 7.46193
-1.67513 7.46193
-1.52284 7.46193
-1.37056 7.61421
-1.06599 7.61421
-0.913706 7.61421
-0.761421 7.7665
-0.609137 7.7665
-0.456853 7.7665
-0.304569 7.7665
-0.152284 7.91878
0 7.91878
0.152284 7.91878
0.304569 7.91878
0.456853 7.91878
0.609137 8.07107
0.761421 8.07107
0.913706 8.07107
1.06599 8.07107
1.21827 8.22335
1.52284 8.22335
1.67513 8.22335
1.82741 8.22335
1.9797 8.22335
2.13198 8.37563
2.28426 8.37563
2.43655 8.37563
2.58883 8.37563
2.74112 8.37563
3.04569 8.52792
3.19797 8.52792
3.35025 8.52792
3.50254 8.52792
3.65482 8.52792
3.80711 8.52792
4.11168 8.52792
4.26396 8.52792
4.41624 8.52792
4.56853 8.6802
4.72081 8.6802
5.02538 8.52792
5.17766 8.52792
5.32995 8.52792
5.48223 8.52792
5.7868 8.52792
5.93909 8.52792
6.09137 8.52792
6.24365 8.52792
6.54822 8.37563
6.70051 8.37563
6.85279 8.37563
7.00508 8.37563
7.15736 8.22335
7.46193 8.22335
7.61421 8.22335
7.7665 8.07107
7.91878 8.07107
8.22335 7.91878
8.37563 7.91878
8.52792 7.7665
8.6802 7.7665
8.98477 7.61421
9.13706 7.61421
9.28934 7.46193
9.44162 7.46193
9.59391 7.30964
9.89848 7.15736
10.0508 7.15736
10.203 7.00508
10.3553 6.85279
10.5076 6.85279
10.8122 6.70051
10.9645 6.54822
11.1168 6.39594
11.269 6.39594
11.4213 6.24365
11.5736 6.09137
11.7259 5.93909
11.8782 5.7868
12.0305 5.63452
12.1827 5.48223
12.335 5.32995
12.4873 5.17766
12.6396 5.02538
12.7919 4.72081
12.7919 4.56853
12.9442 4.41624
13.0964 4.26396
13.0964 3.95939
13.2487 3.80711
13.2487 3.65482
13.401 3.35025
13.401 3.19797
13.401 3.04569
13.401 2.74112
13.401 2.58883
13.5533 2.28426
13.5533 2.13198
13.401 1.9797
13.401 1.67513
13.401 1.52284
13.401 1.21827
13.2487 1.06599
13.2487 0.761421
13.2487 0.609137
13.0964 0.456853
13.0964 0.152284
12.9442 0
12.7919 -0.152284
12.7919 -0.456853
12.6396 -0.609137
12.4873 -0.761421
12.335 -0.913706
12.1827 -1.21827
