12.9442 -1.37056
12.9442 -1.52284
12.9442 -1.82741
12.7919 -1.9797
12.7919 -2.13198
12.7919 -2.28426
12.6396 -2.43655
12.6396 -2.74112
12.6396 -2.8934
12.4873 -3.04569
12.4873 -3.19797
12.4873 -3.35025
12.335 -3.50254
12.335 -3.80711
12.335 -3.95939
12.1827 -4.11168
12.1827 -4.26396
12.1827 -4.41624
12.0305 -4.56853
12.0305 -4.8731
11.8782 -5.02538
11.8782 -5.17766
11.8782 -5.32995
11.7259 -5.48223
11.7259 -5.63452
11.5736 -5.7868
11.5736 -5.93909
11.4213 -6.24365
11.4213 -6.39594
11.269 -6.54822
11.269 -6.70051
11.1168 -6.85279
11.1168 -7.00508
10.9645 -7.15736
10.9645 -7.30964
10.8122 -7.46193
10.8122 -7.7665
10.6599 -7.91878
10.5076 -8.07107
10.5076 -8.22335
10.3553 -8.37563
10.203 -8.52792
10.0508 -8.6802
10.0508 -8.83249
9.89848 -8.98477
9.74619 -8.98477
9.59391 -9.13706
9.44162 -9.28934
9.28934 -9.44162
9.13706 -9.59391
8.98477 -9.59391
8.83249 -9.74619
8.6802 -9.89848
8.52792 -9.89848
8.37563 -10.0508
8.22335 -10.203
8.07107 -10.203
7.91878 -10.3553
7.61421 -10.3553
7.46193 -10.5076
7.30964 -10.5076
7.15736 -10.5076
7.00508 -10.6599
6.85279 -10.6599
6.54822 -10.6599
6.39594 -10.8122
6.24365 -10.8122
6.09137 -10.8122
5.93909 -10.9645
5.7868 -10.9645
5.48223 -10.9645
5.32995 -10.9645
5.17766 -11.1168
5.02538 -11.1168
4.8731 -11.1168
4.72081 -11.1168
4.41624 -11.1168
4.26396 -11.1168
4.11168 -11.269
3.95939 -11.269
3.80711 -11.269
3.65482 -11.269
3.50254 -11.269
3.19797 -11.269
3.04569 -11.269
2.8934 -11.4213
2.74112 -11.4213
2.58883 -11.4213
2.43655 -11.4213
2.28426 -11.4213
1.9797 -11.4213
1.82741 -11.4213
1.67513 -11.4213
1.52284 -11.4213
1.37056 -11.4213
1.21827 -11.4213
0.913706 -11.4213
0.761421 -11.4213
0.609137 -11.4213
0.456853 -11.4213
0.304569 -11.4213
0.152284 -11.4213
0 -11.269
-0.304569 -11.269
-0.456853 -11.269
-0.609137 -11.269
-0.761421 -11.269
-0.913706 -11.269
-1.06599 -11.1168
-1.37056 -11.1168
-1.52284 -11.1168
-1.67513 -10.9645
-1.82741 -10.9645
-1.9797 -10.9645
-2.13198 -10.8122
-2.28426 -10.8122
-2.58883 -10.8122
-2.74112 -10.6599
-2.8934 -10.6599
-3.04569 -10.5076
-3.19797 -10.5076
-3.35025 -10.3553
-3.50254 -10.3553
-3.65482 -10.203
-3.80711 -10.203
-3.95939 -10.0508
-4.11168 -9.89848
-4.26396 -9.89848
-4.56853 -9.74619
-4.72081 -9.59391
-4.8731 -9.59391
-5.02538 -9.44162
-5.17766 -9.28934
-5.32995 -9.13706
-5.32995 -9.13706
-5.48223 -8.98477
-5.63452 -8.83249
-5.7868 -8.6802
-5.93909 -8.52792
-6.09137 -8.52792
-6.24365 -8.37563
-6.39594 -8.22335
-6.54822 -8.07107
-6.70051 -7.91878
-6.85279 -7.7665
-7.00508 -7.61421
-7.15736 -7.46193
-7.15736 -7.46193
-7.30964 -7.30964
-7.46193 -7.15736
-7.61421 -7.00508
-7.7665 -6.85279
-7.91878 -6.70051
-7.91878 -6.54822
-8.07107 -6.39594
-8.22335 -6.09137
-8.37563 -5.93909
-8.37563 -5.7868
-8.52792 -5.63452
-8.6802 -5.48223
-8.83249 -5.32995
-8.83249 -5.17766
-8.98477 -5.02538
-8.98477 -4.72081
-9.13706 -4.56853
-9.13706 -4.41624
-9.28934 -4.26396
-9.28934 -3.95939
-9.44162 -3.80711
-9.44162 -3.65482
-9.59391 -3.35025
-9.59391 -3.19797
-9.59391 -3.04569
-9.59391 -2.74112
-9.74619 -2.58883
-9.74619 -2.43655
-9.74619 -2.13198
-9.74619 -1.9797
-9.74619 -1.82741
-9.74619 -1.52284
-9.74619 -1.37056
-9.74619 -1.21827
-9.74619 -0.913706
-9.74619 -0.761421
-9.74619 -0.609137
-9.74619 -0.304569
-9.59391 -0.152284
-9.59391 0
-9.59391 0.304569
-9.44162 0.456853
-9.44162 0.609137
-9.44162 0.913706
-9.28934 1.06599
-9.28934 1.21827
-9.13706 1.37056
-9.13706 1.52284
-8.98477 1.82741
-8.83249 1.9797
-8.83249 2.13198
-8.6802 2.28426
-8.52792 2.43655
-8.52792 2.58883
-8.37563 2.8934
-8.22335 3.04569
-8.07107 3.19797
-7.91878 3.35025
-7.91878 3.50254
-7.7665 3.65482
-7.61421 3.80711
-7.46193 3.95939
-7.30964 3.95939
-7.15736 4.11168
-7.00508 4.26396
-6.85279 4.41624
-6.70051 4.56853
-6.54822 4.72081
-6.39594 4.8731
-6.24365 4.8731
-6.24365 5.02538
-6.09137 5.17766
-5.93909 5.32995
-5.7868 5.32995
-5.63452 5.48223
-5.48223 5.63452
-5.32995 5.63452
-5.17766 5.7868
-5.02538 5.93909
-4.8731 5.93909
-4.72081 6.09137
-4.56853 6.09137
-4.41624 6.24365
-4.26396 6.39594
-4.11168 6.39594
-3.95939 6.54822
-3.80711 6.54822
-3.65482 6.70051
-3.50254 6.70051
-3.19797 6.85279
-3.04569 6.85279
-2.8934 7.00508
-2.74112 7.00508
-2.58883 7.15736
-2.43655 7.15736
-2.28426 7.15736
-2.13198 7.30964
-1.9797 7.30964
-1.82741 7.30964
-1.67513 7.46193
-1.52284 7.46193
-1.37056 7.61421
-1.21827 7.61421
-1.06599 7.61421
-0.913706 7.7665
-0.761421 7.7665
-0.609137 7.7665
-0.456853 7.7665
-0.304569 7.91878
-0.152284 7.91878
0 7.91878
0.152284 8.07107
0.304569 8.07107
0.609137 8.07107
0.761421 8.07107
0.913706 8.22335
1.06599 8.22335
1.21827 8.22335
1.37056 8.22335
1.52284 8.37563
1.67513 8.37563
1.82741 8.37563
1.9797 8.37563
2.28426 8.52792
2.43655 8.52792
2.58883 8.52792
2.74112 8.52792
2.8934 8.52792
3.04569 8.52792
3.19797 8.6802
3.50254 8.6802
3.65482 8.6802
3.80711 8.6802
3.95939 8.6802
4.11168 8.6802
4.41624 8.6802
4.56853 8.6802
4.72081 8.6802
4.8731 8.6802
5.17766 8.6802
5.32995 8.6802
5.48223 8.52792
5.63452 8.52792
5.7868 8.52792
6.09137 8.52792
6.24365 8.52792
6.39594 8.37563
6.54822 8.37563
6.70051 8.37563
7.00508 8.22335
7.15736 8.22335
7.30964 8.22335
7.46193 8.07107
7.7665 8.07107
7.91878 7.91878
8.07107 7.91878
8.22335 7.7665
8.37563 7.7665
8.6802 7.61421
8.83249 7.61421
8.98477 7.46193
9.13706 7.46193
9.28934 7.30964
9.59391 7.30964
9.74619 7.15736
9.89848 7.00508
10.0508 7.00508
10.3553 6.85279
10.5076 6.70051
10.6599 6.70051
10.8122 6.54822
11.1168 6.39594
11.269 6.39594
11.4213 6.24365
11.5736 6.09137
11.7259 5.93909
11.8782 5.7868
12.0305 5.63452
12.1827 5.48223
12.335 5.32995
12.4873 5.17766
12.6396 5.02538
12.7919 4.8731
12.9442 4.72081
13.0964 4.41624
13.2487 4.26396
13.2487 4.11168
13.401 3.95939
13.401 3.65482
13.5533 3.50254
13.5533 3.35025
13.5533 3.04569
13.7056 2.8934
13.7056 2.58883
13.7056 2.43655
13.7056 2.13198
13.7056 1.9797
13.7056 1.67513
13.7056 1.52284
13.5533 1.37056
13.5533 1.06599
13.5533 0.913706
13.5533 0.609137
13.401 0.456853
13.401 0.152284
13.401 0
13.2487 -0.152284
13.2487 -0.456853
13.0964 -0.609137
13.0964 -0.761421
12.9442 -1.06599
12.9442 -1.21827
