8.98477 -2.28426
8.98477 -2.43655
8.98477 -2.58883
8.98477 -2.74112
9.13706 -2.8934
9.13706 -3.04569
9.13706 -3.19797
9.13706 -3.35025
9.13706 -3.50254
9.28934 -3.65482
9.28934 -3.80711
9.28934 -3.95939
9.28934 -4.11168
9.44162 -4.26396
9.44162 -4.41624
9.44162 -4.56853
9.44162 -4.8731
9.44162 -5.02538
9.44162 -5.17766
9.44162 -5.32995
9.44162 -5.48223
9.44162 -5.63452
9.44162 -5.7868
9.44162 -5.93909
9.44162 -6.24365
9.44162 -6.39594
9.28934 -6.54822
9.28934 -6.70051
9.28934 -6.85279
9.13706 -7.00508
9.13706 -7.15736
8.98477 -7.30964
8.98477 -7.46193
8.83249 -7.61421
8.6802 -7.7665
8.6802 -7.91878
8.52792 -8.07107
8.37563 -8.22335
8.37563 -8.22335
8.22335 -8.37563
8.07107 -8.52792
7.91878 -8.6802
7.91878 -8.83249
7.7665 -8.83249
7.61421 -8.98477
7.46193 -9.13706
7.30964 -9.28934
7.15736 -9.28934
7.15736 -9.44162
7.00508 -9.59391
6.85279 -9.59391
6.70051 -9.74619
6.54822 -9.89848
6.39594 -9.89848
6.24365 -10.0508
6.09137 -10.203
5.93909 -10.203
5.7868 -10.3553
5.63452 -10.3553
5.63452 -10.5076
5.48223 -10.5076
5.32995 -10.6599
5.17766 -10.6599
5.02538 -10.8122
4.8731 -10.8122
4.72081 -10.9645
4.56853 -10.9645
4.41624 -10.9645
4.11168 -11.1168
3.95939 -11.1168
3.80711 -11.1168
3.65482 -11.269
3.50254 -11.269
3.35025 -11.269
3.19797 -11.269
3.04569 -11.269
2.8934 -11.269
2.74112 -11.269
2.58883 -11.269
2.43655 -11.4213
2.28426 -11.4213
2.13198 -11.4213
1.9797 -11.269
1.67513 -11.269
1.52284 -11.269
1.37056 -11.269
1.21827 -11.269
1.06599 -11.269
0.913706 -11.269
0.761421 -11.269
0.609137 -11.269
0.456853 -11.269
0.304569 -11.269
0.152284 -11.269
0 -11.1168
-0.152284 -11.1168
-0.304569 -11.1168
-0.456853 -11.1168
-0.609137 -11.1168
-0.761421 -11.1168
-0.913706 -11.1168
-1.06599 -11.1168
-1.21827 -11.1168
-1.37056 -11.1168
-1.52284 -10.9645
-1.67513 -10.9645
-1.82741 -10.9645
-1.9797 -10.9645
-2.13198 -10.9645
-2.28426 -10.9645
-2.43655 -10.9645
-2.58883 -10.8122
-2.8934 -10.8122
-3.04569 -10.8122
-3.19797 -10.8122
-3.35025 -10.6599
-3.50254 -10.6599
-3.65482 -10.6599
-3.80711 -10.5076
-3.95939 -10.5076
-4.11168 -10.3553
-4.26396 -10.3553
-4.41624 -10.203
-4.56853 -10.203
-4.56853 -10.0508
-4.72081 -10.0508
-4.8731 -9.89848
-5.02538 -9.74619
-5.17766 -9.74619
-5.32995 -9.59391
-5.32995 -9.44162
-5.48223 -9.28934
-5.63452 -9.28934
-5.7868 -9.13706
-5.7868 -8.98477
-5.93909 -8.83249
-6.09137 -8.6802
-6.09137 -8.52792
-6.24365 -8.37563
-6.24365 -8.22335
-6.39594 -8.22335
-6.39594 -8.07107
-6.54822 -7.91878
-6.54822 -7.7665
-6.70051 -7.61421
-6.70051 -7.46193
-6.70051 -7.30964
-6.85279 -7.15736
-6.85279 -7.00508
-6.85279 -6.85279
-6.85279 -6.70051
-7.00508 -6.54822
-7.00508 -6.24365
-7.00508 -6.09137
-7.00508 -5.93909
-7.00508 -5.7868
-7.00508 -5.63452
-7.00508 -5.48223
-7.15736 -5.32995
-7.15736 -5.17766
-7.15736 -5.02538
-7.15736 -4.8731
-7.15736 -4.72081
-7.15736 -4.72081
-7.15736 -4.56853
-7.15736 -4.41624
-7.15736 -4.26396
-7.15736 -4.11168
-7.15736 -3.95939
-7.15736 -3.80711
-7.15736 -3.65482
-7.30964 -3.50254
-7.30964 -3.35025
-7.30964 -3.19797
-7.30964 -3.04569
-7.30964 -2.8934
-7.30964 -2.8934
-7.30964 -2.74112
-7.46193 -2.58883
-7.46193 -2.43655
-7.46193 -2.28426
-7.46193 -2.13198
-7.46193 -1.9797
-7.46193 -1.82741
-7.46193 -1.67513
-7.46193 -1.52284
-7.61421 -1.37056
-7.61421 -1.21827
-7.61421 -1.06599
-7.61421 -0.913706
-7.61421 -0.761421
-7.61421 -0.609137
-7.61421 -0.609137
-7.46193 -0.456853
-7.46193 -0.304569
-7.46193 -0.152284
-7.46193 0
-7.46193 0.152284
-7.46193 0.304569
-7.30964 0.456853
-7.30964 0.609137
-7.30964 0.761421
-7.30964 0.913706
-7.15736 1.06599
-7.15736 1.21827
-7.15736 1.37056
-7.00508 1.52284
-7.00508 1.67513
-7.00508 1.82741
-6.85279 1.9797
-6.85279 1.9797
-6.85279 2.13198
-6.70051 2.28426
-6.70051 2.43655
-6.54822 2.58883
-6.54822 2.74112
-6.54822 2.8934
-6.39594 3.04569
-6.39594 3.19797
-6.24365 3.35025
-6.24365 3.50254
-6.09137 3.65482
-6.09137 3.80711
-5.93909 3.95939
-5.93909 4.11168
-5.7868 4.26396
-5.7868 4.41624
-5.63452 4.41624
-5.63452 4.56853
-5.48223 4.72081
-5.32995 4.8731
-5.32995 5.02538
-5.17766 5.17766
-5.17766 5.32995
-5.02538 5.48223
-4.8731 5.63452
-4.72081 5.7868
-4.72081 5.93909
-4.56853 6.09137
-4.41624 6.09137
-4.26396 6.24365
-4.11168 6.39594
-4.11168 6.54822
-3.95939 6.70051
-3.80711 6.70051
-3.65482 6.85279
-3.50254 7.00508
-3.35025 7.00508
-3.19797 7.15736
-3.04569 7.30964
-2.8934 7.30964
-2.74112 7.46193
-2.58883 7.46193
-2.43655 7.61421
-2.13198 7.61421
-1.9797 7.7665
-1.82741 7.7665
-1.67513 7.7665
-1.52284 7.7665
-1.37056 7.91878
-1.21827 7.91878
-0.913706 7.91878
-0.761421 7.91878
-0.609137 7.91878
-0.456853 7.91878
-0.304569 7.91878
0 7.91878
0.152284 7.91878
0.304569 7.7665
0.456853 7.7665
0.609137 7.7665
0.761421 7.61421
0.913706 7.61421
1.21827 7.61421
1.37056 7.46193
1.52284 7.46193
1.67513 7.30964
1.82741 7.30964
1.9797 7.15736
2.13198 7.15736
2.28426 7.00508
2.43655 6.85279
2.58883 6.85279
2.74112 6.70051
2.8934 6.70051
3.04569 6.54822
3.19797 6.54822
3.35025 6.39594
3.35025 6.24365
3.50254 6.24365
3.65482 6.09137
3.80711 6.09137
3.95939 5.93909
4.11168 5.93909
4.26396 5.7868
4.41624 5.63452
4.41624 5.63452
4.56853 5.48223
4.72081 5.48223
4.8731 5.32995
5.02538 5.32995
5.17766 5.17766
5.17766 5.17766
5.32995 5.02538
5.48223 4.8731
5.63452 4.8731
5.7868 4.72081
5.7868 4.56853
5.93909 4.56853
6.09137 4.41624
6.09137 4.26396
6.24365 4.11168
6.39594 4.11168
6.39594 3.95939
6.54822 3.80711
6.54822 3.65482
6.70051 3.50254
6.70051 3.50254
6.85279 3.35025
6.85279 3.19797
7.00508 3.04569
7.00508 2.8934
7.15736 2.74112
7.15736 2.58883
7.15736 2.58883
7.30964 2.43655
7.30964 2.28426
7.30964 2.13198
7.46193 1.9797
7.46193 1.82741
7.46193 1.67513
7.61421 1.52284
7.61421 1.37056
7.61421 1.37056
7.7665 1.21827
7.7665 1.06599
7.7665 0.913706
7.91878 0.761421
7.91878 0.609137
7.91878 0.609137
7.91878 0.456853
8.07107 0.304569
8.07107 0.152284
8.07107 0
8.22335 -0.152284
8.22335 -0.304569
8.37563 -0.304569
8.37563 -0.456853
8.37563 -0.609137
8.52792 -0.761421
8.52792 -0.913706
8.52792 -1.06599
8.6802 -1.21827
8.6802 -1.21827
8.6802 -1.37056
8.83249 -1.52284
8.83249 -1.67513
8.83249 -1.82741
8.83249 -1.9797
8.98477 -2.13198
