14.0102 -1.37056
14.0102 -1.67513
14.0102 -1.82741
13.8579 -1.9797
13.8579 -2.28426
13.7056 -2.43655
13.7056 -2.58883
13.7056 -2.74112
13.5533 -3.04569
13.5533 -3.19797
13.401 -3.35025
13.401 -3.50254
13.2487 -3.65482
13.2487 -3.95939
13.0964 -4.11168
13.0964 -4.26396
12.9442 -4.41624
12.9442 -4.56853
12.7919 -4.72081
12.7919 -4.8731
12.6396 -5.17766
12.6396 -5.32995
12.4873 -5.48223
12.335 -5.63452
12.335 -5.7868
12.1827 -5.93909
12.1827 -6.09137
12.0305 -6.24365
12.0305 -6.39594
11.8782 -6.54822
11.7259 -6.85279
11.7259 -7.00508
11.5736 -7.15736
11.5736 -7.30964
11.4213 -7.46193
11.269 -7.61421
11.269 -7.7665
11.1168 -7.91878
10.9645 -8.07107
10.9645 -8.22335
10.8122 -8.37563
10.6599 -8.52792
10.5076 -8.6802
10.5076 -8.83249
10.3553 -8.98477
10.203 -9.13706
10.0508 -9.28934
9.89848 -9.28934
9.74619 -9.44162
9.59391 -9.59391
9.44162 -9.74619
9.28934 -9.89848
9.13706 -9.89848
8.98477 -10.0508
8.83249 -10.203
8.6802 -10.203
8.52792 -10.3553
8.37563 -10.3553
8.22335 -10.5076
8.07107 -10.5076
7.91878 -10.6599
7.61421 -10.6599
7.46193 -10.8122
7.30964 -10.8122
7.15736 -10.9645
7.00508 -10.9645
6.85279 -10.9645
6.54822 -11.1168
6.39594 -11.1168
6.24365 -11.1168
6.09137 -11.1168
5.93909 -11.269
5.7868 -11.269
5.48223 -11.269
5.32995 -11.269
5.17766 -11.269
5.02538 -11.4213
4.8731 -11.4213
4.72081 -11.4213
4.41624 -11.4213
4.26396 -11.4213
4.11168 -11.4213
3.95939 -11.4213
3.80711 -11.4213
3.65482 -11.4213
3.35025 -11.4213
3.19797 -11.4213
3.04569 -11.5736
2.8934 -11.5736
2.74112 -11.4213
2.58883 -11.4213
2.43655 -11.4213
2.13198 -11.4213
1.9797 -11.4213
1.82741 -11.4213
1.67513 -11.4213
1.52284 -11.4213
1.37056 -11.4213
1.06599 -11.4213
0.913706 -11.4213
0.761421 -11.4213
0.609137 -11.269
0.456853 -11.269
0.304569 -11.269
0.152284 -11.269
-0.152284 -11.269
-0.304569 -11.269
-0.456853 -11.1168
-0.609137 -11.1168
-0.761421 -11.1168
-0.913706 -11.1168
-1.06599 -10.9645
-1.37056 -10.9645
-1.52284 -10.9645
-1.67513 -10.8122
-1.82741 -10.8122
-1.9797 -10.8122
-2.13198 -10.6599
-2.43655 -10.6599
-2.58883 -10.6599
-2.74112 -10.5076
-2.8934 -10.5076
-3.04569 -10.3553
-3.19797 -10.3553
-3.35025 -10.203
-3.65482 -10.203
-3.80711 -10.0508
-3.95939 -10.0508
-4.11168 -9.89848
-4.26396 -9.89848
-4.41624 -9.74619
-4.56853 -9.59391
-4.72081 -9.59391
-4.8731 -9.44162
-5.02538 -9.28934
-5.32995 -9.28934
-5.48223 -9.13706
-5.63452 -8.98477
-5.7868 -8.83249
-5.93909 -8.83249
-6.09137 -8.6802
-6.24365 -8.52792
-6.39594 -8.37563
-6.54822 -8.22335
-6.70051 -8.07107
-6.85279 -8.07107
-7.00508 -7.91878
-7.15736 -7.7665
-7.30964 -7.61421
-7.46193 -7.46193
-7.61421 -7.30964
-7.7665 -7.15736
-7.7665 -7.00508
-7.91878 -6.85279
-8.07107 -6.54822
-8.22335 -6.39594
-8.37563 -6.24365
-8.37563 -6.09137
-8.52792 -5.93909
-8.6802 -5.7868
-8.83249 -5.48223
-8.83249 -5.32995
-8.98477 -5.17766
-8.98477 -5.02538
-9.13706 -4.72081
-9.13706 -4.56853
-9.28934 -4.41624
-9.28934 -4.11168
-9.28934 -3.95939
-9.44162 -3.80711
-9.44162 -3.50254
-9.44162 -3.35025
-9.44162 -3.19797
-9.59391 -2.8934
-9.59391 -2.74112
-9.59391 -2.43655
-9.59391 -2.28426
-9.59391 -2.13198
-9.59391 -1.82741
-9.59391 -1.67513
-9.44162 -1.37056
-9.44162 -1.21827
-9.44162 -1.06599
-9.44162 -0.761421
-9.28934 -0.609137
-9.28934 -0.456853
-9.28934 -0.152284
-9.13706 0
-9.13706 0.152284
-9.13706 0.456853
-8.98477 0.609137
-8.98477 0.761421
-8.83249 1.06599
-8.83249 1.21827
-8.6802 1.37056
-8.6802 1.52284
-8.52792 1.67513
-8.52792 1.9797
-8.37563 2.13198
-8.22335 2.28426
-8.22335 2.43655
-8.07107 2.58883
-7.91878 2.8934
-7.91878 3.04569
-7.7665 3.19797
-7.61421 3.35025
-7.46193 3.50254
-7.46193 3.65482
-7.30964 3.80711
-7.15736 3.95939
-7.00508 4.11168
-6.85279 4.26396
-6.70051 4.41624
-6.54822 4.56853
-6.54822 4.72081
-6.39594 4.72081
-6.24365 4.8731
-6.09137 5.02538
-5.93909 5.17766
-5.7868 5.32995
-5.63452 5.32995
-5.48223 5.48223
-5.17766 5.63452
-5.02538 5.63452
-4.8731 5.7868
-4.72081 5.93909
-4.56853 5.93909
-4.41624 6.09137
-4.26396 6.09137
-4.11168 6.24365
-3.95939 6.24365
-3.80711 6.39594
-3.65482 6.39594
-3.50254 6.54822
-3.35025 6.54822
-3.04569 6.70051
-2.8934 6.70051
-2.74112 6.85279
-2.58883 6.85279
-2.43655 6.85279
-2.28426 7.00508
-2.13198 7.00508
-1.9797 7.15736
-1.82741 7.15736
-1.67513 7.30964
-1.52284 7.30964
-1.37056 7.46193
-1.21827 7.46193
-1.06599 7.46193
-0.913706 7.61421
-0.761421 7.61421
-0.609137 7.7665
-0.456853 7.7665
-0.304569 7.91878
-0.152284 7.91878
0 7.91878
0.152284 8.07107
0.304569 8.07107
0.456853 8.07107
0.609137 8.22335
0.761421 8.22335
1.06599 8.22335
1.21827 8.37563
1.37056 8.37563
1.52284 8.37563
1.67513 8.37563
1.82741 8.37563
1.9797 8.52792
2.13198 8.52792
2.43655 8.52792
2.58883 8.52792
2.74112 8.52792
2.8934 8.52792
3.04569 8.52792
3.19797 8.52792
3.35025 8.52792
3.65482 8.52792
3.80711 8.52792
3.95939 8.52792
4.11168 8.52792
4.26396 8.52792
4.41624 8.52792
4.56853 8.52792
4.8731 8.37563
5.02538 8.37563
5.17766 8.37563
5.32995 8.37563
5.48223 8.37563
5.63452 8.37563
5.93909 8.22335
6.09137 8.22335
6.24365 8.22335
6.39594 8.22335
6.54822 8.22335
6.85279 8.07107
7.00508 8.07107
7.15736 8.07107
7.30964 8.07107
7.61421 7.91878
7.7665 7.91878
7.91878 7.91878
8.07107 7.7665
8.22335 7.7665
8.52792 7.7665
8.6802 7.61421
8.83249 7.61421
8.98477 7.46193
9.28934 7.46193
9.44162 7.46193
9.59391 7.30964
9.74619 7.15736
10.0508 7.15736
10.203 7.00508
10.3553 7.00508
10.5076 6.85279
10.8122 6.70051
10.9645 6.70051
11.1168 6.54822
11.269 6.39594
11.4213 6.39594
11.5736 6.24365
11.8782 6.09137
12.0305 5.93909
12.1827 5.7868
12.335 5.63452
12.4873 5.48223
12.6396 5.32995
12.7919 5.17766
12.9442 5.02538
13.0964 4.8731
13.2487 4.72081
13.401 4.56853
13.401 4.41624
13.5533 4.26396
13.7056 3.95939
13.8579 3.80711
13.8579 3.65482
14.0102 3.50254
14.0102 3.19797
14.1624 3.04569
14.1624 2.8934
14.3147 2.58883
14.3147 2.43655
14.467 2.13198
14.467 1.9797
14.467 1.82741
14.467 1.52284
14.467 1.37056
14.467 1.06599
14.467 0.913706
14.467 0.609137
14.467 0.456853
14.467 0.304569
14.467 0
14.467 -0.152284
14.3147 -0.456853
14.3147 -0.609137
14.1624 -0.761421
14.1624 -1.06599
14.0102 -1.21827
