14.0102 -1.37056
14.0102 -1.52284
13.8579 -1.82741
13.8579 -1.9797
13.8579 -2.13198
13.7056 -2.28426
13.7056 -2.58883
13.7056 -2.74112
13.7056 -2.8934
13.5533 -3.04569
13.5533 -3.35025
13.5533 -3.50254
13.5533 -3.65482
13.401 -3.80711
13.401 -4.11168
13.401 -4.26396
13.2487 -4.41624
13.2487 -4.56853
13.2487 -4.8731
13.0964 -5.02538
13.0964 -5.17766
13.0964 -5.32995
12.9442 -5.48223
12.9442 -5.7868
12.7919 -5.93909
12.7919 -6.09137
12.6396 -6.24365
12.6396 -6.39594
12.4873 -6.54822
12.335 -6.70051
12.335 -7.00508
12.1827 -7.15736
12.0305 -7.30964
12.0305 -7.46193
11.8782 -7.61421
11.7259 -7.7665
11.5736 -7.91878
11.4213 -8.07107
11.4213 -8.22335
11.269 -8.37563
11.1168 -8.52792
10.9645 -8.52792
10.8122 -8.6802
10.6599 -8.83249
10.5076 -8.98477
10.3553 -9.13706
10.203 -9.28934
10.0508 -9.28934
9.89848 -9.44162
9.74619 -9.59391
9.59391 -9.59391
9.44162 -9.74619
9.28934 -9.89848
9.13706 -9.89848
8.98477 -10.0508
8.83249 -10.0508
8.6802 -10.203
8.37563 -10.203
8.22335 -10.3553
8.07107 -10.3553
7.91878 -10.5076
7.7665 -10.5076
7.61421 -10.6599
7.46193 -10.6599
7.15736 -10.8122
7.00508 -10.8122
6.85279 -10.8122
6.70051 -10.9645
6.54822 -10.9645
6.39594 -10.9645
6.24365 -10.9645
5.93909 -11.1168
5.7868 -11.1168
5.63452 -11.1168
5.48223 -11.1168
5.32995 -11.269
5.17766 -11.269
4.8731 -11.269
4.72081 -11.269
4.56853 -11.269
4.41624 -11.4213
4.26396 -11.4213
4.11168 -11.4213
3.95939 -11.4213
3.65482 -11.4213
3.50254 -11.4213
3.35025 -11.4213
3.19797 -11.4213
3.04569 -11.4213
2.8934 -11.5736
2.58883 -11.5736
2.43655 -11.5736
2.28426 -11.5736
2.13198 -11.5736
1.9797 -11.5736
1.82741 -11.4213
1.67513 -11.4213
1.37056 -11.4213
1.21827 -11.4213
1.06599 -11.4213
0.913706 -11.4213
0.761421 -11.4213
0.609137 -11.4213
0.304569 -11.269
0.152284 -11.269
0 -11.269
-0.152284 -11.269
-0.304569 -11.1168
-0.456853 -11.1168
-0.761421 -11.1168
-0.913706 -11.1168
-1.06599 -10.9645
-1.21827 -10.9645
-1.37056 -10.9645
-1.52284 -10.8122
-1.67513 -10.8122
-1.82741 -10.6599
-2.13198 -10.6599
-2.28426 -10.6599
-2.43655 -10.5076
-2.58883 -10.5076
-2.74112 -10.3553
-2.8934 -10.3553
-3.04569 -10.203
-3.19797 -10.203
-3.50254 -10.0508
-3.65482 -10.0508
-3.80711 -9.89848
-3.95939 -9.74619
-4.11168 -9.74619
-4.26396 -9.59391
-4.41624 -9.59391
-4.56853 -9.44162
-4.72081 -9.28934
-4.8731 -9.28934
-5.02538 -9.13706
-5.17766 -8.98477
-5.32995 -8.83249
-5.63452 -8.83249
-5.7868 -8.6802
-5.93909 -8.52792
-6.09137 -8.37563
-6.24365 -8.22335
-6.39594 -8.22335
-6.54822 -8.07107
-6.70051 -7.91878
-6.85279 -7.7665
-7.00508 -7.61421
-7.00508 -7.46193
-7.15736 -7.30964
-7.30964 -7.15736
-7.46193 -7.00508
-7.61421 -6.85279
-7.7665 -6.70051
-7.91878 -6.54822
-8.07107 -6.39594
-8.07107 -6.24365
-8.22335 -6.09137
-8.37563 -5.7868
-8.52792 -5.63452
-8.52792 -5.48223
-8.6802 -5.32995
-8.83249 -5.17766
-8.83249 -4.8731
-8.98477 -4.72081
-8.98477 -4.56853
-9.13706 -4.26396
-9.13706 -4.11168
-9.28934 -3.95939
-9.28934 -3.65482
-9.28934 -3.50254
-9.44162 -3.35025
-9.44162 -3.04569
-9.44162 -2.8934
-9.44162 -2.58883
-9.59391 -2.43655
-9.59391 -2.28426
-9.59391 -1.9797
-9.59391 -1.82741
-9.59391 -1.52284
-9.59391 -1.37056
-9.59391 -1.21827
-9.44162 -0.913706
-9.44162 -0.761421
-9.44162 -0.609137
-9.44162 -0.304569
-9.28934 -0.152284
-9.28934 0.152284
-9.28934 0.304569
-9.13706 0.456853
-9.13706 0.761421
-9.13706 0.913706
-8.98477 1.06599
-8.98477 1.21827
-8.83249 1.52284
-8.83249 1.67513
-8.6802 1.82741
-8.52792 1.9797
-8.52792 2.28426
-8.37563 2.43655
-8.22335 2.58883
-8.22335 2.74112
-8.07107 2.8934
-7.91878 3.04569
-7.7665 3.35025
-7.61421 3.50254
-7.61421 3.65482
-7.46193 3.80711
-7.30964 3.95939
-7.15736 4.11168
-7.00508 4.26396
-6.85279 4.41624
-6.70051 4.41624
-6.54822 4.56853
-6.39594 4.72081
-6.24365 4.8731
-6.09137 5.02538
-5.93909 5.17766
-5.7868 5.17766
-5.63452 5.32995
-5.48223 5.48223
-5.32995 5.63452
-5.17766 5.63452
-5.02538 5.7868
-4.8731 5.7868
-4.72081 5.93909
-4.56853 6.09137
-4.26396 6.09137
-4.11168 6.24365
-3.95939 6.24365
-3.80711 6.39594
-3.65482 6.39594
-3.50254 6.54822
-3.35025 6.54822
-3.19797 6.70051
-3.04569 6.70051
-2.8934 6.85279
-2.74112 6.85279
-2.58883 7.00508
-2.43655 7.00508
-2.28426 7.00508
-2.13198 7.15736
-1.82741 7.15736
-1.67513 7.30964
-1.52284 7.30964
-1.37056 7.46193
-1.21827 7.46193
-1.06599 7.46193
-0.913706 7.61421
-0.761421 7.61421
-0.609137 7.7665
-0.456853 7.7665
-0.304569 7.91878
-0.152284 7.91878
0 7.91878
0.152284 8.07107
0.304569 8.07107
0.456853 8.07107
0.609137 8.22335
0.761421 8.22335
0.913706 8.22335
1.06599 8.37563
1.21827 8.37563
1.52284 8.37563
1.67513 8.37563
1.82741 8.52792
1.9797 8.52792
2.13198 8.52792
2.28426 8.52792
2.43655 8.52792
2.58883 8.52792
2.8934 8.52792
3.04569 8.52792
3.19797 8.52792
3.35025 8.52792
3.50254 8.52792
3.65482 8.52792
3.95939 8.52792
4.11168 8.52792
4.26396 8.52792
4.41624 8.52792
4.56853 8.52792
4.72081 8.52792
4.8731 8.52792
5.17766 8.52792
5.32995 8.37563
5.48223 8.37563
5.63452 8.37563
5.7868 8.37563
5.93909 8.37563
6.24365 8.37563
6.39594 8.22335
6.54822 8.22335
6.70051 8.22335
6.85279 8.22335
7.15736 8.07107
7.30964 8.07107
7.46193 8.07107
7.61421 8.07107
7.7665 7.91878
8.07107 7.91878
8.22335 7.91878
8.37563 7.7665
8.52792 7.7665
8.83249 7.61421
8.98477 7.61421
9.13706 7.61421
9.28934 7.46193
9.59391 7.46193
9.74619 7.30964
9.89848 7.30964
10.0508 7.15736
10.203 7.00508
10.5076 7.00508
10.6599 6.85279
10.8122 6.85279
10.9645 6.70051
11.1168 6.54822
11.4213 6.39594
11.5736 6.39594
11.7259 6.24365
11.8782 6.09137
12.0305 5.93909
12.1827 5.7868
12.335 5.63452
12.4873 5.48223
12.6396 5.32995
12.7919 5.17766
12.9442 5.02538
13.0964 4.8731
13.2487 4.72081
13.401 4.56853
13.5533 4.41624
13.7056 4.26396
13.7056 3.95939
13.8579 3.80711
14.0102 3.65482
14.0102 3.50254
14.1624 3.19797
14.1624 3.04569
14.3147 2.8934
14.3147 2.58883
14.3147 2.43655
14.467 2.28426
14.467 1.9797
14.467 1.82741
14.467 1.52284
14.467 1.37056
14.467 1.06599
14.467 0.913706
14.467 0.761421
14.467 0.456853
14.467 0.304569
14.3147 0
14.3147 -0.152284
14.3147 -0.304569
14.1624 -0.609137
14.1624 -0.761421
14.1624 -0.913706
14.0102 -1.21827
