13.5533 -1.52284
13.5533 -1.67513
13.5533 -1.82741
13.5533 -2.13198
13.5533 -2.28426
13.5533 -2.43655
13.5533 -2.74112
13.5533 -2.8934
13.5533 -3.04569
13.5533 -3.19797
13.401 -3.50254
13.401 -3.65482
13.401 -3.80711
13.401 -4.11168
13.2487 -4.26396
13.2487 -4.41624
13.0964 -4.56853
13.0964 -4.8731
13.0964 -5.02538
12.9442 -5.17766
12.9442 -5.32995
12.7919 -5.48223
12.6396 -5.63452
12.6396 -5.93909
12.4873 -6.09137
12.4873 -6.24365
12.335 -6.39594
12.1827 -6.54822
12.1827 -6.70051
12.0305 -6.85279
11.8782 -7.00508
11.8782 -7.15736
11.7259 -7.30964
11.5736 -7.46193
11.4213 -7.61421
11.269 -7.7665
11.269 -7.91878
11.1168 -8.07107
10.9645 -8.22335
10.8122 -8.37563
10.6599 -8.52792
10.5076 -8.6802
10.3553 -8.83249
10.203 -8.98477
10.203 -9.13706
10.0508 -9.13706
9.89848 -9.28934
9.74619 -9.44162
9.59391 -9.59391
9.44162 -9.74619
9.28934 -9.74619
9.13706 -9.89848
8.98477 -10.0508
8.83249 -10.0508
8.6802 -10.203
8.37563 -10.3553
8.22335 -10.3553
8.07107 -10.5076
7.91878 -10.5076
7.7665 -10.6599
7.61421 -10.6599
7.46193 -10.8122
7.30964 -10.8122
7.15736 -10.9645
6.85279 -10.9645
6.70051 -11.1168
6.54822 -11.1168
6.39594 -11.269
6.24365 -11.269
6.09137 -11.269
5.93909 -11.4213
5.63452 -11.4213
5.48223 -11.4213
5.32995 -11.4213
5.17766 -11.5736
5.02538 -11.5736
4.72081 -11.5736
4.56853 -11.5736
4.41624 -11.5736
4.26396 -11.5736
4.11168 -11.7259
3.95939 -11.7259
3.65482 -11.7259
3.50254 -11.7259
3.35025 -11.7259
3.19797 -11.7259
3.04569 -11.7259
2.8934 -11.7259
2.58883 -11.7259
2.43655 -11.7259
2.28426 -11.7259
2.13198 -11.7259
1.9797 -11.7259
1.67513 -11.7259
1.52284 -11.5736
1.37056 -11.5736
1.21827 -11.5736
1.06599 -11.5736
0.913706 -11.5736
0.761421 -11.5736
0.456853 -11.5736
0.304569 -11.5736
0.152284 -11.4213
0 -11.4213
-0.152284 -11.4213
-0.304569 -11.4213
-0.609137 -11.4213
-0.761421 -11.269
-0.913706 -11.269
-1.06599 -11.269
-1.21827 -11.1168
-1.37056 -11.1168
-1.52284 -11.1168
-1.82741 -10.9645
-1.9797 -10.9645
-2.13198 -10.9645
-2.28426 -10.8122
-2.43655 -10.8122
-2.58883 -10.8122
-2.74112 -10.6599
-3.04569 -10.6599
-3.19797 -10.5076
-3.35025 -10.5076
-3.50254 -10.3553
-3.65482 -10.3553
-3.80711 -10.203
-3.95939 -10.203
-4.11168 -10.0508
-4.26396 -9.89848
-4.41624 -9.89848
-4.72081 -9.74619
-4.8731 -9.59391
-5.02538 -9.59391
-5.17766 -9.44162
-5.32995 -9.28934
-5.48223 -9.28934
-5.63452 -9.13706
-5.7868 -8.98477
-5.93909 -8.83249
-6.09137 -8.83249
-6.24365 -8.6802
-6.39594 -8.52792
-6.54822 -8.37563
-6.70051 -8.22335
-6.85279 -8.07107
-7.00508 -8.07107
-7.15736 -7.91878
-7.30964 -7.7665
-7.46193 -7.61421
-7.61421 -7.46193
-7.7665 -7.30964
-7.91878 -7.15736
-8.07107 -7.00508
-8.22335 -6.85279
-8.37563 -6.70051
-8.52792 -6.54822
-8.6802 -6.39594
-8.6802 -6.24365
-8.83249 -5.93909
-8.98477 -5.7868
-9.13706 -5.63452
-9.28934 -5.48223
-9.28934 -5.32995
-9.44162 -5.02538
-9.59391 -4.8731
-9.59391 -4.72081
-9.74619 -4.41624
-9.74619 -4.26396
-9.89848 -4.11168
-9.89848 -3.80711
-9.89848 -3.65482
-10.0508 -3.50254
-10.0508 -3.19797
-10.0508 -3.04569
-10.0508 -2.74112
-10.0508 -2.58883
-10.0508 -2.43655
-10.0508 -2.13198
-10.0508 -1.9797
-10.0508 -1.67513
-10.0508 -1.52284
-10.0508 -1.21827
-10.0508 -1.06599
-10.0508 -0.913706
-9.89848 -0.609137
-9.89848 -0.456853
-9.89848 -0.152284
-9.74619 0
-9.74619 0.152284
-9.59391 0.456853
-9.59391 0.609137
-9.44162 0.761421
-9.44162 1.06599
-9.28934 1.21827
-9.28934 1.37056
-9.13706 1.52284
-8.98477 1.82741
-8.98477 1.9797
-8.83249 2.13198
-8.6802 2.28426
-8.52792 2.43655
-8.52792 2.58883
-8.37563 2.74112
-8.22335 2.8934
-8.07107 3.19797
-7.91878 3.35025
-7.7665 3.50254
-7.61421 3.65482
-7.61421 3.80711
-7.46193 3.80711
-7.30964 3.95939
-7.15736 4.11168
-7.00508 4.26396
-6.85279 4.41624
-6.70051 4.56853
-6.54822 4.72081
-6.39594 4.72081
-6.24365 4.8731
-6.09137 5.02538
-5.93909 5.17766
-5.7868 5.17766
-5.63452 5.32995
-5.48223 5.48223
-5.17766 5.48223
-5.02538 5.63452
-4.8731 5.7868
-4.72081 5.7868
-4.56853 5.93909
-4.41624 5.93909
-4.26396 6.09137
-4.11168 6.09137
-3.95939 6.24365
-3.80711 6.39594
-3.65482 6.39594
-3.50254 6.54822
-3.35025 6.54822
-3.19797 6.70051
-3.04569 6.70051
-2.8934 6.85279
-2.74112 6.85279
-2.58883 7.00508
-2.43655 7.00508
-2.28426 7.15736
-2.13198 7.15736
-1.9797 7.30964
-1.82741 7.30964
-1.67513 7.46193
-1.52284 7.46193
-1.37056 7.61421
-1.21827 7.61421
-1.06599 7.7665
-0.913706 7.7665
-0.761421 7.91878
-0.609137 7.91878
-0.456853 7.91878
-0.304569 8.07107
-0.152284 8.07107
0 8.22335
0.152284 8.22335
0.304569 8.22335
0.609137 8.37563
0.761421 8.37563
0.913706 8.37563
1.06599 8.52792
1.21827 8.52792
1.37056 8.52792
1.52284 8.6802
1.82741 8.6802
1.9797 8.6802
2.13198 8.6802
2.28426 8.6802
2.43655 8.6802
2.58883 8.6802
2.8934 8.6802
3.04569 8.6802
3.19797 8.83249
3.35025 8.6802
3.50254 8.6802
3.65482 8.6802
3.95939 8.6802
4.11168 8.6802
4.26396 8.6802
4.41624 8.6802
4.56853 8.6802
4.8731 8.6802
5.02538 8.6802
5.17766 8.52792
5.32995 8.52792
5.48223 8.52792
5.7868 8.52792
5.93909 8.37563
6.09137 8.37563
6.24365 8.37563
6.39594 8.22335
6.54822 8.22335
6.85279 8.22335
7.00508 8.07107
7.15736 8.07107
7.30964 7.91878
7.46193 7.91878
7.61421 7.91878
7.91878 7.7665
8.07107 7.7665
8.22335 7.61421
8.37563 7.61421
8.52792 7.46193
8.83249 7.46193
8.98477 7.30964
9.13706 7.30964
9.28934 7.15736
9.44162 7.15736
9.74619 7.00508
9.89848 6.85279
10.0508 6.85279
10.203 6.70051
10.3553 6.70051
10.6599 6.54822
10.8122 6.39594
10.9645 6.39594
11.1168 6.24365
11.269 6.09137
11.5736 5.93909
11.7259 5.93909
11.8782 5.7868
12.0305 5.63452
12.1827 5.48223
12.335 5.32995
12.4873 5.17766
12.6396 5.02538
12.7919 4.8731
12.9442 4.72081
13.0964 4.56853
13.2487 4.41624
13.401 4.11168
13.5533 3.95939
13.5533 3.80711
13.7056 3.65482
13.8579 3.35025
13.8579 3.19797
13.8579 3.04569
14.0102 2.74112
14.0102 2.58883
14.0102 2.28426
14.1624 2.13198
14.1624 1.82741
14.1624 1.67513
14.1624 1.52284
14.1624 1.21827
14.1624 1.06599
14.1624 0.761421
14.0102 0.609137
14.0102 0.304569
14.0102 0.152284
14.0102 0
13.8579 -0.304569
13.8579 -0.456853
13.7056 -0.761421
13.7056 -0.913706
13.7056 -1.06599
13.5533 -1.37056
