13.7056 -2.28426
13.7056 -2.43655
13.7056 -2.58883
13.7056 -2.8934
13.7056 -3.04569
13.7056 -3.19797
13.5533 -3.50254
13.5533 -3.65482
13.5533 -3.80711
13.5533 -3.95939
13.401 -4.26396
13.401 -4.41624
13.2487 -4.56853
13.2487 -4.8731
13.0964 -5.02538
13.0964 -5.17766
12.9442 -5.32995
12.9442 -5.48223
12.7919 -5.63452
12.6396 -5.93909
12.6396 -6.09137
12.4873 -6.24365
12.335 -6.39594
12.335 -6.54822
12.1827 -6.70051
12.0305 -6.85279
12.0305 -7.00508
11.8782 -7.15736
11.7259 -7.30964
11.5736 -7.46193
11.5736 -7.61421
11.4213 -7.7665
11.269 -7.91878
11.1168 -8.07107
11.1168 -8.22335
10.9645 -8.37563
10.8122 -8.52792
10.6599 -8.6802
10.5076 -8.83249
10.5076 -8.98477
10.3553 -9.13706
10.203 -9.28934
10.0508 -9.44162
9.89848 -9.44162
9.74619 -9.59391
9.59391 -9.74619
9.44162 -9.89848
9.28934 -10.0508
9.13706 -10.0508
8.98477 -10.203
8.98477 -10.3553
8.83249 -10.3553
8.52792 -10.5076
8.37563 -10.6599
8.22335 -10.6599
8.07107 -10.8122
7.91878 -10.9645
7.7665 -10.9645
7.61421 -11.1168
7.46193 -11.1168
7.30964 -11.269
7.15736 -11.269
7.00508 -11.4213
6.85279 -11.4213
6.70051 -11.4213
6.39594 -11.5736
6.24365 -11.5736
6.09137 -11.7259
5.93909 -11.7259
5.7868 -11.7259
5.63452 -11.7259
5.48223 -11.8782
5.17766 -11.8782
5.02538 -11.8782
4.8731 -11.8782
4.72081 -12.0305
4.56853 -12.0305
4.41624 -12.0305
4.26396 -12.0305
3.95939 -12.0305
3.80711 -12.0305
3.65482 -12.0305
3.50254 -12.0305
3.35025 -12.0305
3.19797 -12.0305
3.04569 -12.0305
2.74112 -12.0305
2.58883 -12.0305
2.43655 -12.0305
2.28426 -12.0305
2.13198 -12.0305
1.9797 -12.0305
1.82741 -12.0305
1.67513 -12.0305
1.37056 -12.0305
1.21827 -12.0305
1.06599 -12.0305
0.913706 -11.8782
0.761421 -11.8782
0.609137 -11.8782
0.456853 -11.8782
0.304569 -11.8782
0.152284 -11.8782
-0.152284 -11.7259
-0.304569 -11.7259
-0.456853 -11.7259
-0.609137 -11.7259
-0.761421 -11.7259
-0.913706 -11.5736
-1.06599 -11.5736
-1.21827 -11.5736
-1.37056 -11.5736
-1.67513 -11.4213
-1.82741 -11.4213
-1.9797 -11.4213
-2.13198 -11.269
-2.28426 -11.269
-2.43655 -11.269
-2.58883 -11.1168
-2.74112 -11.1168
-3.04569 -11.1168
-3.19797 -10.9645
-3.35025 -10.9645
-3.50254 -10.9645
-3.65482 -10.8122
-3.80711 -10.8122
-3.95939 -10.6599
-4.26396 -10.6599
-4.41624 -10.5076
-4.56853 -10.5076
-4.72081 -10.3553
-4.8731 -10.3553
-5.02538 -10.203
-5.32995 -10.203
-5.48223 -10.0508
-5.63452 -9.89848
-5.7868 -9.89848
-5.93909 -9.74619
-6.09137 -9.59391
-6.24365 -9.59391
-6.39594 -9.44162
-6.54822 -9.28934
-6.70051 -9.13706
-6.85279 -8.98477
-7.00508 -8.83249
-7.15736 -8.83249
-7.30964 -8.6802
-7.46193 -8.52792
-7.61421 -8.37563
-7.7665 -8.22335
-7.91878 -8.07107
-8.07107 -7.91878
-8.22335 -7.7665
-8.37563 -7.61421
-8.37563 -7.30964
-8.52792 -7.15736
-8.6802 -7.00508
-8.83249 -6.85279
-8.83249 -6.70051
-8.98477 -6.54822
-8.98477 -6.24365
-9.13706 -6.09137
-9.28934 -5.93909
-9.28934 -5.7868
-9.44162 -5.48223
-9.44162 -5.32995
-9.59391 -5.17766
-9.59391 -4.8731
-9.74619 -4.72081
-9.74619 -4.56853
-9.74619 -4.26396
-9.89848 -4.11168
-9.89848 -3.95939
-9.89848 -3.65482
-10.0508 -3.50254
-10.0508 -3.35025
-10.0508 -3.04569
-10.0508 -2.8934
-10.0508 -2.58883
-10.203 -2.43655
-10.203 -2.28426
-10.203 -1.9797
-10.203 -1.82741
-10.0508 -1.52284
-10.0508 -1.37056
-10.0508 -1.21827
-10.0508 -0.913706
-10.0508 -0.761421
-9.89848 -0.609137
-9.89848 -0.304569
-9.74619 -0.152284
-9.74619 0
-9.59391 0.304569
-9.59391 0.456853
-9.44162 0.609137
-9.28934 0.913706
-9.28934 1.06599
-9.13706 1.21827
-8.98477 1.37056
-8.83249 1.52284
-8.6802 1.67513
-8.52792 1.82741
-8.37563 1.9797
-8.22335 2.13198
-8.07107 2.28426
-7.91878 2.43655
-7.7665 2.58883
-7.61421 2.74112
-7.46193 2.8934
-7.30964 3.04569
-7.15736 3.19797
-7.00508 3.19797
-6.85279 3.35025
-6.70051 3.50254
-6.54822 3.65482
-6.39594 3.80711
-6.24365 3.80711
-6.09137 3.95939
-5.93909 4.11168
-5.7868 4.26396
-5.63452 4.26396
-5.63452 4.41624
-5.48223 4.56853
-5.32995 4.72081
-5.17766 4.8731
-5.02538 4.8731
-4.8731 5.02538
-4.72081 5.17766
-4.56853 5.32995
-4.56853 5.32995
-4.41624 5.48223
-4.26396 5.63452
-4.11168 5.7868
-3.95939 5.7868
-3.80711 5.93909
-3.65482 6.09137
-3.50254 6.09137
-3.35025 6.24365
-3.19797 6.39594
-3.04569 6.39594
-2.8934 6.54822
-2.74112 6.54822
-2.58883 6.70051
-2.43655 6.70051
-2.28426 6.85279
-2.13198 6.85279
-1.9797 7.00508
-1.82741 7.00508
-1.67513 7.15736
-1.52284 7.15736
-1.37056 7.15736
-1.21827 7.30964
-0.913706 7.30964
-0.761421 7.30964
-0.609137 7.30964
-0.456853 7.46193
-0.304569 7.46193
-0.152284 7.46193
0 7.46193
0.152284 7.61421
0.456853 7.61421
0.609137 7.61421
0.761421 7.61421
0.913706 7.7665
1.06599 7.7665
1.21827 7.7665
1.37056 7.7665
1.52284 7.7665
1.82741 7.91878
1.9797 7.91878
2.13198 7.91878
2.28426 7.91878
2.43655 7.91878
2.58883 8.07107
2.8934 8.07107
3.04569 8.07107
3.19797 8.07107
3.35025 8.07107
3.50254 8.07107
3.80711 8.07107
3.95939 8.07107
4.11168 8.07107
4.26396 8.07107
4.56853 8.07107
4.72081 8.07107
4.8731 8.07107
5.02538 8.07107
5.17766 7.91878
5.48223 7.91878
5.63452 7.91878
5.7868 7.7665
5.93909 7.7665
6.09137 7.61421
6.24365 7.61421
6.39594 7.61421
6.70051 7.46193
6.85279 7.30964
7.00508 7.30964
7.15736 7.15736
7.30964 7.15736
7.46193 7.00508
7.61421 6.85279
7.7665 6.85279
7.91878 6.70051
8.07107 6.54822
8.22335 6.54822
8.37563 6.39594
8.52792 6.24365
8.6802 6.24365
8.83249 6.09137
8.98477 5.93909
9.13706 5.93909
9.28934 5.7868
9.44162 5.63452
9.59391 5.63452
9.74619 5.48223
9.89848 5.32995
10.203 5.17766
10.3553 5.17766
10.5076 5.02538
10.6599 4.8731
10.8122 4.8731
10.9645 4.72081
11.1168 4.56853
11.269 4.41624
11.4213 4.26396
11.5736 4.26396
11.7259 4.11168
12.0305 3.95939
12.1827 3.80711
12.335 3.65482
12.335 3.50254
12.4873 3.35025
12.6396 3.19797
12.7919 3.04569
12.9442 2.8934
13.0964 2.58883
13.2487 2.43655
13.2487 2.28426
13.401 2.13198
13.401 1.82741
13.5533 1.67513
13.5533 1.52284
13.7056 1.37056
13.7056 1.06599
13.8579 0.913706
13.8579 0.761421
13.8579 0.456853
13.8579 0.304569
13.8579 0
13.8579 -0.152284
13.8579 -0.304569
13.8579 -0.609137
13.8579 -0.761421
13.8579 -1.06599
13.8579 -1.21827
13.8579 -1.37056
13.8579 -1.67513
13.7056 -1.82741
13.7056 -1.9797
