15.3807 -2.28426
15.2284 -2.43655
15.2284 -2.58883
15.0761 -2.8934
14.9239 -3.04569
14.7716 -3.35025
14.6193 -3.50254
14.467 -3.65482
14.3147 -3.80711
14.3147 -4.11168
14.1624 -4.26396
14.0102 -4.41624
13.8579 -4.56853
13.7056 -4.72081
13.5533 -4.8731
13.401 -5.17766
13.401 -5.32995
13.2487 -5.48223
13.0964 -5.63452
12.9442 -5.7868
12.7919 -5.93909
12.7919 -6.09137
12.6396 -6.24365
12.4873 -6.39594
12.335 -6.54822
12.335 -6.70051
12.1827 -6.85279
12.0305 -7.00508
11.8782 -7.15736
11.8782 -7.30964
11.7259 -7.46193
11.5736 -7.61421
11.5736 -7.7665
11.4213 -7.91878
11.269 -7.91878
11.1168 -8.07107
11.1168 -8.22335
10.9645 -8.37563
10.8122 -8.52792
10.6599 -8.6802
10.6599 -8.83249
10.5076 -8.98477
10.3553 -9.13706
10.203 -9.28934
10.0508 -9.28934
10.0508 -9.44162
9.89848 -9.59391
9.74619 -9.74619
9.59391 -9.89848
9.44162 -9.89848
9.28934 -10.0508
9.13706 -10.203
8.98477 -10.3553
8.83249 -10.3553
8.6802 -10.5076
8.52792 -10.5076
8.37563 -10.6599
8.22335 -10.8122
8.07107 -10.8122
7.91878 -10.9645
7.7665 -10.9645
7.61421 -11.1168
7.46193 -11.1168
7.30964 -11.269
7.15736 -11.269
7.00508 -11.4213
6.85279 -11.4213
6.70051 -11.4213
6.54822 -11.5736
6.39594 -11.5736
6.24365 -11.7259
5.93909 -11.7259
5.7868 -11.7259
5.63452 -11.7259
5.48223 -11.8782
5.32995 -11.8782
5.17766 -11.8782
5.02538 -11.8782
4.8731 -12.0305
4.56853 -12.0305
4.41624 -12.0305
4.26396 -12.0305
4.11168 -12.0305
3.95939 -12.0305
3.80711 -12.1827
3.65482 -12.1827
3.50254 -12.1827
3.19797 -12.1827
3.04569 -12.1827
2.8934 -12.1827
2.74112 -12.1827
2.58883 -12.1827
2.43655 -12.1827
2.28426 -12.1827
1.9797 -12.1827
1.82741 -12.1827
1.67513 -12.1827
1.52284 -12.1827
1.37056 -12.1827
1.21827 -12.1827
1.06599 -12.0305
0.761421 -12.0305
0.609137 -12.0305
0.456853 -12.0305
0.304569 -12.0305
0.152284 -12.0305
0 -12.0305
-0.152284 -11.8782
-0.456853 -11.8782
-0.609137 -11.8782
-0.761421 -11.8782
-0.913706 -11.7259
-1.06599 -11.7259
-1.21827 -11.7259
-1.52284 -11.7259
-1.67513 -11.5736
-1.82741 -11.5736
-1.9797 -11.5736
-2.13198 -11.5736
-2.43655 -11.4213
-2.58883 -11.4213
-2.74112 -11.4213
-2.8934 -11.269
-3.19797 -11.269
-3.35025 -11.269
-3.50254 -11.1168
-3.65482 -11.1168
-3.95939 -11.1168
-4.11168 -10.9645
-4.26396 -10.9645
-4.41624 -10.8122
-4.72081 -10.8122
-4.8731 -10.6599
-5.02538 -10.6599
-5.32995 -10.5076
-5.48223 -10.3553
-5.63452 -10.3553
-5.7868 -10.203
-6.09137 -10.0508
-6.24365 -10.0508
-6.39594 -9.89848
-6.54822 -9.74619
-6.70051 -9.59391
-6.85279 -9.44162
-7.00508 -9.44162
-7.30964 -9.28934
-7.46193 -9.13706
-7.61421 -8.98477
-7.7665 -8.83249
-7.91878 -8.52792
-7.91878 -8.37563
-8.07107 -8.22335
-8.22335 -8.07107
-8.37563 -7.91878
-8.52792 -7.7665
-8.52792 -7.46193
-8.6802 -7.30964
-8.83249 -7.15736
-8.83249 -7.00508
-8.98477 -6.70051
-8.98477 -6.54822
-9.13706 -6.24365
-9.13706 -6.09137
-9.28934 -5.93909
-9.28934 -5.63452
-9.28934 -5.48223
-9.44162 -5.32995
-9.44162 -5.02538
-9.44162 -4.8731
-9.44162 -4.56853
-9.44162 -4.41624
-9.44162 -4.11168
-9.44162 -3.95939
-9.44162 -3.80711
-9.44162 -3.50254
-9.44162 -3.35025
-9.44162 -3.04569
-9.44162 -2.8934
-9.44162 -2.58883
-9.28934 -2.43655
-9.28934 -2.28426
-9.28934 -1.9797
-9.28934 -1.82741
-9.13706 -1.67513
-9.13706 -1.37056
-8.98477 -1.21827
-8.98477 -1.06599
-8.83249 -0.761421
-8.83249 -0.609137
-8.6802 -0.456853
-8.6802 -0.152284
-8.52792 0
-8.37563 0.152284
-8.37563 0.304569
-8.22335 0.456853
-8.22335 0.761421
-8.07107 0.913706
-7.91878 1.06599
-7.7665 1.21827
-7.7665 1.37056
-7.61421 1.52284
-7.46193 1.67513
-7.30964 1.82741
-7.30964 1.9797
-7.15736 2.13198
-7.00508 2.28426
-6.85279 2.43655
-6.70051 2.58883
-6.70051 2.74112
-6.54822 2.8934
-6.39594 3.04569
-6.24365 3.19797
-6.09137 3.35025
-6.09137 3.50254
-5.93909 3.65482
-5.7868 3.65482
-5.63452 3.80711
-5.48223 3.95939
-5.32995 4.11168
-5.32995 4.26396
-5.17766 4.41624
-5.02538 4.56853
-4.8731 4.72081
-4.72081 4.72081
-4.56853 4.8731
-4.56853 5.02538
-4.41624 5.17766
-4.26396 5.32995
-4.11168 5.32995
-3.95939 5.48223
-3.80711 5.63452
-3.65482 5.7868
-3.50254 5.7868
-3.50254 5.93909
-3.35025 6.09137
-3.19797 6.09137
-3.04569 6.24365
-2.8934 6.39594
-2.74112 6.39594
-2.58883 6.54822
-2.43655 6.70051
-2.28426 6.70051
-1.9797 6.85279
-1.82741 6.85279
-1.67513 6.85279
-1.52284 7.00508
-1.37056 7.00508
-1.21827 7.15736
-1.06599 7.15736
-0.913706 7.15736
-0.761421 7.30964
-0.609137 7.30964
-0.304569 7.30964
-0.152284 7.30964
0 7.46193
0.152284 7.46193
0.304569 7.46193
0.456853 7.46193
0.609137 7.46193
0.913706 7.61421
1.06599 7.61421
1.21827 7.61421
1.37056 7.61421
1.52284 7.61421
1.67513 7.61421
1.82741 7.7665
1.9797 7.7665
2.28426 7.7665
2.43655 7.7665
2.58883 7.7665
2.74112 7.7665
2.8934 7.7665
3.04569 7.7665
3.19797 7.7665
3.50254 7.91878
3.65482 7.91878
3.80711 7.91878
3.95939 7.91878
4.11168 7.91878
4.41624 7.91878
4.56853 7.91878
4.72081 7.91878
4.8731 7.91878
5.02538 7.7665
5.17766 7.7665
5.48223 7.7665
5.63452 7.7665
5.7868 7.7665
5.93909 7.7665
6.09137 7.7665
6.39594 7.61421
6.54822 7.61421
6.70051 7.61421
6.85279 7.46193
7.00508 7.46193
7.30964 7.46193
7.46193 7.30964
7.61421 7.30964
7.7665 7.15736
7.91878 7.15736
8.07107 7.15736
8.22335 7.00508
8.52792 7.00508
8.6802 6.85279
8.83249 6.85279
8.98477 6.70051
9.13706 6.54822
9.28934 6.54822
9.59391 6.39594
9.74619 6.39594
9.89848 6.24365
10.0508 6.24365
10.203 6.09137
10.3553 5.93909
10.6599 5.93909
10.8122 5.7868
10.9645 5.63452
11.1168 5.63452
11.269 5.48223
11.4213 5.32995
11.7259 5.32995
11.8782 5.17766
12.0305 5.02538
12.1827 4.8731
12.335 4.72081
12.4873 4.56853
12.6396 4.41624
12.9442 4.41624
13.0964 4.26396
13.2487 4.11168
13.401 3.95939
13.5533 3.65482
13.7056 3.50254
13.7056 3.35025
13.8579 3.19797
14.0102 3.04569
14.1624 2.8934
14.3147 2.58883
14.3147 2.43655
14.467 2.28426
14.6193 2.13198
14.6193 1.82741
14.7716 1.67513
14.7716 1.52284
14.7716 1.21827
14.9239 1.06599
14.9239 0.761421
15.0761 0.609137
15.0761 0.456853
15.0761 0.152284
15.0761 0
15.2284 -0.304569
15.2284 -0.456853
15.2284 -0.761421
15.2284 -0.913706
15.2284 -1.06599
15.3807 -1.37056
15.3807 -1.52284
15.3807 -1.82741
15.3807 -1.9797
