15.3807 -2.28426
15.2284 -2.58883
15.0761 -2.74112
14.9239 -3.04569
14.7716 -3.19797
14.6193 -3.35025
14.467 -3.65482
14.3147 -3.80711
14.3147 -3.95939
14.1624 -4.11168
14.0102 -4.41624
13.8579 -4.56853
13.7056 -4.72081
13.5533 -4.8731
13.5533 -5.02538
13.401 -5.17766
13.2487 -5.32995
13.0964 -5.48223
12.9442 -5.63452
12.9442 -5.7868
12.7919 -6.09137
12.6396 -6.24365
12.4873 -6.39594
12.4873 -6.54822
12.335 -6.70051
12.1827 -6.85279
12.1827 -7.00508
12.0305 -7.15736
11.8782 -7.30964
11.7259 -7.46193
11.7259 -7.46193
11.5736 -7.61421
11.4213 -7.7665
11.4213 -7.91878
11.269 -8.07107
11.1168 -8.22335
10.9645 -8.37563
10.9645 -8.52792
10.8122 -8.6802
10.6599 -8.83249
10.5076 -8.98477
10.3553 -8.98477
10.3553 -9.13706
10.203 -9.28934
10.0508 -9.44162
9.89848 -9.59391
9.74619 -9.74619
9.59391 -9.74619
9.44162 -9.89848
9.44162 -10.0508
9.28934 -10.0508
9.13706 -10.203
8.98477 -10.3553
8.83249 -10.3553
8.6802 -10.5076
8.52792 -10.6599
8.37563 -10.6599
8.22335 -10.8122
8.07107 -10.8122
7.91878 -10.9645
7.7665 -10.9645
7.61421 -11.1168
7.46193 -11.1168
7.30964 -11.269
7.15736 -11.269
7.00508 -11.4213
6.70051 -11.4213
6.54822 -11.5736
6.39594 -11.5736
6.24365 -11.5736
6.09137 -11.7259
5.93909 -11.7259
5.7868 -11.7259
5.63452 -11.8782
5.48223 -11.8782
5.32995 -11.8782
5.17766 -11.8782
4.8731 -11.8782
4.72081 -12.0305
4.56853 -12.0305
4.41624 -12.0305
4.26396 -12.0305
4.11168 -12.0305
3.95939 -12.0305
3.80711 -12.1827
3.50254 -12.1827
3.35025 -12.1827
3.19797 -12.1827
3.04569 -12.1827
2.8934 -12.1827
2.74112 -12.1827
2.58883 -12.1827
2.43655 -12.1827
2.13198 -12.1827
1.9797 -12.1827
1.82741 -12.1827
1.67513 -12.1827
1.52284 -12.1827
1.37056 -12.1827
1.21827 -12.1827
1.06599 -12.1827
0.761421 -12.0305
0.609137 -12.0305
0.456853 -12.0305
0.304569 -12.0305
0.152284 -12.0305
0 -12.0305
-0.152284 -11.8782
-0.456853 -11.8782
-0.609137 -11.8782
-0.761421 -11.8782
-0.913706 -11.8782
-1.06599 -11.7259
-1.21827 -11.7259
-1.37056 -11.7259
-1.67513 -11.7259
-1.82741 -11.5736
-1.9797 -11.5736
-2.13198 -11.5736
-2.28426 -11.5736
-2.58883 -11.4213
-2.74112 -11.4213
-2.8934 -11.4213
-3.04569 -11.269
-3.35025 -11.269
-3.50254 -11.269
-3.65482 -11.1168
-3.80711 -11.1168
-4.11168 -10.9645
-4.26396 -10.9645
-4.41624 -10.9645
-4.72081 -10.8122
-4.8731 -10.8122
-5.02538 -10.6599
-5.17766 -10.5076
-5.48223 -10.5076
-5.63452 -10.3553
-5.7868 -10.3553
-5.93909 -10.203
-6.09137 -10.0508
-6.39594 -9.89848
-6.54822 -9.89848
-6.70051 -9.74619
-6.85279 -9.59391
-7.00508 -9.44162
-7.15736 -9.28934
-7.30964 -9.13706
-7.46193 -8.98477
-7.61421 -8.83249
-7.7665 -8.6802
-7.91878 -8.52792
-8.07107 -8.37563
-8.22335 -8.22335
-8.37563 -7.91878
-8.37563 -7.7665
-8.52792 -7.61421
-8.6802 -7.46193
-8.6802 -7.15736
-8.83249 -7.00508
-8.98477 -6.85279
-8.98477 -6.54822
-9.13706 -6.39594
-9.13706 -6.24365
-9.13706 -5.93909
-9.28934 -5.7868
-9.28934 -5.63452
-9.28934 -5.32995
-9.44162 -5.17766
-9.44162 -4.8731
-9.44162 -4.72081
-9.44162 -4.56853
-9.44162 -4.26396
-9.44162 -4.11168
-9.44162 -3.80711
-9.44162 -3.65482
-9.44162 -3.35025
-9.44162 -3.19797
-9.44162 -3.04569
-9.44162 -2.74112
-9.28934 -2.58883
-9.28934 -2.28426
-9.28934 -2.13198
-9.28934 -1.9797
-9.13706 -1.67513
-9.13706 -1.52284
-8.98477 -1.37056
-8.98477 -1.06599
-8.83249 -0.913706
-8.83249 -0.761421
-8.6802 -0.609137
-8.6802 -0.304569
-8.52792 -0.152284
-8.52792 0
-8.37563 0.152284
-8.22335 0.456853
-8.22335 0.609137
-8.07107 0.761421
-7.91878 0.913706
-7.91878 1.06599
-7.7665 1.21827
-7.61421 1.37056
-7.46193 1.52284
-7.46193 1.67513
-7.30964 1.82741
-7.15736 1.9797
-7.00508 2.13198
-7.00508 2.28426
-6.85279 2.43655
-6.70051 2.58883
-6.54822 2.74112
-6.39594 2.8934
-6.39594 3.04569
-6.24365 3.19797
-6.09137 3.35025
-5.93909 3.50254
-5.7868 3.65482
-5.63452 3.80711
-5.63452 3.95939
-5.48223 3.95939
-5.32995 4.11168
-5.17766 4.26396
-5.02538 4.41624
-5.02538 4.56853
-4.8731 4.72081
-4.72081 4.8731
-4.56853 4.8731
-4.41624 5.02538
-4.26396 5.17766
-4.11168 5.32995
-4.11168 5.48223
-3.95939 5.48223
-3.80711 5.63452
-3.65482 5.7868
-3.50254 5.93909
-3.35025 5.93909
-3.19797 6.09137
-3.04569 6.24365
-2.8934 6.24365
-2.74112 6.39594
-2.58883 6.39594
-2.43655 6.54822
-2.28426 6.70051
-2.13198 6.70051
-1.9797 6.85279
-1.82741 6.85279
-1.67513 7.00508
-1.37056 7.00508
-1.21827 7.00508
-1.06599 7.15736
-0.913706 7.15736
-0.761421 7.15736
-0.609137 7.30964
-0.456853 7.30964
-0.304569 7.30964
-0.152284 7.46193
0.152284 7.46193
0.304569 7.46193
0.456853 7.46193
0.609137 7.61421
0.761421 7.61421
0.913706 7.61421
1.06599 7.61421
1.37056 7.61421
1.52284 7.61421
1.67513 7.7665
1.82741 7.7665
1.9797 7.7665
2.13198 7.7665
2.43655 7.7665
2.58883 7.7665
2.74112 7.7665
2.8934 7.7665
3.04569 7.7665
3.19797 7.7665
3.50254 7.7665
3.65482 7.7665
3.80711 7.7665
3.95939 7.7665
4.11168 7.7665
4.26396 7.7665
4.56853 7.7665
4.72081 7.7665
4.8731 7.7665
5.02538 7.7665
5.17766 7.7665
5.48223 7.7665
5.63452 7.7665
5.7868 7.61421
5.93909 7.61421
6.09137 7.61421
6.39594 7.61421
6.54822 7.46193
6.70051 7.46193
6.85279 7.46193
7.00508 7.30964
7.15736 7.30964
7.46193 7.30964
7.61421 7.15736
7.7665 7.15736
7.91878 7.00508
8.07107 7.00508
8.22335 6.85279
8.52792 6.85279
8.6802 6.85279
8.83249 6.70051
8.98477 6.54822
9.13706 6.54822
9.28934 6.39594
9.59391 6.39594
9.74619 6.24365
9.89848 6.24365
10.0508 6.09137
10.203 5.93909
10.5076 5.93909
10.6599 5.7868
10.8122 5.7868
10.9645 5.63452
11.1168 5.48223
11.4213 5.48223
11.5736 5.32995
11.7259 5.17766
11.8782 5.02538
12.0305 4.8731
12.1827 4.8731
12.4873 4.72081
12.6396 4.56853
12.7919 4.41624
12.9442 4.26396
13.0964 4.11168
13.2487 3.95939
13.401 3.80711
13.5533 3.65482
13.7056 3.50254
13.8579 3.35025
14.0102 3.19797
14.1624 2.8934
14.1624 2.74112
14.3147 2.58883
14.467 2.43655
14.467 2.13198
14.6193 1.9797
14.6193 1.82741
14.7716 1.52284
14.7716 1.37056
14.9239 1.06599
14.9239 0.913706
15.0761 0.761421
15.0761 0.456853
15.0761 0.304569
15.2284 0
15.2284 -0.152284
15.2284 -0.304569
15.2284 -0.609137
15.2284 -0.761421
15.3807 -1.06599
15.3807 -1.21827
15.3807 -1.52284
15.3807 -1.67513
15.3807 -1.9797
15.3807 -2.13198
