15.6853 -2.13198
15.533 -2.43655
15.3807 -2.58883
15.2284 -2.8934
15.2284 -3.04569
15.0761 -3.19797
14.9239 -3.50254
14.7716 -3.65482
14.6193 -3.80711
14.6193 -3.95939
14.467 -4.26396
14.3147 -4.41624
14.1624 -4.56853
14.0102 -4.72081
14.0102 -4.8731
13.8579 -5.02538
13.7056 -5.17766
13.5533 -5.48223
13.401 -5.63452
13.401 -5.7868
13.2487 -5.93909
13.0964 -6.09137
12.9442 -6.24365
12.7919 -6.39594
12.7919 -6.54822
12.6396 -6.70051
12.4873 -6.85279
12.335 -7.00508
12.335 -7.15736
12.1827 -7.15736
12.0305 -7.30964
11.8782 -7.46193
11.7259 -7.61421
11.7259 -7.7665
11.5736 -7.91878
11.4213 -8.07107
11.269 -8.22335
11.269 -8.37563
11.1168 -8.52792
10.9645 -8.52792
10.8122 -8.6802
10.6599 -8.83249
10.6599 -8.98477
10.5076 -9.13706
10.3553 -9.28934
10.203 -9.28934
10.0508 -9.44162
9.89848 -9.59391
9.89848 -9.74619
9.74619 -9.74619
9.59391 -9.89848
9.44162 -10.0508
9.28934 -10.203
9.13706 -10.203
8.98477 -10.3553
8.83249 -10.5076
8.6802 -10.5076
8.52792 -10.6599
8.37563 -10.6599
8.22335 -10.8122
8.07107 -10.9645
7.91878 -10.9645
7.7665 -11.1168
7.61421 -11.1168
7.46193 -11.269
7.30964 -11.269
7.15736 -11.4213
7.00508 -11.4213
6.85279 -11.4213
6.70051 -11.5736
6.54822 -11.5736
6.39594 -11.7259
6.24365 -11.7259
5.93909 -11.7259
5.7868 -11.8782
5.63452 -11.8782
5.48223 -11.8782
5.32995 -12.0305
5.17766 -12.0305
5.02538 -12.0305
4.8731 -12.0305
4.56853 -12.0305
4.41624 -12.1827
4.26396 -12.1827
4.11168 -12.1827
3.95939 -12.1827
3.80711 -12.1827
3.65482 -12.1827
3.35025 -12.1827
3.19797 -12.1827
3.04569 -12.1827
2.8934 -12.335
2.74112 -12.335
2.58883 -12.335
2.43655 -12.1827
2.13198 -12.1827
1.9797 -12.1827
1.82741 -12.1827
1.67513 -12.1827
1.52284 -12.1827
1.37056 -12.1827
1.06599 -12.1827
0.913706 -12.1827
0.761421 -12.1827
0.609137 -12.0305
0.456853 -12.0305
0.304569 -12.0305
0 -12.0305
-0.152284 -12.0305
-0.304569 -11.8782
-0.456853 -11.8782
-0.609137 -11.8782
-0.761421 -11.8782
-1.06599 -11.7259
-1.21827 -11.7259
-1.37056 -11.7259
-1.52284 -11.7259
-1.67513 -11.5736
-1.9797 -11.5736
-2.13198 -11.5736
-2.28426 -11.5736
-2.43655 -11.4213
-2.74112 -11.4213
-2.8934 -11.4213
-3.04569 -11.269
-3.19797 -11.269
-3.50254 -11.1168
-3.65482 -11.1168
-3.80711 -11.1168
-4.11168 -10.9645
-4.26396 -10.9645
-4.41624 -10.8122
-4.72081 -10.8122
-4.8731 -10.6599
-5.02538 -10.6599
-5.17766 -10.5076
-5.48223 -10.3553
-5.63452 -10.3553
-5.7868 -10.203
-6.09137 -10.0508
-6.24365 -10.0508
-6.39594 -9.89848
-6.54822 -9.74619
-6.70051 -9.59391
-6.85279 -9.44162
-7.00508 -9.28934
-7.30964 -9.13706
-7.46193 -8.98477
-7.61421 -8.83249
-7.7665 -8.6802
-7.7665 -8.52792
-7.91878 -8.37563
-8.07107 -8.07107
-8.22335 -7.91878
-8.37563 -7.7665
-8.37563 -7.61421
-8.52792 -7.30964
-8.6802 -7.15736
-8.6802 -7.00508
-8.83249 -6.70051
-8.83249 -6.54822
-8.98477 -6.39594
-8.98477 -6.09137
-9.13706 -5.93909
-9.13706 -5.63452
-9.13706 -5.48223
-9.13706 -5.32995
-9.28934 -5.02538
-9.28934 -4.8731
-9.28934 -4.56853
-9.28934 -4.41624
-9.28934 -4.11168
-9.13706 -3.95939
-9.13706 -3.65482
-9.13706 -3.50254
-9.13706 -3.19797
-9.13706 -3.04569
-8.98477 -2.8934
-8.98477 -2.58883
-8.98477 -2.43655
-8.83249 -2.13198
-8.83249 -1.9797
-8.6802 -1.82741
-8.6802 -1.52284
-8.52792 -1.37056
-8.52792 -1.21827
-8.37563 -1.06599
-8.37563 -0.761421
-8.22335 -0.609137
-8.22335 -0.456853
-8.07107 -0.304569
-7.91878 0
-7.91878 0.152284
-7.7665 0.304569
-7.7665 0.456853
-7.61421 0.609137
-7.46193 0.761421
-7.46193 1.06599
-7.30964 1.21827
-7.15736 1.37056
-7.15736 1.52284
-7.00508 1.67513
-6.85279 1.82741
-6.85279 1.9797
-6.70051 2.13198
-6.54822 2.28426
-6.54822 2.43655
-6.39594 2.58883
-6.24365 2.74112
-6.24365 2.8934
-6.09137 3.04569
-5.93909 3.19797
-5.7868 3.35025
-5.7868 3.50254
-5.63452 3.65482
-5.48223 3.80711
-5.32995 3.95939
-5.32995 4.11168
-5.17766 4.26396
-5.02538 4.41624
-4.8731 4.56853
-4.72081 4.56853
-4.72081 4.72081
-4.56853 4.8731
-4.41624 5.02538
-4.26396 5.17766
-4.11168 5.32995
-3.95939 5.32995
-3.80711 5.48223
-3.65482 5.63452
-3.50254 5.7868
-3.50254 5.7868
-3.35025 5.93909
-3.19797 6.09137
-3.04569 6.09137
-2.8934 6.24365
-2.74112 6.39594
-2.58883 6.39594
-2.43655 6.54822
-2.28426 6.54822
-1.9797 6.70051
-1.82741 6.70051
-1.67513 6.85279
-1.52284 6.85279
-1.37056 7.00508
-1.21827 7.00508
-1.06599 7.00508
-0.913706 7.15736
-0.761421 7.15736
-0.609137 7.15736
-0.304569 7.30964
-0.152284 7.30964
0 7.30964
0.152284 7.46193
0.304569 7.46193
0.456853 7.46193
0.609137 7.46193
0.761421 7.46193
1.06599 7.61421
1.21827 7.61421
1.37056 7.61421
1.52284 7.61421
1.67513 7.61421
1.82741 7.61421
1.9797 7.61421
2.28426 7.61421
2.43655 7.7665
2.58883 7.7665
2.74112 7.7665
2.8934 7.7665
3.04569 7.7665
3.19797 7.7665
3.35025 7.7665
3.65482 7.7665
3.80711 7.7665
3.95939 7.7665
4.11168 7.7665
4.26396 7.7665
4.41624 7.7665
4.72081 7.7665
4.8731 7.7665
5.02538 7.7665
5.17766 7.7665
5.32995 7.7665
5.48223 7.61421
5.7868 7.61421
5.93909 7.61421
6.09137 7.61421
6.24365 7.61421
6.39594 7.46193
6.54822 7.46193
6.85279 7.46193
7.00508 7.46193
7.15736 7.30964
7.30964 7.30964
7.46193 7.30964
7.61421 7.15736
7.7665 7.15736
8.07107 7.15736
8.22335 7.00508
8.37563 7.00508
8.52792 6.85279
8.6802 6.85279
8.83249 6.70051
9.13706 6.70051
9.28934 6.54822
9.44162 6.54822
9.59391 6.39594
9.74619 6.39594
9.89848 6.24365
10.203 6.24365
10.3553 6.09137
10.5076 6.09137
10.6599 5.93909
10.8122 5.7868
10.9645 5.7868
11.269 5.63452
11.4213 5.63452
11.5736 5.48223
11.7259 5.32995
11.8782 5.17766
12.1827 5.17766
12.335 5.02538
12.4873 4.8731
12.6396 4.72081
12.7919 4.56853
12.9442 4.41624
13.0964 4.41624
13.401 4.26396
13.5533 4.11168
13.7056 3.95939
13.8579 3.80711
14.0102 3.65482
14.1624 3.35025
14.3147 3.19797
14.3147 3.04569
14.467 2.8934
14.6193 2.74112
14.7716 2.58883
14.9239 2.28426
14.9239 2.13198
15.0761 1.9797
15.0761 1.67513
15.2284 1.52284
15.2284 1.37056
15.3807 1.06599
15.3807 0.913706
15.533 0.609137
15.533 0.456853
15.533 0.304569
15.6853 0
15.6853 -0.152284
15.6853 -0.456853
15.6853 -0.609137
15.6853 -0.913706
15.6853 -1.06599
15.6853 -1.37056
15.6853 -1.52284
15.6853 -1.82741
15.533 -1.9797
