15.9898 -1.9797
15.9898 -2.28426
15.8376 -2.43655
15.6853 -2.74112
15.6853 -2.8934
15.533 -3.04569
15.3807 -3.35025
15.2284 -3.50254
15.2284 -3.65482
15.0761 -3.80711
14.9239 -4.11168
14.7716 -4.26396
14.7716 -4.41624
14.6193 -4.56853
14.467 -4.72081
14.3147 -4.8731
14.3147 -5.17766
14.1624 -5.32995
14.0102 -5.48223
13.8579 -5.63452
13.8579 -5.7868
13.7056 -5.93909
13.5533 -6.09137
13.401 -6.24365
13.2487 -6.39594
13.2487 -6.54822
13.0964 -6.70051
12.9442 -6.85279
12.7919 -7.00508
12.6396 -7.15736
12.6396 -7.30964
12.4873 -7.46193
12.335 -7.46193
12.1827 -7.61421
12.0305 -7.7665
11.8782 -7.91878
11.8782 -8.07107
11.7259 -8.22335
11.5736 -8.37563
11.4213 -8.37563
11.269 -8.52792
11.1168 -8.6802
11.1168 -8.83249
10.9645 -8.98477
10.8122 -8.98477
10.6599 -9.13706
10.5076 -9.28934
10.3553 -9.44162
10.203 -9.44162
10.0508 -9.59391
10.0508 -9.74619
9.89848 -9.74619
9.74619 -9.89848
9.59391 -10.0508
9.44162 -10.203
9.28934 -10.203
9.13706 -10.3553
8.98477 -10.3553
8.83249 -10.5076
8.6802 -10.6599
8.52792 -10.6599
8.37563 -10.8122
8.22335 -10.8122
8.07107 -10.9645
7.91878 -11.1168
7.7665 -11.1168
7.61421 -11.269
7.46193 -11.269
7.30964 -11.4213
7.15736 -11.4213
7.00508 -11.5736
6.85279 -11.5736
6.70051 -11.5736
6.54822 -11.7259
6.39594 -11.7259
6.09137 -11.8782
5.93909 -11.8782
5.7868 -11.8782
5.63452 -12.0305
5.48223 -12.0305
5.32995 -12.0305
5.17766 -12.1827
5.02538 -12.1827
4.72081 -12.1827
4.56853 -12.1827
4.41624 -12.1827
4.26396 -12.335
4.11168 -12.335
3.95939 -12.335
3.65482 -12.335
3.50254 -12.335
3.35025 -12.335
3.19797 -12.335
3.04569 -12.335
2.8934 -12.335
2.58883 -12.335
2.43655 -12.335
2.28426 -12.335
2.13198 -12.335
1.9797 -12.335
1.67513 -12.335
1.52284 -12.1827
1.37056 -12.1827
1.21827 -12.1827
1.06599 -12.1827
0.913706 -12.1827
0.609137 -12.0305
0.456853 -12.0305
0.304569 -12.0305
0.152284 -12.0305
0 -11.8782
-0.304569 -11.8782
-0.456853 -11.8782
-0.609137 -11.7259
-0.761421 -11.7259
-0.913706 -11.7259
-1.06599 -11.7259
-1.37056 -11.5736
-1.52284 -11.5736
-1.67513 -11.5736
-1.82741 -11.4213
-2.13198 -11.4213
-2.28426 -11.4213
-2.43655 -11.269
-2.74112 -11.269
-2.8934 -11.269
-3.04569 -11.1168
-3.35025 -11.1168
-3.50254 -11.1168
-3.65482 -10.9645
-3.95939 -10.9645
-4.11168 -10.8122
-4.26396 -10.8122
-4.56853 -10.6599
-4.72081 -10.6599
-4.8731 -10.5076
-5.17766 -10.3553
-5.32995 -10.3553
-5.48223 -10.203
-5.63452 -10.0508
-5.93909 -9.89848
-6.09137 -9.89848
-6.24365 -9.74619
-6.39594 -9.59391
-6.54822 -9.44162
-6.85279 -9.28934
-7.00508 -9.13706
-7.15736 -8.98477
-7.30964 -8.83249
-7.46193 -8.6802
-7.61421 -8.37563
-7.61421 -8.22335
-7.7665 -8.07107
-7.91878 -7.91878
-8.07107 -7.7665
-8.07107 -7.46193
-8.22335 -7.30964
-8.37563 -7.15736
-8.37563 -6.85279
-8.52792 -6.70051
-8.52792 -6.39594
-8.6802 -6.24365
-8.6802 -6.09137
-8.6802 -5.7868
-8.83249 -5.63452
-8.83249 -5.32995
-8.83249 -5.17766
-8.83249 -4.8731
-8.83249 -4.72081
-8.83249 -4.41624
-8.83249 -4.26396
-8.83249 -3.95939
-8.83249 -3.80711
-8.83249 -3.50254
-8.83249 -3.35025
-8.83249 -3.19797
-8.6802 -2.8934
-8.6802 -2.74112
-8.6802 -2.43655
-8.6802 -2.28426
-8.52792 -1.9797
-8.52792 -1.82741
-8.37563 -1.67513
-8.37563 -1.37056
-8.22335 -1.21827
-8.22335 -1.06599
-8.07107 -0.761421
-8.07107 -0.609137
-7.91878 -0.456853
-7.91878 -0.304569
-7.7665 0
-7.7665 0.152284
-7.61421 0.304569
-7.46193 0.456853
-7.46193 0.609137
-7.30964 0.913706
-7.15736 1.06599
-7.15736 1.21827
-7.00508 1.37056
-6.85279 1.52284
-6.70051 1.67513
-6.70051 1.82741
-6.54822 1.9797
-6.39594 2.13198
-6.24365 2.28426
-6.24365 2.43655
-6.09137 2.58883
-5.93909 2.74112
-5.7868 2.8934
-5.7868 3.04569
-5.63452 3.19797
-5.48223 3.35025
-5.32995 3.50254
-5.32995 3.65482
-5.17766 3.80711
-5.02538 3.95939
-4.8731 4.11168
-4.72081 4.26396
-4.72081 4.41624
-4.56853 4.56853
-4.41624 4.56853
-4.26396 4.72081
-4.11168 4.8731
-3.95939 5.02538
-3.95939 5.17766
-3.80711 5.32995
-3.65482 5.32995
-3.50254 5.48223
-3.35025 5.63452
-3.19797 5.7868
-3.04569 5.7868
-2.8934 5.93909
-2.74112 6.09137
-2.58883 6.24365
-2.43655 6.24365
-2.28426 6.39594
-2.13198 6.39594
-1.9797 6.54822
-1.82741 6.70051
-1.67513 6.70051
-1.52284 6.85279
-1.37056 6.85279
-1.21827 6.85279
-1.06599 7.00508
-0.913706 7.00508
-0.761421 7.00508
-0.456853 7.15736
-0.304569 7.15736
-0.152284 7.15736
0 7.15736
0.152284 7.30964
0.304569 7.30964
0.456853 7.30964
0.761421 7.30964
0.913706 7.30964
1.06599 7.30964
1.21827 7.30964
1.37056 7.30964
1.52284 7.30964
1.67513 7.30964
1.82741 7.30964
1.9797 7.30964
2.28426 7.30964
2.43655 7.30964
2.58883 7.46193
2.74112 7.46193
2.8934 7.46193
3.04569 7.46193
3.19797 7.46193
3.35025 7.46193
3.50254 7.46193
3.65482 7.46193
3.80711 7.46193
4.11168 7.46193
4.26396 7.46193
4.41624 7.46193
4.56853 7.46193
4.72081 7.46193
4.8731 7.46193
5.02538 7.46193
5.17766 7.46193
5.32995 7.46193
5.63452 7.46193
5.7868 7.46193
5.93909 7.46193
6.09137 7.46193
6.24365 7.46193
6.39594 7.46193
6.54822 7.30964
6.85279 7.30964
7.00508 7.30964
7.15736 7.30964
7.30964 7.30964
7.46193 7.30964
7.61421 7.15736
7.91878 7.15736
8.07107 7.15736
8.22335 7.15736
8.37563 7.00508
8.52792 7.00508
8.6802 7.00508
8.98477 6.85279
9.13706 6.85279
9.28934 6.85279
9.44162 6.70051
9.59391 6.70051
9.89848 6.54822
10.0508 6.54822
10.203 6.39594
10.3553 6.39594
10.5076 6.24365
10.6599 6.24365
10.9645 6.09137
11.1168 6.09137
11.269 5.93909
11.4213 5.93909
11.5736 5.7868
11.8782 5.63452
12.0305 5.63452
12.1827 5.48223
12.335 5.32995
12.4873 5.17766
12.7919 5.17766
12.9442 5.02538
13.0964 4.8731
13.2487 4.72081
13.401 4.56853
13.5533 4.41624
13.7056 4.26396
13.8579 4.11168
14.0102 3.95939
14.1624 3.80711
14.3147 3.65482
14.467 3.50254
14.6193 3.35025
14.7716 3.19797
14.9239 3.04569
15.0761 2.8934
15.0761 2.58883
15.2284 2.43655
15.3807 2.28426
15.3807 1.9797
15.533 1.82741
15.6853 1.67513
15.6853 1.37056
15.8376 1.21827
15.8376 1.06599
15.8376 0.761421
15.9898 0.609137
15.9898 0.304569
15.9898 0.152284
16.1421 0
16.1421 -0.304569
16.1421 -0.456853
16.1421 -0.761421
16.1421 -0.913706
16.1421 -1.21827
16.1421 -1.37056
16.1421 -1.67513
15.9898 -1.82741
