15.8376 -1.9797
15.8376 -2.28426
15.8376 -2.43655
15.6853 -2.58883
15.6853 -2.8934
15.6853 -3.04569
15.533 -3.19797
15.533 -3.50254
15.3807 -3.65482
15.2284 -3.80711
15.2284 -4.11168
15.0761 -4.26396
14.9239 -4.41624
14.9239 -4.56853
14.7716 -4.72081
14.6193 -5.02538
14.467 -5.17766
14.3147 -5.32995
14.3147 -5.48223
14.1624 -5.63452
14.0102 -5.7868
13.8579 -5.93909
13.7056 -6.09137
13.5533 -6.24365
13.401 -6.39594
13.2487 -6.54822
13.0964 -6.70051
12.9442 -6.70051
12.7919 -6.85279
12.6396 -7.00508
12.4873 -7.15736
12.4873 -7.30964
12.335 -7.46193
12.1827 -7.46193
12.0305 -7.61421
11.8782 -7.7665
11.7259 -7.91878
11.5736 -7.91878
11.4213 -8.07107
11.269 -8.22335
11.1168 -8.22335
10.9645 -8.37563
10.8122 -8.52792
10.6599 -8.6802
10.6599 -8.6802
10.5076 -8.83249
10.3553 -8.98477
10.203 -8.98477
10.0508 -9.13706
9.89848 -9.28934
9.74619 -9.28934
9.74619 -9.44162
9.59391 -9.59391
9.44162 -9.74619
9.28934 -9.74619
9.13706 -9.89848
8.98477 -10.0508
8.83249 -10.0508
8.83249 -10.203
8.6802 -10.3553
8.52792 -10.5076
8.37563 -10.5076
8.22335 -10.6599
8.07107 -10.8122
7.91878 -10.8122
7.7665 -10.9645
7.61421 -11.1168
7.46193 -11.1168
7.30964 -11.269
7.15736 -11.4213
7.00508 -11.4213
6.85279 -11.5736
6.70051 -11.5736
6.54822 -11.7259
6.39594 -11.7259
6.24365 -11.8782
6.09137 -11.8782
5.93909 -11.8782
5.7868 -12.0305
5.63452 -12.0305
5.48223 -12.1827
5.17766 -12.1827
5.02538 -12.1827
4.8731 -12.1827
4.72081 -12.335
4.56853 -12.335
4.41624 -12.335
4.11168 -12.335
3.95939 -12.335
3.80711 -12.335
3.65482 -12.335
3.50254 -12.335
3.19797 -12.335
3.04569 -12.335
2.8934 -12.335
2.74112 -12.335
2.58883 -12.335
2.28426 -12.335
2.13198 -12.335
1.9797 -12.335
1.82741 -12.335
1.67513 -12.335
1.52284 -12.335
1.21827 -12.1827
1.06599 -12.1827
0.913706 -12.1827
0.761421 -12.1827
0.609137 -12.0305
0.304569 -12.0305
0.152284 -12.0305
0 -12.0305
-0.152284 -11.8782
-0.304569 -11.8782
-0.609137 -11.8782
-0.761421 -11.7259
-0.913706 -11.7259
-1.06599 -11.7259
-1.21827 -11.5736
-1.52284 -11.5736
-1.67513 -11.5736
-1.82741 -11.4213
-1.9797 -11.4213
-2.28426 -11.4213
-2.43655 -11.269
-2.58883 -11.269
-2.74112 -11.1168
-3.04569 -11.1168
-3.19797 -11.1168
-3.35025 -10.9645
-3.65482 -10.9645
-3.80711 -10.8122
-3.95939 -10.8122
-4.11168 -10.6599
-4.41624 -10.5076
-4.56853 -10.5076
-4.72081 -10.3553
-4.8731 -10.3553
-5.17766 -10.203
-5.32995 -10.0508
-5.48223 -9.89848
-5.63452 -9.89848
-5.93909 -9.74619
-6.09137 -9.59391
-6.24365 -9.44162
-6.39594 -9.28934
-6.54822 -9.13706
-6.70051 -8.98477
-6.85279 -8.83249
-7.00508 -8.6802
-7.15736 -8.52792
-7.30964 -8.37563
-7.46193 -8.07107
-7.46193 -7.91878
-7.61421 -7.7665
-7.7665 -7.61421
-7.91878 -7.30964
-7.91878 -7.15736
-8.07107 -7.00508
-8.22335 -6.70051
-8.22335 -6.54822
-8.37563 -6.39594
-8.37563 -6.09137
-8.37563 -5.93909
-8.52792 -5.7868
-8.52792 -5.48223
-8.52792 -5.32995
-8.6802 -5.02538
-8.6802 -4.8731
-8.6802 -4.56853
-8.6802 -4.41624
-8.6802 -4.11168
-8.6802 -3.95939
-8.6802 -3.80711
-8.6802 -3.50254
-8.6802 -3.35025
-8.52792 -3.04569
-8.52792 -2.8934
-8.52792 -2.58883
-8.52792 -2.43655
-8.37563 -2.28426
-8.37563 -1.9797
-8.37563 -1.82741
-8.22335 -1.52284
-8.22335 -1.37056
-8.07107 -1.21827
-8.07107 -0.913706
-7.91878 -0.761421
-7.91878 -0.609137
-7.7665 -0.456853
-7.7665 -0.152284
-7.61421 0
-7.61421 0.152284
-7.46193 0.304569
-7.30964 0.609137
-7.30964 0.761421
-7.15736 0.913706
-7.15736 1.06599
-7.00508 1.21827
-6.85279 1.37056
-6.85279 1.52284
-6.70051 1.82741
-6.54822 1.9797
-6.54822 2.13198
-6.39594 2.28426
-6.24365 2.43655
-6.24365 2.58883
-6.09137 2.74112
-5.93909 2.8934
-5.7868 3.04569
-5.7868 3.19797
-5.63452 3.35025
-5.48223 3.50254
-5.32995 3.65482
-5.32995 3.80711
-5.17766 3.95939
-5.02538 4.11168
-4.8731 4.11168
-4.72081 4.26396
-4.56853 4.41624
-4.56853 4.56853
-4.41624 4.72081
-4.26396 4.8731
-4.11168 4.8731
-3.95939 5.02538
-3.80711 5.17766
-3.65482 5.32995
-3.50254 5.32995
-3.35025 5.48223
-3.19797 5.63452
-3.04569 5.7868
-2.8934 5.7868
-2.74112 5.93909
-2.58883 6.09137
-2.43655 6.09137
-2.28426 6.24365
-2.13198 6.24365
-1.9797 6.39594
-1.82741 6.39594
-1.67513 6.54822
-1.52284 6.54822
-1.37056 6.70051
-1.21827 6.70051
-1.06599 6.85279
-0.913706 6.85279
-0.761421 7.00508
-0.609137 7.00508
-0.456853 7.15736
-0.304569 7.15736
-0.152284 7.15736
0.152284 7.30964
0.304569 7.30964
0.456853 7.30964
0.609137 7.30964
0.761421 7.46193
0.913706 7.46193
1.06599 7.46193
1.21827 7.46193
1.37056 7.61421
1.52284 7.61421
1.82741 7.61421
1.9797 7.61421
2.13198 7.61421
2.28426 7.61421
2.43655 7.61421
2.58883 7.7665
2.74112 7.7665
2.8934 7.7665
3.19797 7.7665
3.35025 7.7665
3.50254 7.7665
3.65482 7.7665
3.80711 7.7665
3.95939 7.7665
4.11168 7.7665
4.26396 7.7665
4.41624 7.61421
4.72081 7.61421
4.8731 7.61421
5.02538 7.61421
5.17766 7.61421
5.32995 7.61421
5.48223 7.61421
5.63452 7.61421
5.7868 7.61421
6.09137 7.61421
6.24365 7.61421
6.39594 7.46193
6.54822 7.46193
6.70051 7.46193
6.85279 7.46193
7.15736 7.46193
7.30964 7.46193
7.46193 7.46193
7.61421 7.46193
7.7665 7.46193
8.07107 7.30964
8.22335 7.30964
8.37563 7.30964
8.52792 7.30964
8.83249 7.30964
8.98477 7.30964
9.13706 7.15736
9.28934 7.15736
9.59391 7.15736
9.74619 7.00508
9.89848 7.00508
10.203 7.00508
10.3553 6.85279
10.5076 6.85279
10.6599 6.70051
10.9645 6.70051
11.1168 6.54822
11.269 6.54822
11.4213 6.39594
11.5736 6.24365
11.8782 6.24365
12.0305 6.09137
12.1827 5.93909
12.335 5.7868
12.4873 5.7868
12.6396 5.63452
12.7919 5.48223
12.9442 5.32995
13.0964 5.17766
13.2487 5.02538
13.401 4.8731
13.5533 4.72081
13.7056 4.56853
13.8579 4.41624
14.0102 4.26396
14.1624 4.11168
14.3147 3.95939
14.467 3.65482
14.467 3.50254
14.6193 3.35025
14.7716 3.19797
14.9239 3.04569
14.9239 2.74112
15.0761 2.58883
15.2284 2.43655
15.3807 2.28426
15.3807 1.9797
15.533 1.82741
15.533 1.67513
15.6853 1.37056
15.6853 1.21827
15.8376 1.06599
15.8376 0.761421
15.9898 0.609137
15.9898 0.456853
15.9898 0.152284
15.9898 0
15.9898 -0.304569
16.1421 -0.456853
16.1421 -0.761421
15.9898 -0.913706
15.9898 -1.06599
15.9898 -1.37056
15.9898 -1.52284
15.8376 -1.82741
