15.9898 -1.82741
15.9898 -1.9797
15.9898 -2.28426
15.8376 -2.43655
15.8376 -2.58883
15.6853 -2.74112
15.6853 -3.04569
15.533 -3.19797
15.533 -3.35025
15.3807 -3.65482
15.3807 -3.80711
15.2284 -3.95939
15.2284 -4.11168
15.0761 -4.26396
14.9239 -4.56853
14.9239 -4.72081
14.7716 -4.8731
14.6193 -5.02538
14.467 -5.17766
14.467 -5.32995
14.3147 -5.48223
14.1624 -5.63452
14.0102 -5.7868
13.8579 -5.93909
13.8579 -6.09137
13.7056 -6.24365
13.5533 -6.39594
13.401 -6.54822
13.2487 -6.70051
13.0964 -6.85279
12.9442 -6.85279
12.7919 -7.00508
12.7919 -7.15736
12.6396 -7.30964
12.4873 -7.46193
12.335 -7.46193
12.1827 -7.61421
12.0305 -7.7665
11.8782 -7.91878
11.7259 -7.91878
11.5736 -8.07107
11.4213 -8.22335
11.269 -8.22335
11.1168 -8.37563
10.9645 -8.52792
10.9645 -8.52792
10.8122 -8.6802
10.6599 -8.6802
10.5076 -8.83249
10.3553 -8.98477
10.203 -8.98477
10.0508 -9.13706
9.89848 -9.13706
9.74619 -9.28934
9.59391 -9.44162
9.44162 -9.44162
9.44162 -9.59391
9.28934 -9.59391
9.13706 -9.74619
8.98477 -9.74619
8.83249 -9.89848
8.6802 -10.0508
8.52792 -10.0508
8.37563 -10.203
8.22335 -10.203
8.07107 -10.3553
7.91878 -10.3553
7.7665 -10.5076
7.61421 -10.5076
7.46193 -10.6599
7.30964 -10.6599
7.15736 -10.8122
7.00508 -10.8122
6.85279 -10.9645
6.70051 -10.9645
6.54822 -11.1168
6.39594 -11.1168
6.24365 -11.1168
6.09137 -11.269
5.93909 -11.269
5.7868 -11.4213
5.63452 -11.4213
5.48223 -11.4213
5.32995 -11.5736
5.17766 -11.5736
5.02538 -11.7259
4.8731 -11.7259
4.72081 -11.7259
4.41624 -11.7259
4.26396 -11.8782
4.11168 -11.8782
3.95939 -11.8782
3.80711 -11.8782
3.65482 -12.0305
3.35025 -12.0305
3.19797 -12.0305
3.04569 -12.0305
2.8934 -12.0305
2.74112 -12.0305
2.43655 -12.0305
2.28426 -12.0305
2.13198 -12.0305
1.9797 -12.0305
1.82741 -12.0305
1.52284 -12.0305
1.37056 -12.0305
1.21827 -12.0305
1.06599 -12.0305
0.761421 -12.0305
0.609137 -11.8782
0.456853 -11.8782
0.304569 -11.8782
0 -11.8782
-0.152284 -11.8782
-0.304569 -11.7259
-0.456853 -11.7259
-0.761421 -11.7259
-0.913706 -11.7259
-1.06599 -11.7259
-1.37056 -11.5736
-1.52284 -11.5736
-1.67513 -11.5736
-1.9797 -11.4213
-2.13198 -11.4213
-2.28426 -11.4213
-2.58883 -11.269
-2.74112 -11.269
-2.8934 -11.269
-3.19797 -11.1168
-3.35025 -11.1168
-3.65482 -10.9645
-3.80711 -10.9645
-3.95939 -10.8122
-4.26396 -10.8122
-4.41624 -10.6599
-4.56853 -10.5076
-4.8731 -10.5076
-5.02538 -10.3553
-5.17766 -10.203
-5.32995 -10.0508
-5.63452 -9.89848
-5.7868 -9.74619
-5.93909 -9.59391
-6.09137 -9.44162
-6.24365 -9.28934
-6.39594 -9.13706
-6.54822 -8.98477
-6.70051 -8.83249
-6.85279 -8.6802
-7.00508 -8.52792
-7.00508 -8.22335
-7.15736 -8.07107
-7.30964 -7.91878
-7.30964 -7.61421
-7.46193 -7.46193
-7.46193 -7.30964
-7.61421 -7.00508
-7.61421 -6.85279
-7.7665 -6.54822
-7.7665 -6.39594
-7.7665 -6.09137
-7.7665 -5.93909
-7.91878 -5.63452
-7.91878 -5.48223
-7.91878 -5.17766
-7.91878 -5.02538
-7.91878 -4.8731
-7.91878 -4.56853
-7.91878 -4.41624
-7.91878 -4.11168
-7.91878 -3.95939
-7.91878 -3.65482
-7.7665 -3.50254
-7.7665 -3.19797
-7.7665 -3.04569
-7.7665 -2.8934
-7.61421 -2.58883
-7.61421 -2.43655
-7.61421 -2.28426
-7.46193 -1.9797
-7.46193 -1.82741
-7.30964 -1.67513
-7.30964 -1.37056
-7.30964 -1.21827
-7.15736 -1.06599
-7.15736 -0.761421
-7.00508 -0.609137
-7.00508 -0.456853
-6.85279 -0.304569
-6.85279 0
-6.70051 0.152284
-6.54822 0.304569
-6.54822 0.456853
-6.39594 0.609137
-6.39594 0.761421
-6.24365 0.913706
-6.24365 1.21827
-6.09137 1.37056
-5.93909 1.52284
-5.93909 1.67513
-5.7868 1.82741
-5.7868 1.9797
-5.63452 2.13198
-5.48223 2.28426
-5.48223 2.43655
-5.32995 2.58883
-5.17766 2.74112
-5.17766 2.8934
-5.02538 3.04569
-4.8731 3.19797
-4.8731 3.35025
-4.72081 3.50254
-4.56853 3.65482
-4.41624 3.80711
-4.41624 3.95939
-4.26396 4.11168
-4.11168 4.26396
-3.95939 4.26396
-3.80711 4.41624
-3.80711 4.56853
-3.65482 4.72081
-3.50254 4.8731
-3.35025 4.8731
-3.19797 5.02538
-3.04569 5.17766
-2.8934 5.32995
-2.74112 5.32995
-2.74112 5.48223
-2.58883 5.63452
-2.43655 5.63452
-2.28426 5.7868
-2.13198 5.93909
-1.9797 5.93909
-1.82741 6.09137
-1.67513 6.09137
-1.52284 6.24365
-1.37056 6.39594
-1.21827 6.39594
-1.06599 6.54822
-0.913706 6.54822
-0.761421 6.54822
-0.609137 6.70051
-0.456853 6.70051
-0.304569 6.85279
-0.152284 6.85279
0 6.85279
0.304569 7.00508
0.456853 7.00508
0.609137 7.00508
0.761421 7.15736
0.913706 7.15736
1.06599 7.15736
1.21827 7.30964
1.37056 7.30964
1.52284 7.30964
1.67513 7.30964
1.82741 7.46193
1.9797 7.46193
2.13198 7.46193
2.28426 7.46193
2.43655 7.61421
2.58883 7.61421
2.74112 7.61421
3.04569 7.61421
3.19797 7.61421
3.35025 7.7665
3.50254 7.7665
3.65482 7.7665
3.80711 7.7665
3.95939 7.7665
4.11168 7.91878
4.26396 7.91878
4.41624 7.91878
4.72081 7.91878
4.8731 7.91878
5.02538 8.07107
5.17766 8.07107
5.32995 8.07107
5.48223 8.07107
5.63452 8.07107
5.93909 8.07107
6.09137 8.22335
6.24365 8.22335
6.39594 8.22335
6.70051 8.22335
6.85279 8.22335
7.00508 8.22335
7.15736 8.22335
7.46193 8.22335
7.61421 8.22335
7.7665 8.22335
7.91878 8.22335
8.22335 8.22335
8.37563 8.22335
8.52792 8.22335
8.83249 8.22335
8.98477 8.22335
9.13706 8.07107
9.44162 8.07107
9.59391 8.07107
9.74619 8.07107
10.0508 7.91878
10.203 7.91878
10.3553 7.91878
10.6599 7.7665
10.8122 7.7665
10.9645 7.61421
11.269 7.61421
11.4213 7.46193
11.5736 7.46193
11.8782 7.30964
12.0305 7.30964
12.1827 7.15736
12.335 7.00508
12.4873 6.85279
12.7919 6.85279
12.9442 6.70051
13.0964 6.54822
13.2487 6.39594
13.401 6.24365
13.5533 6.09137
13.7056 5.93909
13.8579 5.7868
14.0102 5.63452
14.1624 5.48223
14.3147 5.32995
14.467 5.17766
14.6193 5.02538
14.7716 4.8731
14.7716 4.56853
14.9239 4.41624
15.0761 4.26396
15.0761 4.11168
15.2284 3.80711
15.3807 3.65482
15.3807 3.50254
15.533 3.19797
15.533 3.04569
15.6853 2.8934
15.6853 2.58883
15.6853 2.43655
15.8376 2.28426
15.8376 1.9797
15.8376 1.82741
15.9898 1.52284
15.9898 1.37056
15.9898 1.21827
15.9898 0.913706
15.9898 0.761421
15.9898 0.456853
15.9898 0.304569
15.9898 0.152284
15.9898 -0.152284
15.9898 -0.304569
15.9898 -0.609137
15.9898 -0.761421
15.9898 -0.913706
15.9898 -1.21827
15.9898 -1.37056
15.9898 -1.52284
