16.599 -1.82741
16.599 -2.13198
16.599 -2.28426
16.4467 -2.58883
16.4467 -2.74112
16.4467 -2.8934
16.4467 -3.19797
16.2944 -3.35025
16.2944 -3.50254
16.1421 -3.80711
15.9898 -3.95939
15.9898 -4.11168
15.8376 -4.26396
15.6853 -4.56853
15.533 -4.72081
15.3807 -4.8731
15.2284 -5.02538
15.2284 -5.17766
15.0761 -5.32995
14.9239 -5.48223
14.7716 -5.63452
14.6193 -5.7868
14.467 -5.93909
14.3147 -6.09137
14.1624 -6.24365
14.0102 -6.39594
13.8579 -6.54822
13.7056 -6.70051
13.5533 -6.70051
13.401 -6.85279
13.2487 -7.00508
13.0964 -7.15736
12.9442 -7.15736
12.7919 -7.30964
12.6396 -7.46193
12.4873 -7.61421
12.335 -7.61421
12.1827 -7.7665
12.0305 -7.91878
11.8782 -7.91878
11.7259 -8.07107
11.5736 -8.22335
11.4213 -8.22335
11.269 -8.37563
11.1168 -8.37563
10.9645 -8.52792
10.8122 -8.6802
10.6599 -8.6802
10.5076 -8.83249
10.3553 -8.83249
10.3553 -8.98477
10.203 -9.13706
10.0508 -9.13706
9.89848 -9.28934
9.74619 -9.28934
9.59391 -9.44162
9.44162 -9.44162
9.28934 -9.59391
9.13706 -9.59391
8.98477 -9.74619
8.98477 -9.89848
8.83249 -9.89848
8.6802 -10.0508
8.52792 -10.0508
8.37563 -10.203
8.22335 -10.203
8.07107 -10.3553
7.91878 -10.3553
7.7665 -10.5076
7.61421 -10.5076
7.46193 -10.6599
7.30964 -10.6599
7.15736 -10.8122
7.00508 -10.8122
6.85279 -10.8122
6.70051 -10.9645
6.54822 -10.9645
6.39594 -11.1168
6.24365 -11.1168
6.09137 -11.269
5.93909 -11.269
5.7868 -11.269
5.63452 -11.4213
5.48223 -11.4213
5.32995 -11.4213
5.17766 -11.5736
5.02538 -11.5736
4.8731 -11.5736
4.72081 -11.7259
4.56853 -11.7259
4.41624 -11.7259
4.11168 -11.8782
3.95939 -11.8782
3.80711 -11.8782
3.65482 -11.8782
3.50254 -11.8782
3.35025 -11.8782
3.04569 -12.0305
2.8934 -12.0305
2.74112 -12.0305
2.58883 -12.0305
2.43655 -12.0305
2.13198 -12.0305
1.9797 -12.0305
1.82741 -12.0305
1.67513 -12.0305
1.37056 -12.0305
1.21827 -12.0305
1.06599 -12.0305
0.913706 -12.0305
0.609137 -12.0305
0.456853 -12.0305
0.304569 -11.8782
0.152284 -11.8782
-0.152284 -11.8782
-0.304569 -11.8782
-0.456853 -11.8782
-0.761421 -11.8782
-0.913706 -11.7259
-1.06599 -11.7259
-1.37056 -11.7259
-1.52284 -11.7259
-1.67513 -11.5736
-1.9797 -11.5736
-2.13198 -11.5736
-2.43655 -11.5736
-2.58883 -11.4213
-2.74112 -11.4213
-3.04569 -11.269
-3.19797 -11.269
-3.50254 -11.1168
-3.65482 -11.1168
-3.80711 -10.9645
-4.11168 -10.9645
-4.26396 -10.8122
-4.41624 -10.6599
-4.72081 -10.6599
-4.8731 -10.5076
-5.02538 -10.3553
-5.17766 -10.203
-5.48223 -10.0508
-5.63452 -9.89848
-5.7868 -9.74619
-5.93909 -9.59391
-6.09137 -9.44162
-6.24365 -9.28934
-6.39594 -9.13706
-6.54822 -8.98477
-6.54822 -8.6802
-6.70051 -8.52792
-6.85279 -8.37563
-6.85279 -8.07107
-7.00508 -7.91878
-7.00508 -7.7665
-7.15736 -7.46193
-7.15736 -7.30964
-7.30964 -7.00508
-7.30964 -6.85279
-7.30964 -6.70051
-7.46193 -6.39594
-7.46193 -6.24365
-7.46193 -5.93909
-7.46193 -5.7868
-7.46193 -5.48223
-7.46193 -5.32995
-7.46193 -5.02538
-7.46193 -4.8731
-7.46193 -4.56853
-7.46193 -4.41624
-7.46193 -4.11168
-7.46193 -3.95939
-7.30964 -3.80711
-7.30964 -3.50254
-7.30964 -3.35025
-7.30964 -3.04569
-7.15736 -2.8934
-7.15736 -2.74112
-7.15736 -2.43655
-7.00508 -2.28426
-7.00508 -2.13198
-7.00508 -1.82741
-6.85279 -1.67513
-6.85279 -1.52284
-6.85279 -1.37056
-6.70051 -1.06599
-6.70051 -0.913706
-6.54822 -0.761421
-6.54822 -0.609137
-6.39594 -0.304569
-6.39594 -0.152284
-6.24365 0
-6.24365 0.152284
-6.09137 0.304569
-6.09137 0.456853
-5.93909 0.609137
-5.93909 0.913706
-5.7868 1.06599
-5.7868 1.21827
-5.63452 1.37056
-5.63452 1.52284
-5.48223 1.67513
-5.48223 1.82741
-5.32995 1.9797
-5.32995 2.13198
-5.17766 2.28426
-5.02538 2.43655
-5.02538 2.58883
-4.8731 2.74112
-4.72081 2.8934
-4.72081 3.04569
-4.56853 3.19797
-4.41624 3.35025
-4.41624 3.50254
-4.26396 3.65482
-4.11168 3.80711
-4.11168 3.95939
-3.95939 4.11168
-3.80711 4.26396
-3.65482 4.41624
-3.50254 4.56853
-3.50254 4.56853
-3.35025 4.72081
-3.19797 4.8731
-3.04569 5.02538
-2.8934 5.02538
-2.74112 5.17766
-2.58883 5.32995
-2.43655 5.48223
-2.28426 5.48223
-2.13198 5.63452
-1.9797 5.63452
-1.82741 5.7868
-1.67513 5.93909
-1.52284 5.93909
-1.37056 6.09137
-1.21827 6.09137
-1.06599 6.24365
-0.913706 6.24365
-0.761421 6.24365
-0.609137 6.39594
-0.456853 6.39594
-0.304569 6.54822
-0.152284 6.54822
0 6.54822
0.152284 6.54822
0.304569 6.70051
0.456853 6.70051
0.609137 6.70051
0.913706 6.70051
1.06599 6.85279
1.21827 6.85279
1.37056 6.85279
1.52284 6.85279
1.67513 6.85279
1.82741 6.85279
1.9797 6.85279
2.13198 7.00508
2.28426 7.00508
2.43655 7.00508
2.58883 7.00508
2.74112 7.00508
2.8934 7.00508
3.04569 7.15736
3.19797 7.15736
3.35025 7.15736
3.50254 7.15736
3.65482 7.15736
3.80711 7.30964
3.95939 7.30964
4.11168 7.30964
4.41624 7.30964
4.56853 7.46193
4.72081 7.46193
4.8731 7.46193
5.02538 7.46193
5.17766 7.61421
5.32995 7.61421
5.48223 7.61421
5.63452 7.61421
5.93909 7.7665
6.09137 7.7665
6.24365 7.7665
6.39594 7.7665
6.54822 7.91878
6.85279 7.91878
7.00508 7.91878
7.15736 7.91878
7.30964 7.91878
7.61421 7.91878
7.7665 8.07107
7.91878 8.07107
8.22335 8.07107
8.37563 8.07107
8.52792 8.07107
8.83249 8.07107
8.98477 8.07107
9.13706 8.07107
9.44162 8.07107
9.59391 8.07107
9.74619 7.91878
10.0508 7.91878
10.203 7.91878
10.5076 7.91878
10.6599 7.7665
10.8122 7.7665
11.1168 7.7665
11.269 7.61421
11.4213 7.61421
11.7259 7.46193
11.8782 7.46193
12.0305 7.30964
12.335 7.15736
12.4873 7.15736
12.6396 7.00508
12.7919 6.85279
12.9442 6.70051
13.0964 6.54822
13.401 6.54822
13.5533 6.39594
13.7056 6.24365
13.8579 6.09137
14.0102 5.93909
14.1624 5.7868
14.1624 5.48223
14.3147 5.32995
14.467 5.17766
14.6193 5.02538
14.7716 4.8731
14.7716 4.72081
14.9239 4.41624
15.0761 4.26396
15.0761 4.11168
15.2284 3.80711
15.2284 3.65482
15.3807 3.50254
15.3807 3.35025
15.533 3.04569
15.533 2.8934
15.6853 2.58883
15.6853 2.43655
15.6853 2.28426
15.8376 1.9797
15.8376 1.82741
15.8376 1.67513
15.8376 1.37056
15.9898 1.21827
15.9898 1.06599
15.9898 0.761421
15.9898 0.609137
15.9898 0.456853
16.1421 0.152284
16.1421 0
16.1421 -0.304569
16.2944 -0.456853
16.2944 -0.609137
16.2944 -0.913706
16.4467 -1.06599
16.4467 -1.21827
16.599 -1.52284
16.599 -1.67513
