16.7513 -2.13198
16.7513 -2.28426
16.599 -2.43655
16.599 -2.74112
16.599 -2.8934
16.4467 -3.04569
16.4467 -3.35025
16.4467 -3.50254
16.2944 -3.65482
16.1421 -3.95939
16.1421 -4.11168
15.9898 -4.26396
15.8376 -4.41624
15.6853 -4.72081
15.6853 -4.8731
15.533 -5.02538
15.3807 -5.17766
15.2284 -5.32995
15.0761 -5.48223
14.9239 -5.63452
14.7716 -5.7868
14.6193 -5.93909
14.467 -6.09137
14.3147 -6.24365
14.1624 -6.39594
14.0102 -6.54822
13.8579 -6.54822
13.7056 -6.70051
13.5533 -6.85279
13.401 -7.00508
13.2487 -7.15736
13.0964 -7.15736
12.9442 -7.30964
12.7919 -7.46193
12.6396 -7.61421
12.4873 -7.61421
12.335 -7.7665
12.1827 -7.91878
12.0305 -7.91878
11.8782 -8.07107
11.7259 -8.07107
11.5736 -8.22335
11.4213 -8.37563
11.269 -8.37563
11.1168 -8.52792
10.9645 -8.52792
10.8122 -8.6802
10.8122 -8.6802
10.6599 -8.83249
10.5076 -8.98477
10.3553 -8.98477
10.203 -9.13706
10.0508 -9.13706
9.89848 -9.28934
9.74619 -9.28934
9.59391 -9.44162
9.44162 -9.44162
9.28934 -9.59391
9.28934 -9.59391
9.13706 -9.74619
8.98477 -9.74619
8.83249 -9.89848
8.6802 -9.89848
8.52792 -10.0508
8.37563 -10.0508
8.22335 -10.203
8.07107 -10.203
8.07107 -10.3553
7.91878 -10.3553
7.7665 -10.5076
7.61421 -10.5076
7.46193 -10.6599
7.30964 -10.6599
7.15736 -10.6599
7.00508 -10.8122
6.85279 -10.8122
6.70051 -10.9645
6.54822 -10.9645
6.39594 -11.1168
6.24365 -11.1168
6.09137 -11.269
5.93909 -11.269
5.7868 -11.269
5.63452 -11.4213
5.48223 -11.4213
5.32995 -11.4213
5.17766 -11.5736
5.02538 -11.5736
4.8731 -11.5736
4.72081 -11.7259
4.56853 -11.7259
4.26396 -11.7259
4.11168 -11.8782
3.95939 -11.8782
3.80711 -11.8782
3.65482 -11.8782
3.50254 -11.8782
3.35025 -12.0305
3.04569 -12.0305
2.8934 -12.0305
2.74112 -12.0305
2.58883 -12.0305
2.43655 -12.0305
2.13198 -12.0305
1.9797 -12.0305
1.82741 -12.0305
1.67513 -12.0305
1.52284 -12.0305
1.21827 -12.0305
1.06599 -12.0305
0.913706 -12.0305
0.761421 -12.0305
0.456853 -12.0305
0.304569 -11.8782
0.152284 -11.8782
-0.152284 -11.8782
-0.304569 -11.8782
-0.456853 -11.8782
-0.761421 -11.8782
-0.913706 -11.7259
-1.06599 -11.7259
-1.37056 -11.7259
-1.52284 -11.7259
-1.67513 -11.7259
-1.9797 -11.5736
-2.13198 -11.5736
-2.43655 -11.5736
-2.58883 -11.4213
-2.74112 -11.4213
-3.04569 -11.4213
-3.19797 -11.269
-3.50254 -11.269
-3.65482 -11.1168
-3.80711 -10.9645
-4.11168 -10.9645
-4.26396 -10.8122
-4.41624 -10.8122
-4.72081 -10.6599
-4.8731 -10.5076
-5.02538 -10.3553
-5.17766 -10.203
-5.48223 -10.0508
-5.63452 -9.89848
-5.7868 -9.74619
-5.93909 -9.59391
-6.09137 -9.44162
-6.24365 -9.28934
-6.39594 -9.13706
-6.39594 -8.98477
-6.54822 -8.6802
-6.70051 -8.52792
-6.70051 -8.37563
-6.85279 -8.07107
-7.00508 -7.91878
-7.00508 -7.61421
-7.15736 -7.46193
-7.15736 -7.30964
-7.15736 -7.00508
-7.30964 -6.85279
-7.30964 -6.54822
-7.30964 -6.39594
-7.30964 -6.09137
-7.30964 -5.93909
-7.30964 -5.63452
-7.30964 -5.48223
-7.30964 -5.17766
-7.30964 -5.02538
-7.30964 -4.72081
-7.30964 -4.56853
-7.30964 -4.41624
-7.30964 -4.11168
-7.30964 -3.95939
-7.15736 -3.65482
-7.15736 -3.50254
-7.15736 -3.35025
-7.15736 -3.04569
-7.00508 -2.8934
-7.00508 -2.74112
-7.00508 -2.43655
-6.85279 -2.28426
-6.85279 -2.13198
-6.85279 -1.82741
-6.70051 -1.67513
-6.70051 -1.52284
-6.54822 -1.21827
-6.54822 -1.06599
-6.39594 -0.913706
-6.39594 -0.761421
-6.39594 -0.609137
-6.24365 -0.304569
-6.24365 -0.152284
-6.09137 0
-6.09137 0.152284
-5.93909 0.304569
-5.93909 0.456853
-5.7868 0.761421
-5.7868 0.913706
-5.63452 1.06599
-5.63452 1.21827
-5.48223 1.37056
-5.48223 1.52284
-5.32995 1.67513
-5.32995 1.82741
-5.17766 1.9797
-5.02538 2.13198
-5.02538 2.43655
-4.8731 2.58883
-4.8731 2.74112
-4.72081 2.8934
-4.56853 3.04569
-4.56853 3.19797
-4.41624 3.35025
-4.26396 3.50254
-4.11168 3.50254
-4.11168 3.65482
-3.95939 3.80711
-3.80711 3.95939
-3.65482 4.11168
-3.50254 4.26396
-3.50254 4.41624
-3.35025 4.41624
-3.19797 4.56853
-3.04569 4.72081
-2.8934 4.8731
-2.74112 4.8731
-2.58883 5.02538
-2.43655 5.17766
-2.28426 5.17766
-2.13198 5.32995
-1.9797 5.32995
-1.82741 5.48223
-1.67513 5.63452
-1.52284 5.63452
-1.37056 5.7868
-1.21827 5.7868
-1.06599 5.7868
-0.913706 5.93909
-0.761421 5.93909
-0.609137 6.09137
-0.456853 6.09137
-0.304569 6.09137
-0.152284 6.24365
0 6.24365
0.304569 6.24365
0.456853 6.39594
0.609137 6.39594
0.761421 6.39594
0.913706 6.54822
1.06599 6.54822
1.21827 6.54822
1.37056 6.70051
1.52284 6.70051
1.67513 6.70051
1.82741 6.70051
1.9797 6.85279
2.13198 6.85279
2.28426 6.85279
2.43655 6.85279
2.58883 6.85279
2.74112 7.00508
2.8934 7.00508
3.04569 7.00508
3.19797 7.00508
3.35025 7.15736
3.50254 7.15736
3.65482 7.15736
3.80711 7.15736
3.95939 7.30964
4.11168 7.30964
4.26396 7.30964
4.56853 7.46193
4.72081 7.46193
4.8731 7.46193
5.02538 7.46193
5.17766 7.61421
5.32995 7.61421
5.48223 7.61421
5.63452 7.61421
5.93909 7.7665
6.09137 7.7665
6.24365 7.7665
6.39594 7.7665
6.54822 7.7665
6.85279 7.7665
7.00508 7.91878
7.15736 7.91878
7.30964 7.91878
7.61421 7.91878
7.7665 7.91878
7.91878 7.91878
8.07107 7.91878
8.37563 7.91878
8.52792 7.91878
8.6802 7.91878
8.98477 7.7665
9.13706 7.7665
9.28934 7.7665
9.44162 7.7665
9.74619 7.7665
9.89848 7.61421
10.0508 7.61421
10.3553 7.61421
10.5076 7.46193
10.6599 7.46193
10.8122 7.46193
11.1168 7.30964
11.269 7.30964
11.4213 7.15736
11.7259 7.15736
11.8782 7.00508
12.0305 6.85279
12.1827 6.85279
12.4873 6.70051
12.6396 6.54822
12.7919 6.54822
12.9442 6.39594
13.0964 6.24365
13.2487 6.09137
13.5533 6.09137
13.7056 5.93909
13.8579 5.7868
14.0102 5.63452
14.1624 5.48223
14.3147 5.32995
14.467 5.17766
14.6193 5.02538
14.7716 4.8731
14.7716 4.72081
14.9239 4.41624
15.0761 4.26396
15.2284 4.11168
15.3807 3.95939
15.3807 3.80711
15.533 3.50254
15.533 3.35025
15.6853 3.19797
15.6853 2.8934
15.8376 2.74112
15.8376 2.43655
15.8376 2.28426
15.8376 2.13198
15.9898 1.82741
15.9898 1.67513
15.9898 1.37056
15.9898 1.21827
15.9898 1.06599
15.9898 0.761421
15.9898 0.609137
15.9898 0.456853
16.1421 0.152284
16.1421 0
16.1421 -0.152284
16.1421 -0.456853
16.2944 -0.609137
16.2944 -0.761421
16.2944 -1.06599
16.4467 -1.21827
16.599 -1.37056
16.599 -1.67513
16.7513 -1.82741
