16.7513 -1.9797
16.7513 -2.13198
16.9036 -2.43655
16.9036 -2.58883
16.7513 -2.74112
16.7513 -3.04569
16.7513 -3.19797
16.7513 -3.35025
16.599 -3.65482
16.599 -3.80711
16.4467 -3.95939
16.2944 -4.11168
16.2944 -4.41624
16.1421 -4.56853
15.9898 -4.72081
15.8376 -4.8731
15.6853 -5.02538
15.533 -5.17766
15.3807 -5.32995
15.2284 -5.48223
15.0761 -5.63452
14.9239 -5.7868
14.7716 -5.93909
14.6193 -6.09137
14.467 -6.24365
14.3147 -6.39594
14.1624 -6.39594
14.0102 -6.54822
13.8579 -6.70051
13.7056 -6.85279
13.5533 -7.00508
13.401 -7.00508
13.2487 -7.15736
13.0964 -7.30964
12.9442 -7.30964
12.7919 -7.46193
12.6396 -7.61421
12.4873 -7.7665
12.335 -7.7665
12.1827 -7.91878
12.0305 -7.91878
11.8782 -8.07107
11.8782 -8.22335
11.7259 -8.22335
11.5736 -8.37563
11.4213 -8.37563
11.269 -8.52792
11.1168 -8.6802
10.9645 -8.6802
10.8122 -8.83249
10.6599 -8.83249
10.5076 -8.98477
10.5076 -8.98477
10.3553 -9.13706
10.203 -9.13706
10.0508 -9.28934
9.89848 -9.28934
9.74619 -9.44162
9.59391 -9.44162
9.44162 -9.59391
9.28934 -9.59391
9.13706 -9.74619
9.13706 -9.74619
8.98477 -9.89848
8.83249 -9.89848
8.6802 -10.0508
8.52792 -10.0508
8.37563 -10.0508
8.22335 -10.203
8.07107 -10.203
7.91878 -10.3553
7.7665 -10.3553
7.61421 -10.5076
7.61421 -10.5076
7.46193 -10.6599
7.30964 -10.6599
7.15736 -10.8122
7.00508 -10.8122
6.85279 -10.8122
6.70051 -10.9645
6.54822 -10.9645
6.39594 -11.1168
6.24365 -11.1168
6.09137 -11.269
5.93909 -11.269
5.7868 -11.269
5.63452 -11.4213
5.48223 -11.4213
5.17766 -11.5736
5.02538 -11.5736
4.8731 -11.5736
4.72081 -11.7259
4.56853 -11.7259
4.41624 -11.7259
4.26396 -11.7259
4.11168 -11.8782
3.80711 -11.8782
3.65482 -11.8782
3.50254 -11.8782
3.35025 -12.0305
3.19797 -12.0305
2.8934 -12.0305
2.74112 -12.0305
2.58883 -12.0305
2.43655 -12.0305
2.13198 -12.0305
1.9797 -12.0305
1.82741 -12.0305
1.67513 -12.0305
1.37056 -12.0305
1.21827 -12.0305
1.06599 -12.0305
0.761421 -12.0305
0.609137 -12.0305
0.456853 -12.0305
0.304569 -12.0305
0 -12.0305
-0.152284 -12.0305
-0.456853 -11.8782
-0.609137 -11.8782
-0.761421 -11.8782
-1.06599 -11.8782
-1.21827 -11.7259
-1.37056 -11.7259
-1.67513 -11.7259
-1.82741 -11.5736
-1.9797 -11.5736
-2.28426 -11.4213
-2.43655 -11.4213
-2.74112 -11.269
-2.8934 -11.269
-3.04569 -11.1168
-3.35025 -11.1168
-3.50254 -10.9645
-3.65482 -10.8122
-3.80711 -10.8122
-4.11168 -10.6599
-4.26396 -10.5076
-4.41624 -10.3553
-4.56853 -10.203
-4.72081 -10.0508
-4.8731 -9.89848
-5.02538 -9.74619
-5.17766 -9.59391
-5.32995 -9.44162
-5.48223 -9.28934
-5.63452 -9.13706
-5.7868 -8.83249
-5.7868 -8.6802
-5.93909 -8.52792
-6.09137 -8.22335
-6.09137 -8.07107
-6.24365 -7.91878
-6.24365 -7.61421
-6.39594 -7.46193
-6.39594 -7.30964
-6.39594 -7.00508
-6.54822 -6.85279
-6.54822 -6.54822
-6.54822 -6.39594
-6.54822 -6.09137
-6.54822 -5.93909
-6.54822 -5.63452
-6.54822 -5.48223
-6.54822 -5.32995
-6.54822 -5.02538
-6.54822 -4.8731
-6.54822 -4.56853
-6.54822 -4.41624
-6.54822 -4.26396
-6.54822 -3.95939
-6.54822 -3.80711
-6.39594 -3.50254
-6.39594 -3.35025
-6.39594 -3.19797
-6.39594 -2.8934
-6.39594 -2.74112
-6.24365 -2.58883
-6.24365 -2.28426
-6.24365 -2.13198
-6.09137 -1.9797
-6.09137 -1.82741
-6.09137 -1.52284
-5.93909 -1.37056
-5.93909 -1.21827
-5.93909 -1.06599
-5.7868 -0.761421
-5.7868 -0.609137
-5.63452 -0.456853
-5.63452 -0.304569
-5.63452 -0.152284
-5.48223 0
-5.48223 0.304569
-5.32995 0.456853
-5.32995 0.609137
-5.17766 0.761421
-5.17766 0.913706
-5.02538 1.06599
-5.02538 1.21827
-4.8731 1.37056
-4.8731 1.52284
-4.72081 1.67513
-4.72081 1.9797
-4.56853 2.13198
-4.56853 2.28426
-4.41624 2.43655
-4.26396 2.58883
-4.26396 2.74112
-4.11168 2.8934
-3.95939 3.04569
-3.95939 3.04569
-3.80711 3.19797
-3.65482 3.35025
-3.50254 3.50254
-3.35025 3.65482
-3.35025 3.80711
-3.19797 3.95939
-3.04569 3.95939
-2.8934 4.11168
-2.74112 4.26396
-2.58883 4.41624
-2.43655 4.41624
-2.28426 4.56853
-2.13198 4.72081
-1.9797 4.72081
-1.82741 4.8731
-1.67513 4.8731
-1.52284 5.02538
-1.37056 5.02538
-1.21827 5.17766
-1.06599 5.17766
-0.913706 5.32995
-0.761421 5.32995
-0.609137 5.48223
-0.456853 5.48223
-0.304569 5.63452
-0.304569 5.63452
-0.152284 5.7868
0 5.7868
0.152284 5.93909
0.304569 5.93909
0.456853 5.93909
0.609137 6.09137
0.761421 6.09137
0.913706 6.24365
1.06599 6.24365
1.21827 6.39594
1.37056 6.39594
1.52284 6.54822
1.67513 6.54822
1.82741 6.70051
1.9797 6.70051
2.13198 6.85279
2.28426 6.85279
2.43655 6.85279
2.58883 7.00508
2.74112 7.00508
2.8934 7.15736
3.04569 7.15736
3.19797 7.15736
3.35025 7.30964
3.50254 7.30964
3.65482 7.30964
3.80711 7.46193
3.95939 7.46193
4.11168 7.46193
4.26396 7.46193
4.41624 7.46193
4.56853 7.61421
4.72081 7.61421
4.8731 7.61421
5.02538 7.61421
5.17766 7.61421
5.48223 7.61421
5.63452 7.61421
5.7868 7.61421
5.93909 7.61421
6.09137 7.61421
6.24365 7.61421
6.39594 7.61421
6.54822 7.61421
6.85279 7.61421
7.00508 7.61421
7.15736 7.61421
7.30964 7.61421
7.46193 7.61421
7.61421 7.61421
7.91878 7.61421
8.07107 7.61421
8.22335 7.61421
8.37563 7.7665
8.6802 7.7665
8.83249 7.7665
8.98477 7.7665
9.28934 7.7665
9.44162 7.7665
9.74619 7.7665
9.89848 7.7665
10.0508 7.7665
10.3553 7.7665
10.5076 7.7665
10.8122 7.7665
10.9645 7.7665
11.269 7.7665
11.4213 7.7665
11.7259 7.61421
11.8782 7.61421
12.0305 7.61421
12.335 7.46193
12.4873 7.46193
12.6396 7.30964
12.9442 7.15736
13.0964 7.15736
13.2487 7.00508
13.401 6.85279
13.5533 6.70051
13.7056 6.54822
13.8579 6.39594
14.0102 6.24365
14.1624 6.09137
14.3147 5.93909
14.467 5.7868
14.467 5.48223
14.6193 5.32995
14.7716 5.17766
14.7716 5.02538
14.9239 4.72081
14.9239 4.56853
15.0761 4.41624
15.0761 4.11168
15.2284 3.95939
15.2284 3.80711
15.3807 3.50254
15.3807 3.35025
15.3807 3.19797
15.533 2.8934
15.533 2.74112
15.533 2.58883
15.6853 2.43655
15.6853 2.13198
15.6853 1.9797
15.8376 1.82741
15.8376 1.52284
15.8376 1.37056
15.9898 1.21827
15.9898 1.06599
15.9898 0.761421
16.1421 0.609137
16.1421 0.456853
16.1421 0.304569
16.2944 0
16.2944 -0.152284
16.2944 -0.304569
16.4467 -0.609137
16.4467 -0.761421
16.4467 -0.913706
16.599 -1.21827
16.599 -1.37056
16.599 -1.52284
16.7513 -1.82741
