9.44162 -2.28426
9.44162 -2.43655
9.59391 -2.58883
9.59391 -2.74112
9.74619 -2.8934
9.74619 -3.04569
9.74619 -3.19797
9.74619 -3.35025
9.89848 -3.65482
9.89848 -3.80711
9.89848 -3.95939
9.89848 -4.11168
9.89848 -4.26396
9.89848 -4.41624
9.89848 -4.56853
9.89848 -4.72081
9.89848 -4.8731
9.89848 -5.02538
9.74619 -5.17766
9.74619 -5.48223
9.74619 -5.63452
9.74619 -5.7868
9.59391 -5.93909
9.59391 -6.09137
9.59391 -6.24365
9.44162 -6.39594
9.44162 -6.54822
9.28934 -6.70051
9.28934 -6.85279
9.13706 -7.00508
9.13706 -7.15736
8.98477 -7.30964
8.83249 -7.46193
8.83249 -7.46193
8.6802 -7.61421
8.6802 -7.7665
8.52792 -7.91878
8.37563 -8.07107
8.37563 -8.22335
8.22335 -8.37563
8.07107 -8.52792
7.91878 -8.52792
7.91878 -8.6802
7.7665 -8.83249
7.61421 -8.98477
7.46193 -9.13706
7.46193 -9.13706
7.30964 -9.28934
7.15736 -9.44162
7.00508 -9.59391
6.85279 -9.59391
6.85279 -9.74619
6.70051 -9.89848
6.54822 -10.0508
6.39594 -10.0508
6.24365 -10.203
6.09137 -10.3553
6.09137 -10.5076
5.93909 -10.5076
5.7868 -10.6599
5.63452 -10.6599
5.48223 -10.8122
5.32995 -10.9645
5.17766 -10.9645
5.02538 -11.1168
4.8731 -11.1168
4.72081 -11.269
4.56853 -11.269
4.41624 -11.4213
4.26396 -11.4213
4.11168 -11.4213
3.95939 -11.5736
3.80711 -11.5736
3.65482 -11.5736
3.35025 -11.5736
3.19797 -11.5736
3.04569 -11.7259
2.8934 -11.7259
2.74112 -11.7259
2.58883 -11.7259
2.43655 -11.7259
2.28426 -11.7259
2.13198 -11.7259
1.82741 -11.5736
1.67513 -11.5736
1.52284 -11.5736
1.37056 -11.5736
1.21827 -11.5736
1.06599 -11.5736
0.913706 -11.4213
0.761421 -11.4213
0.609137 -11.4213
0.456853 -11.4213
0.304569 -11.4213
0.152284 -11.269
0 -11.269
-0.152284 -11.269
-0.304569 -11.269
-0.456853 -11.269
-0.609137 -11.269
-0.761421 -11.1168
-0.913706 -11.1168
-1.06599 -11.1168
-1.21827 -11.1168
-1.52284 -11.1168
-1.67513 -11.1168
-1.82741 -11.1168
-1.9797 -10.9645
-2.13198 -10.9645
-2.28426 -10.9645
-2.43655 -10.9645
-2.58883 -10.9645
-2.74112 -10.8122
-2.8934 -10.8122
-3.04569 -10.8122
-3.19797 -10.6599
-3.35025 -10.6599
-3.50254 -10.6599
-3.65482 -10.5076
-3.80711 -10.5076
-3.95939 -10.3553
-4.11168 -10.3553
-4.26396 -10.203
-4.41624 -10.203
-4.56853 -10.0508
-4.56853 -10.0508
-4.72081 -9.89848
-4.8731 -9.74619
-5.02538 -9.59391
-5.17766 -9.59391
-5.17766 -9.44162
-5.32995 -9.28934
-5.48223 -9.13706
-5.63452 -9.13706
-5.63452 -8.98477
-5.7868 -8.83249
-5.7868 -8.6802
-5.93909 -8.52792
-6.09137 -8.37563
-6.09137 -8.22335
-6.24365 -8.07107
-6.24365 -7.91878
-6.24365 -7.7665
-6.39594 -7.61421
-6.39594 -7.46193
-6.54822 -7.30964
-6.54822 -7.15736
-6.54822 -7.00508
-6.54822 -6.85279
-6.70051 -6.70051
-6.70051 -6.54822
-6.70051 -6.39594
-6.70051 -6.24365
-6.70051 -6.09137
-6.70051 -5.93909
-6.85279 -5.7868
-6.85279 -5.63452
-6.85279 -5.48223
-6.85279 -5.32995
-6.85279 -5.17766
-6.85279 -5.02538
-6.85279 -4.8731
-6.85279 -4.72081
-6.85279 -4.56853
-6.85279 -4.56853
-6.85279 -4.41624
-6.85279 -4.26396
-7.00508 -4.11168
-7.00508 -3.95939
-7.00508 -3.80711
-7.00508 -3.65482
-7.00508 -3.50254
-7.00508 -3.35025
-7.00508 -3.19797
-7.00508 -3.19797
-7.15736 -3.04569
-7.15736 -2.8934
-7.15736 -2.74112
-7.15736 -2.58883
-7.15736 -2.43655
-7.15736 -2.28426
-7.15736 -2.13198
-7.15736 -1.9797
-7.30964 -1.82741
-7.30964 -1.67513
-7.30964 -1.67513
-7.30964 -1.52284
-7.30964 -1.37056
-7.30964 -1.21827
-7.30964 -1.06599
-7.30964 -0.913706
-7.30964 -0.761421
-7.30964 -0.609137
-7.30964 -0.456853
-7.30964 -0.304569
-7.30964 -0.152284
-7.30964 0
-7.15736 0.152284
-7.15736 0.304569
-7.15736 0.456853
-7.15736 0.609137
-7.15736 0.761421
-7.00508 0.913706
-7.00508 1.06599
-7.00508 1.06599
-7.00508 1.21827
-6.85279 1.37056
-6.85279 1.52284
-6.85279 1.67513
-6.70051 1.82741
-6.70051 1.9797
-6.70051 2.13198
-6.54822 2.28426
-6.54822 2.43655
-6.39594 2.58883
-6.39594 2.74112
-6.39594 2.8934
-6.24365 3.04569
-6.24365 3.19797
-6.09137 3.35025
-6.09137 3.50254
-6.09137 3.50254
-5.93909 3.65482
-5.93909 3.80711
-5.7868 3.95939
-5.7868 4.11168
-5.63452 4.26396
-5.48223 4.41624
-5.48223 4.56853
-5.32995 4.72081
-5.32995 4.8731
-5.17766 5.02538
-5.02538 5.17766
-5.02538 5.32995
-4.8731 5.48223
-4.72081 5.63452
-4.72081 5.7868
-4.56853 5.93909
-4.41624 5.93909
-4.26396 6.09137
-4.26396 6.24365
-4.11168 6.39594
-3.95939 6.54822
-3.80711 6.54822
-3.65482 6.70051
-3.50254 6.85279
-3.35025 7.00508
-3.19797 7.00508
-3.04569 7.15736
-2.8934 7.30964
-2.74112 7.30964
-2.58883 7.46193
-2.43655 7.46193
-2.28426 7.61421
-2.13198 7.61421
-1.9797 7.7665
-1.82741 7.7665
-1.52284 7.7665
-1.37056 7.91878
-1.21827 7.91878
-1.06599 7.91878
-0.913706 7.91878
-0.761421 7.91878
-0.456853 7.91878
-0.304569 7.91878
-0.152284 7.91878
0 7.91878
0.152284 7.91878
0.456853 7.7665
0.609137 7.7665
0.761421 7.7665
0.913706 7.61421
1.06599 7.61421
1.21827 7.46193
1.37056 7.46193
1.52284 7.30964
1.82741 7.30964
1.9797 7.15736
2.13198 7.15736
2.28426 7.00508
2.43655 7.00508
2.58883 6.85279
2.74112 6.70051
2.8934 6.70051
2.8934 6.54822
3.04569 6.54822
3.19797 6.39594
3.35025 6.24365
3.50254 6.24365
3.65482 6.09137
3.80711 6.09137
3.95939 5.93909
4.11168 5.93909
4.11168 5.7868
4.26396 5.7868
4.41624 5.63452
4.56853 5.48223
4.72081 5.48223
4.8731 5.32995
5.02538 5.32995
5.02538 5.17766
5.17766 5.17766
5.32995 5.02538
5.48223 5.02538
5.63452 4.8731
5.7868 4.8731
5.7868 4.72081
5.93909 4.56853
6.09137 4.56853
6.24365 4.41624
6.24365 4.26396
6.39594 4.26396
6.54822 4.11168
6.54822 3.95939
6.70051 3.80711
6.85279 3.80711
6.85279 3.65482
7.00508 3.50254
7.00508 3.35025
7.15736 3.19797
7.15736 3.04569
7.30964 3.04569
7.30964 2.8934
7.46193 2.74112
7.46193 2.58883
7.46193 2.43655
7.61421 2.28426
7.61421 2.13198
7.7665 1.9797
7.7665 1.82741
7.7665 1.82741
7.91878 1.67513
7.91878 1.52284
7.91878 1.37056
7.91878 1.21827
8.07107 1.06599
8.07107 0.913706
8.07107 0.761421
8.22335 0.761421
8.22335 0.609137
8.22335 0.456853
8.22335 0.304569
8.37563 0.152284
8.37563 0
8.37563 -0.152284
8.52792 -0.304569
8.52792 -0.304569
8.52792 -0.456853
8.6802 -0.609137
8.6802 -0.761421
8.6802 -0.913706
8.83249 -1.06599
8.83249 -1.21827
8.98477 -1.37056
8.98477 -1.37056
8.98477 -1.52284
9.13706 -1.67513
9.13706 -1.82741
9.28934 -1.9797
9.28934 -2.13198
