16.7513 -1.9797
16.9036 -2.13198
16.9036 -2.43655
17.0558 -2.58883
17.0558 -2.8934
17.0558 -3.04569
17.0558 -3.19797
16.9036 -3.50254
16.9036 -3.65482
16.9036 -3.80711
16.7513 -4.11168
16.599 -4.26396
16.599 -4.41624
16.4467 -4.56853
16.2944 -4.72081
16.1421 -5.02538
15.9898 -5.17766
15.8376 -5.32995
15.6853 -5.48223
15.533 -5.63452
15.3807 -5.7868
15.0761 -5.7868
14.9239 -5.93909
14.7716 -6.09137
14.6193 -6.24365
14.467 -6.39594
14.3147 -6.54822
14.1624 -6.54822
14.0102 -6.70051
13.8579 -6.85279
13.7056 -7.00508
13.5533 -7.00508
13.401 -7.15736
13.2487 -7.30964
13.0964 -7.30964
12.9442 -7.46193
12.7919 -7.61421
12.6396 -7.61421
12.4873 -7.7665
12.335 -7.91878
12.1827 -7.91878
12.0305 -8.07107
11.8782 -8.07107
11.7259 -8.22335
11.5736 -8.37563
11.4213 -8.37563
11.269 -8.52792
11.269 -8.52792
11.1168 -8.6802
10.9645 -8.6802
10.8122 -8.83249
10.6599 -8.83249
10.5076 -8.98477
10.3553 -8.98477
10.203 -9.13706
10.0508 -9.13706
9.89848 -9.28934
9.89848 -9.28934
9.74619 -9.44162
9.59391 -9.44162
9.44162 -9.59391
9.28934 -9.59391
9.13706 -9.74619
8.98477 -9.74619
8.83249 -9.74619
8.6802 -9.89848
8.6802 -9.89848
8.52792 -10.0508
8.37563 -10.0508
8.22335 -10.203
8.07107 -10.203
7.91878 -10.3553
7.7665 -10.3553
7.61421 -10.5076
7.46193 -10.5076
7.30964 -10.6599
7.30964 -10.6599
7.15736 -10.8122
7.00508 -10.8122
6.85279 -10.8122
6.70051 -10.9645
6.54822 -10.9645
6.39594 -11.1168
6.24365 -11.1168
6.09137 -11.269
5.93909 -11.269
5.7868 -11.4213
5.63452 -11.4213
5.32995 -11.4213
5.17766 -11.5736
5.02538 -11.5736
4.8731 -11.7259
4.72081 -11.7259
4.56853 -11.7259
4.41624 -11.8782
4.26396 -11.8782
3.95939 -11.8782
3.80711 -11.8782
3.65482 -11.8782
3.50254 -12.0305
3.35025 -12.0305
3.19797 -12.0305
2.8934 -12.0305
2.74112 -12.0305
2.58883 -12.0305
2.43655 -12.0305
2.13198 -12.0305
1.9797 -12.0305
1.82741 -12.0305
1.67513 -12.0305
1.37056 -12.0305
1.21827 -12.0305
1.06599 -12.0305
0.913706 -11.8782
0.609137 -11.8782
0.456853 -11.8782
0.304569 -11.8782
0 -11.8782
-0.152284 -11.8782
-0.304569 -11.7259
-0.609137 -11.7259
-0.761421 -11.7259
-0.913706 -11.5736
-1.21827 -11.5736
-1.37056 -11.5736
-1.52284 -11.4213
-1.82741 -11.4213
-1.9797 -11.4213
-2.13198 -11.269
-2.43655 -11.269
-2.58883 -11.1168
-2.74112 -10.9645
-3.04569 -10.9645
-3.19797 -10.8122
-3.35025 -10.8122
-3.50254 -10.6599
-3.80711 -10.5076
-3.95939 -10.3553
-4.11168 -10.203
-4.26396 -10.203
-4.41624 -10.0508
-4.56853 -9.89848
-4.72081 -9.74619
-4.8731 -9.59391
-5.02538 -9.28934
-5.17766 -9.13706
-5.32995 -8.98477
-5.48223 -8.83249
-5.48223 -8.6802
-5.63452 -8.37563
-5.7868 -8.22335
-5.7868 -8.07107
-5.93909 -7.7665
-5.93909 -7.61421
-6.09137 -7.46193
-6.09137 -7.15736
-6.09137 -7.00508
-6.24365 -6.85279
-6.24365 -6.54822
-6.24365 -6.39594
-6.24365 -6.09137
-6.39594 -5.93909
-6.39594 -5.63452
-6.39594 -5.48223
-6.39594 -5.32995
-6.39594 -5.02538
-6.39594 -4.8731
-6.39594 -4.56853
-6.39594 -4.41624
-6.24365 -4.26396
-6.24365 -3.95939
-6.24365 -3.80711
-6.24365 -3.65482
-6.24365 -3.35025
-6.24365 -3.19797
-6.24365 -3.04569
-6.09137 -2.74112
-6.09137 -2.58883
-6.09137 -2.43655
-5.93909 -2.13198
-5.93909 -1.9797
-5.93909 -1.82741
-5.93909 -1.67513
-5.7868 -1.37056
-5.7868 -1.21827
-5.7868 -1.06599
-5.63452 -0.913706
-5.63452 -0.761421
-5.48223 -0.456853
-5.48223 -0.304569
-5.48223 -0.152284
-5.32995 0
-5.32995 0.152284
-5.17766 0.304569
-5.17766 0.609137
-5.02538 0.761421
-5.02538 0.913706
-4.8731 1.06599
-4.8731 1.21827
-4.72081 1.37056
-4.72081 1.52284
-4.56853 1.67513
-4.56853 1.82741
-4.41624 1.9797
-4.26396 2.13198
-4.26396 2.28426
-4.11168 2.43655
-4.11168 2.58883
-3.95939 2.74112
-3.80711 2.8934
-3.65482 3.04569
-3.65482 3.19797
-3.50254 3.35025
-3.35025 3.50254
-3.19797 3.65482
-3.19797 3.80711
-3.04569 3.80711
-2.8934 3.95939
-2.74112 4.11168
-2.58883 4.26396
-2.43655 4.26396
-2.28426 4.41624
-2.13198 4.56853
-1.9797 4.56853
-1.82741 4.72081
-1.67513 4.8731
-1.52284 4.8731
-1.52284 5.02538
-1.37056 5.02538
-1.21827 5.17766
-1.06599 5.17766
-0.913706 5.32995
-0.761421 5.32995
-0.609137 5.48223
-0.456853 5.48223
-0.304569 5.63452
-0.152284 5.63452
0 5.7868
0.152284 5.7868
0.304569 5.93909
0.456853 5.93909
0.609137 6.09137
0.761421 6.09137
0.913706 6.24365
1.06599 6.24365
1.21827 6.24365
1.37056 6.39594
1.52284 6.39594
1.67513 6.54822
1.82741 6.54822
1.9797 6.70051
2.13198 6.70051
2.28426 6.85279
2.43655 6.85279
2.43655 7.00508
2.58883 7.00508
2.74112 7.00508
3.04569 7.15736
3.19797 7.15736
3.35025 7.15736
3.50254 7.30964
3.65482 7.30964
3.80711 7.30964
3.95939 7.46193
4.11168 7.46193
4.26396 7.46193
4.41624 7.46193
4.56853 7.46193
4.72081 7.46193
4.8731 7.46193
5.02538 7.61421
5.17766 7.61421
5.48223 7.61421
5.63452 7.61421
5.7868 7.61421
5.93909 7.61421
6.09137 7.61421
6.24365 7.61421
6.39594 7.61421
6.54822 7.61421
6.70051 7.61421
7.00508 7.61421
7.15736 7.61421
7.30964 7.61421
7.46193 7.61421
7.61421 7.61421
7.7665 7.61421
7.91878 7.61421
8.22335 7.61421
8.37563 7.61421
8.52792 7.61421
8.6802 7.61421
8.98477 7.61421
9.13706 7.61421
9.28934 7.61421
9.59391 7.61421
9.74619 7.61421
9.89848 7.61421
10.203 7.61421
10.3553 7.61421
10.6599 7.61421
10.8122 7.46193
10.9645 7.46193
11.269 7.46193
11.4213 7.46193
11.5736 7.46193
11.8782 7.30964
12.0305 7.30964
12.335 7.15736
12.4873 7.15736
12.6396 7.00508
12.7919 7.00508
13.0964 6.85279
13.2487 6.70051
13.401 6.54822
13.5533 6.39594
13.7056 6.39594
13.8579 6.24365
14.0102 6.09137
14.1624 5.93909
14.3147 5.63452
14.3147 5.48223
14.467 5.32995
14.6193 5.17766
14.7716 5.02538
14.7716 4.8731
14.9239 4.56853
15.0761 4.41624
15.0761 4.26396
15.2284 4.11168
15.2284 3.80711
15.3807 3.65482
15.3807 3.50254
15.3807 3.35025
15.533 3.04569
15.533 2.8934
15.6853 2.74112
15.6853 2.43655
15.6853 2.28426
15.6853 2.13198
15.8376 1.9797
15.8376 1.67513
15.8376 1.52284
15.9898 1.37056
15.9898 1.06599
15.9898 0.913706
15.9898 0.761421
16.1421 0.609137
16.1421 0.304569
16.1421 0.152284
16.2944 0
16.2944 -0.152284
16.2944 -0.456853
16.2944 -0.609137
16.4467 -0.761421
16.4467 -1.06599
16.4467 -1.21827
16.599 -1.37056
16.599 -1.52284
16.7513 -1.82741
