16.9036 -1.82741
16.9036 -2.13198
16.9036 -2.28426
16.9036 -2.43655
16.7513 -2.74112
16.7513 -2.8934
16.7513 -3.04569
16.599 -3.35025
16.599 -3.50254
16.4467 -3.65482
16.2944 -3.80711
16.2944 -4.11168
16.1421 -4.26396
15.9898 -4.41624
15.8376 -4.56853
15.6853 -4.72081
15.533 -4.8731
15.533 -5.02538
15.3807 -5.17766
15.2284 -5.32995
15.0761 -5.48223
14.9239 -5.63452
14.7716 -5.7868
14.6193 -5.93909
14.467 -6.09137
14.3147 -6.24365
14.1624 -6.24365
14.0102 -6.39594
13.8579 -6.54822
13.7056 -6.70051
13.5533 -6.85279
13.401 -6.85279
13.2487 -7.00508
13.0964 -7.15736
12.9442 -7.30964
12.7919 -7.30964
12.7919 -7.46193
12.6396 -7.61421
12.4873 -7.61421
12.335 -7.7665
12.1827 -7.91878
12.0305 -7.91878
11.8782 -8.07107
11.7259 -8.07107
11.5736 -8.22335
11.4213 -8.37563
11.269 -8.37563
11.269 -8.52792
11.1168 -8.52792
10.9645 -8.6802
10.8122 -8.6802
10.6599 -8.83249
10.5076 -8.83249
10.3553 -8.98477
10.203 -8.98477
10.0508 -9.13706
9.89848 -9.13706
9.74619 -9.28934
9.59391 -9.28934
9.59391 -9.44162
9.44162 -9.44162
9.28934 -9.44162
9.13706 -9.59391
8.98477 -9.59391
8.83249 -9.74619
8.6802 -9.74619
8.52792 -9.74619
8.37563 -9.89848
8.22335 -9.89848
8.07107 -10.0508
8.07107 -10.0508
7.91878 -10.203
7.7665 -10.203
7.61421 -10.3553
7.46193 -10.3553
7.30964 -10.3553
7.15736 -10.5076
7.00508 -10.5076
6.85279 -10.6599
6.70051 -10.6599
6.54822 -10.8122
6.39594 -10.8122
6.24365 -10.9645
6.09137 -10.9645
5.93909 -11.1168
5.7868 -11.1168
5.63452 -11.269
5.48223 -11.269
5.32995 -11.269
5.17766 -11.4213
5.02538 -11.4213
4.8731 -11.5736
4.72081 -11.5736
4.56853 -11.5736
4.26396 -11.7259
4.11168 -11.7259
3.95939 -11.7259
3.80711 -11.7259
3.65482 -11.8782
3.50254 -11.8782
3.19797 -11.8782
3.04569 -11.8782
2.8934 -11.8782
2.74112 -11.8782
2.43655 -11.8782
2.28426 -11.8782
2.13198 -11.8782
1.9797 -11.8782
1.82741 -11.8782
1.52284 -11.8782
1.37056 -11.8782
1.21827 -11.8782
0.913706 -11.8782
0.761421 -11.8782
0.609137 -11.7259
0.456853 -11.7259
0.152284 -11.7259
0 -11.7259
-0.152284 -11.7259
-0.456853 -11.5736
-0.609137 -11.5736
-0.761421 -11.5736
-1.06599 -11.5736
-1.21827 -11.4213
-1.37056 -11.4213
-1.67513 -11.269
-1.82741 -11.269
-1.9797 -11.269
-2.28426 -11.1168
-2.43655 -11.1168
-2.58883 -10.9645
-2.8934 -10.9645
-3.04569 -10.8122
-3.19797 -10.6599
-3.50254 -10.6599
-3.65482 -10.5076
-3.80711 -10.3553
-3.95939 -10.203
-4.11168 -10.0508
-4.26396 -10.0508
-4.56853 -9.89848
-4.72081 -9.74619
-4.8731 -9.59391
-5.02538 -9.44162
-5.17766 -9.28934
-5.17766 -8.98477
-5.32995 -8.83249
-5.48223 -8.6802
-5.63452 -8.52792
-5.63452 -8.22335
-5.7868 -8.07107
-5.93909 -7.91878
-5.93909 -7.61421
-6.09137 -7.46193
-6.09137 -7.30964
-6.09137 -7.00508
-6.24365 -6.85279
-6.24365 -6.70051
-6.24365 -6.39594
-6.24365 -6.24365
-6.24365 -5.93909
-6.39594 -5.7868
-6.39594 -5.48223
-6.39594 -5.32995
-6.39594 -5.17766
-6.39594 -4.8731
-6.39594 -4.72081
-6.39594 -4.41624
-6.39594 -4.26396
-6.24365 -4.11168
-6.24365 -3.80711
-6.24365 -3.65482
-6.24365 -3.50254
-6.24365 -3.19797
-6.24365 -3.04569
-6.09137 -2.8934
-6.09137 -2.58883
-6.09137 -2.43655
-6.09137 -2.28426
-5.93909 -1.9797
-5.93909 -1.82741
-5.93909 -1.67513
-5.7868 -1.52284
-5.7868 -1.21827
-5.7868 -1.06599
-5.63452 -0.913706
-5.63452 -0.761421
-5.63452 -0.609137
-5.48223 -0.456853
-5.48223 -0.152284
-5.32995 0
-5.32995 0.152284
-5.32995 0.304569
-5.17766 0.456853
-5.17766 0.609137
-5.02538 0.913706
-5.02538 1.06599
-4.8731 1.21827
-4.8731 1.37056
-4.72081 1.52284
-4.72081 1.67513
-4.56853 1.82741
-4.56853 1.9797
-4.41624 2.13198
-4.41624 2.28426
-4.26396 2.43655
-4.11168 2.58883
-4.11168 2.74112
-3.95939 2.8934
-3.80711 3.04569
-3.80711 3.19797
-3.65482 3.35025
-3.50254 3.50254
-3.50254 3.65482
-3.35025 3.80711
-3.19797 3.80711
-3.04569 3.95939
-2.8934 4.11168
-2.74112 4.26396
-2.58883 4.41624
-2.43655 4.41624
-2.43655 4.56853
-2.28426 4.72081
-2.13198 4.72081
-1.9797 4.8731
-1.82741 4.8731
-1.67513 5.02538
-1.52284 5.02538
-1.37056 5.17766
-1.21827 5.17766
-1.06599 5.32995
-0.913706 5.32995
-0.761421 5.48223
-0.609137 5.48223
-0.456853 5.63452
-0.304569 5.63452
-0.152284 5.7868
0 5.7868
0.152284 5.93909
0.304569 5.93909
0.456853 6.09137
0.609137 6.09137
0.761421 6.24365
0.913706 6.24365
1.06599 6.39594
1.21827 6.39594
1.21827 6.54822
1.37056 6.54822
1.52284 6.70051
1.67513 6.70051
1.82741 6.85279
1.9797 6.85279
2.13198 7.00508
2.28426 7.00508
2.43655 7.15736
2.58883 7.15736
2.74112 7.30964
2.8934 7.30964
3.04569 7.46193
3.19797 7.46193
3.35025 7.61421
3.50254 7.61421
3.65482 7.61421
3.80711 7.61421
3.95939 7.7665
4.11168 7.7665
4.41624 7.7665
4.56853 7.7665
4.72081 7.7665
4.8731 7.7665
5.02538 7.7665
5.17766 7.7665
5.32995 7.7665
5.48223 7.7665
5.63452 7.7665
5.7868 7.7665
6.09137 7.7665
6.24365 7.7665
6.39594 7.7665
6.54822 7.7665
6.70051 7.7665
6.85279 7.7665
7.00508 7.7665
7.15736 7.7665
7.46193 7.61421
7.61421 7.61421
7.7665 7.61421
7.91878 7.61421
8.07107 7.61421
8.22335 7.61421
8.52792 7.61421
8.6802 7.61421
8.83249 7.61421
9.13706 7.61421
9.28934 7.61421
9.44162 7.61421
9.74619 7.61421
9.89848 7.61421
10.0508 7.61421
10.3553 7.61421
10.5076 7.61421
10.6599 7.61421
10.9645 7.61421
11.1168 7.61421
11.4213 7.61421
11.5736 7.46193
11.7259 7.46193
12.0305 7.46193
12.1827 7.30964
12.4873 7.30964
12.6396 7.15736
12.7919 7.15736
12.9442 7.00508
13.2487 6.85279
13.401 6.85279
13.5533 6.70051
13.7056 6.54822
13.8579 6.39594
14.0102 6.24365
14.1624 6.09137
14.3147 5.93909
14.467 5.7868
14.467 5.63452
14.6193 5.48223
14.7716 5.17766
14.9239 5.02538
14.9239 4.8731
15.0761 4.72081
15.2284 4.41624
15.2284 4.26396
15.3807 4.11168
15.3807 3.95939
15.533 3.65482
15.533 3.50254
15.6853 3.35025
15.6853 3.04569
15.6853 2.8934
15.8376 2.74112
15.8376 2.58883
15.8376 2.28426
15.9898 2.13198
15.9898 1.9797
15.9898 1.67513
16.1421 1.52284
16.1421 1.37056
16.1421 1.06599
16.1421 0.913706
16.2944 0.761421
16.2944 0.609137
16.2944 0.304569
16.2944 0.152284
16.4467 0
16.4467 -0.304569
16.4467 -0.456853
16.4467 -0.609137
16.599 -0.913706
16.599 -1.06599
16.599 -1.21827
16.7513 -1.52284
16.7513 -1.67513
