17.0558 -1.67513
17.0558 -1.9797
17.0558 -2.13198
16.9036 -2.28426
16.9036 -2.58883
16.7513 -2.74112
16.7513 -2.8934
16.599 -3.19797
16.4467 -3.35025
16.4467 -3.50254
16.2944 -3.65482
16.1421 -3.80711
15.9898 -4.11168
15.8376 -4.26396
15.6853 -4.41624
15.533 -4.56853
15.3807 -4.72081
15.2284 -4.8731
15.0761 -5.02538
14.9239 -5.17766
14.7716 -5.32995
14.6193 -5.48223
14.467 -5.48223
14.3147 -5.63452
14.1624 -5.7868
14.0102 -5.93909
13.8579 -6.09137
13.7056 -6.24365
13.5533 -6.24365
13.401 -6.39594
13.401 -6.54822
13.2487 -6.70051
13.0964 -6.70051
12.9442 -6.85279
12.7919 -7.00508
12.6396 -7.00508
12.4873 -7.15736
12.335 -7.30964
12.1827 -7.30964
12.1827 -7.46193
12.0305 -7.61421
11.8782 -7.61421
11.7259 -7.7665
11.5736 -7.91878
11.4213 -7.91878
11.269 -8.07107
11.269 -8.07107
11.1168 -8.22335
10.9645 -8.37563
10.8122 -8.37563
10.6599 -8.52792
10.5076 -8.52792
10.3553 -8.6802
10.3553 -8.6802
10.203 -8.83249
10.0508 -8.83249
9.89848 -8.98477
9.74619 -8.98477
9.59391 -9.13706
9.44162 -9.13706
9.28934 -9.28934
9.13706 -9.28934
9.13706 -9.44162
8.98477 -9.44162
8.83249 -9.59391
8.6802 -9.59391
8.52792 -9.74619
8.37563 -9.74619
8.22335 -9.74619
8.07107 -9.89848
7.91878 -9.89848
7.91878 -10.0508
7.7665 -10.0508
7.61421 -10.203
7.46193 -10.203
7.30964 -10.3553
7.15736 -10.3553
7.00508 -10.5076
6.85279 -10.5076
6.70051 -10.6599
6.54822 -10.6599
6.39594 -10.8122
6.24365 -10.8122
6.09137 -10.8122
5.93909 -10.9645
5.7868 -10.9645
5.63452 -11.1168
5.48223 -11.1168
5.32995 -11.269
5.17766 -11.269
5.02538 -11.269
4.8731 -11.4213
4.72081 -11.4213
4.41624 -11.4213
4.26396 -11.5736
4.11168 -11.5736
3.95939 -11.5736
3.80711 -11.5736
3.65482 -11.5736
3.35025 -11.7259
3.19797 -11.7259
3.04569 -11.7259
2.8934 -11.7259
2.74112 -11.7259
2.43655 -11.7259
2.28426 -11.7259
2.13198 -11.7259
1.9797 -11.7259
1.67513 -11.7259
1.52284 -11.7259
1.37056 -11.7259
1.21827 -11.7259
0.913706 -11.7259
0.761421 -11.5736
0.609137 -11.5736
0.304569 -11.5736
0.152284 -11.5736
0 -11.5736
-0.152284 -11.5736
-0.456853 -11.4213
-0.609137 -11.4213
-0.761421 -11.4213
-1.06599 -11.269
-1.21827 -11.269
-1.37056 -11.269
-1.67513 -11.1168
-1.82741 -11.1168
-2.13198 -11.1168
-2.28426 -10.9645
-2.43655 -10.9645
-2.74112 -10.8122
-2.8934 -10.8122
-3.04569 -10.6599
-3.35025 -10.5076
-3.50254 -10.5076
-3.65482 -10.3553
-3.80711 -10.203
-4.11168 -10.203
-4.26396 -10.0508
-4.41624 -9.89848
-4.56853 -9.74619
-4.72081 -9.59391
-4.8731 -9.44162
-5.02538 -9.28934
-5.17766 -9.13706
-5.32995 -8.98477
-5.48223 -8.6802
-5.63452 -8.52792
-5.63452 -8.37563
-5.7868 -8.22335
-5.7868 -7.91878
-5.93909 -7.7665
-6.09137 -7.61421
-6.09137 -7.30964
-6.09137 -7.15736
-6.24365 -6.85279
-6.24365 -6.70051
-6.24365 -6.54822
-6.39594 -6.24365
-6.39594 -6.09137
-6.39594 -5.7868
-6.39594 -5.63452
-6.39594 -5.32995
-6.39594 -5.17766
-6.39594 -5.02538
-6.39594 -4.72081
-6.39594 -4.56853
-6.39594 -4.26396
-6.39594 -4.11168
-6.39594 -3.95939
-6.39594 -3.65482
-6.39594 -3.50254
-6.24365 -3.35025
-6.24365 -3.04569
-6.24365 -2.8934
-6.24365 -2.74112
-6.24365 -2.43655
-6.09137 -2.28426
-6.09137 -2.13198
-6.09137 -1.82741
-6.09137 -1.67513
-5.93909 -1.52284
-5.93909 -1.37056
-5.93909 -1.06599
-5.7868 -0.913706
-5.7868 -0.761421
-5.7868 -0.609137
-5.63452 -0.456853
-5.63452 -0.152284
-5.63452 0
-5.48223 0.152284
-5.48223 0.304569
-5.32995 0.456853
-5.32995 0.609137
-5.17766 0.913706
-5.17766 1.06599
-5.17766 1.21827
-5.02538 1.37056
-5.02538 1.52284
-4.8731 1.67513
-4.8731 1.82741
-4.72081 1.9797
-4.56853 2.13198
-4.56853 2.28426
-4.41624 2.43655
-4.41624 2.58883
-4.26396 2.74112
-4.11168 2.8934
-4.11168 3.04569
-3.95939 3.19797
-3.80711 3.35025
-3.65482 3.50254
-3.65482 3.65482
-3.50254 3.80711
-3.35025 3.95939
-3.19797 4.11168
-3.04569 4.11168
-2.8934 4.26396
-2.74112 4.41624
-2.74112 4.56853
-2.58883 4.56853
-2.43655 4.72081
-2.28426 4.8731
-2.13198 4.8731
-1.9797 5.02538
-1.82741 5.02538
-1.67513 5.17766
-1.52284 5.17766
-1.37056 5.32995
-1.21827 5.32995
-1.06599 5.48223
-0.913706 5.48223
-0.761421 5.63452
-0.609137 5.63452
-0.456853 5.7868
-0.304569 5.7868
-0.152284 5.93909
0 5.93909
0.152284 6.09137
0.304569 6.09137
0.456853 6.24365
0.609137 6.24365
0.761421 6.39594
0.913706 6.39594
0.913706 6.54822
1.06599 6.54822
1.21827 6.70051
1.37056 6.70051
1.52284 6.85279
1.67513 6.85279
1.82741 7.00508
1.9797 7.00508
2.13198 7.15736
2.28426 7.30964
2.43655 7.30964
2.58883 7.30964
2.74112 7.46193
2.8934 7.46193
3.04569 7.61421
3.19797 7.61421
3.35025 7.7665
3.50254 7.7665
3.65482 7.7665
3.80711 7.7665
3.95939 7.91878
4.11168 7.91878
4.26396 7.91878
4.41624 7.91878
4.72081 7.91878
4.8731 7.91878
5.02538 7.91878
5.17766 7.91878
5.32995 7.91878
5.48223 7.91878
5.63452 7.91878
5.7868 7.91878
5.93909 7.91878
6.24365 7.91878
6.39594 7.91878
6.54822 7.91878
6.70051 7.91878
6.85279 7.91878
7.00508 7.91878
7.15736 7.91878
7.30964 7.91878
7.61421 7.91878
7.7665 7.91878
7.91878 7.91878
8.07107 7.91878
8.37563 7.91878
8.52792 7.91878
8.6802 8.07107
8.98477 8.07107
9.13706 8.07107
9.28934 8.07107
9.59391 8.07107
9.74619 8.22335
10.0508 8.22335
10.203 8.22335
10.5076 8.22335
10.6599 8.22335
10.9645 8.22335
11.269 8.22335
11.4213 8.22335
11.7259 8.22335
11.8782 8.22335
12.1827 8.07107
12.335 8.07107
12.4873 7.91878
12.7919 7.91878
12.9442 7.7665
13.0964 7.7665
13.401 7.61421
13.5533 7.46193
13.7056 7.30964
13.8579 7.15736
14.0102 7.00508
14.1624 6.85279
14.1624 6.54822
14.3147 6.39594
14.467 6.24365
14.467 6.09137
14.6193 5.7868
14.6193 5.63452
14.7716 5.32995
14.7716 5.17766
14.9239 5.02538
14.9239 4.72081
14.9239 4.56853
15.0761 4.26396
15.0761 4.11168
15.0761 3.95939
15.0761 3.65482
15.2284 3.50254
15.2284 3.35025
15.2284 3.04569
15.3807 2.8934
15.3807 2.74112
15.3807 2.43655
15.533 2.28426
15.533 2.13198
15.533 1.9797
15.6853 1.82741
15.6853 1.52284
15.8376 1.37056
15.8376 1.21827
15.9898 1.06599
15.9898 0.913706
16.1421 0.609137
16.1421 0.456853
16.2944 0.304569
16.2944 0.152284
16.4467 -0.152284
16.4467 -0.304569
16.599 -0.456853
16.599 -0.609137
16.7513 -0.913706
16.7513 -1.06599
16.9036 -1.21827
16.9036 -1.52284
