16.599 -1.9797
16.599 -2.28426
16.599 -2.43655
16.4467 -2.74112
16.4467 -2.8934
16.4467 -3.04569
16.2944 -3.35025
16.2944 -3.50254
16.1421 -3.65482
15.9898 -3.80711
15.9898 -4.11168
15.8376 -4.26396
15.6853 -4.41624
15.6853 -4.56853
15.533 -4.72081
15.3807 -4.8731
15.2284 -5.02538
15.0761 -5.32995
14.9239 -5.48223
14.7716 -5.63452
14.6193 -5.7868
14.6193 -5.93909
14.467 -5.93909
14.3147 -6.09137
14.1624 -6.24365
14.0102 -6.39594
13.8579 -6.54822
13.7056 -6.70051
13.5533 -6.85279
13.401 -6.85279
13.2487 -7.00508
13.0964 -7.15736
12.9442 -7.15736
12.7919 -7.30964
12.6396 -7.46193
12.4873 -7.46193
12.335 -7.61421
12.1827 -7.7665
12.0305 -7.7665
11.8782 -7.91878
11.7259 -7.91878
11.5736 -8.07107
11.4213 -8.22335
11.269 -8.22335
11.1168 -8.37563
10.9645 -8.37563
10.8122 -8.52792
10.6599 -8.52792
10.5076 -8.6802
10.3553 -8.6802
10.203 -8.83249
10.203 -8.83249
10.0508 -8.98477
9.89848 -8.98477
9.74619 -9.13706
9.59391 -9.13706
9.44162 -9.28934
9.28934 -9.28934
9.28934 -9.44162
9.13706 -9.59391
8.98477 -9.59391
8.83249 -9.74619
8.6802 -9.74619
8.52792 -9.89848
8.52792 -9.89848
8.37563 -10.0508
8.22335 -10.0508
8.07107 -10.203
7.91878 -10.203
7.7665 -10.3553
7.61421 -10.3553
7.46193 -10.5076
7.30964 -10.5076
7.30964 -10.6599
7.15736 -10.6599
7.00508 -10.8122
6.85279 -10.8122
6.70051 -10.9645
6.54822 -10.9645
6.39594 -11.1168
6.24365 -11.1168
6.09137 -11.269
5.93909 -11.269
5.7868 -11.269
5.63452 -11.4213
5.48223 -11.4213
5.32995 -11.5736
5.17766 -11.5736
5.02538 -11.5736
4.72081 -11.7259
4.56853 -11.7259
4.41624 -11.7259
4.26396 -11.7259
4.11168 -11.8782
3.95939 -11.8782
3.80711 -11.8782
3.65482 -11.8782
3.35025 -12.0305
3.19797 -12.0305
3.04569 -12.0305
2.8934 -12.0305
2.74112 -12.0305
2.43655 -12.0305
2.28426 -12.0305
2.13198 -12.0305
1.9797 -12.1827
1.67513 -12.1827
1.52284 -12.1827
1.37056 -12.1827
1.21827 -12.0305
0.913706 -12.0305
0.761421 -12.0305
0.609137 -12.0305
0.304569 -12.0305
0.152284 -12.0305
0 -12.0305
-0.152284 -12.0305
-0.456853 -11.8782
-0.609137 -11.8782
-0.761421 -11.8782
-1.06599 -11.8782
-1.21827 -11.7259
-1.37056 -11.7259
-1.67513 -11.7259
-1.82741 -11.5736
-1.9797 -11.5736
-2.28426 -11.5736
-2.43655 -11.4213
-2.58883 -11.4213
-2.8934 -11.269
-3.04569 -11.1168
-3.19797 -11.1168
-3.35025 -10.9645
-3.65482 -10.8122
-3.80711 -10.8122
-3.95939 -10.6599
-4.11168 -10.5076
-4.26396 -10.3553
-4.56853 -10.203
-4.72081 -10.0508
-4.8731 -9.89848
-5.02538 -9.74619
-5.17766 -9.59391
-5.17766 -9.44162
-5.32995 -9.28934
-5.48223 -9.13706
-5.63452 -8.98477
-5.7868 -8.83249
-5.7868 -8.52792
-5.93909 -8.37563
-5.93909 -8.22335
-6.09137 -7.91878
-6.09137 -7.7665
-6.24365 -7.61421
-6.24365 -7.30964
-6.24365 -7.15736
-6.39594 -7.00508
-6.39594 -6.70051
-6.39594 -6.54822
-6.39594 -6.24365
-6.39594 -6.09137
-6.39594 -5.93909
-6.39594 -5.63452
-6.39594 -5.48223
-6.39594 -5.17766
-6.39594 -5.02538
-6.39594 -4.8731
-6.39594 -4.56853
-6.39594 -4.41624
-6.39594 -4.26396
-6.39594 -3.95939
-6.39594 -3.80711
-6.39594 -3.65482
-6.39594 -3.35025
-6.24365 -3.19797
-6.24365 -3.04569
-6.24365 -2.74112
-6.24365 -2.58883
-6.24365 -2.43655
-6.09137 -2.28426
-6.09137 -1.9797
-6.09137 -1.82741
-6.09137 -1.67513
-5.93909 -1.52284
-5.93909 -1.37056
-5.93909 -1.06599
-5.93909 -0.913706
-5.7868 -0.761421
-5.7868 -0.609137
-5.7868 -0.456853
-5.63452 -0.304569
-5.63452 0
-5.63452 0.152284
-5.48223 0.304569
-5.48223 0.456853
-5.32995 0.609137
-5.32995 0.761421
-5.17766 0.913706
-5.17766 1.06599
-5.17766 1.37056
-5.02538 1.52284
-5.02538 1.67513
-4.8731 1.82741
-4.8731 1.9797
-4.72081 2.13198
-4.56853 2.28426
-4.56853 2.43655
-4.41624 2.58883
-4.41624 2.74112
-4.26396 2.8934
-4.11168 3.04569
-3.95939 3.19797
-3.95939 3.35025
-3.80711 3.35025
-3.65482 3.50254
-3.50254 3.65482
-3.50254 3.80711
-3.35025 3.95939
-3.19797 3.95939
-3.04569 4.11168
-2.8934 4.26396
-2.74112 4.41624
-2.58883 4.41624
-2.43655 4.56853
-2.28426 4.56853
-2.13198 4.72081
-1.9797 4.8731
-1.82741 4.8731
-1.67513 5.02538
-1.52284 5.02538
-1.37056 5.17766
-1.21827 5.17766
-1.06599 5.32995
-0.913706 5.32995
-0.761421 5.48223
-0.609137 5.48223
-0.609137 5.63452
-0.456853 5.63452
-0.304569 5.7868
-0.152284 5.7868
0 5.93909
0.152284 5.93909
0.304569 6.09137
0.456853 6.09137
0.609137 6.24365
0.761421 6.39594
0.913706 6.39594
0.913706 6.54822
1.06599 6.54822
1.21827 6.70051
1.37056 6.70051
1.52284 6.85279
1.67513 7.00508
1.82741 7.00508
1.9797 7.15736
2.13198 7.15736
2.28426 7.30964
2.43655 7.30964
2.58883 7.46193
2.74112 7.46193
2.8934 7.46193
3.04569 7.61421
3.19797 7.61421
3.35025 7.61421
3.65482 7.7665
3.80711 7.7665
3.95939 7.7665
4.11168 7.7665
4.26396 7.7665
4.41624 7.7665
4.56853 7.7665
4.72081 7.7665
5.02538 7.7665
5.17766 7.7665
5.32995 7.7665
5.48223 7.7665
5.63452 7.7665
5.7868 7.7665
5.93909 7.7665
6.24365 7.7665
6.39594 7.7665
6.54822 7.7665
6.70051 7.7665
6.85279 7.7665
7.00508 7.7665
7.30964 7.7665
7.46193 7.7665
7.61421 7.7665
7.7665 7.7665
8.07107 7.7665
8.22335 7.91878
8.37563 7.91878
8.6802 7.91878
8.83249 7.91878
9.13706 8.07107
9.28934 8.07107
9.59391 8.07107
9.74619 8.07107
10.0508 8.07107
10.203 8.07107
10.5076 8.07107
10.8122 8.07107
10.9645 8.07107
11.269 8.07107
11.4213 8.07107
11.7259 8.07107
11.8782 7.91878
12.1827 7.91878
12.335 7.91878
12.6396 7.7665
12.7919 7.61421
12.9442 7.61421
13.0964 7.46193
13.2487 7.30964
13.401 7.15736
13.5533 7.00508
13.7056 6.70051
13.8579 6.54822
14.0102 6.39594
14.0102 6.24365
14.1624 5.93909
14.3147 5.7868
14.3147 5.48223
14.3147 5.32995
14.467 5.02538
14.467 4.8731
14.467 4.56853
14.6193 4.41624
14.6193 4.26396
14.6193 3.95939
14.6193 3.80711
14.7716 3.50254
14.7716 3.35025
14.7716 3.19797
14.7716 2.8934
14.9239 2.74112
14.9239 2.58883
14.9239 2.28426
15.0761 2.13198
15.0761 1.9797
15.2284 1.82741
15.2284 1.67513
15.3807 1.37056
15.3807 1.21827
15.533 1.06599
15.533 0.913706
15.6853 0.761421
15.6853 0.456853
15.8376 0.304569
15.9898 0.152284
15.9898 0
16.1421 -0.304569
16.1421 -0.456853
16.2944 -0.609137
16.2944 -0.761421
16.2944 -1.06599
16.4467 -1.21827
16.4467 -1.37056
16.4467 -1.67513
16.4467 -1.82741
