16.599 -2.13198
16.599 -2.28426
16.599 -2.58883
16.4467 -2.74112
16.4467 -2.8934
16.2944 -3.19797
16.2944 -3.35025
16.1421 -3.50254
15.9898 -3.65482
15.8376 -3.95939
15.8376 -4.11168
15.6853 -4.26396
15.533 -4.41624
15.3807 -4.56853
15.2284 -4.72081
15.0761 -4.8731
14.9239 -5.02538
14.7716 -5.17766
14.6193 -5.32995
14.467 -5.48223
14.3147 -5.63452
14.1624 -5.7868
14.0102 -5.93909
13.8579 -5.93909
13.7056 -6.09137
13.5533 -6.24365
13.401 -6.39594
13.2487 -6.39594
13.0964 -6.54822
12.9442 -6.70051
12.7919 -6.85279
12.6396 -6.85279
12.4873 -7.00508
12.4873 -7.15736
12.335 -7.15736
12.1827 -7.30964
12.0305 -7.46193
11.8782 -7.61421
11.8782 -7.61421
11.7259 -7.7665
11.5736 -7.91878
11.4213 -7.91878
11.269 -8.07107
11.269 -8.22335
11.1168 -8.22335
10.9645 -8.37563
10.8122 -8.52792
10.8122 -8.52792
10.6599 -8.6802
10.5076 -8.83249
10.3553 -8.83249
10.3553 -8.98477
10.203 -9.13706
10.0508 -9.13706
9.89848 -9.28934
9.89848 -9.44162
9.74619 -9.44162
9.59391 -9.59391
9.44162 -9.74619
9.28934 -9.74619
9.28934 -9.89848
9.13706 -9.89848
8.98477 -10.0508
8.83249 -10.203
8.6802 -10.203
8.52792 -10.3553
8.37563 -10.3553
8.37563 -10.5076
8.22335 -10.6599
8.07107 -10.6599
7.91878 -10.8122
7.7665 -10.8122
7.61421 -10.9645
7.46193 -10.9645
7.30964 -11.1168
7.15736 -11.1168
7.00508 -11.269
6.85279 -11.269
6.70051 -11.4213
6.54822 -11.4213
6.39594 -11.5736
6.24365 -11.5736
6.09137 -11.5736
5.93909 -11.7259
5.7868 -11.7259
5.63452 -11.8782
5.48223 -11.8782
5.32995 -11.8782
5.17766 -12.0305
4.8731 -12.0305
4.72081 -12.0305
4.56853 -12.1827
4.41624 -12.1827
4.26396 -12.1827
4.11168 -12.1827
3.80711 -12.1827
3.65482 -12.335
3.50254 -12.335
3.35025 -12.335
3.19797 -12.335
2.8934 -12.335
2.74112 -12.335
2.58883 -12.335
2.43655 -12.4873
2.13198 -12.4873
1.9797 -12.4873
1.82741 -12.4873
1.67513 -12.4873
1.37056 -12.4873
1.21827 -12.4873
1.06599 -12.4873
0.761421 -12.335
0.609137 -12.335
0.456853 -12.335
0.152284 -12.335
0 -12.335
-0.152284 -12.335
-0.304569 -12.1827
-0.609137 -12.1827
-0.761421 -12.1827
-0.913706 -12.0305
-1.21827 -12.0305
-1.37056 -12.0305
-1.52284 -11.8782
-1.82741 -11.8782
-1.9797 -11.7259
-2.13198 -11.7259
-2.43655 -11.5736
-2.58883 -11.5736
-2.74112 -11.4213
-2.8934 -11.4213
-3.19797 -11.269
-3.35025 -11.1168
-3.50254 -10.9645
-3.65482 -10.9645
-3.80711 -10.8122
-4.11168 -10.6599
-4.26396 -10.5076
-4.41624 -10.3553
-4.56853 -10.203
-4.72081 -10.0508
-4.8731 -9.89848
-5.02538 -9.74619
-5.02538 -9.59391
-5.17766 -9.44162
-5.32995 -9.28934
-5.48223 -8.98477
-5.48223 -8.83249
-5.63452 -8.6802
-5.7868 -8.52792
-5.7868 -8.22335
-5.93909 -8.07107
-5.93909 -7.91878
-6.09137 -7.61421
-6.09137 -7.46193
-6.09137 -7.15736
-6.24365 -7.00508
-6.24365 -6.85279
-6.24365 -6.54822
-6.24365 -6.39594
-6.24365 -6.09137
-6.24365 -5.93909
-6.24365 -5.7868
-6.24365 -5.48223
-6.24365 -5.32995
-6.24365 -5.17766
-6.24365 -4.8731
-6.24365 -4.72081
-6.24365 -4.41624
-6.24365 -4.26396
-6.24365 -4.11168
-6.24365 -3.80711
-6.24365 -3.65482
-6.24365 -3.50254
-6.09137 -3.35025
-6.09137 -3.04569
-6.09137 -2.8934
-6.09137 -2.74112
-5.93909 -2.58883
-5.93909 -2.28426
-5.93909 -2.13198
-5.93909 -1.9797
-5.7868 -1.82741
-5.7868 -1.52284
-5.7868 -1.37056
-5.63452 -1.21827
-5.63452 -1.06599
-5.63452 -0.913706
-5.48223 -0.761421
-5.48223 -0.456853
-5.32995 -0.304569
-5.32995 -0.152284
-5.32995 0
-5.17766 0.152284
-5.17766 0.304569
-5.02538 0.456853
-5.02538 0.609137
-5.02538 0.761421
-4.8731 1.06599
-4.8731 1.21827
-4.72081 1.37056
-4.72081 1.52284
-4.56853 1.67513
-4.56853 1.82741
-4.41624 1.9797
-4.41624 2.13198
-4.26396 2.28426
-4.11168 2.43655
-4.11168 2.58883
-3.95939 2.74112
-3.95939 2.8934
-3.80711 3.04569
-3.65482 3.19797
-3.50254 3.19797
-3.50254 3.35025
-3.35025 3.50254
-3.19797 3.65482
-3.04569 3.80711
-2.8934 3.80711
-2.74112 3.95939
-2.74112 4.11168
-2.58883 4.26396
-2.43655 4.26396
-2.28426 4.41624
-2.13198 4.56853
-1.9797 4.56853
-1.82741 4.72081
-1.67513 4.72081
-1.52284 4.8731
-1.37056 4.8731
-1.21827 5.02538
-1.06599 5.02538
-0.913706 5.17766
-0.761421 5.17766
-0.609137 5.32995
-0.456853 5.32995
-0.304569 5.48223
-0.304569 5.48223
-0.152284 5.63452
0 5.63452
0.152284 5.7868
0.304569 5.7868
0.456853 5.93909
0.609137 6.09137
0.761421 6.09137
0.913706 6.24365
1.06599 6.24365
1.21827 6.39594
1.21827 6.39594
1.37056 6.54822
1.52284 6.54822
1.67513 6.70051
1.82741 6.85279
1.9797 6.85279
2.13198 7.00508
2.28426 7.00508
2.43655 7.00508
2.58883 7.15736
2.74112 7.15736
2.8934 7.30964
3.04569 7.30964
3.19797 7.30964
3.35025 7.46193
3.65482 7.46193
3.80711 7.46193
3.95939 7.46193
4.11168 7.46193
4.26396 7.61421
4.41624 7.61421
4.56853 7.61421
4.72081 7.61421
4.8731 7.61421
5.17766 7.61421
5.32995 7.46193
5.48223 7.46193
5.63452 7.46193
5.7868 7.46193
5.93909 7.46193
6.09137 7.46193
6.24365 7.46193
6.39594 7.46193
6.70051 7.46193
6.85279 7.46193
7.00508 7.46193
7.15736 7.46193
7.30964 7.46193
7.46193 7.46193
7.7665 7.46193
7.91878 7.46193
8.07107 7.61421
8.37563 7.61421
8.52792 7.61421
8.6802 7.61421
8.98477 7.7665
9.13706 7.7665
9.44162 7.7665
9.59391 7.7665
9.89848 7.91878
10.0508 7.91878
10.3553 7.91878
10.5076 7.91878
10.8122 7.91878
11.1168 7.91878
11.269 7.91878
11.5736 7.91878
11.7259 7.91878
12.0305 7.7665
12.1827 7.7665
12.4873 7.61421
12.6396 7.61421
12.7919 7.46193
13.0964 7.30964
13.2487 7.30964
13.401 7.15736
13.5533 7.00508
13.7056 6.85279
13.8579 6.54822
14.0102 6.39594
14.0102 6.24365
14.1624 5.93909
14.1624 5.7868
14.3147 5.63452
14.3147 5.32995
14.467 5.17766
14.467 4.8731
14.467 4.72081
14.6193 4.41624
14.6193 4.26396
14.6193 3.95939
14.6193 3.80711
14.6193 3.65482
14.7716 3.35025
14.7716 3.19797
14.7716 2.8934
14.7716 2.74112
14.7716 2.58883
14.9239 2.43655
14.9239 2.13198
14.9239 1.9797
15.0761 1.82741
15.0761 1.67513
15.2284 1.52284
15.2284 1.21827
15.3807 1.06599
15.533 0.913706
15.533 0.761421
15.6853 0.609137
15.6853 0.456853
15.8376 0.152284
15.9898 0
15.9898 -0.152284
16.1421 -0.304569
16.1421 -0.609137
16.2944 -0.761421
16.2944 -0.913706
16.2944 -1.06599
16.4467 -1.37056
16.4467 -1.52284
16.4467 -1.67513
16.4467 -1.9797
