16.4467 -3.35025
16.4467 -3.65482
16.2944 -3.80711
16.2944 -3.95939
16.1421 -4.11168
16.1421 -4.41624
15.9898 -4.56853
15.8376 -4.72081
15.8376 -4.8731
15.6853 -5.02538
15.533 -5.32995
15.533 -5.48223
15.3807 -5.63452
15.2284 -5.7868
15.0761 -5.93909
14.9239 -6.09137
14.7716 -6.24365
14.6193 -6.39594
14.467 -6.54822
14.467 -6.70051
14.3147 -6.85279
14.1624 -6.85279
14.0102 -7.00508
13.8579 -7.15736
13.7056 -7.30964
13.5533 -7.46193
13.401 -7.61421
13.401 -7.61421
13.2487 -7.7665
13.0964 -7.91878
12.9442 -8.07107
12.7919 -8.07107
12.7919 -8.22335
12.6396 -8.37563
12.4873 -8.52792
12.335 -8.52792
12.1827 -8.6802
12.1827 -8.83249
12.0305 -8.98477
11.8782 -8.98477
11.7259 -9.13706
11.7259 -9.28934
11.5736 -9.28934
11.4213 -9.44162
11.269 -9.59391
11.269 -9.59391
11.1168 -9.74619
10.9645 -9.89848
10.8122 -10.0508
10.8122 -10.0508
10.6599 -10.203
10.5076 -10.203
10.3553 -10.3553
10.3553 -10.5076
10.203 -10.5076
10.0508 -10.6599
9.89848 -10.8122
9.74619 -10.8122
9.59391 -10.9645
9.59391 -10.9645
9.44162 -11.1168
9.28934 -11.269
9.13706 -11.269
8.98477 -11.4213
8.83249 -11.4213
8.83249 -11.5736
8.6802 -11.5736
8.52792 -11.7259
8.37563 -11.8782
8.22335 -11.8782
8.07107 -12.0305
7.91878 -12.0305
7.7665 -12.1827
7.61421 -12.1827
7.46193 -12.335
7.30964 -12.335
7.15736 -12.4873
7.00508 -12.4873
6.85279 -12.6396
6.70051 -12.6396
6.54822 -12.7919
6.39594 -12.7919
6.24365 -12.9442
6.09137 -12.9442
5.93909 -13.0964
5.7868 -13.0964
5.63452 -13.0964
5.48223 -13.2487
5.32995 -13.2487
5.17766 -13.401
5.02538 -13.401
4.72081 -13.401
4.56853 -13.5533
4.41624 -13.5533
4.26396 -13.5533
4.11168 -13.5533
3.80711 -13.7056
3.65482 -13.7056
3.50254 -13.7056
3.35025 -13.7056
3.19797 -13.7056
2.8934 -13.7056
2.74112 -13.7056
2.58883 -13.7056
2.43655 -13.7056
2.13198 -13.7056
1.9797 -13.7056
1.82741 -13.7056
1.67513 -13.7056
1.37056 -13.7056
1.21827 -13.7056
1.06599 -13.7056
0.761421 -13.5533
0.609137 -13.5533
0.456853 -13.5533
0.304569 -13.5533
0 -13.401
-0.152284 -13.401
-0.304569 -13.401
-0.456853 -13.2487
-0.761421 -13.2487
-0.913706 -13.0964
-1.06599 -13.0964
-1.21827 -12.9442
-1.37056 -12.9442
-1.67513 -12.7919
-1.82741 -12.6396
-1.9797 -12.6396
-2.13198 -12.4873
-2.28426 -12.335
-2.43655 -12.1827
-2.58883 -12.1827
-2.74112 -12.0305
-2.8934 -11.8782
-3.04569 -11.7259
-3.19797 -11.5736
-3.35025 -11.4213
-3.50254 -11.269
-3.65482 -11.1168
-3.80711 -10.9645
-3.95939 -10.8122
-4.11168 -10.6599
-4.26396 -10.5076
-4.26396 -10.3553
-4.41624 -10.203
-4.56853 -10.0508
-4.56853 -9.89848
-4.72081 -9.74619
-4.8731 -9.44162
-4.8731 -9.28934
-5.02538 -9.13706
-5.02538 -8.98477
-5.17766 -8.6802
-5.17766 -8.52792
-5.17766 -8.37563
-5.32995 -8.22335
-5.32995 -7.91878
-5.32995 -7.7665
-5.48223 -7.61421
-5.48223 -7.46193
-5.48223 -7.15736
-5.48223 -7.00508
-5.63452 -6.85279
-5.63452 -6.54822
-5.63452 -6.39594
-5.63452 -6.24365
-5.63452 -6.09137
-5.63452 -5.7868
-5.63452 -5.63452
-5.63452 -5.48223
-5.63452 -5.32995
-5.63452 -5.02538
-5.63452 -4.8731
-5.63452 -4.72081
-5.63452 -4.56853
-5.63452 -4.26396
-5.63452 -4.11168
-5.63452 -3.95939
-5.63452 -3.80711
-5.63452 -3.65482
-5.63452 -3.35025
-5.48223 -3.19797
-5.48223 -3.04569
-5.48223 -2.8934
-5.48223 -2.74112
-5.48223 -2.43655
-5.32995 -2.28426
-5.32995 -2.13198
-5.32995 -1.9797
-5.32995 -1.82741
-5.17766 -1.67513
-5.17766 -1.37056
-5.02538 -1.21827
-5.02538 -1.06599
-5.02538 -0.913706
-4.8731 -0.761421
-4.8731 -0.609137
-4.72081 -0.456853
-4.72081 -0.304569
-4.56853 -0.152284
-4.56853 0
-4.41624 0.152284
-4.41624 0.304569
-4.26396 0.456853
-4.11168 0.609137
-4.11168 0.761421
-3.95939 0.913706
-3.80711 1.06599
-3.80711 1.21827
-3.65482 1.37056
-3.50254 1.52284
-3.50254 1.67513
-3.35025 1.82741
-3.19797 1.9797
-3.04569 1.9797
-2.8934 2.13198
-2.8934 2.28426
-2.74112 2.43655
-2.58883 2.43655
-2.43655 2.58883
-2.28426 2.74112
-2.13198 2.8934
-2.13198 2.8934
-1.9797 3.04569
-1.82741 3.19797
-1.67513 3.19797
-1.52284 3.35025
-1.37056 3.35025
-1.21827 3.50254
-1.06599 3.65482
-0.913706 3.65482
-0.761421 3.80711
-0.761421 3.80711
-0.609137 3.95939
-0.456853 3.95939
-0.304569 4.11168
-0.152284 4.11168
0 4.26396
0.152284 4.26396
0.304569 4.41624
0.456853 4.41624
0.609137 4.56853
0.761421 4.56853
0.761421 4.72081
0.913706 4.72081
1.06599 4.8731
1.21827 5.02538
1.37056 5.02538
1.52284 5.17766
1.67513 5.17766
1.82741 5.32995
1.9797 5.32995
2.13198 5.32995
2.28426 5.48223
2.43655 5.48223
2.58883 5.63452
2.74112 5.63452
2.8934 5.7868
3.04569 5.7868
3.19797 5.7868
3.35025 5.93909
3.50254 5.93909
3.65482 5.93909
3.80711 6.09137
3.95939 6.09137
4.11168 6.09137
4.26396 6.09137
4.41624 6.09137
4.56853 6.24365
4.72081 6.24365
5.02538 6.24365
5.17766 6.24365
5.32995 6.24365
5.48223 6.24365
5.63452 6.24365
5.7868 6.24365
5.93909 6.24365
6.09137 6.24365
6.24365 6.24365
6.54822 6.24365
6.70051 6.24365
6.85279 6.24365
7.00508 6.24365
7.15736 6.24365
7.30964 6.39594
7.61421 6.39594
7.7665 6.39594
7.91878 6.39594
8.07107 6.39594
8.37563 6.39594
8.52792 6.39594
8.6802 6.39594
8.98477 6.54822
9.13706 6.54822
9.44162 6.54822
9.59391 6.54822
9.74619 6.54822
10.0508 6.54822
10.203 6.54822
10.5076 6.54822
10.6599 6.54822
10.9645 6.54822
11.1168 6.54822
11.4213 6.54822
11.5736 6.39594
11.8782 6.39594
12.0305 6.39594
12.1827 6.24365
12.4873 6.24365
12.6396 6.09137
12.7919 5.93909
12.9442 5.7868
13.0964 5.63452
13.2487 5.63452
13.401 5.32995
13.5533 5.17766
13.7056 5.02538
13.8579 4.8731
13.8579 4.72081
14.0102 4.41624
14.1624 4.26396
14.1624 4.11168
14.3147 3.80711
14.3147 3.65482
14.3147 3.50254
14.467 3.19797
14.467 3.04569
14.467 2.74112
14.467 2.58883
14.6193 2.43655
14.6193 2.13198
14.6193 1.9797
14.6193 1.82741
14.7716 1.52284
14.7716 1.37056
14.7716 1.21827
14.9239 1.06599
14.9239 0.913706
15.0761 0.609137
15.0761 0.456853
15.2284 0.304569
15.2284 0.152284
15.3807 0
15.3807 -0.152284
15.533 -0.304569
15.6853 -0.609137
15.6853 -0.761421
15.8376 -0.913706
15.8376 -1.06599
15.9898 -1.21827
15.9898 -1.37056
16.1421 -1.67513
16.1421 -1.82741
16.2944 -1.9797
16.2944 -2.13198
16.2944 -2.43655
16.2944 -2.58883
16.4467 -2.74112
16.4467 -3.04569
16.4467 -3.19797
