15.9898 -2.13198
15.9898 -2.28426
15.8376 -2.43655
15.8376 -2.74112
15.6853 -2.8934
15.6853 -3.04569
15.533 -3.19797
15.533 -3.35025
15.3807 -3.50254
15.3807 -3.80711
15.2284 -3.95939
15.0761 -4.11168
15.0761 -4.26396
14.9239 -4.41624
14.7716 -4.56853
14.7716 -4.72081
14.6193 -4.8731
14.467 -5.02538
14.3147 -5.17766
14.3147 -5.32995
14.1624 -5.48223
14.0102 -5.48223
13.8579 -5.63452
13.8579 -5.7868
13.7056 -5.93909
13.5533 -6.09137
13.5533 -6.24365
13.401 -6.39594
13.2487 -6.39594
13.0964 -6.54822
13.0964 -6.70051
12.9442 -6.85279
12.7919 -7.00508
12.7919 -7.00508
12.6396 -7.15736
12.4873 -7.30964
12.335 -7.46193
12.335 -7.61421
12.1827 -7.61421
12.0305 -7.7665
12.0305 -7.91878
11.8782 -8.07107
11.7259 -8.07107
11.7259 -8.22335
11.5736 -8.37563
11.4213 -8.52792
11.269 -8.52792
11.269 -8.6802
11.1168 -8.83249
10.9645 -8.83249
10.8122 -8.98477
10.8122 -9.13706
10.6599 -9.13706
10.5076 -9.28934
10.3553 -9.44162
10.203 -9.44162
10.203 -9.59391
10.0508 -9.74619
9.89848 -9.74619
9.74619 -9.89848
9.59391 -10.0508
9.59391 -10.0508
9.44162 -10.203
9.28934 -10.3553
9.13706 -10.3553
8.98477 -10.5076
8.83249 -10.6599
8.6802 -10.6599
8.52792 -10.8122
8.52792 -10.8122
8.37563 -10.9645
8.22335 -11.1168
8.07107 -11.1168
7.91878 -11.269
7.7665 -11.269
7.61421 -11.4213
7.46193 -11.4213
7.30964 -11.5736
7.15736 -11.7259
7.00508 -11.7259
6.85279 -11.8782
6.70051 -11.8782
6.54822 -12.0305
6.24365 -12.0305
6.09137 -12.0305
5.93909 -12.1827
5.7868 -12.1827
5.63452 -12.335
5.48223 -12.335
5.32995 -12.335
5.02538 -12.4873
4.8731 -12.4873
4.72081 -12.4873
4.56853 -12.4873
4.41624 -12.6396
4.11168 -12.6396
3.95939 -12.6396
3.80711 -12.6396
3.65482 -12.6396
3.50254 -12.6396
3.19797 -12.6396
3.04569 -12.6396
2.8934 -12.6396
2.74112 -12.6396
2.43655 -12.6396
2.28426 -12.4873
2.13198 -12.4873
1.9797 -12.4873
1.67513 -12.4873
1.52284 -12.335
1.37056 -12.335
1.21827 -12.335
1.06599 -12.1827
0.761421 -12.1827
0.609137 -12.1827
0.456853 -12.0305
0.304569 -12.0305
0.152284 -11.8782
0 -11.8782
-0.304569 -11.7259
-0.456853 -11.7259
-0.609137 -11.5736
-0.761421 -11.5736
-0.913706 -11.4213
-1.06599 -11.269
-1.21827 -11.269
-1.52284 -11.1168
-1.67513 -10.9645
-1.82741 -10.9645
-1.9797 -10.8122
-2.13198 -10.6599
-2.28426 -10.6599
-2.43655 -10.5076
-2.58883 -10.3553
-2.74112 -10.203
-2.8934 -10.0508
-3.04569 -9.89848
-3.19797 -9.89848
-3.35025 -9.74619
-3.50254 -9.59391
-3.50254 -9.44162
-3.65482 -9.28934
-3.80711 -9.13706
-3.95939 -8.98477
-4.11168 -8.83249
-4.11168 -8.6802
-4.26396 -8.37563
-4.41624 -8.22335
-4.41624 -8.07107
-4.56853 -7.91878
-4.72081 -7.7665
-4.72081 -7.61421
-4.8731 -7.46193
-4.8731 -7.15736
-5.02538 -7.00508
-5.02538 -6.85279
-5.02538 -6.70051
-5.17766 -6.39594
-5.17766 -6.24365
-5.17766 -6.09137
-5.32995 -5.93909
-5.32995 -5.63452
-5.32995 -5.48223
-5.32995 -5.32995
-5.48223 -5.17766
-5.48223 -4.8731
-5.48223 -4.72081
-5.48223 -4.56853
-5.48223 -4.41624
-5.48223 -4.11168
-5.48223 -3.95939
-5.48223 -3.80711
-5.48223 -3.65482
-5.48223 -3.35025
-5.48223 -3.19797
-5.48223 -3.04569
-5.48223 -2.8934
-5.48223 -2.74112
-5.48223 -2.43655
-5.48223 -2.28426
-5.48223 -2.13198
-5.48223 -1.9797
-5.32995 -1.82741
-5.32995 -1.52284
-5.32995 -1.37056
-5.32995 -1.21827
-5.32995 -1.06599
-5.17766 -0.913706
-5.17766 -0.609137
-5.17766 -0.456853
-5.02538 -0.304569
-5.02538 -0.152284
-5.02538 0
-4.8731 0.152284
-4.8731 0.304569
-4.72081 0.456853
-4.72081 0.761421
-4.72081 0.913706
-4.56853 1.06599
-4.56853 1.21827
-4.41624 1.37056
-4.41624 1.52284
-4.26396 1.67513
-4.11168 1.82741
-4.11168 1.9797
-3.95939 2.13198
-3.95939 2.28426
-3.80711 2.43655
-3.65482 2.58883
-3.65482 2.74112
-3.50254 2.8934
-3.35025 3.04569
-3.35025 3.04569
-3.19797 3.19797
-3.04569 3.35025
-2.8934 3.50254
-2.8934 3.65482
-2.74112 3.80711
-2.58883 3.80711
-2.43655 3.95939
-2.28426 4.11168
-2.13198 4.26396
-2.13198 4.26396
-1.9797 4.41624
-1.82741 4.56853
-1.67513 4.72081
-1.52284 4.72081
-1.37056 4.8731
-1.21827 5.02538
-1.06599 5.02538
-1.06599 5.17766
-0.913706 5.17766
-0.761421 5.32995
-0.609137 5.48223
-0.456853 5.48223
-0.304569 5.63452
-0.152284 5.63452
0 5.7868
0.152284 5.93909
0.304569 5.93909
0.304569 6.09137
0.456853 6.09137
0.609137 6.24365
0.761421 6.39594
0.913706 6.39594
1.06599 6.54822
1.21827 6.54822
1.37056 6.70051
1.52284 6.85279
1.67513 6.85279
1.82741 7.00508
1.9797 7.00508
2.13198 7.15736
2.28426 7.30964
2.43655 7.30964
2.58883 7.46193
2.74112 7.61421
2.8934 7.61421
3.04569 7.7665
3.19797 7.91878
3.35025 7.91878
3.50254 8.07107
3.65482 8.22335
3.80711 8.22335
3.95939 8.37563
4.11168 8.52792
4.41624 8.52792
4.56853 8.6802
4.72081 8.83249
4.8731 8.83249
5.02538 8.98477
5.32995 9.13706
5.48223 9.13706
5.63452 9.28934
5.93909 9.28934
6.09137 9.44162
6.39594 9.44162
6.54822 9.59391
6.70051 9.59391
7.00508 9.74619
7.15736 9.74619
7.46193 9.74619
7.61421 9.74619
7.91878 9.74619
8.07107 9.74619
8.22335 9.74619
8.52792 9.74619
8.6802 9.74619
8.98477 9.59391
9.13706 9.59391
9.28934 9.44162
9.59391 9.44162
9.74619 9.28934
9.89848 9.28934
10.0508 9.13706
10.203 8.98477
10.5076 8.83249
10.6599 8.6802
10.8122 8.52792
10.9645 8.37563
11.1168 8.22335
11.269 8.07107
11.4213 7.91878
11.5736 7.7665
11.5736 7.61421
11.7259 7.46193
11.8782 7.30964
12.0305 7.00508
12.1827 6.85279
12.1827 6.70051
12.335 6.54822
12.4873 6.39594
12.6396 6.24365
12.6396 5.93909
12.7919 5.7868
12.9442 5.63452
12.9442 5.48223
13.0964 5.32995
13.2487 5.17766
13.2487 5.02538
13.401 4.8731
13.401 4.72081
13.5533 4.56853
13.7056 4.26396
13.7056 4.11168
13.8579 3.95939
14.0102 3.80711
14.0102 3.65482
14.1624 3.50254
14.1624 3.35025
14.3147 3.19797
14.467 3.04569
14.467 2.8934
14.6193 2.74112
14.6193 2.58883
14.7716 2.43655
14.9239 2.28426
14.9239 1.9797
15.0761 1.82741
15.0761 1.67513
15.2284 1.52284
15.2284 1.37056
15.3807 1.21827
15.3807 1.06599
15.533 0.913706
15.533 0.609137
15.6853 0.456853
15.6853 0.304569
15.6853 0.152284
15.8376 0
15.8376 -0.152284
15.8376 -0.456853
15.9898 -0.609137
15.9898 -0.761421
15.9898 -0.913706
15.9898 -1.21827
15.9898 -1.37056
15.9898 -1.52284
15.9898 -1.67513
15.9898 -1.9797
