16.1421 -1.37056
16.1421 -1.67513
16.1421 -1.82741
15.9898 -1.9797
15.9898 -2.13198
15.8376 -2.28426
15.8376 -2.58883
15.6853 -2.74112
15.6853 -2.8934
15.533 -3.04569
15.533 -3.19797
15.533 -3.35025
15.3807 -3.65482
15.3807 -3.80711
15.2284 -3.95939
15.2284 -4.11168
15.0761 -4.26396
15.0761 -4.41624
14.9239 -4.56853
14.7716 -4.72081
14.7716 -4.8731
14.6193 -5.02538
14.6193 -5.17766
14.467 -5.32995
14.3147 -5.48223
14.3147 -5.63452
14.1624 -5.7868
14.0102 -5.93909
14.0102 -6.09137
13.8579 -6.24365
13.7056 -6.39594
13.5533 -6.39594
13.5533 -6.54822
13.401 -6.70051
13.2487 -6.85279
13.0964 -7.00508
12.9442 -7.15736
12.9442 -7.15736
12.7919 -7.30964
12.6396 -7.46193
12.4873 -7.61421
12.335 -7.61421
12.335 -7.7665
12.1827 -7.91878
12.0305 -7.91878
11.8782 -8.07107
11.7259 -8.22335
11.7259 -8.37563
11.5736 -8.37563
11.4213 -8.52792
11.269 -8.6802
11.1168 -8.6802
10.9645 -8.83249
10.9645 -8.98477
10.8122 -9.13706
10.6599 -9.13706
10.5076 -9.28934
10.3553 -9.44162
10.3553 -9.44162
10.203 -9.59391
10.0508 -9.74619
9.89848 -9.89848
9.74619 -9.89848
9.59391 -10.0508
9.44162 -10.203
9.28934 -10.203
9.28934 -10.3553
9.13706 -10.5076
8.98477 -10.6599
8.83249 -10.6599
8.6802 -10.8122
8.52792 -10.9645
8.37563 -10.9645
8.22335 -11.1168
8.07107 -11.269
7.91878 -11.269
7.7665 -11.4213
7.61421 -11.5736
7.46193 -11.5736
7.15736 -11.7259
7.00508 -11.7259
6.85279 -11.8782
6.70051 -11.8782
6.54822 -12.0305
6.39594 -12.0305
6.09137 -12.1827
5.93909 -12.1827
5.7868 -12.335
5.63452 -12.335
5.48223 -12.335
5.17766 -12.4873
5.02538 -12.4873
4.8731 -12.4873
4.56853 -12.6396
4.41624 -12.6396
4.26396 -12.6396
4.11168 -12.6396
3.80711 -12.6396
3.65482 -12.6396
3.50254 -12.6396
3.19797 -12.6396
3.04569 -12.6396
2.8934 -12.6396
2.58883 -12.6396
2.43655 -12.4873
2.28426 -12.4873
2.13198 -12.4873
1.82741 -12.4873
1.67513 -12.335
1.52284 -12.335
1.21827 -12.335
1.06599 -12.1827
0.913706 -12.1827
0.761421 -12.0305
0.456853 -12.0305
0.304569 -11.8782
0.152284 -11.8782
0 -11.7259
-0.152284 -11.5736
-0.456853 -11.5736
-0.609137 -11.4213
-0.761421 -11.4213
-0.913706 -11.269
-1.06599 -11.1168
-1.21827 -11.1168
-1.37056 -10.9645
-1.52284 -10.8122
-1.82741 -10.6599
-1.9797 -10.5076
-2.13198 -10.5076
-2.28426 -10.3553
-2.43655 -10.203
-2.58883 -10.0508
-2.74112 -9.89848
-2.8934 -9.74619
-3.04569 -9.59391
-3.19797 -9.44162
-3.19797 -9.28934
-3.35025 -9.13706
-3.50254 -8.98477
-3.65482 -8.83249
-3.80711 -8.6802
-3.95939 -8.52792
-3.95939 -8.37563
-4.11168 -8.22335
-4.26396 -8.07107
-4.26396 -7.91878
-4.41624 -7.61421
-4.56853 -7.46193
-4.56853 -7.30964
-4.72081 -7.15736
-4.72081 -7.00508
-4.8731 -6.70051
-4.8731 -6.54822
-4.8731 -6.39594
-5.02538 -6.24365
-5.02538 -5.93909
-5.02538 -5.7868
-5.17766 -5.63452
-5.17766 -5.48223
-5.17766 -5.17766
-5.17766 -5.02538
-5.32995 -4.8731
-5.32995 -4.56853
-5.32995 -4.41624
-5.32995 -4.26396
-5.32995 -4.11168
-5.32995 -3.80711
-5.32995 -3.65482
-5.32995 -3.50254
-5.32995 -3.35025
-5.32995 -3.04569
-5.32995 -2.8934
-5.32995 -2.74112
-5.32995 -2.58883
-5.32995 -2.28426
-5.32995 -2.13198
-5.32995 -1.9797
-5.32995 -1.82741
-5.32995 -1.67513
-5.17766 -1.37056
-5.17766 -1.21827
-5.17766 -1.06599
-5.17766 -0.913706
-5.02538 -0.761421
-5.02538 -0.456853
-5.02538 -0.304569
-4.8731 -0.152284
-4.8731 0
-4.8731 0.152284
-4.72081 0.304569
-4.72081 0.456853
-4.56853 0.609137
-4.56853 0.913706
-4.56853 1.06599
-4.41624 1.21827
-4.41624 1.37056
-4.26396 1.52284
-4.11168 1.67513
-4.11168 1.82741
-3.95939 1.9797
-3.95939 2.13198
-3.80711 2.28426
-3.65482 2.43655
-3.65482 2.58883
-3.50254 2.58883
-3.50254 2.74112
-3.35025 2.8934
-3.19797 3.04569
-3.04569 3.19797
-3.04569 3.35025
-2.8934 3.50254
-2.74112 3.65482
-2.74112 3.65482
-2.58883 3.80711
-2.43655 3.95939
-2.28426 4.11168
-2.28426 4.26396
-2.13198 4.26396
-1.9797 4.41624
-1.82741 4.56853
-1.82741 4.72081
-1.67513 4.72081
-1.52284 4.8731
-1.37056 5.02538
-1.21827 5.02538
-1.21827 5.17766
-1.06599 5.32995
-0.913706 5.32995
-0.761421 5.48223
-0.609137 5.63452
-0.456853 5.63452
-0.456853 5.7868
-0.304569 5.93909
-0.152284 5.93909
0 6.09137
0.152284 6.09137
0.304569 6.24365
0.304569 6.39594
0.456853 6.39594
0.609137 6.54822
0.761421 6.54822
0.913706 6.70051
1.06599 6.70051
1.21827 6.85279
1.37056 7.00508
1.52284 7.00508
1.67513 7.15736
1.67513 7.15736
1.82741 7.30964
1.9797 7.30964
2.13198 7.46193
2.28426 7.46193
2.43655 7.61421
2.58883 7.7665
2.74112 7.7665
2.8934 7.91878
3.04569 7.91878
3.19797 8.07107
3.35025 8.07107
3.50254 8.22335
3.65482 8.37563
3.80711 8.37563
3.95939 8.52792
4.11168 8.52792
4.41624 8.6802
4.56853 8.83249
4.72081 8.83249
4.8731 8.98477
5.02538 9.13706
5.17766 9.13706
5.48223 9.28934
5.63452 9.44162
5.7868 9.44162
5.93909 9.59391
6.24365 9.59391
6.39594 9.74619
6.54822 9.74619
6.85279 9.74619
7.00508 9.89848
7.15736 9.89848
7.46193 9.89848
7.61421 9.89848
7.91878 10.0508
8.07107 10.0508
8.22335 10.0508
8.52792 9.89848
8.6802 9.89848
8.83249 9.89848
9.13706 9.89848
9.28934 9.74619
9.44162 9.74619
9.74619 9.59391
9.89848 9.44162
10.0508 9.44162
10.203 9.28934
10.3553 9.13706
10.5076 8.98477
10.6599 8.83249
10.8122 8.83249
10.9645 8.6802
11.1168 8.52792
11.269 8.37563
11.4213 8.22335
11.5736 7.91878
11.7259 7.7665
11.8782 7.61421
11.8782 7.46193
12.0305 7.30964
12.1827 7.15736
12.335 7.00508
12.4873 6.85279
12.4873 6.70051
12.6396 6.54822
12.7919 6.39594
12.7919 6.24365
12.9442 6.09137
13.0964 5.93909
13.2487 5.7868
13.2487 5.63452
13.401 5.48223
13.5533 5.32995
13.5533 5.17766
13.7056 5.02538
13.8579 4.8731
13.8579 4.72081
14.0102 4.56853
14.1624 4.41624
14.1624 4.26396
14.3147 4.11168
14.467 3.80711
14.467 3.65482
14.6193 3.50254
14.6193 3.35025
14.7716 3.19797
14.9239 3.04569
14.9239 2.8934
15.0761 2.74112
15.0761 2.58883
15.0761 2.43655
15.2284 2.28426
15.2284 1.9797
15.3807 1.82741
15.3807 1.67513
15.533 1.52284
15.533 1.37056
15.533 1.21827
15.6853 0.913706
15.6853 0.761421
15.6853 0.609137
15.6853 0.456853
15.8376 0.304569
15.8376 0
15.8376 -0.152284
15.9898 -0.304569
15.9898 -0.456853
15.9898 -0.609137
15.9898 -0.913706
16.1421 -1.06599
16.1421 -1.21827
