16.1421 -1.37056
16.1421 -1.67513
16.1421 -1.82741
15.9898 -1.9797
15.9898 -2.13198
15.8376 -2.43655
15.8376 -2.58883
15.8376 -2.74112
15.6853 -2.8934
15.6853 -3.04569
15.6853 -3.19797
15.533 -3.35025
15.533 -3.65482
15.3807 -3.80711
15.3807 -3.95939
15.2284 -4.11168
15.2284 -4.26396
15.0761 -4.41624
15.0761 -4.56853
14.9239 -4.72081
14.9239 -4.8731
14.7716 -5.02538
14.7716 -5.17766
14.6193 -5.32995
14.6193 -5.48223
14.467 -5.63452
14.3147 -5.7868
14.3147 -5.93909
14.1624 -6.09137
14.0102 -6.24365
13.8579 -6.39594
13.8579 -6.54822
13.7056 -6.70051
13.5533 -6.70051
13.401 -6.85279
13.2487 -7.00508
13.0964 -7.15736
13.0964 -7.15736
12.9442 -7.30964
12.7919 -7.46193
12.6396 -7.61421
12.4873 -7.61421
12.335 -7.7665
12.335 -7.91878
12.1827 -8.07107
12.0305 -8.07107
11.8782 -8.22335
11.7259 -8.37563
11.7259 -8.37563
11.5736 -8.52792
11.4213 -8.6802
11.269 -8.83249
11.1168 -8.83249
10.9645 -8.98477
10.9645 -9.13706
10.8122 -9.13706
10.6599 -9.28934
10.5076 -9.44162
10.3553 -9.59391
10.3553 -9.59391
10.203 -9.74619
10.0508 -9.89848
9.89848 -10.0508
9.74619 -10.0508
9.59391 -10.203
9.44162 -10.3553
9.28934 -10.5076
9.28934 -10.5076
9.13706 -10.6599
8.98477 -10.8122
8.83249 -10.8122
8.6802 -10.9645
8.52792 -11.1168
8.37563 -11.1168
8.22335 -11.269
8.07107 -11.4213
7.91878 -11.4213
7.7665 -11.5736
7.46193 -11.7259
7.30964 -11.7259
7.15736 -11.8782
7.00508 -11.8782
6.85279 -12.0305
6.70051 -12.0305
6.54822 -12.1827
6.24365 -12.1827
6.09137 -12.335
5.93909 -12.335
5.7868 -12.335
5.48223 -12.4873
5.32995 -12.4873
5.17766 -12.4873
5.02538 -12.6396
4.72081 -12.6396
4.56853 -12.6396
4.41624 -12.6396
4.11168 -12.6396
3.95939 -12.6396
3.80711 -12.6396
3.65482 -12.6396
3.35025 -12.6396
3.19797 -12.6396
3.04569 -12.6396
2.74112 -12.4873
2.58883 -12.4873
2.43655 -12.4873
2.13198 -12.4873
1.9797 -12.335
1.82741 -12.335
1.67513 -12.335
1.37056 -12.1827
1.21827 -12.1827
1.06599 -12.0305
0.913706 -12.0305
0.761421 -11.8782
0.456853 -11.8782
0.304569 -11.7259
0.152284 -11.7259
0 -11.5736
-0.152284 -11.4213
-0.304569 -11.4213
-0.609137 -11.269
-0.761421 -11.1168
-0.913706 -11.1168
-1.06599 -10.9645
-1.21827 -10.8122
-1.37056 -10.8122
-1.52284 -10.6599
-1.67513 -10.5076
-1.82741 -10.3553
-1.9797 -10.203
-2.13198 -10.0508
-2.28426 -10.0508
-2.43655 -9.89848
-2.58883 -9.74619
-2.74112 -9.59391
-2.8934 -9.44162
-3.04569 -9.28934
-3.19797 -9.13706
-3.35025 -8.98477
-3.35025 -8.83249
-3.50254 -8.6802
-3.65482 -8.52792
-3.80711 -8.37563
-3.80711 -8.07107
-3.95939 -7.91878
-4.11168 -7.7665
-4.11168 -7.61421
-4.26396 -7.46193
-4.26396 -7.30964
-4.41624 -7.00508
-4.41624 -6.85279
-4.56853 -6.70051
-4.56853 -6.54822
-4.72081 -6.39594
-4.72081 -6.09137
-4.72081 -5.93909
-4.8731 -5.7868
-4.8731 -5.63452
-4.8731 -5.32995
-4.8731 -5.17766
-5.02538 -5.02538
-5.02538 -4.8731
-5.02538 -4.56853
-5.02538 -4.41624
-5.02538 -4.26396
-5.02538 -4.11168
-5.02538 -3.80711
-5.17766 -3.65482
-5.17766 -3.50254
-5.17766 -3.35025
-5.17766 -3.04569
-5.17766 -2.8934
-5.17766 -2.74112
-5.17766 -2.58883
-5.17766 -2.28426
-5.17766 -2.13198
-5.17766 -1.9797
-5.02538 -1.82741
-5.02538 -1.67513
-5.02538 -1.37056
-5.02538 -1.21827
-5.02538 -1.06599
-5.02538 -0.913706
-4.8731 -0.761421
-4.8731 -0.609137
-4.8731 -0.304569
-4.8731 -0.152284
-4.72081 0
-4.72081 0.152284
-4.72081 0.304569
-4.56853 0.456853
-4.56853 0.609137
-4.41624 0.761421
-4.41624 0.913706
-4.26396 1.21827
-4.26396 1.37056
-4.11168 1.52284
-4.11168 1.67513
-3.95939 1.82741
-3.95939 1.9797
-3.80711 2.13198
-3.65482 2.28426
-3.65482 2.43655
-3.50254 2.43655
-3.35025 2.58883
-3.35025 2.74112
-3.19797 2.8934
-3.04569 3.04569
-3.04569 3.19797
-2.8934 3.35025
-2.74112 3.50254
-2.74112 3.65482
-2.58883 3.65482
-2.43655 3.80711
-2.43655 3.95939
-2.28426 4.11168
-2.13198 4.26396
-1.9797 4.41624
-1.9797 4.41624
-1.82741 4.56853
-1.67513 4.72081
-1.67513 4.8731
-1.52284 5.02538
-1.37056 5.02538
-1.37056 5.17766
-1.21827 5.32995
-1.06599 5.48223
-0.913706 5.63452
-0.913706 5.63452
-0.761421 5.7868
-0.609137 5.93909
-0.456853 6.09137
-0.304569 6.09137
-0.304569 6.24365
-0.152284 6.39594
0 6.54822
0.152284 6.54822
0.304569 6.70051
0.456853 6.85279
0.609137 6.85279
0.609137 7.00508
0.761421 7.15736
0.913706 7.15736
1.06599 7.30964
1.21827 7.30964
1.37056 7.46193
1.52284 7.61421
1.67513 7.61421
1.82741 7.7665
1.9797 7.7665
2.13198 7.91878
2.28426 7.91878
2.43655 8.07107
2.58883 8.07107
2.74112 8.22335
2.8934 8.22335
3.04569 8.37563
3.19797 8.37563
3.50254 8.52792
3.65482 8.52792
3.80711 8.6802
3.95939 8.6802
4.11168 8.83249
4.26396 8.83249
4.41624 8.98477
4.56853 8.98477
4.8731 9.13706
5.02538 9.13706
5.17766 9.28934
5.32995 9.28934
5.48223 9.44162
5.7868 9.44162
5.93909 9.44162
6.09137 9.59391
6.39594 9.59391
6.54822 9.74619
6.70051 9.74619
7.00508 9.74619
7.15736 9.74619
7.30964 9.89848
7.61421 9.89848
7.7665 9.89848
7.91878 9.89848
8.22335 9.89848
8.37563 9.89848
8.52792 9.89848
8.83249 9.74619
8.98477 9.74619
9.13706 9.74619
9.44162 9.59391
9.59391 9.59391
9.74619 9.44162
9.89848 9.44162
10.203 9.28934
10.3553 9.13706
10.5076 9.13706
10.6599 8.98477
10.8122 8.83249
10.9645 8.6802
11.1168 8.52792
11.269 8.37563
11.4213 8.37563
11.5736 8.22335
11.7259 8.07107
11.8782 7.91878
12.0305 7.7665
12.1827 7.61421
12.335 7.46193
12.335 7.30964
12.4873 7.15736
12.6396 6.85279
12.7919 6.70051
12.9442 6.54822
12.9442 6.39594
13.0964 6.24365
13.2487 6.09137
13.401 5.93909
13.401 5.7868
13.5533 5.63452
13.7056 5.48223
13.8579 5.32995
13.8579 5.17766
14.0102 5.02538
14.1624 4.8731
14.1624 4.72081
14.3147 4.56853
14.467 4.41624
14.467 4.26396
14.6193 4.11168
14.6193 3.95939
14.7716 3.80711
14.7716 3.65482
14.9239 3.50254
15.0761 3.19797
15.0761 3.04569
15.0761 2.8934
15.2284 2.74112
15.2284 2.58883
15.3807 2.43655
15.3807 2.13198
15.3807 1.9797
15.533 1.82741
15.533 1.67513
15.533 1.52284
15.533 1.37056
15.6853 1.06599
15.6853 0.913706
15.6853 0.761421
15.6853 0.609137
15.8376 0.456853
15.8376 0.152284
15.8376 0
15.8376 -0.152284
15.9898 -0.304569
15.9898 -0.456853
15.9898 -0.761421
15.9898 -0.913706
16.1421 -1.06599
16.1421 -1.21827
