16.2944 -1.67513
16.2944 -1.82741
16.1421 -2.13198
16.1421 -2.28426
16.1421 -2.43655
15.9898 -2.58883
15.9898 -2.74112
15.8376 -3.04569
15.8376 -3.19797
15.6853 -3.35025
15.6853 -3.50254
15.6853 -3.65482
15.533 -3.80711
15.533 -3.95939
15.3807 -4.11168
15.3807 -4.41624
15.2284 -4.56853
15.2284 -4.72081
15.0761 -4.8731
14.9239 -5.02538
14.9239 -5.17766
14.7716 -5.32995
14.7716 -5.48223
14.6193 -5.63452
14.467 -5.7868
14.467 -5.93909
14.3147 -6.09137
14.3147 -6.24365
14.1624 -6.24365
14.0102 -6.39594
13.8579 -6.54822
13.8579 -6.70051
13.7056 -6.85279
13.5533 -7.00508
13.401 -7.15736
13.401 -7.15736
13.2487 -7.30964
13.0964 -7.46193
12.9442 -7.61421
12.9442 -7.7665
12.7919 -7.7665
12.6396 -7.91878
12.4873 -8.07107
12.335 -8.22335
12.335 -8.22335
12.1827 -8.37563
12.0305 -8.52792
11.8782 -8.52792
11.7259 -8.6802
11.7259 -8.83249
11.5736 -8.98477
11.4213 -8.98477
11.269 -9.13706
11.1168 -9.28934
10.9645 -9.28934
10.9645 -9.44162
10.8122 -9.59391
10.6599 -9.59391
10.5076 -9.74619
10.3553 -9.89848
10.203 -9.89848
10.0508 -10.0508
10.0508 -10.203
9.89848 -10.203
9.74619 -10.3553
9.59391 -10.5076
9.44162 -10.5076
9.28934 -10.6599
9.13706 -10.8122
8.98477 -10.8122
8.83249 -10.9645
8.6802 -11.1168
8.52792 -11.1168
8.37563 -11.269
8.22335 -11.269
8.07107 -11.4213
7.91878 -11.5736
7.7665 -11.5736
7.61421 -11.7259
7.46193 -11.7259
7.30964 -11.8782
7.15736 -12.0305
7.00508 -12.0305
6.70051 -12.1827
6.54822 -12.1827
6.39594 -12.1827
6.24365 -12.335
6.09137 -12.335
5.93909 -12.4873
5.63452 -12.4873
5.48223 -12.4873
5.32995 -12.6396
5.17766 -12.6396
4.8731 -12.6396
4.72081 -12.6396
4.56853 -12.6396
4.26396 -12.7919
4.11168 -12.7919
3.95939 -12.7919
3.80711 -12.7919
3.50254 -12.6396
3.35025 -12.6396
3.19797 -12.6396
2.8934 -12.6396
2.74112 -12.6396
2.58883 -12.6396
2.43655 -12.4873
2.13198 -12.4873
1.9797 -12.4873
1.82741 -12.335
1.67513 -12.335
1.52284 -12.1827
1.21827 -12.1827
1.06599 -12.0305
0.913706 -12.0305
0.761421 -11.8782
0.609137 -11.8782
0.304569 -11.7259
0.152284 -11.7259
0 -11.5736
-0.152284 -11.4213
-0.304569 -11.4213
-0.456853 -11.269
-0.609137 -11.1168
-0.761421 -11.1168
-0.913706 -10.9645
-1.06599 -10.8122
-1.37056 -10.6599
-1.52284 -10.6599
-1.67513 -10.5076
-1.82741 -10.3553
-1.9797 -10.203
-2.13198 -10.0508
-2.13198 -9.89848
-2.28426 -9.89848
-2.43655 -9.74619
-2.58883 -9.59391
-2.74112 -9.44162
-2.8934 -9.28934
-3.04569 -9.13706
-3.19797 -8.98477
-3.19797 -8.83249
-3.35025 -8.6802
-3.50254 -8.52792
-3.65482 -8.37563
-3.65482 -8.07107
-3.80711 -7.91878
-3.95939 -7.7665
-3.95939 -7.61421
-4.11168 -7.46193
-4.11168 -7.30964
-4.26396 -7.15736
-4.26396 -7.00508
-4.41624 -6.70051
-4.41624 -6.54822
-4.56853 -6.39594
-4.56853 -6.24365
-4.72081 -6.09137
-4.72081 -5.7868
-4.72081 -5.63452
-4.8731 -5.48223
-4.8731 -5.32995
-4.8731 -5.02538
-4.8731 -4.8731
-5.02538 -4.72081
-5.02538 -4.56853
-5.02538 -4.26396
-5.02538 -4.11168
-5.02538 -3.95939
-5.02538 -3.80711
-5.02538 -3.50254
-5.02538 -3.35025
-5.02538 -3.19797
-5.02538 -3.04569
-5.02538 -2.8934
-5.02538 -2.58883
-5.02538 -2.43655
-5.02538 -2.28426
-5.02538 -2.13198
-5.02538 -1.82741
-4.8731 -1.67513
-4.8731 -1.52284
-4.8731 -1.37056
-4.8731 -1.21827
-4.8731 -1.06599
-4.72081 -0.761421
-4.72081 -0.609137
-4.72081 -0.456853
-4.56853 -0.304569
-4.56853 -0.152284
-4.56853 0
-4.41624 0.152284
-4.41624 0.456853
-4.26396 0.609137
-4.26396 0.761421
-4.11168 0.913706
-4.11168 1.06599
-4.11168 1.21827
-3.95939 1.37056
-3.95939 1.52284
-3.80711 1.67513
-3.65482 1.82741
-3.65482 1.9797
-3.50254 2.13198
-3.50254 2.28426
-3.35025 2.43655
-3.35025 2.58883
-3.19797 2.74112
-3.04569 2.8934
-3.04569 3.04569
-2.8934 3.19797
-2.74112 3.19797
-2.74112 3.35025
-2.58883 3.50254
-2.43655 3.65482
-2.28426 3.80711
-2.28426 3.95939
-2.13198 3.95939
-1.9797 4.11168
-1.82741 4.26396
-1.82741 4.41624
-1.67513 4.56853
-1.52284 4.56853
-1.37056 4.72081
-1.21827 4.8731
-1.21827 4.8731
-1.06599 5.02538
-0.913706 5.17766
-0.761421 5.17766
-0.609137 5.32995
-0.456853 5.48223
-0.456853 5.48223
-0.304569 5.63452
-0.152284 5.7868
0 5.7868
0.152284 5.93909
0.304569 5.93909
0.456853 6.09137
0.609137 6.24365
0.761421 6.24365
0.913706 6.39594
0.913706 6.39594
1.06599 6.54822
1.21827 6.54822
1.37056 6.70051
1.52284 6.70051
1.67513 6.85279
1.82741 6.85279
1.9797 7.00508
2.13198 7.00508
2.28426 7.15736
2.43655 7.15736
2.58883 7.30964
2.74112 7.30964
2.8934 7.46193
3.04569 7.61421
3.19797 7.61421
3.35025 7.7665
3.50254 7.7665
3.65482 7.91878
3.80711 7.91878
3.95939 8.07107
4.11168 8.22335
4.26396 8.22335
4.41624 8.37563
4.56853 8.52792
4.72081 8.52792
4.8731 8.6802
5.17766 8.83249
5.32995 8.98477
5.48223 8.98477
5.63452 9.13706
5.93909 9.28934
6.09137 9.28934
6.24365 9.44162
6.54822 9.44162
6.70051 9.59391
6.85279 9.59391
7.15736 9.74619
7.30964 9.74619
7.46193 9.89848
7.7665 9.89848
7.91878 9.89848
8.22335 9.89848
8.37563 9.89848
8.6802 9.89848
8.83249 9.89848
8.98477 9.89848
9.28934 9.89848
9.44162 9.74619
9.59391 9.74619
9.89848 9.59391
10.0508 9.44162
10.203 9.44162
10.3553 9.28934
10.5076 9.13706
10.6599 8.98477
10.8122 8.83249
10.9645 8.6802
11.1168 8.52792
11.269 8.37563
11.4213 8.22335
11.5736 8.07107
11.7259 7.7665
11.8782 7.61421
11.8782 7.46193
12.0305 7.30964
12.1827 7.15736
12.1827 7.00508
12.335 6.70051
12.4873 6.54822
12.6396 6.39594
12.6396 6.24365
12.7919 6.09137
12.9442 5.93909
12.9442 5.7868
13.0964 5.63452
13.2487 5.48223
13.2487 5.32995
13.401 5.17766
13.5533 5.02538
13.7056 4.8731
13.7056 4.72081
13.8579 4.56853
14.0102 4.41624
14.0102 4.26396
14.1624 4.11168
14.3147 3.95939
14.467 3.80711
14.467 3.65482
14.6193 3.50254
14.7716 3.35025
14.7716 3.19797
14.9239 3.04569
14.9239 2.8934
15.0761 2.74112
15.0761 2.58883
15.2284 2.43655
15.2284 2.28426
15.3807 2.13198
15.3807 1.82741
15.533 1.67513
15.533 1.52284
15.533 1.37056
15.6853 1.21827
15.6853 1.06599
15.6853 0.913706
15.8376 0.609137
15.8376 0.456853
15.8376 0.304569
15.9898 0.152284
15.9898 0
15.9898 -0.304569
15.9898 -0.456853
16.1421 -0.609137
16.1421 -0.761421
16.1421 -0.913706
16.1421 -1.21827
16.2944 -1.37056
16.2944 -1.52284
