16.599 -1.82741
16.599 -1.9797
16.4467 -2.13198
16.4467 -2.28426
16.2944 -2.58883
16.2944 -2.74112
16.1421 -2.8934
16.1421 -3.04569
15.9898 -3.19797
15.9898 -3.35025
15.8376 -3.65482
15.8376 -3.80711
15.6853 -3.95939
15.6853 -4.11168
15.533 -4.26396
15.533 -4.41624
15.3807 -4.56853
15.3807 -4.72081
15.2284 -4.8731
15.2284 -5.02538
15.0761 -5.17766
15.0761 -5.32995
14.9239 -5.48223
14.7716 -5.63452
14.7716 -5.7868
14.6193 -5.93909
14.467 -6.09137
14.467 -6.24365
14.3147 -6.39594
14.1624 -6.54822
14.1624 -6.54822
14.0102 -6.70051
13.8579 -6.85279
13.7056 -7.00508
13.7056 -7.15736
13.5533 -7.30964
13.401 -7.30964
13.2487 -7.46193
13.0964 -7.61421
13.0964 -7.7665
12.9442 -7.7665
12.7919 -7.91878
12.6396 -8.07107
12.4873 -8.07107
12.4873 -8.22335
12.335 -8.37563
12.1827 -8.52792
12.0305 -8.52792
11.8782 -8.6802
11.8782 -8.83249
11.7259 -8.83249
11.5736 -8.98477
11.4213 -9.13706
11.269 -9.13706
11.269 -9.28934
11.1168 -9.44162
10.9645 -9.44162
10.8122 -9.59391
10.6599 -9.74619
10.5076 -9.74619
10.5076 -9.89848
10.3553 -10.0508
10.203 -10.203
10.0508 -10.203
9.89848 -10.3553
9.74619 -10.5076
9.59391 -10.5076
9.44162 -10.6599
9.44162 -10.8122
9.28934 -10.8122
9.13706 -10.9645
8.98477 -10.9645
8.83249 -11.1168
8.6802 -11.269
8.52792 -11.269
8.37563 -11.4213
8.22335 -11.5736
8.07107 -11.5736
7.91878 -11.7259
7.7665 -11.7259
7.46193 -11.8782
7.30964 -11.8782
7.15736 -12.0305
7.00508 -12.0305
6.85279 -12.1827
6.70051 -12.1827
6.54822 -12.335
6.24365 -12.335
6.09137 -12.4873
5.93909 -12.4873
5.7868 -12.4873
5.63452 -12.6396
5.32995 -12.6396
5.17766 -12.6396
5.02538 -12.6396
4.8731 -12.6396
4.56853 -12.6396
4.41624 -12.7919
4.26396 -12.7919
3.95939 -12.7919
3.80711 -12.7919
3.65482 -12.6396
3.50254 -12.6396
3.19797 -12.6396
3.04569 -12.6396
2.8934 -12.6396
2.74112 -12.6396
2.43655 -12.4873
2.28426 -12.4873
2.13198 -12.4873
1.9797 -12.335
1.67513 -12.335
1.52284 -12.1827
1.37056 -12.1827
1.21827 -12.0305
0.913706 -12.0305
0.761421 -11.8782
0.609137 -11.8782
0.456853 -11.7259
0.304569 -11.7259
0.152284 -11.5736
0 -11.4213
-0.304569 -11.4213
-0.456853 -11.269
-0.609137 -11.1168
-0.761421 -11.1168
-0.913706 -10.9645
-1.06599 -10.8122
-1.21827 -10.6599
-1.37056 -10.6599
-1.52284 -10.5076
-1.67513 -10.3553
-1.82741 -10.203
-1.9797 -10.0508
-2.13198 -9.89848
-2.28426 -9.74619
-2.43655 -9.74619
-2.58883 -9.59391
-2.74112 -9.44162
-2.74112 -9.28934
-2.8934 -9.13706
-3.04569 -8.98477
-3.19797 -8.83249
-3.35025 -8.6802
-3.35025 -8.37563
-3.50254 -8.22335
-3.65482 -8.07107
-3.65482 -7.91878
-3.80711 -7.7665
-3.95939 -7.61421
-3.95939 -7.46193
-4.11168 -7.30964
-4.11168 -7.00508
-4.26396 -6.85279
-4.26396 -6.70051
-4.41624 -6.54822
-4.41624 -6.39594
-4.41624 -6.09137
-4.56853 -5.93909
-4.56853 -5.7868
-4.56853 -5.63452
-4.72081 -5.32995
-4.72081 -5.17766
-4.72081 -5.02538
-4.72081 -4.8731
-4.8731 -4.56853
-4.8731 -4.41624
-4.8731 -4.26396
-4.8731 -4.11168
-4.8731 -3.80711
-4.8731 -3.65482
-4.8731 -3.50254
-4.8731 -3.35025
-4.8731 -3.04569
-4.8731 -2.8934
-4.8731 -2.74112
-4.8731 -2.58883
-4.8731 -2.28426
-4.8731 -2.13198
-4.72081 -1.9797
-4.72081 -1.82741
-4.72081 -1.67513
-4.72081 -1.37056
-4.72081 -1.21827
-4.56853 -1.06599
-4.56853 -0.913706
-4.56853 -0.761421
-4.41624 -0.609137
-4.41624 -0.304569
-4.41624 -0.152284
-4.26396 0
-4.26396 0.152284
-4.11168 0.304569
-4.11168 0.456853
-4.11168 0.609137
-3.95939 0.761421
-3.95939 0.913706
-3.80711 1.06599
-3.80711 1.21827
-3.65482 1.37056
-3.50254 1.67513
-3.50254 1.82741
-3.35025 1.9797
-3.35025 1.9797
-3.19797 2.13198
-3.19797 2.28426
-3.04569 2.43655
-2.8934 2.58883
-2.8934 2.74112
-2.74112 2.8934
-2.58883 3.04569
-2.58883 3.19797
-2.43655 3.35025
-2.28426 3.50254
-2.28426 3.65482
-2.13198 3.65482
-1.9797 3.80711
-1.82741 3.95939
-1.82741 4.11168
-1.67513 4.26396
-1.52284 4.41624
-1.37056 4.41624
-1.37056 4.56853
-1.21827 4.72081
-1.06599 4.8731
-0.913706 4.8731
-0.913706 5.02538
-0.761421 5.17766
-0.609137 5.17766
-0.456853 5.32995
-0.304569 5.48223
-0.152284 5.63452
0 5.63452
0 5.7868
0.152284 5.7868
0.304569 5.93909
0.456853 6.09137
0.609137 6.09137
0.761421 6.24365
0.913706 6.24365
1.06599 6.39594
1.21827 6.39594
1.37056 6.54822
1.52284 6.54822
1.67513 6.70051
1.82741 6.70051
1.9797 6.85279
2.13198 6.85279
2.13198 7.00508
2.28426 7.00508
2.43655 7.15736
2.58883 7.15736
2.74112 7.30964
2.8934 7.30964
3.04569 7.46193
3.19797 7.46193
3.35025 7.61421
3.50254 7.61421
3.80711 7.7665
3.95939 7.7665
4.11168 7.91878
4.26396 7.91878
4.41624 8.07107
4.56853 8.22335
4.72081 8.22335
4.8731 8.37563
5.02538 8.52792
5.17766 8.52792
5.32995 8.6802
5.63452 8.83249
5.7868 8.98477
5.93909 8.98477
6.09137 9.13706
6.39594 9.28934
6.54822 9.28934
6.70051 9.44162
7.00508 9.44162
7.15736 9.59391
7.30964 9.74619
7.61421 9.74619
7.7665 9.74619
8.07107 9.89848
8.22335 9.89848
8.52792 9.89848
8.6802 9.89848
8.83249 9.89848
9.13706 9.89848
9.28934 9.89848
9.59391 9.74619
9.74619 9.74619
9.89848 9.74619
10.203 9.59391
10.3553 9.44162
10.5076 9.44162
10.6599 9.28934
10.8122 9.13706
10.9645 8.98477
11.1168 8.83249
11.269 8.6802
11.4213 8.52792
11.5736 8.37563
11.7259 8.22335
11.8782 7.91878
12.0305 7.7665
12.1827 7.61421
12.1827 7.46193
12.335 7.30964
12.4873 7.15736
12.4873 6.85279
12.6396 6.70051
12.7919 6.54822
12.7919 6.39594
12.9442 6.24365
13.0964 6.09137
13.0964 5.93909
13.2487 5.63452
13.401 5.48223
13.401 5.32995
13.5533 5.17766
13.7056 5.02538
13.8579 4.8731
13.8579 4.72081
14.0102 4.56853
14.1624 4.41624
14.1624 4.41624
14.3147 4.26396
14.467 4.11168
14.467 3.95939
14.6193 3.80711
14.7716 3.65482
14.7716 3.50254
14.9239 3.35025
15.0761 3.19797
15.0761 3.04569
15.2284 2.74112
15.2284 2.58883
15.3807 2.43655
15.533 2.28426
15.533 2.13198
15.6853 1.9797
15.6853 1.82741
15.8376 1.67513
15.8376 1.52284
15.9898 1.37056
15.9898 1.06599
15.9898 0.913706
16.1421 0.761421
16.1421 0.609137
16.1421 0.456853
16.2944 0.304569
16.2944 0
16.2944 -0.152284
16.4467 -0.304569
16.4467 -0.456853
16.4467 -0.609137
16.4467 -0.913706
16.599 -1.06599
16.599 -1.21827
16.599 -1.37056
16.599 -1.67513
