16.599 -2.13198
16.4467 -2.28426
16.4467 -2.43655
16.2944 -2.74112
16.2944 -2.8934
16.1421 -3.04569
15.9898 -3.19797
15.9898 -3.35025
15.8376 -3.50254
15.8376 -3.65482
15.6853 -3.80711
15.6853 -4.11168
15.533 -4.26396
15.533 -4.41624
15.3807 -4.56853
15.3807 -4.72081
15.2284 -4.8731
15.2284 -5.02538
15.0761 -5.17766
15.0761 -5.32995
14.9239 -5.48223
14.9239 -5.63452
14.7716 -5.7868
14.7716 -5.93909
14.6193 -6.09137
14.467 -6.24365
14.467 -6.39594
14.3147 -6.54822
14.1624 -6.54822
14.1624 -6.70051
14.0102 -6.85279
13.8579 -7.00508
13.7056 -7.15736
13.7056 -7.15736
13.5533 -7.30964
13.401 -7.46193
13.2487 -7.61421
13.0964 -7.7665
13.0964 -7.7665
12.9442 -7.91878
12.7919 -8.07107
12.6396 -8.07107
12.4873 -8.22335
12.4873 -8.37563
12.335 -8.37563
12.1827 -8.52792
12.0305 -8.6802
11.8782 -8.6802
11.8782 -8.83249
11.7259 -8.98477
11.5736 -8.98477
11.4213 -9.13706
11.269 -9.28934
11.269 -9.28934
11.1168 -9.44162
10.9645 -9.59391
10.8122 -9.74619
10.8122 -9.74619
10.6599 -9.89848
10.5076 -10.0508
10.3553 -10.0508
10.203 -10.203
10.203 -10.3553
10.0508 -10.3553
9.89848 -10.5076
9.74619 -10.6599
9.59391 -10.8122
9.44162 -10.8122
9.28934 -10.9645
9.13706 -11.1168
8.98477 -11.1168
8.98477 -11.269
8.83249 -11.4213
8.6802 -11.4213
8.52792 -11.5736
8.37563 -11.5736
8.22335 -11.7259
8.07107 -11.8782
7.7665 -11.8782
7.61421 -12.0305
7.46193 -12.0305
7.30964 -12.1827
7.15736 -12.1827
7.00508 -12.335
6.85279 -12.335
6.70051 -12.335
6.54822 -12.4873
6.24365 -12.4873
6.09137 -12.6396
5.93909 -12.6396
5.7868 -12.6396
5.63452 -12.6396
5.32995 -12.7919
5.17766 -12.7919
5.02538 -12.7919
4.8731 -12.7919
4.56853 -12.7919
4.41624 -12.7919
4.26396 -12.7919
4.11168 -12.7919
3.80711 -12.7919
3.65482 -12.7919
3.50254 -12.7919
3.35025 -12.7919
3.19797 -12.6396
2.8934 -12.6396
2.74112 -12.6396
2.58883 -12.6396
2.43655 -12.4873
2.13198 -12.4873
1.9797 -12.335
1.82741 -12.335
1.67513 -12.335
1.52284 -12.1827
1.37056 -12.1827
1.06599 -12.0305
0.913706 -12.0305
0.761421 -11.8782
0.609137 -11.8782
0.456853 -11.7259
0.304569 -11.5736
0.152284 -11.5736
0 -11.4213
-0.304569 -11.269
-0.456853 -11.269
-0.609137 -11.1168
-0.761421 -10.9645
-0.913706 -10.9645
-1.06599 -10.8122
-1.21827 -10.6599
-1.37056 -10.5076
-1.52284 -10.3553
-1.67513 -10.3553
-1.67513 -10.203
-1.82741 -10.0508
-1.9797 -9.89848
-2.13198 -9.74619
-2.28426 -9.59391
-2.43655 -9.44162
-2.58883 -9.28934
-2.74112 -9.13706
-2.74112 -8.98477
-2.8934 -8.83249
-3.04569 -8.6802
-3.19797 -8.52792
-3.19797 -8.37563
-3.35025 -8.22335
-3.50254 -8.07107
-3.50254 -7.91878
-3.65482 -7.7665
-3.80711 -7.61421
-3.80711 -7.46193
-3.95939 -7.30964
-3.95939 -7.15736
-4.11168 -6.85279
-4.11168 -6.70051
-4.26396 -6.54822
-4.26396 -6.39594
-4.41624 -6.24365
-4.41624 -6.09137
-4.41624 -5.7868
-4.56853 -5.63452
-4.56853 -5.48223
-4.56853 -5.32995
-4.72081 -5.02538
-4.72081 -4.8731
-4.72081 -4.72081
-4.72081 -4.56853
-4.72081 -4.41624
-4.72081 -4.11168
-4.8731 -3.95939
-4.8731 -3.80711
-4.8731 -3.65482
-4.8731 -3.35025
-4.8731 -3.19797
-4.8731 -3.04569
-4.8731 -2.8934
-4.72081 -2.58883
-4.72081 -2.43655
-4.72081 -2.28426
-4.72081 -2.13198
-4.72081 -1.9797
-4.72081 -1.67513
-4.56853 -1.52284
-4.56853 -1.37056
-4.56853 -1.21827
-4.56853 -1.06599
-4.41624 -0.913706
-4.41624 -0.609137
-4.41624 -0.456853
-4.26396 -0.304569
-4.26396 -0.152284
-4.11168 0
-4.11168 0.152284
-4.11168 0.304569
-3.95939 0.456853
-3.95939 0.609137
-3.80711 0.761421
-3.80711 0.913706
-3.65482 1.21827
-3.65482 1.37056
-3.50254 1.52284
-3.50254 1.67513
-3.35025 1.82741
-3.35025 1.9797
-3.19797 2.13198
-3.04569 2.28426
-3.04569 2.43655
-2.8934 2.43655
-2.8934 2.58883
-2.74112 2.74112
-2.58883 2.8934
-2.58883 3.04569
-2.43655 3.19797
-2.28426 3.35025
-2.28426 3.50254
-2.13198 3.65482
-1.9797 3.65482
-1.82741 3.80711
-1.82741 3.95939
-1.67513 4.11168
-1.52284 4.26396
-1.37056 4.26396
-1.21827 4.41624
-1.06599 4.56853
-1.06599 4.72081
-0.913706 4.72081
-0.761421 4.8731
-0.609137 5.02538
-0.456853 5.02538
-0.304569 5.17766
-0.152284 5.32995
-0.152284 5.32995
0 5.48223
0.152284 5.48223
0.304569 5.63452
0.456853 5.7868
0.609137 5.7868
0.761421 5.93909
0.913706 5.93909
1.06599 6.09137
1.21827 6.09137
1.37056 6.24365
1.52284 6.24365
1.67513 6.39594
1.82741 6.39594
1.9797 6.54822
1.9797 6.70051
2.13198 6.70051
2.28426 6.85279
2.43655 6.85279
2.58883 7.00508
2.74112 7.00508
2.8934 7.15736
3.04569 7.15736
3.19797 7.30964
3.35025 7.30964
3.50254 7.46193
3.65482 7.46193
3.80711 7.61421
3.95939 7.61421
4.26396 7.7665
4.41624 7.91878
4.56853 7.91878
4.72081 8.07107
4.8731 8.22335
5.02538 8.22335
5.17766 8.37563
5.32995 8.52792
5.63452 8.52792
5.7868 8.6802
5.93909 8.83249
6.09137 8.98477
6.39594 8.98477
6.54822 9.13706
6.70051 9.13706
7.00508 9.28934
7.15736 9.28934
7.30964 9.44162
7.61421 9.44162
7.7665 9.59391
8.07107 9.59391
8.22335 9.59391
8.52792 9.59391
8.6802 9.59391
8.98477 9.59391
9.13706 9.59391
9.28934 9.59391
9.59391 9.59391
9.74619 9.44162
9.89848 9.44162
10.203 9.28934
10.3553 9.28934
10.5076 9.13706
10.6599 8.98477
10.9645 8.83249
11.1168 8.83249
11.269 8.6802
11.4213 8.52792
11.5736 8.37563
11.7259 8.22335
11.8782 8.07107
12.0305 7.7665
12.1827 7.61421
12.1827 7.46193
12.335 7.30964
12.4873 7.15736
12.6396 7.00508
12.6396 6.85279
12.7919 6.54822
12.9442 6.39594
13.0964 6.24365
13.0964 6.09137
13.2487 5.93909
13.401 5.7868
13.401 5.63452
13.5533 5.48223
13.7056 5.32995
13.8579 5.17766
13.8579 5.02538
14.0102 4.8731
14.1624 4.72081
14.1624 4.41624
14.3147 4.26396
14.467 4.11168
14.467 3.95939
14.6193 3.80711
14.7716 3.65482
14.7716 3.50254
14.9239 3.35025
15.0761 3.19797
15.0761 3.04569
15.2284 2.8934
15.3807 2.74112
15.3807 2.58883
15.533 2.43655
15.533 2.28426
15.6853 2.13198
15.6853 1.9797
15.8376 1.67513
15.8376 1.52284
15.9898 1.37056
15.9898 1.21827
16.1421 1.06599
16.1421 0.913706
16.1421 0.609137
16.2944 0.456853
16.2944 0.304569
16.2944 0.152284
16.4467 0
16.4467 -0.304569
16.4467 -0.456853
16.4467 -0.609137
16.4467 -0.761421
16.599 -0.913706
16.599 -1.21827
16.599 -1.37056
16.599 -1.52284
16.599 -1.67513
16.599 -1.9797
