9.74619 -2.13198
9.89848 -2.28426
10.0508 -2.43655
10.0508 -2.74112
10.203 -2.8934
10.203 -3.04569
10.3553 -3.19797
10.3553 -3.35025
10.3553 -3.50254
10.3553 -3.65482
10.3553 -3.80711
10.3553 -4.11168
10.3553 -4.26396
10.3553 -4.41624
10.3553 -4.56853
10.3553 -4.72081
10.3553 -4.8731
10.203 -5.02538
10.203 -5.17766
10.203 -5.48223
10.0508 -5.63452
10.0508 -5.7868
10.0508 -5.93909
9.89848 -6.09137
9.89848 -6.24365
9.74619 -6.39594
9.74619 -6.54822
9.74619 -6.70051
9.59391 -6.85279
9.59391 -7.00508
9.44162 -7.15736
9.44162 -7.30964
9.28934 -7.46193
9.28934 -7.7665
9.13706 -7.91878
9.13706 -8.07107
8.98477 -8.22335
8.98477 -8.37563
8.83249 -8.52792
8.83249 -8.6802
8.6802 -8.83249
8.52792 -8.98477
8.52792 -9.13706
8.37563 -9.28934
8.22335 -9.44162
8.22335 -9.59391
8.07107 -9.74619
7.91878 -9.89848
7.7665 -10.0508
7.61421 -10.0508
7.61421 -10.203
7.46193 -10.3553
7.30964 -10.5076
7.15736 -10.6599
7.00508 -10.6599
6.85279 -10.8122
6.70051 -10.9645
6.54822 -11.1168
6.39594 -11.1168
6.24365 -11.269
6.09137 -11.269
5.93909 -11.4213
5.7868 -11.4213
5.63452 -11.5736
5.32995 -11.5736
5.17766 -11.7259
5.02538 -11.7259
4.8731 -11.7259
4.72081 -11.8782
4.56853 -11.8782
4.26396 -11.8782
4.11168 -11.8782
3.95939 -11.8782
3.80711 -12.0305
3.65482 -12.0305
3.35025 -12.0305
3.19797 -12.0305
3.04569 -12.0305
2.8934 -11.8782
2.74112 -11.8782
2.43655 -11.8782
2.28426 -11.8782
2.13198 -11.8782
1.9797 -11.8782
1.82741 -11.7259
1.67513 -11.7259
1.52284 -11.7259
1.21827 -11.7259
1.06599 -11.5736
0.913706 -11.5736
0.761421 -11.5736
0.609137 -11.5736
0.456853 -11.5736
0.304569 -11.4213
0.152284 -11.4213
0 -11.4213
-0.152284 -11.4213
-0.304569 -11.4213
-0.456853 -11.269
-0.609137 -11.269
-0.761421 -11.269
-0.913706 -11.269
-1.06599 -11.269
-1.37056 -11.269
-1.52284 -11.269
-1.67513 -11.1168
-1.82741 -11.1168
-1.9797 -11.1168
-2.13198 -11.1168
-2.28426 -11.1168
-2.43655 -11.1168
-2.58883 -10.9645
-2.74112 -10.9645
-2.8934 -10.9645
-3.04569 -10.9645
-3.19797 -10.8122
-3.35025 -10.8122
-3.50254 -10.8122
-3.65482 -10.6599
-3.80711 -10.6599
-3.95939 -10.5076
-4.11168 -10.5076
-4.26396 -10.3553
-4.41624 -10.203
-4.56853 -10.203
-4.72081 -10.0508
-4.8731 -9.89848
-5.02538 -9.74619
-5.02538 -9.74619
-5.17766 -9.59391
-5.32995 -9.44162
-5.32995 -9.28934
-5.48223 -9.13706
-5.63452 -8.98477
-5.63452 -8.83249
-5.7868 -8.6802
-5.7868 -8.52792
-5.93909 -8.37563
-5.93909 -8.22335
-6.09137 -8.07107
-6.09137 -7.91878
-6.24365 -7.7665
-6.24365 -7.61421
-6.24365 -7.46193
-6.39594 -7.30964
-6.39594 -7.15736
-6.39594 -7.00508
-6.39594 -6.85279
-6.54822 -6.70051
-6.54822 -6.54822
-6.54822 -6.39594
-6.54822 -6.24365
-6.54822 -6.09137
-6.54822 -5.93909
-6.70051 -5.7868
-6.70051 -5.63452
-6.70051 -5.48223
-6.70051 -5.32995
-6.70051 -5.17766
-6.70051 -5.02538
-6.70051 -4.8731
-6.70051 -4.72081
-6.70051 -4.56853
-6.70051 -4.56853
-6.85279 -4.41624
-6.85279 -4.26396
-6.85279 -4.11168
-6.85279 -3.95939
-6.85279 -3.80711
-6.85279 -3.65482
-6.85279 -3.50254
-6.85279 -3.35025
-7.00508 -3.19797
-7.00508 -3.19797
-7.00508 -3.04569
-7.00508 -2.8934
-7.00508 -2.74112
-7.00508 -2.58883
-7.15736 -2.43655
-7.15736 -2.28426
-7.15736 -2.13198
-7.15736 -1.9797
-7.15736 -1.9797
-7.15736 -1.82741
-7.15736 -1.67513
-7.30964 -1.52284
-7.30964 -1.37056
-7.30964 -1.21827
-7.30964 -1.06599
-7.30964 -0.913706
-7.30964 -0.761421
-7.30964 -0.609137
-7.30964 -0.456853
-7.30964 -0.304569
-7.30964 -0.152284
-7.15736 0
-7.15736 0.152284
-7.15736 0.304569
-7.15736 0.456853
-7.15736 0.609137
-7.15736 0.609137
-7.00508 0.761421
-7.00508 0.913706
-7.00508 1.06599
-6.85279 1.21827
-6.85279 1.37056
-6.85279 1.52284
-6.70051 1.67513
-6.70051 1.82741
-6.70051 1.9797
-6.54822 2.13198
-6.54822 2.28426
-6.54822 2.43655
-6.39594 2.43655
-6.39594 2.58883
-6.24365 2.74112
-6.24365 2.8934
-6.24365 3.04569
-6.09137 3.19797
-6.09137 3.35025
-5.93909 3.50254
-5.93909 3.65482
-5.7868 3.80711
-5.7868 3.95939
-5.63452 4.11168
-5.63452 4.26396
-5.48223 4.41624
-5.48223 4.56853
-5.32995 4.72081
-5.32995 4.8731
-5.17766 4.8731
-5.17766 5.02538
-5.02538 5.17766
-4.8731 5.32995
-4.8731 5.48223
-4.72081 5.63452
-4.56853 5.7868
-4.41624 5.93909
-4.41624 6.09137
-4.26396 6.24365
-4.11168 6.24365
-3.95939 6.39594
-3.80711 6.54822
-3.80711 6.70051
-3.65482 6.85279
-3.50254 6.85279
-3.35025 7.00508
-3.19797 7.15736
-3.04569 7.15736
-2.8934 7.30964
-2.74112 7.46193
-2.58883 7.46193
-2.43655 7.61421
-2.28426 7.61421
-1.9797 7.7665
-1.82741 7.7665
-1.67513 7.7665
-1.52284 7.91878
-1.37056 7.91878
-1.21827 7.91878
-1.06599 7.91878
-0.761421 8.07107
-0.609137 8.07107
-0.456853 8.07107
-0.304569 8.07107
-0.152284 8.07107
0 8.07107
0.304569 7.91878
0.456853 7.91878
0.609137 7.91878
0.761421 7.91878
0.913706 7.7665
1.06599 7.7665
1.37056 7.7665
1.52284 7.61421
1.67513 7.61421
1.82741 7.46193
1.9797 7.46193
2.13198 7.30964
2.28426 7.30964
2.43655 7.15736
2.58883 7.15736
2.74112 7.00508
2.8934 7.00508
3.04569 6.85279
3.19797 6.85279
3.35025 6.70051
3.50254 6.54822
3.65482 6.54822
3.80711 6.39594
3.95939 6.39594
3.95939 6.24365
4.11168 6.24365
4.26396 6.09137
4.41624 5.93909
4.56853 5.93909
4.72081 5.7868
4.8731 5.7868
5.02538 5.63452
5.02538 5.63452
5.17766 5.48223
5.32995 5.32995
5.48223 5.32995
5.63452 5.17766
5.7868 5.17766
5.7868 5.02538
5.93909 4.8731
6.09137 4.8731
6.24365 4.72081
6.24365 4.56853
6.39594 4.41624
6.54822 4.41624
6.54822 4.26396
6.70051 4.11168
6.70051 3.95939
6.85279 3.80711
7.00508 3.80711
7.00508 3.65482
7.15736 3.50254
7.15736 3.35025
7.30964 3.19797
7.30964 3.04569
7.30964 2.8934
7.46193 2.8934
7.46193 2.74112
7.61421 2.58883
7.61421 2.43655
7.61421 2.28426
7.7665 2.13198
7.7665 1.9797
7.7665 1.82741
7.91878 1.82741
7.91878 1.67513
8.07107 1.52284
8.07107 1.37056
8.07107 1.21827
8.22335 1.06599
8.22335 0.913706
8.22335 0.913706
8.37563 0.761421
8.37563 0.609137
8.52792 0.456853
8.52792 0.304569
8.6802 0.152284
8.6802 0.152284
8.6802 0
8.83249 -0.152284
8.83249 -0.304569
8.98477 -0.456853
8.98477 -0.609137
9.13706 -0.761421
9.13706 -0.913706
9.28934 -1.06599
9.28934 -1.06599
9.44162 -1.21827
9.44162 -1.37056
9.44162 -1.52284
9.59391 -1.67513
9.59391 -1.82741
9.74619 -1.9797
