16.7513 -1.82741
16.599 -1.9797
16.599 -2.13198
16.4467 -2.28426
16.4467 -2.58883
16.2944 -2.74112
16.2944 -2.8934
16.1421 -3.04569
16.1421 -3.19797
15.9898 -3.35025
15.9898 -3.50254
15.8376 -3.80711
15.8376 -3.95939
15.6853 -4.11168
15.6853 -4.26396
15.533 -4.41624
15.533 -4.56853
15.3807 -4.72081
15.3807 -4.8731
15.2284 -5.02538
15.2284 -5.17766
15.0761 -5.32995
15.0761 -5.48223
14.9239 -5.63452
14.9239 -5.7868
14.7716 -5.93909
14.6193 -6.09137
14.6193 -6.24365
14.467 -6.39594
14.3147 -6.39594
14.3147 -6.54822
14.1624 -6.70051
14.0102 -6.85279
14.0102 -7.00508
13.8579 -7.15736
13.7056 -7.15736
13.5533 -7.30964
13.5533 -7.46193
13.401 -7.61421
13.2487 -7.7665
13.0964 -7.7665
12.9442 -7.91878
12.9442 -8.07107
12.7919 -8.07107
12.6396 -8.22335
12.4873 -8.37563
12.335 -8.52792
12.335 -8.52792
12.1827 -8.6802
12.0305 -8.83249
11.8782 -8.83249
11.8782 -8.98477
11.7259 -9.13706
11.5736 -9.28934
11.4213 -9.28934
11.269 -9.44162
11.269 -9.59391
11.1168 -9.59391
10.9645 -9.74619
10.8122 -9.89848
10.6599 -10.0508
10.5076 -10.0508
10.5076 -10.203
10.3553 -10.3553
10.203 -10.3553
10.0508 -10.5076
9.89848 -10.6599
9.74619 -10.8122
9.59391 -10.8122
9.44162 -10.9645
9.28934 -11.1168
9.13706 -11.1168
8.98477 -11.269
8.83249 -11.4213
8.6802 -11.4213
8.52792 -11.5736
8.37563 -11.7259
8.22335 -11.7259
8.07107 -11.8782
7.91878 -11.8782
7.7665 -12.0305
7.61421 -12.1827
7.46193 -12.1827
7.30964 -12.335
7.00508 -12.335
6.85279 -12.4873
6.70051 -12.4873
6.54822 -12.4873
6.39594 -12.6396
6.09137 -12.6396
5.93909 -12.7919
5.7868 -12.7919
5.63452 -12.7919
5.32995 -12.7919
5.17766 -12.7919
5.02538 -12.9442
4.8731 -12.9442
4.56853 -12.9442
4.41624 -12.9442
4.26396 -12.9442
3.95939 -12.9442
3.80711 -12.7919
3.65482 -12.7919
3.50254 -12.7919
3.19797 -12.7919
3.04569 -12.7919
2.8934 -12.6396
2.58883 -12.6396
2.43655 -12.6396
2.28426 -12.4873
2.13198 -12.4873
1.9797 -12.335
1.67513 -12.335
1.52284 -12.1827
1.37056 -12.1827
1.21827 -12.0305
1.06599 -12.0305
0.761421 -11.8782
0.609137 -11.8782
0.456853 -11.7259
0.304569 -11.7259
0.152284 -11.5736
0 -11.4213
-0.304569 -11.4213
-0.456853 -11.269
-0.609137 -11.1168
-0.761421 -11.1168
-0.913706 -10.9645
-1.06599 -10.8122
-1.21827 -10.6599
-1.37056 -10.6599
-1.52284 -10.5076
-1.67513 -10.3553
-1.82741 -10.203
-1.9797 -10.0508
-2.13198 -9.89848
-2.28426 -9.74619
-2.43655 -9.59391
-2.58883 -9.44162
-2.74112 -9.28934
-2.8934 -9.13706
-3.04569 -8.98477
-3.04569 -8.83249
-3.19797 -8.6802
-3.35025 -8.52792
-3.50254 -8.37563
-3.50254 -8.22335
-3.65482 -8.07107
-3.65482 -7.91878
-3.80711 -7.61421
-3.95939 -7.46193
-3.95939 -7.30964
-4.11168 -7.15736
-4.11168 -7.00508
-4.11168 -6.70051
-4.26396 -6.54822
-4.26396 -6.39594
-4.41624 -6.24365
-4.41624 -5.93909
-4.41624 -5.7868
-4.41624 -5.63452
-4.56853 -5.48223
-4.56853 -5.17766
-4.56853 -5.02538
-4.56853 -4.8731
-4.56853 -4.72081
-4.56853 -4.41624
-4.72081 -4.26396
-4.72081 -4.11168
-4.72081 -3.80711
-4.72081 -3.65482
-4.72081 -3.50254
-4.72081 -3.35025
-4.72081 -3.04569
-4.72081 -2.8934
-4.72081 -2.74112
-4.72081 -2.58883
-4.72081 -2.43655
-4.56853 -2.13198
-4.56853 -1.9797
-4.56853 -1.82741
-4.56853 -1.67513
-4.56853 -1.37056
-4.56853 -1.21827
-4.41624 -1.06599
-4.41624 -0.913706
-4.41624 -0.761421
-4.26396 -0.609137
-4.26396 -0.304569
-4.26396 -0.152284
-4.11168 0
-4.11168 0.152284
-3.95939 0.304569
-3.95939 0.456853
-3.80711 0.609137
-3.80711 0.761421
-3.65482 0.913706
-3.65482 1.06599
-3.50254 1.21827
-3.35025 1.37056
-3.35025 1.52284
-3.19797 1.67513
-3.19797 1.82741
-3.04569 1.9797
-2.8934 2.13198
-2.8934 2.28426
-2.74112 2.43655
-2.58883 2.58883
-2.58883 2.74112
-2.43655 2.8934
-2.28426 3.04569
-2.13198 3.04569
-2.13198 3.19797
-1.9797 3.35025
-1.82741 3.50254
-1.82741 3.65482
-1.67513 3.80711
-1.52284 3.95939
-1.52284 3.95939
-1.37056 4.11168
-1.37056 4.26396
-1.21827 4.41624
-1.06599 4.56853
-1.06599 4.72081
-0.913706 4.8731
-0.761421 5.02538
-0.761421 5.17766
-0.609137 5.17766
-0.456853 5.32995
-0.456853 5.48223
-0.304569 5.63452
-0.152284 5.7868
0 5.93909
0 6.09137
0.152284 6.09137
0.304569 6.24365
0.456853 6.39594
0.609137 6.54822
0.761421 6.54822
0.913706 6.70051
1.06599 6.85279
1.21827 6.85279
1.37056 7.00508
1.52284 7.00508
1.67513 7.15736
1.82741 7.15736
1.9797 7.30964
2.13198 7.30964
2.28426 7.46193
2.43655 7.46193
2.58883 7.61421
2.74112 7.61421
2.8934 7.61421
3.04569 7.7665
3.19797 7.7665
3.35025 7.7665
3.50254 7.91878
3.65482 7.91878
3.95939 7.91878
4.11168 8.07107
4.26396 8.07107
4.41624 8.22335
4.56853 8.22335
4.72081 8.37563
4.8731 8.37563
5.02538 8.52792
5.17766 8.52792
5.48223 8.6802
5.63452 8.6802
5.7868 8.83249
5.93909 8.83249
6.09137 8.98477
6.39594 8.98477
6.54822 9.13706
6.70051 9.28934
7.00508 9.28934
7.15736 9.28934
7.30964 9.44162
7.61421 9.44162
7.7665 9.59391
7.91878 9.59391
8.22335 9.59391
8.37563 9.59391
8.6802 9.74619
8.83249 9.74619
8.98477 9.74619
9.28934 9.74619
9.44162 9.59391
9.74619 9.59391
9.89848 9.59391
10.0508 9.44162
10.203 9.44162
10.5076 9.28934
10.6599 9.28934
10.8122 9.13706
10.9645 8.98477
11.1168 8.83249
11.4213 8.83249
11.5736 8.6802
11.7259 8.52792
11.8782 8.37563
12.0305 8.22335
12.1827 8.07107
12.1827 7.91878
12.335 7.7665
12.4873 7.46193
12.6396 7.30964
12.7919 7.15736
12.9442 7.00508
12.9442 6.85279
13.0964 6.70051
13.2487 6.54822
13.401 6.39594
13.401 6.24365
13.5533 6.09137
13.7056 5.93909
13.7056 5.7868
13.8579 5.63452
14.0102 5.48223
14.1624 5.32995
14.1624 5.17766
14.3147 5.02538
14.467 4.8731
14.467 4.72081
14.6193 4.41624
14.7716 4.26396
14.7716 4.11168
14.9239 3.95939
15.0761 3.80711
15.0761 3.65482
15.2284 3.50254
15.3807 3.35025
15.3807 3.19797
15.533 3.04569
15.533 2.8934
15.6853 2.74112
15.6853 2.58883
15.8376 2.28426
15.8376 2.13198
15.8376 1.9797
15.9898 1.82741
15.9898 1.67513
16.1421 1.52284
16.1421 1.37056
16.1421 1.06599
16.1421 0.913706
16.2944 0.761421
16.2944 0.609137
16.2944 0.456853
16.2944 0.152284
16.4467 0
16.4467 -0.152284
16.4467 -0.304569
16.4467 -0.456853
16.599 -0.761421
16.599 -0.913706
16.599 -1.06599
16.599 -1.21827
16.7513 -1.37056
16.7513 -1.67513
