16.9036 -1.9797
16.7513 -2.13198
16.7513 -2.28426
16.7513 -2.58883
16.599 -2.74112
16.599 -2.8934
16.4467 -3.04569
16.4467 -3.19797
16.2944 -3.35025
16.2944 -3.65482
16.1421 -3.80711
16.1421 -3.95939
15.9898 -4.11168
15.9898 -4.26396
15.8376 -4.41624
15.6853 -4.56853
15.6853 -4.72081
15.533 -4.8731
15.533 -5.02538
15.3807 -5.17766
15.2284 -5.32995
15.2284 -5.48223
15.0761 -5.63452
14.9239 -5.7868
14.9239 -5.93909
14.7716 -6.09137
14.6193 -6.24365
14.6193 -6.39594
14.467 -6.39594
14.3147 -6.54822
14.3147 -6.70051
14.1624 -6.85279
14.0102 -7.00508
13.8579 -7.15736
13.8579 -7.15736
13.7056 -7.30964
13.5533 -7.46193
13.401 -7.61421
13.401 -7.7665
13.2487 -7.7665
13.0964 -7.91878
12.9442 -8.07107
12.9442 -8.22335
12.7919 -8.22335
12.6396 -8.37563
12.4873 -8.52792
12.4873 -8.6802
12.335 -8.6802
12.1827 -8.83249
12.0305 -8.98477
11.8782 -8.98477
11.8782 -9.13706
11.7259 -9.28934
11.5736 -9.44162
11.4213 -9.44162
11.269 -9.59391
11.269 -9.74619
11.1168 -9.74619
10.9645 -9.89848
10.8122 -10.0508
10.6599 -10.0508
10.5076 -10.203
10.5076 -10.3553
10.3553 -10.3553
10.203 -10.5076
10.0508 -10.6599
9.89848 -10.6599
9.74619 -10.8122
9.59391 -10.9645
9.44162 -10.9645
9.28934 -11.1168
9.13706 -11.269
8.98477 -11.269
8.83249 -11.4213
8.6802 -11.5736
8.52792 -11.5736
8.37563 -11.7259
8.22335 -11.7259
8.07107 -11.8782
7.91878 -12.0305
7.7665 -12.0305
7.61421 -12.1827
7.46193 -12.1827
7.30964 -12.335
7.15736 -12.335
6.85279 -12.4873
6.70051 -12.4873
6.54822 -12.4873
6.39594 -12.6396
6.24365 -12.6396
5.93909 -12.7919
5.7868 -12.7919
5.63452 -12.7919
5.48223 -12.7919
5.17766 -12.7919
5.02538 -12.9442
4.8731 -12.9442
4.72081 -12.9442
4.41624 -12.9442
4.26396 -12.9442
4.11168 -12.9442
3.80711 -12.9442
3.65482 -12.9442
3.50254 -12.9442
3.35025 -12.7919
3.04569 -12.7919
2.8934 -12.7919
2.74112 -12.7919
2.58883 -12.6396
2.28426 -12.6396
2.13198 -12.6396
1.9797 -12.4873
1.82741 -12.4873
1.52284 -12.335
1.37056 -12.335
1.21827 -12.1827
1.06599 -12.1827
0.913706 -12.0305
0.609137 -12.0305
0.456853 -11.8782
0.304569 -11.8782
0.152284 -11.7259
0 -11.5736
-0.152284 -11.5736
-0.304569 -11.4213
-0.456853 -11.269
-0.761421 -11.1168
-0.913706 -11.1168
-1.06599 -10.9645
-1.21827 -10.8122
-1.37056 -10.6599
-1.52284 -10.6599
-1.67513 -10.5076
-1.82741 -10.3553
-1.9797 -10.203
-2.13198 -10.0508
-2.28426 -9.89848
-2.28426 -9.74619
-2.43655 -9.59391
-2.58883 -9.44162
-2.74112 -9.28934
-2.8934 -9.13706
-3.04569 -8.98477
-3.04569 -8.83249
-3.19797 -8.6802
-3.35025 -8.52792
-3.50254 -8.37563
-3.50254 -8.22335
-3.65482 -7.91878
-3.65482 -7.7665
-3.80711 -7.61421
-3.95939 -7.46193
-3.95939 -7.30964
-4.11168 -7.15736
-4.11168 -6.85279
-4.11168 -6.70051
-4.26396 -6.54822
-4.26396 -6.39594
-4.41624 -6.09137
-4.41624 -5.93909
-4.41624 -5.7868
-4.56853 -5.63452
-4.56853 -5.32995
-4.56853 -5.17766
-4.56853 -5.02538
-4.56853 -4.8731
-4.56853 -4.56853
-4.72081 -4.41624
-4.72081 -4.26396
-4.72081 -4.11168
-4.72081 -3.80711
-4.72081 -3.65482
-4.72081 -3.50254
-4.72081 -3.35025
-4.72081 -3.04569
-4.56853 -2.8934
-4.56853 -2.74112
-4.56853 -2.58883
-4.56853 -2.28426
-4.56853 -2.13198
-4.56853 -1.9797
-4.41624 -1.82741
-4.41624 -1.67513
-4.41624 -1.37056
-4.41624 -1.21827
-4.26396 -1.06599
-4.26396 -0.913706
-4.26396 -0.761421
-4.11168 -0.609137
-4.11168 -0.304569
-3.95939 -0.152284
-3.95939 0
-3.95939 0.152284
-3.80711 0.304569
-3.80711 0.456853
-3.65482 0.609137
-3.65482 0.761421
-3.50254 0.913706
-3.50254 1.06599
-3.35025 1.21827
-3.35025 1.37056
-3.19797 1.52284
-3.19797 1.67513
-3.04569 1.82741
-2.8934 1.9797
-2.8934 2.13198
-2.74112 2.28426
-2.74112 2.43655
-2.58883 2.58883
-2.43655 2.74112
-2.43655 2.8934
-2.28426 3.04569
-2.13198 3.19797
-2.13198 3.35025
-1.9797 3.35025
-1.82741 3.50254
-1.67513 3.65482
-1.67513 3.80711
-1.52284 3.95939
-1.37056 3.95939
-1.21827 4.11168
-1.21827 4.26396
-1.06599 4.41624
-0.913706 4.41624
-0.761421 4.56853
-0.609137 4.72081
-0.456853 4.72081
-0.304569 4.8731
-0.304569 5.02538
-0.152284 5.02538
0 5.17766
0.152284 5.32995
0.304569 5.32995
0.456853 5.48223
0.609137 5.48223
0.761421 5.63452
0.761421 5.7868
0.913706 5.7868
1.06599 5.93909
1.21827 5.93909
1.37056 6.09137
1.52284 6.09137
1.67513 6.24365
1.82741 6.24365
1.9797 6.39594
2.13198 6.39594
2.28426 6.54822
2.28426 6.70051
2.43655 6.70051
2.58883 6.85279
2.74112 6.85279
2.8934 7.00508
3.04569 7.00508
3.19797 7.15736
3.35025 7.15736
3.50254 7.30964
3.65482 7.46193
3.80711 7.46193
3.95939 7.61421
4.11168 7.61421
4.26396 7.7665
4.41624 7.91878
4.56853 7.91878
4.72081 8.07107
4.8731 8.22335
5.17766 8.22335
5.32995 8.37563
5.48223 8.52792
5.63452 8.52792
5.7868 8.6802
5.93909 8.83249
6.24365 8.83249
6.39594 8.98477
6.54822 9.13706
6.85279 9.13706
7.00508 9.28934
7.15736 9.28934
7.46193 9.44162
7.61421 9.44162
7.7665 9.59391
8.07107 9.59391
8.22335 9.59391
8.52792 9.59391
8.6802 9.59391
8.83249 9.59391
9.13706 9.59391
9.28934 9.59391
9.59391 9.59391
9.74619 9.59391
9.89848 9.44162
10.203 9.44162
10.3553 9.28934
10.5076 9.28934
10.6599 9.13706
10.9645 8.98477
11.1168 8.98477
11.269 8.83249
11.4213 8.6802
11.5736 8.52792
11.7259 8.37563
11.8782 8.22335
12.0305 8.07107
12.1827 7.91878
12.335 7.7665
12.335 7.46193
12.4873 7.30964
12.6396 7.15736
12.7919 7.00508
12.7919 6.85279
12.9442 6.70051
13.0964 6.39594
13.2487 6.24365
13.2487 6.09137
13.401 5.93909
13.401 5.7868
13.5533 5.63452
13.7056 5.48223
13.7056 5.32995
13.8579 5.02538
14.0102 4.8731
14.0102 4.72081
14.1624 4.56853
14.1624 4.41624
14.3147 4.26396
14.467 4.11168
14.467 3.95939
14.6193 3.80711
14.6193 3.65482
14.7716 3.50254
14.9239 3.35025
14.9239 3.19797
15.0761 3.04569
15.0761 2.8934
15.2284 2.74112
15.2284 2.58883
15.3807 2.43655
15.3807 2.28426
15.533 2.13198
15.6853 1.9797
15.6853 1.82741
15.8376 1.52284
15.8376 1.37056
15.9898 1.21827
15.9898 1.06599
16.1421 0.913706
16.1421 0.761421
16.2944 0.609137
16.2944 0.456853
16.2944 0.304569
16.4467 0
16.4467 -0.152284
16.599 -0.304569
16.599 -0.456853
16.599 -0.609137
16.7513 -0.913706
16.7513 -1.06599
16.7513 -1.21827
16.9036 -1.37056
16.9036 -1.52284
16.9036 -1.82741
