16.9036 -2.28426
16.9036 -2.43655
16.9036 -2.74112
16.9036 -2.8934
16.9036 -3.04569
16.9036 -3.19797
16.7513 -3.35025
16.7513 -3.65482
16.599 -3.80711
16.599 -3.95939
16.4467 -4.11168
16.4467 -4.26396
16.2944 -4.41624
16.1421 -4.56853
16.1421 -4.72081
15.9898 -4.8731
15.8376 -5.02538
15.6853 -5.17766
15.533 -5.32995
15.3807 -5.48223
15.2284 -5.63452
15.2284 -5.7868
15.0761 -5.93909
14.9239 -6.09137
14.7716 -6.09137
14.6193 -6.24365
14.467 -6.39594
14.3147 -6.54822
14.3147 -6.70051
14.1624 -6.70051
14.0102 -6.85279
13.8579 -7.00508
13.8579 -7.15736
13.7056 -7.15736
13.5533 -7.30964
13.401 -7.46193
13.401 -7.61421
13.2487 -7.61421
13.0964 -7.7665
13.0964 -7.91878
12.9442 -8.07107
12.7919 -8.07107
12.7919 -8.22335
12.6396 -8.37563
12.4873 -8.52792
12.335 -8.52792
12.335 -8.6802
12.1827 -8.83249
12.0305 -8.98477
12.0305 -8.98477
11.8782 -9.13706
11.7259 -9.28934
11.5736 -9.44162
11.5736 -9.44162
11.4213 -9.59391
11.269 -9.74619
11.1168 -9.74619
11.1168 -9.89848
10.9645 -10.0508
10.8122 -10.0508
10.6599 -10.203
10.5076 -10.3553
10.3553 -10.5076
10.3553 -10.5076
10.203 -10.6599
10.0508 -10.8122
9.89848 -10.8122
9.74619 -10.9645
9.59391 -11.1168
9.44162 -11.1168
9.28934 -11.269
9.28934 -11.4213
9.13706 -11.4213
8.98477 -11.5736
8.83249 -11.7259
8.6802 -11.7259
8.52792 -11.8782
8.37563 -12.0305
8.22335 -12.0305
8.07107 -12.1827
7.91878 -12.335
7.7665 -12.335
7.46193 -12.4873
7.30964 -12.4873
7.15736 -12.6396
7.00508 -12.7919
6.85279 -12.7919
6.70051 -12.9442
6.39594 -12.9442
6.24365 -12.9442
6.09137 -13.0964
5.93909 -13.0964
5.7868 -13.2487
5.48223 -13.2487
5.32995 -13.2487
5.17766 -13.2487
4.8731 -13.2487
4.72081 -13.401
4.56853 -13.401
4.41624 -13.401
4.11168 -13.401
3.95939 -13.401
3.80711 -13.401
3.50254 -13.2487
3.35025 -13.2487
3.19797 -13.2487
2.8934 -13.2487
2.74112 -13.2487
2.58883 -13.0964
2.43655 -13.0964
2.13198 -13.0964
1.9797 -12.9442
1.82741 -12.9442
1.67513 -12.7919
1.37056 -12.7919
1.21827 -12.6396
1.06599 -12.6396
0.913706 -12.4873
0.761421 -12.4873
0.456853 -12.335
0.304569 -12.335
0.152284 -12.1827
0 -12.0305
-0.152284 -12.0305
-0.304569 -11.8782
-0.609137 -11.7259
-0.761421 -11.7259
-0.913706 -11.5736
-1.06599 -11.4213
-1.21827 -11.269
-1.37056 -11.269
-1.52284 -11.1168
-1.67513 -10.9645
-1.82741 -10.8122
-1.9797 -10.6599
-2.13198 -10.5076
-2.28426 -10.3553
-2.43655 -10.203
-2.58883 -10.0508
-2.74112 -9.89848
-2.8934 -9.74619
-3.04569 -9.59391
-3.04569 -9.44162
-3.19797 -9.28934
-3.35025 -9.13706
-3.50254 -8.98477
-3.50254 -8.83249
-3.65482 -8.6802
-3.65482 -8.37563
-3.80711 -8.22335
-3.95939 -8.07107
-3.95939 -7.91878
-3.95939 -7.61421
-4.11168 -7.46193
-4.11168 -7.30964
-4.26396 -7.15736
-4.26396 -6.85279
-4.26396 -6.70051
-4.41624 -6.54822
-4.41624 -6.24365
-4.41624 -6.09137
-4.41624 -5.93909
-4.41624 -5.7868
-4.56853 -5.48223
-4.56853 -5.32995
-4.56853 -5.17766
-4.56853 -4.8731
-4.56853 -4.72081
-4.56853 -4.56853
-4.56853 -4.41624
-4.56853 -4.11168
-4.56853 -3.95939
-4.56853 -3.80711
-4.56853 -3.65482
-4.56853 -3.35025
-4.56853 -3.19797
-4.56853 -3.04569
-4.56853 -2.8934
-4.56853 -2.58883
-4.56853 -2.43655
-4.56853 -2.28426
-4.56853 -2.13198
-4.56853 -1.9797
-4.56853 -1.67513
-4.41624 -1.52284
-4.41624 -1.37056
-4.41624 -1.21827
-4.41624 -1.06599
-4.26396 -0.761421
-4.26396 -0.609137
-4.11168 -0.456853
-4.11168 -0.304569
-4.11168 -0.152284
-3.95939 0
-3.95939 0.152284
-3.80711 0.304569
-3.80711 0.456853
-3.65482 0.761421
-3.50254 0.913706
-3.50254 1.06599
-3.35025 1.21827
-3.19797 1.37056
-3.19797 1.37056
-3.04569 1.52284
-2.8934 1.67513
-2.8934 1.82741
-2.74112 1.9797
-2.58883 2.13198
-2.43655 2.28426
-2.43655 2.43655
-2.28426 2.58883
-2.13198 2.58883
-1.9797 2.74112
-1.82741 2.8934
-1.82741 3.04569
-1.67513 3.19797
-1.52284 3.19797
-1.37056 3.35025
-1.37056 3.50254
-1.21827 3.65482
-1.06599 3.80711
-0.913706 3.80711
-0.913706 3.95939
-0.761421 4.11168
-0.609137 4.26396
-0.456853 4.26396
-0.456853 4.41624
-0.304569 4.56853
-0.152284 4.72081
0 4.72081
0.152284 4.8731
0.152284 5.02538
0.304569 5.02538
0.456853 5.17766
0.609137 5.32995
0.761421 5.48223
0.761421 5.48223
0.913706 5.63452
1.06599 5.63452
1.21827 5.7868
1.37056 5.93909
1.52284 5.93909
1.67513 6.09137
1.82741 6.09137
1.9797 6.24365
2.13198 6.39594
2.28426 6.39594
2.43655 6.54822
2.58883 6.54822
2.74112 6.70051
2.8934 6.70051
3.04569 6.85279
3.19797 6.85279
3.35025 7.00508
3.50254 7.00508
3.65482 7.15736
3.80711 7.15736
3.95939 7.30964
4.11168 7.30964
4.26396 7.46193
4.41624 7.46193
4.56853 7.61421
4.72081 7.61421
4.8731 7.7665
5.02538 7.7665
5.17766 7.91878
5.32995 8.07107
5.48223 8.07107
5.7868 8.22335
5.93909 8.37563
6.09137 8.37563
6.24365 8.52792
6.54822 8.52792
6.70051 8.6802
6.85279 8.6802
7.00508 8.83249
7.30964 8.83249
7.46193 8.98477
7.61421 8.98477
7.91878 9.13706
8.07107 9.13706
8.37563 9.13706
8.52792 9.13706
8.6802 9.13706
8.98477 9.13706
9.13706 9.13706
9.44162 9.13706
9.59391 9.13706
9.74619 9.13706
10.0508 8.98477
10.203 8.98477
10.3553 8.83249
10.5076 8.83249
10.8122 8.6802
10.9645 8.52792
11.1168 8.52792
11.269 8.37563
11.4213 8.22335
11.5736 8.07107
11.7259 7.91878
11.8782 7.7665
12.0305 7.61421
12.1827 7.46193
12.335 7.30964
12.4873 7.15736
12.4873 6.85279
12.6396 6.70051
12.7919 6.54822
12.9442 6.39594
12.9442 6.24365
13.0964 6.09137
13.2487 5.93909
13.2487 5.7868
13.401 5.48223
13.5533 5.32995
13.5533 5.17766
13.7056 5.02538
13.8579 4.8731
13.8579 4.72081
14.0102 4.56853
14.1624 4.41624
14.1624 4.26396
14.3147 4.11168
14.3147 3.95939
14.467 3.80711
14.6193 3.65482
14.6193 3.50254
14.7716 3.35025
14.9239 3.19797
14.9239 3.04569
15.0761 2.8934
15.0761 2.74112
15.2284 2.58883
15.3807 2.43655
15.3807 2.28426
15.533 2.13198
15.533 1.9797
15.6853 1.82741
15.6853 1.67513
15.8376 1.52284
15.9898 1.21827
15.9898 1.06599
16.1421 0.913706
16.1421 0.761421
16.2944 0.609137
16.2944 0.456853
16.2944 0.304569
16.4467 0.152284
16.4467 -0.152284
16.599 -0.304569
16.599 -0.456853
16.599 -0.609137
16.7513 -0.761421
16.7513 -0.913706
16.7513 -1.21827
16.9036 -1.37056
16.9036 -1.52284
16.9036 -1.67513
16.9036 -1.9797
16.9036 -2.13198
