16.7513 -2.74112
16.7513 -3.04569
16.599 -3.19797
16.599 -3.35025
16.599 -3.65482
16.4467 -3.80711
16.4467 -3.95939
16.2944 -4.11168
16.2944 -4.26396
16.1421 -4.41624
15.9898 -4.72081
15.8376 -4.8731
15.8376 -5.02538
15.6853 -5.17766
15.533 -5.32995
15.3807 -5.48223
15.2284 -5.63452
15.0761 -5.63452
14.9239 -5.7868
14.7716 -5.93909
14.6193 -6.09137
14.467 -6.24365
14.3147 -6.39594
14.3147 -6.54822
14.1624 -6.54822
14.0102 -6.70051
13.8579 -6.85279
13.7056 -7.00508
13.7056 -7.15736
13.5533 -7.15736
13.401 -7.30964
13.401 -7.46193
13.2487 -7.61421
13.0964 -7.7665
13.0964 -7.7665
12.9442 -7.91878
12.9442 -8.07107
12.7919 -8.22335
12.6396 -8.37563
12.6396 -8.52792
12.4873 -8.52792
12.335 -8.6802
12.335 -8.83249
12.1827 -8.98477
12.1827 -9.13706
12.0305 -9.28934
11.8782 -9.28934
11.8782 -9.44162
11.7259 -9.59391
11.5736 -9.74619
11.4213 -9.74619
11.4213 -9.89848
11.269 -10.0508
11.1168 -10.203
10.9645 -10.203
10.9645 -10.3553
10.8122 -10.5076
10.6599 -10.5076
10.5076 -10.6599
10.3553 -10.8122
10.203 -10.8122
10.203 -10.9645
10.0508 -11.1168
9.89848 -11.1168
9.74619 -11.269
9.59391 -11.269
9.44162 -11.4213
9.28934 -11.5736
9.13706 -11.5736
8.98477 -11.7259
8.83249 -11.7259
8.6802 -11.8782
8.52792 -12.0305
8.52792 -12.0305
8.37563 -12.1827
8.22335 -12.335
8.07107 -12.335
7.91878 -12.4873
7.7665 -12.4873
7.46193 -12.6396
7.30964 -12.7919
7.15736 -12.7919
7.00508 -12.9442
6.85279 -12.9442
6.70051 -13.0964
6.54822 -13.0964
6.39594 -13.2487
6.24365 -13.2487
5.93909 -13.401
5.7868 -13.401
5.63452 -13.5533
5.48223 -13.5533
5.17766 -13.5533
5.02538 -13.7056
4.8731 -13.7056
4.72081 -13.7056
4.41624 -13.7056
4.26396 -13.7056
4.11168 -13.7056
3.95939 -13.7056
3.65482 -13.7056
3.50254 -13.7056
3.35025 -13.7056
3.04569 -13.7056
2.8934 -13.7056
2.74112 -13.5533
2.58883 -13.5533
2.28426 -13.5533
2.13198 -13.5533
1.9797 -13.401
1.82741 -13.401
1.52284 -13.2487
1.37056 -13.2487
1.21827 -13.2487
1.06599 -13.0964
0.913706 -13.0964
0.609137 -12.9442
0.456853 -12.9442
0.304569 -12.7919
0.152284 -12.7919
0 -12.6396
-0.152284 -12.4873
-0.456853 -12.4873
-0.609137 -12.335
-0.761421 -12.335
-0.913706 -12.1827
-1.06599 -12.0305
-1.21827 -12.0305
-1.37056 -11.8782
-1.67513 -11.7259
-1.82741 -11.5736
-1.9797 -11.5736
-2.13198 -11.4213
-2.28426 -11.269
-2.43655 -11.1168
-2.58883 -10.9645
-2.74112 -10.8122
-2.8934 -10.6599
-3.04569 -10.5076
-3.19797 -10.3553
-3.19797 -10.203
-3.35025 -10.0508
-3.50254 -9.89848
-3.65482 -9.74619
-3.80711 -9.59391
-3.80711 -9.44162
-3.95939 -9.28934
-3.95939 -9.13706
-4.11168 -8.83249
-4.11168 -8.6802
-4.26396 -8.52792
-4.26396 -8.37563
-4.41624 -8.07107
-4.41624 -7.91878
-4.41624 -7.7665
-4.56853 -7.61421
-4.56853 -7.30964
-4.56853 -7.15736
-4.56853 -7.00508
-4.72081 -6.70051
-4.72081 -6.54822
-4.72081 -6.39594
-4.72081 -6.24365
-4.72081 -5.93909
-4.72081 -5.7868
-4.72081 -5.63452
-4.72081 -5.32995
-4.72081 -5.17766
-4.72081 -5.02538
-4.72081 -4.8731
-4.72081 -4.72081
-4.72081 -4.41624
-4.72081 -4.26396
-4.72081 -4.11168
-4.72081 -3.95939
-4.72081 -3.65482
-4.72081 -3.50254
-4.72081 -3.35025
-4.72081 -3.19797
-4.72081 -3.04569
-4.72081 -2.74112
-4.72081 -2.58883
-4.72081 -2.43655
-4.72081 -2.28426
-4.56853 -2.13198
-4.56853 -1.9797
-4.56853 -1.67513
-4.56853 -1.52284
-4.56853 -1.37056
-4.41624 -1.21827
-4.41624 -1.06599
-4.26396 -0.913706
-4.26396 -0.761421
-4.26396 -0.609137
-4.11168 -0.456853
-4.11168 -0.152284
-3.95939 0
-3.95939 0.152284
-3.80711 0.304569
-3.65482 0.456853
-3.65482 0.609137
-3.50254 0.761421
-3.50254 0.913706
-3.35025 0.913706
-3.19797 1.06599
-3.19797 1.21827
-3.04569 1.37056
-2.8934 1.52284
-2.74112 1.67513
-2.74112 1.82741
-2.58883 1.9797
-2.43655 1.9797
-2.43655 2.13198
-2.28426 2.28426
-2.13198 2.43655
-1.9797 2.58883
-1.9797 2.74112
-1.82741 2.74112
-1.67513 2.8934
-1.67513 3.04569
-1.52284 3.19797
-1.37056 3.35025
-1.37056 3.50254
-1.21827 3.50254
-1.06599 3.65482
-1.06599 3.80711
-0.913706 3.95939
-0.761421 4.11168
-0.609137 4.11168
-0.609137 4.26396
-0.456853 4.41624
-0.304569 4.56853
-0.152284 4.56853
0 4.72081
0 4.8731
0.152284 5.02538
0.304569 5.02538
0.456853 5.17766
0.609137 5.17766
0.761421 5.32995
0.913706 5.32995
1.06599 5.48223
1.21827 5.48223
1.37056 5.63452
1.52284 5.63452
1.67513 5.7868
1.82741 5.7868
1.9797 5.7868
2.13198 5.93909
2.28426 5.93909
2.43655 5.93909
2.58883 6.09137
2.74112 6.09137
2.8934 6.09137
3.04569 6.24365
3.19797 6.24365
3.35025 6.24365
3.50254 6.24365
3.65482 6.39594
3.80711 6.39594
3.95939 6.54822
4.11168 6.54822
4.26396 6.54822
4.41624 6.70051
4.56853 6.70051
4.72081 6.85279
4.8731 7.00508
5.17766 7.00508
5.32995 7.15736
5.48223 7.15736
5.63452 7.30964
5.7868 7.46193
5.93909 7.46193
6.09137 7.61421
6.39594 7.7665
6.54822 7.7665
6.70051 7.91878
7.00508 8.07107
7.15736 8.07107
7.30964 8.22335
7.61421 8.22335
7.7665 8.37563
8.07107 8.37563
8.22335 8.37563
8.37563 8.37563
8.6802 8.52792
8.83249 8.52792
9.13706 8.52792
9.28934 8.52792
9.44162 8.37563
9.74619 8.37563
9.89848 8.37563
10.0508 8.22335
10.3553 8.22335
10.5076 8.07107
10.6599 8.07107
10.8122 7.91878
10.9645 7.7665
11.1168 7.61421
11.4213 7.46193
11.5736 7.46193
11.7259 7.30964
11.8782 7.15736
12.0305 7.00508
12.1827 6.85279
12.1827 6.70051
12.335 6.54822
12.4873 6.39594
12.6396 6.24365
12.7919 5.93909
12.9442 5.7868
12.9442 5.63452
13.0964 5.48223
13.2487 5.32995
13.401 5.17766
13.401 5.02538
13.5533 4.8731
13.7056 4.72081
13.7056 4.56853
13.8579 4.41624
14.0102 4.26396
14.1624 4.11168
14.1624 3.95939
14.3147 3.65482
14.467 3.50254
14.467 3.35025
14.6193 3.19797
14.6193 3.04569
14.7716 2.8934
14.9239 2.74112
14.9239 2.58883
15.0761 2.43655
15.0761 2.28426
15.2284 2.13198
15.3807 1.9797
15.3807 1.67513
15.533 1.52284
15.533 1.37056
15.6853 1.21827
15.6853 1.06599
15.8376 0.913706
15.8376 0.761421
15.9898 0.609137
15.9898 0.304569
16.1421 0.152284
16.1421 0
16.1421 -0.152284
16.2944 -0.304569
16.2944 -0.609137
16.2944 -0.761421
16.4467 -0.913706
16.4467 -1.06599
16.4467 -1.21827
16.4467 -1.52284
16.4467 -1.67513
16.599 -1.82741
16.599 -1.9797
16.599 -2.28426
16.599 -2.43655
16.599 -2.58883
