9.89848 -2.43655
10.0508 -2.58883
10.203 -2.74112
10.3553 -2.8934
10.5076 -3.19797
10.6599 -3.35025
10.6599 -3.50254
10.8122 -3.65482
10.8122 -3.80711
10.9645 -3.95939
10.9645 -4.26396
10.9645 -4.41624
10.9645 -4.56853
11.1168 -4.72081
11.1168 -4.8731
11.1168 -5.17766
11.1168 -5.32995
11.1168 -5.48223
11.1168 -5.63452
11.1168 -5.93909
10.9645 -6.09137
10.9645 -6.24365
10.9645 -6.39594
10.9645 -6.54822
10.9645 -6.85279
10.8122 -7.00508
10.8122 -7.15736
10.8122 -7.30964
10.6599 -7.46193
10.6599 -7.7665
10.5076 -7.91878
10.5076 -8.07107
10.5076 -8.22335
10.3553 -8.37563
10.3553 -8.6802
10.203 -8.83249
10.0508 -8.98477
10.0508 -9.13706
9.89848 -9.28934
9.74619 -9.44162
9.74619 -9.59391
9.59391 -9.74619
9.44162 -9.89848
9.28934 -10.0508
9.13706 -10.203
9.13706 -10.3553
8.98477 -10.5076
8.83249 -10.6599
8.6802 -10.6599
8.52792 -10.8122
8.37563 -10.9645
8.22335 -11.1168
7.91878 -11.1168
7.7665 -11.269
7.61421 -11.269
7.46193 -11.4213
7.30964 -11.5736
7.15736 -11.5736
6.85279 -11.5736
6.70051 -11.7259
6.54822 -11.7259
6.39594 -11.7259
6.24365 -11.8782
5.93909 -11.8782
5.7868 -11.8782
5.63452 -11.8782
5.48223 -12.0305
5.17766 -12.0305
5.02538 -12.0305
4.8731 -12.0305
4.72081 -12.0305
4.41624 -12.0305
4.26396 -12.0305
4.11168 -12.0305
3.95939 -12.0305
3.80711 -12.0305
3.50254 -12.0305
3.35025 -12.0305
3.19797 -12.0305
3.04569 -12.0305
2.8934 -12.0305
2.74112 -12.0305
2.58883 -11.8782
2.28426 -11.8782
2.13198 -11.8782
1.9797 -11.8782
1.82741 -11.8782
1.67513 -11.8782
1.52284 -11.8782
1.37056 -11.7259
1.21827 -11.7259
1.06599 -11.7259
0.913706 -11.7259
0.761421 -11.7259
0.609137 -11.7259
0.456853 -11.7259
0.304569 -11.5736
0.152284 -11.5736
-0.152284 -11.5736
-0.304569 -11.5736
-0.456853 -11.5736
-0.609137 -11.5736
-0.761421 -11.4213
-0.913706 -11.4213
-1.06599 -11.4213
-1.21827 -11.4213
-1.37056 -11.4213
-1.52284 -11.4213
-1.67513 -11.269
-1.82741 -11.269
-1.9797 -11.269
-2.13198 -11.269
-2.28426 -11.1168
-2.43655 -11.1168
-2.58883 -11.1168
-2.74112 -10.9645
-2.8934 -10.9645
-3.04569 -10.9645
-3.19797 -10.8122
-3.35025 -10.8122
-3.50254 -10.6599
-3.65482 -10.6599
-3.80711 -10.5076
-3.95939 -10.5076
-4.11168 -10.3553
-4.26396 -10.203
-4.41624 -10.203
-4.56853 -10.0508
-4.72081 -9.89848
-4.72081 -9.89848
-4.8731 -9.74619
-5.02538 -9.59391
-5.17766 -9.44162
-5.17766 -9.44162
-5.32995 -9.28934
-5.48223 -9.13706
-5.48223 -8.98477
-5.63452 -8.83249
-5.7868 -8.6802
-5.7868 -8.52792
-5.93909 -8.37563
-5.93909 -8.22335
-6.09137 -8.07107
-6.09137 -7.91878
-6.24365 -7.7665
-6.24365 -7.61421
-6.24365 -7.46193
-6.39594 -7.30964
-6.39594 -7.15736
-6.39594 -7.00508
-6.39594 -6.85279
-6.39594 -6.70051
-6.54822 -6.54822
-6.54822 -6.39594
-6.54822 -6.24365
-6.54822 -6.09137
-6.54822 -5.93909
-6.54822 -5.7868
-6.54822 -5.63452
-6.54822 -5.48223
-6.70051 -5.32995
-6.70051 -5.17766
-6.70051 -5.02538
-6.70051 -4.8731
-6.70051 -4.72081
-6.70051 -4.56853
-6.70051 -4.41624
-6.70051 -4.26396
-6.70051 -4.11168
-6.70051 -3.95939
-6.70051 -3.80711
-6.85279 -3.80711
-6.85279 -3.65482
-6.85279 -3.50254
-6.85279 -3.35025
-6.85279 -3.19797
-6.85279 -3.04569
-7.00508 -2.8934
-7.00508 -2.74112
-7.00508 -2.58883
-7.00508 -2.43655
-7.00508 -2.28426
-7.00508 -2.13198
-7.15736 -1.9797
-7.15736 -1.82741
-7.15736 -1.67513
-7.15736 -1.52284
-7.15736 -1.52284
-7.15736 -1.37056
-7.15736 -1.21827
-7.15736 -1.06599
-7.15736 -0.913706
-7.15736 -0.761421
-7.15736 -0.609137
-7.15736 -0.456853
-7.15736 -0.304569
-7.15736 -0.152284
-7.15736 0
-7.15736 0.152284
-7.15736 0.304569
-7.00508 0.456853
-7.00508 0.609137
-7.00508 0.761421
-7.00508 0.913706
-6.85279 1.06599
-6.85279 1.21827
-6.85279 1.37056
-6.70051 1.52284
-6.70051 1.67513
-6.70051 1.82741
-6.54822 1.9797
-6.54822 2.13198
-6.54822 2.28426
-6.39594 2.43655
-6.39594 2.58883
-6.39594 2.74112
-6.24365 2.8934
-6.24365 3.04569
-6.09137 3.19797
-6.09137 3.35025
-5.93909 3.50254
-5.93909 3.80711
-5.93909 3.95939
-5.7868 4.11168
-5.7868 4.26396
-5.63452 4.41624
-5.63452 4.56853
-5.48223 4.72081
-5.32995 4.8731
-5.32995 5.02538
-5.17766 5.17766
-5.17766 5.32995
-5.02538 5.48223
-4.8731 5.63452
-4.72081 5.7868
-4.72081 5.93909
-4.56853 6.09137
-4.41624 6.24365
-4.26396 6.39594
-4.11168 6.39594
-4.11168 6.54822
-3.95939 6.70051
-3.80711 6.85279
-3.65482 7.00508
-3.50254 7.00508
-3.35025 7.15736
-3.19797 7.30964
-3.04569 7.30964
-2.8934 7.46193
-2.58883 7.61421
-2.43655 7.61421
-2.28426 7.7665
-2.13198 7.7665
-1.9797 7.7665
-1.82741 7.91878
-1.52284 7.91878
-1.37056 7.91878
-1.21827 8.07107
-1.06599 8.07107
-0.913706 8.07107
-0.609137 8.07107
-0.456853 8.07107
-0.304569 8.07107
-0.152284 8.07107
0.152284 8.07107
0.304569 8.07107
0.456853 8.07107
0.609137 8.07107
0.761421 7.91878
1.06599 7.91878
1.21827 7.91878
1.37056 7.91878
1.52284 7.7665
1.67513 7.7665
1.9797 7.61421
2.13198 7.61421
2.28426 7.46193
2.43655 7.46193
2.58883 7.30964
2.74112 7.30964
2.8934 7.15736
3.04569 7.15736
3.19797 7.00508
3.35025 6.85279
3.50254 6.85279
3.65482 6.70051
3.80711 6.54822
3.95939 6.54822
4.11168 6.39594
4.26396 6.39594
4.41624 6.24365
4.56853 6.09137
4.56853 6.09137
4.72081 5.93909
4.8731 5.7868
5.02538 5.7868
5.17766 5.63452
5.32995 5.48223
5.48223 5.48223
5.48223 5.32995
5.63452 5.17766
5.7868 5.17766
5.93909 5.02538
5.93909 4.8731
6.09137 4.8731
6.24365 4.72081
6.39594 4.56853
6.39594 4.41624
6.54822 4.41624
6.70051 4.26396
6.70051 4.11168
6.85279 3.95939
7.00508 3.95939
7.00508 3.80711
7.15736 3.65482
7.15736 3.50254
7.30964 3.35025
7.30964 3.19797
7.46193 3.04569
7.46193 3.04569
7.61421 2.8934
7.61421 2.74112
7.61421 2.58883
7.7665 2.43655
7.7665 2.28426
7.91878 2.13198
7.91878 1.9797
7.91878 1.9797
8.07107 1.82741
8.07107 1.67513
8.07107 1.52284
8.22335 1.37056
8.22335 1.21827
8.22335 1.06599
8.37563 1.06599
8.37563 0.913706
8.37563 0.761421
8.52792 0.609137
8.52792 0.456853
8.52792 0.304569
8.6802 0.304569
8.6802 0.152284
8.6802 0
8.83249 -0.152284
8.83249 -0.304569
8.98477 -0.456853
8.98477 -0.609137
8.98477 -0.609137
9.13706 -0.761421
9.13706 -0.913706
9.28934 -1.06599
9.28934 -1.21827
9.44162 -1.37056
9.44162 -1.52284
9.59391 -1.52284
9.59391 -1.67513
9.74619 -1.82741
9.74619 -1.9797
9.89848 -2.13198
9.89848 -2.28426
