16.4467 -3.35025
16.2944 -3.50254
16.1421 -3.80711
16.1421 -3.95939
15.9898 -4.11168
15.8376 -4.26396
15.6853 -4.41624
15.533 -4.72081
15.533 -4.8731
15.3807 -5.02538
15.2284 -5.17766
15.2284 -5.32995
15.0761 -5.48223
14.9239 -5.63452
14.9239 -5.7868
14.7716 -5.93909
14.7716 -6.09137
14.6193 -6.24365
14.467 -6.39594
14.467 -6.54822
14.3147 -6.70051
14.1624 -6.85279
14.1624 -7.00508
14.0102 -7.15736
14.0102 -7.30964
13.8579 -7.30964
13.7056 -7.46193
13.5533 -7.61421
13.5533 -7.7665
13.401 -7.91878
13.2487 -8.07107
13.2487 -8.07107
13.0964 -8.22335
12.9442 -8.37563
12.7919 -8.52792
12.7919 -8.6802
12.6396 -8.6802
12.4873 -8.83249
12.335 -8.98477
12.335 -8.98477
12.1827 -9.13706
12.0305 -9.28934
11.8782 -9.44162
11.8782 -9.44162
11.7259 -9.59391
11.5736 -9.74619
11.4213 -9.74619
11.4213 -9.89848
11.269 -10.0508
11.1168 -10.0508
10.9645 -10.203
10.8122 -10.3553
10.8122 -10.3553
10.6599 -10.5076
10.5076 -10.6599
10.3553 -10.6599
10.3553 -10.8122
10.203 -10.9645
10.0508 -10.9645
9.89848 -11.1168
9.74619 -11.269
9.74619 -11.269
9.59391 -11.4213
9.44162 -11.5736
9.28934 -11.5736
9.13706 -11.7259
8.98477 -11.8782
8.98477 -11.8782
8.83249 -12.0305
8.6802 -12.1827
8.52792 -12.1827
8.37563 -12.335
8.22335 -12.4873
8.07107 -12.4873
7.91878 -12.6396
7.7665 -12.6396
7.61421 -12.7919
7.46193 -12.7919
7.30964 -12.9442
7.15736 -12.9442
7.00508 -13.0964
6.85279 -13.0964
6.70051 -13.2487
6.54822 -13.2487
6.39594 -13.401
6.09137 -13.401
5.93909 -13.5533
5.7868 -13.5533
5.63452 -13.5533
5.48223 -13.7056
5.32995 -13.7056
5.02538 -13.7056
4.8731 -13.8579
4.72081 -13.8579
4.56853 -13.8579
4.41624 -14.0102
4.11168 -14.0102
3.95939 -14.0102
3.80711 -14.0102
3.65482 -14.1624
3.35025 -14.1624
3.19797 -14.1624
3.04569 -14.1624
2.74112 -14.1624
2.58883 -14.1624
2.43655 -14.1624
2.13198 -14.1624
1.9797 -14.1624
1.82741 -14.1624
1.52284 -14.1624
1.37056 -14.1624
1.21827 -14.1624
0.913706 -14.1624
0.761421 -14.0102
0.609137 -14.0102
0.304569 -14.0102
0.152284 -13.8579
0 -13.8579
-0.304569 -13.8579
-0.456853 -13.7056
-0.609137 -13.7056
-0.761421 -13.5533
-1.06599 -13.401
-1.21827 -13.401
-1.37056 -13.2487
-1.52284 -13.0964
-1.67513 -13.0964
-1.9797 -12.9442
-2.13198 -12.7919
-2.28426 -12.6396
-2.43655 -12.4873
-2.58883 -12.335
-2.74112 -12.1827
-2.8934 -12.1827
-3.04569 -12.0305
-3.19797 -11.7259
-3.19797 -11.5736
-3.35025 -11.4213
-3.50254 -11.269
-3.65482 -11.1168
-3.80711 -10.9645
-3.80711 -10.8122
-3.95939 -10.6599
-4.11168 -10.3553
-4.11168 -10.203
-4.26396 -10.0508
-4.26396 -9.89848
-4.41624 -9.74619
-4.56853 -9.44162
-4.56853 -9.28934
-4.56853 -9.13706
-4.72081 -8.98477
-4.72081 -8.6802
-4.8731 -8.52792
-4.8731 -8.37563
-4.8731 -8.07107
-4.8731 -7.91878
-5.02538 -7.7665
-5.02538 -7.61421
-5.02538 -7.30964
-5.02538 -7.15736
-5.17766 -7.00508
-5.17766 -6.70051
-5.17766 -6.54822
-5.17766 -6.39594
-5.17766 -6.24365
-5.17766 -5.93909
-5.17766 -5.7868
-5.17766 -5.63452
-5.17766 -5.48223
-5.17766 -5.17766
-5.17766 -5.02538
-5.17766 -4.8731
-5.17766 -4.72081
-5.17766 -4.41624
-5.17766 -4.26396
-5.17766 -4.11168
-5.17766 -3.95939
-5.17766 -3.80711
-5.17766 -3.50254
-5.17766 -3.35025
-5.17766 -3.19797
-5.17766 -3.04569
-5.17766 -2.8934
-5.02538 -2.58883
-5.02538 -2.43655
-5.02538 -2.28426
-5.02538 -2.13198
-4.8731 -1.9797
-4.8731 -1.82741
-4.8731 -1.67513
-4.72081 -1.37056
-4.72081 -1.21827
-4.72081 -1.06599
-4.56853 -0.913706
-4.56853 -0.761421
-4.41624 -0.609137
-4.41624 -0.456853
-4.26396 -0.304569
-4.26396 -0.152284
-4.11168 0
-3.95939 0.152284
-3.95939 0.304569
-3.80711 0.456853
-3.80711 0.609137
-3.65482 0.761421
-3.50254 0.913706
-3.35025 1.06599
-3.35025 1.21827
-3.19797 1.37056
-3.04569 1.52284
-3.04569 1.52284
-2.8934 1.67513
-2.74112 1.82741
-2.58883 1.9797
-2.58883 2.13198
-2.43655 2.28426
-2.28426 2.28426
-2.13198 2.43655
-2.13198 2.58883
-1.9797 2.74112
-1.82741 2.74112
-1.67513 2.8934
-1.67513 3.04569
-1.52284 3.19797
-1.37056 3.19797
-1.21827 3.35025
-1.06599 3.50254
-1.06599 3.65482
-0.913706 3.65482
-0.761421 3.80711
-0.609137 3.95939
-0.456853 3.95939
-0.304569 4.11168
-0.152284 4.11168
-0.152284 4.26396
0 4.41624
0.152284 4.41624
0.304569 4.56853
0.456853 4.56853
0.609137 4.72081
0.761421 4.72081
0.913706 4.8731
1.06599 4.8731
1.21827 5.02538
1.37056 5.02538
1.52284 5.17766
1.67513 5.17766
1.82741 5.17766
1.9797 5.32995
2.13198 5.32995
2.28426 5.32995
2.43655 5.48223
2.58883 5.48223
2.74112 5.48223
2.8934 5.63452
3.04569 5.63452
3.19797 5.7868
3.35025 5.7868
3.50254 5.7868
3.65482 5.93909
3.80711 5.93909
3.95939 5.93909
4.11168 6.09137
4.26396 6.09137
4.41624 6.09137
4.56853 6.24365
4.72081 6.24365
4.8731 6.39594
5.17766 6.39594
5.32995 6.54822
5.48223 6.54822
5.63452 6.54822
5.7868 6.70051
5.93909 6.70051
6.24365 6.85279
6.39594 6.85279
6.54822 6.85279
6.70051 7.00508
6.85279 7.00508
7.15736 7.00508
7.30964 7.00508
7.46193 7.15736
7.7665 7.15736
7.91878 7.15736
8.07107 7.15736
8.37563 7.15736
8.52792 7.15736
8.6802 7.15736
8.98477 7.15736
9.13706 7.15736
9.28934 7.15736
9.59391 7.15736
9.74619 7.15736
9.89848 7.00508
10.203 7.00508
10.3553 7.00508
10.5076 6.85279
10.6599 6.85279
10.9645 6.70051
11.1168 6.70051
11.269 6.54822
11.4213 6.54822
11.5736 6.39594
11.8782 6.24365
12.0305 6.24365
12.1827 6.09137
12.335 5.93909
12.4873 5.7868
12.6396 5.63452
12.7919 5.48223
12.9442 5.32995
13.0964 5.17766
13.0964 5.02538
13.2487 4.8731
13.401 4.72081
13.5533 4.56853
13.5533 4.41624
13.7056 4.26396
13.8579 3.95939
13.8579 3.80711
14.0102 3.65482
14.0102 3.50254
14.1624 3.35025
14.1624 3.04569
14.3147 2.8934
14.3147 2.74112
14.467 2.58883
14.467 2.43655
14.6193 2.13198
14.6193 1.9797
14.7716 1.82741
14.7716 1.67513
14.9239 1.52284
14.9239 1.37056
15.0761 1.21827
15.2284 1.06599
15.2284 0.913706
15.3807 0.761421
15.533 0.609137
15.6853 0.304569
15.6853 0.152284
15.8376 0
15.9898 -0.152284
16.1421 -0.304569
16.1421 -0.456853
16.2944 -0.609137
16.4467 -0.761421
16.4467 -1.06599
16.599 -1.21827
16.599 -1.37056
16.7513 -1.52284
16.7513 -1.82741
16.9036 -1.9797
16.9036 -2.13198
16.9036 -2.43655
16.9036 -2.58883
16.7513 -2.74112
16.7513 -3.04569
16.7513 -3.19797
