16.599 -3.50254
16.599 -3.80711
16.4467 -3.95939
16.4467 -4.11168
16.2944 -4.26396
16.1421 -4.56853
15.9898 -4.72081
15.9898 -4.8731
15.8376 -5.02538
15.6853 -5.17766
15.533 -5.32995
15.533 -5.48223
15.3807 -5.63452
15.2284 -5.7868
15.0761 -5.93909
15.0761 -6.09137
14.9239 -6.24365
14.7716 -6.39594
14.6193 -6.54822
14.467 -6.70051
14.467 -6.85279
14.3147 -7.00508
14.1624 -7.15736
14.0102 -7.30964
13.8579 -7.46193
13.7056 -7.46193
13.7056 -7.61421
13.5533 -7.7665
13.401 -7.91878
13.2487 -8.07107
13.2487 -8.07107
13.0964 -8.22335
12.9442 -8.37563
12.7919 -8.52792
12.6396 -8.52792
12.6396 -8.6802
12.4873 -8.83249
12.335 -8.83249
12.1827 -8.98477
12.1827 -9.13706
12.0305 -9.28934
11.8782 -9.28934
11.7259 -9.44162
11.7259 -9.59391
11.5736 -9.59391
11.4213 -9.74619
11.4213 -9.89848
11.269 -9.89848
11.1168 -10.0508
10.9645 -10.203
10.9645 -10.203
10.8122 -10.3553
10.6599 -10.5076
10.5076 -10.5076
10.5076 -10.6599
10.3553 -10.8122
10.203 -10.8122
10.0508 -10.9645
9.89848 -11.1168
9.89848 -11.1168
9.74619 -11.269
9.59391 -11.4213
9.44162 -11.4213
9.28934 -11.5736
9.28934 -11.7259
9.13706 -11.7259
8.98477 -11.8782
8.83249 -11.8782
8.6802 -12.0305
8.52792 -12.1827
8.37563 -12.1827
8.22335 -12.335
8.07107 -12.335
8.07107 -12.4873
7.91878 -12.6396
7.7665 -12.6396
7.61421 -12.7919
7.46193 -12.7919
7.30964 -12.9442
7.15736 -12.9442
7.00508 -13.0964
6.85279 -13.0964
6.70051 -13.2487
6.39594 -13.2487
6.24365 -13.401
6.09137 -13.401
5.93909 -13.5533
5.7868 -13.5533
5.63452 -13.7056
5.48223 -13.7056
5.32995 -13.7056
5.02538 -13.8579
4.8731 -13.8579
4.72081 -13.8579
4.56853 -14.0102
4.41624 -14.0102
4.11168 -14.0102
3.95939 -14.1624
3.80711 -14.1624
3.65482 -14.1624
3.35025 -14.1624
3.19797 -14.3147
3.04569 -14.3147
2.74112 -14.3147
2.58883 -14.3147
2.43655 -14.3147
2.13198 -14.3147
1.9797 -14.3147
1.82741 -14.3147
1.52284 -14.3147
1.37056 -14.3147
1.21827 -14.3147
0.913706 -14.3147
0.761421 -14.1624
0.456853 -14.1624
0.304569 -14.1624
0.152284 -14.1624
-0.152284 -14.0102
-0.304569 -14.0102
-0.456853 -13.8579
-0.761421 -13.8579
-0.913706 -13.8579
-1.06599 -13.7056
-1.21827 -13.5533
-1.52284 -13.5533
-1.67513 -13.401
-1.82741 -13.2487
-1.9797 -13.2487
-2.13198 -13.0964
-2.28426 -12.9442
-2.58883 -12.7919
-2.74112 -12.6396
-2.8934 -12.4873
-3.04569 -12.4873
-3.19797 -12.335
-3.35025 -12.1827
-3.50254 -12.0305
-3.50254 -11.7259
-3.65482 -11.5736
-3.80711 -11.4213
-3.95939 -11.269
-4.11168 -11.1168
-4.11168 -10.9645
-4.26396 -10.8122
-4.41624 -10.5076
-4.41624 -10.3553
-4.56853 -10.203
-4.72081 -10.0508
-4.72081 -9.74619
-4.8731 -9.59391
-4.8731 -9.44162
-4.8731 -9.13706
-5.02538 -8.98477
-5.02538 -8.83249
-5.02538 -8.52792
-5.17766 -8.37563
-5.17766 -8.22335
-5.17766 -7.91878
-5.17766 -7.7665
-5.32995 -7.61421
-5.32995 -7.46193
-5.32995 -7.15736
-5.32995 -7.00508
-5.32995 -6.85279
-5.32995 -6.54822
-5.32995 -6.39594
-5.32995 -6.24365
-5.32995 -5.93909
-5.32995 -5.7868
-5.32995 -5.63452
-5.32995 -5.48223
-5.32995 -5.17766
-5.32995 -5.02538
-5.32995 -4.8731
-5.32995 -4.72081
-5.32995 -4.41624
-5.32995 -4.26396
-5.32995 -4.11168
-5.32995 -3.95939
-5.32995 -3.80711
-5.32995 -3.50254
-5.32995 -3.35025
-5.32995 -3.19797
-5.32995 -3.04569
-5.32995 -2.74112
-5.17766 -2.58883
-5.17766 -2.43655
-5.17766 -2.28426
-5.17766 -2.13198
-5.02538 -1.9797
-5.02538 -1.67513
-5.02538 -1.52284
-4.8731 -1.37056
-4.8731 -1.21827
-4.72081 -1.06599
-4.72081 -0.913706
-4.56853 -0.761421
-4.56853 -0.609137
-4.41624 -0.456853
-4.41624 -0.152284
-4.26396 0
-4.26396 0.152284
-4.11168 0.304569
-3.95939 0.456853
-3.95939 0.609137
-3.80711 0.609137
-3.65482 0.761421
-3.65482 0.913706
-3.50254 1.06599
-3.35025 1.21827
-3.19797 1.37056
-3.19797 1.52284
-3.04569 1.67513
-2.8934 1.82741
-2.74112 1.82741
-2.74112 1.9797
-2.58883 2.13198
-2.43655 2.28426
-2.28426 2.28426
-2.13198 2.43655
-1.9797 2.58883
-1.9797 2.74112
-1.82741 2.74112
-1.67513 2.8934
-1.52284 3.04569
-1.37056 3.04569
-1.21827 3.19797
-1.06599 3.35025
-1.06599 3.35025
-0.913706 3.50254
-0.761421 3.65482
-0.609137 3.65482
-0.456853 3.80711
-0.304569 3.80711
-0.152284 3.95939
0 3.95939
0.152284 4.11168
0.304569 4.26396
0.304569 4.26396
0.456853 4.41624
0.609137 4.41624
0.761421 4.56853
0.913706 4.56853
1.06599 4.72081
1.21827 4.72081
1.37056 4.8731
1.52284 4.8731
1.67513 5.02538
1.82741 5.02538
1.9797 5.02538
2.13198 5.17766
2.28426 5.17766
2.43655 5.32995
2.58883 5.32995
2.74112 5.48223
2.8934 5.48223
3.04569 5.48223
3.19797 5.63452
3.35025 5.63452
3.50254 5.7868
3.65482 5.7868
3.80711 5.7868
3.95939 5.93909
4.11168 5.93909
4.26396 5.93909
4.41624 6.09137
4.56853 6.09137
4.72081 6.09137
4.8731 6.24365
5.02538 6.24365
5.32995 6.24365
5.48223 6.39594
5.63452 6.39594
5.7868 6.39594
5.93909 6.39594
6.09137 6.54822
6.39594 6.54822
6.54822 6.54822
6.70051 6.54822
6.85279 6.54822
7.00508 6.70051
7.30964 6.70051
7.46193 6.70051
7.61421 6.70051
7.7665 6.70051
8.07107 6.70051
8.22335 6.70051
8.37563 6.70051
8.6802 6.70051
8.83249 6.70051
8.98477 6.70051
9.13706 6.70051
9.44162 6.70051
9.59391 6.70051
9.74619 6.70051
10.0508 6.54822
10.203 6.54822
10.3553 6.54822
10.6599 6.54822
10.8122 6.39594
10.9645 6.39594
11.1168 6.24365
11.4213 6.24365
11.5736 6.09137
11.7259 6.09137
11.8782 5.93909
12.0305 5.7868
12.1827 5.7868
12.4873 5.63452
12.6396 5.48223
12.7919 5.32995
12.9442 5.17766
13.0964 5.02538
13.0964 4.8731
13.2487 4.72081
13.401 4.56853
13.5533 4.41624
13.5533 4.26396
13.7056 4.11168
13.8579 3.95939
13.8579 3.65482
14.0102 3.50254
14.0102 3.35025
14.1624 3.19797
14.1624 2.8934
14.3147 2.74112
14.3147 2.58883
14.467 2.43655
14.467 2.28426
14.6193 1.9797
14.6193 1.82741
14.7716 1.67513
14.7716 1.52284
14.9239 1.37056
14.9239 1.21827
15.0761 1.06599
15.2284 0.913706
15.2284 0.761421
15.3807 0.456853
15.533 0.304569
15.533 0.152284
15.6853 0
15.8376 -0.152284
15.9898 -0.304569
15.9898 -0.456853
16.1421 -0.609137
16.2944 -0.761421
16.4467 -0.913706
16.4467 -1.21827
16.599 -1.37056
16.599 -1.52284
16.7513 -1.67513
16.7513 -1.9797
16.7513 -2.13198
16.7513 -2.28426
16.9036 -2.58883
16.7513 -2.74112
16.7513 -2.8934
16.7513 -3.19797
16.599 -3.35025
