16.1421 -3.19797
15.9898 -3.50254
15.9898 -3.65482
15.8376 -3.80711
15.6853 -3.95939
15.533 -4.26396
15.533 -4.41624
15.3807 -4.56853
15.2284 -4.72081
15.0761 -4.8731
14.9239 -5.02538
14.9239 -5.17766
14.7716 -5.32995
14.6193 -5.48223
14.467 -5.63452
14.3147 -5.7868
14.3147 -5.93909
14.1624 -6.09137
14.0102 -6.24365
13.8579 -6.39594
13.7056 -6.54822
13.7056 -6.70051
13.5533 -6.85279
13.401 -6.85279
13.2487 -7.00508
13.0964 -7.15736
13.0964 -7.30964
12.9442 -7.46193
12.7919 -7.61421
12.6396 -7.61421
12.6396 -7.7665
12.4873 -7.91878
12.335 -8.07107
12.1827 -8.07107
12.1827 -8.22335
12.0305 -8.37563
11.8782 -8.52792
11.8782 -8.52792
11.7259 -8.6802
11.5736 -8.83249
11.4213 -8.98477
11.4213 -8.98477
11.269 -9.13706
11.1168 -9.28934
11.1168 -9.28934
10.9645 -9.44162
10.8122 -9.59391
10.6599 -9.59391
10.6599 -9.74619
10.5076 -9.89848
10.3553 -9.89848
10.203 -10.0508
10.203 -10.203
10.0508 -10.203
9.89848 -10.3553
9.74619 -10.5076
9.74619 -10.5076
9.59391 -10.6599
9.44162 -10.8122
9.28934 -10.8122
9.13706 -10.9645
9.13706 -11.1168
8.98477 -11.1168
8.83249 -11.269
8.6802 -11.269
8.52792 -11.4213
8.37563 -11.5736
8.22335 -11.5736
8.22335 -11.7259
8.07107 -11.7259
7.91878 -11.8782
7.7665 -12.0305
7.61421 -12.0305
7.46193 -12.1827
7.30964 -12.1827
7.15736 -12.335
7.00508 -12.335
6.85279 -12.4873
6.70051 -12.6396
6.54822 -12.6396
6.39594 -12.7919
6.24365 -12.7919
6.09137 -12.9442
5.93909 -12.9442
5.7868 -13.0964
5.63452 -13.0964
5.48223 -13.2487
5.32995 -13.2487
5.02538 -13.401
4.8731 -13.401
4.72081 -13.401
4.56853 -13.5533
4.41624 -13.5533
4.26396 -13.7056
3.95939 -13.7056
3.80711 -13.7056
3.65482 -13.7056
3.50254 -13.8579
3.19797 -13.8579
3.04569 -13.8579
2.8934 -13.8579
2.74112 -14.0102
2.43655 -14.0102
2.28426 -14.0102
2.13198 -14.0102
1.82741 -14.0102
1.67513 -14.0102
1.52284 -14.0102
1.21827 -14.0102
1.06599 -14.0102
0.913706 -14.0102
0.609137 -14.0102
0.456853 -13.8579
0.304569 -13.8579
0 -13.8579
-0.152284 -13.8579
-0.456853 -13.7056
-0.609137 -13.7056
-0.761421 -13.7056
-0.913706 -13.5533
-1.21827 -13.5533
-1.37056 -13.401
-1.52284 -13.401
-1.82741 -13.2487
-1.9797 -13.2487
-2.13198 -13.0964
-2.28426 -12.9442
-2.58883 -12.9442
-2.74112 -12.7919
-2.8934 -12.6396
-3.04569 -12.4873
-3.19797 -12.4873
-3.35025 -12.335
-3.50254 -12.1827
-3.65482 -12.0305
-3.80711 -11.8782
-3.95939 -11.7259
-4.11168 -11.5736
-4.26396 -11.4213
-4.41624 -11.269
-4.56853 -11.1168
-4.72081 -10.9645
-4.8731 -10.6599
-4.8731 -10.5076
-5.02538 -10.3553
-5.17766 -10.203
-5.17766 -9.89848
-5.32995 -9.74619
-5.32995 -9.59391
-5.48223 -9.44162
-5.48223 -9.13706
-5.48223 -8.98477
-5.63452 -8.6802
-5.63452 -8.52792
-5.63452 -8.37563
-5.7868 -8.07107
-5.7868 -7.91878
-5.7868 -7.7665
-5.7868 -7.46193
-5.7868 -7.30964
-5.7868 -7.15736
-5.7868 -6.85279
-5.7868 -6.70051
-5.7868 -6.54822
-5.93909 -6.24365
-5.93909 -6.09137
-5.93909 -5.93909
-5.93909 -5.63452
-5.93909 -5.48223
-5.93909 -5.32995
-5.7868 -5.17766
-5.7868 -4.8731
-5.7868 -4.72081
-5.7868 -4.56853
-5.7868 -4.41624
-5.7868 -4.11168
-5.7868 -3.95939
-5.7868 -3.80711
-5.7868 -3.65482
-5.7868 -3.50254
-5.7868 -3.19797
-5.7868 -3.04569
-5.7868 -2.8934
-5.63452 -2.74112
-5.63452 -2.58883
-5.63452 -2.28426
-5.63452 -2.13198
-5.63452 -1.9797
-5.48223 -1.82741
-5.48223 -1.67513
-5.48223 -1.52284
-5.32995 -1.21827
-5.32995 -1.06599
-5.32995 -0.913706
-5.17766 -0.761421
-5.17766 -0.609137
-5.02538 -0.456853
-5.02538 -0.304569
-4.8731 -0.152284
-4.8731 0
-4.72081 0.152284
-4.56853 0.304569
-4.56853 0.456853
-4.41624 0.609137
-4.41624 0.761421
-4.26396 0.913706
-4.11168 1.06599
-4.11168 1.21827
-3.95939 1.37056
-3.80711 1.52284
-3.65482 1.67513
-3.65482 1.82741
-3.50254 1.82741
-3.35025 1.9797
-3.19797 2.13198
-3.19797 2.28426
-3.04569 2.43655
-2.8934 2.43655
-2.74112 2.58883
-2.58883 2.74112
-2.58883 2.8934
-2.43655 2.8934
-2.28426 3.04569
-2.13198 3.19797
-1.9797 3.35025
-1.82741 3.35025
-1.82741 3.50254
-1.67513 3.65482
-1.52284 3.65482
-1.37056 3.80711
-1.21827 3.80711
-1.06599 3.95939
-0.913706 4.11168
-0.761421 4.11168
-0.761421 4.26396
-0.609137 4.26396
-0.456853 4.41624
-0.304569 4.41624
-0.152284 4.56853
0 4.72081
0.152284 4.72081
0.304569 4.72081
0.456853 4.8731
0.609137 4.8731
0.761421 5.02538
0.913706 5.02538
1.06599 5.17766
1.21827 5.17766
1.37056 5.32995
1.52284 5.32995
1.67513 5.32995
1.82741 5.48223
1.82741 5.48223
1.9797 5.63452
2.13198 5.63452
2.28426 5.63452
2.43655 5.7868
2.58883 5.7868
2.74112 5.7868
2.8934 5.93909
3.04569 5.93909
3.35025 6.09137
3.50254 6.09137
3.65482 6.09137
3.80711 6.24365
3.95939 6.24365
4.11168 6.39594
4.26396 6.39594
4.41624 6.39594
4.56853 6.54822
4.72081 6.54822
4.8731 6.70051
5.02538 6.70051
5.32995 6.85279
5.48223 6.85279
5.63452 6.85279
5.7868 7.00508
5.93909 7.00508
6.24365 7.00508
6.39594 7.15736
6.54822 7.15736
6.70051 7.15736
7.00508 7.15736
7.15736 7.30964
7.30964 7.30964
7.61421 7.30964
7.7665 7.30964
7.91878 7.30964
8.22335 7.30964
8.37563 7.30964
8.52792 7.30964
8.83249 7.30964
8.98477 7.30964
9.28934 7.30964
9.44162 7.30964
9.59391 7.15736
9.89848 7.15736
10.0508 7.15736
10.203 7.00508
10.5076 7.00508
10.6599 7.00508
10.8122 6.85279
10.9645 6.70051
11.269 6.70051
11.4213 6.54822
11.5736 6.54822
11.7259 6.39594
11.8782 6.24365
12.0305 6.09137
12.1827 5.93909
12.335 5.7868
12.4873 5.7868
12.6396 5.63452
12.7919 5.32995
12.9442 5.17766
13.0964 5.02538
13.2487 4.8731
13.2487 4.72081
13.401 4.56853
13.5533 4.41624
13.5533 4.11168
13.7056 3.95939
13.7056 3.80711
13.8579 3.65482
14.0102 3.50254
14.0102 3.19797
14.1624 3.04569
14.1624 2.8934
14.3147 2.74112
14.3147 2.43655
14.467 2.28426
14.467 2.13198
14.6193 1.9797
14.6193 1.82741
14.7716 1.67513
14.7716 1.52284
14.9239 1.21827
15.0761 1.06599
15.0761 0.913706
15.2284 0.761421
15.3807 0.609137
15.533 0.456853
15.533 0.304569
15.6853 0.152284
15.8376 -0.152284
15.9898 -0.304569
15.9898 -0.456853
16.1421 -0.609137
16.1421 -0.761421
16.2944 -1.06599
16.2944 -1.21827
16.4467 -1.37056
16.4467 -1.67513
16.4467 -1.82741
16.4467 -1.9797
16.4467 -2.28426
16.4467 -2.43655
16.4467 -2.58883
16.2944 -2.8934
16.2944 -3.04569
