15.6853 -2.8934
15.6853 -3.04569
15.533 -3.19797
15.3807 -3.50254
15.3807 -3.65482
15.2284 -3.80711
15.2284 -3.95939
15.0761 -4.11168
14.9239 -4.26396
14.9239 -4.56853
14.7716 -4.72081
14.6193 -4.8731
14.6193 -5.02538
14.467 -5.17766
14.3147 -5.32995
14.1624 -5.48223
14.1624 -5.63452
14.0102 -5.7868
13.8579 -5.93909
13.7056 -6.09137
13.7056 -6.24365
13.5533 -6.24365
13.401 -6.39594
13.2487 -6.54822
13.0964 -6.70051
13.0964 -6.85279
12.9442 -7.00508
12.7919 -7.15736
12.6396 -7.15736
12.6396 -7.30964
12.4873 -7.46193
12.335 -7.61421
12.1827 -7.61421
12.1827 -7.7665
12.0305 -7.91878
11.8782 -8.07107
11.7259 -8.07107
11.7259 -8.22335
11.5736 -8.37563
11.4213 -8.52792
11.269 -8.52792
11.269 -8.6802
11.1168 -8.83249
10.9645 -8.98477
10.9645 -8.98477
10.8122 -9.13706
10.6599 -9.28934
10.5076 -9.28934
10.5076 -9.44162
10.3553 -9.59391
10.203 -9.59391
10.0508 -9.74619
10.0508 -9.89848
9.89848 -10.0508
9.74619 -10.0508
9.59391 -10.203
9.59391 -10.3553
9.44162 -10.3553
9.28934 -10.5076
9.13706 -10.6599
8.98477 -10.6599
8.98477 -10.8122
8.83249 -10.9645
8.6802 -10.9645
8.52792 -11.1168
8.37563 -11.269
8.22335 -11.269
8.07107 -11.4213
8.07107 -11.4213
7.91878 -11.5736
7.7665 -11.7259
7.61421 -11.7259
7.46193 -11.8782
7.30964 -11.8782
7.15736 -12.0305
7.00508 -12.1827
6.85279 -12.1827
6.70051 -12.335
6.54822 -12.335
6.39594 -12.4873
6.24365 -12.4873
6.09137 -12.6396
5.93909 -12.6396
5.7868 -12.7919
5.48223 -12.7919
5.32995 -12.9442
5.17766 -12.9442
5.02538 -12.9442
4.8731 -13.0964
4.72081 -13.0964
4.56853 -13.2487
4.26396 -13.2487
4.11168 -13.2487
3.95939 -13.401
3.80711 -13.401
3.65482 -13.401
3.35025 -13.5533
3.19797 -13.5533
3.04569 -13.5533
2.74112 -13.7056
2.58883 -13.7056
2.43655 -13.7056
2.13198 -13.7056
1.9797 -13.7056
1.82741 -13.7056
1.52284 -13.8579
1.37056 -13.8579
1.21827 -13.8579
0.913706 -13.8579
0.761421 -13.8579
0.456853 -13.8579
0.304569 -13.7056
0.152284 -13.7056
-0.152284 -13.7056
-0.304569 -13.7056
-0.456853 -13.7056
-0.761421 -13.5533
-0.913706 -13.5533
-1.21827 -13.5533
-1.37056 -13.401
-1.52284 -13.401
-1.82741 -13.2487
-1.9797 -13.2487
-2.13198 -13.0964
-2.28426 -12.9442
-2.58883 -12.9442
-2.74112 -12.7919
-2.8934 -12.6396
-3.04569 -12.4873
-3.19797 -12.335
-3.35025 -12.335
-3.50254 -12.1827
-3.65482 -12.0305
-3.80711 -11.8782
-3.95939 -11.7259
-4.11168 -11.5736
-4.26396 -11.4213
-4.41624 -11.1168
-4.56853 -10.9645
-4.72081 -10.8122
-4.72081 -10.6599
-4.8731 -10.5076
-5.02538 -10.3553
-5.17766 -10.0508
-5.17766 -9.89848
-5.32995 -9.74619
-5.32995 -9.59391
-5.48223 -9.28934
-5.48223 -9.13706
-5.63452 -8.98477
-5.63452 -8.6802
-5.7868 -8.52792
-5.7868 -8.37563
-5.7868 -8.07107
-5.93909 -7.91878
-5.93909 -7.7665
-5.93909 -7.46193
-6.09137 -7.30964
-6.09137 -7.15736
-6.09137 -6.85279
-6.09137 -6.70051
-6.09137 -6.54822
-6.09137 -6.24365
-6.09137 -6.09137
-6.24365 -5.93909
-6.24365 -5.7868
-6.24365 -5.48223
-6.24365 -5.32995
-6.24365 -5.17766
-6.24365 -4.8731
-6.24365 -4.72081
-6.24365 -4.56853
-6.24365 -4.41624
-6.24365 -4.11168
-6.24365 -3.95939
-6.24365 -3.80711
-6.24365 -3.65482
-6.24365 -3.35025
-6.09137 -3.19797
-6.09137 -3.04569
-6.09137 -2.8934
-6.09137 -2.74112
-6.09137 -2.43655
-6.09137 -2.28426
-5.93909 -2.13198
-5.93909 -1.9797
-5.93909 -1.82741
-5.7868 -1.52284
-5.7868 -1.37056
-5.7868 -1.21827
-5.63452 -1.06599
-5.63452 -0.913706
-5.63452 -0.761421
-5.48223 -0.609137
-5.48223 -0.456853
-5.32995 -0.152284
-5.17766 0
-5.17766 0.152284
-5.02538 0.304569
-5.02538 0.456853
-4.8731 0.609137
-4.72081 0.761421
-4.72081 0.913706
-4.56853 1.06599
-4.41624 1.06599
-4.41624 1.21827
-4.26396 1.37056
-4.11168 1.52284
-3.95939 1.67513
-3.95939 1.82741
-3.80711 1.9797
-3.65482 1.9797
-3.50254 2.13198
-3.50254 2.28426
-3.35025 2.43655
-3.19797 2.58883
-3.04569 2.58883
-2.8934 2.74112
-2.8934 2.8934
-2.74112 3.04569
-2.58883 3.19797
-2.43655 3.19797
-2.43655 3.35025
-2.28426 3.50254
-2.13198 3.50254
-1.9797 3.65482
-1.9797 3.80711
-1.82741 3.95939
-1.67513 3.95939
-1.52284 4.11168
-1.37056 4.26396
-1.37056 4.26396
-1.21827 4.41624
-1.06599 4.56853
-0.913706 4.56853
-0.761421 4.72081
-0.609137 4.8731
-0.609137 4.8731
-0.456853 5.02538
-0.304569 5.02538
-0.152284 5.17766
0 5.17766
0.152284 5.32995
0.304569 5.32995
0.456853 5.48223
0.609137 5.48223
0.761421 5.63452
0.913706 5.63452
1.06599 5.7868
1.21827 5.7868
1.37056 5.93909
1.52284 5.93909
1.67513 5.93909
1.82741 6.09137
1.9797 6.09137
2.13198 6.09137
2.28426 6.24365
2.43655 6.24365
2.58883 6.39594
2.74112 6.39594
2.8934 6.39594
3.04569 6.54822
3.19797 6.54822
3.35025 6.70051
3.50254 6.70051
3.65482 6.85279
3.80711 6.85279
3.95939 7.00508
4.11168 7.00508
4.26396 7.00508
4.56853 7.15736
4.72081 7.15736
4.8731 7.30964
5.02538 7.30964
5.17766 7.46193
5.48223 7.46193
5.63452 7.61421
5.7868 7.61421
5.93909 7.61421
6.24365 7.7665
6.39594 7.7665
6.54822 7.7665
6.85279 7.91878
7.00508 7.91878
7.15736 7.91878
7.46193 7.91878
7.61421 7.91878
7.7665 7.91878
8.07107 7.91878
8.22335 7.91878
8.37563 7.91878
8.6802 7.91878
8.83249 7.91878
8.98477 7.7665
9.28934 7.7665
9.44162 7.7665
9.59391 7.61421
9.89848 7.61421
10.0508 7.61421
10.203 7.46193
10.3553 7.30964
10.6599 7.30964
10.8122 7.15736
10.9645 7.00508
11.1168 7.00508
11.269 6.85279
11.4213 6.70051
11.5736 6.54822
11.7259 6.39594
11.8782 6.24365
12.0305 6.09137
12.1827 5.93909
12.335 5.7868
12.4873 5.63452
12.6396 5.48223
12.7919 5.32995
12.7919 5.17766
12.9442 5.02538
13.0964 4.8731
13.0964 4.72081
13.2487 4.41624
13.401 4.26396
13.401 4.11168
13.5533 3.95939
13.5533 3.80711
13.7056 3.65482
13.8579 3.35025
13.8579 3.19797
14.0102 3.04569
14.0102 2.8934
14.1624 2.74112
14.1624 2.58883
14.3147 2.28426
14.3147 2.13198
14.467 1.9797
14.6193 1.82741
14.6193 1.67513
14.7716 1.52284
14.9239 1.37056
15.0761 1.21827
15.0761 1.06599
15.2284 0.913706
15.3807 0.609137
15.533 0.456853
15.533 0.304569
15.6853 0.152284
15.8376 0
15.8376 -0.304569
15.9898 -0.456853
15.9898 -0.609137
16.1421 -0.761421
16.1421 -1.06599
16.1421 -1.21827
16.1421 -1.37056
16.1421 -1.67513
16.1421 -1.82741
16.1421 -1.9797
15.9898 -2.28426
15.9898 -2.43655
15.8376 -2.58883
