14.6193 -2.58883
14.6193 -2.74112
14.6193 -2.8934
14.6193 -3.19797
14.467 -3.35025
14.467 -3.50254
14.467 -3.65482
14.467 -3.80711
14.3147 -3.95939
14.3147 -4.11168
14.1624 -4.26396
14.1624 -4.41624
14.0102 -4.56853
14.0102 -4.72081
14.0102 -4.8731
13.8579 -5.17766
13.8579 -5.32995
13.7056 -5.48223
13.5533 -5.48223
13.5533 -5.63452
13.401 -5.7868
13.401 -5.93909
13.2487 -6.09137
13.2487 -6.24365
13.0964 -6.39594
12.9442 -6.54822
12.9442 -6.70051
12.7919 -6.85279
12.6396 -7.00508
12.6396 -7.15736
12.4873 -7.15736
12.335 -7.30964
12.335 -7.46193
12.1827 -7.61421
12.0305 -7.7665
12.0305 -7.7665
11.8782 -7.91878
11.7259 -8.07107
11.7259 -8.22335
11.5736 -8.37563
11.4213 -8.37563
11.4213 -8.52792
11.269 -8.6802
11.1168 -8.83249
10.9645 -8.83249
10.9645 -8.98477
10.8122 -9.13706
10.6599 -9.28934
10.5076 -9.28934
10.5076 -9.44162
10.3553 -9.59391
10.203 -9.59391
10.0508 -9.74619
10.0508 -9.89848
9.89848 -10.0508
9.74619 -10.0508
9.59391 -10.203
9.44162 -10.3553
9.44162 -10.3553
9.28934 -10.5076
9.13706 -10.6599
8.98477 -10.6599
8.83249 -10.8122
8.6802 -10.9645
8.6802 -10.9645
8.52792 -11.1168
8.37563 -11.269
8.22335 -11.269
8.07107 -11.4213
7.91878 -11.5736
7.7665 -11.5736
7.61421 -11.7259
7.46193 -11.7259
7.30964 -11.8782
7.15736 -12.0305
7.00508 -12.0305
6.85279 -12.1827
6.70051 -12.335
6.54822 -12.335
6.39594 -12.4873
6.24365 -12.4873
6.09137 -12.6396
5.93909 -12.6396
5.7868 -12.7919
5.63452 -12.7919
5.48223 -12.9442
5.17766 -12.9442
5.02538 -13.0964
4.8731 -13.0964
4.72081 -13.2487
4.56853 -13.2487
4.26396 -13.2487
4.11168 -13.401
3.95939 -13.401
3.80711 -13.401
3.50254 -13.401
3.35025 -13.401
3.19797 -13.5533
3.04569 -13.5533
2.74112 -13.5533
2.58883 -13.5533
2.43655 -13.5533
2.13198 -13.5533
1.9797 -13.401
1.82741 -13.401
1.67513 -13.401
1.37056 -13.401
1.21827 -13.401
1.06599 -13.2487
0.913706 -13.2487
0.609137 -13.2487
0.456853 -13.0964
0.304569 -13.0964
0.152284 -13.0964
-0.152284 -12.9442
-0.304569 -12.9442
-0.456853 -12.7919
-0.609137 -12.7919
-0.913706 -12.6396
-1.06599 -12.6396
-1.21827 -12.4873
-1.37056 -12.4873
-1.52284 -12.335
-1.67513 -12.1827
-1.9797 -12.1827
-2.13198 -12.0305
-2.28426 -11.8782
-2.43655 -11.8782
-2.58883 -11.7259
-2.74112 -11.5736
-2.8934 -11.4213
-3.04569 -11.4213
-3.19797 -11.269
-3.35025 -11.1168
-3.50254 -10.9645
-3.65482 -10.8122
-3.80711 -10.6599
-3.95939 -10.5076
-4.11168 -10.3553
-4.26396 -10.203
-4.41624 -10.0508
-4.56853 -9.89848
-4.56853 -9.74619
-4.72081 -9.59391
-4.8731 -9.44162
-4.8731 -9.28934
-5.02538 -8.98477
-5.17766 -8.83249
-5.17766 -8.6802
-5.32995 -8.52792
-5.32995 -8.22335
-5.48223 -8.07107
-5.48223 -7.91878
-5.48223 -7.7665
-5.63452 -7.46193
-5.63452 -7.30964
-5.63452 -7.15736
-5.63452 -7.00508
-5.7868 -6.70051
-5.7868 -6.54822
-5.7868 -6.39594
-5.7868 -6.09137
-5.7868 -5.93909
-5.7868 -5.7868
-5.93909 -5.63452
-5.93909 -5.32995
-5.93909 -5.17766
-5.93909 -5.02538
-5.93909 -4.8731
-5.93909 -4.56853
-5.93909 -4.41624
-5.93909 -4.26396
-5.93909 -4.11168
-5.93909 -3.80711
-5.93909 -3.65482
-5.93909 -3.50254
-5.93909 -3.35025
-5.93909 -3.19797
-5.93909 -2.8934
-5.93909 -2.74112
-5.7868 -2.58883
-5.7868 -2.43655
-5.7868 -2.28426
-5.7868 -2.13198
-5.7868 -1.82741
-5.7868 -1.67513
-5.63452 -1.52284
-5.63452 -1.37056
-5.63452 -1.21827
-5.48223 -1.06599
-5.48223 -0.913706
-5.32995 -0.609137
-5.32995 -0.456853
-5.17766 -0.304569
-5.17766 -0.152284
-5.02538 0
-5.02538 0.152284
-4.8731 0.304569
-4.8731 0.456853
-4.72081 0.609137
-4.56853 0.761421
-4.56853 0.913706
-4.41624 1.06599
-4.26396 1.06599
-4.11168 1.21827
-4.11168 1.37056
-3.95939 1.52284
-3.80711 1.67513
-3.80711 1.82741
-3.65482 1.9797
-3.50254 1.9797
-3.35025 2.13198
-3.35025 2.28426
-3.19797 2.43655
-3.04569 2.58883
-3.04569 2.58883
-2.8934 2.74112
-2.74112 2.8934
-2.58883 3.04569
-2.58883 3.19797
-2.43655 3.19797
-2.43655 3.35025
-2.28426 3.50254
-2.13198 3.65482
-2.13198 3.80711
-1.9797 3.80711
-1.82741 3.95939
-1.82741 4.11168
-1.67513 4.26396
-1.52284 4.41624
-1.37056 4.56853
-1.37056 4.56853
-1.21827 4.72081
-1.06599 4.8731
-0.913706 5.02538
-0.913706 5.02538
-0.761421 5.17766
-0.609137 5.32995
-0.456853 5.32995
-0.304569 5.48223
-0.152284 5.48223
0 5.63452
0.152284 5.7868
0.304569 5.7868
0.456853 5.93909
0.609137 5.93909
0.761421 5.93909
0.913706 6.09137
1.06599 6.09137
1.21827 6.09137
1.37056 6.24365
1.52284 6.24365
1.67513 6.24365
1.82741 6.39594
1.9797 6.39594
2.13198 6.39594
2.28426 6.39594
2.43655 6.54822
2.58883 6.54822
2.74112 6.54822
2.8934 6.70051
3.04569 6.70051
3.19797 6.70051
3.35025 6.70051
3.50254 6.85279
3.65482 6.85279
3.80711 6.85279
3.95939 7.00508
4.11168 7.00508
4.41624 7.15736
4.56853 7.15736
4.72081 7.15736
4.8731 7.30964
5.02538 7.30964
5.17766 7.46193
5.32995 7.46193
5.63452 7.46193
5.7868 7.61421
5.93909 7.61421
6.09137 7.7665
6.39594 7.7665
6.54822 7.7665
6.70051 7.7665
7.00508 7.91878
7.15736 7.91878
7.30964 7.91878
7.61421 7.91878
7.7665 7.91878
7.91878 7.91878
8.22335 7.91878
8.37563 7.91878
8.52792 7.91878
8.83249 7.91878
8.98477 7.91878
9.13706 7.91878
9.44162 7.91878
9.59391 7.7665
9.74619 7.7665
10.0508 7.7665
10.203 7.61421
10.3553 7.61421
10.5076 7.46193
10.8122 7.46193
10.9645 7.30964
11.1168 7.15736
11.269 7.15736
11.4213 7.00508
11.5736 6.85279
11.8782 6.70051
12.0305 6.54822
12.1827 6.39594
12.335 6.24365
12.335 6.09137
12.4873 5.93909
12.6396 5.7868
12.7919 5.63452
12.9442 5.48223
12.9442 5.32995
13.0964 5.17766
13.2487 5.02538
13.2487 4.72081
13.401 4.56853
13.401 4.41624
13.5533 4.26396
13.5533 3.95939
13.7056 3.80711
13.7056 3.65482
13.8579 3.50254
13.8579 3.19797
13.8579 3.04569
14.0102 2.8934
14.0102 2.58883
14.0102 2.43655
14.0102 2.28426
14.1624 2.13198
14.1624 1.82741
14.1624 1.67513
14.1624 1.52284
14.3147 1.37056
14.3147 1.21827
14.3147 0.913706
14.3147 0.761421
14.467 0.609137
14.467 0.456853
14.467 0.304569
14.467 0.152284
14.6193 -0.152284
14.6193 -0.304569
14.6193 -0.456853
14.6193 -0.609137
14.6193 -0.761421
14.6193 -1.06599
14.6193 -1.21827
14.6193 -1.37056
14.6193 -1.52284
14.6193 -1.67513
14.6193 -1.82741
14.6193 -2.13198
14.6193 -2.28426
14.6193 -2.43655
