14.9239 -2.58883
14.7716 -2.74112
14.7716 -2.8934
14.6193 -3.04569
14.6193 -3.19797
14.6193 -3.50254
14.467 -3.65482
14.467 -3.80711
14.3147 -3.95939
14.3147 -4.11168
14.1624 -4.26396
14.1624 -4.41624
14.0102 -4.56853
14.0102 -4.72081
13.8579 -4.8731
13.8579 -5.02538
13.7056 -5.17766
13.7056 -5.32995
13.5533 -5.48223
13.5533 -5.63452
13.401 -5.7868
13.401 -5.93909
13.2487 -6.09137
13.2487 -6.24365
13.0964 -6.39594
13.0964 -6.54822
12.9442 -6.70051
12.7919 -6.85279
12.7919 -7.00508
12.6396 -7.15736
12.6396 -7.15736
12.4873 -7.30964
12.335 -7.46193
12.335 -7.61421
12.1827 -7.7665
12.0305 -7.91878
12.0305 -8.07107
11.8782 -8.07107
11.7259 -8.22335
11.7259 -8.37563
11.5736 -8.52792
11.4213 -8.52792
11.269 -8.6802
11.269 -8.83249
11.1168 -8.98477
10.9645 -9.13706
10.9645 -9.13706
10.8122 -9.28934
10.6599 -9.44162
10.5076 -9.44162
10.3553 -9.59391
10.3553 -9.74619
10.203 -9.89848
10.0508 -9.89848
9.89848 -10.0508
9.74619 -10.203
9.74619 -10.203
9.59391 -10.3553
9.44162 -10.5076
9.28934 -10.5076
9.13706 -10.6599
8.98477 -10.8122
8.83249 -10.8122
8.83249 -10.9645
8.6802 -10.9645
8.52792 -11.1168
8.37563 -11.269
8.22335 -11.269
8.07107 -11.4213
7.91878 -11.5736
7.7665 -11.5736
7.61421 -11.7259
7.46193 -11.8782
7.30964 -11.8782
7.15736 -12.0305
7.00508 -12.0305
6.85279 -12.1827
6.70051 -12.335
6.54822 -12.335
6.39594 -12.4873
6.24365 -12.4873
6.09137 -12.6396
5.93909 -12.6396
5.7868 -12.7919
5.63452 -12.9442
5.48223 -12.9442
5.17766 -12.9442
5.02538 -13.0964
4.8731 -13.0964
4.72081 -13.2487
4.56853 -13.2487
4.26396 -13.2487
4.11168 -13.401
3.95939 -13.401
3.80711 -13.401
3.50254 -13.401
3.35025 -13.401
3.19797 -13.401
2.8934 -13.401
2.74112 -13.401
2.58883 -13.401
2.43655 -13.401
2.13198 -13.401
1.9797 -13.401
1.82741 -13.401
1.67513 -13.401
1.37056 -13.2487
1.21827 -13.2487
1.06599 -13.2487
0.913706 -13.0964
0.609137 -13.0964
0.456853 -13.0964
0.304569 -12.9442
0.152284 -12.9442
0 -12.7919
-0.304569 -12.7919
-0.456853 -12.6396
-0.609137 -12.6396
-0.761421 -12.4873
-0.913706 -12.4873
-1.06599 -12.335
-1.37056 -12.1827
-1.52284 -12.1827
-1.67513 -12.0305
-1.82741 -11.8782
-1.9797 -11.8782
-2.13198 -11.7259
-2.28426 -11.5736
-2.43655 -11.5736
-2.74112 -11.4213
-2.8934 -11.269
-3.04569 -11.1168
-3.19797 -11.1168
-3.35025 -10.9645
-3.50254 -10.8122
-3.65482 -10.6599
-3.80711 -10.5076
-3.80711 -10.3553
-3.95939 -10.203
-4.11168 -10.0508
-4.26396 -9.89848
-4.41624 -9.74619
-4.41624 -9.59391
-4.56853 -9.44162
-4.72081 -9.28934
-4.8731 -9.13706
-4.8731 -8.83249
-5.02538 -8.6802
-5.02538 -8.52792
-5.17766 -8.37563
-5.17766 -8.22335
-5.17766 -7.91878
-5.32995 -7.7665
-5.32995 -7.61421
-5.32995 -7.30964
-5.48223 -7.15736
-5.48223 -7.00508
-5.48223 -6.85279
-5.48223 -6.54822
-5.63452 -6.39594
-5.63452 -6.24365
-5.63452 -6.09137
-5.63452 -5.7868
-5.63452 -5.63452
-5.63452 -5.48223
-5.63452 -5.32995
-5.63452 -5.02538
-5.63452 -4.8731
-5.63452 -4.72081
-5.63452 -4.56853
-5.63452 -4.41624
-5.63452 -4.11168
-5.63452 -3.95939
-5.63452 -3.80711
-5.63452 -3.65482
-5.63452 -3.50254
-5.63452 -3.19797
-5.63452 -3.04569
-5.63452 -2.8934
-5.63452 -2.74112
-5.63452 -2.58883
-5.63452 -2.43655
-5.63452 -2.13198
-5.48223 -1.9797
-5.48223 -1.82741
-5.48223 -1.67513
-5.48223 -1.52284
-5.48223 -1.37056
-5.32995 -1.21827
-5.32995 -1.06599
-5.32995 -0.761421
-5.17766 -0.609137
-5.17766 -0.456853
-5.02538 -0.304569
-5.02538 -0.152284
-4.8731 0
-4.8731 0.152284
-4.72081 0.304569
-4.72081 0.456853
-4.56853 0.609137
-4.56853 0.761421
-4.41624 0.913706
-4.26396 1.06599
-4.26396 1.06599
-4.11168 1.21827
-3.95939 1.37056
-3.95939 1.52284
-3.80711 1.67513
-3.65482 1.82741
-3.50254 1.9797
-3.50254 1.9797
-3.35025 2.13198
-3.19797 2.28426
-3.19797 2.43655
-3.04569 2.58883
-2.8934 2.58883
-2.8934 2.74112
-2.74112 2.8934
-2.58883 3.04569
-2.58883 3.19797
-2.43655 3.35025
-2.28426 3.35025
-2.28426 3.50254
-2.13198 3.65482
-2.13198 3.80711
-1.9797 3.95939
-1.82741 4.11168
-1.82741 4.11168
-1.67513 4.26396
-1.52284 4.41624
-1.37056 4.56853
-1.37056 4.72081
-1.21827 4.72081
-1.06599 4.8731
-0.913706 5.02538
-0.913706 5.02538
-0.761421 5.17766
-0.609137 5.32995
-0.456853 5.32995
-0.304569 5.48223
-0.152284 5.63452
0 5.63452
0.152284 5.7868
0.304569 5.7868
0.304569 5.93909
0.456853 5.93909
0.609137 5.93909
0.761421 6.09137
1.06599 6.09137
1.21827 6.24365
1.37056 6.24365
1.52284 6.24365
1.67513 6.39594
1.82741 6.39594
1.9797 6.39594
2.13198 6.39594
2.28426 6.54822
2.43655 6.54822
2.58883 6.54822
2.74112 6.70051
2.8934 6.70051
3.04569 6.70051
3.19797 6.85279
3.35025 6.85279
3.50254 6.85279
3.65482 7.00508
3.80711 7.00508
3.95939 7.15736
4.11168 7.15736
4.26396 7.30964
4.56853 7.30964
4.72081 7.46193
4.8731 7.46193
5.02538 7.61421
5.17766 7.61421
5.32995 7.7665
5.63452 7.7665
5.7868 7.91878
5.93909 7.91878
6.24365 8.07107
6.39594 8.07107
6.54822 8.07107
6.85279 8.22335
7.00508 8.22335
7.15736 8.22335
7.46193 8.37563
7.61421 8.37563
7.7665 8.37563
8.07107 8.37563
8.22335 8.37563
8.52792 8.37563
8.6802 8.37563
8.83249 8.37563
9.13706 8.37563
9.28934 8.22335
9.59391 8.22335
9.74619 8.22335
9.89848 8.07107
10.203 8.07107
10.3553 7.91878
10.5076 7.91878
10.6599 7.7665
10.9645 7.7665
11.1168 7.61421
11.269 7.46193
11.4213 7.46193
11.5736 7.30964
11.8782 7.15736
12.0305 7.00508
12.1827 6.85279
12.335 6.70051
12.4873 6.54822
12.6396 6.39594
12.7919 6.24365
12.9442 6.09137
13.0964 5.93909
13.0964 5.7868
13.2487 5.63452
13.401 5.48223
13.5533 5.32995
13.7056 5.17766
13.7056 5.02538
13.8579 4.72081
14.0102 4.56853
14.1624 4.41624
14.1624 4.26396
14.3147 4.11168
14.3147 3.80711
14.467 3.65482
14.6193 3.50254
14.6193 3.35025
14.7716 3.19797
14.9239 2.8934
14.9239 2.74112
15.0761 2.58883
15.0761 2.43655
15.2284 2.28426
15.3807 1.9797
15.3807 1.82741
15.533 1.67513
15.533 1.52284
15.6853 1.21827
15.8376 1.06599
15.8376 0.913706
15.8376 0.761421
15.9898 0.456853
15.9898 0.304569
15.9898 0.152284
16.1421 -0.152284
16.1421 -0.304569
16.1421 -0.456853
16.1421 -0.761421
15.9898 -0.913706
15.9898 -1.21827
15.9898 -1.37056
15.8376 -1.52284
15.6853 -1.82741
15.533 -1.9797
15.3807 -2.13198
15.2284 -2.43655
