14.7716 -2.74112
14.7716 -2.8934
14.6193 -3.04569
14.6193 -3.19797
14.6193 -3.35025
14.467 -3.50254
14.467 -3.65482
14.467 -3.80711
14.3147 -3.95939
14.3147 -4.26396
14.1624 -4.41624
14.1624 -4.56853
14.1624 -4.72081
14.0102 -4.8731
14.0102 -5.02538
13.8579 -5.17766
13.8579 -5.32995
13.7056 -5.48223
13.7056 -5.63452
13.5533 -5.7868
13.5533 -5.93909
13.401 -5.93909
13.2487 -6.09137
13.2487 -6.24365
13.0964 -6.39594
13.0964 -6.54822
12.9442 -6.70051
12.7919 -6.85279
12.7919 -7.00508
12.6396 -7.15736
12.6396 -7.15736
12.4873 -7.30964
12.335 -7.46193
12.335 -7.61421
12.1827 -7.7665
12.0305 -7.91878
12.0305 -7.91878
11.8782 -8.07107
11.7259 -8.22335
11.7259 -8.37563
11.5736 -8.37563
11.4213 -8.52792
11.4213 -8.6802
11.269 -8.83249
11.1168 -8.83249
11.1168 -8.98477
10.9645 -9.13706
10.8122 -9.28934
10.6599 -9.28934
10.6599 -9.44162
10.5076 -9.59391
10.3553 -9.59391
10.203 -9.74619
10.203 -9.89848
10.0508 -9.89848
9.89848 -10.0508
9.74619 -10.203
9.59391 -10.3553
9.59391 -10.3553
9.44162 -10.5076
9.28934 -10.5076
9.13706 -10.6599
8.98477 -10.8122
8.83249 -10.8122
8.83249 -10.9645
8.6802 -11.1168
8.52792 -11.1168
8.37563 -11.269
8.22335 -11.4213
8.07107 -11.4213
7.91878 -11.5736
7.7665 -11.5736
7.61421 -11.7259
7.46193 -11.8782
7.30964 -11.8782
7.15736 -12.0305
7.00508 -12.1827
6.85279 -12.1827
6.70051 -12.335
6.54822 -12.335
6.39594 -12.4873
6.24365 -12.4873
6.09137 -12.6396
5.93909 -12.7919
5.7868 -12.7919
5.63452 -12.7919
5.48223 -12.9442
5.32995 -12.9442
5.02538 -13.0964
4.8731 -13.0964
4.72081 -13.2487
4.56853 -13.2487
4.41624 -13.2487
4.11168 -13.2487
3.95939 -13.401
3.80711 -13.401
3.65482 -13.401
3.35025 -13.401
3.19797 -13.401
3.04569 -13.401
2.8934 -13.401
2.58883 -13.401
2.43655 -13.401
2.28426 -13.401
1.9797 -13.401
1.82741 -13.401
1.67513 -13.2487
1.52284 -13.2487
1.21827 -13.2487
1.06599 -13.2487
0.913706 -13.0964
0.761421 -13.0964
0.609137 -13.0964
0.304569 -12.9442
0.152284 -12.9442
0 -12.7919
-0.152284 -12.7919
-0.456853 -12.6396
-0.609137 -12.6396
-0.761421 -12.4873
-0.913706 -12.4873
-1.06599 -12.335
-1.21827 -12.335
-1.52284 -12.1827
-1.67513 -12.0305
-1.82741 -12.0305
-1.9797 -11.8782
-2.13198 -11.7259
-2.28426 -11.7259
-2.43655 -11.5736
-2.58883 -11.4213
-2.8934 -11.4213
-3.04569 -11.269
-3.19797 -11.1168
-3.35025 -10.9645
-3.50254 -10.8122
-3.65482 -10.6599
-3.65482 -10.5076
-3.80711 -10.3553
-3.95939 -10.203
-4.11168 -10.0508
-4.26396 -9.89848
-4.41624 -9.74619
-4.41624 -9.59391
-4.56853 -9.44162
-4.72081 -9.28934
-4.72081 -9.13706
-4.8731 -8.83249
-4.8731 -8.6802
-5.02538 -8.52792
-5.02538 -8.37563
-5.17766 -8.22335
-5.17766 -7.91878
-5.32995 -7.7665
-5.32995 -7.61421
-5.32995 -7.30964
-5.48223 -7.15736
-5.48223 -7.00508
-5.48223 -6.85279
-5.48223 -6.54822
-5.48223 -6.39594
-5.63452 -6.24365
-5.63452 -6.09137
-5.63452 -5.7868
-5.63452 -5.63452
-5.63452 -5.48223
-5.63452 -5.32995
-5.63452 -5.02538
-5.63452 -4.8731
-5.63452 -4.72081
-5.63452 -4.56853
-5.63452 -4.26396
-5.63452 -4.11168
-5.63452 -3.95939
-5.63452 -3.80711
-5.7868 -3.65482
-5.63452 -3.35025
-5.63452 -3.19797
-5.63452 -3.04569
-5.63452 -2.8934
-5.63452 -2.74112
-5.63452 -2.43655
-5.63452 -2.28426
-5.63452 -2.13198
-5.63452 -1.9797
-5.63452 -1.82741
-5.48223 -1.67513
-5.48223 -1.37056
-5.48223 -1.21827
-5.32995 -1.06599
-5.32995 -0.913706
-5.32995 -0.761421
-5.17766 -0.609137
-5.17766 -0.456853
-5.02538 -0.304569
-5.02538 -0.152284
-4.8731 0.152284
-4.8731 0.304569
-4.72081 0.456853
-4.56853 0.609137
-4.56853 0.609137
-4.41624 0.761421
-4.26396 0.913706
-4.26396 1.06599
-4.11168 1.21827
-3.95939 1.37056
-3.80711 1.52284
-3.80711 1.67513
-3.65482 1.82741
-3.50254 1.82741
-3.50254 1.9797
-3.35025 2.13198
-3.19797 2.28426
-3.04569 2.43655
-3.04569 2.58883
-2.8934 2.58883
-2.74112 2.74112
-2.74112 2.8934
-2.58883 3.04569
-2.43655 3.19797
-2.43655 3.35025
-2.28426 3.50254
-2.28426 3.65482
-2.13198 3.65482
-1.9797 3.80711
-1.9797 3.95939
-1.82741 4.11168
-1.67513 4.26396
-1.67513 4.41624
-1.52284 4.56853
-1.37056 4.72081
-1.37056 4.72081
-1.21827 4.8731
-1.06599 5.02538
-0.913706 5.17766
-0.913706 5.32995
-0.761421 5.32995
-0.609137 5.48223
-0.456853 5.63452
-0.304569 5.63452
-0.152284 5.7868
0 5.7868
0.152284 5.93909
0.304569 5.93909
0.456853 6.09137
0.609137 6.09137
0.761421 6.24365
0.913706 6.24365
1.06599 6.24365
1.21827 6.24365
1.37056 6.39594
1.52284 6.39594
1.82741 6.39594
1.9797 6.39594
2.13198 6.54822
2.28426 6.54822
2.43655 6.54822
2.58883 6.54822
2.74112 6.54822
2.8934 6.70051
3.04569 6.70051
3.19797 6.70051
3.35025 6.85279
3.50254 6.85279
3.65482 6.85279
3.80711 7.00508
4.11168 7.00508
4.26396 7.15736
4.41624 7.15736
4.56853 7.30964
4.72081 7.30964
4.8731 7.46193
5.02538 7.46193
5.32995 7.61421
5.48223 7.61421
5.63452 7.7665
5.7868 7.7665
5.93909 7.91878
6.24365 7.91878
6.39594 8.07107
6.54822 8.07107
6.85279 8.07107
7.00508 8.22335
7.15736 8.22335
7.46193 8.22335
7.61421 8.22335
7.91878 8.22335
8.07107 8.22335
8.22335 8.22335
8.52792 8.22335
8.6802 8.22335
8.83249 8.22335
9.13706 8.22335
9.28934 8.07107
9.44162 8.07107
9.74619 8.07107
9.89848 7.91878
10.0508 7.91878
10.203 7.7665
10.5076 7.61421
10.6599 7.61421
10.8122 7.46193
10.9645 7.30964
11.1168 7.30964
11.269 7.15736
11.4213 7.00508
11.5736 6.85279
11.8782 6.70051
12.0305 6.54822
12.0305 6.39594
12.1827 6.24365
12.335 6.09137
12.4873 5.93909
12.6396 5.7868
12.7919 5.63452
12.9442 5.48223
13.0964 5.32995
13.2487 5.17766
13.2487 5.02538
13.401 4.8731
13.5533 4.72081
13.7056 4.56853
13.8579 4.41624
13.8579 4.26396
14.0102 4.11168
14.1624 3.95939
14.3147 3.80711
14.3147 3.50254
14.467 3.35025
14.6193 3.19797
14.6193 3.04569
14.7716 2.8934
14.9239 2.74112
14.9239 2.58883
15.0761 2.43655
15.2284 2.13198
15.2284 1.9797
15.3807 1.82741
15.3807 1.67513
15.533 1.52284
15.6853 1.21827
15.6853 1.06599
15.8376 0.913706
15.8376 0.761421
15.9898 0.609137
15.9898 0.304569
15.9898 0.152284
15.9898 0
16.1421 -0.304569
16.1421 -0.456853
16.1421 -0.609137
15.9898 -0.913706
15.9898 -1.06599
15.9898 -1.37056
15.8376 -1.52284
15.6853 -1.67513
15.6853 -1.9797
15.533 -2.13198
15.2284 -2.28426
15.0761 -2.43655
