10.0508 -2.28426
10.203 -2.43655
10.3553 -2.58883
10.5076 -2.74112
10.6599 -2.8934
10.8122 -3.19797
10.8122 -3.35025
10.9645 -3.50254
10.9645 -3.65482
10.9645 -3.80711
10.9645 -4.11168
10.9645 -4.26396
10.9645 -4.41624
10.9645 -4.56853
10.9645 -4.72081
10.9645 -4.8731
10.9645 -5.02538
10.8122 -5.32995
10.8122 -5.48223
10.8122 -5.63452
10.6599 -5.7868
10.6599 -5.93909
10.5076 -6.09137
10.5076 -6.24365
10.3553 -6.39594
10.3553 -6.54822
10.203 -6.70051
10.203 -6.85279
10.0508 -7.00508
10.0508 -7.15736
9.89848 -7.30964
9.89848 -7.46193
9.74619 -7.61421
9.59391 -7.7665
9.59391 -7.91878
9.44162 -8.22335
9.44162 -8.37563
9.28934 -8.52792
9.13706 -8.6802
9.13706 -8.6802
8.98477 -8.83249
8.83249 -8.98477
8.83249 -9.13706
8.6802 -9.28934
8.52792 -9.44162
8.52792 -9.59391
8.37563 -9.74619
8.22335 -9.89848
8.07107 -10.0508
7.91878 -10.203
7.7665 -10.3553
7.7665 -10.3553
7.61421 -10.5076
7.46193 -10.6599
7.30964 -10.8122
7.15736 -10.9645
7.00508 -10.9645
6.85279 -11.1168
6.70051 -11.269
6.54822 -11.269
6.39594 -11.4213
6.24365 -11.5736
6.09137 -11.5736
5.93909 -11.7259
5.7868 -11.7259
5.63452 -11.8782
5.32995 -11.8782
5.17766 -11.8782
5.02538 -12.0305
4.8731 -12.0305
4.72081 -12.0305
4.56853 -12.0305
4.26396 -12.1827
4.11168 -12.1827
3.95939 -12.1827
3.80711 -12.1827
3.65482 -12.1827
3.35025 -12.1827
3.19797 -12.1827
3.04569 -12.0305
2.8934 -12.0305
2.74112 -12.0305
2.43655 -12.0305
2.28426 -12.0305
2.13198 -12.0305
1.9797 -11.8782
1.82741 -11.8782
1.67513 -11.8782
1.52284 -11.7259
1.21827 -11.7259
1.06599 -11.7259
0.913706 -11.7259
0.761421 -11.5736
0.609137 -11.5736
0.456853 -11.5736
0.304569 -11.5736
0.152284 -11.5736
0 -11.4213
-0.152284 -11.4213
-0.304569 -11.4213
-0.456853 -11.4213
-0.609137 -11.4213
-0.761421 -11.4213
-0.913706 -11.4213
-1.06599 -11.4213
-1.37056 -11.4213
-1.52284 -11.269
-1.67513 -11.269
-1.82741 -11.269
-1.9797 -11.269
-2.13198 -11.269
-2.28426 -11.269
-2.43655 -11.1168
-2.58883 -11.1168
-2.74112 -11.1168
-2.8934 -11.1168
-3.19797 -10.9645
-3.35025 -10.9645
-3.50254 -10.8122
-3.65482 -10.8122
-3.80711 -10.8122
-3.95939 -10.6599
-4.11168 -10.5076
-4.26396 -10.5076
-4.26396 -10.3553
-4.41624 -10.203
-4.56853 -10.203
-4.72081 -10.0508
-4.8731 -9.89848
-4.8731 -9.74619
-5.02538 -9.59391
-5.17766 -9.59391
-5.32995 -9.44162
-5.32995 -9.28934
-5.48223 -9.13706
-5.48223 -8.98477
-5.63452 -8.83249
-5.63452 -8.6802
-5.7868 -8.52792
-5.7868 -8.37563
-5.93909 -8.22335
-5.93909 -8.07107
-6.09137 -7.91878
-6.09137 -7.7665
-6.09137 -7.61421
-6.24365 -7.46193
-6.24365 -7.30964
-6.24365 -7.15736
-6.24365 -7.00508
-6.39594 -6.85279
-6.39594 -6.70051
-6.39594 -6.39594
-6.39594 -6.24365
-6.39594 -6.09137
-6.54822 -5.93909
-6.54822 -5.7868
-6.54822 -5.63452
-6.54822 -5.48223
-6.54822 -5.32995
-6.54822 -5.17766
-6.54822 -5.17766
-6.54822 -5.02538
-6.70051 -4.8731
-6.70051 -4.72081
-6.70051 -4.56853
-6.70051 -4.41624
-6.70051 -4.26396
-6.70051 -4.11168
-6.70051 -3.95939
-6.70051 -3.80711
-6.85279 -3.65482
-6.85279 -3.50254
-6.85279 -3.35025
-6.85279 -3.35025
-6.85279 -3.19797
-6.85279 -3.04569
-7.00508 -2.8934
-7.00508 -2.74112
-7.00508 -2.58883
-7.00508 -2.43655
-7.00508 -2.28426
-7.00508 -2.13198
-7.15736 -1.9797
-7.15736 -1.82741
-7.15736 -1.67513
-7.15736 -1.52284
-7.15736 -1.37056
-7.15736 -1.21827
-7.15736 -1.06599
-7.15736 -0.913706
-7.15736 -0.761421
-7.15736 -0.609137
-7.15736 -0.456853
-7.15736 -0.304569
-7.15736 -0.304569
-7.15736 -0.152284
-7.15736 0
-7.15736 0.152284
-7.00508 0.304569
-7.00508 0.456853
-7.00508 0.609137
-7.00508 0.761421
-6.85279 0.913706
-6.85279 1.06599
-6.85279 1.21827
-6.85279 1.37056
-6.70051 1.52284
-6.70051 1.67513
-6.70051 1.82741
-6.54822 1.9797
-6.54822 2.13198
-6.54822 2.28426
-6.39594 2.43655
-6.39594 2.58883
-6.24365 2.74112
-6.24365 2.8934
-6.24365 3.04569
-6.09137 3.19797
-6.09137 3.35025
-5.93909 3.50254
-5.93909 3.65482
-5.93909 3.80711
-5.7868 3.95939
-5.7868 4.11168
-5.63452 4.26396
-5.63452 4.41624
-5.48223 4.56853
-5.48223 4.72081
-5.32995 4.8731
-5.32995 5.02538
-5.17766 5.17766
-5.02538 5.32995
-5.02538 5.48223
-4.8731 5.63452
-4.72081 5.7868
-4.72081 5.93909
-4.56853 6.09137
-4.41624 6.24365
-4.26396 6.39594
-4.11168 6.54822
-3.95939 6.54822
-3.80711 6.70051
-3.80711 6.85279
-3.65482 7.00508
-3.50254 7.00508
-3.35025 7.15736
-3.19797 7.30964
-3.04569 7.30964
-2.74112 7.46193
-2.58883 7.46193
-2.43655 7.61421
-2.28426 7.61421
-2.13198 7.7665
-1.9797 7.7665
-1.82741 7.7665
-1.67513 7.91878
-1.37056 7.91878
-1.21827 7.91878
-1.06599 7.91878
-0.913706 8.07107
-0.761421 8.07107
-0.456853 8.07107
-0.304569 8.07107
-0.152284 8.07107
0 8.07107
0.152284 8.07107
0.456853 7.91878
0.609137 7.91878
0.761421 7.91878
0.913706 7.91878
1.06599 7.91878
1.37056 7.7665
1.52284 7.7665
1.67513 7.7665
1.82741 7.61421
1.9797 7.61421
2.13198 7.61421
2.28426 7.46193
2.43655 7.46193
2.58883 7.30964
2.74112 7.30964
2.8934 7.15736
3.04569 7.15736
3.19797 7.00508
3.35025 6.85279
3.50254 6.85279
3.65482 6.70051
3.80711 6.70051
3.95939 6.54822
4.11168 6.39594
4.26396 6.39594
4.41624 6.24365
4.56853 6.24365
4.72081 6.09137
4.8731 5.93909
4.8731 5.93909
5.02538 5.7868
5.17766 5.63452
5.32995 5.63452
5.48223 5.48223
5.48223 5.32995
5.63452 5.17766
5.7868 5.17766
5.93909 5.02538
5.93909 4.8731
6.09137 4.8731
6.24365 4.72081
6.24365 4.56853
6.39594 4.41624
6.54822 4.41624
6.54822 4.26396
6.70051 4.11168
6.85279 3.95939
6.85279 3.80711
7.00508 3.80711
7.00508 3.65482
7.15736 3.50254
7.15736 3.35025
7.30964 3.19797
7.30964 3.19797
7.46193 3.04569
7.46193 2.8934
7.61421 2.74112
7.61421 2.58883
7.7665 2.43655
7.7665 2.43655
7.91878 2.28426
7.91878 2.13198
7.91878 1.9797
8.07107 1.82741
8.07107 1.67513
8.22335 1.67513
8.22335 1.52284
8.22335 1.37056
8.37563 1.21827
8.37563 1.06599
8.37563 0.913706
8.52792 0.761421
8.52792 0.761421
8.6802 0.609137
8.6802 0.456853
8.6802 0.304569
8.83249 0.152284
8.83249 0
8.83249 0
8.98477 -0.152284
8.98477 -0.304569
8.98477 -0.456853
9.13706 -0.609137
9.13706 -0.761421
9.28934 -0.913706
9.28934 -1.06599
9.44162 -1.06599
9.44162 -1.21827
9.59391 -1.37056
9.59391 -1.52284
9.74619 -1.67513
9.74619 -1.82741
9.89848 -1.9797
9.89848 -2.13198
