16.1421 -2.74112
15.9898 -3.04569
15.8376 -3.19797
15.6853 -3.35025
15.533 -3.50254
15.3807 -3.65482
15.2284 -3.80711
15.2284 -3.95939
15.0761 -4.11168
14.9239 -4.26396
14.7716 -4.41624
14.7716 -4.56853
14.6193 -4.72081
14.467 -4.8731
14.467 -5.02538
14.3147 -5.17766
14.1624 -5.32995
14.1624 -5.48223
14.0102 -5.63452
13.8579 -5.7868
13.8579 -5.93909
13.7056 -6.09137
13.7056 -6.24365
13.5533 -6.39594
13.5533 -6.54822
13.401 -6.54822
13.2487 -6.70051
13.2487 -6.85279
13.0964 -7.00508
13.0964 -7.15736
12.9442 -7.30964
12.7919 -7.30964
12.7919 -7.46193
12.6396 -7.61421
12.6396 -7.7665
12.4873 -7.91878
12.335 -8.07107
12.335 -8.07107
12.1827 -8.22335
12.0305 -8.37563
12.0305 -8.52792
11.8782 -8.52792
11.7259 -8.6802
11.7259 -8.83249
11.5736 -8.98477
11.4213 -9.13706
11.4213 -9.13706
11.269 -9.28934
11.1168 -9.44162
11.1168 -9.44162
10.9645 -9.59391
10.8122 -9.74619
10.6599 -9.89848
10.6599 -9.89848
10.5076 -10.0508
10.3553 -10.203
10.203 -10.203
10.0508 -10.3553
10.0508 -10.5076
9.89848 -10.5076
9.74619 -10.6599
9.59391 -10.8122
9.44162 -10.8122
9.28934 -10.9645
9.28934 -10.9645
9.13706 -11.1168
8.98477 -11.269
8.83249 -11.269
8.6802 -11.4213
8.52792 -11.5736
8.37563 -11.5736
8.22335 -11.7259
8.07107 -11.7259
7.91878 -11.8782
7.7665 -12.0305
7.61421 -12.0305
7.46193 -12.1827
7.30964 -12.1827
7.15736 -12.335
7.00508 -12.4873
6.85279 -12.4873
6.70051 -12.6396
6.54822 -12.6396
6.39594 -12.7919
6.24365 -12.7919
6.09137 -12.9442
5.93909 -12.9442
5.7868 -13.0964
5.63452 -13.0964
5.32995 -13.2487
5.17766 -13.2487
5.02538 -13.2487
4.8731 -13.401
4.56853 -13.401
4.41624 -13.401
4.26396 -13.401
4.11168 -13.5533
3.80711 -13.5533
3.65482 -13.5533
3.50254 -13.5533
3.35025 -13.5533
3.04569 -13.5533
2.8934 -13.5533
2.74112 -13.5533
2.58883 -13.5533
2.28426 -13.5533
2.13198 -13.401
1.9797 -13.401
1.67513 -13.401
1.52284 -13.401
1.37056 -13.2487
1.21827 -13.2487
0.913706 -13.2487
0.761421 -13.0964
0.609137 -13.0964
0.456853 -13.0964
0.304569 -12.9442
0 -12.9442
-0.152284 -12.7919
-0.304569 -12.7919
-0.456853 -12.6396
-0.609137 -12.4873
-0.913706 -12.4873
-1.06599 -12.335
-1.21827 -12.335
-1.37056 -12.1827
-1.52284 -12.0305
-1.67513 -12.0305
-1.82741 -11.8782
-1.9797 -11.7259
-2.13198 -11.5736
-2.43655 -11.4213
-2.58883 -11.4213
-2.74112 -11.269
-2.8934 -11.1168
-3.04569 -10.9645
-3.04569 -10.8122
-3.19797 -10.6599
-3.35025 -10.5076
-3.50254 -10.3553
-3.65482 -10.203
-3.80711 -10.0508
-3.95939 -9.89848
-3.95939 -9.74619
-4.11168 -9.59391
-4.26396 -9.44162
-4.26396 -9.13706
-4.41624 -8.98477
-4.41624 -8.83249
-4.56853 -8.6802
-4.72081 -8.52792
-4.72081 -8.22335
-4.72081 -8.07107
-4.8731 -7.91878
-4.8731 -7.7665
-5.02538 -7.46193
-5.02538 -7.30964
-5.02538 -7.15736
-5.02538 -7.00508
-5.17766 -6.70051
-5.17766 -6.54822
-5.17766 -6.39594
-5.17766 -6.24365
-5.17766 -5.93909
-5.32995 -5.7868
-5.32995 -5.63452
-5.32995 -5.48223
-5.32995 -5.17766
-5.32995 -5.02538
-5.32995 -4.8731
-5.32995 -4.72081
-5.32995 -4.41624
-5.32995 -4.26396
-5.32995 -4.11168
-5.32995 -3.95939
-5.32995 -3.65482
-5.32995 -3.50254
-5.32995 -3.35025
-5.32995 -3.19797
-5.32995 -2.8934
-5.32995 -2.74112
-5.32995 -2.58883
-5.17766 -2.43655
-5.17766 -2.28426
-5.17766 -2.13198
-5.17766 -1.82741
-5.17766 -1.67513
-5.02538 -1.52284
-5.02538 -1.37056
-5.02538 -1.21827
-4.8731 -1.06599
-4.8731 -0.761421
-4.72081 -0.609137
-4.72081 -0.456853
-4.56853 -0.304569
-4.56853 -0.152284
-4.41624 0
-4.41624 0.152284
-4.26396 0.304569
-4.26396 0.456853
-4.11168 0.609137
-3.95939 0.761421
-3.95939 0.913706
-3.80711 1.06599
-3.65482 1.21827
-3.65482 1.37056
-3.50254 1.52284
-3.35025 1.52284
-3.35025 1.67513
-3.19797 1.82741
-3.04569 1.9797
-2.8934 2.13198
-2.8934 2.28426
-2.74112 2.43655
-2.58883 2.43655
-2.58883 2.58883
-2.43655 2.74112
-2.28426 2.8934
-2.28426 3.04569
-2.13198 3.19797
-1.9797 3.35025
-1.9797 3.35025
-1.82741 3.50254
-1.67513 3.65482
-1.67513 3.80711
-1.52284 3.95939
-1.37056 4.11168
-1.21827 4.11168
-1.21827 4.26396
-1.06599 4.41624
-0.913706 4.56853
-0.761421 4.72081
-0.761421 4.72081
-0.609137 4.8731
-0.456853 5.02538
-0.304569 5.02538
-0.152284 5.17766
0 5.32995
0.152284 5.32995
0.304569 5.48223
0.456853 5.48223
0.609137 5.63452
0.761421 5.63452
0.913706 5.7868
1.06599 5.7868
1.21827 5.93909
1.37056 5.93909
1.52284 5.93909
1.67513 5.93909
1.82741 6.09137
1.9797 6.09137
2.13198 6.09137
2.28426 6.09137
2.43655 6.24365
2.58883 6.24365
2.74112 6.24365
2.8934 6.24365
3.04569 6.39594
3.19797 6.39594
3.35025 6.39594
3.50254 6.39594
3.65482 6.54822
3.95939 6.54822
4.11168 6.70051
4.26396 6.70051
4.41624 6.70051
4.56853 6.85279
4.72081 6.85279
4.8731 7.00508
5.02538 7.15736
5.17766 7.15736
5.32995 7.30964
5.48223 7.30964
5.7868 7.46193
5.93909 7.61421
6.09137 7.61421
6.24365 7.7665
6.54822 7.7665
6.70051 7.91878
6.85279 7.91878
7.15736 8.07107
7.30964 8.07107
7.46193 8.22335
7.7665 8.22335
7.91878 8.22335
8.22335 8.22335
8.37563 8.22335
8.52792 8.22335
8.83249 8.22335
8.98477 8.22335
9.28934 8.22335
9.44162 8.22335
9.59391 8.22335
9.89848 8.07107
10.0508 8.07107
10.203 7.91878
10.3553 7.91878
10.6599 7.7665
10.8122 7.7665
10.9645 7.61421
11.1168 7.46193
11.269 7.30964
11.4213 7.30964
11.5736 7.15736
11.7259 7.00508
11.8782 6.85279
12.0305 6.70051
12.1827 6.54822
12.335 6.39594
12.4873 6.24365
12.6396 6.09137
12.7919 5.93909
12.9442 5.7868
12.9442 5.63452
13.0964 5.48223
13.2487 5.32995
13.401 5.02538
13.5533 4.8731
13.5533 4.72081
13.7056 4.56853
13.8579 4.41624
13.8579 4.26396
14.0102 4.11168
14.1624 3.95939
14.1624 3.80711
14.3147 3.50254
14.3147 3.35025
14.467 3.19797
14.467 3.04569
14.6193 2.8934
14.7716 2.74112
14.7716 2.58883
14.9239 2.28426
14.9239 2.13198
15.0761 1.9797
15.0761 1.82741
15.2284 1.67513
15.2284 1.52284
15.3807 1.37056
15.3807 1.21827
15.533 0.913706
15.533 0.761421
15.6853 0.609137
15.6853 0.456853
15.8376 0.304569
15.8376 0.152284
15.9898 -0.152284
15.9898 -0.304569
15.9898 -0.456853
16.1421 -0.609137
16.1421 -0.913706
16.1421 -1.06599
16.1421 -1.21827
16.1421 -1.37056
16.2944 -1.67513
16.2944 -1.82741
16.1421 -1.9797
16.1421 -2.28426
16.1421 -2.43655
16.1421 -2.58883
