16.4467 -2.13198
16.2944 -2.28426
16.2944 -2.43655
16.2944 -2.74112
16.1421 -2.8934
16.1421 -3.04569
15.9898 -3.19797
15.9898 -3.35025
15.8376 -3.50254
15.8376 -3.80711
15.6853 -3.95939
15.6853 -4.11168
15.533 -4.26396
15.3807 -4.41624
15.3807 -4.56853
15.2284 -4.72081
15.2284 -4.8731
15.0761 -5.02538
14.9239 -5.17766
14.9239 -5.32995
14.7716 -5.48223
14.6193 -5.63452
14.467 -5.7868
14.467 -5.93909
14.3147 -6.09137
14.1624 -6.24365
14.1624 -6.24365
14.0102 -6.39594
13.8579 -6.54822
13.8579 -6.70051
13.7056 -6.85279
13.5533 -7.00508
13.401 -7.00508
13.401 -7.15736
13.2487 -7.30964
13.0964 -7.46193
13.0964 -7.61421
12.9442 -7.7665
12.7919 -7.7665
12.6396 -7.91878
12.6396 -8.07107
12.4873 -8.22335
12.335 -8.22335
12.1827 -8.37563
12.1827 -8.52792
12.0305 -8.6802
11.8782 -8.6802
11.8782 -8.83249
11.7259 -8.98477
11.5736 -9.13706
11.4213 -9.28934
11.4213 -9.28934
11.269 -9.44162
11.1168 -9.59391
10.9645 -9.74619
10.9645 -9.74619
10.8122 -9.89848
10.6599 -10.0508
10.5076 -10.203
10.3553 -10.203
10.203 -10.3553
10.203 -10.5076
10.0508 -10.6599
9.89848 -10.6599
9.74619 -10.8122
9.59391 -10.9645
9.44162 -10.9645
9.28934 -11.1168
9.13706 -11.269
8.98477 -11.269
8.83249 -11.4213
8.6802 -11.5736
8.52792 -11.5736
8.37563 -11.7259
8.22335 -11.8782
8.07107 -11.8782
7.91878 -12.0305
7.7665 -12.0305
7.61421 -12.1827
7.46193 -12.1827
7.30964 -12.335
7.15736 -12.335
7.00508 -12.4873
6.85279 -12.4873
6.54822 -12.4873
6.39594 -12.6396
6.24365 -12.6396
6.09137 -12.6396
5.93909 -12.7919
5.63452 -12.7919
5.48223 -12.7919
5.32995 -12.7919
5.17766 -12.7919
4.8731 -12.9442
4.72081 -12.9442
4.56853 -12.9442
4.41624 -12.9442
4.11168 -12.9442
3.95939 -12.9442
3.80711 -12.9442
3.65482 -12.9442
3.35025 -12.7919
3.19797 -12.7919
3.04569 -12.7919
2.8934 -12.7919
2.74112 -12.7919
2.43655 -12.6396
2.28426 -12.6396
2.13198 -12.6396
1.9797 -12.4873
1.67513 -12.4873
1.52284 -12.335
1.37056 -12.335
1.21827 -12.335
1.06599 -12.1827
0.913706 -12.1827
0.609137 -12.0305
0.456853 -11.8782
0.304569 -11.8782
0.152284 -11.7259
0 -11.7259
-0.152284 -11.5736
-0.304569 -11.4213
-0.456853 -11.4213
-0.609137 -11.269
-0.761421 -11.1168
-1.06599 -11.1168
-1.21827 -10.9645
-1.37056 -10.8122
-1.52284 -10.6599
-1.67513 -10.6599
-1.82741 -10.5076
-1.9797 -10.3553
-1.9797 -10.203
-2.13198 -10.0508
-2.28426 -9.89848
-2.43655 -9.74619
-2.58883 -9.74619
-2.74112 -9.59391
-2.8934 -9.44162
-2.8934 -9.28934
-3.04569 -9.13706
-3.19797 -8.98477
-3.35025 -8.83249
-3.35025 -8.52792
-3.50254 -8.37563
-3.65482 -8.22335
-3.65482 -8.07107
-3.80711 -7.91878
-3.80711 -7.7665
-3.95939 -7.61421
-3.95939 -7.46193
-4.11168 -7.15736
-4.11168 -7.00508
-4.26396 -6.85279
-4.26396 -6.70051
-4.26396 -6.54822
-4.41624 -6.24365
-4.41624 -6.09137
-4.41624 -5.93909
-4.56853 -5.7868
-4.56853 -5.63452
-4.56853 -5.32995
-4.56853 -5.17766
-4.56853 -5.02538
-4.56853 -4.8731
-4.72081 -4.72081
-4.72081 -4.41624
-4.72081 -4.26396
-4.72081 -4.11168
-4.72081 -3.95939
-4.72081 -3.80711
-4.72081 -3.50254
-4.72081 -3.35025
-4.72081 -3.19797
-4.72081 -3.04569
-4.72081 -2.8934
-4.56853 -2.58883
-4.56853 -2.43655
-4.56853 -2.28426
-4.56853 -2.13198
-4.56853 -1.9797
-4.56853 -1.82741
-4.41624 -1.52284
-4.41624 -1.37056
-4.41624 -1.21827
-4.41624 -1.06599
-4.26396 -0.913706
-4.26396 -0.761421
-4.26396 -0.609137
-4.11168 -0.456853
-4.11168 -0.304569
-4.11168 -0.152284
-3.95939 0.152284
-3.95939 0.304569
-3.80711 0.456853
-3.80711 0.609137
-3.65482 0.761421
-3.65482 0.913706
-3.50254 1.06599
-3.50254 1.21827
-3.35025 1.37056
-3.35025 1.52284
-3.19797 1.52284
-3.19797 1.67513
-3.04569 1.82741
-3.04569 1.9797
-2.8934 2.13198
-2.74112 2.28426
-2.74112 2.43655
-2.58883 2.58883
-2.43655 2.74112
-2.43655 2.8934
-2.28426 2.8934
-2.13198 3.04569
-2.13198 3.19797
-1.9797 3.35025
-1.82741 3.50254
-1.82741 3.50254
-1.67513 3.65482
-1.52284 3.80711
-1.37056 3.95939
-1.37056 4.11168
-1.21827 4.11168
-1.06599 4.26396
-0.913706 4.41624
-0.913706 4.56853
-0.761421 4.56853
-0.609137 4.72081
-0.456853 4.8731
-0.456853 4.8731
-0.304569 5.02538
-0.152284 5.17766
0 5.17766
0.152284 5.32995
0.152284 5.48223
0.304569 5.48223
0.456853 5.63452
0.609137 5.7868
0.761421 5.7868
0.913706 5.93909
1.06599 6.09137
1.06599 6.09137
1.21827 6.24365
1.37056 6.24365
1.52284 6.39594
1.67513 6.54822
1.82741 6.54822
1.9797 6.70051
2.13198 6.70051
2.28426 6.85279
2.43655 6.85279
2.58883 7.00508
2.74112 7.15736
2.8934 7.15736
3.04569 7.30964
3.19797 7.30964
3.35025 7.46193
3.50254 7.61421
3.65482 7.61421
3.80711 7.7665
3.95939 7.91878
4.11168 7.91878
4.26396 8.07107
4.41624 8.22335
4.56853 8.22335
4.72081 8.37563
5.02538 8.52792
5.17766 8.52792
5.32995 8.6802
5.48223 8.83249
5.63452 8.83249
5.93909 8.98477
6.09137 8.98477
6.24365 9.13706
6.54822 9.28934
6.70051 9.28934
6.85279 9.44162
7.15736 9.44162
7.30964 9.44162
7.61421 9.59391
7.7665 9.59391
8.07107 9.59391
8.22335 9.59391
8.37563 9.59391
8.6802 9.59391
8.83249 9.59391
9.13706 9.59391
9.28934 9.44162
9.44162 9.44162
9.74619 9.28934
9.89848 9.28934
10.0508 9.13706
10.203 8.98477
10.3553 8.98477
10.6599 8.83249
10.8122 8.6802
10.9645 8.52792
11.1168 8.37563
11.269 8.22335
11.4213 8.07107
11.5736 7.91878
11.7259 7.7665
11.8782 7.61421
11.8782 7.46193
12.0305 7.30964
12.1827 7.00508
12.335 6.85279
12.4873 6.70051
12.4873 6.54822
12.6396 6.39594
12.7919 6.24365
12.9442 6.09137
13.0964 5.93909
13.0964 5.7868
13.2487 5.63452
13.401 5.48223
13.5533 5.32995
13.7056 5.17766
13.8579 5.02538
13.8579 4.8731
14.0102 4.72081
14.1624 4.72081
14.3147 4.56853
14.467 4.41624
14.6193 4.26396
14.7716 4.11168
14.7716 3.95939
14.9239 3.80711
15.0761 3.65482
15.2284 3.50254
15.3807 3.35025
15.3807 3.19797
15.533 3.04569
15.6853 2.8934
15.6853 2.58883
15.8376 2.43655
15.9898 2.28426
15.9898 2.13198
16.1421 1.9797
16.1421 1.82741
16.2944 1.52284
16.2944 1.37056
16.2944 1.21827
16.4467 1.06599
16.4467 0.761421
16.4467 0.609137
16.599 0.456853
16.599 0.304569
16.599 0
16.599 -0.152284
16.599 -0.304569
16.599 -0.609137
16.599 -0.761421
16.599 -0.913706
16.599 -1.21827
16.599 -1.37056
16.599 -1.52284
16.599 -1.67513
16.599 -1.9797
