16.4467 -1.21827
16.4467 -1.37056
16.2944 -1.52284
16.2944 -1.67513
16.1421 -1.82741
16.1421 -1.9797
15.9898 -2.13198
15.9898 -2.28426
15.9898 -2.58883
15.8376 -2.74112
15.8376 -2.8934
15.6853 -3.04569
15.6853 -3.19797
15.533 -3.35025
15.533 -3.50254
15.3807 -3.65482
15.3807 -3.80711
15.2284 -3.95939
15.2284 -4.11168
15.2284 -4.26396
15.0761 -4.41624
15.0761 -4.56853
14.9239 -4.72081
14.7716 -4.8731
14.7716 -5.02538
14.6193 -5.17766
14.6193 -5.32995
14.467 -5.32995
14.467 -5.48223
14.3147 -5.63452
14.1624 -5.7868
14.1624 -5.93909
14.0102 -6.09137
14.0102 -6.24365
13.8579 -6.39594
13.7056 -6.39594
13.7056 -6.54822
13.5533 -6.70051
13.401 -6.85279
13.2487 -7.00508
13.2487 -7.00508
13.0964 -7.15736
12.9442 -7.30964
12.9442 -7.46193
12.7919 -7.61421
12.6396 -7.61421
12.6396 -7.7665
12.4873 -7.91878
12.335 -8.07107
12.1827 -8.07107
12.1827 -8.22335
12.0305 -8.37563
11.8782 -8.52792
11.7259 -8.52792
11.5736 -8.6802
11.5736 -8.83249
11.4213 -8.98477
11.269 -8.98477
11.1168 -9.13706
10.9645 -9.28934
10.9645 -9.44162
10.8122 -9.44162
10.6599 -9.59391
10.5076 -9.74619
10.3553 -9.89848
10.203 -9.89848
10.0508 -10.0508
9.89848 -10.203
9.89848 -10.203
9.74619 -10.3553
9.59391 -10.5076
9.44162 -10.5076
9.28934 -10.6599
9.13706 -10.8122
8.98477 -10.8122
8.83249 -10.9645
8.6802 -11.1168
8.52792 -11.1168
8.37563 -11.269
8.07107 -11.4213
7.91878 -11.4213
7.7665 -11.5736
7.61421 -11.5736
7.46193 -11.7259
7.30964 -11.8782
7.15736 -11.8782
6.85279 -12.0305
6.70051 -12.0305
6.54822 -12.0305
6.39594 -12.1827
6.09137 -12.1827
5.93909 -12.1827
5.7868 -12.335
5.63452 -12.335
5.32995 -12.335
5.17766 -12.335
5.02538 -12.335
4.72081 -12.4873
4.56853 -12.4873
4.41624 -12.4873
4.11168 -12.4873
3.95939 -12.335
3.80711 -12.335
3.50254 -12.335
3.35025 -12.335
3.19797 -12.335
2.8934 -12.1827
2.74112 -12.1827
2.58883 -12.1827
2.43655 -12.1827
2.13198 -12.0305
1.9797 -12.0305
1.82741 -11.8782
1.67513 -11.8782
1.37056 -11.7259
1.21827 -11.7259
1.06599 -11.5736
0.913706 -11.5736
0.609137 -11.4213
0.456853 -11.4213
0.304569 -11.269
0.152284 -11.1168
0 -11.1168
-0.304569 -10.9645
-0.456853 -10.8122
-0.609137 -10.8122
-0.761421 -10.6599
-0.913706 -10.5076
-1.06599 -10.5076
-1.21827 -10.3553
-1.52284 -10.203
-1.67513 -10.0508
-1.82741 -9.89848
-1.9797 -9.74619
-2.13198 -9.74619
-2.28426 -9.59391
-2.43655 -9.44162
-2.58883 -9.28934
-2.74112 -9.13706
-2.8934 -8.98477
-3.04569 -8.83249
-3.04569 -8.6802
-3.19797 -8.52792
-3.35025 -8.37563
-3.50254 -8.07107
-3.65482 -7.91878
-3.65482 -7.7665
-3.80711 -7.61421
-3.95939 -7.46193
-3.95939 -7.30964
-4.11168 -7.00508
-4.11168 -6.85279
-4.26396 -6.70051
-4.26396 -6.54822
-4.41624 -6.24365
-4.41624 -6.09137
-4.56853 -5.93909
-4.56853 -5.63452
-4.56853 -5.48223
-4.72081 -5.32995
-4.72081 -5.17766
-4.72081 -4.8731
-4.72081 -4.72081
-4.8731 -4.56853
-4.8731 -4.26396
-4.8731 -4.11168
-4.8731 -3.95939
-4.8731 -3.65482
-4.8731 -3.50254
-4.8731 -3.35025
-4.8731 -3.04569
-4.8731 -2.8934
-4.8731 -2.74112
-4.8731 -2.43655
-4.8731 -2.28426
-4.8731 -2.13198
-4.8731 -1.9797
-4.8731 -1.67513
-4.72081 -1.52284
-4.72081 -1.37056
-4.72081 -1.21827
-4.72081 -0.913706
-4.56853 -0.761421
-4.56853 -0.609137
-4.56853 -0.456853
-4.41624 -0.152284
-4.41624 0
-4.41624 0.152284
-4.26396 0.304569
-4.26396 0.456853
-4.11168 0.609137
-4.11168 0.913706
-3.95939 1.06599
-3.95939 1.21827
-3.80711 1.37056
-3.80711 1.52284
-3.65482 1.67513
-3.65482 1.82741
-3.50254 1.9797
-3.50254 2.13198
-3.35025 2.28426
-3.19797 2.43655
-3.19797 2.58883
-3.04569 2.74112
-2.8934 2.8934
-2.8934 3.04569
-2.74112 3.19797
-2.58883 3.35025
-2.43655 3.50254
-2.43655 3.65482
-2.28426 3.65482
-2.13198 3.80711
-1.9797 3.95939
-1.9797 4.11168
-1.82741 4.26396
-1.67513 4.26396
-1.52284 4.41624
-1.37056 4.56853
-1.21827 4.72081
-1.21827 4.72081
-1.06599 4.8731
-0.913706 5.02538
-0.761421 5.02538
-0.609137 5.17766
-0.456853 5.17766
-0.304569 5.32995
-0.152284 5.48223
0 5.48223
0 5.63452
0.152284 5.63452
0.304569 5.7868
0.456853 5.93909
0.609137 5.93909
0.761421 6.09137
0.913706 6.09137
1.06599 6.24365
1.06599 6.24365
1.21827 6.39594
1.37056 6.39594
1.52284 6.54822
1.67513 6.70051
1.82741 6.70051
1.9797 6.85279
1.9797 6.85279
2.13198 7.00508
2.28426 7.15736
2.43655 7.15736
2.58883 7.30964
2.74112 7.46193
2.8934 7.46193
2.8934 7.61421
3.04569 7.7665
3.19797 7.7665
3.35025 7.91878
3.50254 8.07107
3.65482 8.07107
3.80711 8.22335
3.95939 8.37563
4.11168 8.37563
4.26396 8.52792
4.41624 8.6802
4.56853 8.6802
4.72081 8.83249
4.8731 8.83249
5.02538 8.98477
5.17766 9.13706
5.48223 9.13706
5.63452 9.28934
5.7868 9.28934
5.93909 9.44162
6.09137 9.44162
6.39594 9.59391
6.54822 9.59391
6.70051 9.74619
6.85279 9.74619
7.15736 9.89848
7.30964 9.89848
7.46193 9.89848
7.7665 9.89848
7.91878 9.89848
8.07107 10.0508
8.37563 10.0508
8.52792 10.0508
8.6802 10.0508
8.98477 10.0508
9.13706 9.89848
9.28934 9.89848
9.59391 9.89848
9.74619 9.89848
9.89848 9.74619
10.0508 9.74619
10.3553 9.59391
10.5076 9.59391
10.6599 9.44162
10.8122 9.28934
10.9645 9.28934
11.1168 9.13706
11.269 8.98477
11.4213 8.83249
11.5736 8.83249
11.7259 8.6802
11.8782 8.52792
12.0305 8.37563
12.1827 8.22335
12.335 8.07107
12.4873 7.91878
12.6396 7.7665
12.7919 7.61421
12.9442 7.46193
12.9442 7.30964
13.0964 7.15736
13.2487 7.00508
13.401 6.85279
13.5533 6.70051
13.5533 6.54822
13.7056 6.39594
13.8579 6.24365
14.0102 6.09137
14.1624 5.93909
14.1624 5.93909
14.3147 5.7868
14.467 5.63452
14.6193 5.48223
14.6193 5.32995
14.7716 5.17766
14.9239 5.02538
14.9239 4.8731
15.0761 4.72081
15.2284 4.56853
15.2284 4.26396
15.3807 4.11168
15.3807 3.95939
15.533 3.80711
15.533 3.65482
15.6853 3.50254
15.6853 3.35025
15.8376 3.19797
15.8376 3.04569
15.9898 2.74112
15.9898 2.58883
15.9898 2.43655
15.9898 2.28426
16.1421 2.13198
16.1421 1.82741
16.1421 1.67513
16.1421 1.52284
16.1421 1.37056
16.1421 1.21827
16.2944 1.06599
16.2944 0.761421
16.2944 0.609137
16.2944 0.456853
16.2944 0.304569
16.2944 0.152284
16.2944 0
16.2944 -0.304569
16.4467 -0.456853
16.4467 -0.609137
16.4467 -0.761421
16.4467 -0.913706
