16.1421 -1.52284
16.1421 -1.67513
16.1421 -1.82741
15.9898 -1.9797
15.9898 -2.13198
15.9898 -2.43655
15.9898 -2.58883
15.8376 -2.74112
15.8376 -2.8934
15.6853 -3.04569
15.6853 -3.19797
15.533 -3.35025
15.533 -3.50254
15.3807 -3.80711
15.3807 -3.95939
15.2284 -4.11168
15.2284 -4.26396
15.0761 -4.41624
14.9239 -4.56853
14.9239 -4.72081
14.7716 -4.8731
14.6193 -5.02538
14.6193 -5.02538
14.467 -5.17766
14.467 -5.32995
14.3147 -5.48223
14.1624 -5.63452
14.1624 -5.7868
14.0102 -5.93909
13.8579 -6.09137
13.8579 -6.24365
13.7056 -6.39594
13.5533 -6.39594
13.5533 -6.54822
13.401 -6.70051
13.2487 -6.85279
13.2487 -7.00508
13.0964 -7.15736
12.9442 -7.15736
12.9442 -7.30964
12.7919 -7.46193
12.6396 -7.61421
12.4873 -7.7665
12.4873 -7.91878
12.335 -7.91878
12.1827 -8.07107
12.1827 -8.22335
12.0305 -8.37563
11.8782 -8.37563
11.7259 -8.52792
11.7259 -8.6802
11.5736 -8.83249
11.4213 -8.98477
11.269 -8.98477
11.1168 -9.13706
11.1168 -9.28934
10.9645 -9.44162
10.8122 -9.44162
10.6599 -9.59391
10.5076 -9.74619
10.3553 -9.74619
10.3553 -9.89848
10.203 -10.0508
10.0508 -10.0508
9.89848 -10.203
9.74619 -10.3553
9.59391 -10.3553
9.44162 -10.5076
9.28934 -10.6599
9.13706 -10.6599
8.98477 -10.8122
8.83249 -10.9645
8.6802 -10.9645
8.52792 -11.1168
8.37563 -11.1168
8.22335 -11.269
8.07107 -11.4213
7.91878 -11.4213
7.7665 -11.5736
7.61421 -11.5736
7.46193 -11.7259
7.30964 -11.7259
7.00508 -11.8782
6.85279 -11.8782
6.70051 -11.8782
6.54822 -12.0305
6.39594 -12.0305
6.09137 -12.0305
5.93909 -12.1827
5.7868 -12.1827
5.63452 -12.1827
5.48223 -12.1827
5.17766 -12.1827
5.02538 -12.335
4.8731 -12.335
4.72081 -12.335
4.41624 -12.335
4.26396 -12.335
4.11168 -12.335
3.95939 -12.1827
3.65482 -12.1827
3.50254 -12.1827
3.35025 -12.1827
3.19797 -12.1827
2.8934 -12.0305
2.74112 -12.0305
2.58883 -12.0305
2.43655 -11.8782
2.28426 -11.8782
1.9797 -11.8782
1.82741 -11.7259
1.67513 -11.7259
1.52284 -11.5736
1.37056 -11.5736
1.21827 -11.4213
0.913706 -11.4213
0.761421 -11.269
0.609137 -11.269
0.456853 -11.1168
0.304569 -11.1168
0.152284 -10.9645
0 -10.9645
-0.152284 -10.8122
-0.456853 -10.6599
-0.609137 -10.6599
-0.761421 -10.5076
-0.913706 -10.3553
-1.06599 -10.3553
-1.21827 -10.203
-1.37056 -10.0508
-1.52284 -10.0508
-1.67513 -9.89848
-1.82741 -9.74619
-1.9797 -9.59391
-2.13198 -9.59391
-2.28426 -9.44162
-2.43655 -9.28934
-2.58883 -9.13706
-2.74112 -8.98477
-2.8934 -8.83249
-3.04569 -8.6802
-3.19797 -8.52792
-3.35025 -8.37563
-3.35025 -8.22335
-3.50254 -8.07107
-3.65482 -7.91878
-3.80711 -7.7665
-3.80711 -7.61421
-3.95939 -7.46193
-4.11168 -7.30964
-4.11168 -7.15736
-4.26396 -6.85279
-4.26396 -6.70051
-4.41624 -6.54822
-4.41624 -6.39594
-4.41624 -6.24365
-4.56853 -5.93909
-4.56853 -5.7868
-4.72081 -5.63452
-4.72081 -5.48223
-4.72081 -5.17766
-4.72081 -5.02538
-4.8731 -4.8731
-4.8731 -4.72081
-4.8731 -4.41624
-4.8731 -4.26396
-4.8731 -4.11168
-4.8731 -3.95939
-4.8731 -3.65482
-4.8731 -3.50254
-4.8731 -3.35025
-4.8731 -3.19797
-4.8731 -2.8934
-4.8731 -2.74112
-4.8731 -2.58883
-4.8731 -2.43655
-4.8731 -2.13198
-4.8731 -1.9797
-4.8731 -1.82741
-4.8731 -1.67513
-4.8731 -1.52284
-4.72081 -1.21827
-4.72081 -1.06599
-4.72081 -0.913706
-4.72081 -0.761421
-4.56853 -0.609137
-4.56853 -0.456853
-4.56853 -0.152284
-4.41624 0
-4.41624 0.152284
-4.41624 0.304569
-4.26396 0.456853
-4.26396 0.609137
-4.26396 0.761421
-4.11168 0.913706
-4.11168 1.06599
-3.95939 1.21827
-3.95939 1.37056
-3.80711 1.67513
-3.80711 1.82741
-3.65482 1.9797
-3.65482 2.13198
-3.50254 2.28426
-3.35025 2.43655
-3.35025 2.43655
-3.19797 2.58883
-3.19797 2.74112
-3.04569 2.8934
-2.8934 3.04569
-2.8934 3.19797
-2.74112 3.35025
-2.58883 3.50254
-2.58883 3.65482
-2.43655 3.80711
-2.28426 3.95939
-2.28426 3.95939
-2.13198 4.11168
-1.9797 4.26396
-1.9797 4.41624
-1.82741 4.56853
-1.67513 4.72081
-1.52284 4.72081
-1.52284 4.8731
-1.37056 5.02538
-1.21827 5.17766
-1.06599 5.32995
-1.06599 5.32995
-0.913706 5.48223
-0.761421 5.63452
-0.609137 5.7868
-0.456853 5.7868
-0.456853 5.93909
-0.304569 6.09137
-0.152284 6.09137
0 6.24365
0.152284 6.39594
0.304569 6.54822
0.456853 6.54822
0.456853 6.70051
0.609137 6.85279
0.761421 6.85279
0.913706 7.00508
1.06599 7.00508
1.21827 7.15736
1.37056 7.30964
1.52284 7.30964
1.67513 7.46193
1.82741 7.61421
1.9797 7.61421
2.13198 7.7665
2.28426 7.7665
2.43655 7.91878
2.58883 8.07107
2.74112 8.07107
2.8934 8.22335
3.04569 8.22335
3.19797 8.37563
3.35025 8.52792
3.50254 8.52792
3.65482 8.6802
3.80711 8.83249
3.95939 8.83249
4.11168 8.98477
4.26396 9.13706
4.41624 9.13706
4.72081 9.28934
4.8731 9.44162
5.02538 9.59391
5.17766 9.59391
5.48223 9.74619
5.63452 9.89848
5.7868 10.0508
5.93909 10.0508
6.24365 10.203
6.39594 10.203
6.70051 10.3553
6.85279 10.3553
7.00508 10.5076
7.30964 10.5076
7.46193 10.6599
7.7665 10.6599
7.91878 10.6599
8.22335 10.6599
8.37563 10.6599
8.6802 10.6599
8.83249 10.6599
9.13706 10.6599
9.28934 10.5076
9.44162 10.5076
9.74619 10.3553
9.89848 10.3553
10.0508 10.203
10.203 10.0508
10.5076 9.89848
10.6599 9.74619
10.8122 9.59391
10.9645 9.44162
11.1168 9.28934
11.269 9.13706
11.4213 8.83249
11.4213 8.6802
11.5736 8.52792
11.7259 8.37563
11.8782 8.07107
11.8782 7.91878
12.0305 7.7665
12.1827 7.46193
12.1827 7.30964
12.335 7.15736
12.4873 7.00508
12.4873 6.70051
12.6396 6.54822
12.7919 6.39594
12.7919 6.24365
12.9442 6.09137
13.0964 5.93909
13.0964 5.7868
13.2487 5.63452
13.401 5.48223
13.401 5.32995
13.5533 5.17766
13.7056 5.02538
13.8579 5.02538
14.0102 4.8731
14.0102 4.72081
14.1624 4.56853
14.3147 4.41624
14.467 4.26396
14.6193 4.11168
14.6193 3.95939
14.7716 3.80711
14.9239 3.65482
15.0761 3.50254
15.2284 3.35025
15.2284 3.19797
15.3807 3.04569
15.533 2.8934
15.533 2.74112
15.6853 2.58883
15.6853 2.43655
15.8376 2.28426
15.8376 2.13198
15.9898 1.82741
15.9898 1.67513
15.9898 1.52284
16.1421 1.37056
16.1421 1.21827
16.1421 0.913706
16.2944 0.761421
16.2944 0.609137
16.2944 0.456853
16.2944 0.152284
16.2944 0
16.2944 -0.152284
16.2944 -0.304569
16.2944 -0.609137
16.2944 -0.761421
16.2944 -0.913706
16.1421 -1.06599
16.1421 -1.21827
