16.2944 -1.21827
16.2944 -1.37056
16.1421 -1.52284
16.1421 -1.67513
16.1421 -1.82741
15.9898 -2.13198
15.9898 -2.28426
15.8376 -2.43655
15.8376 -2.58883
15.6853 -2.74112
15.6853 -2.8934
15.6853 -3.04569
15.533 -3.35025
15.533 -3.50254
15.3807 -3.65482
15.3807 -3.80711
15.2284 -3.95939
15.2284 -4.11168
15.0761 -4.26396
15.0761 -4.41624
14.9239 -4.56853
14.7716 -4.72081
14.7716 -4.8731
14.6193 -5.02538
14.6193 -5.17766
14.467 -5.32995
14.467 -5.48223
14.3147 -5.63452
14.1624 -5.7868
14.1624 -5.93909
14.0102 -6.09137
13.8579 -6.09137
13.8579 -6.24365
13.7056 -6.39594
13.5533 -6.54822
13.401 -6.70051
13.401 -6.85279
13.2487 -7.00508
13.0964 -7.00508
13.0964 -7.15736
12.9442 -7.30964
12.7919 -7.46193
12.6396 -7.61421
12.6396 -7.61421
12.4873 -7.7665
12.335 -7.91878
12.1827 -8.07107
12.1827 -8.22335
12.0305 -8.22335
11.8782 -8.37563
11.7259 -8.52792
11.5736 -8.6802
11.5736 -8.6802
11.4213 -8.83249
11.269 -8.98477
11.1168 -9.13706
10.9645 -9.13706
10.8122 -9.28934
10.8122 -9.44162
10.6599 -9.59391
10.5076 -9.59391
10.3553 -9.74619
10.203 -9.89848
10.0508 -10.0508
9.89848 -10.0508
9.74619 -10.203
9.59391 -10.3553
9.44162 -10.3553
9.44162 -10.5076
9.28934 -10.6599
9.13706 -10.6599
8.98477 -10.8122
8.83249 -10.9645
8.52792 -10.9645
8.37563 -11.1168
8.22335 -11.269
8.07107 -11.269
7.91878 -11.4213
7.7665 -11.4213
7.61421 -11.5736
7.46193 -11.5736
7.30964 -11.7259
7.00508 -11.7259
6.85279 -11.8782
6.70051 -11.8782
6.54822 -12.0305
6.39594 -12.0305
6.09137 -12.0305
5.93909 -12.1827
5.7868 -12.1827
5.63452 -12.1827
5.32995 -12.1827
5.17766 -12.1827
5.02538 -12.1827
4.8731 -12.335
4.56853 -12.335
4.41624 -12.335
4.26396 -12.335
3.95939 -12.335
3.80711 -12.1827
3.65482 -12.1827
3.50254 -12.1827
3.19797 -12.1827
3.04569 -12.1827
2.8934 -12.0305
2.74112 -12.0305
2.43655 -12.0305
2.28426 -11.8782
2.13198 -11.8782
1.9797 -11.7259
1.67513 -11.7259
1.52284 -11.7259
1.37056 -11.5736
1.21827 -11.5736
1.06599 -11.4213
0.761421 -11.4213
0.609137 -11.269
0.456853 -11.1168
0.304569 -11.1168
0.152284 -10.9645
0 -10.9645
-0.152284 -10.8122
-0.456853 -10.6599
-0.609137 -10.6599
-0.761421 -10.5076
-0.913706 -10.5076
-1.06599 -10.3553
-1.21827 -10.203
-1.37056 -10.0508
-1.52284 -10.0508
-1.67513 -9.89848
-1.9797 -9.74619
-2.13198 -9.59391
-2.28426 -9.59391
-2.43655 -9.44162
-2.58883 -9.28934
-2.74112 -9.13706
-2.8934 -8.98477
-2.8934 -8.83249
-3.04569 -8.6802
-3.19797 -8.52792
-3.35025 -8.37563
-3.50254 -8.22335
-3.65482 -8.07107
-3.65482 -7.91878
-3.80711 -7.7665
-3.95939 -7.61421
-3.95939 -7.46193
-4.11168 -7.15736
-4.11168 -7.00508
-4.26396 -6.85279
-4.26396 -6.70051
-4.41624 -6.39594
-4.41624 -6.24365
-4.56853 -6.09137
-4.56853 -5.93909
-4.56853 -5.63452
-4.56853 -5.48223
-4.72081 -5.32995
-4.72081 -5.17766
-4.72081 -4.8731
-4.72081 -4.72081
-4.72081 -4.56853
-4.8731 -4.26396
-4.8731 -4.11168
-4.8731 -3.95939
-4.8731 -3.80711
-4.8731 -3.50254
-4.8731 -3.35025
-4.8731 -3.19797
-4.8731 -3.04569
-4.8731 -2.74112
-4.8731 -2.58883
-4.8731 -2.43655
-4.8731 -2.28426
-4.8731 -2.13198
-4.72081 -1.82741
-4.72081 -1.67513
-4.72081 -1.52284
-4.72081 -1.37056
-4.72081 -1.21827
-4.72081 -0.913706
-4.72081 -0.761421
-4.56853 -0.609137
-4.56853 -0.456853
-4.56853 -0.304569
-4.56853 -0.152284
-4.41624 0
-4.41624 0.304569
-4.41624 0.456853
-4.26396 0.609137
-4.26396 0.761421
-4.26396 0.913706
-4.11168 1.06599
-4.11168 1.21827
-3.95939 1.37056
-3.95939 1.52284
-3.80711 1.67513
-3.80711 1.82741
-3.65482 1.9797
-3.65482 2.13198
-3.50254 2.28426
-3.50254 2.43655
-3.35025 2.58883
-3.19797 2.74112
-3.19797 2.8934
-3.04569 3.04569
-3.04569 3.19797
-2.8934 3.35025
-2.74112 3.50254
-2.74112 3.65482
-2.58883 3.80711
-2.43655 3.80711
-2.28426 3.95939
-2.28426 4.11168
-2.13198 4.26396
-1.9797 4.41624
-1.9797 4.41624
-1.82741 4.56853
-1.67513 4.72081
-1.52284 4.8731
-1.52284 5.02538
-1.37056 5.02538
-1.21827 5.17766
-1.06599 5.32995
-1.06599 5.48223
-0.913706 5.48223
-0.761421 5.63452
-0.609137 5.7868
-0.609137 5.93909
-0.456853 5.93909
-0.304569 6.09137
-0.152284 6.24365
0 6.24365
0 6.39594
0.152284 6.54822
0.304569 6.70051
0.456853 6.70051
0.609137 6.85279
0.761421 7.00508
0.761421 7.00508
0.913706 7.15736
1.06599 7.30964
1.21827 7.30964
1.37056 7.46193
1.52284 7.61421
1.67513 7.7665
1.82741 7.7665
1.9797 7.91878
2.13198 8.07107
2.13198 8.07107
2.28426 8.22335
2.43655 8.37563
2.58883 8.37563
2.74112 8.52792
2.8934 8.6802
3.04569 8.6802
3.19797 8.83249
3.50254 8.98477
3.65482 9.13706
3.80711 9.13706
3.95939 9.28934
4.11168 9.44162
4.26396 9.44162
4.41624 9.59391
4.56853 9.74619
4.8731 9.74619
5.02538 9.89848
5.17766 10.0508
5.32995 10.0508
5.63452 10.203
5.7868 10.3553
5.93909 10.3553
6.24365 10.5076
6.39594 10.5076
6.54822 10.6599
6.85279 10.6599
7.00508 10.6599
7.30964 10.8122
7.46193 10.8122
7.7665 10.8122
7.91878 10.8122
8.07107 10.8122
8.37563 10.8122
8.52792 10.8122
8.83249 10.8122
8.98477 10.8122
9.28934 10.6599
9.44162 10.6599
9.59391 10.5076
9.74619 10.5076
10.0508 10.3553
10.203 10.203
10.3553 10.0508
10.5076 10.0508
10.6599 9.89848
10.8122 9.74619
10.9645 9.59391
11.1168 9.28934
11.269 9.13706
11.4213 8.98477
11.5736 8.83249
11.7259 8.6802
11.8782 8.52792
11.8782 8.22335
12.0305 8.07107
12.1827 7.91878
12.335 7.7665
12.335 7.46193
12.4873 7.30964
12.6396 7.15736
12.6396 7.00508
12.7919 6.85279
12.9442 6.70051
12.9442 6.54822
13.0964 6.39594
13.0964 6.09137
13.2487 5.93909
13.401 5.7868
13.401 5.63452
13.5533 5.48223
13.7056 5.32995
13.8579 5.17766
13.8579 5.02538
14.0102 5.02538
14.1624 4.8731
14.1624 4.72081
14.3147 4.56853
14.467 4.41624
14.467 4.26396
14.6193 4.11168
14.7716 3.95939
14.7716 3.80711
14.9239 3.65482
15.0761 3.50254
15.2284 3.35025
15.2284 3.19797
15.3807 3.04569
15.533 2.8934
15.533 2.74112
15.6853 2.43655
15.6853 2.28426
15.8376 2.13198
15.8376 1.9797
15.9898 1.82741
15.9898 1.67513
16.1421 1.52284
16.1421 1.21827
16.2944 1.06599
16.2944 0.913706
16.2944 0.761421
16.2944 0.609137
16.4467 0.304569
16.4467 0.152284
16.4467 0
16.4467 -0.152284
16.4467 -0.456853
16.4467 -0.609137
16.2944 -0.761421
16.2944 -0.913706
