15.9898 -1.82741
15.8376 -1.9797
15.8376 -2.13198
15.8376 -2.28426
15.6853 -2.43655
15.6853 -2.58883
15.6853 -2.8934
15.533 -3.04569
15.533 -3.19797
15.3807 -3.35025
15.3807 -3.50254
15.3807 -3.65482
15.2284 -3.80711
15.2284 -3.95939
15.0761 -4.11168
15.0761 -4.26396
14.9239 -4.41624
14.9239 -4.56853
14.7716 -4.72081
14.7716 -4.8731
14.6193 -5.02538
14.6193 -5.17766
14.467 -5.32995
14.3147 -5.48223
14.3147 -5.63452
14.1624 -5.7868
14.1624 -5.93909
14.0102 -6.09137
13.8579 -6.09137
13.8579 -6.24365
13.7056 -6.39594
13.5533 -6.54822
13.5533 -6.70051
13.401 -6.85279
13.2487 -7.00508
13.2487 -7.00508
13.0964 -7.15736
12.9442 -7.30964
12.9442 -7.46193
12.7919 -7.46193
12.6396 -7.61421
12.4873 -7.7665
12.4873 -7.91878
12.335 -8.07107
12.1827 -8.07107
12.1827 -8.22335
12.0305 -8.37563
11.8782 -8.37563
11.7259 -8.52792
11.7259 -8.6802
11.5736 -8.83249
11.4213 -8.83249
11.269 -8.98477
11.269 -9.13706
11.1168 -9.13706
10.9645 -9.28934
10.8122 -9.44162
10.6599 -9.59391
10.6599 -9.59391
10.5076 -9.74619
10.3553 -9.89848
10.203 -9.89848
10.0508 -10.0508
9.89848 -10.203
9.74619 -10.203
9.74619 -10.3553
9.59391 -10.5076
9.44162 -10.5076
9.28934 -10.6599
9.13706 -10.8122
8.98477 -10.8122
8.83249 -10.9645
8.6802 -10.9645
8.52792 -11.1168
8.37563 -11.1168
8.22335 -11.269
8.07107 -11.4213
7.91878 -11.4213
7.7665 -11.5736
7.61421 -11.5736
7.46193 -11.7259
7.30964 -11.7259
7.15736 -11.7259
6.85279 -11.8782
6.70051 -11.8782
6.54822 -12.0305
6.39594 -12.0305
6.24365 -12.0305
6.09137 -12.0305
5.93909 -12.1827
5.63452 -12.1827
5.48223 -12.1827
5.32995 -12.1827
5.17766 -12.1827
5.02538 -12.1827
4.72081 -12.1827
4.56853 -12.1827
4.41624 -12.1827
4.26396 -12.1827
3.95939 -12.1827
3.80711 -12.1827
3.65482 -12.1827
3.50254 -12.1827
3.35025 -12.0305
3.04569 -12.0305
2.8934 -12.0305
2.74112 -12.0305
2.58883 -11.8782
2.43655 -11.8782
2.28426 -11.8782
1.9797 -11.7259
1.82741 -11.7259
1.67513 -11.5736
1.52284 -11.5736
1.37056 -11.5736
1.21827 -11.4213
1.06599 -11.4213
0.913706 -11.269
0.609137 -11.269
0.456853 -11.1168
0.304569 -11.1168
0.152284 -10.9645
0 -10.9645
-0.152284 -10.8122
-0.304569 -10.8122
-0.456853 -10.6599
-0.761421 -10.5076
-0.913706 -10.5076
-1.06599 -10.3553
-1.21827 -10.3553
-1.37056 -10.203
-1.52284 -10.0508
-1.67513 -10.0508
-1.82741 -9.89848
-1.9797 -9.74619
-2.13198 -9.59391
-2.28426 -9.59391
-2.43655 -9.44162
-2.58883 -9.28934
-2.74112 -9.13706
-2.8934 -8.98477
-3.04569 -8.83249
-3.19797 -8.6802
-3.35025 -8.52792
-3.50254 -8.37563
-3.50254 -8.22335
-3.65482 -8.07107
-3.80711 -7.91878
-3.80711 -7.7665
-3.95939 -7.61421
-4.11168 -7.46193
-4.11168 -7.15736
-4.26396 -7.00508
-4.26396 -6.85279
-4.41624 -6.70051
-4.41624 -6.54822
-4.41624 -6.24365
-4.56853 -6.09137
-4.56853 -5.93909
-4.56853 -5.7868
-4.72081 -5.48223
-4.72081 -5.32995
-4.72081 -5.17766
-4.72081 -5.02538
-4.72081 -4.72081
-4.8731 -4.56853
-4.8731 -4.41624
-4.8731 -4.26396
-4.8731 -3.95939
-4.8731 -3.80711
-4.8731 -3.65482
-4.8731 -3.50254
-4.8731 -3.35025
-4.8731 -3.04569
-4.8731 -2.8934
-4.8731 -2.74112
-4.8731 -2.58883
-4.8731 -2.28426
-4.8731 -2.13198
-4.8731 -1.9797
-4.8731 -1.82741
-4.8731 -1.67513
-4.8731 -1.37056
-4.8731 -1.21827
-4.8731 -1.06599
-4.72081 -0.913706
-4.72081 -0.761421
-4.72081 -0.456853
-4.72081 -0.304569
-4.56853 -0.152284
-4.56853 0
-4.56853 0.152284
-4.41624 0.304569
-4.41624 0.609137
-4.41624 0.761421
-4.26396 0.913706
-4.26396 1.06599
-4.11168 1.21827
-4.11168 1.37056
-3.95939 1.52284
-3.95939 1.67513
-3.80711 1.82741
-3.80711 1.9797
-3.65482 2.13198
-3.50254 2.28426
-3.50254 2.43655
-3.35025 2.58883
-3.19797 2.74112
-3.19797 2.8934
-3.04569 3.04569
-2.8934 3.19797
-2.74112 3.35025
-2.58883 3.35025
-2.58883 3.50254
-2.43655 3.65482
-2.28426 3.80711
-2.13198 3.95939
-1.9797 3.95939
-1.82741 4.11168
-1.67513 4.26396
-1.52284 4.26396
-1.37056 4.41624
-1.37056 4.56853
-1.21827 4.56853
-1.06599 4.72081
-0.913706 4.72081
-0.761421 4.8731
-0.609137 4.8731
-0.456853 5.02538
-0.304569 5.17766
-0.152284 5.17766
0 5.32995
0.152284 5.32995
0.152284 5.48223
0.304569 5.48223
0.456853 5.63452
0.609137 5.7868
0.761421 5.7868
0.761421 5.93909
0.913706 6.09137
1.06599 6.24365
1.21827 6.39594
1.21827 6.54822
1.37056 6.54822
1.52284 6.70051
1.67513 6.85279
1.67513 7.00508
1.82741 7.15736
1.9797 7.30964
2.13198 7.61421
2.28426 7.7665
2.28426 7.91878
2.43655 8.07107
2.58883 8.22335
2.74112 8.37563
2.8934 8.52792
3.04569 8.6802
3.19797 8.83249
3.35025 8.98477
3.50254 9.13706
3.80711 9.28934
3.95939 9.44162
4.11168 9.44162
4.26396 9.59391
4.41624 9.74619
4.72081 9.74619
4.8731 9.89848
5.02538 9.89848
5.32995 10.0508
5.48223 10.0508
5.63452 10.203
5.93909 10.203
6.09137 10.203
6.24365 10.203
6.54822 10.203
6.70051 10.203
7.00508 10.203
7.15736 10.203
7.30964 10.203
7.61421 10.203
7.7665 10.0508
7.91878 10.0508
8.22335 10.0508
8.37563 9.89848
8.52792 9.89848
8.83249 9.74619
8.98477 9.74619
9.13706 9.59391
9.44162 9.59391
9.59391 9.44162
9.74619 9.44162
9.89848 9.28934
10.0508 9.13706
10.3553 9.13706
10.5076 8.98477
10.6599 8.83249
10.8122 8.6802
10.9645 8.6802
11.1168 8.52792
11.269 8.37563
11.4213 8.22335
11.5736 8.07107
11.7259 7.91878
11.8782 7.7665
12.0305 7.7665
12.1827 7.61421
12.335 7.46193
12.4873 7.30964
12.6396 7.15736
12.7919 7.00508
12.9442 6.85279
13.0964 6.70051
13.0964 6.54822
13.2487 6.39594
13.401 6.24365
13.5533 6.09137
13.5533 5.93909
13.7056 5.63452
13.8579 5.48223
13.8579 5.32995
14.0102 5.17766
14.1624 5.02538
14.1624 4.8731
14.3147 4.72081
14.467 4.56853
14.467 4.41624
14.6193 4.26396
14.6193 4.11168
14.7716 3.95939
14.9239 3.65482
14.9239 3.50254
15.0761 3.35025
15.0761 3.19797
15.2284 3.04569
15.2284 2.8934
15.3807 2.74112
15.3807 2.58883
15.533 2.43655
15.6853 2.28426
15.6853 2.13198
15.8376 1.82741
15.8376 1.67513
15.9898 1.52284
15.9898 1.37056
16.1421 1.21827
16.1421 1.06599
16.1421 0.761421
16.2944 0.609137
16.2944 0.456853
16.2944 0.304569
16.2944 0.152284
16.2944 -0.152284
16.2944 -0.304569
16.2944 -0.456853
16.2944 -0.609137
16.2944 -0.913706
16.2944 -1.06599
16.2944 -1.21827
16.1421 -1.37056
16.1421 -1.67513
