16.2944 -0.913706
16.2944 -1.06599
16.1421 -1.37056
16.1421 -1.52284
15.9898 -1.67513
15.9898 -1.82741
15.8376 -1.9797
15.8376 -2.13198
15.6853 -2.43655
15.6853 -2.58883
15.6853 -2.74112
15.533 -2.8934
15.533 -3.04569
15.533 -3.19797
15.3807 -3.35025
15.3807 -3.50254
15.3807 -3.65482
15.2284 -3.80711
15.2284 -4.11168
15.0761 -4.26396
15.0761 -4.41624
14.9239 -4.56853
14.9239 -4.72081
14.9239 -4.8731
14.7716 -5.02538
14.7716 -5.17766
14.6193 -5.32995
14.467 -5.48223
14.467 -5.63452
14.3147 -5.7868
14.3147 -5.93909
14.1624 -6.09137
14.0102 -6.24365
14.0102 -6.39594
13.8579 -6.39594
13.7056 -6.54822
13.5533 -6.70051
13.5533 -6.85279
13.401 -7.00508
13.2487 -7.15736
13.2487 -7.30964
13.0964 -7.30964
12.9442 -7.46193
12.7919 -7.61421
12.6396 -7.7665
12.6396 -7.91878
12.4873 -8.07107
12.335 -8.07107
12.1827 -8.22335
12.1827 -8.37563
12.0305 -8.52792
11.8782 -8.6802
11.7259 -8.6802
11.5736 -8.83249
11.5736 -8.98477
11.4213 -9.13706
11.269 -9.28934
11.1168 -9.28934
10.9645 -9.44162
10.8122 -9.59391
10.6599 -9.74619
10.6599 -9.89848
10.5076 -9.89848
10.3553 -10.0508
10.203 -10.203
10.0508 -10.3553
9.89848 -10.3553
9.74619 -10.5076
9.59391 -10.6599
9.44162 -10.6599
9.28934 -10.8122
9.13706 -10.9645
8.98477 -10.9645
8.83249 -11.1168
8.52792 -11.269
8.37563 -11.269
8.22335 -11.4213
8.07107 -11.4213
7.91878 -11.5736
7.7665 -11.5736
7.61421 -11.7259
7.30964 -11.7259
7.15736 -11.7259
7.00508 -11.8782
6.85279 -11.8782
6.54822 -11.8782
6.39594 -12.0305
6.24365 -12.0305
6.09137 -12.0305
5.7868 -12.0305
5.63452 -12.1827
5.48223 -12.1827
5.32995 -12.1827
5.02538 -12.1827
4.8731 -12.1827
4.72081 -12.1827
4.41624 -12.1827
4.26396 -12.1827
4.11168 -12.1827
3.80711 -12.1827
3.65482 -12.1827
3.50254 -12.1827
3.35025 -12.0305
3.04569 -12.0305
2.8934 -12.0305
2.74112 -12.0305
2.43655 -11.8782
2.28426 -11.8782
2.13198 -11.8782
1.9797 -11.7259
1.67513 -11.7259
1.52284 -11.5736
1.37056 -11.5736
1.21827 -11.4213
1.06599 -11.4213
0.761421 -11.269
0.609137 -11.269
0.456853 -11.1168
0.304569 -11.1168
0.152284 -10.9645
-0.152284 -10.9645
-0.304569 -10.8122
-0.456853 -10.6599
-0.609137 -10.6599
-0.761421 -10.5076
-0.913706 -10.3553
-1.21827 -10.3553
-1.37056 -10.203
-1.52284 -10.0508
-1.67513 -9.89848
-1.82741 -9.89848
-1.9797 -9.74619
-2.13198 -9.59391
-2.28426 -9.44162
-2.43655 -9.28934
-2.58883 -9.13706
-2.74112 -8.98477
-2.8934 -8.83249
-3.04569 -8.6802
-3.19797 -8.52792
-3.35025 -8.37563
-3.35025 -8.22335
-3.50254 -8.07107
-3.65482 -7.91878
-3.80711 -7.7665
-3.80711 -7.61421
-3.95939 -7.46193
-3.95939 -7.15736
-4.11168 -7.00508
-4.26396 -6.85279
-4.26396 -6.70051
-4.26396 -6.54822
-4.41624 -6.24365
-4.41624 -6.09137
-4.56853 -5.93909
-4.56853 -5.63452
-4.56853 -5.48223
-4.56853 -5.32995
-4.72081 -5.17766
-4.72081 -4.8731
-4.72081 -4.72081
-4.72081 -4.56853
-4.72081 -4.26396
-4.72081 -4.11168
-4.8731 -3.95939
-4.8731 -3.80711
-4.8731 -3.50254
-4.8731 -3.35025
-4.8731 -3.19797
-4.8731 -3.04569
-4.8731 -2.74112
-4.8731 -2.58883
-4.8731 -2.43655
-4.72081 -2.28426
-4.72081 -1.9797
-4.72081 -1.82741
-4.72081 -1.67513
-4.72081 -1.52284
-4.72081 -1.37056
-4.72081 -1.06599
-4.72081 -0.913706
-4.56853 -0.761421
-4.56853 -0.609137
-4.56853 -0.456853
-4.56853 -0.304569
-4.41624 0
-4.41624 0.152284
-4.41624 0.304569
-4.26396 0.456853
-4.26396 0.609137
-4.26396 0.761421
-4.11168 0.913706
-4.11168 1.06599
-4.11168 1.37056
-3.95939 1.52284
-3.95939 1.67513
-3.80711 1.82741
-3.80711 1.9797
-3.65482 2.13198
-3.65482 2.28426
-3.50254 2.43655
-3.50254 2.58883
-3.35025 2.74112
-3.19797 2.8934
-3.19797 3.04569
-3.04569 3.19797
-3.04569 3.19797
-2.8934 3.35025
-2.74112 3.50254
-2.74112 3.65482
-2.58883 3.80711
-2.43655 3.95939
-2.43655 4.11168
-2.28426 4.26396
-2.13198 4.41624
-2.13198 4.41624
-1.9797 4.56853
-1.82741 4.72081
-1.82741 4.8731
-1.67513 5.02538
-1.52284 5.17766
-1.52284 5.32995
-1.37056 5.32995
-1.21827 5.48223
-1.21827 5.63452
-1.06599 5.7868
-0.913706 5.93909
-0.913706 6.09137
-0.761421 6.09137
-0.609137 6.24365
-0.456853 6.39594
-0.456853 6.54822
-0.304569 6.70051
-0.152284 6.85279
0 6.85279
0 7.00508
0.152284 7.15736
0.304569 7.30964
0.456853 7.46193
0.609137 7.46193
0.761421 7.61421
0.761421 7.7665
0.913706 7.91878
1.06599 8.07107
1.21827 8.07107
1.37056 8.22335
1.52284 8.37563
1.67513 8.52792
1.82741 8.52792
1.9797 8.6802
2.13198 8.83249
2.28426 8.98477
2.43655 8.98477
2.58883 9.13706
2.74112 9.28934
2.8934 9.28934
3.04569 9.44162
3.19797 9.59391
3.35025 9.59391
3.50254 9.74619
3.80711 9.89848
3.95939 9.89848
4.11168 10.0508
4.26396 10.203
4.41624 10.203
4.72081 10.3553
4.8731 10.3553
5.02538 10.5076
5.32995 10.5076
5.48223 10.6599
5.63452 10.6599
5.7868 10.8122
6.09137 10.8122
6.24365 10.8122
6.54822 10.9645
6.70051 10.9645
6.85279 10.9645
7.15736 10.9645
7.30964 10.9645
7.61421 10.9645
7.7665 10.9645
7.91878 10.9645
8.22335 10.9645
8.37563 10.9645
8.6802 10.9645
8.83249 10.8122
8.98477 10.8122
9.28934 10.6599
9.44162 10.6599
9.59391 10.5076
9.74619 10.3553
9.89848 10.203
10.203 10.203
10.3553 10.0508
10.5076 9.89848
10.6599 9.74619
10.8122 9.59391
10.9645 9.44162
11.1168 9.13706
11.1168 8.98477
11.269 8.83249
11.4213 8.6802
11.5736 8.52792
11.7259 8.37563
11.7259 8.07107
11.8782 7.91878
12.0305 7.7665
12.0305 7.61421
12.1827 7.46193
12.335 7.30964
12.335 7.15736
12.4873 6.85279
12.6396 6.70051
12.6396 6.54822
12.7919 6.39594
12.9442 6.24365
12.9442 6.09137
13.0964 5.93909
13.2487 5.93909
13.401 5.7868
13.401 5.63452
13.5533 5.48223
13.7056 5.32995
13.8579 5.17766
13.8579 5.02538
14.0102 4.8731
14.1624 4.72081
14.3147 4.56853
14.3147 4.56853
14.467 4.41624
14.6193 4.26396
14.6193 4.11168
14.7716 3.95939
14.9239 3.80711
14.9239 3.65482
15.0761 3.50254
15.2284 3.35025
15.2284 3.19797
15.3807 3.04569
15.3807 2.74112
15.533 2.58883
15.533 2.43655
15.6853 2.28426
15.6853 2.13198
15.6853 1.9797
15.8376 1.82741
15.8376 1.67513
15.8376 1.37056
15.9898 1.21827
15.9898 1.06599
15.9898 0.913706
16.1421 0.761421
16.1421 0.456853
16.1421 0.304569
16.1421 0.152284
16.1421 0
16.2944 -0.152284
16.2944 -0.456853
16.2944 -0.609137
16.2944 -0.761421
