14.1624 -3.80711
14.1624 -3.95939
14.1624 -4.11168
14.1624 -4.41624
14.3147 -4.56853
14.3147 -4.72081
14.1624 -4.8731
14.1624 -5.17766
14.1624 -5.32995
14.1624 -5.48223
14.1624 -5.63452
14.0102 -5.7868
14.0102 -5.93909
13.8579 -6.24365
13.8579 -6.39594
13.7056 -6.54822
13.7056 -6.70051
13.5533 -6.85279
13.401 -7.00508
13.401 -7.15736
13.2487 -7.30964
13.0964 -7.46193
13.0964 -7.61421
12.9442 -7.7665
12.7919 -7.91878
12.6396 -8.07107
12.6396 -8.22335
12.4873 -8.22335
12.335 -8.37563
12.1827 -8.52792
12.0305 -8.6802
12.0305 -8.83249
11.8782 -8.98477
11.7259 -8.98477
11.5736 -9.13706
11.4213 -9.28934
11.269 -9.44162
11.269 -9.44162
11.1168 -9.59391
10.9645 -9.74619
10.8122 -9.74619
10.6599 -9.89848
10.5076 -10.0508
10.3553 -10.0508
10.3553 -10.203
10.203 -10.3553
10.0508 -10.3553
9.89848 -10.5076
9.74619 -10.6599
9.59391 -10.6599
9.44162 -10.8122
9.28934 -10.8122
9.28934 -10.9645
9.13706 -10.9645
8.98477 -11.1168
8.83249 -11.1168
8.6802 -11.269
8.52792 -11.269
8.37563 -11.4213
8.22335 -11.4213
8.07107 -11.5736
7.91878 -11.5736
7.7665 -11.7259
7.7665 -11.7259
7.61421 -11.8782
7.46193 -11.8782
7.30964 -11.8782
7.15736 -12.0305
7.00508 -12.0305
6.85279 -12.0305
6.70051 -12.0305
6.54822 -12.1827
6.39594 -12.1827
6.24365 -12.1827
6.09137 -12.1827
5.93909 -12.1827
5.7868 -12.1827
5.63452 -12.1827
5.48223 -12.1827
5.32995 -12.335
5.17766 -12.335
5.02538 -12.1827
4.8731 -12.1827
4.72081 -12.1827
4.56853 -12.1827
4.41624 -12.1827
4.26396 -12.1827
4.11168 -12.1827
3.95939 -12.1827
3.80711 -12.1827
3.65482 -12.0305
3.50254 -12.0305
3.35025 -12.0305
3.19797 -12.0305
3.04569 -12.0305
2.8934 -11.8782
2.74112 -11.8782
2.74112 -11.8782
2.58883 -11.8782
2.43655 -11.7259
2.28426 -11.7259
2.13198 -11.7259
1.9797 -11.7259
1.82741 -11.5736
1.67513 -11.5736
1.52284 -11.5736
1.52284 -11.5736
1.37056 -11.4213
1.21827 -11.4213
1.06599 -11.4213
0.913706 -11.269
0.761421 -11.269
0.609137 -11.269
0.609137 -11.1168
0.456853 -11.1168
0.304569 -10.9645
0.152284 -10.9645
0 -10.9645
-0.152284 -10.8122
-0.152284 -10.8122
-0.304569 -10.6599
-0.456853 -10.6599
-0.609137 -10.5076
-0.761421 -10.5076
-0.761421 -10.3553
-0.913706 -10.3553
-1.06599 -10.203
-1.21827 -10.203
-1.21827 -10.0508
-1.37056 -10.0508
-1.52284 -9.89848
-1.52284 -9.89848
-1.67513 -9.74619
-1.82741 -9.59391
-1.9797 -9.59391
-1.9797 -9.44162
-2.13198 -9.44162
-2.28426 -9.28934
-2.28426 -9.13706
-2.43655 -9.13706
-2.43655 -8.98477
-2.58883 -8.83249
-2.74112 -8.83249
-2.74112 -8.6802
-2.8934 -8.52792
-2.8934 -8.37563
-3.04569 -8.37563
-3.19797 -8.22335
-3.19797 -8.07107
-3.35025 -8.07107
-3.35025 -7.91878
-3.50254 -7.7665
-3.50254 -7.61421
-3.65482 -7.46193
-3.65482 -7.46193
-3.80711 -7.30964
-3.80711 -7.15736
-3.95939 -7.00508
-3.95939 -6.85279
-3.95939 -6.70051
-4.11168 -6.70051
-4.11168 -6.54822
-4.11168 -6.39594
-4.26396 -6.24365
-4.26396 -6.09137
-4.26396 -5.93909
-4.41624 -5.7868
-4.41624 -5.63452
-4.41624 -5.48223
-4.41624 -5.32995
-4.41624 -5.17766
-4.56853 -5.17766
-4.56853 -5.02538
-4.56853 -4.8731
-4.56853 -4.72081
-4.56853 -4.56853
-4.56853 -4.41624
-4.56853 -4.26396
-4.56853 -4.11168
-4.56853 -3.95939
-4.56853 -3.80711
-4.56853 -3.65482
-4.56853 -3.50254
-4.56853 -3.35025
-4.56853 -3.19797
-4.56853 -3.04569
-4.56853 -2.8934
-4.56853 -2.74112
-4.56853 -2.58883
-4.56853 -2.58883
-4.56853 -2.43655
-4.56853 -2.28426
-4.56853 -2.13198
-4.56853 -1.9797
-4.41624 -1.82741
-4.41624 -1.67513
-4.41624 -1.52284
-4.41624 -1.37056
-4.41624 -1.21827
-4.41624 -1.06599
-4.41624 -0.913706
-4.41624 -0.761421
-4.41624 -0.609137
-4.41624 -0.456853
-4.26396 -0.304569
-4.26396 -0.152284
-4.26396 0
-4.26396 0.152284
-4.26396 0.304569
-4.11168 0.456853
-4.11168 0.761421
-4.11168 0.913706
-4.11168 1.06599
-3.95939 1.21827
-3.95939 1.37056
-3.95939 1.52284
-3.80711 1.67513
-3.80711 1.82741
-3.65482 1.9797
-3.65482 2.13198
-3.50254 2.28426
-3.50254 2.43655
-3.35025 2.58883
-3.35025 2.74112
-3.19797 2.74112
-3.04569 2.8934
-3.04569 3.04569
-2.8934 3.19797
-2.74112 3.35025
-2.74112 3.50254
-2.58883 3.65482
-2.43655 3.65482
-2.28426 3.80711
-2.13198 3.95939
-1.9797 3.95939
-1.82741 4.11168
-1.67513 4.26396
-1.67513 4.26396
-1.52284 4.41624
-1.37056 4.41624
-1.06599 4.41624
-0.913706 4.56853
-0.761421 4.56853
-0.609137 4.56853
-0.456853 4.72081
-0.304569 4.72081
-0.152284 4.72081
0 4.72081
0.152284 4.72081
0.304569 4.72081
0.456853 4.72081
0.761421 4.72081
0.913706 4.72081
1.06599 4.72081
1.21827 4.72081
1.37056 4.72081
1.52284 4.72081
1.67513 4.72081
1.82741 4.72081
1.9797 4.72081
2.13198 4.72081
2.28426 4.56853
2.43655 4.56853
2.58883 4.56853
2.74112 4.56853
2.8934 4.56853
3.04569 4.56853
3.19797 4.56853
3.35025 4.56853
3.50254 4.41624
3.65482 4.41624
3.80711 4.41624
3.95939 4.41624
4.11168 4.41624
4.26396 4.41624
4.41624 4.41624
4.56853 4.41624
4.72081 4.26396
4.72081 4.26396
4.8731 4.26396
5.02538 4.26396
5.17766 4.26396
5.32995 4.11168
5.48223 4.11168
5.63452 4.11168
5.7868 4.11168
5.93909 3.95939
6.09137 3.95939
6.09137 3.95939
6.24365 3.80711
6.39594 3.80711
6.54822 3.65482
6.70051 3.65482
6.85279 3.50254
6.85279 3.50254
7.00508 3.35025
7.15736 3.35025
7.30964 3.19797
7.30964 3.19797
7.46193 3.04569
7.61421 2.8934
7.61421 2.8934
7.7665 2.74112
7.91878 2.74112
7.91878 2.58883
8.07107 2.43655
8.22335 2.43655
8.22335 2.28426
8.37563 2.13198
8.37563 2.13198
8.52792 1.9797
8.52792 1.82741
8.6802 1.82741
8.83249 1.67513
8.83249 1.52284
8.98477 1.52284
8.98477 1.37056
9.13706 1.21827
9.13706 1.21827
9.28934 1.06599
9.28934 0.913706
9.44162 0.913706
9.59391 0.761421
9.59391 0.609137
9.74619 0.609137
9.74619 0.456853
9.89848 0.456853
10.0508 0.304569
10.0508 0.152284
10.203 0.152284
10.3553 0
10.5076 0
10.5076 -0.152284
10.6599 -0.304569
10.8122 -0.304569
10.9645 -0.456853
11.1168 -0.456853
11.269 -0.609137
11.4213 -0.609137
11.5736 -0.761421
11.7259 -0.913706
11.8782 -0.913706
12.0305 -1.06599
12.1827 -1.21827
12.335 -1.37056
12.6396 -1.37056
12.7919 -1.52284
12.9442 -1.67513
13.0964 -1.82741
13.2487 -1.9797
13.401 -2.13198
13.5533 -2.28426
13.7056 -2.43655
13.7056 -2.58883
13.8579 -2.74112
14.0102 -2.8934
14.0102 -3.04569
14.1624 -3.19797
14.1624 -3.50254
14.1624 -3.65482
