16.4467 -1.21827
16.4467 -1.37056
16.2944 -1.52284
16.2944 -1.82741
16.2944 -1.9797
16.1421 -2.13198
16.1421 -2.28426
16.1421 -2.43655
15.9898 -2.58883
15.9898 -2.8934
15.9898 -3.04569
15.8376 -3.19797
15.8376 -3.35025
15.6853 -3.50254
15.6853 -3.65482
15.6853 -3.80711
15.533 -3.95939
15.533 -4.11168
15.3807 -4.41624
15.3807 -4.56853
15.2284 -4.72081
15.2284 -4.8731
15.0761 -5.02538
15.0761 -5.17766
14.9239 -5.32995
14.9239 -5.48223
14.7716 -5.63452
14.6193 -5.7868
14.6193 -5.93909
14.467 -6.09137
14.3147 -6.24365
14.3147 -6.24365
14.1624 -6.39594
14.0102 -6.54822
14.0102 -6.70051
13.8579 -6.85279
13.7056 -7.00508
13.5533 -7.15736
13.5533 -7.30964
13.401 -7.30964
13.2487 -7.46193
13.0964 -7.61421
13.0964 -7.7665
12.9442 -7.91878
12.7919 -7.91878
12.6396 -8.07107
12.6396 -8.22335
12.4873 -8.37563
12.335 -8.52792
12.1827 -8.52792
12.0305 -8.6802
12.0305 -8.83249
11.8782 -8.98477
11.7259 -8.98477
11.5736 -9.13706
11.4213 -9.28934
11.269 -9.44162
11.269 -9.44162
11.1168 -9.59391
10.9645 -9.74619
10.8122 -9.89848
10.6599 -9.89848
10.5076 -10.0508
10.3553 -10.203
10.203 -10.3553
10.0508 -10.3553
9.89848 -10.5076
9.74619 -10.6599
9.59391 -10.6599
9.44162 -10.8122
9.28934 -10.9645
9.13706 -10.9645
8.98477 -11.1168
8.83249 -11.269
8.6802 -11.269
8.52792 -11.4213
8.37563 -11.4213
8.22335 -11.5736
8.07107 -11.5736
7.91878 -11.7259
7.61421 -11.7259
7.46193 -11.8782
7.30964 -11.8782
7.15736 -11.8782
7.00508 -12.0305
6.70051 -12.0305
6.54822 -12.0305
6.39594 -12.1827
6.24365 -12.1827
5.93909 -12.1827
5.7868 -12.1827
5.63452 -12.1827
5.48223 -12.335
5.17766 -12.335
5.02538 -12.335
4.8731 -12.335
4.72081 -12.335
4.41624 -12.335
4.26396 -12.1827
4.11168 -12.1827
3.80711 -12.1827
3.65482 -12.1827
3.50254 -12.1827
3.35025 -12.0305
3.04569 -12.0305
2.8934 -12.0305
2.74112 -11.8782
2.58883 -11.8782
2.43655 -11.8782
2.13198 -11.7259
1.9797 -11.7259
1.82741 -11.5736
1.67513 -11.5736
1.52284 -11.4213
1.21827 -11.4213
1.06599 -11.269
0.913706 -11.269
0.761421 -11.1168
0.609137 -11.1168
0.456853 -10.9645
0.304569 -10.8122
0 -10.8122
-0.152284 -10.6599
-0.304569 -10.6599
-0.456853 -10.5076
-0.609137 -10.3553
-0.761421 -10.3553
-0.913706 -10.203
-1.06599 -10.0508
-1.37056 -10.0508
-1.52284 -9.89848
-1.67513 -9.74619
-1.82741 -9.59391
-1.9797 -9.59391
-2.13198 -9.44162
-2.28426 -9.28934
-2.43655 -9.13706
-2.58883 -8.98477
-2.58883 -8.83249
-2.74112 -8.6802
-2.8934 -8.52792
-3.04569 -8.37563
-3.19797 -8.22335
-3.19797 -8.07107
-3.35025 -7.91878
-3.50254 -7.7665
-3.50254 -7.46193
-3.65482 -7.30964
-3.65482 -7.15736
-3.80711 -7.00508
-3.80711 -6.85279
-3.80711 -6.54822
-3.95939 -6.39594
-3.95939 -6.24365
-3.95939 -6.09137
-4.11168 -5.7868
-4.11168 -5.63452
-4.11168 -5.48223
-4.11168 -5.17766
-4.11168 -5.02538
-4.11168 -4.8731
-4.11168 -4.72081
-4.11168 -4.41624
-4.11168 -4.26396
-4.11168 -4.11168
-4.11168 -3.95939
-4.26396 -3.65482
-4.26396 -3.50254
-4.26396 -3.35025
-4.26396 -3.19797
-4.26396 -3.04569
-4.26396 -2.74112
-4.26396 -2.58883
-4.26396 -2.43655
-4.26396 -2.28426
-4.26396 -2.13198
-4.26396 -1.9797
-4.26396 -1.67513
-4.26396 -1.52284
-4.26396 -1.37056
-4.26396 -1.21827
-4.26396 -1.06599
-4.26396 -0.913706
-4.26396 -0.761421
-4.11168 -0.456853
-4.11168 -0.304569
-4.11168 -0.152284
-4.11168 0
-4.11168 0.152284
-4.11168 0.304569
-3.95939 0.456853
-3.95939 0.609137
-3.95939 0.913706
-3.80711 1.06599
-3.80711 1.21827
-3.80711 1.37056
-3.65482 1.52284
-3.65482 1.67513
-3.50254 1.82741
-3.50254 1.9797
-3.35025 2.13198
-3.35025 2.28426
-3.19797 2.43655
-3.04569 2.58883
-3.04569 2.74112
-2.8934 2.8934
-2.8934 3.04569
-2.74112 3.19797
-2.58883 3.19797
-2.58883 3.35025
-2.43655 3.50254
-2.28426 3.65482
-2.28426 3.80711
-2.13198 3.95939
-1.9797 4.11168
-1.9797 4.26396
-1.82741 4.26396
-1.67513 4.41624
-1.67513 4.56853
-1.52284 4.72081
-1.37056 4.8731
-1.37056 5.02538
-1.21827 5.02538
-1.06599 5.17766
-1.06599 5.32995
-0.913706 5.48223
-0.761421 5.63452
-0.609137 5.7868
-0.609137 5.7868
-0.456853 5.93909
-0.304569 6.09137
-0.304569 6.24365
-0.152284 6.39594
0 6.54822
0.152284 6.70051
0.152284 6.70051
0.304569 6.85279
0.456853 7.00508
0.609137 7.15736
0.761421 7.30964
0.761421 7.46193
0.913706 7.61421
1.06599 7.61421
1.21827 7.7665
1.37056 7.91878
1.52284 8.07107
1.67513 8.22335
1.82741 8.37563
1.9797 8.37563
1.9797 8.52792
2.13198 8.6802
2.28426 8.83249
2.43655 8.98477
2.74112 9.13706
2.8934 9.13706
3.04569 9.28934
3.19797 9.44162
3.35025 9.59391
3.50254 9.59391
3.65482 9.74619
3.80711 9.89848
4.11168 9.89848
4.26396 10.0508
4.41624 10.203
4.56853 10.203
4.8731 10.3553
5.02538 10.3553
5.17766 10.5076
5.32995 10.5076
5.63452 10.6599
5.7868 10.6599
6.09137 10.8122
6.24365 10.8122
6.39594 10.8122
6.70051 10.8122
6.85279 10.9645
7.15736 10.9645
7.30964 10.9645
7.46193 10.9645
7.7665 10.9645
7.91878 10.9645
8.22335 10.9645
8.37563 10.8122
8.52792 10.8122
8.83249 10.8122
8.98477 10.6599
9.28934 10.6599
9.44162 10.5076
9.59391 10.5076
9.74619 10.3553
10.0508 10.203
10.203 10.203
10.3553 10.0508
10.5076 9.89848
10.6599 9.74619
10.8122 9.59391
10.9645 9.44162
11.1168 9.28934
11.269 9.13706
11.4213 8.98477
11.5736 8.6802
11.7259 8.52792
11.8782 8.37563
11.8782 8.22335
12.0305 8.07107
12.1827 7.91878
12.335 7.7665
12.335 7.46193
12.4873 7.30964
12.6396 7.15736
12.7919 7.00508
12.7919 6.85279
12.9442 6.70051
13.0964 6.54822
13.0964 6.39594
13.2487 6.24365
13.401 6.09137
13.401 5.93909
13.5533 5.7868
13.7056 5.63452
13.7056 5.48223
13.8579 5.32995
14.0102 5.17766
14.1624 5.02538
14.1624 4.8731
14.3147 4.72081
14.467 4.56853
14.6193 4.41624
14.6193 4.26396
14.7716 4.11168
14.9239 3.95939
14.9239 3.80711
15.0761 3.65482
15.2284 3.50254
15.3807 3.35025
15.3807 3.19797
15.533 3.04569
15.6853 2.8934
15.6853 2.74112
15.8376 2.58883
15.8376 2.43655
15.9898 2.28426
16.1421 2.13198
16.1421 1.9797
16.2944 1.82741
16.2944 1.52284
16.2944 1.37056
16.4467 1.21827
16.4467 1.06599
16.4467 0.913706
16.599 0.609137
16.599 0.456853
16.599 0.304569
16.599 0.152284
16.599 -0.152284
16.599 -0.304569
16.599 -0.456853
16.599 -0.609137
16.599 -0.913706
16.599 -1.06599
