10.5076 -2.43655
10.6599 -2.58883
10.6599 -2.74112
10.8122 -2.8934
10.8122 -3.04569
10.8122 -3.35025
10.9645 -3.50254
10.9645 -3.65482
10.9645 -3.80711
10.9645 -3.95939
10.9645 -4.11168
10.9645 -4.41624
10.9645 -4.56853
10.9645 -4.72081
10.9645 -4.8731
10.9645 -5.02538
10.9645 -5.17766
10.9645 -5.48223
10.9645 -5.63452
10.9645 -5.7868
10.8122 -5.93909
10.8122 -6.09137
10.8122 -6.39594
10.8122 -6.54822
10.6599 -6.70051
10.6599 -6.85279
10.6599 -7.00508
10.5076 -7.15736
10.5076 -7.46193
10.3553 -7.61421
10.3553 -7.7665
10.3553 -7.91878
10.203 -8.07107
10.203 -8.22335
10.0508 -8.52792
10.0508 -8.6802
9.89848 -8.83249
9.74619 -8.98477
9.74619 -9.13706
9.59391 -9.28934
9.59391 -9.44162
9.44162 -9.59391
9.28934 -9.74619
9.13706 -9.89848
9.13706 -10.0508
8.98477 -10.203
8.83249 -10.3553
8.6802 -10.5076
8.52792 -10.6599
8.37563 -10.8122
8.22335 -10.9645
8.07107 -11.1168
7.91878 -11.1168
7.7665 -11.269
7.61421 -11.4213
7.46193 -11.4213
7.30964 -11.5736
7.15736 -11.7259
7.00508 -11.7259
6.70051 -11.8782
6.54822 -11.8782
6.39594 -11.8782
6.24365 -12.0305
6.09137 -12.0305
5.7868 -12.1827
5.63452 -12.1827
5.48223 -12.1827
5.32995 -12.1827
5.02538 -12.1827
4.8731 -12.335
4.72081 -12.335
4.56853 -12.335
4.26396 -12.335
4.11168 -12.335
3.95939 -12.335
3.80711 -12.335
3.50254 -12.335
3.35025 -12.335
3.19797 -12.1827
3.04569 -12.1827
2.8934 -12.1827
2.58883 -12.1827
2.43655 -12.1827
2.28426 -12.0305
2.13198 -12.0305
1.9797 -12.0305
1.82741 -12.0305
1.67513 -12.0305
1.37056 -11.8782
1.21827 -11.8782
1.06599 -11.8782
0.913706 -11.8782
0.761421 -11.7259
0.609137 -11.7259
0.456853 -11.7259
0.304569 -11.7259
0.152284 -11.7259
0 -11.5736
-0.152284 -11.5736
-0.304569 -11.5736
-0.456853 -11.5736
-0.609137 -11.5736
-0.761421 -11.5736
-1.06599 -11.5736
-1.21827 -11.5736
-1.37056 -11.4213
-1.52284 -11.4213
-1.67513 -11.4213
-1.82741 -11.4213
-1.9797 -11.4213
-2.13198 -11.4213
-2.28426 -11.269
-2.43655 -11.269
-2.58883 -11.269
-2.74112 -11.269
-2.8934 -11.1168
-3.04569 -11.1168
-3.35025 -10.9645
-3.50254 -10.9645
-3.65482 -10.9645
-3.80711 -10.8122
-3.80711 -10.6599
-3.95939 -10.6599
-4.11168 -10.5076
-4.26396 -10.5076
-4.41624 -10.3553
-4.56853 -10.203
-4.72081 -10.0508
-4.8731 -10.0508
-4.8731 -9.89848
-5.02538 -9.74619
-5.17766 -9.59391
-5.17766 -9.44162
-5.32995 -9.28934
-5.48223 -9.13706
-5.48223 -8.98477
-5.63452 -8.83249
-5.63452 -8.6802
-5.7868 -8.52792
-5.7868 -8.37563
-5.93909 -8.22335
-5.93909 -8.07107
-5.93909 -7.91878
-6.09137 -7.7665
-6.09137 -7.61421
-6.09137 -7.46193
-6.24365 -7.30964
-6.24365 -7.15736
-6.24365 -7.00508
-6.24365 -6.85279
-6.39594 -6.70051
-6.39594 -6.54822
-6.39594 -6.39594
-6.39594 -6.24365
-6.39594 -6.09137
-6.39594 -5.93909
-6.54822 -5.7868
-6.54822 -5.63452
-6.54822 -5.48223
-6.54822 -5.32995
-6.54822 -5.17766
-6.54822 -5.02538
-6.54822 -4.8731
-6.54822 -4.72081
-6.54822 -4.56853
-6.70051 -4.56853
-6.70051 -4.41624
-6.70051 -4.26396
-6.70051 -4.11168
-6.70051 -3.95939
-6.70051 -3.80711
-6.70051 -3.65482
-6.70051 -3.50254
-6.85279 -3.35025
-6.85279 -3.19797
-6.85279 -3.04569
-6.85279 -3.04569
-6.85279 -2.8934
-6.85279 -2.74112
-7.00508 -2.58883
-7.00508 -2.43655
-7.00508 -2.28426
-7.00508 -2.13198
-7.00508 -1.9797
-7.00508 -1.82741
-7.00508 -1.67513
-7.00508 -1.52284
-7.15736 -1.37056
-7.15736 -1.21827
-7.15736 -1.06599
-7.15736 -0.913706
-7.15736 -0.761421
-7.15736 -0.609137
-7.15736 -0.456853
-7.00508 -0.304569
-7.00508 -0.304569
-7.00508 -0.152284
-7.00508 0
-7.00508 0.152284
-7.00508 0.304569
-7.00508 0.456853
-6.85279 0.609137
-6.85279 0.761421
-6.85279 0.913706
-6.85279 1.06599
-6.85279 1.21827
-6.70051 1.37056
-6.70051 1.52284
-6.70051 1.67513
-6.54822 1.82741
-6.54822 1.9797
-6.54822 2.13198
-6.39594 2.28426
-6.39594 2.43655
-6.39594 2.58883
-6.24365 2.74112
-6.24365 2.8934
-6.24365 3.04569
-6.09137 3.19797
-6.09137 3.35025
-6.09137 3.50254
-5.93909 3.65482
-5.93909 3.95939
-5.7868 4.11168
-5.7868 4.26396
-5.63452 4.41624
-5.63452 4.56853
-5.48223 4.72081
-5.48223 4.8731
-5.32995 5.02538
-5.32995 5.17766
-5.17766 5.32995
-5.02538 5.48223
-5.02538 5.63452
-4.8731 5.7868
-4.72081 5.93909
-4.56853 6.09137
-4.56853 6.24365
-4.41624 6.39594
-4.26396 6.54822
-4.11168 6.54822
-3.95939 6.70051
-3.80711 6.85279
-3.65482 7.00508
-3.50254 7.00508
-3.35025 7.15736
-3.19797 7.30964
-3.04569 7.30964
-2.8934 7.46193
-2.74112 7.46193
-2.58883 7.61421
-2.43655 7.61421
-2.13198 7.7665
-1.9797 7.7665
-1.82741 7.91878
-1.67513 7.91878
-1.52284 7.91878
-1.21827 7.91878
-1.06599 8.07107
-0.913706 8.07107
-0.761421 8.07107
-0.609137 8.07107
-0.304569 8.07107
-0.152284 8.07107
0 8.07107
0.152284 8.07107
0.304569 8.07107
0.609137 8.07107
0.761421 7.91878
0.913706 7.91878
1.06599 7.91878
1.21827 7.91878
1.52284 7.7665
1.67513 7.7665
1.82741 7.7665
1.9797 7.61421
2.13198 7.61421
2.28426 7.61421
2.43655 7.46193
2.74112 7.46193
2.8934 7.30964
3.04569 7.30964
3.19797 7.15736
3.35025 7.15736
3.50254 7.00508
3.65482 6.85279
3.80711 6.85279
3.95939 6.70051
4.11168 6.70051
4.26396 6.54822
4.41624 6.39594
4.41624 6.39594
4.56853 6.24365
4.72081 6.24365
4.8731 6.09137
5.02538 5.93909
5.17766 5.93909
5.32995 5.7868
5.48223 5.63452
5.48223 5.63452
5.63452 5.48223
5.7868 5.32995
5.93909 5.32995
6.09137 5.17766
6.09137 5.02538
6.24365 4.8731
6.39594 4.8731
6.39594 4.72081
6.54822 4.56853
6.70051 4.41624
6.85279 4.26396
6.85279 4.26396
7.00508 4.11168
7.00508 3.95939
7.15736 3.80711
7.30964 3.65482
7.30964 3.50254
7.46193 3.50254
7.46193 3.35025
7.61421 3.19797
7.61421 3.04569
7.7665 2.8934
7.7665 2.74112
7.91878 2.58883
7.91878 2.58883
7.91878 2.43655
8.07107 2.28426
8.07107 2.13198
8.22335 1.9797
8.22335 1.82741
8.22335 1.67513
8.37563 1.52284
8.37563 1.52284
8.52792 1.37056
8.52792 1.21827
8.52792 1.06599
8.6802 0.913706
8.6802 0.761421
8.83249 0.609137
8.83249 0.609137
8.83249 0.456853
8.98477 0.304569
8.98477 0.152284
9.13706 0
9.13706 -0.152284
9.13706 -0.304569
9.28934 -0.456853
9.28934 -0.456853
9.44162 -0.609137
9.44162 -0.761421
9.59391 -0.913706
9.59391 -1.06599
9.74619 -1.21827
9.89848 -1.37056
9.89848 -1.52284
10.0508 -1.67513
10.0508 -1.82741
10.203 -1.9797
10.3553 -2.13198
10.3553 -2.28426
