16.599 -1.37056
16.599 -1.52284
16.599 -1.67513
16.599 -1.82741
16.599 -1.9797
16.599 -2.28426
16.4467 -2.43655
16.4467 -2.58883
16.4467 -2.74112
16.2944 -2.8934
16.2944 -3.04569
16.1421 -3.19797
16.1421 -3.35025
15.9898 -3.65482
15.9898 -3.80711
15.8376 -3.95939
15.8376 -4.11168
15.6853 -4.26396
15.6853 -4.41624
15.533 -4.56853
15.533 -4.72081
15.3807 -4.8731
15.2284 -5.02538
15.2284 -5.17766
15.0761 -5.32995
14.9239 -5.32995
14.9239 -5.48223
14.7716 -5.63452
14.6193 -5.7868
14.6193 -5.93909
14.467 -6.09137
14.3147 -6.24365
14.3147 -6.39594
14.1624 -6.39594
14.0102 -6.54822
14.0102 -6.70051
13.8579 -6.85279
13.7056 -7.00508
13.7056 -7.15736
13.5533 -7.15736
13.401 -7.30964
13.2487 -7.46193
13.2487 -7.61421
13.0964 -7.7665
12.9442 -7.7665
12.7919 -7.91878
12.7919 -8.07107
12.6396 -8.22335
12.4873 -8.37563
12.4873 -8.37563
12.335 -8.52792
12.1827 -8.6802
12.0305 -8.83249
11.8782 -8.98477
11.8782 -8.98477
11.7259 -9.13706
11.5736 -9.28934
11.4213 -9.44162
11.269 -9.44162
11.269 -9.59391
11.1168 -9.74619
10.9645 -9.89848
10.8122 -9.89848
10.6599 -10.0508
10.5076 -10.203
10.3553 -10.3553
10.203 -10.3553
10.0508 -10.5076
10.0508 -10.6599
9.89848 -10.6599
9.74619 -10.8122
9.59391 -10.9645
9.44162 -10.9645
9.28934 -11.1168
8.98477 -11.269
8.83249 -11.269
8.6802 -11.4213
8.52792 -11.4213
8.37563 -11.5736
8.22335 -11.5736
8.07107 -11.7259
7.91878 -11.7259
7.7665 -11.8782
7.46193 -11.8782
7.30964 -12.0305
7.15736 -12.0305
7.00508 -12.0305
6.85279 -12.1827
6.54822 -12.1827
6.39594 -12.1827
6.24365 -12.1827
6.09137 -12.1827
5.7868 -12.335
5.63452 -12.335
5.48223 -12.335
5.17766 -12.335
5.02538 -12.335
4.8731 -12.335
4.72081 -12.335
4.41624 -12.1827
4.26396 -12.1827
4.11168 -12.1827
3.95939 -12.1827
3.65482 -12.1827
3.50254 -12.0305
3.35025 -12.0305
3.19797 -12.0305
2.8934 -11.8782
2.74112 -11.8782
2.58883 -11.8782
2.43655 -11.7259
2.28426 -11.7259
1.9797 -11.5736
1.82741 -11.5736
1.67513 -11.4213
1.52284 -11.4213
1.37056 -11.269
1.21827 -11.269
0.913706 -11.1168
0.761421 -11.1168
0.609137 -10.9645
0.456853 -10.9645
0.304569 -10.8122
0.152284 -10.8122
-0.152284 -10.6599
-0.304569 -10.5076
-0.456853 -10.5076
-0.609137 -10.3553
-0.761421 -10.3553
-0.913706 -10.203
-1.06599 -10.0508
-1.37056 -9.89848
-1.52284 -9.89848
-1.67513 -9.74619
-1.82741 -9.59391
-1.9797 -9.44162
-2.13198 -9.28934
-2.28426 -9.13706
-2.43655 -8.98477
-2.43655 -8.83249
-2.58883 -8.6802
-2.74112 -8.52792
-2.8934 -8.37563
-3.04569 -8.22335
-3.04569 -8.07107
-3.19797 -7.91878
-3.19797 -7.7665
-3.35025 -7.46193
-3.35025 -7.30964
-3.50254 -7.15736
-3.50254 -6.85279
-3.50254 -6.70051
-3.65482 -6.54822
-3.65482 -6.24365
-3.65482 -6.09137
-3.65482 -5.93909
-3.65482 -5.7868
-3.65482 -5.48223
-3.65482 -5.32995
-3.65482 -5.17766
-3.80711 -4.8731
-3.80711 -4.72081
-3.80711 -4.56853
-3.80711 -4.41624
-3.80711 -4.11168
-3.80711 -3.95939
-3.80711 -3.80711
-3.80711 -3.65482
-3.80711 -3.35025
-3.80711 -3.19797
-3.80711 -3.04569
-3.80711 -2.8934
-3.80711 -2.74112
-3.80711 -2.58883
-3.80711 -2.43655
-3.80711 -2.13198
-3.80711 -1.9797
-3.80711 -1.82741
-3.95939 -1.67513
-3.95939 -1.52284
-3.95939 -1.37056
-3.95939 -1.06599
-3.95939 -0.913706
-3.95939 -0.761421
-3.95939 -0.609137
-3.95939 -0.456853
-3.95939 -0.304569
-3.95939 0
-3.95939 0.152284
-3.95939 0.304569
-3.95939 0.456853
-3.80711 0.609137
-3.80711 0.761421
-3.80711 1.06599
-3.80711 1.21827
-3.65482 1.37056
-3.65482 1.52284
-3.65482 1.67513
-3.50254 1.82741
-3.50254 1.9797
-3.35025 2.13198
-3.35025 2.28426
-3.19797 2.43655
-3.04569 2.58883
-3.04569 2.74112
-2.8934 2.8934
-2.74112 3.04569
-2.74112 3.19797
-2.58883 3.35025
-2.43655 3.50254
-2.43655 3.65482
-2.28426 3.80711
-2.13198 3.95939
-1.9797 4.11168
-1.82741 4.11168
-1.82741 4.26396
-1.67513 4.41624
-1.52284 4.56853
-1.37056 4.72081
-1.21827 4.72081
-1.21827 4.8731
-1.06599 5.02538
-0.913706 5.17766
-0.761421 5.17766
-0.609137 5.32995
-0.609137 5.48223
-0.456853 5.63452
-0.304569 5.63452
-0.152284 5.7868
0 5.93909
0.152284 5.93909
0.152284 6.09137
0.304569 6.24365
0.456853 6.39594
0.609137 6.39594
0.761421 6.54822
0.761421 6.70051
0.913706 6.85279
1.06599 6.85279
1.21827 7.00508
1.37056 7.15736
1.52284 7.30964
1.52284 7.46193
1.67513 7.61421
1.82741 7.61421
1.9797 7.7665
2.13198 7.91878
2.28426 8.07107
2.43655 8.22335
2.43655 8.37563
2.58883 8.52792
2.74112 8.6802
2.8934 8.6802
3.04569 8.83249
3.19797 8.98477
3.35025 9.13706
3.50254 9.28934
3.80711 9.44162
3.95939 9.59391
4.11168 9.59391
4.26396 9.74619
4.41624 9.89848
4.56853 10.0508
4.8731 10.0508
5.02538 10.203
5.17766 10.3553
5.32995 10.3553
5.63452 10.5076
5.7868 10.5076
5.93909 10.6599
6.24365 10.6599
6.39594 10.6599
6.70051 10.8122
6.85279 10.8122
7.00508 10.8122
7.30964 10.8122
7.46193 10.9645
7.7665 10.9645
7.91878 10.9645
8.22335 10.9645
8.37563 10.8122
8.52792 10.8122
8.83249 10.8122
8.98477 10.8122
9.13706 10.6599
9.44162 10.6599
9.59391 10.5076
9.74619 10.5076
10.0508 10.3553
10.203 10.203
10.3553 10.203
10.5076 10.0508
10.8122 9.89848
10.9645 9.74619
11.1168 9.59391
11.269 9.44162
11.4213 9.28934
11.5736 9.13706
11.7259 8.98477
11.8782 8.83249
11.8782 8.52792
12.0305 8.37563
12.1827 8.22335
12.335 8.07107
12.4873 7.91878
12.4873 7.7665
12.6396 7.46193
12.7919 7.30964
12.7919 7.15736
12.9442 7.00508
13.0964 6.85279
13.0964 6.70051
13.2487 6.54822
13.401 6.39594
13.401 6.24365
13.5533 6.09137
13.7056 5.93909
13.7056 5.7868
13.8579 5.63452
14.0102 5.48223
14.0102 5.32995
14.1624 5.17766
14.3147 5.02538
14.467 4.8731
14.467 4.72081
14.6193 4.56853
14.7716 4.41624
14.7716 4.26396
14.9239 4.11168
15.0761 3.95939
15.2284 3.80711
15.2284 3.65482
15.3807 3.50254
15.533 3.35025
15.533 3.19797
15.6853 3.04569
15.8376 2.8934
15.8376 2.74112
15.9898 2.58883
15.9898 2.43655
16.1421 2.28426
16.2944 2.13198
16.2944 1.9797
16.4467 1.82741
16.4467 1.67513
16.599 1.52284
16.599 1.21827
16.599 1.06599
16.7513 0.913706
16.7513 0.761421
16.7513 0.609137
16.9036 0.304569
16.9036 0.152284
16.9036 0
16.9036 -0.152284
16.9036 -0.304569
16.9036 -0.609137
16.9036 -0.761421
16.9036 -0.913706
16.7513 -1.06599
