16.9036 -0.913706
16.7513 -1.06599
16.7513 -1.37056
16.7513 -1.52284
16.7513 -1.67513
16.599 -1.82741
16.599 -1.9797
16.599 -2.13198
16.4467 -2.43655
16.4467 -2.58883
16.2944 -2.74112
16.2944 -2.8934
16.2944 -3.04569
16.1421 -3.19797
16.1421 -3.35025
15.9898 -3.65482
15.9898 -3.80711
15.8376 -3.95939
15.8376 -4.11168
15.6853 -4.26396
15.6853 -4.41624
15.533 -4.56853
15.533 -4.72081
15.3807 -4.8731
15.2284 -5.02538
15.2284 -5.17766
15.0761 -5.32995
14.9239 -5.48223
14.9239 -5.63452
14.7716 -5.7868
14.6193 -5.93909
14.6193 -6.09137
14.467 -6.09137
14.3147 -6.24365
14.3147 -6.39594
14.1624 -6.54822
14.0102 -6.70051
14.0102 -6.85279
13.8579 -7.00508
13.7056 -7.00508
13.5533 -7.15736
13.5533 -7.30964
13.401 -7.46193
13.2487 -7.61421
13.0964 -7.7665
13.0964 -7.7665
12.9442 -7.91878
12.7919 -8.07107
12.6396 -8.22335
12.4873 -8.37563
12.4873 -8.52792
12.335 -8.52792
12.1827 -8.6802
12.0305 -8.83249
12.0305 -8.98477
11.8782 -9.13706
11.7259 -9.28934
11.5736 -9.28934
11.4213 -9.44162
11.269 -9.59391
11.1168 -9.74619
11.1168 -9.89848
10.9645 -9.89848
10.8122 -10.0508
10.6599 -10.203
10.5076 -10.3553
10.3553 -10.5076
10.203 -10.5076
10.0508 -10.6599
9.89848 -10.8122
9.74619 -10.8122
9.59391 -10.9645
9.44162 -11.1168
9.28934 -11.1168
9.13706 -11.269
8.83249 -11.4213
8.6802 -11.4213
8.52792 -11.5736
8.37563 -11.5736
8.22335 -11.7259
8.07107 -11.7259
7.7665 -11.8782
7.61421 -11.8782
7.46193 -11.8782
7.30964 -12.0305
7.15736 -12.0305
6.85279 -12.0305
6.70051 -12.1827
6.54822 -12.1827
6.24365 -12.1827
6.09137 -12.1827
5.93909 -12.1827
5.7868 -12.335
5.48223 -12.335
5.32995 -12.335
5.17766 -12.335
4.8731 -12.335
4.72081 -12.335
4.56853 -12.335
4.26396 -12.335
4.11168 -12.1827
3.95939 -12.1827
3.65482 -12.1827
3.50254 -12.1827
3.35025 -12.1827
3.19797 -12.0305
2.8934 -12.0305
2.74112 -12.0305
2.58883 -11.8782
2.28426 -11.8782
2.13198 -11.8782
1.9797 -11.7259
1.82741 -11.7259
1.52284 -11.5736
1.37056 -11.5736
1.21827 -11.4213
1.06599 -11.4213
0.913706 -11.269
0.609137 -11.1168
0.456853 -11.1168
0.304569 -10.9645
0.152284 -10.9645
0 -10.8122
-0.152284 -10.6599
-0.456853 -10.5076
-0.609137 -10.5076
-0.761421 -10.3553
-0.913706 -10.203
-1.06599 -10.0508
-1.21827 -10.0508
-1.37056 -9.89848
-1.52284 -9.74619
-1.67513 -9.59391
-1.82741 -9.44162
-1.9797 -9.28934
-2.13198 -9.13706
-2.28426 -8.98477
-2.43655 -8.83249
-2.58883 -8.6802
-2.74112 -8.52792
-2.74112 -8.37563
-2.8934 -8.22335
-3.04569 -8.07107
-3.19797 -7.91878
-3.19797 -7.7665
-3.35025 -7.61421
-3.50254 -7.46193
-3.50254 -7.15736
-3.65482 -7.00508
-3.65482 -6.85279
-3.80711 -6.70051
-3.80711 -6.39594
-3.95939 -6.24365
-3.95939 -6.09137
-4.11168 -5.93909
-4.11168 -5.63452
-4.11168 -5.48223
-4.26396 -5.32995
-4.26396 -5.17766
-4.26396 -4.8731
-4.26396 -4.72081
-4.41624 -4.56853
-4.41624 -4.26396
-4.41624 -4.11168
-4.41624 -3.95939
-4.41624 -3.80711
-4.41624 -3.50254
-4.41624 -3.35025
-4.41624 -3.19797
-4.41624 -3.04569
-4.41624 -2.74112
-4.41624 -2.58883
-4.41624 -2.43655
-4.41624 -2.28426
-4.41624 -1.9797
-4.26396 -1.82741
-4.26396 -1.67513
-4.26396 -1.52284
-4.26396 -1.21827
-4.26396 -1.06599
-4.11168 -0.913706
-4.11168 -0.761421
-4.11168 -0.609137
-4.11168 -0.456853
-3.95939 -0.152284
-3.95939 0
-3.95939 0.152284
-3.80711 0.304569
-3.80711 0.456853
-3.65482 0.609137
-3.65482 0.761421
-3.65482 0.913706
-3.50254 1.06599
-3.50254 1.21827
-3.50254 1.52284
-3.35025 1.67513
-3.35025 1.82741
-3.19797 1.9797
-3.19797 2.13198
-3.04569 2.28426
-3.04569 2.43655
-2.8934 2.58883
-2.8934 2.74112
-2.74112 2.8934
-2.74112 3.04569
-2.58883 3.19797
-2.58883 3.35025
-2.43655 3.50254
-2.43655 3.65482
-2.28426 3.80711
-2.28426 3.80711
-2.13198 3.95939
-1.9797 4.11168
-1.9797 4.26396
-1.82741 4.41624
-1.67513 4.56853
-1.52284 4.72081
-1.52284 4.8731
-1.37056 4.8731
-1.21827 5.02538
-1.06599 5.17766
-1.06599 5.32995
-0.913706 5.32995
-0.761421 5.48223
-0.609137 5.63452
-0.456853 5.63452
-0.456853 5.7868
-0.304569 5.93909
-0.152284 6.09137
0 6.09137
0.152284 6.24365
0.304569 6.39594
0.304569 6.39594
0.456853 6.54822
0.609137 6.70051
0.761421 6.70051
0.913706 6.85279
1.06599 7.00508
1.06599 7.00508
1.21827 7.15736
1.37056 7.30964
1.52284 7.30964
1.67513 7.46193
1.82741 7.61421
1.82741 7.7665
1.9797 7.91878
2.13198 7.91878
2.28426 8.07107
2.43655 8.22335
2.58883 8.37563
2.74112 8.52792
2.8934 8.6802
3.04569 8.6802
3.04569 8.83249
3.19797 8.98477
3.35025 9.13706
3.65482 9.28934
3.80711 9.28934
3.95939 9.44162
4.11168 9.59391
4.26396 9.74619
4.41624 9.89848
4.56853 9.89848
4.72081 10.0508
5.02538 10.203
5.17766 10.203
5.32995 10.3553
5.48223 10.5076
5.7868 10.5076
5.93909 10.6599
6.09137 10.6599
6.24365 10.6599
6.54822 10.8122
6.70051 10.8122
7.00508 10.9645
7.15736 10.9645
7.30964 10.9645
7.61421 10.9645
7.7665 10.9645
8.07107 10.9645
8.22335 10.9645
8.37563 10.9645
8.6802 10.9645
8.83249 10.9645
8.98477 10.8122
9.28934 10.8122
9.44162 10.6599
9.59391 10.6599
9.89848 10.5076
10.0508 10.5076
10.203 10.3553
10.3553 10.203
10.5076 10.0508
10.8122 9.89848
10.9645 9.89848
11.1168 9.74619
11.269 9.59391
11.4213 9.28934
11.4213 9.13706
11.5736 8.98477
11.7259 8.83249
11.8782 8.6802
12.0305 8.52792
12.1827 8.37563
12.1827 8.22335
12.335 7.91878
12.4873 7.7665
12.4873 7.61421
12.6396 7.46193
12.7919 7.30964
12.7919 7.15736
12.9442 7.00508
13.0964 6.85279
13.0964 6.70051
13.2487 6.54822
13.401 6.39594
13.5533 6.24365
13.5533 6.09137
13.7056 5.93909
13.8579 5.7868
13.8579 5.63452
14.0102 5.48223
14.1624 5.32995
14.3147 5.17766
14.3147 5.02538
14.467 4.8731
14.6193 4.72081
14.7716 4.72081
14.7716 4.56853
14.9239 4.41624
15.0761 4.26396
15.0761 4.11168
15.2284 3.95939
15.3807 3.80711
15.533 3.65482
15.533 3.50254
15.6853 3.35025
15.8376 3.19797
15.8376 3.04569
15.9898 2.8934
15.9898 2.74112
16.1421 2.58883
16.2944 2.28426
16.2944 2.13198
16.4467 1.9797
16.4467 1.82741
16.599 1.67513
16.599 1.52284
16.599 1.37056
16.7513 1.06599
16.7513 0.913706
16.7513 0.761421
16.9036 0.609137
16.9036 0.456853
16.9036 0.152284
16.9036 0
16.9036 -0.152284
16.9036 -0.304569
16.9036 -0.609137
16.9036 -0.761421
