10.6599 -2.43655
10.6599 -2.58883
10.6599 -2.74112
10.6599 -2.8934
10.6599 -3.04569
10.6599 -3.35025
10.6599 -3.50254
10.6599 -3.65482
10.6599 -3.80711
10.6599 -3.95939
10.6599 -4.11168
10.6599 -4.26396
10.6599 -4.41624
10.6599 -4.56853
10.6599 -4.72081
10.5076 -5.02538
10.5076 -5.17766
10.5076 -5.32995
10.5076 -5.48223
10.5076 -5.63452
10.3553 -5.7868
10.3553 -5.93909
10.3553 -6.09137
10.203 -6.24365
10.203 -6.54822
10.203 -6.70051
10.0508 -6.85279
10.0508 -7.00508
10.0508 -7.15736
9.89848 -7.30964
9.89848 -7.46193
9.89848 -7.61421
9.74619 -7.7665
9.74619 -7.91878
9.59391 -8.07107
9.59391 -8.37563
9.44162 -8.52792
9.44162 -8.6802
9.28934 -8.83249
9.28934 -8.98477
9.13706 -9.13706
8.98477 -9.28934
8.98477 -9.44162
8.83249 -9.59391
8.6802 -9.74619
8.6802 -9.89848
8.52792 -10.0508
8.37563 -10.203
8.22335 -10.3553
8.07107 -10.5076
8.07107 -10.6599
7.91878 -10.6599
7.7665 -10.8122
7.61421 -10.9645
7.46193 -11.1168
7.30964 -11.269
7.15736 -11.269
7.00508 -11.4213
6.85279 -11.5736
6.70051 -11.5736
6.54822 -11.7259
6.39594 -11.8782
6.24365 -11.8782
6.09137 -12.0305
5.7868 -12.0305
5.63452 -12.1827
5.48223 -12.1827
5.32995 -12.1827
5.17766 -12.335
5.02538 -12.335
4.72081 -12.335
4.56853 -12.335
4.41624 -12.335
4.26396 -12.335
3.95939 -12.335
3.80711 -12.335
3.65482 -12.335
3.50254 -12.335
3.35025 -12.335
3.04569 -12.335
2.8934 -12.335
2.74112 -12.335
2.58883 -12.1827
2.43655 -12.1827
2.13198 -12.1827
1.9797 -12.1827
1.82741 -12.0305
1.67513 -12.0305
1.52284 -12.0305
1.37056 -11.8782
1.21827 -11.8782
1.06599 -11.8782
0.913706 -11.8782
0.609137 -11.7259
0.456853 -11.7259
0.304569 -11.7259
0.152284 -11.7259
0 -11.5736
-0.152284 -11.5736
-0.304569 -11.5736
-0.456853 -11.5736
-0.609137 -11.5736
-0.761421 -11.5736
-0.913706 -11.4213
-1.06599 -11.4213
-1.21827 -11.4213
-1.37056 -11.4213
-1.52284 -11.4213
-1.67513 -11.4213
-1.82741 -11.4213
-2.13198 -11.269
-2.28426 -11.269
-2.43655 -11.269
-2.58883 -11.269
-2.74112 -11.269
-2.8934 -11.1168
-3.04569 -11.1168
-3.19797 -11.1168
-3.35025 -10.9645
-3.50254 -10.9645
-3.65482 -10.8122
-3.80711 -10.8122
-3.95939 -10.6599
-4.11168 -10.5076
-4.26396 -10.5076
-4.41624 -10.3553
-4.56853 -10.203
-4.56853 -10.203
-4.72081 -10.0508
-4.8731 -9.89848
-5.02538 -9.74619
-5.02538 -9.59391
-5.17766 -9.44162
-5.32995 -9.28934
-5.32995 -9.13706
-5.48223 -9.13706
-5.48223 -8.98477
-5.63452 -8.83249
-5.63452 -8.6802
-5.7868 -8.52792
-5.7868 -8.37563
-5.93909 -8.22335
-5.93909 -8.07107
-5.93909 -7.91878
-6.09137 -7.7665
-6.09137 -7.61421
-6.09137 -7.46193
-6.24365 -7.15736
-6.24365 -7.00508
-6.24365 -6.85279
-6.24365 -6.70051
-6.39594 -6.54822
-6.39594 -6.39594
-6.39594 -6.24365
-6.39594 -6.09137
-6.39594 -5.93909
-6.39594 -5.7868
-6.54822 -5.63452
-6.54822 -5.48223
-6.54822 -5.32995
-6.54822 -5.32995
-6.54822 -5.17766
-6.54822 -5.02538
-6.54822 -4.8731
-6.54822 -4.72081
-6.70051 -4.56853
-6.70051 -4.41624
-6.70051 -4.26396
-6.70051 -4.11168
-6.70051 -3.95939
-6.70051 -3.80711
-6.70051 -3.65482
-6.70051 -3.50254
-6.85279 -3.35025
-6.85279 -3.35025
-6.85279 -3.19797
-6.85279 -3.04569
-6.85279 -2.8934
-6.85279 -2.74112
-6.85279 -2.58883
-7.00508 -2.43655
-7.00508 -2.28426
-7.00508 -2.13198
-7.00508 -1.9797
-7.00508 -1.82741
-7.00508 -1.67513
-7.00508 -1.52284
-7.00508 -1.37056
-7.00508 -1.21827
-7.00508 -1.21827
-7.00508 -1.06599
-7.00508 -0.913706
-7.00508 -0.761421
-7.00508 -0.609137
-7.00508 -0.456853
-7.00508 -0.304569
-7.00508 -0.152284
-7.00508 0
-7.00508 0.152284
-7.00508 0.304569
-7.00508 0.456853
-6.85279 0.609137
-6.85279 0.761421
-6.85279 0.913706
-6.85279 1.06599
-6.85279 1.21827
-6.70051 1.37056
-6.70051 1.52284
-6.70051 1.67513
-6.70051 1.82741
-6.54822 1.9797
-6.54822 2.13198
-6.54822 2.28426
-6.39594 2.43655
-6.39594 2.58883
-6.39594 2.8934
-6.24365 3.04569
-6.24365 3.19797
-6.24365 3.35025
-6.09137 3.50254
-6.09137 3.65482
-5.93909 3.80711
-5.93909 3.95939
-5.7868 4.11168
-5.7868 4.26396
-5.63452 4.41624
-5.63452 4.56853
-5.48223 4.72081
-5.48223 4.8731
-5.32995 5.02538
-5.17766 5.17766
-5.17766 5.32995
-5.02538 5.48223
-4.8731 5.63452
-4.8731 5.7868
-4.72081 5.93909
-4.56853 6.09137
-4.41624 6.24365
-4.26396 6.39594
-4.11168 6.39594
-4.11168 6.54822
-3.95939 6.70051
-3.80711 6.85279
-3.65482 7.00508
-3.50254 7.00508
-3.35025 7.15736
-3.19797 7.30964
-3.04569 7.30964
-2.74112 7.46193
-2.58883 7.46193
-2.43655 7.61421
-2.28426 7.61421
-2.13198 7.7665
-1.9797 7.7665
-1.82741 7.7665
-1.52284 7.91878
-1.37056 7.91878
-1.21827 7.91878
-1.06599 7.91878
-0.913706 8.07107
-0.609137 8.07107
-0.456853 8.07107
-0.304569 8.07107
-0.152284 8.07107
0 8.07107
0.304569 8.07107
0.456853 8.07107
0.609137 8.07107
0.761421 8.07107
0.913706 7.91878
1.21827 7.91878
1.37056 7.91878
1.52284 7.91878
1.67513 7.91878
1.82741 7.7665
2.13198 7.7665
2.28426 7.61421
2.43655 7.61421
2.58883 7.61421
2.74112 7.46193
2.8934 7.46193
3.04569 7.30964
3.19797 7.30964
3.35025 7.15736
3.50254 7.15736
3.65482 7.00508
3.80711 7.00508
3.95939 6.85279
4.11168 6.70051
4.26396 6.70051
4.41624 6.54822
4.56853 6.54822
4.72081 6.39594
4.8731 6.24365
5.02538 6.24365
5.17766 6.09137
5.32995 5.93909
5.32995 5.7868
5.48223 5.7868
5.63452 5.63452
5.7868 5.48223
5.93909 5.32995
5.93909 5.32995
6.09137 5.17766
6.24365 5.02538
6.39594 4.8731
6.39594 4.8731
6.54822 4.72081
6.70051 4.56853
6.70051 4.41624
6.85279 4.26396
6.85279 4.11168
7.00508 4.11168
7.15736 3.95939
7.15736 3.80711
7.30964 3.65482
7.30964 3.50254
7.46193 3.35025
7.46193 3.19797
7.61421 3.04569
7.61421 2.8934
7.61421 2.8934
7.7665 2.74112
7.7665 2.58883
7.91878 2.43655
7.91878 2.28426
7.91878 2.13198
8.07107 1.9797
8.07107 1.82741
8.22335 1.82741
8.22335 1.67513
8.22335 1.52284
8.37563 1.37056
8.37563 1.21827
8.52792 1.06599
8.52792 0.913706
8.52792 0.913706
8.6802 0.761421
8.6802 0.609137
8.83249 0.456853
8.83249 0.304569
8.98477 0.152284
8.98477 0.152284
9.13706 0
9.13706 -0.152284
9.28934 -0.304569
9.28934 -0.456853
9.44162 -0.609137
9.44162 -0.609137
9.59391 -0.761421
9.74619 -0.913706
9.74619 -1.06599
9.89848 -1.21827
10.0508 -1.37056
10.0508 -1.52284
10.203 -1.67513
10.3553 -1.82741
10.3553 -1.9797
10.5076 -2.13198
10.6599 -2.28426
