16.7513 -1.82741
16.599 -1.9797
16.599 -2.13198
16.599 -2.43655
16.4467 -2.58883
16.4467 -2.74112
16.4467 -2.8934
16.2944 -3.04569
16.2944 -3.19797
16.1421 -3.35025
16.1421 -3.50254
15.9898 -3.65482
15.8376 -3.80711
15.8376 -4.11168
15.6853 -4.26396
15.6853 -4.41624
15.533 -4.41624
15.3807 -4.56853
15.3807 -4.72081
15.2284 -4.8731
15.0761 -5.02538
15.0761 -5.17766
14.9239 -5.32995
14.9239 -5.48223
14.7716 -5.63452
14.6193 -5.7868
14.6193 -5.93909
14.467 -5.93909
14.3147 -6.09137
14.3147 -6.24365
14.1624 -6.39594
14.0102 -6.54822
14.0102 -6.70051
13.8579 -6.70051
13.7056 -6.85279
13.7056 -7.00508
13.5533 -7.15736
13.5533 -7.30964
13.401 -7.46193
13.2487 -7.46193
13.2487 -7.61421
13.0964 -7.7665
12.9442 -7.91878
12.9442 -7.91878
12.7919 -8.07107
12.6396 -8.22335
12.4873 -8.37563
12.4873 -8.52792
12.335 -8.52792
12.1827 -8.6802
12.1827 -8.83249
12.0305 -8.83249
11.8782 -8.98477
11.7259 -9.13706
11.5736 -9.28934
11.5736 -9.28934
11.4213 -9.44162
11.269 -9.59391
11.1168 -9.59391
10.9645 -9.74619
10.9645 -9.89848
10.8122 -9.89848
10.6599 -10.0508
10.5076 -10.203
10.3553 -10.203
10.203 -10.3553
10.0508 -10.5076
9.89848 -10.5076
9.74619 -10.6599
9.74619 -10.6599
9.59391 -10.8122
9.44162 -10.9645
9.28934 -10.9645
9.13706 -11.1168
8.98477 -11.1168
8.83249 -11.269
8.6802 -11.269
8.52792 -11.4213
8.37563 -11.4213
8.22335 -11.5736
8.07107 -11.5736
7.7665 -11.7259
7.61421 -11.7259
7.46193 -11.8782
7.30964 -11.8782
7.15736 -11.8782
7.00508 -12.0305
6.85279 -12.0305
6.70051 -12.0305
6.39594 -12.1827
6.24365 -12.1827
6.09137 -12.1827
5.93909 -12.1827
5.7868 -12.1827
5.48223 -12.335
5.32995 -12.335
5.17766 -12.335
5.02538 -12.335
4.8731 -12.335
4.56853 -12.1827
4.41624 -12.1827
4.26396 -12.1827
4.11168 -12.1827
3.95939 -12.1827
3.65482 -12.1827
3.50254 -12.0305
3.35025 -12.0305
3.19797 -12.0305
3.04569 -11.8782
2.74112 -11.8782
2.58883 -11.8782
2.43655 -11.7259
2.28426 -11.7259
2.13198 -11.5736
1.9797 -11.5736
1.82741 -11.4213
1.52284 -11.4213
1.37056 -11.269
1.21827 -11.269
1.06599 -11.1168
0.913706 -11.1168
0.761421 -10.9645
0.609137 -10.9645
0.456853 -10.8122
0.152284 -10.8122
0 -10.6599
-0.152284 -10.6599
-0.304569 -10.5076
-0.456853 -10.5076
-0.609137 -10.3553
-0.761421 -10.203
-0.913706 -10.203
-1.06599 -10.0508
-1.21827 -9.89848
-1.37056 -9.74619
-1.52284 -9.74619
-1.67513 -9.59391
-1.82741 -9.44162
-1.9797 -9.28934
-2.13198 -9.13706
-2.28426 -8.98477
-2.43655 -8.83249
-2.58883 -8.6802
-2.74112 -8.52792
-2.8934 -8.37563
-2.8934 -8.22335
-3.04569 -8.07107
-3.19797 -7.91878
-3.19797 -7.7665
-3.35025 -7.61421
-3.50254 -7.46193
-3.50254 -7.30964
-3.65482 -7.00508
-3.65482 -6.85279
-3.65482 -6.70051
-3.80711 -6.54822
-3.80711 -6.39594
-3.95939 -6.09137
-3.95939 -5.93909
-3.95939 -5.7868
-3.95939 -5.63452
-4.11168 -5.32995
-4.11168 -5.17766
-4.11168 -5.02538
-4.11168 -4.8731
-4.26396 -4.56853
-4.26396 -4.41624
-4.26396 -4.26396
-4.26396 -4.11168
-4.26396 -3.95939
-4.26396 -3.65482
-4.41624 -3.50254
-4.41624 -3.35025
-4.41624 -3.19797
-4.41624 -2.8934
-4.41624 -2.74112
-4.41624 -2.58883
-4.41624 -2.43655
-4.41624 -2.13198
-4.41624 -1.9797
-4.41624 -1.82741
-4.41624 -1.67513
-4.41624 -1.52284
-4.41624 -1.21827
-4.41624 -1.06599
-4.41624 -0.913706
-4.41624 -0.761421
-4.26396 -0.456853
-4.26396 -0.304569
-4.26396 -0.152284
-4.26396 0
-4.11168 0.152284
-4.11168 0.304569
-3.95939 0.609137
-3.95939 0.761421
-3.80711 0.913706
-3.80711 1.06599
-3.65482 1.21827
-3.50254 1.37056
-3.50254 1.52284
-3.35025 1.67513
-3.19797 1.82741
-3.04569 1.9797
-3.04569 2.13198
-2.8934 2.28426
-2.74112 2.43655
-2.58883 2.43655
-2.43655 2.58883
-2.43655 2.74112
-2.28426 2.8934
-2.13198 3.04569
-1.9797 3.19797
-1.82741 3.19797
-1.67513 3.35025
-1.52284 3.50254
-1.52284 3.65482
-1.37056 3.65482
-1.21827 3.80711
-1.06599 3.95939
-0.913706 4.11168
-0.913706 4.11168
-0.761421 4.26396
-0.609137 4.41624
-0.456853 4.41624
-0.456853 4.56853
-0.304569 4.72081
-0.152284 4.8731
0 4.8731
0 5.02538
0.152284 5.17766
0.304569 5.32995
0.456853 5.48223
0.456853 5.48223
0.609137 5.63452
0.761421 5.7868
0.913706 5.93909
0.913706 6.09137
1.06599 6.24365
1.21827 6.24365
1.37056 6.39594
1.37056 6.54822
1.52284 6.70051
1.67513 6.85279
1.82741 7.00508
1.82741 7.15736
1.9797 7.30964
2.13198 7.46193
2.28426 7.61421
2.43655 7.7665
2.58883 7.91878
2.74112 8.07107
2.8934 8.22335
3.04569 8.37563
3.19797 8.37563
3.35025 8.52792
3.50254 8.6802
3.65482 8.83249
3.80711 8.98477
3.95939 9.13706
4.11168 9.28934
4.26396 9.28934
4.41624 9.44162
4.72081 9.59391
4.8731 9.59391
5.02538 9.74619
5.17766 9.89848
5.48223 9.89848
5.63452 10.0508
5.7868 10.0508
6.09137 10.0508
6.24365 10.203
6.54822 10.203
6.70051 10.203
6.85279 10.203
7.15736 10.203
7.30964 10.203
7.61421 10.203
7.7665 10.203
7.91878 10.203
8.22335 10.203
8.37563 10.203
8.52792 10.203
8.83249 10.203
8.98477 10.0508
9.28934 10.0508
9.44162 9.89848
9.59391 9.89848
9.89848 9.74619
10.0508 9.74619
10.203 9.59391
10.3553 9.44162
10.5076 9.44162
10.8122 9.28934
10.9645 9.13706
11.1168 8.98477
11.269 8.83249
11.4213 8.6802
11.5736 8.6802
11.7259 8.52792
11.8782 8.37563
12.0305 8.22335
12.1827 8.07107
12.335 7.91878
12.4873 7.7665
12.6396 7.61421
12.7919 7.30964
12.7919 7.15736
12.9442 7.00508
13.0964 6.85279
13.2487 6.70051
13.2487 6.54822
13.401 6.39594
13.5533 6.24365
13.7056 6.09137
13.7056 5.93909
13.8579 5.7868
14.0102 5.63452
14.1624 5.48223
14.1624 5.32995
14.3147 5.17766
14.467 5.02538
14.467 4.8731
14.6193 4.72081
14.7716 4.56853
14.7716 4.41624
14.9239 4.26396
15.0761 4.11168
15.0761 3.95939
15.2284 3.80711
15.3807 3.65482
15.3807 3.50254
15.533 3.35025
15.533 3.19797
15.6853 3.04569
15.8376 2.74112
15.8376 2.58883
15.9898 2.43655
16.1421 2.28426
16.1421 2.13198
16.2944 1.9797
16.2944 1.82741
16.4467 1.67513
16.4467 1.52284
16.599 1.37056
16.599 1.21827
16.7513 0.913706
16.7513 0.761421
16.7513 0.609137
16.9036 0.456853
16.9036 0.304569
16.9036 0
16.9036 -0.152284
17.0558 -0.304569
17.0558 -0.456853
17.0558 -0.761421
16.9036 -0.913706
16.9036 -1.06599
16.9036 -1.21827
16.9036 -1.52284
16.7513 -1.67513
