16.2944 -2.13198
16.2944 -2.28426
16.2944 -2.43655
16.2944 -2.58883
16.2944 -2.8934
16.2944 -3.04569
16.1421 -3.19797
16.1421 -3.35025
16.1421 -3.50254
15.9898 -3.65482
15.9898 -3.80711
15.8376 -3.95939
15.8376 -4.11168
15.6853 -4.41624
15.533 -4.56853
15.533 -4.72081
15.3807 -4.8731
15.3807 -4.8731
15.2284 -5.02538
15.0761 -5.17766
14.9239 -5.32995
14.9239 -5.48223
14.7716 -5.63452
14.6193 -5.7868
14.6193 -5.93909
14.467 -6.09137
14.3147 -6.24365
14.3147 -6.24365
14.1624 -6.39594
14.0102 -6.54822
14.0102 -6.70051
13.8579 -6.85279
13.7056 -7.00508
13.7056 -7.00508
13.5533 -7.15736
13.401 -7.30964
13.401 -7.46193
13.2487 -7.61421
13.0964 -7.61421
13.0964 -7.7665
12.9442 -7.91878
12.7919 -8.07107
12.7919 -8.22335
12.6396 -8.22335
12.4873 -8.37563
12.4873 -8.52792
12.335 -8.6802
12.1827 -8.6802
12.0305 -8.83249
12.0305 -8.98477
11.8782 -9.13706
11.7259 -9.13706
11.5736 -9.28934
11.5736 -9.44162
11.4213 -9.44162
11.269 -9.59391
11.1168 -9.74619
10.9645 -9.74619
10.9645 -9.89848
10.8122 -10.0508
10.6599 -10.0508
10.5076 -10.203
10.3553 -10.3553
10.203 -10.3553
10.0508 -10.5076
9.89848 -10.5076
9.74619 -10.6599
9.74619 -10.8122
9.59391 -10.8122
9.44162 -10.9645
9.28934 -10.9645
9.13706 -11.1168
8.98477 -11.1168
8.83249 -11.269
8.6802 -11.269
8.52792 -11.4213
8.37563 -11.4213
8.22335 -11.5736
8.07107 -11.5736
7.91878 -11.5736
7.7665 -11.7259
7.61421 -11.7259
7.30964 -11.8782
7.15736 -11.8782
7.00508 -11.8782
6.85279 -12.0305
6.70051 -12.0305
6.54822 -12.0305
6.39594 -12.0305
6.24365 -12.1827
5.93909 -12.1827
5.7868 -12.1827
5.63452 -12.1827
5.48223 -12.1827
5.32995 -12.1827
5.17766 -12.1827
4.8731 -12.1827
4.72081 -12.1827
4.56853 -12.1827
4.41624 -12.1827
4.26396 -12.1827
4.11168 -12.1827
3.80711 -12.1827
3.65482 -12.1827
3.50254 -12.0305
3.35025 -12.0305
3.19797 -12.0305
3.04569 -12.0305
2.8934 -11.8782
2.58883 -11.8782
2.43655 -11.7259
2.28426 -11.7259
2.13198 -11.7259
1.9797 -11.5736
1.82741 -11.5736
1.67513 -11.4213
1.52284 -11.4213
1.37056 -11.269
1.06599 -11.269
0.913706 -11.269
0.761421 -11.1168
0.609137 -10.9645
0.456853 -10.9645
0.304569 -10.8122
0.152284 -10.8122
0 -10.6599
-0.152284 -10.6599
-0.304569 -10.5076
-0.456853 -10.5076
-0.609137 -10.3553
-0.761421 -10.203
-0.913706 -10.203
-1.06599 -10.0508
-1.21827 -9.89848
-1.37056 -9.74619
-1.52284 -9.74619
-1.67513 -9.59391
-1.82741 -9.44162
-1.9797 -9.28934
-2.13198 -9.13706
-2.28426 -9.13706
-2.43655 -8.98477
-2.58883 -8.83249
-2.58883 -8.6802
-2.74112 -8.52792
-2.8934 -8.37563
-3.04569 -8.22335
-3.04569 -8.07107
-3.19797 -7.91878
-3.35025 -7.61421
-3.35025 -7.46193
-3.50254 -7.30964
-3.50254 -7.15736
-3.65482 -7.00508
-3.65482 -6.85279
-3.80711 -6.70051
-3.80711 -6.54822
-3.80711 -6.24365
-3.95939 -6.09137
-3.95939 -5.93909
-3.95939 -5.7868
-4.11168 -5.63452
-4.11168 -5.32995
-4.11168 -5.17766
-4.11168 -5.02538
-4.26396 -4.8731
-4.26396 -4.72081
-4.26396 -4.41624
-4.26396 -4.26396
-4.26396 -4.11168
-4.26396 -3.95939
-4.41624 -3.80711
-4.41624 -3.50254
-4.41624 -3.35025
-4.41624 -3.19797
-4.41624 -3.04569
-4.41624 -2.8934
-4.41624 -2.58883
-4.41624 -2.43655
-4.41624 -2.28426
-4.41624 -2.13198
-4.41624 -1.9797
-4.41624 -1.67513
-4.41624 -1.52284
-4.41624 -1.37056
-4.26396 -1.21827
-4.26396 -1.06599
-4.26396 -0.913706
-4.26396 -0.609137
-4.26396 -0.456853
-4.11168 -0.304569
-4.11168 -0.152284
-4.11168 0
-3.95939 0.152284
-3.95939 0.304569
-3.80711 0.609137
-3.80711 0.761421
-3.80711 0.913706
-3.65482 1.06599
-3.50254 1.21827
-3.50254 1.37056
-3.35025 1.52284
-3.35025 1.67513
-3.19797 1.82741
-3.19797 1.9797
-3.04569 2.13198
-2.8934 2.28426
-2.8934 2.43655
-2.74112 2.58883
-2.58883 2.74112
-2.58883 2.8934
-2.43655 2.8934
-2.28426 3.04569
-2.13198 3.19797
-2.13198 3.35025
-1.9797 3.50254
-1.82741 3.65482
-1.67513 3.65482
-1.67513 3.80711
-1.52284 3.95939
-1.37056 4.11168
-1.21827 4.26396
-1.06599 4.26396
-1.06599 4.41624
-0.913706 4.56853
-0.761421 4.72081
-0.609137 4.72081
-0.456853 4.8731
-0.456853 5.02538
-0.304569 5.17766
-0.152284 5.17766
0 5.32995
0.152284 5.48223
0.304569 5.63452
0.304569 5.63452
0.456853 5.7868
0.609137 5.93909
0.761421 5.93909
0.913706 6.09137
1.06599 6.24365
1.06599 6.39594
1.21827 6.39594
1.37056 6.54822
1.52284 6.70051
1.67513 6.85279
1.82741 6.85279
1.9797 7.00508
2.13198 7.15736
2.28426 7.30964
2.43655 7.30964
2.58883 7.46193
2.74112 7.61421
2.8934 7.61421
3.04569 7.7665
3.19797 7.91878
3.35025 7.91878
3.50254 8.07107
3.65482 8.22335
3.80711 8.22335
3.95939 8.37563
4.11168 8.37563
4.26396 8.52792
4.56853 8.52792
4.72081 8.6802
4.8731 8.6802
5.02538 8.83249
5.17766 8.83249
5.48223 8.83249
5.63452 8.98477
5.7868 8.98477
5.93909 8.98477
6.24365 8.98477
6.39594 9.13706
6.54822 9.13706
6.85279 9.13706
7.00508 9.13706
7.15736 9.13706
7.46193 9.13706
7.61421 9.13706
7.7665 9.13706
7.91878 9.13706
8.22335 9.13706
8.37563 9.13706
8.52792 8.98477
8.83249 8.98477
8.98477 8.98477
9.13706 8.98477
9.44162 8.83249
9.59391 8.83249
9.74619 8.83249
9.89848 8.6802
10.203 8.6802
10.3553 8.52792
10.5076 8.52792
10.6599 8.37563
10.9645 8.37563
11.1168 8.22335
11.269 8.22335
11.4213 8.07107
11.5736 8.07107
11.7259 7.91878
12.0305 7.7665
12.1827 7.61421
12.335 7.61421
12.4873 7.46193
12.6396 7.30964
12.7919 7.15736
12.9442 7.00508
13.0964 7.00508
13.2487 6.85279
13.401 6.70051
13.5533 6.54822
13.5533 6.39594
13.7056 6.24365
13.8579 6.09137
14.0102 5.93909
14.1624 5.7868
14.1624 5.48223
14.3147 5.32995
14.467 5.17766
14.467 5.02538
14.6193 4.8731
14.7716 4.72081
14.7716 4.56853
14.9239 4.41624
15.0761 4.26396
15.0761 3.95939
15.2284 3.80711
15.2284 3.65482
15.3807 3.50254
15.3807 3.35025
15.533 3.19797
15.6853 3.04569
15.6853 2.8934
15.8376 2.74112
15.8376 2.43655
15.9898 2.28426
16.1421 2.13198
16.1421 1.9797
16.2944 1.82741
16.4467 1.67513
16.599 1.52284
16.599 1.37056
16.7513 1.21827
16.7513 1.06599
16.9036 0.761421
16.9036 0.609137
17.0558 0.456853
17.0558 0.304569
17.0558 0
17.2081 -0.152284
17.2081 -0.304569
17.2081 -0.609137
17.0558 -0.761421
17.0558 -0.913706
17.0558 -1.06599
16.9036 -1.37056
16.7513 -1.52284
16.599 -1.67513
16.4467 -1.9797
