16.9036 -0.913706
16.9036 -1.06599
16.7513 -1.21827
16.7513 -1.52284
16.7513 -1.67513
16.599 -1.82741
16.599 -1.9797
16.4467 -2.13198
16.4467 -2.43655
16.2944 -2.58883
16.2944 -2.74112
16.1421 -2.8934
16.1421 -3.04569
15.9898 -3.19797
15.9898 -3.35025
15.8376 -3.50254
15.8376 -3.65482
15.6853 -3.80711
15.6853 -3.95939
15.533 -4.26396
15.3807 -4.41624
15.3807 -4.56853
15.2284 -4.72081
15.2284 -4.8731
15.0761 -4.8731
14.9239 -5.02538
14.9239 -5.17766
14.7716 -5.32995
14.7716 -5.48223
14.6193 -5.63452
14.467 -5.7868
14.467 -5.93909
14.3147 -6.09137
14.1624 -6.24365
14.1624 -6.39594
14.0102 -6.54822
13.8579 -6.70051
13.7056 -6.70051
13.7056 -6.85279
13.5533 -7.00508
13.401 -7.15736
13.401 -7.30964
13.2487 -7.46193
13.0964 -7.61421
12.9442 -7.61421
12.9442 -7.7665
12.7919 -7.91878
12.6396 -8.07107
12.4873 -8.22335
12.4873 -8.37563
12.335 -8.37563
12.1827 -8.52792
12.0305 -8.6802
12.0305 -8.83249
11.8782 -8.98477
11.7259 -8.98477
11.5736 -9.13706
11.4213 -9.28934
11.269 -9.44162
11.1168 -9.59391
11.1168 -9.59391
10.9645 -9.74619
10.8122 -9.89848
10.6599 -10.0508
10.5076 -10.0508
10.3553 -10.203
10.203 -10.3553
10.0508 -10.3553
9.89848 -10.5076
9.74619 -10.6599
9.59391 -10.6599
9.44162 -10.8122
9.28934 -10.9645
9.13706 -10.9645
8.98477 -11.1168
8.83249 -11.269
8.52792 -11.269
8.37563 -11.4213
8.22335 -11.4213
8.07107 -11.5736
7.91878 -11.5736
7.7665 -11.7259
7.46193 -11.7259
7.30964 -11.8782
7.15736 -11.8782
7.00508 -11.8782
6.85279 -12.0305
6.54822 -12.0305
6.39594 -12.0305
6.24365 -12.1827
5.93909 -12.1827
5.7868 -12.1827
5.63452 -12.1827
5.48223 -12.1827
5.17766 -12.1827
5.02538 -12.1827
4.8731 -12.1827
4.56853 -12.1827
4.41624 -12.1827
4.26396 -12.1827
3.95939 -12.1827
3.80711 -12.0305
3.65482 -12.0305
3.50254 -12.0305
3.19797 -11.8782
3.04569 -11.8782
2.8934 -11.8782
2.74112 -11.7259
2.43655 -11.7259
2.28426 -11.5736
2.13198 -11.5736
1.9797 -11.4213
1.82741 -11.4213
1.52284 -11.269
1.37056 -11.269
1.21827 -11.1168
1.06599 -11.1168
0.913706 -10.9645
0.761421 -10.8122
0.609137 -10.8122
0.304569 -10.6599
0.152284 -10.5076
0 -10.5076
-0.152284 -10.3553
-0.304569 -10.3553
-0.456853 -10.203
-0.609137 -10.0508
-0.913706 -10.0508
-1.06599 -9.89848
-1.21827 -9.74619
-1.37056 -9.59391
-1.52284 -9.59391
-1.67513 -9.44162
-1.82741 -9.28934
-1.9797 -9.13706
-2.13198 -8.98477
-2.28426 -8.83249
-2.43655 -8.83249
-2.58883 -8.6802
-2.74112 -8.52792
-2.8934 -8.37563
-3.04569 -8.22335
-3.04569 -8.07107
-3.19797 -7.91878
-3.35025 -7.61421
-3.50254 -7.46193
-3.50254 -7.30964
-3.65482 -7.15736
-3.65482 -7.00508
-3.80711 -6.85279
-3.80711 -6.54822
-3.95939 -6.39594
-3.95939 -6.24365
-4.11168 -6.09137
-4.11168 -5.7868
-4.11168 -5.63452
-4.26396 -5.48223
-4.26396 -5.32995
-4.26396 -5.02538
-4.26396 -4.8731
-4.41624 -4.72081
-4.41624 -4.41624
-4.41624 -4.26396
-4.41624 -4.11168
-4.41624 -3.95939
-4.41624 -3.65482
-4.41624 -3.50254
-4.41624 -3.35025
-4.41624 -3.19797
-4.41624 -2.8934
-4.41624 -2.74112
-4.41624 -2.58883
-4.41624 -2.43655
-4.41624 -2.13198
-4.41624 -1.9797
-4.41624 -1.82741
-4.41624 -1.67513
-4.41624 -1.52284
-4.41624 -1.21827
-4.41624 -1.06599
-4.41624 -0.913706
-4.26396 -0.761421
-4.26396 -0.609137
-4.26396 -0.304569
-4.26396 -0.152284
-4.26396 0
-4.11168 0.152284
-4.11168 0.304569
-4.11168 0.456853
-3.95939 0.761421
-3.95939 0.913706
-3.95939 1.06599
-3.80711 1.21827
-3.80711 1.37056
-3.65482 1.52284
-3.65482 1.67513
-3.50254 1.82741
-3.50254 1.9797
-3.35025 2.13198
-3.35025 2.28426
-3.19797 2.43655
-3.04569 2.58883
-3.04569 2.74112
-2.8934 2.8934
-2.8934 3.04569
-2.74112 3.19797
-2.58883 3.35025
-2.43655 3.50254
-2.43655 3.50254
-2.28426 3.65482
-2.13198 3.80711
-2.13198 3.95939
-1.9797 4.11168
-1.82741 4.26396
-1.67513 4.26396
-1.67513 4.41624
-1.52284 4.56853
-1.37056 4.72081
-1.21827 4.72081
-1.21827 4.8731
-1.06599 5.02538
-0.913706 5.17766
-0.761421 5.17766
-0.761421 5.32995
-0.609137 5.48223
-0.456853 5.63452
-0.304569 5.63452
-0.304569 5.7868
-0.152284 5.93909
0 6.09137
0.152284 6.09137
0.152284 6.24365
0.304569 6.39594
0.456853 6.39594
0.609137 6.54822
0.761421 6.70051
0.761421 6.85279
0.913706 6.85279
1.06599 7.00508
1.21827 7.15736
1.37056 7.15736
1.37056 7.30964
1.52284 7.46193
1.67513 7.46193
1.82741 7.61421
1.9797 7.7665
2.13198 7.91878
2.28426 7.91878
2.43655 8.07107
2.58883 8.22335
2.58883 8.22335
2.74112 8.37563
2.8934 8.52792
3.04569 8.6802
3.19797 8.6802
3.35025 8.83249
3.50254 8.98477
3.65482 8.98477
3.80711 9.13706
3.95939 9.28934
4.26396 9.28934
4.41624 9.44162
4.56853 9.59391
4.72081 9.59391
4.8731 9.74619
5.02538 9.89848
5.17766 9.89848
5.48223 10.0508
5.63452 10.203
5.7868 10.203
5.93909 10.3553
6.24365 10.3553
6.39594 10.5076
6.54822 10.5076
6.85279 10.5076
7.00508 10.6599
7.15736 10.6599
7.46193 10.6599
7.61421 10.8122
7.91878 10.8122
8.07107 10.8122
8.22335 10.8122
8.52792 10.8122
8.6802 10.8122
8.98477 10.8122
9.13706 10.6599
9.28934 10.6599
9.59391 10.6599
9.74619 10.5076
9.89848 10.5076
10.0508 10.3553
10.3553 10.3553
10.5076 10.203
10.6599 10.0508
10.8122 9.89848
10.9645 9.74619
11.1168 9.59391
11.269 9.44162
11.4213 9.28934
11.5736 9.13706
11.7259 8.98477
11.8782 8.83249
12.0305 8.6802
12.1827 8.52792
12.1827 8.37563
12.335 8.22335
12.4873 8.07107
12.6396 7.7665
12.6396 7.61421
12.7919 7.46193
12.9442 7.30964
12.9442 7.15736
13.0964 7.00508
13.2487 6.85279
13.401 6.70051
13.401 6.54822
13.5533 6.39594
13.7056 6.24365
13.7056 6.09137
13.8579 5.93909
14.0102 5.7868
14.0102 5.63452
14.1624 5.48223
14.3147 5.32995
14.467 5.17766
14.467 5.02538
14.6193 4.8731
14.7716 4.72081
14.7716 4.56853
14.9239 4.41624
15.0761 4.26396
15.0761 4.11168
15.2284 3.95939
15.3807 3.80711
15.3807 3.65482
15.533 3.50254
15.533 3.35025
15.6853 3.19797
15.8376 3.04569
15.8376 2.8934
15.9898 2.74112
15.9898 2.58883
16.1421 2.43655
16.1421 2.13198
16.1421 1.9797
16.2944 1.82741
16.2944 1.67513
16.4467 1.52284
16.4467 1.37056
16.4467 1.06599
16.599 0.913706
16.599 0.761421
16.599 0.609137
16.7513 0.456853
16.7513 0.152284
16.7513 0
16.7513 -0.152284
16.9036 -0.304569
16.9036 -0.456853
16.9036 -0.761421
