16.1421 -1.06599
16.1421 -1.21827
16.1421 -1.37056
16.1421 -1.52284
16.1421 -1.82741
16.1421 -1.9797
15.9898 -2.13198
15.9898 -2.28426
15.9898 -2.43655
15.8376 -2.58883
15.8376 -2.8934
15.6853 -3.04569
15.6853 -3.19797
15.533 -3.35025
15.533 -3.50254
15.3807 -3.65482
15.3807 -3.80711
15.2284 -3.95939
15.2284 -4.11168
15.0761 -4.26396
14.9239 -4.41624
14.9239 -4.56853
14.7716 -4.72081
14.7716 -4.8731
14.6193 -5.02538
14.467 -5.17766
14.467 -5.32995
14.3147 -5.48223
14.1624 -5.63452
14.1624 -5.7868
14.0102 -5.93909
13.8579 -5.93909
13.8579 -6.09137
13.7056 -6.24365
13.5533 -6.39594
13.5533 -6.54822
13.401 -6.70051
13.2487 -6.85279
13.2487 -7.00508
13.0964 -7.00508
12.9442 -7.15736
12.7919 -7.30964
12.7919 -7.46193
12.6396 -7.61421
12.4873 -7.7665
12.4873 -7.7665
12.335 -7.91878
12.1827 -8.07107
12.0305 -8.22335
12.0305 -8.37563
11.8782 -8.52792
11.7259 -8.6802
11.5736 -8.6802
11.5736 -8.83249
11.4213 -8.98477
11.269 -9.13706
11.1168 -9.28934
11.1168 -9.44162
10.9645 -9.44162
10.8122 -9.59391
10.6599 -9.74619
10.5076 -9.89848
10.3553 -10.0508
10.203 -10.0508
10.0508 -10.203
9.89848 -10.3553
9.74619 -10.5076
9.59391 -10.5076
9.44162 -10.6599
9.28934 -10.8122
9.13706 -10.8122
8.98477 -10.9645
8.83249 -10.9645
8.6802 -11.1168
8.52792 -11.269
8.37563 -11.269
8.22335 -11.4213
8.07107 -11.4213
7.91878 -11.5736
7.61421 -11.5736
7.46193 -11.5736
7.30964 -11.7259
7.15736 -11.7259
7.00508 -11.7259
6.70051 -11.8782
6.54822 -11.8782
6.39594 -11.8782
6.24365 -11.8782
5.93909 -12.0305
5.7868 -12.0305
5.63452 -12.0305
5.48223 -12.0305
5.17766 -12.0305
5.02538 -12.0305
4.8731 -12.0305
4.72081 -12.0305
4.41624 -12.0305
4.26396 -12.0305
4.11168 -12.0305
3.95939 -12.0305
3.65482 -11.8782
3.50254 -11.8782
3.35025 -11.8782
3.19797 -11.8782
2.8934 -11.7259
2.74112 -11.7259
2.58883 -11.7259
2.43655 -11.7259
2.13198 -11.5736
1.9797 -11.5736
1.82741 -11.4213
1.67513 -11.4213
1.52284 -11.269
1.21827 -11.269
1.06599 -11.1168
0.913706 -11.1168
0.761421 -10.9645
0.609137 -10.9645
0.456853 -10.8122
0.304569 -10.8122
0 -10.6599
-0.152284 -10.6599
-0.304569 -10.5076
-0.456853 -10.3553
-0.609137 -10.3553
-0.761421 -10.203
-0.913706 -10.0508
-1.06599 -10.0508
-1.21827 -9.89848
-1.37056 -9.74619
-1.52284 -9.59391
-1.67513 -9.59391
-1.82741 -9.44162
-1.9797 -9.28934
-2.13198 -9.13706
-2.28426 -8.98477
-2.43655 -8.83249
-2.58883 -8.6802
-2.74112 -8.52792
-2.8934 -8.37563
-3.04569 -8.22335
-3.04569 -8.07107
-3.19797 -7.91878
-3.35025 -7.7665
-3.50254 -7.61421
-3.50254 -7.46193
-3.65482 -7.30964
-3.65482 -7.15736
-3.80711 -7.00508
-3.95939 -6.70051
-3.95939 -6.54822
-3.95939 -6.39594
-4.11168 -6.24365
-4.11168 -6.09137
-4.26396 -5.7868
-4.26396 -5.63452
-4.26396 -5.48223
-4.41624 -5.32995
-4.41624 -5.02538
-4.41624 -4.8731
-4.41624 -4.72081
-4.41624 -4.56853
-4.41624 -4.26396
-4.56853 -4.11168
-4.56853 -3.95939
-4.56853 -3.80711
-4.56853 -3.50254
-4.56853 -3.35025
-4.56853 -3.19797
-4.56853 -3.04569
-4.56853 -2.8934
-4.56853 -2.58883
-4.56853 -2.43655
-4.56853 -2.28426
-4.56853 -2.13198
-4.56853 -1.9797
-4.56853 -1.67513
-4.56853 -1.52284
-4.56853 -1.37056
-4.56853 -1.21827
-4.41624 -1.06599
-4.41624 -0.913706
-4.41624 -0.761421
-4.41624 -0.456853
-4.41624 -0.304569
-4.26396 -0.152284
-4.26396 0
-4.26396 0.152284
-4.26396 0.304569
-4.11168 0.456853
-4.11168 0.609137
-4.11168 0.913706
-3.95939 1.06599
-3.95939 1.21827
-3.80711 1.37056
-3.80711 1.52284
-3.65482 1.67513
-3.65482 1.82741
-3.50254 1.9797
-3.50254 2.13198
-3.35025 2.28426
-3.19797 2.43655
-3.19797 2.58883
-3.04569 2.58883
-3.04569 2.74112
-2.8934 2.8934
-2.74112 3.04569
-2.74112 3.19797
-2.58883 3.35025
-2.43655 3.50254
-2.43655 3.65482
-2.28426 3.80711
-2.28426 3.80711
-2.13198 3.95939
-1.9797 4.11168
-1.9797 4.26396
-1.82741 4.41624
-1.67513 4.56853
-1.67513 4.56853
-1.52284 4.72081
-1.37056 4.8731
-1.37056 5.02538
-1.21827 5.17766
-1.06599 5.32995
-1.06599 5.32995
-0.913706 5.48223
-0.761421 5.63452
-0.761421 5.7868
-0.609137 5.93909
-0.456853 6.09137
-0.456853 6.09137
-0.304569 6.24365
-0.152284 6.39594
-0.152284 6.54822
0 6.70051
0.152284 6.85279
0.304569 6.85279
0.304569 7.00508
0.456853 7.15736
0.609137 7.30964
0.761421 7.46193
0.913706 7.61421
1.06599 7.61421
1.06599 7.7665
1.21827 7.91878
1.37056 8.07107
1.52284 8.07107
1.67513 8.22335
1.82741 8.37563
1.9797 8.52792
2.13198 8.52792
2.28426 8.6802
2.43655 8.83249
2.58883 8.83249
2.74112 8.98477
2.8934 9.13706
3.04569 9.28934
3.19797 9.28934
3.35025 9.44162
3.65482 9.59391
3.80711 9.59391
3.95939 9.74619
4.11168 9.74619
4.26396 9.89848
4.41624 10.0508
4.72081 10.0508
4.8731 10.203
5.02538 10.203
5.17766 10.3553
5.48223 10.5076
5.63452 10.5076
5.7868 10.6599
6.09137 10.6599
6.24365 10.6599
6.39594 10.8122
6.70051 10.8122
6.85279 10.9645
7.15736 10.9645
7.30964 10.9645
7.61421 10.9645
7.7665 10.9645
7.91878 10.9645
8.22335 10.9645
8.37563 10.9645
8.6802 10.9645
8.83249 10.9645
9.13706 10.9645
9.28934 10.9645
9.44162 10.8122
9.74619 10.8122
9.89848 10.6599
10.0508 10.6599
10.3553 10.5076
10.5076 10.3553
10.6599 10.3553
10.8122 10.203
10.9645 10.0508
11.269 9.89848
11.4213 9.74619
11.5736 9.59391
11.7259 9.44162
11.8782 9.28934
12.0305 9.13706
12.1827 8.98477
12.335 8.83249
12.4873 8.6802
12.6396 8.52792
12.7919 8.37563
12.7919 8.22335
12.9442 8.07107
13.0964 7.91878
13.2487 7.7665
13.401 7.61421
13.5533 7.30964
13.5533 7.15736
13.7056 7.00508
13.8579 6.85279
14.0102 6.70051
14.1624 6.54822
14.1624 6.39594
14.3147 6.24365
14.467 6.09137
14.6193 5.93909
14.6193 5.7868
14.7716 5.63452
14.9239 5.48223
14.9239 5.32995
15.0761 5.17766
15.2284 4.8731
15.2284 4.72081
15.3807 4.56853
15.3807 4.41624
15.533 4.26396
15.533 4.11168
15.6853 3.80711
15.6853 3.65482
15.8376 3.50254
15.8376 3.35025
15.8376 3.04569
15.9898 2.8934
15.9898 2.74112
15.9898 2.58883
15.9898 2.28426
15.9898 2.13198
15.9898 1.9797
15.9898 1.82741
16.1421 1.52284
16.1421 1.37056
16.1421 1.21827
16.1421 1.06599
16.1421 0.761421
16.1421 0.609137
16.1421 0.456853
16.1421 0.304569
16.1421 0
16.1421 -0.152284
16.1421 -0.304569
16.1421 -0.456853
16.1421 -0.609137
16.1421 -0.913706
