12.335 -2.43655
12.335 -2.74112
12.335 -2.8934
12.335 -3.04569
12.1827 -3.19797
12.1827 -3.35025
12.1827 -3.50254
12.0305 -3.65482
12.0305 -3.95939
11.8782 -4.11168
11.8782 -4.26396
11.7259 -4.41624
11.7259 -4.56853
11.5736 -4.72081
11.4213 -4.8731
11.4213 -5.02538
11.269 -5.17766
11.1168 -5.32995
11.1168 -5.48223
10.9645 -5.63452
10.8122 -5.63452
10.8122 -5.7868
10.6599 -5.93909
10.5076 -6.09137
10.3553 -6.24365
10.3553 -6.39594
10.203 -6.39594
10.0508 -6.54822
9.89848 -6.70051
9.74619 -6.85279
9.74619 -6.85279
9.59391 -7.00508
9.44162 -7.15736
9.28934 -7.15736
9.13706 -7.30964
9.13706 -7.46193
8.98477 -7.46193
8.83249 -7.61421
8.6802 -7.61421
8.52792 -7.7665
8.52792 -7.91878
8.37563 -7.91878
8.22335 -8.07107
8.07107 -8.07107
8.07107 -8.22335
7.91878 -8.37563
7.7665 -8.37563
7.61421 -8.52792
7.61421 -8.52792
7.46193 -8.6802
7.30964 -8.83249
7.15736 -8.83249
7.15736 -8.98477
7.00508 -8.98477
6.85279 -9.13706
6.85279 -9.28934
6.70051 -9.28934
6.54822 -9.44162
6.39594 -9.44162
6.39594 -9.59391
6.24365 -9.74619
6.09137 -9.74619
5.93909 -9.89848
5.93909 -9.89848
5.7868 -10.0508
5.63452 -10.0508
5.48223 -10.203
5.32995 -10.203
5.17766 -10.3553
5.17766 -10.3553
5.02538 -10.5076
4.8731 -10.5076
4.72081 -10.6599
4.56853 -10.6599
4.41624 -10.6599
4.26396 -10.8122
4.11168 -10.8122
3.95939 -10.8122
3.80711 -10.8122
3.65482 -10.9645
3.50254 -10.9645
3.35025 -10.9645
3.19797 -10.9645
3.19797 -10.9645
3.04569 -10.9645
2.8934 -10.9645
2.74112 -10.9645
2.58883 -10.9645
2.43655 -10.9645
2.28426 -10.9645
2.13198 -10.9645
1.9797 -10.9645
1.82741 -10.9645
1.67513 -10.9645
1.52284 -10.9645
1.37056 -10.8122
1.21827 -10.8122
1.06599 -10.8122
0.913706 -10.8122
0.761421 -10.8122
0.609137 -10.6599
0.456853 -10.6599
0.304569 -10.6599
0.152284 -10.5076
0.152284 -10.5076
0 -10.5076
-0.152284 -10.3553
-0.304569 -10.3553
-0.456853 -10.203
-0.609137 -10.203
-0.761421 -10.0508
-0.761421 -10.0508
-0.913706 -10.0508
-1.06599 -9.89848
-1.21827 -9.89848
-1.37056 -9.74619
-1.37056 -9.74619
-1.52284 -9.59391
-1.67513 -9.59391
-1.82741 -9.44162
-1.82741 -9.28934
-1.9797 -9.28934
-2.13198 -9.13706
-2.13198 -9.13706
-2.28426 -8.98477
-2.43655 -8.98477
-2.58883 -8.83249
-2.58883 -8.6802
-2.74112 -8.6802
-2.8934 -8.52792
-2.8934 -8.52792
-3.04569 -8.37563
-3.19797 -8.22335
-3.19797 -8.22335
-3.35025 -8.07107
-3.50254 -8.07107
-3.50254 -7.91878
-3.65482 -7.7665
-3.80711 -7.7665
-3.80711 -7.61421
-3.95939 -7.61421
-4.11168 -7.46193
-4.11168 -7.46193
-4.26396 -7.30964
-4.41624 -7.15736
-4.56853 -7.15736
-4.72081 -7.00508
-4.72081 -7.00508
-4.8731 -6.85279
-5.02538 -6.70051
-5.17766 -6.70051
-5.32995 -6.54822
-5.32995 -6.54822
-5.48223 -6.39594
-5.63452 -6.24365
-5.7868 -6.09137
-5.93909 -6.09137
-6.09137 -5.93909
-6.09137 -5.7868
-6.24365 -5.63452
-6.39594 -5.63452
-6.54822 -5.48223
-6.54822 -5.32995
-6.70051 -5.17766
-6.85279 -5.02538
-6.85279 -4.8731
-7.00508 -4.72081
-7.00508 -4.56853
-7.15736 -4.41624
-7.15736 -4.26396
-7.15736 -4.11168
-7.30964 -3.95939
-7.30964 -3.80711
-7.30964 -3.65482
-7.30964 -3.50254
-7.46193 -3.35025
-7.46193 -3.19797
-7.46193 -3.04569
-7.46193 -2.8934
-7.46193 -2.74112
-7.46193 -2.43655
-7.46193 -2.28426
-7.46193 -2.13198
-7.46193 -1.9797
-7.30964 -1.82741
-7.30964 -1.67513
-7.30964 -1.52284
-7.30964 -1.37056
-7.30964 -1.21827
-7.30964 -1.06599
-7.15736 -0.913706
-7.15736 -0.761421
-7.15736 -0.609137
-7.00508 -0.456853
-7.00508 -0.152284
-7.00508 0
-7.00508 0.152284
-6.85279 0.304569
-6.85279 0.456853
-6.85279 0.609137
-6.70051 0.761421
-6.70051 0.913706
-6.70051 1.06599
-6.54822 1.21827
-6.54822 1.37056
-6.39594 1.52284
-6.39594 1.67513
-6.24365 1.82741
-6.24365 1.9797
-6.09137 1.9797
-6.09137 2.13198
-5.93909 2.28426
-5.7868 2.43655
-5.7868 2.58883
-5.63452 2.74112
-5.48223 2.8934
-5.48223 2.8934
-5.32995 3.04569
-5.17766 3.19797
-5.02538 3.35025
-5.02538 3.35025
-4.8731 3.50254
-4.72081 3.65482
-4.56853 3.65482
-4.41624 3.80711
-4.26396 3.80711
-4.11168 3.95939
-3.95939 3.95939
-3.80711 4.11168
-3.65482 4.11168
-3.50254 4.26396
-3.50254 4.26396
-3.35025 4.41624
-3.19797 4.41624
-3.04569 4.56853
-2.8934 4.56853
-2.74112 4.56853
-2.58883 4.72081
-2.43655 4.72081
-2.28426 4.72081
-2.13198 4.8731
-1.9797 4.8731
-1.82741 5.02538
-1.82741 5.02538
-1.67513 5.02538
-1.52284 5.17766
-1.37056 5.17766
-1.21827 5.32995
-1.06599 5.32995
-0.913706 5.32995
-0.761421 5.48223
-0.609137 5.48223
-0.456853 5.48223
-0.456853 5.63452
-0.304569 5.63452
-0.152284 5.63452
0 5.7868
0.152284 5.7868
0.304569 5.7868
0.456853 5.7868
0.609137 5.93909
0.761421 5.93909
0.913706 5.93909
1.06599 5.93909
1.21827 5.93909
1.37056 5.93909
1.52284 6.09137
1.67513 6.09137
1.82741 6.09137
1.9797 6.09137
2.13198 5.93909
2.28426 5.93909
2.43655 5.93909
2.58883 5.93909
2.74112 5.93909
2.8934 5.93909
2.8934 5.93909
3.04569 5.7868
3.19797 5.7868
3.35025 5.7868
3.50254 5.7868
3.65482 5.63452
3.80711 5.63452
3.95939 5.63452
4.11168 5.48223
4.26396 5.48223
4.41624 5.48223
4.41624 5.32995
4.56853 5.32995
4.72081 5.17766
4.8731 5.17766
5.02538 5.02538
5.17766 5.02538
5.17766 4.8731
5.32995 4.8731
5.48223 4.72081
5.63452 4.72081
5.7868 4.56853
5.7868 4.56853
5.93909 4.41624
6.09137 4.41624
6.24365 4.26396
6.24365 4.26396
6.39594 4.11168
6.54822 4.11168
6.54822 3.95939
6.70051 3.95939
6.85279 3.80711
7.00508 3.80711
7.00508 3.65482
7.15736 3.50254
7.30964 3.50254
7.46193 3.35025
7.46193 3.35025
7.61421 3.19797
7.7665 3.19797
7.91878 3.04569
7.91878 3.04569
8.07107 2.8934
8.22335 2.8934
8.37563 2.74112
8.52792 2.58883
8.52792 2.58883
8.6802 2.43655
8.83249 2.43655
8.98477 2.28426
9.13706 2.13198
9.13706 2.13198
9.28934 1.9797
9.44162 1.9797
9.59391 1.82741
9.59391 1.67513
9.74619 1.52284
9.89848 1.52284
10.0508 1.37056
10.0508 1.21827
10.203 1.06599
10.3553 1.06599
10.5076 0.913706
10.5076 0.761421
10.6599 0.609137
10.8122 0.456853
10.8122 0.304569
10.9645 0.152284
11.1168 0
11.1168 0
11.269 -0.152284
11.269 -0.304569
11.4213 -0.456853
11.5736 -0.609137
11.5736 -0.761421
11.7259 -0.913706
11.7259 -1.06599
11.8782 -1.37056
12.0305 -1.52284
12.0305 -1.67513
12.1827 -1.82741
12.1827 -1.9797
12.335 -2.13198
12.335 -2.28426
