13.8579 2.13198
13.8579 1.82741
13.7056 1.67513
13.7056 1.52284
13.7056 1.37056
13.5533 1.21827
13.5533 0.913706
13.401 0.761421
13.401 0.609137
13.2487 0.456853
13.2487 0.304569
13.0964 0.152284
13.0964 0
12.9442 -0.152284
12.7919 -0.304569
12.7919 -0.456853
12.6396 -0.609137
12.6396 -0.761421
12.4873 -0.913706
12.335 -1.06599
12.335 -1.21827
12.1827 -1.37056
12.0305 -1.52284
12.0305 -1.67513
11.8782 -1.82741
11.7259 -1.9797
11.7259 -2.13198
11.5736 -2.28426
11.4213 -2.43655
11.4213 -2.58883
11.269 -2.74112
11.1168 -2.74112
11.1168 -2.8934
10.9645 -3.04569
10.8122 -3.19797
10.8122 -3.35025
10.6599 -3.50254
10.5076 -3.65482
10.5076 -3.65482
10.3553 -3.80711
10.203 -3.95939
10.203 -4.11168
10.0508 -4.26396
9.89848 -4.41624
9.89848 -4.41624
9.74619 -4.56853
9.59391 -4.72081
9.44162 -4.8731
9.44162 -5.02538
9.28934 -5.02538
9.13706 -5.17766
8.98477 -5.32995
8.98477 -5.48223
8.83249 -5.63452
8.6802 -5.7868
8.52792 -5.7868
8.52792 -5.93909
8.37563 -6.09137
8.22335 -6.24365
8.07107 -6.24365
7.91878 -6.39594
7.7665 -6.54822
7.61421 -6.70051
7.61421 -6.70051
7.46193 -6.85279
7.30964 -7.00508
7.15736 -7.15736
7.00508 -7.15736
6.85279 -7.30964
6.70051 -7.46193
6.54822 -7.46193
6.39594 -7.61421
6.24365 -7.7665
6.09137 -7.7665
5.93909 -7.91878
5.7868 -8.07107
5.63452 -8.07107
5.48223 -8.22335
5.17766 -8.22335
5.02538 -8.37563
4.8731 -8.37563
4.72081 -8.52792
4.56853 -8.52792
4.41624 -8.6802
4.11168 -8.6802
3.95939 -8.83249
3.80711 -8.83249
3.65482 -8.83249
3.35025 -8.98477
3.19797 -8.98477
3.04569 -8.98477
2.8934 -9.13706
2.58883 -9.13706
2.43655 -9.13706
2.28426 -9.13706
1.9797 -9.13706
1.82741 -9.13706
1.67513 -9.13706
1.52284 -9.13706
1.21827 -9.13706
1.06599 -9.13706
0.913706 -9.13706
0.609137 -9.13706
0.456853 -9.13706
0.304569 -9.13706
0 -8.98477
-0.152284 -8.98477
-0.304569 -8.98477
-0.456853 -8.83249
-0.761421 -8.83249
-0.913706 -8.83249
-1.06599 -8.6802
-1.37056 -8.6802
-1.52284 -8.52792
-1.67513 -8.52792
-1.82741 -8.37563
-1.9797 -8.37563
-2.28426 -8.22335
-2.43655 -8.07107
-2.58883 -8.07107
-2.74112 -7.91878
-2.8934 -7.7665
-3.04569 -7.7665
-3.19797 -7.61421
-3.35025 -7.46193
-3.50254 -7.30964
-3.65482 -7.15736
-3.80711 -7.15736
-3.95939 -7.00508
-4.11168 -6.85279
-4.26396 -6.70051
-4.41624 -6.54822
-4.56853 -6.39594
-4.72081 -6.24365
-4.8731 -6.09137
-5.02538 -5.93909
-5.17766 -5.7868
-5.32995 -5.63452
-5.32995 -5.48223
-5.48223 -5.32995
-5.63452 -5.17766
-5.7868 -5.02538
-5.7868 -4.8731
-5.93909 -4.72081
-6.09137 -4.56853
-6.09137 -4.41624
-6.24365 -4.11168
-6.39594 -3.95939
-6.39594 -3.80711
-6.54822 -3.65482
-6.70051 -3.50254
-6.70051 -3.35025
-6.85279 -3.19797
-6.85279 -2.8934
-7.00508 -2.74112
-7.00508 -2.58883
-7.00508 -2.43655
-7.15736 -2.28426
-7.15736 -1.9797
-7.30964 -1.82741
-7.30964 -1.67513
-7.30964 -1.52284
-7.46193 -1.37056
-7.46193 -1.06599
-7.46193 -0.913706
-7.46193 -0.761421
-7.46193 -0.609137
-7.46193 -0.304569
-7.46193 -0.152284
-7.61421 0
-7.61421 0.152284
-7.61421 0.456853
-7.46193 0.609137
-7.46193 0.761421
-7.46193 0.913706
-7.46193 1.21827
-7.46193 1.37056
-7.46193 1.52284
-7.46193 1.67513
-7.30964 1.9797
-7.30964 2.13198
-7.30964 2.28426
-7.15736 2.43655
-7.15736 2.58883
-7.15736 2.74112
-7.00508 3.04569
-7.00508 3.19797
-7.00508 3.35025
-6.85279 3.50254
-6.85279 3.65482
-6.70051 3.80711
-6.70051 3.95939
-6.54822 4.11168
-6.54822 4.26396
-6.54822 4.41624
-6.39594 4.56853
-6.39594 4.72081
-6.24365 4.8731
-6.24365 5.02538
-6.09137 5.17766
-6.09137 5.32995
-5.93909 5.48223
-5.93909 5.63452
-5.7868 5.7868
-5.63452 5.93909
-5.63452 6.09137
-5.48223 6.24365
-5.48223 6.39594
-5.32995 6.54822
-5.32995 6.70051
-5.17766 6.85279
-5.02538 7.00508
-5.02538 7.15736
-4.8731 7.15736
-4.72081 7.30964
-4.72081 7.46193
-4.56853 7.61421
-4.41624 7.7665
-4.41624 7.91878
-4.26396 8.07107
-4.11168 8.07107
-4.11168 8.22335
-3.95939 8.37563
-3.80711 8.52792
-3.80711 8.6802
-3.65482 8.83249
-3.50254 8.83249
-3.35025 8.98477
-3.35025 9.13706
-3.19797 9.28934
-3.04569 9.28934
-2.8934 9.44162
-2.74112 9.59391
-2.74112 9.74619
-2.58883 9.74619
-2.43655 9.89848
-2.28426 10.0508
-2.13198 10.0508
-1.9797 10.203
-1.9797 10.3553
-1.82741 10.3553
-1.67513 10.5076
-1.52284 10.6599
-1.37056 10.6599
-1.21827 10.8122
-1.06599 10.8122
-0.913706 10.9645
-0.761421 11.1168
-0.609137 11.1168
-0.456853 11.269
-0.304569 11.269
-0.152284 11.4213
0 11.5736
0.152284 11.5736
0.304569 11.7259
0.456853 11.7259
0.609137 11.8782
0.761421 11.8782
0.913706 12.0305
1.06599 12.1827
1.21827 12.1827
1.37056 12.335
1.52284 12.4873
1.82741 12.4873
1.9797 12.6396
2.13198 12.7919
2.28426 12.7919
2.43655 12.9442
2.58883 13.0964
2.8934 13.2487
3.04569 13.2487
3.19797 13.401
3.50254 13.5533
3.65482 13.5533
3.80711 13.7056
4.11168 13.7056
4.26396 13.8579
4.56853 13.8579
4.72081 14.0102
4.8731 14.0102
5.17766 14.0102
5.32995 14.1624
5.63452 14.1624
5.7868 14.1624
6.09137 14.1624
6.24365 14.1624
6.54822 14.0102
6.70051 14.0102
6.85279 14.0102
7.15736 13.8579
7.30964 13.8579
7.46193 13.7056
7.61421 13.5533
7.91878 13.401
8.07107 13.2487
8.22335 13.0964
8.37563 12.9442
8.52792 12.7919
8.6802 12.6396
8.83249 12.4873
8.98477 12.1827
8.98477 12.0305
9.13706 11.8782
9.28934 11.7259
9.44162 11.5736
9.44162 11.269
9.59391 11.1168
9.74619 10.9645
9.74619 10.8122
9.89848 10.5076
10.0508 10.3553
10.0508 10.203
10.203 10.0508
10.3553 9.89848
10.5076 9.74619
10.5076 9.59391
10.6599 9.44162
10.8122 9.28934
10.9645 9.13706
10.9645 8.98477
11.1168 8.83249
11.269 8.83249
11.4213 8.6802
11.5736 8.52792
11.7259 8.37563
11.7259 8.22335
11.8782 8.07107
12.0305 7.91878
12.1827 7.7665
12.335 7.61421
12.335 7.46193
12.4873 7.30964
12.6396 7.15736
12.7919 7.00508
12.7919 6.85279
12.9442 6.70051
12.9442 6.54822
13.0964 6.39594
13.0964 6.24365
13.2487 5.93909
13.2487 5.7868
13.401 5.63452
13.401 5.48223
13.401 5.32995
13.401 5.02538
13.5533 4.8731
13.5533 4.72081
13.5533 4.56853
13.5533 4.26396
13.5533 4.11168
13.5533 3.95939
13.7056 3.80711
13.7056 3.50254
13.7056 3.35025
13.7056 3.19797
13.7056 3.04569
13.7056 2.8934
13.8579 2.58883
13.8579 2.43655
13.8579 2.28426
