13.401 3.19797
13.401 3.04569
13.401 2.74112
13.401 2.58883
13.2487 2.43655
13.2487 2.28426
13.2487 2.13198
13.0964 1.82741
13.0964 1.67513
13.0964 1.52284
12.9442 1.37056
12.9442 1.21827
12.7919 1.06599
12.7919 0.913706
12.6396 0.761421
12.6396 0.456853
12.4873 0.304569
12.335 0.152284
12.335 0
12.1827 -0.152284
12.1827 -0.304569
12.0305 -0.456853
11.8782 -0.609137
11.8782 -0.761421
11.7259 -0.913706
11.7259 -1.06599
11.5736 -1.21827
11.4213 -1.37056
11.4213 -1.52284
11.269 -1.67513
11.1168 -1.67513
11.1168 -1.82741
10.9645 -1.9797
10.9645 -2.13198
10.8122 -2.28426
10.6599 -2.43655
10.6599 -2.58883
10.5076 -2.74112
10.3553 -2.8934
10.3553 -3.04569
10.203 -3.19797
10.0508 -3.35025
9.89848 -3.35025
9.89848 -3.50254
9.74619 -3.65482
9.59391 -3.80711
9.59391 -3.95939
9.44162 -4.11168
9.28934 -4.26396
9.13706 -4.26396
8.98477 -4.41624
8.98477 -4.56853
8.83249 -4.72081
8.6802 -4.8731
8.52792 -4.8731
8.37563 -5.02538
8.22335 -5.17766
8.07107 -5.32995
7.91878 -5.32995
7.91878 -5.48223
7.7665 -5.63452
7.61421 -5.63452
7.46193 -5.7868
7.30964 -5.93909
7.15736 -6.09137
7.00508 -6.09137
6.85279 -6.24365
6.70051 -6.24365
6.54822 -6.39594
6.39594 -6.54822
6.24365 -6.54822
6.09137 -6.70051
5.93909 -6.85279
5.7868 -6.85279
5.48223 -7.00508
5.32995 -7.00508
5.17766 -7.15736
5.02538 -7.15736
4.8731 -7.30964
4.72081 -7.30964
4.56853 -7.46193
4.26396 -7.46193
4.11168 -7.61421
3.95939 -7.61421
3.80711 -7.61421
3.65482 -7.7665
3.35025 -7.7665
3.19797 -7.7665
3.04569 -7.91878
2.8934 -7.91878
2.58883 -7.91878
2.43655 -7.91878
2.28426 -7.91878
1.9797 -8.07107
1.82741 -8.07107
1.67513 -8.07107
1.52284 -8.07107
1.21827 -8.07107
1.06599 -8.07107
0.913706 -8.07107
0.609137 -7.91878
0.456853 -7.91878
0.304569 -7.91878
0.152284 -7.91878
-0.152284 -7.91878
-0.304569 -7.7665
-0.456853 -7.7665
-0.761421 -7.7665
-0.913706 -7.61421
-1.06599 -7.61421
-1.21827 -7.61421
-1.52284 -7.46193
-1.67513 -7.46193
-1.82741 -7.30964
-1.9797 -7.30964
-2.28426 -7.15736
-2.43655 -7.15736
-2.58883 -7.00508
-2.74112 -7.00508
-2.8934 -6.85279
-3.19797 -6.85279
-3.35025 -6.70051
-3.50254 -6.70051
-3.65482 -6.54822
-3.80711 -6.39594
-4.11168 -6.39594
-4.26396 -6.24365
-4.41624 -6.09137
-4.56853 -6.09137
-4.72081 -5.93909
-4.8731 -5.7868
-5.02538 -5.63452
-5.17766 -5.63452
-5.48223 -5.48223
-5.63452 -5.32995
-5.7868 -5.17766
-5.93909 -5.02538
-6.09137 -4.8731
-6.24365 -4.72081
-6.24365 -4.56853
-6.39594 -4.41624
-6.54822 -4.26396
-6.70051 -4.11168
-6.85279 -3.95939
-7.00508 -3.80711
-7.00508 -3.65482
-7.15736 -3.35025
-7.30964 -3.19797
-7.30964 -3.04569
-7.46193 -2.8934
-7.46193 -2.74112
-7.61421 -2.43655
-7.61421 -2.28426
-7.7665 -2.13198
-7.7665 -1.82741
-7.7665 -1.67513
-7.91878 -1.52284
-7.91878 -1.21827
-7.91878 -1.06599
-7.91878 -0.913706
-7.91878 -0.609137
-7.91878 -0.456853
-7.91878 -0.304569
-7.91878 0
-7.91878 0.152284
-7.91878 0.304569
-7.91878 0.609137
-7.91878 0.761421
-7.91878 0.913706
-7.91878 1.06599
-7.91878 1.37056
-7.91878 1.52284
-7.91878 1.67513
-7.7665 1.9797
-7.7665 2.13198
-7.7665 2.28426
-7.7665 2.43655
-7.61421 2.58883
-7.61421 2.8934
-7.61421 3.04569
-7.46193 3.19797
-7.46193 3.35025
-7.46193 3.50254
-7.30964 3.65482
-7.30964 3.95939
-7.15736 4.11168
-7.15736 4.26396
-7.15736 4.41624
-7.00508 4.56853
-7.00508 4.72081
-6.85279 4.8731
-6.85279 5.02538
-6.70051 5.17766
-6.70051 5.32995
-6.54822 5.48223
-6.54822 5.63452
-6.39594 5.7868
-6.39594 5.93909
-6.24365 6.09137
-6.24365 6.24365
-6.09137 6.39594
-6.09137 6.54822
-5.93909 6.70051
-5.7868 6.85279
-5.7868 7.00508
-5.63452 7.00508
-5.63452 7.15736
-5.48223 7.30964
-5.48223 7.46193
-5.32995 7.61421
-5.32995 7.7665
-5.17766 7.91878
-5.17766 8.07107
-5.02538 8.22335
-5.02538 8.37563
-4.8731 8.52792
-4.8731 8.6802
-4.72081 8.83249
-4.72081 8.98477
-4.56853 9.13706
-4.56853 9.28934
-4.41624 9.44162
-4.41624 9.59391
-4.41624 9.74619
-4.26396 9.89848
-4.26396 10.0508
-4.11168 10.203
-3.95939 10.3553
-3.95939 10.5076
-3.80711 10.6599
-3.80711 10.8122
-3.65482 10.9645
-3.50254 11.1168
-3.50254 11.269
-3.35025 11.4213
-3.19797 11.5736
-3.19797 11.7259
-3.04569 11.8782
-2.8934 12.0305
-2.74112 12.1827
-2.58883 12.335
-2.58883 12.4873
-2.43655 12.6396
-2.28426 12.7919
-2.13198 12.9442
-1.9797 12.9442
-1.82741 13.0964
-1.67513 13.2487
-1.52284 13.401
-1.37056 13.401
-1.06599 13.5533
-0.913706 13.7056
-0.761421 13.7056
-0.609137 13.8579
-0.456853 13.8579
-0.304569 14.0102
-0.152284 14.1624
0.152284 14.1624
0.304569 14.3147
0.456853 14.3147
0.609137 14.467
0.913706 14.467
1.06599 14.467
1.21827 14.6193
1.37056 14.6193
1.67513 14.7716
1.82741 14.7716
1.9797 14.7716
2.28426 14.9239
2.43655 14.9239
2.58883 14.9239
2.8934 15.0761
3.04569 15.0761
3.19797 15.0761
3.50254 15.0761
3.65482 15.2284
3.95939 15.2284
4.11168 15.2284
4.26396 15.2284
4.56853 15.2284
4.72081 15.2284
5.02538 15.2284
5.17766 15.0761
5.32995 15.0761
5.63452 15.0761
5.7868 15.0761
5.93909 14.9239
6.24365 14.9239
6.39594 14.7716
6.54822 14.7716
6.85279 14.6193
7.00508 14.467
7.15736 14.467
7.30964 14.3147
7.46193 14.1624
7.7665 14.0102
7.91878 13.8579
8.07107 13.7056
8.22335 13.5533
8.37563 13.401
8.52792 13.2487
8.6802 13.0964
8.83249 12.9442
8.98477 12.7919
8.98477 12.6396
9.13706 12.4873
9.28934 12.335
9.44162 12.1827
9.59391 12.0305
9.74619 11.8782
9.89848 11.7259
9.89848 11.5736
10.0508 11.4213
10.203 11.269
10.3553 11.1168
10.5076 10.9645
10.6599 10.8122
10.6599 10.8122
10.8122 10.6599
10.9645 10.5076
11.1168 10.3553
11.269 10.203
11.4213 10.0508
11.5736 9.89848
11.5736 9.74619
11.7259 9.59391
11.8782 9.44162
12.0305 9.28934
12.1827 9.13706
12.1827 8.98477
12.335 8.83249
12.4873 8.6802
12.4873 8.52792
12.6396 8.22335
12.7919 8.07107
12.7919 7.91878
12.9442 7.7665
12.9442 7.61421
12.9442 7.30964
13.0964 7.15736
13.0964 7.00508
13.0964 6.85279
13.0964 6.54822
13.2487 6.39594
13.2487 6.24365
13.2487 6.09137
13.2487 5.7868
13.2487 5.63452
13.2487 5.48223
13.2487 5.32995
13.2487 5.02538
13.2487 4.8731
13.2487 4.72081
13.2487 4.56853
13.2487 4.26396
13.401 4.11168
13.401 3.95939
13.401 3.80711
13.401 3.50254
13.401 3.35025
