13.2487 3.50254
13.2487 3.35025
13.2487 3.19797
13.2487 3.04569
13.0964 2.74112
13.0964 2.58883
13.0964 2.43655
13.0964 2.28426
12.9442 2.13198
12.9442 1.82741
12.9442 1.67513
12.7919 1.52284
12.7919 1.37056
12.7919 1.21827
12.6396 1.06599
12.6396 0.913706
12.4873 0.761421
12.4873 0.609137
12.335 0.304569
12.335 0.152284
12.1827 0
12.1827 -0.152284
12.0305 -0.304569
12.0305 -0.456853
11.8782 -0.609137
11.7259 -0.761421
11.7259 -0.913706
11.5736 -1.06599
11.4213 -1.21827
11.4213 -1.37056
11.269 -1.37056
11.1168 -1.52284
11.1168 -1.67513
10.9645 -1.82741
10.8122 -1.9797
10.8122 -2.13198
10.6599 -2.28426
10.5076 -2.43655
10.5076 -2.58883
10.3553 -2.74112
10.203 -2.74112
10.0508 -2.8934
10.0508 -3.04569
9.89848 -3.19797
9.74619 -3.35025
9.59391 -3.50254
9.59391 -3.65482
9.44162 -3.65482
9.28934 -3.80711
9.13706 -3.95939
9.13706 -4.11168
8.98477 -4.26396
8.83249 -4.26396
8.6802 -4.41624
8.52792 -4.56853
8.37563 -4.72081
8.37563 -4.8731
8.22335 -4.8731
8.07107 -5.02538
7.91878 -5.17766
7.7665 -5.32995
7.61421 -5.32995
7.46193 -5.48223
7.30964 -5.63452
7.15736 -5.7868
7.00508 -5.7868
6.85279 -5.93909
6.70051 -6.09137
6.54822 -6.24365
6.39594 -6.24365
6.24365 -6.39594
6.09137 -6.39594
5.93909 -6.54822
5.7868 -6.70051
5.63452 -6.70051
5.48223 -6.85279
5.32995 -7.00508
5.17766 -7.00508
4.8731 -7.15736
4.72081 -7.15736
4.56853 -7.30964
4.41624 -7.30964
4.26396 -7.46193
3.95939 -7.46193
3.80711 -7.46193
3.65482 -7.61421
3.50254 -7.61421
3.19797 -7.61421
3.04569 -7.7665
2.8934 -7.7665
2.74112 -7.7665
2.43655 -7.7665
2.28426 -7.91878
2.13198 -7.91878
1.82741 -7.91878
1.67513 -7.91878
1.52284 -7.91878
1.21827 -7.91878
1.06599 -7.91878
0.913706 -7.91878
0.609137 -7.91878
0.456853 -7.91878
0.304569 -7.91878
0 -7.7665
-0.152284 -7.7665
-0.304569 -7.7665
-0.609137 -7.7665
-0.761421 -7.61421
-0.913706 -7.61421
-1.21827 -7.61421
-1.37056 -7.46193
-1.52284 -7.46193
-1.67513 -7.46193
-1.9797 -7.30964
-2.13198 -7.30964
-2.28426 -7.15736
-2.58883 -7.15736
-2.74112 -7.00508
-2.8934 -7.00508
-3.04569 -6.85279
-3.35025 -6.85279
-3.50254 -6.70051
-3.65482 -6.54822
-3.80711 -6.54822
-3.95939 -6.39594
-4.26396 -6.24365
-4.41624 -6.24365
-4.56853 -6.09137
-4.72081 -5.93909
-4.8731 -5.93909
-5.17766 -5.7868
-5.32995 -5.63452
-5.48223 -5.48223
-5.63452 -5.32995
-5.7868 -5.17766
-5.93909 -5.02538
-6.09137 -4.8731
-6.24365 -4.72081
-6.39594 -4.56853
-6.54822 -4.41624
-6.70051 -4.26396
-6.85279 -4.11168
-6.85279 -3.95939
-7.00508 -3.80711
-7.15736 -3.65482
-7.30964 -3.50254
-7.30964 -3.19797
-7.46193 -3.04569
-7.61421 -2.8934
-7.61421 -2.58883
-7.7665 -2.43655
-7.7665 -2.28426
-7.7665 -2.13198
-7.91878 -1.82741
-7.91878 -1.67513
-7.91878 -1.37056
-8.07107 -1.21827
-8.07107 -1.06599
-8.07107 -0.761421
-8.07107 -0.609137
-8.07107 -0.456853
-8.07107 -0.152284
-8.07107 0
-8.07107 0.152284
-8.07107 0.456853
-8.07107 0.609137
-8.07107 0.913706
-8.07107 1.06599
-8.07107 1.21827
-8.07107 1.37056
-8.07107 1.67513
-7.91878 1.82741
-7.91878 1.9797
-7.91878 2.28426
-7.91878 2.43655
-7.7665 2.58883
-7.7665 2.74112
-7.7665 3.04569
-7.7665 3.19797
-7.61421 3.35025
-7.61421 3.50254
-7.46193 3.65482
-7.46193 3.95939
-7.46193 4.11168
-7.30964 4.26396
-7.30964 4.41624
-7.15736 4.56853
-7.15736 4.72081
-7.00508 4.8731
-7.00508 5.02538
-7.00508 5.17766
-6.85279 5.32995
-6.85279 5.48223
-6.70051 5.63452
-6.70051 5.7868
-6.54822 5.93909
-6.54822 6.09137
-6.39594 6.24365
-6.39594 6.39594
-6.24365 6.54822
-6.24365 6.70051
-6.09137 6.85279
-6.09137 7.00508
-5.93909 7.15736
-5.93909 7.30964
-5.7868 7.46193
-5.7868 7.61421
-5.63452 7.7665
-5.48223 7.91878
-5.48223 8.07107
-5.32995 8.22335
-5.32995 8.37563
-5.32995 8.52792
-5.17766 8.6802
-5.17766 8.83249
-5.02538 8.98477
-5.02538 9.13706
-4.8731 9.28934
-4.8731 9.44162
-4.72081 9.59391
-4.72081 9.74619
-4.56853 9.89848
-4.56853 10.0508
-4.41624 10.203
-4.41624 10.3553
-4.26396 10.5076
-4.11168 10.6599
-4.11168 10.8122
-3.95939 10.9645
-3.95939 11.1168
-3.80711 11.269
-3.65482 11.4213
-3.65482 11.5736
-3.50254 11.7259
-3.35025 11.8782
-3.35025 12.0305
-3.19797 12.1827
-3.04569 12.335
-2.8934 12.4873
-2.8934 12.6396
-2.74112 12.7919
-2.58883 12.9442
-2.43655 13.0964
-2.28426 13.2487
-2.13198 13.401
-1.9797 13.5533
-1.82741 13.7056
-1.67513 13.7056
-1.52284 13.8579
-1.37056 14.0102
-1.21827 14.1624
-1.06599 14.3147
-0.913706 14.3147
-0.609137 14.467
-0.456853 14.6193
-0.304569 14.6193
-0.152284 14.7716
0 14.7716
0.304569 14.9239
0.456853 14.9239
0.609137 15.0761
0.913706 15.0761
1.06599 15.2284
1.21827 15.2284
1.37056 15.2284
1.67513 15.3807
1.82741 15.3807
1.9797 15.3807
2.28426 15.533
2.43655 15.533
2.74112 15.533
2.8934 15.533
3.04569 15.533
3.35025 15.533
3.50254 15.533
3.65482 15.533
3.95939 15.533
4.11168 15.533
4.41624 15.533
4.56853 15.533
4.72081 15.3807
5.02538 15.3807
5.17766 15.3807
5.32995 15.2284
5.63452 15.2284
5.7868 15.2284
5.93909 15.0761
6.24365 15.0761
6.39594 14.9239
6.54822 14.7716
6.70051 14.7716
6.85279 14.6193
7.15736 14.467
7.30964 14.3147
7.46193 14.3147
7.61421 14.1624
7.7665 14.0102
7.91878 13.8579
8.07107 13.7056
8.22335 13.5533
8.37563 13.401
8.52792 13.2487
8.6802 13.0964
8.83249 12.9442
8.98477 12.7919
9.13706 12.6396
9.28934 12.4873
9.28934 12.335
9.44162 12.1827
9.59391 12.0305
9.74619 11.8782
9.89848 11.8782
10.0508 11.7259
10.0508 11.5736
10.203 11.4213
10.3553 11.269
10.5076 11.1168
10.6599 10.9645
10.8122 10.8122
10.8122 10.6599
10.9645 10.5076
11.1168 10.3553
11.269 10.203
11.4213 10.0508
11.4213 9.89848
11.5736 9.74619
11.7259 9.59391
11.8782 9.44162
11.8782 9.28934
12.0305 9.13706
12.1827 8.98477
12.1827 8.83249
12.335 8.6802
12.335 8.52792
12.4873 8.37563
12.4873 8.07107
12.6396 7.91878
12.6396 7.7665
12.7919 7.61421
12.7919 7.46193
12.7919 7.15736
12.9442 7.00508
12.9442 6.85279
12.9442 6.70051
12.9442 6.54822
12.9442 6.24365
13.0964 6.09137
13.0964 5.93909
13.0964 5.7868
13.0964 5.48223
13.0964 5.32995
13.0964 5.17766
13.0964 5.02538
13.0964 4.8731
13.0964 4.56853
13.2487 4.41624
13.2487 4.26396
13.2487 4.11168
13.2487 3.95939
13.2487 3.65482
