13.2487 3.50254
13.2487 3.35025
13.0964 3.19797
13.0964 3.04569
13.0964 2.74112
12.9442 2.58883
12.9442 2.43655
12.7919 2.28426
12.7919 2.13198
12.7919 1.82741
12.6396 1.67513
12.6396 1.52284
12.6396 1.37056
12.4873 1.21827
12.4873 1.06599
12.4873 0.913706
12.335 0.609137
12.335 0.456853
12.1827 0.304569
12.1827 0.152284
12.0305 0
12.0305 -0.152284
11.8782 -0.304569
11.8782 -0.456853
11.7259 -0.609137
11.7259 -0.761421
11.5736 -0.913706
11.5736 -1.06599
11.4213 -1.21827
11.269 -1.37056
11.269 -1.52284
11.1168 -1.67513
10.9645 -1.82741
10.8122 -1.9797
10.8122 -2.13198
10.6599 -2.28426
10.5076 -2.43655
10.5076 -2.43655
10.3553 -2.58883
10.203 -2.74112
10.0508 -2.8934
9.89848 -3.04569
9.89848 -3.19797
9.74619 -3.19797
9.59391 -3.35025
9.44162 -3.50254
9.28934 -3.65482
9.13706 -3.80711
9.13706 -3.80711
8.98477 -3.95939
8.83249 -4.11168
8.6802 -4.26396
8.52792 -4.41624
8.37563 -4.41624
8.37563 -4.56853
8.22335 -4.72081
8.07107 -4.8731
7.91878 -4.8731
7.7665 -5.02538
7.61421 -5.17766
7.46193 -5.32995
7.30964 -5.32995
7.15736 -5.48223
7.00508 -5.63452
7.00508 -5.7868
6.85279 -5.7868
6.70051 -5.93909
6.54822 -6.09137
6.39594 -6.09137
6.24365 -6.24365
5.93909 -6.39594
5.7868 -6.39594
5.63452 -6.54822
5.48223 -6.54822
5.32995 -6.70051
5.17766 -6.70051
5.02538 -6.85279
4.8731 -7.00508
4.72081 -7.00508
4.41624 -7.15736
4.26396 -7.15736
4.11168 -7.15736
3.95939 -7.30964
3.80711 -7.30964
3.50254 -7.46193
3.35025 -7.46193
3.19797 -7.46193
3.04569 -7.61421
2.74112 -7.61421
2.58883 -7.61421
2.43655 -7.61421
2.28426 -7.7665
1.9797 -7.7665
1.82741 -7.7665
1.67513 -7.7665
1.37056 -7.7665
1.21827 -7.7665
1.06599 -7.7665
0.761421 -7.7665
0.609137 -7.7665
0.456853 -7.7665
0.152284 -7.7665
0 -7.7665
-0.152284 -7.7665
-0.456853 -7.7665
-0.609137 -7.7665
-0.761421 -7.61421
-1.06599 -7.61421
-1.21827 -7.61421
-1.37056 -7.61421
-1.52284 -7.46193
-1.82741 -7.46193
-1.9797 -7.46193
-2.13198 -7.30964
-2.43655 -7.30964
-2.58883 -7.15736
-2.74112 -7.15736
-3.04569 -7.00508
-3.19797 -7.00508
-3.35025 -6.85279
-3.50254 -6.85279
-3.80711 -6.70051
-3.95939 -6.54822
-4.11168 -6.54822
-4.26396 -6.39594
-4.41624 -6.24365
-4.56853 -6.24365
-4.8731 -6.09137
-5.02538 -5.93909
-5.17766 -5.7868
-5.32995 -5.63452
-5.48223 -5.63452
-5.63452 -5.48223
-5.7868 -5.32995
-5.93909 -5.17766
-6.09137 -5.02538
-6.24365 -4.8731
-6.39594 -4.72081
-6.54822 -4.56853
-6.70051 -4.41624
-6.85279 -4.26396
-6.85279 -3.95939
-7.00508 -3.80711
-7.15736 -3.65482
-7.30964 -3.50254
-7.30964 -3.35025
-7.46193 -3.19797
-7.61421 -2.8934
-7.61421 -2.74112
-7.7665 -2.58883
-7.7665 -2.43655
-7.91878 -2.13198
-7.91878 -1.9797
-8.07107 -1.82741
-8.07107 -1.52284
-8.07107 -1.37056
-8.22335 -1.21827
-8.22335 -0.913706
-8.22335 -0.761421
-8.22335 -0.609137
-8.37563 -0.304569
-8.37563 -0.152284
-8.37563 0
-8.37563 0.304569
-8.37563 0.456853
-8.37563 0.609137
-8.37563 0.913706
-8.37563 1.06599
-8.37563 1.21827
-8.22335 1.52284
-8.22335 1.67513
-8.22335 1.82741
-8.22335 1.9797
-8.07107 2.28426
-8.07107 2.43655
-8.07107 2.58883
-7.91878 2.74112
-7.91878 3.04569
-7.7665 3.19797
-7.7665 3.35025
-7.61421 3.50254
-7.61421 3.65482
-7.61421 3.80711
-7.46193 4.11168
-7.46193 4.26396
-7.30964 4.41624
-7.30964 4.56853
-7.15736 4.72081
-7.15736 4.8731
-7.00508 5.02538
-7.00508 5.17766
-6.85279 5.32995
-6.85279 5.48223
-6.70051 5.63452
-6.70051 5.7868
-6.54822 5.93909
-6.54822 6.09137
-6.54822 6.24365
-6.39594 6.39594
-6.39594 6.54822
-6.24365 6.70051
-6.24365 6.85279
-6.24365 7.00508
-6.09137 7.15736
-6.09137 7.30964
-6.09137 7.46193
-5.93909 7.61421
-5.93909 7.7665
-5.93909 7.91878
-5.7868 8.07107
-5.7868 8.22335
-5.63452 8.37563
-5.63452 8.52792
-5.63452 8.6802
-5.48223 8.83249
-5.48223 8.98477
-5.32995 9.28934
-5.32995 9.44162
-5.32995 9.59391
-5.17766 9.74619
-5.17766 9.89848
-5.02538 10.0508
-5.02538 10.203
-4.8731 10.3553
-4.8731 10.5076
-4.72081 10.6599
-4.72081 10.8122
-4.56853 10.9645
-4.41624 11.1168
-4.41624 11.4213
-4.26396 11.5736
-4.11168 11.7259
-4.11168 11.8782
-3.95939 12.0305
-3.80711 12.1827
-3.65482 12.335
-3.65482 12.4873
-3.50254 12.6396
-3.35025 12.7919
-3.19797 12.9442
-3.04569 13.0964
-2.8934 13.2487
-2.74112 13.401
-2.58883 13.5533
-2.43655 13.7056
-2.28426 13.7056
-2.13198 13.8579
-1.9797 14.0102
-1.82741 14.1624
-1.67513 14.3147
-1.52284 14.467
-1.37056 14.467
-1.21827 14.6193
-1.06599 14.7716
-0.761421 14.7716
-0.609137 14.9239
-0.456853 15.0761
-0.304569 15.0761
0 15.2284
0.152284 15.2284
0.304569 15.3807
0.609137 15.3807
0.761421 15.3807
0.913706 15.533
1.21827 15.533
1.37056 15.533
1.52284 15.6853
1.82741 15.6853
1.9797 15.6853
2.28426 15.6853
2.43655 15.6853
2.58883 15.6853
2.8934 15.6853
3.04569 15.6853
3.19797 15.6853
3.50254 15.6853
3.65482 15.6853
3.95939 15.6853
4.11168 15.533
4.26396 15.533
4.56853 15.533
4.72081 15.533
4.8731 15.3807
5.17766 15.3807
5.32995 15.2284
5.48223 15.2284
5.7868 15.0761
5.93909 15.0761
6.09137 14.9239
6.24365 14.7716
6.54822 14.7716
6.70051 14.6193
6.85279 14.467
7.00508 14.467
7.15736 14.3147
7.30964 14.1624
7.46193 14.0102
7.7665 13.8579
7.91878 13.7056
8.07107 13.5533
8.22335 13.5533
8.37563 13.401
8.52792 13.2487
8.6802 13.0964
8.6802 12.9442
8.83249 12.7919
8.98477 12.6396
9.13706 12.4873
9.28934 12.335
9.44162 12.1827
9.59391 12.0305
9.74619 11.8782
9.89848 11.7259
10.0508 11.5736
10.0508 11.4213
10.203 11.4213
10.3553 11.269
10.5076 11.1168
10.6599 10.9645
10.8122 10.8122
10.8122 10.6599
10.9645 10.5076
11.1168 10.3553
11.269 10.203
11.4213 10.0508
11.5736 9.89848
11.5736 9.74619
11.7259 9.59391
11.8782 9.44162
11.8782 9.28934
12.0305 9.13706
12.1827 8.98477
12.1827 8.6802
12.335 8.52792
12.335 8.37563
12.4873 8.22335
12.4873 8.07107
12.6396 7.91878
12.6396 7.61421
12.6396 7.46193
12.7919 7.30964
12.7919 7.15736
12.7919 6.85279
12.7919 6.70051
12.9442 6.54822
12.9442 6.39594
12.9442 6.09137
12.9442 5.93909
12.9442 5.7868
12.9442 5.63452
12.9442 5.32995
13.0964 5.17766
13.0964 5.02538
13.0964 4.8731
13.0964 4.72081
13.0964 4.41624
13.0964 4.26396
13.0964 4.11168
13.2487 3.95939
13.2487 3.65482
