12.7919 3.80711
12.7919 3.50254
12.7919 3.35025
12.6396 3.19797
12.6396 3.04569
12.6396 2.8934
12.6396 2.58883
12.4873 2.43655
12.4873 2.28426
12.4873 2.13198
12.4873 1.9797
12.335 1.82741
12.335 1.67513
12.335 1.37056
12.335 1.21827
12.1827 1.06599
12.1827 0.913706
12.1827 0.761421
12.0305 0.609137
12.0305 0.456853
12.0305 0.152284
11.8782 0
11.8782 -0.152284
11.7259 -0.304569
11.7259 -0.456853
11.5736 -0.609137
11.5736 -0.761421
11.4213 -0.913706
11.4213 -1.06599
11.269 -1.21827
11.1168 -1.37056
11.1168 -1.52284
10.9645 -1.67513
10.8122 -1.82741
10.6599 -1.9797
10.6599 -2.13198
10.5076 -2.28426
10.3553 -2.28426
10.203 -2.43655
10.203 -2.58883
10.0508 -2.74112
9.89848 -2.8934
9.74619 -3.04569
9.59391 -3.04569
9.44162 -3.19797
9.44162 -3.35025
9.28934 -3.50254
9.13706 -3.65482
8.98477 -3.65482
8.83249 -3.80711
8.83249 -3.95939
8.6802 -4.11168
8.52792 -4.26396
8.37563 -4.26396
8.22335 -4.41624
8.07107 -4.56853
7.91878 -4.72081
7.91878 -4.8731
7.7665 -4.8731
7.61421 -5.02538
7.46193 -5.17766
7.30964 -5.32995
7.15736 -5.48223
7.00508 -5.48223
6.85279 -5.63452
6.70051 -5.7868
6.54822 -5.7868
6.39594 -5.93909
6.24365 -6.09137
6.09137 -6.24365
5.93909 -6.24365
5.7868 -6.39594
5.63452 -6.39594
5.48223 -6.54822
5.32995 -6.70051
5.02538 -6.70051
4.8731 -6.85279
4.72081 -6.85279
4.56853 -7.00508
4.41624 -7.00508
4.26396 -7.00508
3.95939 -7.15736
3.80711 -7.15736
3.65482 -7.30964
3.50254 -7.30964
3.19797 -7.30964
3.04569 -7.46193
2.8934 -7.46193
2.74112 -7.46193
2.43655 -7.46193
2.28426 -7.46193
2.13198 -7.61421
1.82741 -7.61421
1.67513 -7.61421
1.52284 -7.61421
1.37056 -7.61421
1.06599 -7.61421
0.913706 -7.61421
0.761421 -7.61421
0.456853 -7.61421
0.304569 -7.61421
0.152284 -7.61421
-0.152284 -7.61421
-0.304569 -7.61421
-0.456853 -7.61421
-0.761421 -7.46193
-0.913706 -7.46193
-1.06599 -7.46193
-1.37056 -7.46193
-1.52284 -7.30964
-1.67513 -7.30964
-1.9797 -7.30964
-2.13198 -7.15736
-2.28426 -7.15736
-2.58883 -7.15736
-2.74112 -7.00508
-2.8934 -7.00508
-3.19797 -6.85279
-3.35025 -6.85279
-3.50254 -6.70051
-3.65482 -6.70051
-3.95939 -6.54822
-4.11168 -6.39594
-4.26396 -6.39594
-4.41624 -6.24365
-4.56853 -6.09137
-4.8731 -6.09137
-5.02538 -5.93909
-5.17766 -5.7868
-5.32995 -5.63452
-5.48223 -5.48223
-5.63452 -5.48223
-5.7868 -5.32995
-5.93909 -5.17766
-6.09137 -5.02538
-6.24365 -4.8731
-6.39594 -4.72081
-6.54822 -4.56853
-6.70051 -4.41624
-6.85279 -4.26396
-7.00508 -4.11168
-7.15736 -3.80711
-7.30964 -3.65482
-7.30964 -3.50254
-7.46193 -3.35025
-7.61421 -3.19797
-7.61421 -3.04569
-7.7665 -2.74112
-7.91878 -2.58883
-7.91878 -2.43655
-8.07107 -2.28426
-8.07107 -1.9797
-8.22335 -1.82741
-8.22335 -1.67513
-8.22335 -1.37056
-8.37563 -1.21827
-8.37563 -1.06599
-8.37563 -0.761421
-8.37563 -0.609137
-8.37563 -0.456853
-8.52792 -0.152284
-8.52792 0
-8.52792 0.304569
-8.52792 0.456853
-8.52792 0.609137
-8.52792 0.913706
-8.37563 1.06599
-8.37563 1.21827
-8.37563 1.52284
-8.37563 1.67513
-8.37563 1.82741
-8.22335 2.13198
-8.22335 2.28426
-8.07107 2.43655
-8.07107 2.58883
-8.07107 2.8934
-7.91878 3.04569
-7.91878 3.19797
-7.7665 3.35025
-7.7665 3.50254
-7.61421 3.80711
-7.61421 3.95939
-7.46193 4.11168
-7.46193 4.26396
-7.30964 4.41624
-7.30964 4.56853
-7.15736 4.72081
-7.15736 4.8731
-7.00508 5.02538
-7.00508 5.17766
-6.85279 5.32995
-6.85279 5.48223
-6.85279 5.63452
-6.70051 5.7868
-6.70051 5.93909
-6.70051 6.09137
-6.54822 6.24365
-6.54822 6.39594
-6.54822 6.54822
-6.54822 6.70051
-6.39594 7.00508
-6.39594 7.15736
-6.39594 7.30964
-6.39594 7.46193
-6.39594 7.61421
-6.24365 7.7665
-6.24365 7.91878
-6.24365 8.07107
-6.24365 8.22335
-6.09137 8.37563
-6.09137 8.52792
-6.09137 8.83249
-6.09137 8.98477
-5.93909 9.13706
-5.93909 9.28934
-5.93909 9.44162
-5.7868 9.59391
-5.7868 9.74619
-5.63452 10.0508
-5.63452 10.203
-5.63452 10.3553
-5.48223 10.5076
-5.32995 10.6599
-5.32995 10.8122
-5.17766 10.9645
-5.17766 11.1168
-5.02538 11.269
-4.8731 11.4213
-4.8731 11.5736
-4.72081 11.8782
-4.56853 12.0305
-4.41624 12.1827
-4.41624 12.335
-4.26396 12.4873
-4.11168 12.6396
-3.95939 12.6396
-3.80711 12.7919
-3.65482 12.9442
-3.50254 13.0964
-3.50254 13.2487
-3.35025 13.401
-3.19797 13.5533
-3.04569 13.7056
-2.8934 13.7056
-2.58883 13.8579
-2.43655 14.0102
-2.28426 14.1624
-2.13198 14.3147
-1.9797 14.3147
-1.82741 14.467
-1.67513 14.6193
-1.52284 14.6193
-1.21827 14.7716
-1.06599 14.7716
-0.913706 14.9239
-0.761421 15.0761
-0.609137 15.0761
-0.304569 15.2284
-0.152284 15.2284
0 15.3807
0.304569 15.3807
0.456853 15.3807
0.609137 15.533
0.913706 15.533
1.06599 15.533
1.21827 15.6853
1.52284 15.6853
1.67513 15.6853
1.82741 15.6853
2.13198 15.8376
2.28426 15.8376
2.43655 15.8376
2.74112 15.8376
2.8934 15.8376
3.19797 15.8376
3.35025 15.8376
3.50254 15.8376
3.80711 15.8376
3.95939 15.8376
4.26396 15.8376
4.41624 15.6853
4.56853 15.6853
4.8731 15.6853
5.02538 15.533
5.17766 15.533
5.48223 15.3807
5.63452 15.3807
5.7868 15.2284
5.93909 15.2284
6.24365 15.0761
6.39594 14.9239
6.54822 14.9239
6.70051 14.7716
6.85279 14.6193
7.15736 14.467
7.30964 14.3147
7.46193 14.1624
7.61421 14.1624
7.7665 14.0102
7.91878 13.8579
8.07107 13.7056
8.22335 13.5533
8.37563 13.401
8.37563 13.2487
8.52792 13.0964
8.6802 12.9442
8.83249 12.7919
8.98477 12.6396
9.13706 12.4873
9.28934 12.335
9.28934 12.1827
9.44162 12.0305
9.59391 11.8782
9.74619 11.7259
9.89848 11.5736
10.0508 11.4213
10.203 11.269
10.3553 11.269
10.3553 11.1168
10.5076 10.9645
10.6599 10.8122
10.8122 10.6599
10.9645 10.5076
11.1168 10.3553
11.269 10.203
11.4213 10.0508
11.4213 9.89848
11.5736 9.74619
11.7259 9.59391
11.8782 9.44162
12.0305 9.28934
12.0305 9.13706
12.1827 8.98477
12.1827 8.83249
12.335 8.6802
12.335 8.52792
12.4873 8.22335
12.4873 8.07107
12.6396 7.91878
12.6396 7.7665
12.6396 7.46193
12.6396 7.30964
12.7919 7.15736
12.7919 7.00508
12.7919 6.70051
12.7919 6.54822
12.7919 6.39594
12.7919 6.09137
12.7919 5.93909
12.7919 5.7868
12.7919 5.63452
12.7919 5.32995
12.7919 5.17766
12.7919 5.02538
12.7919 4.8731
12.7919 4.72081
12.7919 4.41624
12.7919 4.26396
12.7919 4.11168
12.7919 3.95939
