12.6396 3.80711
12.6396 3.65482
12.6396 3.50254
12.4873 3.35025
12.4873 3.19797
12.4873 3.04569
12.4873 2.74112
12.4873 2.58883
12.335 2.43655
12.335 2.28426
12.335 2.13198
12.335 1.82741
12.335 1.67513
12.1827 1.52284
12.1827 1.37056
12.1827 1.21827
12.0305 1.06599
12.0305 0.913706
12.0305 0.609137
11.8782 0.456853
11.8782 0.304569
11.8782 0.152284
11.7259 0
11.7259 -0.152284
11.5736 -0.304569
11.5736 -0.456853
11.4213 -0.609137
11.269 -0.761421
11.269 -0.913706
11.1168 -1.21827
11.1168 -1.37056
10.9645 -1.37056
10.8122 -1.52284
10.8122 -1.67513
10.6599 -1.82741
10.5076 -1.9797
10.3553 -2.13198
10.3553 -2.28426
10.203 -2.43655
10.0508 -2.58883
9.89848 -2.74112
9.89848 -2.8934
9.74619 -3.04569
9.59391 -3.04569
9.44162 -3.19797
9.28934 -3.35025
9.28934 -3.50254
9.13706 -3.65482
8.98477 -3.80711
8.83249 -3.80711
8.6802 -3.95939
8.52792 -4.11168
8.37563 -4.26396
8.37563 -4.41624
8.22335 -4.41624
8.07107 -4.56853
7.91878 -4.72081
7.7665 -4.8731
7.61421 -5.02538
7.46193 -5.02538
7.30964 -5.17766
7.15736 -5.32995
7.00508 -5.48223
6.85279 -5.48223
6.70051 -5.63452
6.54822 -5.7868
6.39594 -5.7868
6.24365 -5.93909
6.09137 -6.09137
5.93909 -6.09137
5.7868 -6.24365
5.63452 -6.39594
5.48223 -6.39594
5.32995 -6.54822
5.17766 -6.54822
4.8731 -6.70051
4.72081 -6.70051
4.56853 -6.85279
4.41624 -6.85279
4.26396 -7.00508
3.95939 -7.00508
3.80711 -7.15736
3.65482 -7.15736
3.50254 -7.15736
3.19797 -7.30964
3.04569 -7.30964
2.8934 -7.30964
2.74112 -7.46193
2.43655 -7.46193
2.28426 -7.46193
2.13198 -7.46193
1.82741 -7.46193
1.67513 -7.46193
1.52284 -7.61421
1.37056 -7.61421
1.06599 -7.61421
0.913706 -7.61421
0.761421 -7.61421
0.456853 -7.61421
0.304569 -7.61421
0.152284 -7.61421
-0.152284 -7.61421
-0.304569 -7.61421
-0.609137 -7.61421
-0.761421 -7.46193
-0.913706 -7.46193
-1.21827 -7.46193
-1.37056 -7.46193
-1.52284 -7.46193
-1.82741 -7.30964
-1.9797 -7.30964
-2.13198 -7.30964
-2.43655 -7.15736
-2.58883 -7.15736
-2.74112 -7.00508
-3.04569 -7.00508
-3.19797 -7.00508
-3.35025 -6.85279
-3.50254 -6.70051
-3.80711 -6.70051
-3.95939 -6.54822
-4.11168 -6.54822
-4.26396 -6.39594
-4.56853 -6.24365
-4.72081 -6.24365
-4.8731 -6.09137
-5.02538 -5.93909
-5.17766 -5.7868
-5.32995 -5.7868
-5.63452 -5.63452
-5.7868 -5.48223
-5.93909 -5.32995
-6.09137 -5.17766
-6.24365 -5.02538
-6.39594 -4.8731
-6.54822 -4.72081
-6.70051 -4.56853
-6.85279 -4.41624
-7.00508 -4.26396
-7.00508 -4.11168
-7.15736 -3.95939
-7.30964 -3.80711
-7.46193 -3.50254
-7.46193 -3.35025
-7.61421 -3.19797
-7.7665 -3.04569
-7.7665 -2.8934
-7.91878 -2.58883
-8.07107 -2.43655
-8.07107 -2.28426
-8.22335 -1.9797
-8.22335 -1.82741
-8.22335 -1.67513
-8.37563 -1.37056
-8.37563 -1.21827
-8.37563 -1.06599
-8.52792 -0.761421
-8.52792 -0.609137
-8.52792 -0.456853
-8.52792 -0.152284
-8.52792 0
-8.52792 0.152284
-8.52792 0.456853
-8.52792 0.609137
-8.52792 0.761421
-8.52792 1.06599
-8.52792 1.21827
-8.52792 1.37056
-8.52792 1.67513
-8.52792 1.82741
-8.37563 1.9797
-8.37563 2.28426
-8.37563 2.43655
-8.22335 2.58883
-8.22335 2.74112
-8.22335 3.04569
-8.07107 3.19797
-8.07107 3.35025
-8.07107 3.50254
-7.91878 3.65482
-7.91878 3.80711
-7.7665 4.11168
-7.7665 4.26396
-7.61421 4.41624
-7.61421 4.56853
-7.61421 4.72081
-7.46193 4.8731
-7.46193 5.02538
-7.30964 5.17766
-7.30964 5.32995
-7.30964 5.48223
-7.15736 5.63452
-7.15736 5.7868
-7.15736 5.93909
-7.15736 6.24365
-7.00508 6.39594
-7.00508 6.54822
-7.00508 6.70051
-7.00508 6.85279
-7.00508 7.00508
-6.85279 7.15736
-6.85279 7.30964
-6.85279 7.46193
-6.85279 7.61421
-6.85279 7.91878
-6.85279 8.07107
-6.70051 8.22335
-6.70051 8.37563
-6.70051 8.52792
-6.70051 8.6802
-6.70051 8.98477
-6.54822 9.13706
-6.54822 9.28934
-6.54822 9.44162
-6.39594 9.59391
-6.39594 9.74619
-6.24365 10.0508
-6.24365 10.203
-6.24365 10.3553
-6.09137 10.5076
-5.93909 10.6599
-5.93909 10.8122
-5.7868 10.9645
-5.7868 11.1168
-5.63452 11.4213
-5.48223 11.5736
-5.48223 11.7259
-5.32995 11.8782
-5.17766 12.0305
-5.02538 12.1827
-5.02538 12.335
-4.8731 12.4873
-4.72081 12.6396
-4.56853 12.7919
-4.41624 12.9442
-4.26396 12.9442
-4.11168 13.0964
-3.95939 13.2487
-3.80711 13.401
-3.65482 13.5533
-3.50254 13.7056
-3.35025 13.8579
-3.19797 14.0102
-3.04569 14.0102
-2.8934 14.1624
-2.74112 14.3147
-2.58883 14.467
-2.43655 14.6193
-2.28426 14.6193
-2.13198 14.7716
-1.9797 14.9239
-1.67513 14.9239
-1.52284 15.0761
-1.37056 15.2284
-1.21827 15.2284
-0.913706 15.3807
-0.761421 15.533
-0.609137 15.533
-0.456853 15.6853
-0.152284 15.6853
0 15.8376
0.152284 15.8376
0.456853 15.8376
0.609137 15.9898
0.761421 15.9898
1.06599 15.9898
1.21827 16.1421
1.52284 16.1421
1.67513 16.1421
1.82741 16.1421
2.13198 16.1421
2.28426 16.1421
2.58883 16.1421
2.74112 16.1421
2.8934 16.1421
3.19797 16.1421
3.35025 16.1421
3.65482 16.1421
3.80711 16.1421
3.95939 15.9898
4.26396 15.9898
4.41624 15.9898
4.72081 15.8376
4.8731 15.8376
5.02538 15.6853
5.32995 15.6853
5.48223 15.533
5.63452 15.533
5.7868 15.3807
6.09137 15.2284
6.24365 15.2284
6.39594 15.0761
6.54822 14.9239
6.70051 14.7716
6.85279 14.7716
7.15736 14.6193
7.30964 14.467
7.46193 14.3147
7.61421 14.1624
7.7665 14.0102
7.91878 13.8579
8.07107 13.7056
8.22335 13.5533
8.37563 13.401
8.52792 13.2487
8.52792 13.0964
8.6802 12.9442
8.83249 12.7919
8.98477 12.6396
9.13706 12.4873
9.28934 12.4873
9.44162 12.335
9.59391 12.1827
9.59391 12.0305
9.74619 11.8782
9.89848 11.7259
10.0508 11.5736
10.203 11.4213
10.3553 11.269
10.5076 11.1168
10.5076 10.9645
10.6599 10.8122
10.8122 10.6599
10.9645 10.5076
11.1168 10.3553
11.269 10.203
11.269 10.0508
11.4213 9.89848
11.5736 9.74619
11.5736 9.59391
11.7259 9.44162
11.8782 9.28934
11.8782 9.13706
12.0305 8.98477
12.0305 8.83249
12.1827 8.52792
12.1827 8.37563
12.335 8.22335
12.335 8.07107
12.335 7.7665
12.4873 7.61421
12.4873 7.46193
12.4873 7.30964
12.4873 7.00508
12.4873 6.85279
12.4873 6.70051
12.6396 6.54822
12.6396 6.24365
12.6396 6.09137
12.6396 5.93909
12.6396 5.7868
12.6396 5.48223
12.6396 5.32995
12.6396 5.17766
12.6396 5.02538
12.6396 4.8731
12.6396 4.56853
12.6396 4.41624
12.6396 4.26396
12.6396 4.11168
