12.4873 3.95939
12.4873 3.80711
12.4873 3.65482
12.335 3.50254
12.335 3.35025
12.335 3.04569
12.1827 2.8934
12.1827 2.74112
12.1827 2.58883
12.0305 2.43655
12.0305 2.13198
12.0305 1.9797
12.0305 1.82741
11.8782 1.67513
11.8782 1.52284
11.8782 1.37056
11.8782 1.06599
11.7259 0.913706
11.7259 0.761421
11.7259 0.609137
11.5736 0.456853
11.5736 0.152284
11.5736 0
11.4213 -0.152284
11.4213 -0.304569
11.269 -0.456853
11.269 -0.609137
11.1168 -0.761421
11.1168 -0.913706
10.9645 -1.06599
10.9645 -1.37056
10.8122 -1.52284
10.6599 -1.67513
10.6599 -1.82741
10.5076 -1.9797
10.3553 -2.13198
10.3553 -2.28426
10.203 -2.43655
10.0508 -2.58883
10.0508 -2.74112
9.89848 -2.8934
9.74619 -2.8934
9.59391 -3.04569
9.44162 -3.19797
9.44162 -3.35025
9.28934 -3.50254
9.13706 -3.65482
8.98477 -3.80711
8.83249 -3.95939
8.6802 -4.11168
8.52792 -4.11168
8.37563 -4.26396
8.37563 -4.41624
8.22335 -4.56853
8.07107 -4.72081
7.91878 -4.8731
7.7665 -4.8731
7.61421 -5.02538
7.46193 -5.17766
7.30964 -5.32995
7.15736 -5.48223
7.00508 -5.48223
6.85279 -5.63452
6.70051 -5.7868
6.54822 -5.7868
6.39594 -5.93909
6.24365 -6.09137
6.09137 -6.09137
5.7868 -6.24365
5.63452 -6.39594
5.48223 -6.39594
5.32995 -6.54822
5.17766 -6.54822
5.02538 -6.70051
4.8731 -6.70051
4.56853 -6.85279
4.41624 -6.85279
4.26396 -7.00508
4.11168 -7.00508
3.80711 -7.00508
3.65482 -7.15736
3.50254 -7.15736
3.35025 -7.15736
3.04569 -7.30964
2.8934 -7.30964
2.74112 -7.30964
2.43655 -7.30964
2.28426 -7.46193
2.13198 -7.46193
1.9797 -7.46193
1.67513 -7.46193
1.52284 -7.46193
1.37056 -7.46193
1.06599 -7.61421
0.913706 -7.61421
0.761421 -7.61421
0.456853 -7.61421
0.304569 -7.61421
0.152284 -7.61421
-0.152284 -7.61421
-0.304569 -7.61421
-0.609137 -7.61421
-0.761421 -7.61421
-0.913706 -7.61421
-1.21827 -7.61421
-1.37056 -7.46193
-1.52284 -7.46193
-1.82741 -7.46193
-1.9797 -7.46193
-2.28426 -7.46193
-2.43655 -7.30964
-2.58883 -7.30964
-2.8934 -7.30964
-3.04569 -7.15736
-3.19797 -7.15736
-3.50254 -7.15736
-3.65482 -7.00508
-3.80711 -7.00508
-4.11168 -6.85279
-4.26396 -6.70051
-4.41624 -6.70051
-4.56853 -6.54822
-4.8731 -6.39594
-5.02538 -6.39594
-5.17766 -6.24365
-5.32995 -6.09137
-5.48223 -5.93909
-5.63452 -5.7868
-5.7868 -5.63452
-6.09137 -5.48223
-6.24365 -5.32995
-6.39594 -5.17766
-6.39594 -5.02538
-6.54822 -4.8731
-6.70051 -4.72081
-6.85279 -4.56853
-7.00508 -4.41624
-7.15736 -4.26396
-7.30964 -4.11168
-7.30964 -3.80711
-7.46193 -3.65482
-7.61421 -3.50254
-7.61421 -3.35025
-7.7665 -3.19797
-7.91878 -2.8934
-7.91878 -2.74112
-8.07107 -2.58883
-8.07107 -2.43655
-8.22335 -2.13198
-8.22335 -1.9797
-8.37563 -1.82741
-8.37563 -1.52284
-8.37563 -1.37056
-8.52792 -1.21827
-8.52792 -0.913706
-8.52792 -0.761421
-8.6802 -0.609137
-8.6802 -0.304569
-8.6802 -0.152284
-8.6802 0
-8.6802 0.152284
-8.6802 0.456853
-8.6802 0.609137
-8.6802 0.761421
-8.6802 1.06599
-8.6802 1.21827
-8.6802 1.37056
-8.6802 1.67513
-8.6802 1.82741
-8.6802 1.9797
-8.6802 2.13198
-8.52792 2.43655
-8.52792 2.58883
-8.52792 2.74112
-8.52792 2.8934
-8.37563 3.19797
-8.37563 3.35025
-8.37563 3.50254
-8.22335 3.65482
-8.22335 3.80711
-8.22335 3.95939
-8.07107 4.11168
-8.07107 4.41624
-8.07107 4.56853
-7.91878 4.72081
-7.91878 4.8731
-7.91878 5.02538
-7.7665 5.17766
-7.7665 5.32995
-7.7665 5.48223
-7.61421 5.63452
-7.61421 5.7868
-7.61421 5.93909
-7.61421 6.09137
-7.61421 6.39594
-7.46193 6.54822
-7.46193 6.70051
-7.46193 6.85279
-7.46193 7.00508
-7.46193 7.15736
-7.46193 7.30964
-7.46193 7.46193
-7.46193 7.7665
-7.30964 7.91878
-7.30964 8.07107
-7.30964 8.22335
-7.30964 8.37563
-7.30964 8.52792
-7.30964 8.83249
-7.15736 8.98477
-7.15736 9.13706
-7.15736 9.28934
-7.15736 9.44162
-7.00508 9.74619
-7.00508 9.89848
-6.85279 10.0508
-6.85279 10.203
-6.70051 10.3553
-6.70051 10.5076
-6.54822 10.8122
-6.54822 10.9645
-6.39594 11.1168
-6.24365 11.269
-6.24365 11.4213
-6.09137 11.5736
-5.93909 11.7259
-5.7868 11.8782
-5.7868 12.0305
-5.63452 12.1827
-5.48223 12.335
-5.32995 12.4873
-5.17766 12.6396
-5.02538 12.6396
-4.8731 12.7919
-4.8731 12.9442
-4.72081 13.0964
-4.56853 13.2487
-4.41624 13.401
-4.26396 13.5533
-4.11168 13.5533
-3.95939 13.7056
-3.80711 13.8579
-3.65482 14.0102
-3.50254 14.1624
-3.35025 14.3147
-3.04569 14.3147
-2.8934 14.467
-2.74112 14.6193
-2.58883 14.7716
-2.43655 14.7716
-2.28426 14.9239
-2.13198 15.0761
-1.9797 15.2284
-1.67513 15.2284
-1.52284 15.3807
-1.37056 15.533
-1.21827 15.533
-0.913706 15.6853
-0.761421 15.6853
-0.609137 15.8376
-0.456853 15.8376
-0.152284 15.9898
0 15.9898
0.152284 16.1421
0.456853 16.1421
0.609137 16.2944
0.913706 16.2944
1.06599 16.2944
1.21827 16.2944
1.52284 16.4467
1.67513 16.4467
1.9797 16.4467
2.13198 16.4467
2.43655 16.4467
2.58883 16.4467
2.74112 16.4467
3.04569 16.4467
3.19797 16.4467
3.50254 16.4467
3.65482 16.2944
3.95939 16.2944
4.11168 16.2944
4.26396 16.2944
4.56853 16.1421
4.72081 16.1421
4.8731 15.9898
5.17766 15.9898
5.32995 15.8376
5.48223 15.8376
5.7868 15.6853
5.93909 15.533
6.09137 15.3807
6.24365 15.3807
6.39594 15.2284
6.70051 15.0761
6.85279 14.9239
7.00508 14.7716
7.15736 14.6193
7.30964 14.467
7.46193 14.3147
7.61421 14.1624
7.7665 14.1624
7.91878 14.0102
8.07107 13.8579
8.22335 13.7056
8.37563 13.5533
8.52792 13.401
8.6802 13.2487
8.6802 13.0964
8.83249 12.9442
8.98477 12.7919
9.13706 12.6396
9.28934 12.4873
9.44162 12.335
9.59391 12.1827
9.74619 12.0305
9.89848 11.8782
9.89848 11.7259
10.0508 11.5736
10.203 11.4213
10.3553 11.269
10.5076 11.1168
10.6599 10.9645
10.8122 10.8122
10.9645 10.6599
10.9645 10.5076
11.1168 10.3553
11.269 10.203
11.4213 10.0508
11.4213 9.89848
11.5736 9.74619
11.7259 9.59391
11.7259 9.44162
11.8782 9.13706
12.0305 8.98477
12.0305 8.83249
12.1827 8.6802
12.1827 8.52792
12.1827 8.22335
12.335 8.07107
12.335 7.91878
12.335 7.61421
12.335 7.46193
12.335 7.30964
12.4873 7.15736
12.4873 6.85279
12.4873 6.70051
12.4873 6.54822
12.4873 6.24365
12.4873 6.09137
12.4873 5.93909
12.4873 5.7868
12.4873 5.48223
12.4873 5.32995
12.4873 5.17766
12.4873 5.02538
12.4873 4.72081
12.4873 4.56853
12.4873 4.41624
12.4873 4.26396
