12.335 4.11168
12.335 3.95939
12.335 3.80711
12.1827 3.65482
12.1827 3.50254
12.1827 3.19797
12.1827 3.04569
12.1827 2.8934
12.0305 2.74112
12.0305 2.58883
12.0305 2.28426
12.0305 2.13198
12.0305 1.9797
12.0305 1.82741
11.8782 1.67513
11.8782 1.37056
11.8782 1.21827
11.8782 1.06599
11.8782 0.913706
11.7259 0.761421
11.7259 0.456853
11.7259 0.304569
11.5736 0.152284
11.5736 0
11.5736 -0.152284
11.4213 -0.304569
11.4213 -0.609137
11.269 -0.761421
11.269 -0.913706
11.1168 -1.06599
10.9645 -1.21827
10.9645 -1.37056
10.8122 -1.52284
10.6599 -1.67513
10.6599 -1.82741
10.5076 -1.9797
10.3553 -2.13198
10.3553 -2.28426
10.203 -2.43655
10.0508 -2.58883
9.89848 -2.74112
9.74619 -2.8934
9.59391 -3.04569
9.59391 -3.19797
9.44162 -3.19797
9.28934 -3.35025
9.13706 -3.50254
8.98477 -3.65482
8.83249 -3.80711
8.6802 -3.95939
8.6802 -4.11168
8.52792 -4.26396
8.37563 -4.26396
8.22335 -4.41624
8.07107 -4.56853
7.91878 -4.72081
7.7665 -4.8731
7.61421 -5.02538
7.46193 -5.17766
7.30964 -5.17766
7.15736 -5.32995
7.00508 -5.48223
6.85279 -5.63452
6.70051 -5.7868
6.54822 -5.7868
6.39594 -5.93909
6.24365 -6.09137
6.09137 -6.09137
5.93909 -6.24365
5.7868 -6.39594
5.48223 -6.39594
5.32995 -6.54822
5.17766 -6.70051
5.02538 -6.70051
4.8731 -6.85279
4.72081 -6.85279
4.41624 -7.00508
4.26396 -7.00508
4.11168 -7.00508
3.80711 -7.15736
3.65482 -7.15736
3.50254 -7.15736
3.35025 -7.30964
3.04569 -7.30964
2.8934 -7.30964
2.74112 -7.46193
2.43655 -7.46193
2.28426 -7.46193
2.13198 -7.46193
1.82741 -7.46193
1.67513 -7.46193
1.52284 -7.61421
1.21827 -7.61421
1.06599 -7.61421
0.913706 -7.61421
0.609137 -7.61421
0.456853 -7.61421
0.304569 -7.61421
0 -7.61421
-0.152284 -7.61421
-0.456853 -7.61421
-0.609137 -7.61421
-0.761421 -7.61421
-1.06599 -7.61421
-1.21827 -7.61421
-1.52284 -7.61421
-1.67513 -7.61421
-1.82741 -7.46193
-2.13198 -7.46193
-2.28426 -7.46193
-2.58883 -7.46193
-2.74112 -7.30964
-2.8934 -7.30964
-3.19797 -7.30964
-3.35025 -7.15736
-3.65482 -7.15736
-3.80711 -7.00508
-3.95939 -7.00508
-4.26396 -6.85279
-4.41624 -6.85279
-4.56853 -6.70051
-4.8731 -6.54822
-5.02538 -6.54822
-5.17766 -6.39594
-5.32995 -6.24365
-5.48223 -6.09137
-5.7868 -5.93909
-5.93909 -5.93909
-6.09137 -5.7868
-6.24365 -5.63452
-6.39594 -5.48223
-6.54822 -5.32995
-6.70051 -5.17766
-6.85279 -4.8731
-7.00508 -4.72081
-7.15736 -4.56853
-7.15736 -4.41624
-7.30964 -4.26396
-7.46193 -4.11168
-7.61421 -3.80711
-7.7665 -3.65482
-7.7665 -3.50254
-7.91878 -3.35025
-8.07107 -3.04569
-8.07107 -2.8934
-8.22335 -2.74112
-8.22335 -2.58883
-8.37563 -2.28426
-8.37563 -2.13198
-8.52792 -1.9797
-8.52792 -1.67513
-8.52792 -1.52284
-8.6802 -1.21827
-8.6802 -1.06599
-8.6802 -0.913706
-8.6802 -0.609137
-8.83249 -0.456853
-8.83249 -0.304569
-8.83249 0
-8.83249 0.152284
-8.83249 0.304569
-8.83249 0.609137
-8.83249 0.761421
-8.83249 0.913706
-8.83249 1.21827
-8.83249 1.37056
-8.83249 1.52284
-8.83249 1.82741
-8.83249 1.9797
-8.83249 2.13198
-8.6802 2.28426
-8.6802 2.58883
-8.6802 2.74112
-8.6802 2.8934
-8.52792 3.04569
-8.52792 3.35025
-8.52792 3.50254
-8.52792 3.65482
-8.37563 3.80711
-8.37563 3.95939
-8.37563 4.11168
-8.22335 4.41624
-8.22335 4.56853
-8.22335 4.72081
-8.07107 4.8731
-8.07107 5.02538
-8.07107 5.17766
-8.07107 5.32995
-7.91878 5.48223
-7.91878 5.63452
-7.91878 5.93909
-7.91878 6.09137
-7.7665 6.24365
-7.7665 6.39594
-7.7665 6.54822
-7.7665 6.70051
-7.7665 6.85279
-7.61421 7.00508
-7.61421 7.15736
-7.61421 7.46193
-7.61421 7.61421
-7.61421 7.7665
-7.61421 7.91878
-7.46193 8.07107
-7.46193 8.22335
-7.46193 8.52792
-7.46193 8.6802
-7.46193 8.83249
-7.30964 8.98477
-7.30964 9.13706
-7.30964 9.28934
-7.30964 9.59391
-7.15736 9.74619
-7.15736 9.89848
-7.00508 10.0508
-7.00508 10.203
-7.00508 10.5076
-6.85279 10.6599
-6.85279 10.8122
-6.70051 10.9645
-6.54822 11.1168
-6.54822 11.269
-6.39594 11.4213
-6.24365 11.5736
-6.24365 11.7259
-6.09137 12.0305
-5.93909 12.1827
-5.7868 12.335
-5.7868 12.4873
-5.63452 12.6396
-5.48223 12.7919
-5.32995 12.9442
-5.17766 13.0964
-5.02538 13.0964
-4.8731 13.2487
-4.8731 13.401
-4.72081 13.5533
-4.56853 13.7056
-4.41624 13.8579
-4.26396 14.0102
-4.11168 14.1624
-3.95939 14.3147
-3.80711 14.467
-3.65482 14.467
-3.50254 14.6193
-3.19797 14.7716
-3.04569 14.9239
-2.8934 15.0761
-2.74112 15.2284
-2.58883 15.2284
-2.43655 15.3807
-2.28426 15.533
-1.9797 15.6853
-1.82741 15.6853
-1.67513 15.8376
-1.52284 15.9898
-1.21827 15.9898
-1.06599 16.1421
-0.913706 16.2944
-0.609137 16.2944
-0.456853 16.4467
-0.304569 16.4467
0 16.4467
0.152284 16.599
0.304569 16.599
0.609137 16.7513
0.761421 16.7513
1.06599 16.7513
1.21827 16.7513
1.52284 16.7513
1.67513 16.9036
1.9797 16.9036
2.13198 16.9036
2.28426 16.9036
2.58883 16.9036
2.74112 16.7513
3.04569 16.7513
3.19797 16.7513
3.50254 16.7513
3.65482 16.7513
3.80711 16.599
4.11168 16.599
4.26396 16.4467
4.56853 16.4467
4.72081 16.4467
4.8731 16.2944
5.17766 16.1421
5.32995 16.1421
5.48223 15.9898
5.7868 15.9898
5.93909 15.8376
6.09137 15.6853
6.24365 15.533
6.39594 15.3807
6.70051 15.3807
6.85279 15.2284
7.00508 15.0761
7.15736 14.9239
7.30964 14.7716
7.46193 14.6193
7.61421 14.467
7.7665 14.3147
7.91878 14.1624
8.07107 14.0102
8.22335 13.8579
8.37563 13.7056
8.52792 13.5533
8.6802 13.401
8.83249 13.2487
8.98477 13.0964
9.13706 12.9442
9.13706 12.7919
9.28934 12.6396
9.44162 12.4873
9.59391 12.335
9.74619 12.1827
9.89848 12.0305
10.0508 11.8782
10.203 11.7259
10.203 11.5736
10.3553 11.4213
10.5076 11.269
10.6599 11.1168
10.8122 10.9645
10.8122 10.8122
10.9645 10.6599
11.1168 10.5076
11.269 10.3553
11.269 10.203
11.4213 10.0508
11.4213 9.89848
11.5736 9.74619
11.7259 9.44162
11.7259 9.28934
11.8782 9.13706
11.8782 8.98477
11.8782 8.6802
12.0305 8.52792
12.0305 8.37563
12.0305 8.22335
12.0305 7.91878
12.0305 7.7665
12.1827 7.61421
12.1827 7.30964
12.1827 7.15736
12.1827 7.00508
12.1827 6.85279
12.1827 6.54822
12.1827 6.39594
12.1827 6.24365
12.1827 6.09137
12.1827 5.7868
12.1827 5.63452
12.1827 5.48223
12.1827 5.32995
12.1827 5.17766
12.1827 4.8731
12.335 4.72081
12.335 4.56853
12.335 4.41624
