12.0305 4.56853
12.0305 4.41624
12.0305 4.26396
12.1827 4.11168
12.1827 3.95939
12.1827 3.65482
12.1827 3.50254
12.1827 3.35025
12.1827 3.19797
12.1827 2.8934
12.1827 2.74112
12.1827 2.58883
12.0305 2.43655
12.0305 2.13198
12.0305 1.9797
12.0305 1.82741
12.0305 1.67513
11.8782 1.52284
11.8782 1.21827
11.7259 1.06599
11.7259 0.913706
11.7259 0.761421
11.5736 0.609137
11.5736 0.456853
11.4213 0.304569
11.4213 0
11.269 -0.152284
11.1168 -0.304569
11.1168 -0.456853
10.9645 -0.609137
10.9645 -0.761421
10.8122 -0.913706
10.6599 -1.06599
10.6599 -1.21827
10.5076 -1.37056
10.3553 -1.52284
10.3553 -1.67513
10.203 -1.82741
10.0508 -1.9797
9.89848 -2.13198
9.89848 -2.28426
9.74619 -2.43655
9.59391 -2.58883
9.44162 -2.74112
9.44162 -2.8934
9.28934 -3.04569
9.13706 -3.19797
8.98477 -3.35025
8.83249 -3.50254
8.83249 -3.65482
8.6802 -3.80711
8.52792 -3.95939
8.37563 -4.11168
8.22335 -4.26396
8.07107 -4.41624
7.91878 -4.56853
7.91878 -4.72081
7.7665 -4.8731
7.61421 -5.02538
7.46193 -5.17766
7.30964 -5.32995
7.15736 -5.32995
7.00508 -5.48223
6.85279 -5.63452
6.70051 -5.7868
6.54822 -5.93909
6.39594 -6.09137
6.09137 -6.24365
5.93909 -6.24365
5.7868 -6.39594
5.63452 -6.54822
5.48223 -6.54822
5.32995 -6.70051
5.02538 -6.85279
4.8731 -6.85279
4.72081 -7.00508
4.41624 -7.00508
4.26396 -7.15736
4.11168 -7.15736
3.80711 -7.30964
3.65482 -7.30964
3.50254 -7.30964
3.19797 -7.46193
3.04569 -7.46193
2.8934 -7.46193
2.58883 -7.61421
2.43655 -7.61421
2.28426 -7.61421
1.9797 -7.61421
1.82741 -7.61421
1.52284 -7.61421
1.37056 -7.61421
1.06599 -7.61421
0.913706 -7.7665
0.761421 -7.7665
0.456853 -7.7665
0.304569 -7.7665
0 -7.7665
-0.152284 -7.7665
-0.304569 -7.61421
-0.609137 -7.61421
-0.761421 -7.61421
-1.06599 -7.61421
-1.21827 -7.61421
-1.52284 -7.61421
-1.67513 -7.61421
-1.9797 -7.46193
-2.13198 -7.46193
-2.28426 -7.46193
-2.58883 -7.30964
-2.74112 -7.30964
-3.04569 -7.30964
-3.19797 -7.15736
-3.35025 -7.15736
-3.65482 -7.00508
-3.80711 -7.00508
-4.11168 -6.85279
-4.26396 -6.85279
-4.41624 -6.70051
-4.56853 -6.54822
-4.8731 -6.39594
-5.02538 -6.39594
-5.17766 -6.24365
-5.32995 -6.09137
-5.48223 -5.93909
-5.7868 -5.7868
-5.93909 -5.63452
-6.09137 -5.48223
-6.24365 -5.32995
-6.39594 -5.17766
-6.54822 -5.02538
-6.70051 -4.8731
-6.85279 -4.72081
-6.85279 -4.41624
-7.00508 -4.26396
-7.15736 -4.11168
-7.30964 -3.95939
-7.46193 -3.80711
-7.46193 -3.50254
-7.61421 -3.35025
-7.7665 -3.19797
-7.7665 -3.04569
-7.91878 -2.74112
-8.07107 -2.58883
-8.07107 -2.43655
-8.22335 -2.13198
-8.22335 -1.9797
-8.37563 -1.82741
-8.37563 -1.67513
-8.52792 -1.37056
-8.52792 -1.21827
-8.52792 -1.06599
-8.6802 -0.761421
-8.6802 -0.609137
-8.6802 -0.456853
-8.83249 -0.152284
-8.83249 0
-8.83249 0.152284
-8.83249 0.456853
-8.98477 0.609137
-8.98477 0.761421
-8.98477 1.06599
-8.98477 1.21827
-8.98477 1.37056
-8.98477 1.52284
-8.98477 1.82741
-8.98477 1.9797
-8.98477 2.13198
-8.98477 2.43655
-8.98477 2.58883
-8.98477 2.74112
-8.83249 2.8934
-8.83249 3.19797
-8.83249 3.35025
-8.83249 3.50254
-8.83249 3.65482
-8.6802 3.95939
-8.6802 4.11168
-8.6802 4.26396
-8.52792 4.41624
-8.52792 4.56853
-8.52792 4.8731
-8.52792 5.02538
-8.37563 5.17766
-8.37563 5.32995
-8.37563 5.48223
-8.37563 5.63452
-8.22335 5.7868
-8.22335 5.93909
-8.22335 6.24365
-8.22335 6.39594
-8.07107 6.54822
-8.07107 6.70051
-8.07107 6.85279
-8.07107 7.00508
-8.07107 7.15736
-8.07107 7.46193
-8.07107 7.61421
-8.07107 7.7665
-8.07107 7.91878
-8.07107 8.07107
-8.07107 8.37563
-8.07107 8.52792
-7.91878 8.6802
-7.91878 8.83249
-7.91878 9.13706
-7.91878 9.28934
-7.91878 9.44162
-7.91878 9.59391
-7.7665 9.89848
-7.7665 10.0508
-7.7665 10.203
-7.61421 10.3553
-7.61421 10.6599
-7.46193 10.8122
-7.46193 10.9645
-7.30964 11.1168
-7.30964 11.269
-7.15736 11.4213
-7.00508 11.5736
-7.00508 11.7259
-6.85279 11.8782
-6.70051 12.0305
-6.54822 12.1827
-6.39594 12.335
-6.24365 12.4873
-6.09137 12.6396
-5.93909 12.7919
-5.93909 12.9442
-5.7868 12.9442
-5.63452 13.0964
-5.48223 13.2487
-5.32995 13.401
-5.02538 13.401
-4.8731 13.5533
-4.72081 13.7056
-4.56853 13.8579
-4.41624 14.0102
-4.26396 14.0102
-4.11168 14.1624
-3.95939 14.3147
-3.80711 14.467
-3.65482 14.467
-3.50254 14.6193
-3.35025 14.7716
-3.19797 14.9239
-3.04569 15.0761
-2.8934 15.2284
-2.74112 15.3807
-2.58883 15.3807
-2.43655 15.533
-2.28426 15.6853
-2.13198 15.8376
-1.82741 15.9898
-1.67513 16.1421
-1.52284 16.1421
-1.37056 16.2944
-1.21827 16.4467
-0.913706 16.4467
-0.761421 16.599
-0.609137 16.7513
-0.304569 16.7513
-0.152284 16.9036
0 16.9036
0.304569 17.0558
0.456853 17.0558
0.761421 17.0558
0.913706 17.2081
1.06599 17.2081
1.37056 17.2081
1.52284 17.2081
1.82741 17.2081
1.9797 17.2081
2.28426 17.2081
2.43655 17.2081
2.74112 17.2081
2.8934 17.2081
3.04569 17.2081
3.35025 17.0558
3.50254 17.0558
3.80711 17.0558
3.95939 16.9036
4.11168 16.9036
4.41624 16.9036
4.56853 16.7513
4.8731 16.7513
5.02538 16.599
5.17766 16.4467
5.32995 16.4467
5.63452 16.2944
5.7868 16.1421
5.93909 16.1421
6.09137 15.9898
6.39594 15.8376
6.54822 15.6853
6.70051 15.6853
6.85279 15.533
7.00508 15.3807
7.15736 15.2284
7.30964 15.0761
7.61421 14.9239
7.7665 14.7716
7.91878 14.7716
8.07107 14.6193
8.22335 14.467
8.37563 14.3147
8.52792 14.1624
8.52792 14.0102
8.6802 13.8579
8.83249 13.7056
8.98477 13.5533
9.13706 13.401
9.28934 13.2487
9.44162 12.9442
9.44162 12.7919
9.59391 12.6396
9.74619 12.4873
9.89848 12.335
10.0508 12.1827
10.0508 12.0305
10.203 11.8782
10.3553 11.7259
10.3553 11.5736
10.5076 11.4213
10.6599 11.1168
10.6599 10.9645
10.8122 10.8122
10.8122 10.6599
10.9645 10.5076
10.9645 10.3553
11.1168 10.203
11.1168 9.89848
11.269 9.74619
11.269 9.59391
11.4213 9.44162
11.4213 9.28934
11.5736 8.98477
11.5736 8.83249
11.5736 8.6802
11.7259 8.52792
11.7259 8.37563
11.7259 8.07107
11.7259 7.91878
11.8782 7.7665
11.8782 7.61421
11.8782 7.46193
11.8782 7.15736
11.8782 7.00508
12.0305 6.85279
12.0305 6.70051
12.0305 6.39594
12.0305 6.24365
12.0305 6.09137
12.0305 5.93909
12.0305 5.7868
12.0305 5.48223
12.0305 5.32995
12.0305 5.17766
12.0305 5.02538
12.0305 4.8731
