11.5736 -2.74112
11.7259 -3.04569
11.8782 -3.19797
11.8782 -3.35025
12.0305 -3.50254
12.0305 -3.65482
12.1827 -3.95939
12.1827 -4.11168
12.1827 -4.26396
12.1827 -4.56853
12.1827 -4.72081
12.1827 -4.8731
12.1827 -5.02538
12.1827 -5.32995
12.1827 -5.48223
12.1827 -5.63452
12.1827 -5.7868
12.0305 -6.09137
12.0305 -6.24365
12.0305 -6.39594
11.8782 -6.54822
11.8782 -6.70051
11.8782 -7.00508
11.7259 -7.15736
11.7259 -7.30964
11.5736 -7.46193
11.5736 -7.7665
11.5736 -7.91878
11.4213 -8.07107
11.4213 -8.22335
11.269 -8.37563
11.269 -8.6802
11.1168 -8.83249
11.1168 -8.98477
10.9645 -9.13706
10.9645 -9.44162
10.8122 -9.59391
10.6599 -9.74619
10.6599 -9.89848
10.5076 -10.0508
10.3553 -10.203
10.203 -10.3553
10.203 -10.5076
10.0508 -10.6599
9.89848 -10.8122
9.74619 -10.9645
9.59391 -11.1168
9.44162 -11.269
9.28934 -11.4213
9.13706 -11.5736
8.98477 -11.5736
8.83249 -11.7259
8.52792 -11.8782
8.37563 -11.8782
8.22335 -12.0305
8.07107 -12.0305
7.7665 -12.1827
7.61421 -12.1827
7.46193 -12.335
7.30964 -12.335
7.00508 -12.335
6.85279 -12.335
6.70051 -12.4873
6.39594 -12.4873
6.24365 -12.4873
6.09137 -12.4873
5.7868 -12.4873
5.63452 -12.4873
5.48223 -12.4873
5.32995 -12.4873
5.02538 -12.4873
4.8731 -12.4873
4.72081 -12.4873
4.56853 -12.4873
4.26396 -12.4873
4.11168 -12.4873
3.95939 -12.4873
3.80711 -12.4873
3.50254 -12.4873
3.35025 -12.4873
3.19797 -12.335
3.04569 -12.335
2.8934 -12.335
2.74112 -12.335
2.58883 -12.335
2.43655 -12.335
2.13198 -12.335
1.9797 -12.1827
1.82741 -12.1827
1.67513 -12.1827
1.52284 -12.1827
1.37056 -12.1827
1.21827 -12.1827
1.06599 -12.1827
0.913706 -12.0305
0.761421 -12.0305
0.609137 -12.0305
0.456853 -12.0305
0.304569 -12.0305
0.152284 -12.0305
-0.152284 -12.0305
-0.304569 -11.8782
-0.456853 -11.8782
-0.609137 -11.8782
-0.761421 -11.8782
-0.913706 -11.8782
-1.06599 -11.8782
-1.21827 -11.7259
-1.37056 -11.7259
-1.52284 -11.7259
-1.67513 -11.7259
-1.82741 -11.5736
-1.9797 -11.5736
-2.13198 -11.5736
-2.28426 -11.5736
-2.43655 -11.4213
-2.58883 -11.4213
-2.74112 -11.269
-2.8934 -11.269
-3.04569 -11.1168
-3.19797 -11.1168
-3.35025 -10.9645
-3.50254 -10.9645
-3.65482 -10.8122
-3.80711 -10.8122
-3.95939 -10.6599
-4.11168 -10.5076
-4.26396 -10.5076
-4.41624 -10.3553
-4.41624 -10.203
-4.56853 -10.0508
-4.72081 -10.0508
-4.8731 -9.89848
-4.8731 -9.74619
-5.02538 -9.59391
-5.17766 -9.44162
-5.17766 -9.28934
-5.32995 -9.13706
-5.32995 -8.98477
-5.48223 -8.83249
-5.63452 -8.83249
-5.63452 -8.6802
-5.63452 -8.52792
-5.7868 -8.37563
-5.7868 -8.22335
-5.93909 -8.07107
-5.93909 -7.91878
-5.93909 -7.7665
-6.09137 -7.61421
-6.09137 -7.46193
-6.09137 -7.15736
-6.09137 -7.00508
-6.24365 -6.85279
-6.24365 -6.70051
-6.24365 -6.54822
-6.24365 -6.39594
-6.24365 -6.24365
-6.39594 -6.09137
-6.39594 -5.93909
-6.39594 -5.7868
-6.39594 -5.63452
-6.39594 -5.48223
-6.39594 -5.32995
-6.39594 -5.17766
-6.39594 -5.02538
-6.54822 -5.02538
-6.54822 -4.8731
-6.54822 -4.72081
-6.54822 -4.56853
-6.54822 -4.41624
-6.54822 -4.26396
-6.54822 -4.11168
-6.70051 -3.95939
-6.70051 -3.80711
-6.70051 -3.65482
-6.70051 -3.50254
-6.70051 -3.35025
-6.70051 -3.19797
-6.85279 -3.04569
-6.85279 -2.8934
-6.85279 -2.74112
-6.85279 -2.58883
-6.85279 -2.58883
-6.85279 -2.43655
-7.00508 -2.28426
-7.00508 -2.13198
-7.00508 -1.9797
-7.00508 -1.82741
-7.00508 -1.67513
-7.00508 -1.52284
-7.00508 -1.37056
-7.00508 -1.06599
-7.00508 -0.913706
-7.00508 -0.761421
-7.00508 -0.609137
-7.00508 -0.456853
-7.00508 -0.304569
-7.00508 -0.152284
-7.00508 0
-7.00508 0.152284
-7.00508 0.304569
-7.00508 0.456853
-6.85279 0.609137
-6.85279 0.761421
-6.85279 0.913706
-6.85279 1.06599
-6.85279 1.21827
-6.70051 1.37056
-6.70051 1.52284
-6.70051 1.67513
-6.70051 1.9797
-6.54822 2.13198
-6.54822 2.28426
-6.54822 2.43655
-6.39594 2.58883
-6.39594 2.74112
-6.39594 2.8934
-6.24365 3.04569
-6.24365 3.19797
-6.09137 3.35025
-6.09137 3.65482
-5.93909 3.80711
-5.93909 3.95939
-5.93909 4.11168
-5.7868 4.26396
-5.63452 4.41624
-5.63452 4.56853
-5.48223 4.72081
-5.48223 4.8731
-5.32995 5.02538
-5.17766 5.17766
-5.17766 5.32995
-5.02538 5.48223
-4.8731 5.63452
-4.72081 5.7868
-4.56853 5.93909
-4.41624 6.09137
-4.41624 6.24365
-4.26396 6.39594
-4.11168 6.54822
-3.95939 6.54822
-3.80711 6.70051
-3.50254 6.85279
-3.35025 6.85279
-3.19797 7.00508
-3.04569 7.00508
-2.8934 7.15736
-2.74112 7.15736
-2.58883 7.30964
-2.28426 7.30964
-2.13198 7.30964
-1.9797 7.30964
-1.82741 7.46193
-1.67513 7.46193
-1.37056 7.46193
-1.21827 7.46193
-1.06599 7.46193
-0.913706 7.46193
-0.609137 7.46193
-0.456853 7.46193
-0.304569 7.61421
-0.152284 7.46193
0.152284 7.46193
0.304569 7.46193
0.456853 7.46193
0.609137 7.46193
0.761421 7.46193
1.06599 7.46193
1.21827 7.46193
1.37056 7.46193
1.52284 7.46193
1.67513 7.46193
1.82741 7.30964
2.13198 7.30964
2.28426 7.30964
2.43655 7.30964
2.58883 7.30964
2.74112 7.15736
2.8934 7.15736
3.04569 7.15736
3.19797 7.00508
3.50254 7.00508
3.65482 7.00508
3.80711 6.85279
3.95939 6.85279
4.11168 6.70051
4.26396 6.70051
4.41624 6.54822
4.56853 6.54822
4.72081 6.39594
4.8731 6.24365
5.02538 6.24365
5.17766 6.09137
5.32995 5.93909
5.48223 5.93909
5.48223 5.7868
5.63452 5.63452
5.7868 5.63452
5.93909 5.48223
6.09137 5.32995
6.09137 5.17766
6.24365 5.02538
6.39594 4.8731
6.54822 4.8731
6.54822 4.72081
6.70051 4.56853
6.85279 4.41624
6.85279 4.26396
7.00508 4.11168
7.00508 3.95939
7.15736 3.80711
7.15736 3.80711
7.30964 3.65482
7.30964 3.50254
7.46193 3.35025
7.46193 3.19797
7.61421 3.04569
7.61421 2.8934
7.7665 2.74112
7.7665 2.58883
7.91878 2.58883
7.91878 2.43655
8.07107 2.28426
8.07107 2.13198
8.07107 1.9797
8.22335 1.82741
8.22335 1.67513
8.37563 1.67513
8.37563 1.52284
8.52792 1.37056
8.52792 1.21827
8.6802 1.06599
8.6802 1.06599
8.6802 0.913706
8.83249 0.761421
8.83249 0.609137
8.98477 0.456853
9.13706 0.456853
9.13706 0.304569
9.28934 0.152284
9.28934 0
9.44162 -0.152284
9.44162 -0.152284
9.59391 -0.304569
9.74619 -0.456853
9.74619 -0.609137
9.89848 -0.761421
10.0508 -0.913706
10.0508 -0.913706
10.203 -1.06599
10.3553 -1.21827
10.5076 -1.37056
10.5076 -1.52284
10.6599 -1.67513
10.8122 -1.82741
10.9645 -1.9797
11.1168 -2.13198
11.1168 -2.28426
11.269 -2.43655
11.4213 -2.58883
