11.8782 4.41624
11.8782 4.26396
11.8782 3.95939
11.8782 3.80711
11.8782 3.65482
11.8782 3.50254
11.8782 3.19797
11.8782 3.04569
11.8782 2.8934
11.8782 2.74112
11.8782 2.43655
11.8782 2.28426
11.8782 2.13198
11.8782 1.9797
11.8782 1.67513
11.7259 1.52284
11.7259 1.37056
11.7259 1.21827
11.5736 1.06599
11.5736 0.761421
11.5736 0.609137
11.4213 0.456853
11.4213 0.304569
11.269 0.152284
11.269 0
11.1168 -0.304569
11.1168 -0.456853
10.9645 -0.609137
10.9645 -0.761421
10.8122 -0.913706
10.6599 -1.06599
10.6599 -1.21827
10.5076 -1.37056
10.3553 -1.52284
10.3553 -1.67513
10.203 -1.82741
10.0508 -2.13198
10.0508 -2.28426
9.89848 -2.43655
9.74619 -2.58883
9.59391 -2.74112
9.59391 -2.8934
9.44162 -3.04569
9.28934 -3.19797
9.13706 -3.35025
8.98477 -3.50254
8.98477 -3.65482
8.83249 -3.65482
8.6802 -3.80711
8.52792 -3.95939
8.37563 -4.11168
8.22335 -4.26396
8.07107 -4.41624
8.07107 -4.56853
7.91878 -4.72081
7.7665 -4.8731
7.61421 -5.02538
7.46193 -5.17766
7.30964 -5.32995
7.15736 -5.48223
7.00508 -5.63452
6.85279 -5.7868
6.70051 -5.7868
6.54822 -5.93909
6.39594 -6.09137
6.09137 -6.24365
5.93909 -6.39594
5.7868 -6.39594
5.63452 -6.54822
5.48223 -6.70051
5.32995 -6.70051
5.02538 -6.85279
4.8731 -7.00508
4.72081 -7.00508
4.56853 -7.15736
4.26396 -7.15736
4.11168 -7.30964
3.95939 -7.30964
3.65482 -7.46193
3.50254 -7.46193
3.35025 -7.46193
3.04569 -7.61421
2.8934 -7.61421
2.74112 -7.61421
2.43655 -7.7665
2.28426 -7.7665
2.13198 -7.7665
1.82741 -7.7665
1.67513 -7.7665
1.37056 -7.7665
1.21827 -7.7665
1.06599 -7.7665
0.761421 -7.91878
0.609137 -7.91878
0.304569 -7.91878
0.152284 -7.7665
0 -7.7665
-0.304569 -7.7665
-0.456853 -7.7665
-0.761421 -7.7665
-0.913706 -7.7665
-1.06599 -7.7665
-1.37056 -7.7665
-1.52284 -7.61421
-1.82741 -7.61421
-1.9797 -7.61421
-2.13198 -7.46193
-2.43655 -7.46193
-2.58883 -7.46193
-2.8934 -7.30964
-3.04569 -7.30964
-3.19797 -7.15736
-3.50254 -7.15736
-3.65482 -7.00508
-3.80711 -7.00508
-4.11168 -6.85279
-4.26396 -6.85279
-4.41624 -6.70051
-4.56853 -6.54822
-4.8731 -6.54822
-5.02538 -6.39594
-5.17766 -6.24365
-5.32995 -6.09137
-5.48223 -5.93909
-5.63452 -5.93909
-5.93909 -5.7868
-6.09137 -5.63452
-6.24365 -5.48223
-6.39594 -5.32995
-6.54822 -5.17766
-6.70051 -5.02538
-6.85279 -4.8731
-6.85279 -4.56853
-7.00508 -4.41624
-7.15736 -4.26396
-7.30964 -4.11168
-7.46193 -3.95939
-7.61421 -3.80711
-7.61421 -3.65482
-7.7665 -3.35025
-7.91878 -3.19797
-7.91878 -3.04569
-8.07107 -2.8934
-8.22335 -2.74112
-8.22335 -2.43655
-8.37563 -2.28426
-8.37563 -2.13198
-8.52792 -1.9797
-8.52792 -1.67513
-8.6802 -1.52284
-8.6802 -1.37056
-8.6802 -1.06599
-8.83249 -0.913706
-8.83249 -0.761421
-8.83249 -0.609137
-8.98477 -0.304569
-8.98477 -0.152284
-8.98477 0
-8.98477 0.304569
-9.13706 0.456853
-9.13706 0.609137
-9.13706 0.761421
-9.13706 1.06599
-9.13706 1.21827
-9.13706 1.37056
-9.13706 1.67513
-9.13706 1.82741
-9.13706 1.9797
-9.13706 2.13198
-9.13706 2.43655
-9.13706 2.58883
-9.13706 2.74112
-9.13706 2.8934
-9.13706 3.19797
-8.98477 3.35025
-8.98477 3.50254
-8.98477 3.65482
-8.98477 3.80711
-8.98477 4.11168
-8.98477 4.26396
-8.83249 4.41624
-8.83249 4.56853
-8.83249 4.72081
-8.83249 4.8731
-8.6802 5.02538
-8.6802 5.32995
-8.6802 5.48223
-8.6802 5.63452
-8.6802 5.7868
-8.6802 5.93909
-8.52792 6.09137
-8.52792 6.24365
-8.52792 6.39594
-8.52792 6.70051
-8.52792 6.85279
-8.52792 7.00508
-8.52792 7.15736
-8.52792 7.30964
-8.52792 7.46193
-8.37563 7.7665
-8.37563 7.91878
-8.37563 8.07107
-8.37563 8.22335
-8.37563 8.52792
-8.37563 8.6802
-8.37563 8.83249
-8.37563 8.98477
-8.22335 9.28934
-8.22335 9.44162
-8.22335 9.59391
-8.07107 9.74619
-8.07107 10.0508
-8.07107 10.203
-7.91878 10.3553
-7.91878 10.5076
-7.7665 10.6599
-7.7665 10.9645
-7.61421 11.1168
-7.61421 11.269
-7.46193 11.4213
-7.30964 11.5736
-7.30964 11.7259
-7.15736 11.8782
-7.00508 12.0305
-6.85279 12.1827
-6.70051 12.335
-6.54822 12.4873
-6.54822 12.6396
-6.39594 12.7919
-6.24365 12.9442
-6.09137 13.0964
-5.93909 13.2487
-5.7868 13.401
-5.63452 13.5533
-5.48223 13.5533
-5.32995 13.7056
-5.17766 13.8579
-5.02538 14.0102
-4.8731 14.1624
-4.72081 14.3147
-4.56853 14.467
-4.41624 14.6193
-4.26396 14.7716
-4.11168 14.9239
-3.95939 15.0761
-3.80711 15.2284
-3.65482 15.3807
-3.50254 15.533
-3.35025 15.533
-3.19797 15.6853
-2.8934 15.8376
-2.74112 15.9898
-2.58883 16.1421
-2.43655 16.2944
-2.28426 16.4467
-1.9797 16.599
-1.82741 16.7513
-1.67513 16.7513
-1.37056 16.9036
-1.21827 17.0558
-1.06599 17.0558
-0.761421 17.2081
-0.609137 17.2081
-0.304569 17.3604
-0.152284 17.3604
0 17.5127
0.304569 17.5127
0.456853 17.5127
0.761421 17.5127
0.913706 17.5127
1.21827 17.5127
1.52284 17.5127
1.67513 17.5127
1.9797 17.5127
2.13198 17.5127
2.43655 17.5127
2.58883 17.5127
2.74112 17.3604
3.04569 17.3604
3.19797 17.2081
3.50254 17.2081
3.65482 17.2081
3.95939 17.0558
4.11168 16.9036
4.26396 16.9036
4.56853 16.7513
4.72081 16.7513
4.8731 16.599
5.17766 16.4467
5.32995 16.2944
5.48223 16.2944
5.7868 16.1421
5.93909 15.9898
6.09137 15.8376
6.24365 15.6853
6.39594 15.6853
6.70051 15.533
6.85279 15.3807
7.00508 15.2284
7.15736 15.0761
7.30964 14.9239
7.46193 14.7716
7.61421 14.6193
7.7665 14.467
7.91878 14.3147
8.07107 14.1624
8.22335 14.0102
8.37563 13.8579
8.52792 13.7056
8.6802 13.5533
8.83249 13.401
8.98477 13.2487
9.13706 13.0964
9.28934 12.9442
9.28934 12.7919
9.44162 12.6396
9.59391 12.4873
9.74619 12.335
9.89848 12.1827
10.0508 12.0305
10.0508 11.8782
10.203 11.7259
10.3553 11.5736
10.3553 11.269
10.5076 11.1168
10.6599 10.9645
10.6599 10.8122
10.8122 10.6599
10.9645 10.5076
10.9645 10.203
11.1168 10.0508
11.1168 9.89848
11.269 9.74619
11.269 9.44162
11.269 9.28934
11.4213 9.13706
11.4213 8.98477
11.4213 8.6802
11.4213 8.52792
11.5736 8.37563
11.5736 8.07107
11.5736 7.91878
11.5736 7.7665
11.5736 7.61421
11.5736 7.30964
11.5736 7.15736
11.5736 7.00508
11.5736 6.85279
11.5736 6.54822
11.5736 6.39594
11.5736 6.24365
11.5736 6.09137
11.5736 5.7868
11.5736 5.63452
11.5736 5.48223
11.7259 5.32995
11.7259 5.17766
11.7259 4.8731
11.7259 4.72081
11.8782 4.56853
