11.8782 4.26396
11.8782 4.11168
12.0305 3.95939
12.0305 3.65482
12.0305 3.50254
12.0305 3.35025
12.0305 3.19797
12.1827 2.8934
12.1827 2.74112
12.1827 2.58883
12.1827 2.43655
12.0305 2.13198
12.0305 1.9797
12.0305 1.82741
12.0305 1.67513
12.0305 1.52284
11.8782 1.21827
11.8782 1.06599
11.8782 0.913706
11.7259 0.761421
11.7259 0.456853
11.5736 0.304569
11.5736 0.152284
11.4213 0
11.4213 -0.152284
11.269 -0.304569
11.269 -0.456853
11.1168 -0.761421
11.1168 -0.913706
10.9645 -1.06599
10.8122 -1.21827
10.8122 -1.37056
10.6599 -1.52284
10.6599 -1.67513
10.5076 -1.82741
10.3553 -1.9797
10.3553 -2.13198
10.203 -2.28426
10.0508 -2.43655
9.89848 -2.58883
9.89848 -2.74112
9.74619 -2.8934
9.59391 -3.04569
9.44162 -3.19797
9.44162 -3.35025
9.28934 -3.50254
9.13706 -3.65482
8.98477 -3.80711
8.83249 -3.95939
8.83249 -4.11168
8.6802 -4.26396
8.52792 -4.41624
8.37563 -4.56853
8.22335 -4.72081
8.07107 -4.8731
7.91878 -5.02538
7.7665 -5.17766
7.61421 -5.32995
7.46193 -5.48223
7.30964 -5.63452
7.15736 -5.7868
7.00508 -5.93909
6.85279 -6.09137
6.70051 -6.24365
6.54822 -6.24365
6.39594 -6.39594
6.24365 -6.54822
6.09137 -6.70051
5.93909 -6.70051
5.63452 -6.85279
5.48223 -7.00508
5.32995 -7.00508
5.17766 -7.15736
4.8731 -7.30964
4.72081 -7.30964
4.56853 -7.46193
4.26396 -7.46193
4.11168 -7.46193
3.95939 -7.61421
3.65482 -7.61421
3.50254 -7.7665
3.35025 -7.7665
3.04569 -7.7665
2.8934 -7.7665
2.74112 -7.91878
2.43655 -7.91878
2.28426 -7.91878
1.9797 -7.91878
1.82741 -7.91878
1.67513 -7.91878
1.37056 -7.91878
1.21827 -7.91878
0.913706 -7.91878
0.761421 -7.91878
0.609137 -7.91878
0.304569 -7.91878
0.152284 -7.91878
-0.152284 -7.91878
-0.304569 -7.91878
-0.456853 -7.91878
-0.761421 -7.91878
-0.913706 -7.91878
-1.21827 -7.7665
-1.37056 -7.7665
-1.67513 -7.7665
-1.82741 -7.7665
-1.9797 -7.7665
-2.28426 -7.61421
-2.43655 -7.61421
-2.58883 -7.61421
-2.8934 -7.46193
-3.04569 -7.46193
-3.35025 -7.30964
-3.50254 -7.30964
-3.65482 -7.15736
-3.95939 -7.15736
-4.11168 -7.00508
-4.26396 -6.85279
-4.41624 -6.85279
-4.72081 -6.70051
-4.8731 -6.54822
-5.02538 -6.39594
-5.17766 -6.39594
-5.32995 -6.24365
-5.63452 -6.09137
-5.7868 -5.93909
-5.93909 -5.7868
-6.09137 -5.63452
-6.24365 -5.48223
-6.39594 -5.32995
-6.54822 -5.17766
-6.54822 -5.02538
-6.70051 -4.72081
-6.85279 -4.56853
-7.00508 -4.41624
-7.15736 -4.26396
-7.30964 -4.11168
-7.30964 -3.95939
-7.46193 -3.65482
-7.61421 -3.50254
-7.61421 -3.35025
-7.7665 -3.19797
-7.91878 -2.8934
-7.91878 -2.74112
-8.07107 -2.58883
-8.07107 -2.43655
-8.22335 -2.13198
-8.22335 -1.9797
-8.37563 -1.82741
-8.37563 -1.67513
-8.52792 -1.37056
-8.52792 -1.21827
-8.52792 -1.06599
-8.6802 -0.913706
-8.6802 -0.609137
-8.6802 -0.456853
-8.83249 -0.304569
-8.83249 0
-8.83249 0.152284
-8.98477 0.304569
-8.98477 0.456853
-8.98477 0.761421
-8.98477 0.913706
-8.98477 1.06599
-8.98477 1.21827
-8.98477 1.52284
-8.98477 1.67513
-9.13706 1.82741
-9.13706 1.9797
-9.13706 2.28426
-9.13706 2.43655
-8.98477 2.58883
-8.98477 2.74112
-8.98477 3.04569
-8.98477 3.19797
-8.98477 3.35025
-8.98477 3.50254
-8.98477 3.80711
-8.98477 3.95939
-8.83249 4.11168
-8.83249 4.26396
-8.83249 4.41624
-8.83249 4.56853
-8.83249 4.8731
-8.83249 5.02538
-8.6802 5.17766
-8.6802 5.32995
-8.6802 5.48223
-8.6802 5.63452
-8.6802 5.93909
-8.6802 6.09137
-8.6802 6.24365
-8.52792 6.39594
-8.52792 6.54822
-8.52792 6.70051
-8.52792 7.00508
-8.52792 7.15736
-8.52792 7.30964
-8.52792 7.46193
-8.52792 7.61421
-8.52792 7.91878
-8.52792 8.07107
-8.37563 8.22335
-8.37563 8.37563
-8.37563 8.6802
-8.37563 8.83249
-8.37563 8.98477
-8.22335 9.28934
-8.22335 9.44162
-8.22335 9.59391
-8.22335 9.74619
-8.07107 10.0508
-8.07107 10.203
-7.91878 10.3553
-7.91878 10.5076
-7.7665 10.6599
-7.7665 10.9645
-7.61421 11.1168
-7.46193 11.269
-7.46193 11.4213
-7.30964 11.5736
-7.15736 11.7259
-7.00508 11.8782
-6.85279 12.0305
-6.85279 12.1827
-6.70051 12.335
-6.54822 12.4873
-6.39594 12.6396
-6.24365 12.7919
-6.09137 12.9442
-5.93909 13.0964
-5.7868 13.2487
-5.63452 13.2487
-5.48223 13.401
-5.32995 13.5533
-5.17766 13.7056
-5.02538 13.8579
-4.8731 14.0102
-4.72081 14.1624
-4.56853 14.3147
-4.41624 14.467
-4.26396 14.467
-4.11168 14.6193
-3.95939 14.7716
-3.80711 14.9239
-3.65482 15.0761
-3.50254 15.2284
-3.35025 15.3807
-3.19797 15.533
-3.04569 15.6853
-2.74112 15.8376
-2.58883 15.9898
-2.43655 16.1421
-2.28426 16.2944
-2.13198 16.4467
-1.82741 16.599
-1.67513 16.7513
-1.52284 16.7513
-1.21827 16.9036
-1.06599 17.0558
-0.913706 17.0558
-0.609137 17.2081
-0.456853 17.2081
-0.152284 17.3604
0 17.3604
0.304569 17.5127
0.456853 17.5127
0.761421 17.5127
0.913706 17.5127
1.21827 17.5127
1.37056 17.5127
1.67513 17.5127
1.82741 17.5127
2.13198 17.3604
2.28426 17.3604
2.58883 17.3604
2.74112 17.2081
3.04569 17.2081
3.19797 17.2081
3.50254 17.0558
3.65482 16.9036
3.80711 16.9036
4.11168 16.7513
4.26396 16.7513
4.41624 16.599
4.72081 16.4467
4.8731 16.4467
5.02538 16.2944
5.32995 16.1421
5.48223 16.1421
5.63452 15.9898
5.7868 15.8376
6.09137 15.6853
6.24365 15.6853
6.39594 15.533
6.54822 15.3807
6.70051 15.2284
7.00508 15.0761
7.15736 15.0761
7.30964 14.9239
7.46193 14.7716
7.61421 14.6193
7.7665 14.467
7.91878 14.3147
8.07107 14.3147
8.22335 14.1624
8.37563 14.0102
8.52792 13.8579
8.6802 13.7056
8.83249 13.5533
8.98477 13.401
9.13706 13.2487
9.28934 13.0964
9.44162 12.9442
9.59391 12.7919
9.74619 12.6396
9.89848 12.4873
10.0508 12.335
10.203 12.1827
10.203 12.0305
10.3553 11.7259
10.5076 11.5736
10.6599 11.4213
10.6599 11.269
10.8122 11.1168
10.8122 10.9645
10.9645 10.6599
11.1168 10.5076
11.1168 10.3553
11.269 10.203
11.269 10.0508
11.4213 9.74619
11.4213 9.59391
11.4213 9.44162
11.5736 9.28934
11.5736 8.98477
11.5736 8.83249
11.5736 8.6802
11.7259 8.37563
11.7259 8.22335
11.7259 8.07107
11.7259 7.7665
11.7259 7.61421
11.7259 7.46193
11.7259 7.30964
11.7259 7.00508
11.7259 6.85279
11.7259 6.70051
11.7259 6.39594
11.7259 6.24365
11.7259 6.09137
11.7259 5.93909
11.7259 5.7868
11.7259 5.48223
11.7259 5.32995
11.7259 5.17766
11.7259 5.02538
11.8782 4.8731
11.8782 4.56853
11.8782 4.41624
