12.335 4.26396
12.335 4.11168
12.335 3.95939
12.4873 3.80711
12.4873 3.65482
12.4873 3.35025
12.4873 3.19797
12.4873 3.04569
12.4873 2.8934
12.6396 2.58883
12.4873 2.43655
12.4873 2.28426
12.4873 2.13198
12.4873 1.82741
12.4873 1.67513
12.4873 1.52284
12.4873 1.37056
12.335 1.06599
12.335 0.913706
12.335 0.761421
12.1827 0.609137
12.1827 0.456853
12.0305 0.152284
12.0305 0
12.0305 -0.152284
11.8782 -0.304569
11.7259 -0.456853
11.7259 -0.609137
11.5736 -0.913706
11.5736 -1.06599
11.4213 -1.21827
11.269 -1.37056
11.269 -1.52284
11.1168 -1.67513
10.9645 -1.82741
10.9645 -1.9797
10.8122 -2.13198
10.6599 -2.28426
10.6599 -2.43655
10.5076 -2.58883
10.3553 -2.74112
10.203 -2.8934
10.0508 -3.04569
10.0508 -3.19797
9.89848 -3.35025
9.74619 -3.50254
9.59391 -3.65482
9.44162 -3.80711
9.28934 -3.95939
9.28934 -4.11168
9.13706 -4.26396
8.98477 -4.41624
8.83249 -4.56853
8.6802 -4.72081
8.52792 -4.8731
8.37563 -5.02538
8.22335 -5.17766
8.07107 -5.32995
7.91878 -5.32995
7.7665 -5.48223
7.61421 -5.63452
7.46193 -5.7868
7.30964 -5.93909
7.15736 -6.09137
7.00508 -6.24365
6.85279 -6.39594
6.70051 -6.39594
6.54822 -6.54822
6.24365 -6.70051
6.09137 -6.85279
5.93909 -6.85279
5.7868 -7.00508
5.63452 -7.15736
5.32995 -7.15736
5.17766 -7.30964
5.02538 -7.30964
4.8731 -7.46193
4.56853 -7.46193
4.41624 -7.61421
4.26396 -7.61421
3.95939 -7.7665
3.80711 -7.7665
3.50254 -7.7665
3.35025 -7.91878
3.19797 -7.91878
2.8934 -7.91878
2.74112 -7.91878
2.58883 -7.91878
2.28426 -8.07107
2.13198 -8.07107
1.82741 -8.07107
1.67513 -8.07107
1.37056 -8.07107
1.21827 -8.07107
1.06599 -8.07107
0.761421 -8.07107
0.609137 -8.07107
0.304569 -8.07107
0.152284 -8.07107
-0.152284 -7.91878
-0.304569 -7.91878
-0.456853 -7.91878
-0.761421 -7.91878
-0.913706 -7.91878
-1.21827 -7.7665
-1.37056 -7.7665
-1.52284 -7.7665
-1.82741 -7.61421
-1.9797 -7.61421
-2.28426 -7.46193
-2.43655 -7.46193
-2.58883 -7.46193
-2.8934 -7.30964
-3.04569 -7.15736
-3.19797 -7.15736
-3.50254 -7.00508
-3.65482 -7.00508
-3.80711 -6.85279
-3.95939 -6.70051
-4.26396 -6.54822
-4.41624 -6.54822
-4.56853 -6.39594
-4.72081 -6.24365
-4.8731 -6.09137
-5.02538 -5.93909
-5.32995 -5.7868
-5.48223 -5.63452
-5.63452 -5.63452
-5.7868 -5.48223
-5.93909 -5.17766
-6.09137 -5.02538
-6.24365 -4.8731
-6.39594 -4.72081
-6.39594 -4.56853
-6.54822 -4.41624
-6.70051 -4.26396
-6.85279 -4.11168
-7.00508 -3.95939
-7.15736 -3.65482
-7.15736 -3.50254
-7.30964 -3.35025
-7.46193 -3.19797
-7.46193 -3.04569
-7.61421 -2.74112
-7.61421 -2.58883
-7.7665 -2.43655
-7.7665 -2.13198
-7.91878 -1.9797
-7.91878 -1.82741
-8.07107 -1.67513
-8.07107 -1.37056
-8.07107 -1.21827
-8.22335 -1.06599
-8.22335 -0.761421
-8.22335 -0.609137
-8.37563 -0.456853
-8.37563 -0.152284
-8.37563 0
-8.37563 0.152284
-8.37563 0.456853
-8.37563 0.609137
-8.52792 0.761421
-8.52792 0.913706
-8.52792 1.21827
-8.52792 1.37056
-8.52792 1.52284
-8.52792 1.82741
-8.52792 1.9797
-8.52792 2.13198
-8.37563 2.28426
-8.37563 2.58883
-8.37563 2.74112
-8.37563 2.8934
-8.37563 3.04569
-8.37563 3.19797
-8.37563 3.50254
-8.22335 3.65482
-8.22335 3.80711
-8.22335 3.95939
-8.22335 4.11168
-8.22335 4.26396
-8.22335 4.56853
-8.07107 4.72081
-8.07107 4.8731
-8.07107 5.02538
-8.07107 5.17766
-8.07107 5.32995
-7.91878 5.48223
-7.91878 5.7868
-7.91878 5.93909
-7.91878 6.09137
-7.91878 6.24365
-7.91878 6.39594
-7.91878 6.54822
-7.91878 6.70051
-7.91878 7.00508
-7.7665 7.15736
-7.7665 7.30964
-7.7665 7.46193
-7.7665 7.61421
-7.7665 7.91878
-7.7665 8.07107
-7.7665 8.22335
-7.7665 8.37563
-7.7665 8.52792
-7.61421 8.83249
-7.61421 8.98477
-7.61421 9.13706
-7.61421 9.28934
-7.46193 9.59391
-7.46193 9.74619
-7.46193 9.89848
-7.30964 10.0508
-7.30964 10.3553
-7.15736 10.5076
-7.15736 10.6599
-7.00508 10.8122
-7.00508 10.9645
-6.85279 11.1168
-6.70051 11.269
-6.70051 11.4213
-6.54822 11.5736
-6.39594 11.7259
-6.24365 11.8782
-6.09137 12.0305
-5.93909 12.1827
-5.7868 12.335
-5.7868 12.4873
-5.63452 12.6396
-5.48223 12.7919
-5.32995 12.7919
-5.17766 12.9442
-5.02538 13.0964
-4.8731 13.2487
-4.72081 13.401
-4.56853 13.401
-4.41624 13.5533
-4.26396 13.7056
-4.11168 13.8579
-3.95939 13.8579
-3.80711 14.0102
-3.65482 14.1624
-3.50254 14.3147
-3.35025 14.467
-3.04569 14.6193
-2.8934 14.6193
-2.74112 14.7716
-2.58883 14.9239
-2.43655 15.0761
-2.28426 15.2284
-2.13198 15.3807
-1.9797 15.3807
-1.82741 15.533
-1.67513 15.6853
-1.37056 15.8376
-1.21827 15.9898
-1.06599 15.9898
-0.913706 16.1421
-0.609137 16.2944
-0.456853 16.2944
-0.304569 16.4467
0 16.4467
0.152284 16.599
0.304569 16.599
0.609137 16.7513
0.761421 16.7513
1.06599 16.7513
1.21827 16.9036
1.37056 16.9036
1.67513 16.9036
1.82741 16.9036
2.13198 16.9036
2.28426 16.9036
2.58883 16.9036
2.74112 16.9036
2.8934 16.9036
3.19797 16.9036
3.35025 16.7513
3.65482 16.7513
3.80711 16.7513
4.11168 16.7513
4.26396 16.599
4.41624 16.599
4.72081 16.4467
4.8731 16.4467
5.02538 16.2944
5.32995 16.2944
5.48223 16.1421
5.63452 16.1421
5.93909 15.9898
6.09137 15.8376
6.24365 15.8376
6.39594 15.6853
6.70051 15.533
6.85279 15.3807
7.00508 15.3807
7.15736 15.2284
7.30964 15.0761
7.46193 14.9239
7.61421 14.7716
7.91878 14.6193
8.07107 14.6193
8.22335 14.467
8.37563 14.3147
8.52792 14.1624
8.6802 14.0102
8.83249 13.8579
8.98477 13.7056
9.13706 13.5533
9.13706 13.401
9.28934 13.2487
9.44162 13.0964
9.59391 12.9442
9.74619 12.7919
9.89848 12.6396
10.0508 12.4873
10.0508 12.335
10.203 12.1827
10.3553 12.0305
10.5076 11.8782
10.5076 11.5736
10.6599 11.4213
10.8122 11.269
10.8122 11.1168
10.9645 10.9645
11.1168 10.8122
11.1168 10.6599
11.269 10.3553
11.269 10.203
11.4213 10.0508
11.4213 9.89848
11.5736 9.74619
11.5736 9.59391
11.7259 9.28934
11.7259 9.13706
11.7259 8.98477
11.8782 8.83249
11.8782 8.52792
11.8782 8.37563
11.8782 8.22335
12.0305 8.07107
12.0305 7.7665
12.0305 7.61421
12.0305 7.46193
12.0305 7.30964
12.0305 7.00508
12.0305 6.85279
12.0305 6.70051
12.0305 6.54822
12.0305 6.39594
12.1827 6.09137
12.1827 5.93909
12.1827 5.7868
12.1827 5.63452
12.1827 5.48223
12.1827 5.17766
12.1827 5.02538
12.1827 4.8731
12.335 4.72081
12.335 4.56853
