12.1827 4.41624
12.1827 4.26396
12.335 4.11168
12.335 3.95939
12.4873 3.65482
12.4873 3.50254
12.4873 3.35025
12.4873 3.19797
12.6396 2.8934
12.6396 2.74112
12.6396 2.58883
12.4873 2.43655
12.4873 2.13198
12.4873 1.9797
12.4873 1.82741
12.335 1.67513
12.335 1.52284
12.335 1.21827
12.1827 1.06599
12.1827 0.913706
12.0305 0.761421
12.0305 0.609137
11.8782 0.456853
11.8782 0.152284
11.7259 0
11.7259 -0.152284
11.5736 -0.304569
11.4213 -0.456853
11.4213 -0.609137
11.269 -0.761421
11.1168 -0.913706
11.1168 -1.06599
10.9645 -1.21827
10.8122 -1.37056
10.8122 -1.52284
10.6599 -1.67513
10.5076 -1.82741
10.5076 -1.9797
10.3553 -2.13198
10.203 -2.28426
10.0508 -2.43655
10.0508 -2.58883
9.89848 -2.74112
9.74619 -2.8934
9.59391 -3.04569
9.59391 -3.19797
9.44162 -3.35025
9.28934 -3.50254
9.13706 -3.65482
8.98477 -3.80711
8.83249 -3.95939
8.83249 -4.11168
8.6802 -4.26396
8.52792 -4.41624
8.37563 -4.56853
8.22335 -4.72081
8.07107 -4.8731
7.91878 -5.02538
7.7665 -5.17766
7.61421 -5.17766
7.46193 -5.32995
7.30964 -5.48223
7.15736 -5.63452
7.00508 -5.7868
6.85279 -5.93909
6.70051 -6.09137
6.54822 -6.24365
6.39594 -6.24365
6.24365 -6.39594
6.09137 -6.54822
5.93909 -6.70051
5.63452 -6.70051
5.48223 -6.85279
5.32995 -7.00508
5.17766 -7.00508
4.8731 -7.15736
4.72081 -7.15736
4.56853 -7.30964
4.41624 -7.30964
4.11168 -7.46193
3.95939 -7.46193
3.80711 -7.61421
3.50254 -7.61421
3.35025 -7.61421
3.04569 -7.7665
2.8934 -7.7665
2.74112 -7.7665
2.43655 -7.7665
2.28426 -7.91878
1.9797 -7.91878
1.82741 -7.91878
1.67513 -7.91878
1.37056 -7.91878
1.21827 -7.91878
0.913706 -7.91878
0.761421 -7.91878
0.456853 -7.91878
0.304569 -7.91878
0.152284 -7.91878
-0.152284 -7.91878
-0.304569 -7.91878
-0.609137 -7.7665
-0.761421 -7.7665
-1.06599 -7.7665
-1.21827 -7.7665
-1.37056 -7.61421
-1.67513 -7.61421
-1.82741 -7.61421
-2.13198 -7.46193
-2.28426 -7.46193
-2.43655 -7.30964
-2.74112 -7.30964
-2.8934 -7.15736
-3.04569 -7.15736
-3.35025 -7.00508
-3.50254 -7.00508
-3.65482 -6.85279
-3.95939 -6.70051
-4.11168 -6.70051
-4.26396 -6.54822
-4.41624 -6.39594
-4.56853 -6.24365
-4.8731 -6.24365
-5.02538 -6.09137
-5.17766 -5.93909
-5.32995 -5.7868
-5.48223 -5.63452
-5.63452 -5.48223
-5.7868 -5.32995
-5.93909 -5.17766
-6.09137 -5.02538
-6.24365 -4.8731
-6.39594 -4.72081
-6.54822 -4.56853
-6.70051 -4.41624
-6.85279 -4.11168
-6.85279 -3.95939
-7.00508 -3.80711
-7.15736 -3.65482
-7.30964 -3.50254
-7.30964 -3.19797
-7.46193 -3.04569
-7.61421 -2.8934
-7.61421 -2.74112
-7.7665 -2.43655
-7.7665 -2.28426
-7.91878 -2.13198
-7.91878 -1.82741
-8.07107 -1.67513
-8.07107 -1.52284
-8.07107 -1.21827
-8.22335 -1.06599
-8.22335 -0.913706
-8.22335 -0.609137
-8.22335 -0.456853
-8.37563 -0.304569
-8.37563 0
-8.37563 0.152284
-8.37563 0.304569
-8.37563 0.609137
-8.37563 0.761421
-8.37563 0.913706
-8.37563 1.06599
-8.37563 1.37056
-8.37563 1.52284
-8.37563 1.67513
-8.37563 1.9797
-8.37563 2.13198
-8.37563 2.28426
-8.37563 2.43655
-8.37563 2.74112
-8.37563 2.8934
-8.37563 3.04569
-8.22335 3.19797
-8.22335 3.35025
-8.22335 3.65482
-8.22335 3.80711
-8.22335 3.95939
-8.22335 4.11168
-8.22335 4.26396
-8.07107 4.41624
-8.07107 4.56853
-8.07107 4.8731
-8.07107 5.02538
-8.07107 5.17766
-8.07107 5.32995
-7.91878 5.48223
-7.91878 5.63452
-7.91878 5.7868
-7.91878 5.93909
-7.91878 6.24365
-7.91878 6.39594
-7.91878 6.54822
-7.7665 6.70051
-7.7665 6.85279
-7.7665 7.00508
-7.7665 7.15736
-7.7665 7.46193
-7.7665 7.61421
-7.7665 7.7665
-7.7665 7.91878
-7.7665 8.07107
-7.61421 8.37563
-7.61421 8.52792
-7.61421 8.6802
-7.61421 8.83249
-7.61421 8.98477
-7.46193 9.28934
-7.46193 9.44162
-7.46193 9.59391
-7.46193 9.74619
-7.30964 9.89848
-7.30964 10.203
-7.15736 10.3553
-7.15736 10.5076
-7.00508 10.6599
-7.00508 10.8122
-6.85279 10.9645
-6.85279 11.269
-6.70051 11.4213
-6.54822 11.5736
-6.54822 11.7259
-6.39594 11.8782
-6.24365 12.0305
-6.09137 12.1827
-5.93909 12.335
-5.93909 12.4873
-5.7868 12.6396
-5.63452 12.7919
-5.48223 12.9442
-5.32995 12.9442
-5.17766 13.0964
-5.02538 13.2487
-4.8731 13.401
-4.72081 13.5533
-4.56853 13.7056
-4.41624 13.8579
-4.26396 13.8579
-4.11168 14.0102
-3.95939 14.1624
-3.80711 14.3147
-3.65482 14.467
-3.50254 14.467
-3.35025 14.6193
-3.19797 14.7716
-3.04569 14.9239
-2.8934 15.0761
-2.74112 15.0761
-2.58883 15.2284
-2.28426 15.3807
-2.13198 15.533
-1.9797 15.533
-1.82741 15.6853
-1.67513 15.8376
-1.52284 15.8376
-1.21827 15.9898
-1.06599 16.1421
-0.913706 16.1421
-0.609137 16.2944
-0.456853 16.2944
-0.304569 16.4467
-0.152284 16.4467
0.152284 16.599
0.304569 16.599
0.609137 16.7513
0.761421 16.7513
0.913706 16.7513
1.21827 16.9036
1.37056 16.9036
1.67513 16.9036
1.82741 16.9036
1.9797 16.9036
2.28426 16.9036
2.43655 17.0558
2.74112 17.0558
2.8934 16.9036
3.19797 16.9036
3.35025 16.9036
3.65482 16.9036
3.80711 16.9036
3.95939 16.9036
4.26396 16.7513
4.41624 16.7513
4.72081 16.7513
4.8731 16.599
5.02538 16.599
5.32995 16.4467
5.48223 16.4467
5.63452 16.2944
5.93909 16.1421
6.09137 16.1421
6.24365 15.9898
6.39594 15.8376
6.70051 15.8376
6.85279 15.6853
7.00508 15.533
7.15736 15.3807
7.30964 15.2284
7.46193 15.0761
7.61421 14.9239
7.7665 14.7716
7.91878 14.6193
8.07107 14.6193
8.22335 14.467
8.37563 14.3147
8.52792 14.1624
8.6802 14.0102
8.83249 13.8579
8.98477 13.7056
9.13706 13.5533
9.28934 13.401
9.44162 13.0964
9.59391 12.9442
9.59391 12.7919
9.74619 12.6396
9.89848 12.4873
10.0508 12.335
10.203 12.1827
10.3553 12.0305
10.3553 11.8782
10.5076 11.7259
10.6599 11.5736
10.8122 11.4213
10.8122 11.269
10.9645 11.1168
11.1168 10.9645
11.1168 10.8122
11.269 10.6599
11.4213 10.3553
11.4213 10.203
11.5736 10.0508
11.5736 9.89848
11.7259 9.74619
11.7259 9.44162
11.7259 9.28934
11.8782 9.13706
11.8782 8.98477
11.8782 8.6802
12.0305 8.52792
12.0305 8.37563
12.0305 8.22335
12.0305 7.91878
12.0305 7.7665
12.0305 7.61421
12.0305 7.46193
12.0305 7.15736
12.0305 7.00508
12.0305 6.85279
12.0305 6.70051
12.0305 6.39594
12.0305 6.24365
12.0305 6.09137
12.0305 5.93909
12.0305 5.7868
12.0305 5.48223
12.0305 5.32995
12.0305 5.17766
12.1827 5.02538
12.1827 4.8731
12.1827 4.72081
