12.1827 4.41624
12.1827 4.26396
12.335 4.11168
12.335 3.95939
12.335 3.80711
12.335 3.50254
12.4873 3.35025
12.4873 3.19797
12.4873 3.04569
12.4873 2.74112
12.4873 2.58883
12.4873 2.43655
12.4873 2.13198
12.335 1.9797
12.335 1.82741
12.335 1.67513
12.335 1.52284
12.1827 1.21827
12.1827 1.06599
12.0305 0.913706
12.0305 0.761421
12.0305 0.609137
11.8782 0.304569
11.7259 0.152284
11.7259 0
11.5736 -0.152284
11.5736 -0.304569
11.4213 -0.456853
11.269 -0.609137
11.269 -0.761421
11.1168 -0.913706
10.9645 -1.06599
10.8122 -1.21827
10.8122 -1.37056
10.6599 -1.52284
10.5076 -1.67513
10.3553 -1.82741
10.3553 -1.9797
10.203 -2.13198
10.0508 -2.28426
9.89848 -2.43655
9.74619 -2.58883
9.74619 -2.74112
9.59391 -2.8934
9.44162 -2.8934
9.28934 -3.04569
9.13706 -3.19797
8.98477 -3.35025
8.98477 -3.50254
8.83249 -3.65482
8.6802 -3.80711
8.52792 -3.95939
8.37563 -4.11168
8.22335 -4.26396
8.07107 -4.41624
8.07107 -4.56853
7.91878 -4.72081
7.7665 -4.8731
7.61421 -4.8731
7.46193 -5.02538
7.30964 -5.17766
7.15736 -5.32995
7.00508 -5.48223
6.85279 -5.63452
6.70051 -5.7868
6.54822 -5.93909
6.39594 -6.09137
6.24365 -6.09137
6.09137 -6.24365
5.93909 -6.39594
5.63452 -6.54822
5.48223 -6.54822
5.32995 -6.70051
5.17766 -6.85279
5.02538 -6.85279
4.72081 -7.00508
4.56853 -7.15736
4.41624 -7.15736
4.26396 -7.30964
3.95939 -7.30964
3.80711 -7.30964
3.65482 -7.46193
3.35025 -7.46193
3.19797 -7.46193
3.04569 -7.61421
2.74112 -7.61421
2.58883 -7.61421
2.28426 -7.61421
2.13198 -7.7665
1.9797 -7.7665
1.67513 -7.7665
1.52284 -7.7665
1.21827 -7.7665
1.06599 -7.7665
0.913706 -7.7665
0.609137 -7.7665
0.456853 -7.7665
0.152284 -7.7665
0 -7.7665
-0.152284 -7.7665
-0.456853 -7.7665
-0.609137 -7.61421
-0.913706 -7.61421
-1.06599 -7.61421
-1.37056 -7.61421
-1.52284 -7.46193
-1.67513 -7.46193
-1.9797 -7.46193
-2.13198 -7.30964
-2.28426 -7.30964
-2.58883 -7.30964
-2.74112 -7.15736
-3.04569 -7.15736
-3.19797 -7.00508
-3.35025 -7.00508
-3.50254 -6.85279
-3.80711 -6.70051
-3.95939 -6.70051
-4.11168 -6.54822
-4.41624 -6.39594
-4.56853 -6.39594
-4.72081 -6.24365
-4.8731 -6.09137
-5.02538 -5.93909
-5.17766 -5.7868
-5.32995 -5.63452
-5.63452 -5.48223
-5.7868 -5.32995
-5.93909 -5.17766
-6.09137 -5.02538
-6.24365 -4.8731
-6.24365 -4.72081
-6.39594 -4.56853
-6.54822 -4.41624
-6.70051 -4.26396
-6.85279 -4.11168
-7.00508 -3.95939
-7.15736 -3.65482
-7.15736 -3.50254
-7.30964 -3.35025
-7.46193 -3.19797
-7.46193 -3.04569
-7.61421 -2.74112
-7.61421 -2.58883
-7.7665 -2.43655
-7.91878 -2.28426
-7.91878 -1.9797
-7.91878 -1.82741
-8.07107 -1.67513
-8.07107 -1.37056
-8.22335 -1.21827
-8.22335 -1.06599
-8.22335 -0.761421
-8.37563 -0.609137
-8.37563 -0.456853
-8.37563 -0.304569
-8.37563 0
-8.52792 0.152284
-8.52792 0.304569
-8.52792 0.609137
-8.52792 0.761421
-8.52792 0.913706
-8.52792 1.21827
-8.52792 1.37056
-8.52792 1.52284
-8.52792 1.67513
-8.52792 1.9797
-8.52792 2.13198
-8.52792 2.28426
-8.52792 2.43655
-8.52792 2.74112
-8.52792 2.8934
-8.52792 3.04569
-8.52792 3.19797
-8.52792 3.35025
-8.52792 3.65482
-8.37563 3.80711
-8.37563 3.95939
-8.37563 4.11168
-8.37563 4.26396
-8.37563 4.41624
-8.37563 4.72081
-8.22335 4.8731
-8.22335 5.02538
-8.22335 5.17766
-8.22335 5.32995
-8.22335 5.48223
-8.22335 5.63452
-8.07107 5.93909
-8.07107 6.09137
-8.07107 6.24365
-8.07107 6.39594
-8.07107 6.54822
-8.07107 6.70051
-8.07107 6.85279
-8.07107 7.15736
-8.07107 7.30964
-8.07107 7.46193
-7.91878 7.61421
-7.91878 7.7665
-7.91878 8.07107
-7.91878 8.22335
-7.91878 8.37563
-7.91878 8.52792
-7.91878 8.6802
-7.7665 8.98477
-7.7665 9.13706
-7.7665 9.28934
-7.7665 9.44162
-7.61421 9.74619
-7.61421 9.89848
-7.61421 10.0508
-7.46193 10.203
-7.46193 10.3553
-7.30964 10.6599
-7.30964 10.8122
-7.15736 10.9645
-7.15736 11.1168
-7.00508 11.269
-6.85279 11.4213
-6.85279 11.5736
-6.70051 11.7259
-6.54822 11.8782
-6.39594 12.0305
-6.24365 12.1827
-6.24365 12.335
-6.09137 12.4873
-5.93909 12.6396
-5.7868 12.7919
-5.63452 12.9442
-5.48223 13.0964
-5.32995 13.2487
-5.17766 13.401
-5.02538 13.401
-4.8731 13.5533
-4.72081 13.7056
-4.56853 13.8579
-4.41624 14.0102
-4.26396 14.1624
-4.11168 14.1624
-3.95939 14.3147
-3.80711 14.467
-3.65482 14.6193
-3.50254 14.7716
-3.35025 14.9239
-3.19797 15.0761
-3.04569 15.2284
-2.8934 15.3807
-2.74112 15.533
-2.58883 15.533
-2.43655 15.6853
-2.28426 15.8376
-1.9797 15.9898
-1.82741 16.1421
-1.67513 16.2944
-1.52284 16.2944
-1.21827 16.4467
-1.06599 16.599
-0.913706 16.7513
-0.609137 16.7513
-0.456853 16.9036
-0.304569 16.9036
0 17.0558
0.152284 17.0558
0.304569 17.2081
0.609137 17.2081
0.761421 17.2081
1.06599 17.3604
1.21827 17.3604
1.52284 17.3604
1.67513 17.3604
1.9797 17.3604
2.13198 17.3604
2.43655 17.3604
2.58883 17.3604
2.8934 17.2081
3.04569 17.2081
3.19797 17.2081
3.50254 17.2081
3.65482 17.0558
3.95939 17.0558
4.11168 16.9036
4.41624 16.9036
4.56853 16.7513
4.72081 16.7513
5.02538 16.599
5.17766 16.599
5.32995 16.4467
5.63452 16.2944
5.7868 16.2944
5.93909 16.1421
6.09137 15.9898
6.39594 15.9898
6.54822 15.8376
6.70051 15.6853
6.85279 15.533
7.00508 15.533
7.30964 15.3807
7.46193 15.2284
7.61421 15.0761
7.7665 14.9239
7.91878 14.7716
8.07107 14.6193
8.22335 14.467
8.37563 14.467
8.52792 14.3147
8.6802 14.1624
8.83249 14.0102
8.98477 13.8579
9.13706 13.7056
9.28934 13.5533
9.44162 13.401
9.59391 13.2487
9.74619 12.9442
9.74619 12.7919
9.89848 12.6396
10.0508 12.4873
10.203 12.335
10.203 12.1827
10.3553 12.0305
10.5076 11.8782
10.6599 11.7259
10.6599 11.5736
10.8122 11.269
10.8122 11.1168
10.9645 10.9645
11.1168 10.8122
11.1168 10.6599
11.269 10.3553
11.269 10.203
11.4213 10.0508
11.4213 9.89848
11.4213 9.74619
11.5736 9.44162
11.5736 9.28934
11.5736 9.13706
11.7259 8.98477
11.7259 8.6802
11.7259 8.52792
11.7259 8.37563
11.7259 8.07107
11.7259 7.91878
11.8782 7.7665
11.8782 7.61421
11.8782 7.30964
11.8782 7.15736
11.8782 7.00508
11.8782 6.85279
11.8782 6.70051
11.8782 6.39594
11.8782 6.24365
11.8782 6.09137
11.8782 5.93909
12.0305 5.7868
12.0305 5.63452
12.0305 5.32995
12.0305 5.17766
12.0305 5.02538
12.1827 4.8731
12.1827 4.72081
