12.7919 -2.58883
12.7919 -2.74112
12.7919 -3.04569
12.7919 -3.19797
12.7919 -3.35025
12.7919 -3.65482
12.7919 -3.80711
12.7919 -3.95939
12.6396 -4.26396
12.6396 -4.41624
12.6396 -4.56853
12.6396 -4.72081
12.4873 -5.02538
12.4873 -5.17766
12.4873 -5.32995
12.335 -5.48223
12.335 -5.7868
12.1827 -5.93909
12.1827 -6.09137
12.1827 -6.24365
12.0305 -6.54822
12.0305 -6.70051
11.8782 -6.85279
11.8782 -7.00508
11.7259 -7.15736
11.7259 -7.46193
11.5736 -7.61421
11.5736 -7.7665
11.4213 -7.91878
11.269 -8.07107
11.269 -8.22335
11.1168 -8.52792
11.1168 -8.6802
10.9645 -8.83249
10.8122 -8.98477
10.8122 -9.13706
10.6599 -9.28934
10.5076 -9.44162
10.3553 -9.59391
10.3553 -9.74619
10.203 -10.0508
10.0508 -10.203
9.89848 -10.3553
9.74619 -10.5076
9.59391 -10.5076
9.44162 -10.6599
9.28934 -10.8122
9.13706 -10.9645
8.98477 -11.1168
8.83249 -11.269
8.6802 -11.269
8.52792 -11.4213
8.37563 -11.5736
8.22335 -11.7259
8.07107 -11.7259
7.7665 -11.8782
7.61421 -11.8782
7.46193 -12.0305
7.30964 -12.0305
7.15736 -12.1827
6.85279 -12.1827
6.70051 -12.1827
6.54822 -12.335
6.39594 -12.335
6.09137 -12.335
5.93909 -12.335
5.7868 -12.4873
5.63452 -12.4873
5.32995 -12.4873
5.17766 -12.4873
5.02538 -12.4873
4.72081 -12.4873
4.56853 -12.4873
4.41624 -12.4873
4.26396 -12.4873
3.95939 -12.4873
3.80711 -12.4873
3.65482 -12.4873
3.50254 -12.4873
3.35025 -12.4873
3.04569 -12.4873
2.8934 -12.4873
2.74112 -12.4873
2.58883 -12.335
2.43655 -12.335
2.28426 -12.335
1.9797 -12.335
1.82741 -12.335
1.67513 -12.335
1.52284 -12.1827
1.37056 -12.1827
1.21827 -12.1827
1.06599 -12.1827
0.913706 -12.1827
0.761421 -12.1827
0.609137 -12.0305
0.304569 -12.0305
0.152284 -12.0305
0 -12.0305
-0.152284 -12.0305
-0.304569 -12.0305
-0.456853 -12.0305
-0.609137 -11.8782
-0.761421 -11.8782
-0.913706 -11.8782
-1.06599 -11.8782
-1.21827 -11.8782
-1.37056 -11.8782
-1.67513 -11.7259
-1.82741 -11.7259
-1.9797 -11.7259
-2.13198 -11.7259
-2.28426 -11.5736
-2.43655 -11.5736
-2.58883 -11.5736
-2.74112 -11.4213
-2.8934 -11.4213
-3.04569 -11.269
-3.19797 -11.269
-3.35025 -11.1168
-3.50254 -11.1168
-3.65482 -10.9645
-3.80711 -10.9645
-3.95939 -10.8122
-4.11168 -10.6599
-4.26396 -10.5076
-4.26396 -10.5076
-4.41624 -10.3553
-4.56853 -10.203
-4.72081 -10.0508
-4.72081 -9.89848
-4.8731 -9.74619
-5.02538 -9.59391
-5.02538 -9.44162
-5.17766 -9.28934
-5.17766 -9.13706
-5.32995 -8.98477
-5.32995 -8.98477
-5.48223 -8.83249
-5.48223 -8.52792
-5.63452 -8.37563
-5.63452 -8.22335
-5.7868 -8.07107
-5.7868 -7.91878
-5.7868 -7.7665
-5.93909 -7.61421
-5.93909 -7.46193
-5.93909 -7.30964
-5.93909 -7.15736
-6.09137 -7.00508
-6.09137 -6.85279
-6.09137 -6.70051
-6.09137 -6.54822
-6.09137 -6.39594
-6.24365 -6.24365
-6.24365 -6.09137
-6.24365 -5.93909
-6.24365 -5.7868
-6.24365 -5.63452
-6.24365 -5.48223
-6.39594 -5.32995
-6.39594 -5.32995
-6.39594 -5.17766
-6.39594 -5.02538
-6.39594 -4.8731
-6.39594 -4.72081
-6.39594 -4.56853
-6.54822 -4.41624
-6.54822 -4.26396
-6.54822 -4.11168
-6.54822 -3.95939
-6.54822 -3.80711
-6.54822 -3.65482
-6.70051 -3.65482
-6.70051 -3.50254
-6.70051 -3.35025
-6.70051 -3.19797
-6.70051 -3.04569
-6.85279 -2.8934
-6.85279 -2.74112
-6.85279 -2.58883
-6.85279 -2.43655
-6.85279 -2.28426
-6.85279 -2.13198
-7.00508 -1.9797
-7.00508 -1.82741
-7.00508 -1.67513
-7.00508 -1.52284
-7.00508 -1.37056
-7.00508 -1.21827
-7.00508 -1.06599
-7.00508 -0.913706
-7.00508 -0.761421
-7.00508 -0.609137
-7.00508 -0.456853
-7.00508 -0.304569
-7.00508 -0.152284
-7.00508 0
-7.00508 0.152284
-7.00508 0.304569
-7.00508 0.456853
-6.85279 0.609137
-6.85279 0.761421
-6.85279 0.913706
-6.85279 1.06599
-6.85279 1.21827
-6.70051 1.37056
-6.70051 1.52284
-6.70051 1.67513
-6.70051 1.82741
-6.54822 1.9797
-6.54822 2.13198
-6.54822 2.28426
-6.39594 2.43655
-6.39594 2.58883
-6.39594 2.74112
-6.24365 2.8934
-6.24365 3.19797
-6.09137 3.35025
-6.09137 3.50254
-6.09137 3.65482
-5.93909 3.80711
-5.93909 3.95939
-5.7868 4.11168
-5.7868 4.26396
-5.63452 4.41624
-5.63452 4.56853
-5.48223 4.72081
-5.32995 4.8731
-5.32995 5.02538
-5.17766 5.17766
-5.02538 5.32995
-5.02538 5.48223
-4.8731 5.63452
-4.72081 5.7868
-4.56853 5.93909
-4.41624 6.09137
-4.26396 6.24365
-4.26396 6.24365
-4.11168 6.39594
-3.95939 6.54822
-3.80711 6.70051
-3.65482 6.70051
-3.50254 6.85279
-3.19797 6.85279
-3.04569 7.00508
-2.8934 7.00508
-2.74112 7.15736
-2.58883 7.15736
-2.43655 7.30964
-2.28426 7.30964
-1.9797 7.30964
-1.82741 7.30964
-1.67513 7.46193
-1.52284 7.46193
-1.37056 7.46193
-1.06599 7.46193
-0.913706 7.46193
-0.761421 7.46193
-0.609137 7.46193
-0.456853 7.46193
-0.152284 7.46193
0 7.46193
0.152284 7.46193
0.304569 7.46193
0.456853 7.46193
0.609137 7.46193
0.913706 7.46193
1.06599 7.46193
1.21827 7.46193
1.37056 7.46193
1.52284 7.46193
1.67513 7.30964
1.82741 7.30964
2.13198 7.30964
2.28426 7.30964
2.43655 7.30964
2.58883 7.15736
2.74112 7.15736
2.8934 7.15736
3.04569 7.15736
3.19797 7.00508
3.35025 7.00508
3.50254 7.00508
3.80711 6.85279
3.95939 6.85279
4.11168 6.70051
4.26396 6.70051
4.41624 6.54822
4.56853 6.54822
4.72081 6.39594
4.8731 6.39594
5.02538 6.24365
5.02538 6.24365
5.17766 6.09137
5.32995 5.93909
5.48223 5.93909
5.63452 5.7868
5.7868 5.63452
5.93909 5.63452
6.09137 5.48223
6.09137 5.32995
6.24365 5.17766
6.39594 5.17766
6.54822 5.02538
6.54822 4.8731
6.70051 4.72081
6.85279 4.56853
6.85279 4.41624
7.00508 4.41624
7.15736 4.26396
7.15736 4.11168
7.30964 3.95939
7.30964 3.80711
7.46193 3.65482
7.46193 3.50254
7.61421 3.35025
7.61421 3.35025
7.7665 3.19797
7.7665 3.04569
7.91878 2.8934
7.91878 2.74112
8.07107 2.58883
8.07107 2.43655
8.22335 2.28426
8.22335 2.13198
8.22335 2.13198
8.37563 1.9797
8.37563 1.82741
8.52792 1.67513
8.52792 1.52284
8.52792 1.37056
8.6802 1.21827
8.6802 1.06599
8.83249 1.06599
8.83249 0.913706
8.83249 0.761421
8.98477 0.609137
8.98477 0.456853
9.13706 0.304569
9.13706 0.304569
9.28934 0.152284
9.28934 0
9.44162 -0.152284
9.44162 -0.304569
9.59391 -0.456853
9.74619 -0.456853
9.74619 -0.609137
9.89848 -0.761421
10.0508 -0.913706
10.203 -1.06599
10.3553 -1.21827
10.5076 -1.37056
10.8122 -1.52284
10.9645 -1.52284
11.1168 -1.67513
11.4213 -1.82741
11.7259 -2.13198
11.8782 -2.28426
12.1827 -2.43655
