11.8782 4.8731
11.8782 4.72081
12.0305 4.56853
12.0305 4.26396
12.0305 4.11168
12.0305 3.95939
12.0305 3.80711
12.0305 3.50254
12.0305 3.35025
12.0305 3.19797
12.0305 3.04569
12.0305 2.74112
12.0305 2.58883
12.0305 2.43655
12.0305 2.28426
12.0305 1.9797
12.0305 1.82741
11.8782 1.67513
11.8782 1.52284
11.8782 1.21827
11.7259 1.06599
11.7259 0.913706
11.7259 0.761421
11.5736 0.609137
11.5736 0.304569
11.4213 0.152284
11.269 0
11.269 -0.152284
11.1168 -0.304569
10.9645 -0.456853
10.9645 -0.609137
10.8122 -0.761421
10.6599 -0.913706
10.6599 -1.06599
10.5076 -1.21827
10.3553 -1.37056
10.203 -1.52284
10.0508 -1.67513
10.0508 -1.82741
9.89848 -1.9797
9.74619 -2.13198
9.59391 -2.28426
9.44162 -2.43655
9.28934 -2.58883
9.28934 -2.74112
9.13706 -2.8934
8.98477 -3.04569
8.83249 -3.19797
8.6802 -3.35025
8.52792 -3.50254
8.52792 -3.65482
8.37563 -3.65482
8.22335 -3.80711
8.07107 -3.95939
7.91878 -4.11168
7.7665 -4.26396
7.61421 -4.41624
7.61421 -4.56853
7.46193 -4.72081
7.30964 -4.8731
7.15736 -5.02538
7.00508 -5.17766
6.85279 -5.32995
6.70051 -5.48223
6.54822 -5.63452
6.39594 -5.7868
6.24365 -5.93909
5.93909 -6.09137
5.7868 -6.09137
5.63452 -6.24365
5.48223 -6.39594
5.32995 -6.54822
5.17766 -6.54822
4.8731 -6.70051
4.72081 -6.85279
4.56853 -6.85279
4.26396 -7.00508
4.11168 -7.00508
3.95939 -7.15736
3.65482 -7.15736
3.50254 -7.30964
3.35025 -7.30964
3.04569 -7.30964
2.8934 -7.46193
2.74112 -7.46193
2.43655 -7.46193
2.28426 -7.46193
1.9797 -7.46193
1.82741 -7.61421
1.52284 -7.61421
1.37056 -7.61421
1.21827 -7.61421
0.913706 -7.61421
0.761421 -7.61421
0.456853 -7.61421
0.304569 -7.61421
0 -7.61421
-0.152284 -7.61421
-0.304569 -7.61421
-0.609137 -7.61421
-0.761421 -7.61421
-1.06599 -7.46193
-1.21827 -7.46193
-1.52284 -7.46193
-1.67513 -7.46193
-1.9797 -7.46193
-2.13198 -7.30964
-2.28426 -7.30964
-2.58883 -7.30964
-2.74112 -7.15736
-3.04569 -7.15736
-3.19797 -7.00508
-3.35025 -7.00508
-3.65482 -6.85279
-3.80711 -6.85279
-4.11168 -6.70051
-4.26396 -6.70051
-4.41624 -6.54822
-4.56853 -6.39594
-4.8731 -6.24365
-5.02538 -6.24365
-5.17766 -6.09137
-5.32995 -5.93909
-5.48223 -5.7868
-5.63452 -5.63452
-5.93909 -5.48223
-6.09137 -5.32995
-6.24365 -5.17766
-6.39594 -5.02538
-6.54822 -4.8731
-6.54822 -4.72081
-6.70051 -4.41624
-6.85279 -4.26396
-7.00508 -4.11168
-7.15736 -3.95939
-7.15736 -3.80711
-7.30964 -3.50254
-7.46193 -3.35025
-7.61421 -3.19797
-7.61421 -2.8934
-7.7665 -2.74112
-7.7665 -2.58883
-7.91878 -2.43655
-7.91878 -2.13198
-8.07107 -1.9797
-8.07107 -1.82741
-8.22335 -1.52284
-8.22335 -1.37056
-8.37563 -1.21827
-8.37563 -0.913706
-8.37563 -0.761421
-8.52792 -0.609137
-8.52792 -0.456853
-8.52792 -0.152284
-8.52792 0
-8.6802 0.152284
-8.6802 0.456853
-8.6802 0.609137
-8.6802 0.761421
-8.6802 0.913706
-8.6802 1.21827
-8.83249 1.37056
-8.83249 1.52284
-8.83249 1.82741
-8.83249 1.9797
-8.83249 2.13198
-8.83249 2.28426
-8.83249 2.58883
-8.83249 2.74112
-8.83249 2.8934
-8.6802 3.04569
-8.6802 3.19797
-8.6802 3.50254
-8.6802 3.65482
-8.6802 3.80711
-8.6802 3.95939
-8.6802 4.11168
-8.6802 4.41624
-8.52792 4.56853
-8.52792 4.72081
-8.52792 4.8731
-8.52792 5.02538
-8.52792 5.17766
-8.37563 5.32995
-8.37563 5.48223
-8.37563 5.7868
-8.37563 5.93909
-8.37563 6.09137
-8.37563 6.24365
-8.22335 6.39594
-8.22335 6.54822
-8.22335 6.70051
-8.22335 6.85279
-8.22335 7.15736
-8.22335 7.30964
-8.22335 7.46193
-8.22335 7.61421
-8.22335 7.7665
-8.22335 7.91878
-8.22335 8.22335
-8.22335 8.37563
-8.07107 8.52792
-8.07107 8.6802
-8.07107 8.83249
-8.07107 9.13706
-8.07107 9.28934
-8.07107 9.44162
-7.91878 9.59391
-7.91878 9.89848
-7.91878 10.0508
-7.91878 10.203
-7.7665 10.3553
-7.7665 10.5076
-7.61421 10.8122
-7.61421 10.9645
-7.46193 11.1168
-7.46193 11.269
-7.30964 11.4213
-7.30964 11.5736
-7.15736 11.7259
-7.00508 11.8782
-6.85279 12.0305
-6.85279 12.1827
-6.70051 12.335
-6.54822 12.4873
-6.39594 12.6396
-6.24365 12.7919
-6.09137 12.9442
-5.93909 13.0964
-5.7868 13.2487
-5.63452 13.2487
-5.48223 13.401
-5.48223 13.5533
-5.32995 13.7056
-5.17766 13.8579
-5.02538 13.8579
-4.8731 14.0102
-4.72081 14.1624
-4.56853 14.3147
-4.41624 14.467
-4.26396 14.6193
-4.11168 14.7716
-3.95939 14.9239
-3.80711 15.0761
-3.65482 15.2284
-3.50254 15.3807
-3.35025 15.533
-3.19797 15.6853
-3.04569 15.8376
-2.8934 15.8376
-2.74112 15.9898
-2.58883 16.1421
-2.28426 16.2944
-2.13198 16.4467
-1.9797 16.599
-1.82741 16.7513
-1.67513 16.9036
-1.37056 17.0558
-1.21827 17.0558
-1.06599 17.2081
-0.761421 17.3604
-0.609137 17.3604
-0.456853 17.5127
-0.152284 17.5127
0 17.665
0.304569 17.665
0.456853 17.665
0.761421 17.8173
0.913706 17.8173
1.21827 17.8173
1.37056 17.8173
1.67513 17.8173
1.82741 17.665
1.9797 17.665
2.28426 17.665
2.43655 17.665
2.74112 17.5127
2.8934 17.5127
3.19797 17.5127
3.35025 17.3604
3.50254 17.3604
3.80711 17.2081
3.95939 17.2081
4.26396 17.0558
4.41624 16.9036
4.56853 16.9036
4.72081 16.7513
5.02538 16.599
5.17766 16.599
5.32995 16.4467
5.63452 16.2944
5.7868 16.2944
5.93909 16.1421
6.09137 15.9898
6.24365 15.9898
6.54822 15.8376
6.70051 15.6853
6.85279 15.533
7.00508 15.533
7.15736 15.3807
7.30964 15.2284
7.46193 15.0761
7.7665 14.9239
7.91878 14.9239
8.07107 14.7716
8.22335 14.6193
8.37563 14.467
8.52792 14.3147
8.6802 14.1624
8.83249 14.0102
8.98477 13.8579
9.13706 13.7056
9.28934 13.5533
9.44162 13.401
9.44162 13.2487
9.59391 13.0964
9.74619 12.9442
9.89848 12.7919
10.0508 12.6396
10.0508 12.4873
10.203 12.335
10.3553 12.1827
10.3553 11.8782
10.5076 11.7259
10.6599 11.5736
10.6599 11.4213
10.8122 11.269
10.8122 10.9645
10.9645 10.8122
10.9645 10.6599
11.1168 10.5076
11.1168 10.203
11.269 10.0508
11.269 9.89848
11.269 9.74619
11.269 9.44162
11.4213 9.28934
11.4213 9.13706
11.4213 8.98477
11.4213 8.6802
11.4213 8.52792
11.4213 8.37563
11.5736 8.22335
11.5736 7.91878
11.5736 7.7665
11.5736 7.61421
11.5736 7.46193
11.5736 7.15736
11.5736 7.00508
11.5736 6.85279
11.5736 6.70051
11.5736 6.54822
11.5736 6.24365
11.5736 6.09137
11.7259 5.93909
11.7259 5.7868
11.7259 5.63452
11.7259 5.48223
11.7259 5.17766
11.8782 5.02538
