11.5736 5.17766
11.5736 5.02538
11.5736 4.72081
11.5736 4.56853
11.5736 4.41624
11.5736 4.26396
11.5736 3.95939
11.7259 3.80711
11.7259 3.65482
11.7259 3.50254
11.7259 3.35025
11.7259 3.04569
11.7259 2.8934
11.5736 2.74112
11.5736 2.43655
11.5736 2.28426
11.5736 2.13198
11.5736 1.9797
11.5736 1.67513
11.5736 1.52284
11.4213 1.37056
11.4213 1.21827
11.4213 0.913706
11.269 0.761421
11.269 0.609137
11.269 0.456853
11.1168 0.304569
11.1168 0
10.9645 -0.152284
10.8122 -0.304569
10.8122 -0.456853
10.6599 -0.609137
10.6599 -0.761421
10.5076 -0.913706
10.3553 -1.06599
10.203 -1.21827
10.203 -1.37056
10.0508 -1.67513
9.89848 -1.82741
9.74619 -1.9797
9.74619 -2.13198
9.59391 -2.28426
9.44162 -2.43655
9.28934 -2.58883
9.13706 -2.74112
8.98477 -2.8934
8.98477 -3.04569
8.83249 -3.19797
8.6802 -3.35025
8.52792 -3.50254
8.37563 -3.65482
8.22335 -3.80711
8.07107 -3.95939
8.07107 -4.11168
7.91878 -4.26396
7.7665 -4.41624
7.61421 -4.56853
7.46193 -4.72081
7.30964 -4.8731
7.15736 -5.02538
7.00508 -5.17766
6.85279 -5.17766
6.70051 -5.32995
6.54822 -5.48223
6.39594 -5.63452
6.24365 -5.7868
6.09137 -5.93909
5.7868 -6.09137
5.63452 -6.24365
5.48223 -6.24365
5.32995 -6.39594
5.17766 -6.54822
4.8731 -6.70051
4.72081 -6.70051
4.56853 -6.85279
4.26396 -6.85279
4.11168 -7.00508
3.95939 -7.00508
3.65482 -7.15736
3.50254 -7.15736
3.35025 -7.30964
3.04569 -7.30964
2.8934 -7.30964
2.58883 -7.30964
2.43655 -7.46193
2.13198 -7.46193
1.9797 -7.46193
1.82741 -7.46193
1.52284 -7.46193
1.37056 -7.46193
1.06599 -7.46193
0.913706 -7.46193
0.609137 -7.46193
0.456853 -7.46193
0.152284 -7.46193
0 -7.46193
-0.304569 -7.46193
-0.456853 -7.46193
-0.609137 -7.46193
-0.913706 -7.46193
-1.06599 -7.46193
-1.37056 -7.46193
-1.52284 -7.30964
-1.82741 -7.30964
-1.9797 -7.30964
-2.28426 -7.30964
-2.43655 -7.15736
-2.58883 -7.15736
-2.8934 -7.00508
-3.04569 -7.00508
-3.35025 -7.00508
-3.50254 -6.85279
-3.65482 -6.85279
-3.95939 -6.70051
-4.11168 -6.54822
-4.41624 -6.54822
-4.56853 -6.39594
-4.72081 -6.24365
-4.8731 -6.24365
-5.17766 -6.09137
-5.32995 -5.93909
-5.48223 -5.7868
-5.63452 -5.63452
-5.7868 -5.48223
-5.93909 -5.32995
-6.24365 -5.17766
-6.39594 -5.02538
-6.54822 -4.8731
-6.70051 -4.72081
-6.70051 -4.56853
-6.85279 -4.41624
-7.00508 -4.26396
-7.15736 -4.11168
-7.30964 -3.80711
-7.46193 -3.65482
-7.46193 -3.50254
-7.61421 -3.35025
-7.7665 -3.04569
-7.91878 -2.8934
-7.91878 -2.74112
-8.07107 -2.58883
-8.07107 -2.28426
-8.22335 -2.13198
-8.22335 -1.9797
-8.37563 -1.67513
-8.37563 -1.52284
-8.52792 -1.37056
-8.52792 -1.06599
-8.6802 -0.913706
-8.6802 -0.761421
-8.6802 -0.456853
-8.83249 -0.304569
-8.83249 -0.152284
-8.83249 0
-8.83249 0.304569
-8.98477 0.456853
-8.98477 0.609137
-8.98477 0.913706
-8.98477 1.06599
-8.98477 1.21827
-9.13706 1.37056
-9.13706 1.67513
-9.13706 1.82741
-9.13706 1.9797
-9.13706 2.13198
-9.13706 2.43655
-9.13706 2.58883
-9.13706 2.74112
-9.13706 2.8934
-9.13706 3.19797
-9.13706 3.35025
-9.13706 3.50254
-9.13706 3.65482
-9.13706 3.80711
-9.13706 4.11168
-9.13706 4.26396
-9.13706 4.41624
-9.13706 4.56853
-9.13706 4.72081
-9.13706 5.02538
-9.13706 5.17766
-9.13706 5.32995
-8.98477 5.48223
-8.98477 5.63452
-8.98477 5.7868
-8.98477 6.09137
-8.98477 6.24365
-8.98477 6.39594
-8.98477 6.54822
-8.98477 6.70051
-8.98477 6.85279
-8.98477 7.15736
-8.83249 7.30964
-8.83249 7.46193
-8.83249 7.61421
-8.83249 7.7665
-8.83249 7.91878
-8.83249 8.22335
-8.83249 8.37563
-8.83249 8.52792
-8.6802 8.6802
-8.6802 8.83249
-8.6802 9.13706
-8.6802 9.28934
-8.6802 9.44162
-8.52792 9.59391
-8.52792 9.89848
-8.52792 10.0508
-8.37563 10.203
-8.37563 10.3553
-8.37563 10.5076
-8.22335 10.8122
-8.22335 10.9645
-8.07107 11.1168
-8.07107 11.269
-7.91878 11.4213
-7.91878 11.5736
-7.7665 11.8782
-7.61421 12.0305
-7.61421 12.1827
-7.46193 12.335
-7.30964 12.4873
-7.15736 12.6396
-7.15736 12.7919
-7.00508 12.9442
-6.85279 13.0964
-6.70051 13.2487
-6.54822 13.401
-6.39594 13.5533
-6.24365 13.7056
-6.24365 13.8579
-6.09137 13.8579
-5.93909 14.0102
-5.7868 14.1624
-5.63452 14.3147
-5.48223 14.467
-5.32995 14.6193
-5.17766 14.7716
-5.02538 14.9239
-4.8731 15.0761
-4.72081 15.2284
-4.56853 15.3807
-4.41624 15.533
-4.26396 15.6853
-4.11168 15.8376
-3.95939 15.9898
-3.80711 16.1421
-3.65482 16.2944
-3.50254 16.4467
-3.35025 16.599
-3.19797 16.7513
-2.8934 16.9036
-2.74112 17.0558
-2.58883 17.2081
-2.43655 17.2081
-2.13198 17.3604
-1.9797 17.5127
-1.82741 17.665
-1.52284 17.665
-1.37056 17.8173
-1.21827 17.9695
-0.913706 17.9695
-0.761421 17.9695
-0.456853 18.1218
-0.304569 18.1218
0 18.1218
0.152284 18.1218
0.456853 18.1218
0.609137 18.1218
0.913706 18.1218
1.06599 18.1218
1.37056 17.9695
1.52284 17.9695
1.82741 17.9695
1.9797 17.8173
2.13198 17.8173
2.43655 17.665
2.58883 17.5127
2.8934 17.5127
3.04569 17.3604
3.19797 17.3604
3.50254 17.2081
3.65482 17.0558
3.80711 17.0558
3.95939 16.9036
4.26396 16.7513
4.41624 16.7513
4.56853 16.599
4.72081 16.4467
5.02538 16.4467
5.17766 16.2944
5.32995 16.2944
5.48223 16.1421
5.7868 16.1421
5.93909 15.9898
6.09137 15.8376
6.24365 15.8376
6.54822 15.6853
6.70051 15.6853
6.85279 15.533
7.00508 15.533
7.30964 15.3807
7.46193 15.2284
7.61421 15.2284
7.7665 15.0761
7.91878 14.9239
8.07107 14.7716
8.37563 14.7716
8.52792 14.6193
8.6802 14.467
8.83249 14.3147
8.98477 14.1624
9.13706 14.0102
9.28934 13.8579
9.28934 13.7056
9.44162 13.5533
9.59391 13.401
9.74619 13.2487
9.74619 12.9442
9.89848 12.7919
10.0508 12.6396
10.0508 12.4873
10.203 12.1827
10.203 12.0305
10.3553 11.8782
10.3553 11.7259
10.5076 11.4213
10.5076 11.269
10.5076 11.1168
10.6599 10.8122
10.6599 10.6599
10.6599 10.5076
10.8122 10.203
10.8122 10.0508
10.8122 9.89848
10.8122 9.74619
10.9645 9.44162
10.9645 9.28934
10.9645 9.13706
10.9645 8.98477
11.1168 8.83249
11.1168 8.52792
11.1168 8.37563
11.1168 8.22335
11.269 8.07107
11.269 7.91878
11.269 7.61421
11.269 7.46193
11.4213 7.30964
11.4213 7.15736
11.4213 7.00508
11.4213 6.85279
11.4213 6.54822
11.4213 6.39594
11.5736 6.24365
11.5736 6.09137
11.5736 5.93909
11.5736 5.63452
11.5736 5.48223
11.5736 5.32995
