7.7665 -1.82741
7.7665 -1.9797
7.7665 -2.13198
7.7665 -2.28426
7.7665 -2.43655
7.7665 -2.58883
7.91878 -2.74112
7.91878 -2.8934
8.07107 -3.04569
8.07107 -3.19797
8.22335 -3.35025
8.22335 -3.50254
8.37563 -3.65482
8.37563 -3.80711
8.52792 -3.95939
8.52792 -4.11168
8.6802 -4.26396
8.6802 -4.56853
8.6802 -4.72081
8.83249 -4.8731
8.83249 -5.02538
8.83249 -5.32995
8.83249 -5.48223
8.98477 -5.63452
8.98477 -5.7868
8.83249 -5.93909
8.83249 -6.24365
8.83249 -6.39594
8.83249 -6.54822
8.6802 -6.70051
8.6802 -6.85279
8.52792 -7.00508
8.52792 -7.15736
8.37563 -7.30964
8.22335 -7.46193
8.22335 -7.61421
8.07107 -7.7665
7.91878 -7.91878
7.7665 -7.91878
7.61421 -8.07107
7.61421 -8.22335
7.46193 -8.37563
7.30964 -8.37563
7.15736 -8.52792
7.00508 -8.6802
6.85279 -8.6802
6.70051 -8.83249
6.54822 -8.83249
6.39594 -8.98477
6.24365 -9.13706
6.09137 -9.13706
5.93909 -9.28934
5.7868 -9.28934
5.63452 -9.44162
5.48223 -9.59391
5.48223 -9.59391
5.32995 -9.74619
5.17766 -9.74619
5.02538 -9.89848
4.8731 -9.89848
4.72081 -10.0508
4.56853 -10.0508
4.41624 -10.203
4.26396 -10.203
4.11168 -10.203
3.95939 -10.3553
3.80711 -10.3553
3.65482 -10.5076
3.50254 -10.5076
3.35025 -10.5076
3.19797 -10.6599
3.04569 -10.6599
2.8934 -10.6599
2.74112 -10.6599
2.58883 -10.8122
2.43655 -10.8122
2.28426 -10.8122
1.9797 -10.8122
1.82741 -10.8122
1.67513 -10.8122
1.52284 -10.8122
1.37056 -10.8122
1.21827 -10.8122
1.06599 -10.8122
0.913706 -10.8122
0.761421 -10.8122
0.609137 -10.8122
0.456853 -10.8122
0.304569 -10.8122
0.152284 -10.8122
0 -10.8122
-0.152284 -10.8122
-0.304569 -10.8122
-0.456853 -10.8122
-0.609137 -10.8122
-0.761421 -10.8122
-0.913706 -10.6599
-1.06599 -10.6599
-1.21827 -10.6599
-1.37056 -10.6599
-1.52284 -10.6599
-1.67513 -10.6599
-1.82741 -10.6599
-1.9797 -10.6599
-2.13198 -10.5076
-2.28426 -10.5076
-2.43655 -10.5076
-2.58883 -10.5076
-2.74112 -10.5076
-2.8934 -10.3553
-3.04569 -10.3553
-3.19797 -10.3553
-3.35025 -10.203
-3.50254 -10.203
-3.65482 -10.203
-3.80711 -10.0508
-3.95939 -10.0508
-4.11168 -9.89848
-4.26396 -9.89848
-4.41624 -9.74619
-4.56853 -9.74619
-4.72081 -9.59391
-4.8731 -9.44162
-4.8731 -9.44162
-5.02538 -9.28934
-5.17766 -9.13706
-5.32995 -9.13706
-5.32995 -8.98477
-5.48223 -8.83249
-5.63452 -8.6802
-5.63452 -8.52792
-5.7868 -8.52792
-5.7868 -8.37563
-5.93909 -8.22335
-6.09137 -8.07107
-6.09137 -7.91878
-6.24365 -7.7665
-6.24365 -7.61421
-6.39594 -7.46193
-6.39594 -7.46193
-6.39594 -7.30964
-6.54822 -7.15736
-6.54822 -7.00508
-6.70051 -6.85279
-6.70051 -6.70051
-6.85279 -6.54822
-6.85279 -6.39594
-6.85279 -6.24365
-7.00508 -6.24365
-7.00508 -6.09137
-7.00508 -5.93909
-7.15736 -5.7868
-7.15736 -5.63452
-7.30964 -5.48223
-7.30964 -5.32995
-7.30964 -5.32995
-7.46193 -5.17766
-7.46193 -5.02538
-7.46193 -4.8731
-7.61421 -4.72081
-7.61421 -4.56853
-7.61421 -4.41624
-7.61421 -4.41624
-7.7665 -4.26396
-7.7665 -4.11168
-7.7665 -3.95939
-7.91878 -3.80711
-7.91878 -3.65482
-7.91878 -3.50254
-7.91878 -3.35025
-7.91878 -3.19797
-8.07107 -3.04569
-8.07107 -3.04569
-8.07107 -2.8934
-8.07107 -2.74112
-8.07107 -2.58883
-8.07107 -2.43655
-8.22335 -2.28426
-8.22335 -2.13198
-8.22335 -1.9797
-8.22335 -1.82741
-8.22335 -1.67513
-8.22335 -1.52284
-8.22335 -1.37056
-8.22335 -1.21827
-8.22335 -1.06599
-8.22335 -0.913706
-8.22335 -0.913706
-8.22335 -0.761421
-8.22335 -0.609137
-8.22335 -0.456853
-8.22335 -0.304569
-8.22335 -0.152284
-8.22335 0
-8.22335 0.152284
-8.07107 0.304569
-8.07107 0.456853
-8.07107 0.609137
-8.07107 0.761421
-8.07107 0.913706
-7.91878 1.06599
-7.91878 1.21827
-7.91878 1.37056
-7.91878 1.52284
-7.7665 1.67513
-7.7665 1.82741
-7.7665 1.9797
-7.7665 2.13198
-7.61421 2.28426
-7.61421 2.28426
-7.61421 2.43655
-7.46193 2.58883
-7.46193 2.74112
-7.46193 2.8934
-7.30964 3.04569
-7.30964 3.19797
-7.15736 3.35025
-7.15736 3.50254
-7.15736 3.65482
-7.00508 3.80711
-7.00508 3.95939
-6.85279 4.11168
-6.85279 4.26396
-6.70051 4.41624
-6.70051 4.56853
-6.54822 4.72081
-6.54822 4.8731
-6.39594 5.02538
-6.39594 5.17766
-6.24365 5.32995
-6.09137 5.48223
-6.09137 5.63452
-5.93909 5.7868
-5.7868 5.93909
-5.7868 6.09137
-5.63452 6.09137
-5.48223 6.24365
-5.32995 6.39594
-5.17766 6.54822
-5.17766 6.70051
-5.02538 6.70051
-4.8731 6.85279
-4.72081 7.00508
-4.56853 7.00508
-4.41624 7.15736
-4.26396 7.15736
-4.11168 7.30964
-3.95939 7.30964
-3.80711 7.46193
-3.65482 7.46193
-3.50254 7.61421
-3.35025 7.61421
-3.04569 7.61421
-2.8934 7.7665
-2.74112 7.7665
-2.58883 7.7665
-2.43655 7.7665
-2.28426 7.91878
-2.13198 7.91878
-1.9797 7.91878
-1.67513 7.91878
-1.52284 7.91878
-1.37056 7.91878
-1.21827 7.91878
-1.06599 7.91878
-0.913706 7.91878
-0.761421 7.91878
-0.609137 7.91878
-0.304569 7.91878
-0.152284 7.91878
0 7.91878
0.152284 7.7665
0.304569 7.7665
0.456853 7.7665
0.609137 7.7665
0.761421 7.61421
0.913706 7.61421
1.06599 7.61421
1.37056 7.46193
1.52284 7.46193
1.67513 7.46193
1.82741 7.30964
1.9797 7.30964
2.13198 7.30964
2.28426 7.15736
2.43655 7.15736
2.58883 7.00508
2.74112 7.00508
2.74112 6.85279
2.8934 6.85279
3.04569 6.70051
3.19797 6.70051
3.35025 6.54822
3.50254 6.39594
3.65482 6.39594
3.80711 6.24365
3.95939 6.24365
3.95939 6.09137
4.11168 5.93909
4.26396 5.93909
4.41624 5.7868
4.56853 5.63452
4.56853 5.63452
4.72081 5.48223
4.8731 5.32995
5.02538 5.32995
5.02538 5.17766
5.17766 5.02538
5.32995 5.02538
5.32995 4.8731
5.48223 4.72081
5.63452 4.56853
5.63452 4.56853
5.7868 4.41624
5.93909 4.26396
5.93909 4.11168
6.09137 4.11168
6.09137 3.95939
6.24365 3.80711
6.39594 3.65482
6.39594 3.50254
6.54822 3.50254
6.54822 3.35025
6.70051 3.19797
6.70051 3.04569
6.85279 2.8934
6.85279 2.74112
7.00508 2.74112
7.00508 2.58883
7.00508 2.43655
7.15736 2.28426
7.15736 2.13198
7.15736 1.9797
7.30964 1.82741
7.30964 1.67513
7.30964 1.52284
7.46193 1.52284
7.46193 1.37056
7.46193 1.21827
7.46193 1.06599
7.46193 0.913706
7.46193 0.761421
7.61421 0.609137
7.61421 0.456853
7.61421 0.304569
7.61421 0.152284
7.61421 0
7.61421 -0.152284
7.61421 -0.152284
7.61421 -0.304569
7.61421 -0.456853
7.61421 -0.609137
7.61421 -0.761421
7.61421 -0.913706
7.61421 -1.06599
7.61421 -1.21827
7.61421 -1.37056
7.7665 -1.37056
7.7665 -1.52284
7.7665 -1.67513
