11.1168 5.17766
11.1168 5.02538
11.1168 4.8731
11.1168 4.72081
11.1168 4.56853
11.1168 4.26396
11.1168 4.11168
11.1168 3.95939
11.1168 3.80711
11.1168 3.50254
11.1168 3.35025
11.1168 3.19797
11.1168 3.04569
11.1168 2.74112
11.1168 2.58883
11.1168 2.43655
11.1168 2.28426
11.1168 1.9797
11.1168 1.82741
11.1168 1.67513
10.9645 1.37056
10.9645 1.21827
10.9645 1.06599
10.9645 0.913706
10.8122 0.609137
10.8122 0.456853
10.8122 0.304569
10.6599 0.152284
10.6599 -0.152284
10.5076 -0.304569
10.5076 -0.456853
10.3553 -0.609137
10.203 -0.761421
10.203 -0.913706
10.0508 -1.21827
9.89848 -1.37056
9.89848 -1.52284
9.74619 -1.67513
9.59391 -1.82741
9.44162 -1.9797
9.44162 -2.13198
9.28934 -2.28426
9.13706 -2.43655
8.98477 -2.58883
8.83249 -2.74112
8.83249 -2.8934
8.6802 -3.04569
8.52792 -3.19797
8.37563 -3.35025
8.22335 -3.65482
8.07107 -3.80711
8.07107 -3.95939
7.91878 -4.11168
7.7665 -4.26396
7.61421 -4.41624
7.46193 -4.56853
7.30964 -4.72081
7.15736 -4.8731
7.00508 -5.02538
6.85279 -5.17766
6.70051 -5.32995
6.54822 -5.48223
6.39594 -5.63452
6.24365 -5.7868
6.09137 -5.93909
5.93909 -6.09137
5.63452 -6.24365
5.48223 -6.39594
5.32995 -6.39594
5.17766 -6.54822
4.8731 -6.70051
4.72081 -6.85279
4.56853 -6.85279
4.26396 -7.00508
4.11168 -7.15736
3.95939 -7.15736
3.65482 -7.30964
3.50254 -7.30964
3.35025 -7.46193
3.04569 -7.46193
2.8934 -7.46193
2.58883 -7.61421
2.43655 -7.61421
2.13198 -7.61421
1.9797 -7.61421
1.67513 -7.61421
1.52284 -7.61421
1.21827 -7.7665
1.06599 -7.7665
0.761421 -7.7665
0.609137 -7.7665
0.304569 -7.7665
0.152284 -7.61421
-0.152284 -7.61421
-0.304569 -7.61421
-0.456853 -7.61421
-0.761421 -7.61421
-0.913706 -7.61421
-1.21827 -7.61421
-1.37056 -7.46193
-1.67513 -7.46193
-1.82741 -7.46193
-2.13198 -7.46193
-2.28426 -7.30964
-2.58883 -7.30964
-2.74112 -7.15736
-2.8934 -7.15736
-3.19797 -7.15736
-3.35025 -7.00508
-3.65482 -7.00508
-3.80711 -6.85279
-3.95939 -6.70051
-4.26396 -6.70051
-4.41624 -6.54822
-4.56853 -6.54822
-4.8731 -6.39594
-5.02538 -6.24365
-5.17766 -6.09137
-5.32995 -5.93909
-5.63452 -5.93909
-5.7868 -5.7868
-5.93909 -5.63452
-6.09137 -5.48223
-6.24365 -5.32995
-6.39594 -5.17766
-6.54822 -5.02538
-6.70051 -4.8731
-6.85279 -4.72081
-7.00508 -4.41624
-7.15736 -4.26396
-7.30964 -4.11168
-7.46193 -3.95939
-7.46193 -3.80711
-7.61421 -3.65482
-7.7665 -3.35025
-7.91878 -3.19797
-7.91878 -3.04569
-8.07107 -2.8934
-8.22335 -2.58883
-8.22335 -2.43655
-8.37563 -2.28426
-8.37563 -2.13198
-8.52792 -1.82741
-8.52792 -1.67513
-8.6802 -1.52284
-8.6802 -1.21827
-8.83249 -1.06599
-8.83249 -0.913706
-8.98477 -0.761421
-8.98477 -0.456853
-8.98477 -0.304569
-9.13706 -0.152284
-9.13706 0
-9.13706 0.304569
-9.28934 0.456853
-9.28934 0.609137
-9.28934 0.761421
-9.28934 1.06599
-9.44162 1.21827
-9.44162 1.37056
-9.44162 1.52284
-9.44162 1.82741
-9.44162 1.9797
-9.44162 2.13198
-9.44162 2.28426
-9.59391 2.58883
-9.59391 2.74112
-9.59391 2.8934
-9.59391 3.04569
-9.59391 3.19797
-9.59391 3.50254
-9.59391 3.65482
-9.59391 3.80711
-9.59391 3.95939
-9.59391 4.11168
-9.59391 4.41624
-9.59391 4.56853
-9.59391 4.72081
-9.59391 4.8731
-9.59391 5.02538
-9.44162 5.17766
-9.44162 5.48223
-9.44162 5.63452
-9.44162 5.7868
-9.44162 5.93909
-9.44162 6.09137
-9.44162 6.24365
-9.44162 6.39594
-9.44162 6.70051
-9.44162 6.85279
-9.44162 7.00508
-9.44162 7.15736
-9.28934 7.30964
-9.28934 7.46193
-9.28934 7.7665
-9.28934 7.91878
-9.28934 8.07107
-9.28934 8.22335
-9.28934 8.37563
-9.28934 8.6802
-9.28934 8.83249
-9.28934 8.98477
-9.13706 9.13706
-9.13706 9.44162
-9.13706 9.59391
-9.13706 9.74619
-9.13706 9.89848
-8.98477 10.203
-8.98477 10.3553
-8.98477 10.5076
-8.83249 10.6599
-8.83249 10.9645
-8.83249 11.1168
-8.6802 11.269
-8.6802 11.4213
-8.52792 11.5736
-8.52792 11.8782
-8.37563 12.0305
-8.22335 12.1827
-8.22335 12.335
-8.07107 12.4873
-7.91878 12.6396
-7.91878 12.7919
-7.7665 12.9442
-7.61421 13.2487
-7.46193 13.401
-7.30964 13.5533
-7.30964 13.7056
-7.15736 13.8579
-7.00508 14.0102
-6.85279 14.0102
-6.70051 14.1624
-6.54822 14.3147
-6.39594 14.467
-6.24365 14.6193
-6.09137 14.7716
-5.93909 14.9239
-5.7868 15.0761
-5.63452 15.2284
-5.48223 15.3807
-5.32995 15.533
-5.17766 15.6853
-5.02538 15.8376
-4.8731 15.9898
-4.72081 15.9898
-4.56853 16.1421
-4.41624 16.2944
-4.11168 16.4467
-3.95939 16.599
-3.80711 16.7513
-3.65482 16.9036
-3.50254 17.0558
-3.19797 17.0558
-3.04569 17.2081
-2.8934 17.3604
-2.74112 17.5127
-2.43655 17.5127
-2.28426 17.665
-2.13198 17.8173
-1.82741 17.8173
-1.67513 17.9695
-1.37056 17.9695
-1.21827 17.9695
-0.913706 18.1218
-0.761421 18.1218
-0.609137 18.1218
-0.304569 18.1218
-0.152284 18.1218
0.152284 18.1218
0.304569 18.1218
0.609137 18.1218
0.761421 18.1218
1.06599 18.1218
1.21827 18.1218
1.52284 18.1218
1.67513 17.9695
1.9797 17.9695
2.13198 17.9695
2.43655 17.8173
2.58883 17.8173
2.74112 17.665
3.04569 17.665
3.19797 17.5127
3.50254 17.5127
3.65482 17.3604
3.80711 17.3604
4.11168 17.2081
4.26396 17.2081
4.41624 17.0558
4.72081 17.0558
4.8731 16.9036
5.02538 16.9036
5.32995 16.7513
5.48223 16.7513
5.63452 16.599
5.7868 16.4467
6.09137 16.4467
6.24365 16.2944
6.39594 16.1421
6.70051 16.1421
6.85279 15.9898
7.00508 15.8376
7.15736 15.8376
7.30964 15.6853
7.61421 15.533
7.7665 15.3807
7.91878 15.2284
8.07107 15.0761
8.22335 14.9239
8.37563 14.7716
8.52792 14.6193
8.6802 14.467
8.83249 14.3147
8.98477 14.1624
8.98477 14.0102
9.13706 13.8579
9.28934 13.5533
9.44162 13.401
9.44162 13.2487
9.59391 13.0964
9.59391 12.7919
9.74619 12.6396
9.74619 12.4873
9.89848 12.1827
9.89848 12.0305
9.89848 11.7259
10.0508 11.5736
10.0508 11.4213
10.0508 11.1168
10.203 10.9645
10.203 10.8122
10.203 10.5076
10.203 10.3553
10.3553 10.203
10.3553 10.0508
10.3553 9.74619
10.3553 9.59391
10.3553 9.44162
10.5076 9.28934
10.5076 8.98477
10.5076 8.83249
10.5076 8.6802
10.6599 8.52792
10.6599 8.37563
10.6599 8.07107
10.6599 7.91878
10.8122 7.7665
10.8122 7.61421
10.8122 7.46193
10.8122 7.30964
10.9645 7.00508
10.9645 6.85279
10.9645 6.70051
10.9645 6.54822
10.9645 6.39594
11.1168 6.09137
11.1168 5.93909
11.1168 5.7868
11.1168 5.63452
11.1168 5.48223
