10.9645 5.17766
10.9645 4.8731
10.9645 4.72081
10.9645 4.56853
10.9645 4.41624
10.9645 4.26396
10.9645 3.95939
11.1168 3.80711
11.1168 3.65482
11.1168 3.50254
11.1168 3.35025
11.1168 3.04569
11.1168 2.8934
11.1168 2.74112
11.1168 2.58883
11.1168 2.28426
11.1168 2.13198
11.1168 1.9797
10.9645 1.82741
10.9645 1.52284
10.9645 1.37056
10.9645 1.21827
10.9645 0.913706
10.8122 0.761421
10.8122 0.609137
10.6599 0.456853
10.6599 0.304569
10.6599 0
10.5076 -0.152284
10.5076 -0.304569
10.3553 -0.456853
10.3553 -0.609137
10.203 -0.761421
10.0508 -1.06599
10.0508 -1.21827
9.89848 -1.37056
9.74619 -1.52284
9.74619 -1.67513
9.59391 -1.82741
9.44162 -1.9797
9.28934 -2.13198
9.28934 -2.28426
9.13706 -2.43655
8.98477 -2.58883
8.83249 -2.74112
8.6802 -2.8934
8.6802 -3.19797
8.52792 -3.35025
8.37563 -3.50254
8.22335 -3.65482
8.07107 -3.80711
7.91878 -3.95939
7.7665 -4.11168
7.7665 -4.26396
7.61421 -4.41624
7.46193 -4.56853
7.30964 -4.72081
7.15736 -4.8731
7.00508 -5.02538
6.85279 -5.17766
6.70051 -5.32995
6.54822 -5.48223
6.39594 -5.63452
6.24365 -5.7868
6.09137 -5.93909
5.7868 -6.09137
5.63452 -6.09137
5.48223 -6.24365
5.32995 -6.39594
5.17766 -6.54822
4.8731 -6.70051
4.72081 -6.70051
4.56853 -6.85279
4.26396 -7.00508
4.11168 -7.00508
3.95939 -7.15736
3.65482 -7.15736
3.50254 -7.30964
3.35025 -7.30964
3.04569 -7.46193
2.8934 -7.46193
2.58883 -7.46193
2.43655 -7.61421
2.28426 -7.61421
1.9797 -7.61421
1.82741 -7.61421
1.52284 -7.7665
1.37056 -7.7665
1.06599 -7.7665
0.913706 -7.7665
0.609137 -7.7665
0.456853 -7.7665
0.152284 -7.7665
0 -7.7665
-0.304569 -7.7665
-0.456853 -7.7665
-0.761421 -7.61421
-0.913706 -7.61421
-1.21827 -7.61421
-1.37056 -7.61421
-1.52284 -7.61421
-1.82741 -7.46193
-1.9797 -7.46193
-2.28426 -7.46193
-2.43655 -7.30964
-2.74112 -7.30964
-2.8934 -7.30964
-3.04569 -7.15736
-3.35025 -7.15736
-3.50254 -7.00508
-3.80711 -7.00508
-3.95939 -6.85279
-4.11168 -6.70051
-4.41624 -6.70051
-4.56853 -6.54822
-4.72081 -6.39594
-4.8731 -6.39594
-5.17766 -6.24365
-5.32995 -6.09137
-5.48223 -5.93909
-5.63452 -5.7868
-5.7868 -5.63452
-6.09137 -5.48223
-6.24365 -5.32995
-6.39594 -5.17766
-6.54822 -5.02538
-6.70051 -4.8731
-6.85279 -4.72081
-7.00508 -4.56853
-7.15736 -4.41624
-7.15736 -4.26396
-7.30964 -4.11168
-7.46193 -3.95939
-7.61421 -3.65482
-7.7665 -3.50254
-7.7665 -3.35025
-7.91878 -3.19797
-8.07107 -3.04569
-8.22335 -2.74112
-8.22335 -2.58883
-8.37563 -2.43655
-8.37563 -2.28426
-8.52792 -1.9797
-8.52792 -1.82741
-8.6802 -1.67513
-8.6802 -1.52284
-8.83249 -1.21827
-8.83249 -1.06599
-8.98477 -0.913706
-8.98477 -0.609137
-9.13706 -0.456853
-9.13706 -0.304569
-9.13706 -0.152284
-9.28934 0.152284
-9.28934 0.304569
-9.28934 0.456853
-9.28934 0.609137
-9.44162 0.913706
-9.44162 1.06599
-9.44162 1.21827
-9.44162 1.37056
-9.59391 1.67513
-9.59391 1.82741
-9.59391 1.9797
-9.59391 2.13198
-9.59391 2.43655
-9.59391 2.58883
-9.59391 2.74112
-9.59391 2.8934
-9.59391 3.19797
-9.59391 3.35025
-9.59391 3.50254
-9.59391 3.65482
-9.59391 3.80711
-9.59391 4.11168
-9.59391 4.26396
-9.59391 4.41624
-9.59391 4.56853
-9.59391 4.72081
-9.59391 4.8731
-9.59391 5.17766
-9.59391 5.32995
-9.59391 5.48223
-9.59391 5.63452
-9.59391 5.7868
-9.59391 6.09137
-9.59391 6.24365
-9.44162 6.39594
-9.44162 6.54822
-9.44162 6.70051
-9.44162 6.85279
-9.44162 7.15736
-9.44162 7.30964
-9.44162 7.46193
-9.44162 7.61421
-9.44162 7.7665
-9.44162 8.07107
-9.44162 8.22335
-9.44162 8.37563
-9.44162 8.6802
-9.44162 8.83249
-9.44162 8.98477
-9.44162 9.13706
-9.44162 9.44162
-9.44162 9.59391
-9.44162 9.74619
-9.28934 10.0508
-9.28934 10.203
-9.28934 10.3553
-9.28934 10.6599
-9.13706 10.8122
-9.13706 10.9645
-9.13706 11.269
-8.98477 11.4213
-8.98477 11.5736
-8.83249 11.7259
-8.83249 12.0305
-8.6802 12.1827
-8.52792 12.335
-8.52792 12.4873
-8.37563 12.6396
-8.22335 12.7919
-8.07107 13.0964
-8.07107 13.2487
-7.91878 13.401
-7.7665 13.5533
-7.61421 13.7056
-7.46193 13.8579
-7.30964 14.0102
-7.15736 14.1624
-7.00508 14.1624
-6.85279 14.3147
-6.70051 14.467
-6.54822 14.6193
-6.39594 14.7716
-6.24365 14.9239
-6.09137 15.0761
-5.93909 15.2284
-5.7868 15.3807
-5.63452 15.533
-5.32995 15.533
-5.17766 15.6853
-5.02538 15.8376
-4.8731 15.9898
-4.72081 16.1421
-4.56853 16.2944
-4.41624 16.4467
-4.26396 16.599
-3.95939 16.7513
-3.80711 16.9036
-3.65482 16.9036
-3.50254 17.0558
-3.35025 17.2081
-3.04569 17.3604
-2.8934 17.5127
-2.74112 17.5127
-2.43655 17.665
-2.28426 17.8173
-2.13198 17.8173
-1.82741 17.9695
-1.67513 17.9695
-1.37056 18.1218
-1.21827 18.1218
-0.913706 18.1218
-0.761421 18.2741
-0.456853 18.2741
-0.304569 18.2741
0 18.2741
0.152284 18.2741
0.456853 18.2741
0.609137 18.2741
0.913706 18.1218
1.06599 18.1218
1.37056 18.1218
1.52284 18.1218
1.82741 17.9695
1.9797 17.9695
2.28426 17.8173
2.43655 17.8173
2.58883 17.665
2.8934 17.665
3.04569 17.5127
3.19797 17.5127
3.50254 17.3604
3.65482 17.3604
3.80711 17.2081
4.11168 17.0558
4.26396 17.0558
4.41624 16.9036
4.72081 16.9036
4.8731 16.7513
5.02538 16.599
5.32995 16.599
5.48223 16.4467
5.63452 16.4467
5.93909 16.2944
6.09137 16.2944
6.24365 16.1421
6.39594 15.9898
6.70051 15.9898
6.85279 15.8376
7.00508 15.6853
7.15736 15.533
7.30964 15.533
7.61421 15.3807
7.7665 15.2284
7.91878 15.0761
8.07107 14.9239
8.22335 14.7716
8.37563 14.6193
8.52792 14.467
8.6802 14.3147
8.83249 14.1624
8.98477 14.0102
8.98477 13.8579
9.13706 13.5533
9.28934 13.401
9.28934 13.2487
9.44162 13.0964
9.44162 12.7919
9.59391 12.6396
9.59391 12.4873
9.74619 12.1827
9.74619 12.0305
9.89848 11.7259
9.89848 11.5736
9.89848 11.4213
9.89848 11.1168
10.0508 10.9645
10.0508 10.8122
10.0508 10.5076
10.0508 10.3553
10.203 10.203
10.203 10.0508
10.203 9.74619
10.203 9.59391
10.3553 9.44162
10.3553 9.28934
10.3553 8.98477
10.3553 8.83249
10.5076 8.6802
10.5076 8.52792
10.5076 8.37563
10.6599 8.22335
10.6599 8.07107
10.6599 7.7665
10.8122 7.61421
10.8122 7.46193
10.8122 7.30964
10.9645 7.15736
10.9645 7.00508
10.9645 6.70051
10.9645 6.54822
10.9645 6.39594
11.1168 6.24365
11.1168 6.09137
11.1168 5.7868
11.1168 5.63452
10.9645 5.48223
10.9645 5.32995
