10.8122 5.17766
10.8122 5.02538
10.8122 4.8731
10.9645 4.56853
10.9645 4.41624
10.9645 4.26396
10.9645 4.11168
10.9645 3.95939
10.9645 3.65482
10.9645 3.50254
10.9645 3.35025
10.9645 3.19797
10.9645 2.8934
10.9645 2.74112
10.9645 2.58883
10.9645 2.43655
10.9645 2.13198
10.9645 1.9797
10.9645 1.82741
10.8122 1.52284
10.8122 1.37056
10.8122 1.21827
10.8122 1.06599
10.6599 0.761421
10.6599 0.609137
10.6599 0.456853
10.5076 0.304569
10.5076 0.152284
10.3553 -0.152284
10.3553 -0.304569
10.203 -0.456853
10.203 -0.609137
10.0508 -0.761421
9.89848 -1.06599
9.89848 -1.21827
9.74619 -1.37056
9.74619 -1.52284
9.59391 -1.67513
9.44162 -1.82741
9.44162 -1.9797
9.28934 -2.13198
9.13706 -2.43655
8.98477 -2.58883
8.98477 -2.74112
8.83249 -2.8934
8.6802 -3.04569
8.52792 -3.19797
8.37563 -3.35025
8.37563 -3.50254
8.22335 -3.65482
8.07107 -3.80711
7.91878 -3.95939
7.7665 -4.11168
7.61421 -4.26396
7.46193 -4.56853
7.30964 -4.72081
7.15736 -4.8731
7.00508 -5.02538
6.85279 -5.17766
6.70051 -5.32995
6.54822 -5.48223
6.39594 -5.63452
6.24365 -5.7868
6.09137 -5.7868
5.93909 -5.93909
5.7868 -6.09137
5.63452 -6.24365
5.32995 -6.39594
5.17766 -6.54822
5.02538 -6.70051
4.8731 -6.70051
4.56853 -6.85279
4.41624 -7.00508
4.26396 -7.00508
3.95939 -7.15736
3.80711 -7.15736
3.50254 -7.30964
3.35025 -7.30964
3.19797 -7.46193
2.8934 -7.46193
2.74112 -7.46193
2.43655 -7.61421
2.28426 -7.61421
1.9797 -7.61421
1.82741 -7.61421
1.52284 -7.7665
1.37056 -7.7665
1.21827 -7.7665
0.913706 -7.7665
0.761421 -7.7665
0.456853 -7.7665
0.304569 -7.7665
0 -7.7665
-0.152284 -7.7665
-0.456853 -7.7665
-0.609137 -7.7665
-0.913706 -7.61421
-1.06599 -7.61421
-1.37056 -7.61421
-1.52284 -7.61421
-1.82741 -7.61421
-1.9797 -7.46193
-2.28426 -7.46193
-2.43655 -7.46193
-2.58883 -7.30964
-2.8934 -7.30964
-3.04569 -7.15736
-3.35025 -7.15736
-3.50254 -7.15736
-3.65482 -7.00508
-3.95939 -6.85279
-4.11168 -6.85279
-4.41624 -6.70051
-4.56853 -6.70051
-4.72081 -6.54822
-4.8731 -6.39594
-5.17766 -6.24365
-5.32995 -6.24365
-5.48223 -6.09137
-5.63452 -5.93909
-5.93909 -5.7868
-6.09137 -5.63452
-6.24365 -5.48223
-6.39594 -5.32995
-6.54822 -5.17766
-6.70051 -5.02538
-6.85279 -4.8731
-7.00508 -4.72081
-7.15736 -4.56853
-7.30964 -4.41624
-7.46193 -4.26396
-7.46193 -3.95939
-7.61421 -3.80711
-7.7665 -3.65482
-7.91878 -3.50254
-7.91878 -3.35025
-8.07107 -3.04569
-8.22335 -2.8934
-8.22335 -2.74112
-8.37563 -2.58883
-8.52792 -2.28426
-8.52792 -2.13198
-8.6802 -1.9797
-8.6802 -1.67513
-8.83249 -1.52284
-8.83249 -1.37056
-8.98477 -1.21827
-8.98477 -0.913706
-8.98477 -0.761421
-9.13706 -0.609137
-9.13706 -0.456853
-9.28934 -0.152284
-9.28934 0
-9.28934 0.152284
-9.28934 0.456853
-9.44162 0.609137
-9.44162 0.761421
-9.44162 0.913706
-9.44162 1.21827
-9.59391 1.37056
-9.59391 1.52284
-9.59391 1.67513
-9.59391 1.82741
-9.59391 2.13198
-9.59391 2.28426
-9.74619 2.43655
-9.74619 2.58883
-9.74619 2.8934
-9.74619 3.04569
-9.74619 3.19797
-9.74619 3.35025
-9.74619 3.50254
-9.74619 3.80711
-9.74619 3.95939
-9.74619 4.11168
-9.74619 4.26396
-9.74619 4.41624
-9.74619 4.56853
-9.74619 4.8731
-9.74619 5.02538
-9.74619 5.17766
-9.74619 5.32995
-9.74619 5.48223
-9.59391 5.63452
-9.59391 5.93909
-9.59391 6.09137
-9.59391 6.24365
-9.59391 6.39594
-9.59391 6.54822
-9.59391 6.70051
-9.59391 7.00508
-9.59391 7.15736
-9.59391 7.30964
-9.59391 7.46193
-9.59391 7.61421
-9.59391 7.91878
-9.59391 8.07107
-9.59391 8.22335
-9.59391 8.37563
-9.59391 8.6802
-9.59391 8.83249
-9.44162 8.98477
-9.44162 9.13706
-9.44162 9.44162
-9.44162 9.59391
-9.44162 9.74619
-9.44162 10.0508
-9.28934 10.203
-9.28934 10.3553
-9.28934 10.5076
-9.13706 10.8122
-9.13706 10.9645
-9.13706 11.1168
-8.98477 11.269
-8.98477 11.5736
-8.83249 11.7259
-8.83249 11.8782
-8.6802 12.0305
-8.52792 12.1827
-8.52792 12.4873
-8.37563 12.6396
-8.22335 12.7919
-8.07107 12.9442
-8.07107 13.0964
-7.91878 13.2487
-7.7665 13.401
-7.61421 13.5533
-7.46193 13.7056
-7.30964 13.8579
-7.15736 14.0102
-7.00508 14.1624
-6.85279 14.3147
-6.70051 14.467
-6.54822 14.6193
-6.39594 14.6193
-6.24365 14.7716
-6.09137 14.9239
-5.93909 15.0761
-5.7868 15.2284
-5.63452 15.3807
-5.48223 15.533
-5.32995 15.6853
-5.17766 15.8376
-5.02538 15.9898
-4.8731 16.1421
-4.72081 16.1421
-4.56853 16.2944
-4.26396 16.4467
-4.11168 16.599
-3.95939 16.7513
-3.80711 16.9036
-3.65482 17.0558
-3.35025 17.2081
-3.19797 17.2081
-3.04569 17.3604
-2.8934 17.5127
-2.58883 17.665
-2.43655 17.665
-2.28426 17.8173
-1.9797 17.8173
-1.82741 17.9695
-1.52284 17.9695
-1.37056 18.1218
-1.06599 18.1218
-0.913706 18.1218
-0.609137 18.1218
-0.456853 18.2741
-0.152284 18.2741
0 18.2741
0.304569 18.1218
0.456853 18.1218
0.761421 18.1218
0.913706 18.1218
1.21827 17.9695
1.37056 17.9695
1.52284 17.9695
1.82741 17.8173
1.9797 17.8173
2.28426 17.665
2.43655 17.665
2.58883 17.5127
2.8934 17.5127
3.04569 17.3604
3.35025 17.3604
3.50254 17.2081
3.65482 17.2081
3.80711 17.0558
4.11168 17.0558
4.26396 16.9036
4.41624 16.7513
4.72081 16.7513
4.8731 16.599
5.02538 16.599
5.32995 16.4467
5.48223 16.4467
5.63452 16.2944
5.93909 16.2944
6.09137 16.1421
6.24365 16.1421
6.39594 15.9898
6.70051 15.8376
6.85279 15.8376
7.00508 15.6853
7.30964 15.533
7.46193 15.533
7.61421 15.3807
7.7665 15.2284
7.91878 15.0761
8.07107 14.9239
8.22335 14.7716
8.37563 14.6193
8.52792 14.467
8.6802 14.3147
8.83249 14.1624
8.98477 14.0102
9.13706 13.8579
9.13706 13.5533
9.28934 13.401
9.44162 13.2487
9.44162 12.9442
9.59391 12.7919
9.59391 12.6396
9.74619 12.335
9.74619 12.1827
9.89848 12.0305
9.89848 11.7259
9.89848 11.5736
9.89848 11.269
10.0508 11.1168
10.0508 10.9645
10.0508 10.6599
10.0508 10.5076
10.0508 10.3553
10.203 10.0508
10.203 9.89848
10.203 9.74619
10.203 9.59391
10.203 9.28934
10.3553 9.13706
10.3553 8.98477
10.3553 8.83249
10.3553 8.52792
10.3553 8.37563
10.5076 8.22335
10.5076 8.07107
10.5076 7.91878
10.5076 7.7665
10.6599 7.46193
10.6599 7.30964
10.6599 7.15736
10.6599 7.00508
10.6599 6.85279
10.8122 6.54822
10.8122 6.39594
10.8122 6.24365
10.8122 6.09137
10.8122 5.93909
10.8122 5.7868
10.8122 5.48223
10.8122 5.32995
