10.8122 5.02538
10.8122 4.8731
10.8122 4.72081
10.8122 4.41624
10.9645 4.26396
10.9645 4.11168
10.9645 3.95939
10.9645 3.80711
10.9645 3.50254
10.9645 3.35025
10.9645 3.19797
10.9645 3.04569
10.9645 2.74112
10.9645 2.58883
10.9645 2.43655
10.9645 2.28426
10.9645 1.9797
10.9645 1.82741
10.8122 1.67513
10.8122 1.37056
10.8122 1.21827
10.8122 1.06599
10.6599 0.913706
10.6599 0.609137
10.6599 0.456853
10.5076 0.304569
10.5076 0.152284
10.5076 0
10.3553 -0.304569
10.3553 -0.456853
10.203 -0.609137
10.0508 -0.761421
10.0508 -0.913706
9.89848 -1.21827
9.89848 -1.37056
9.74619 -1.52284
9.59391 -1.67513
9.59391 -1.82741
9.44162 -1.9797
9.28934 -2.13198
9.13706 -2.28426
9.13706 -2.43655
8.98477 -2.58883
8.83249 -2.74112
8.6802 -3.04569
8.52792 -3.19797
8.52792 -3.35025
8.37563 -3.50254
8.22335 -3.65482
8.07107 -3.80711
7.91878 -3.95939
7.7665 -4.11168
7.61421 -4.26396
7.46193 -4.41624
7.46193 -4.56853
7.30964 -4.72081
7.15736 -4.8731
7.00508 -5.02538
6.85279 -5.17766
6.70051 -5.32995
6.54822 -5.48223
6.39594 -5.63452
6.09137 -5.7868
5.93909 -5.93909
5.7868 -6.09137
5.63452 -6.24365
5.48223 -6.39594
5.32995 -6.39594
5.17766 -6.54822
4.8731 -6.70051
4.72081 -6.85279
4.56853 -6.85279
4.26396 -7.00508
4.11168 -7.15736
3.95939 -7.15736
3.65482 -7.30964
3.50254 -7.30964
3.35025 -7.46193
3.04569 -7.46193
2.8934 -7.61421
2.58883 -7.61421
2.43655 -7.61421
2.13198 -7.7665
1.9797 -7.7665
1.82741 -7.7665
1.52284 -7.7665
1.37056 -7.7665
1.06599 -7.91878
0.913706 -7.91878
0.609137 -7.91878
0.456853 -7.91878
0.152284 -7.91878
0 -7.91878
-0.304569 -7.91878
-0.456853 -7.7665
-0.761421 -7.7665
-0.913706 -7.7665
-1.21827 -7.7665
-1.37056 -7.7665
-1.52284 -7.7665
-1.82741 -7.61421
-1.9797 -7.61421
-2.28426 -7.61421
-2.43655 -7.46193
-2.74112 -7.46193
-2.8934 -7.30964
-3.19797 -7.30964
-3.35025 -7.30964
-3.50254 -7.15736
-3.80711 -7.00508
-3.95939 -7.00508
-4.11168 -6.85279
-4.41624 -6.85279
-4.56853 -6.70051
-4.72081 -6.54822
-5.02538 -6.54822
-5.17766 -6.39594
-5.32995 -6.24365
-5.48223 -6.09137
-5.63452 -5.93909
-5.93909 -5.93909
-6.09137 -5.7868
-6.24365 -5.63452
-6.39594 -5.48223
-6.54822 -5.32995
-6.70051 -5.17766
-6.85279 -5.02538
-7.00508 -4.8731
-7.15736 -4.72081
-7.30964 -4.41624
-7.46193 -4.26396
-7.61421 -4.11168
-7.61421 -3.95939
-7.7665 -3.80711
-7.91878 -3.65482
-8.07107 -3.35025
-8.07107 -3.19797
-8.22335 -3.04569
-8.37563 -2.8934
-8.52792 -2.74112
-8.52792 -2.43655
-8.6802 -2.28426
-8.6802 -2.13198
-8.83249 -1.9797
-8.83249 -1.67513
-8.98477 -1.52284
-8.98477 -1.37056
-9.13706 -1.21827
-9.13706 -0.913706
-9.28934 -0.761421
-9.28934 -0.609137
-9.28934 -0.304569
-9.44162 -0.152284
-9.44162 0
-9.44162 0.152284
-9.59391 0.456853
-9.59391 0.609137
-9.59391 0.761421
-9.59391 0.913706
-9.59391 1.21827
-9.74619 1.37056
-9.74619 1.52284
-9.74619 1.67513
-9.74619 1.9797
-9.74619 2.13198
-9.74619 2.28426
-9.74619 2.43655
-9.74619 2.74112
-9.89848 2.8934
-9.89848 3.04569
-9.89848 3.19797
-9.89848 3.35025
-9.89848 3.65482
-9.89848 3.80711
-9.89848 3.95939
-9.89848 4.11168
-9.89848 4.26396
-9.89848 4.56853
-9.89848 4.72081
-9.74619 4.8731
-9.74619 5.02538
-9.74619 5.17766
-9.74619 5.32995
-9.74619 5.63452
-9.74619 5.7868
-9.74619 5.93909
-9.74619 6.09137
-9.74619 6.24365
-9.74619 6.39594
-9.74619 6.70051
-9.74619 6.85279
-9.74619 7.00508
-9.74619 7.15736
-9.74619 7.30964
-9.74619 7.61421
-9.74619 7.7665
-9.74619 7.91878
-9.74619 8.07107
-9.74619 8.37563
-9.59391 8.52792
-9.59391 8.6802
-9.59391 8.83249
-9.59391 9.13706
-9.59391 9.28934
-9.59391 9.44162
-9.59391 9.74619
-9.44162 9.89848
-9.44162 10.0508
-9.44162 10.203
-9.44162 10.5076
-9.28934 10.6599
-9.28934 10.8122
-9.28934 11.1168
-9.13706 11.269
-9.13706 11.4213
-8.98477 11.5736
-8.98477 11.8782
-8.83249 12.0305
-8.6802 12.1827
-8.6802 12.335
-8.52792 12.4873
-8.37563 12.6396
-8.22335 12.9442
-8.22335 13.0964
-8.07107 13.2487
-7.91878 13.401
-7.7665 13.5533
-7.61421 13.7056
-7.46193 13.8579
-7.30964 14.0102
-7.15736 14.1624
-7.00508 14.3147
-6.85279 14.467
-6.70051 14.6193
-6.54822 14.7716
-6.39594 14.9239
-6.24365 14.9239
-6.09137 15.0761
-5.93909 15.2284
-5.7868 15.3807
-5.63452 15.533
-5.48223 15.6853
-5.32995 15.8376
-5.17766 15.9898
-5.02538 16.1421
-4.8731 16.2944
-4.56853 16.2944
-4.41624 16.4467
-4.26396 16.599
-4.11168 16.7513
-3.95939 16.9036
-3.65482 16.9036
-3.50254 17.0558
-3.35025 17.2081
-3.04569 17.3604
-2.8934 17.3604
-2.74112 17.5127
-2.43655 17.5127
-2.28426 17.665
-1.9797 17.665
-1.82741 17.8173
-1.67513 17.8173
-1.37056 17.9695
-1.21827 17.9695
-0.913706 17.9695
-0.761421 17.9695
-0.456853 17.9695
-0.304569 17.9695
0 17.9695
0.152284 17.9695
0.456853 17.9695
0.609137 17.9695
0.913706 17.9695
1.06599 17.8173
1.37056 17.8173
1.52284 17.8173
1.82741 17.665
1.9797 17.665
2.13198 17.665
2.43655 17.5127
2.58883 17.5127
2.8934 17.3604
3.04569 17.3604
3.19797 17.2081
3.50254 17.2081
3.65482 17.0558
3.80711 17.0558
4.11168 16.9036
4.26396 16.9036
4.41624 16.7513
4.72081 16.7513
4.8731 16.599
5.02538 16.4467
5.32995 16.4467
5.48223 16.2944
5.63452 16.2944
5.7868 16.1421
6.09137 16.1421
6.24365 15.9898
6.39594 15.8376
6.70051 15.8376
6.85279 15.6853
7.00508 15.533
7.15736 15.533
7.30964 15.3807
7.61421 15.2284
7.7665 15.0761
7.91878 14.9239
8.07107 14.7716
8.22335 14.6193
8.37563 14.467
8.52792 14.3147
8.6802 14.1624
8.83249 14.0102
8.83249 13.8579
8.98477 13.7056
9.13706 13.401
9.28934 13.2487
9.28934 13.0964
9.44162 12.7919
9.44162 12.6396
9.59391 12.4873
9.59391 12.1827
9.74619 12.0305
9.74619 11.8782
9.74619 11.5736
9.89848 11.4213
9.89848 11.269
9.89848 10.9645
10.0508 10.8122
10.0508 10.5076
10.0508 10.3553
10.0508 10.203
10.0508 9.89848
10.203 9.74619
10.203 9.59391
10.203 9.44162
10.203 9.13706
10.203 8.98477
10.203 8.83249
10.3553 8.6802
10.3553 8.37563
10.3553 8.22335
10.3553 8.07107
10.3553 7.91878
10.5076 7.7665
10.5076 7.61421
10.5076 7.30964
10.5076 7.15736
10.5076 7.00508
10.6599 6.85279
10.6599 6.70051
10.6599 6.54822
10.6599 6.24365
10.6599 6.09137
10.6599 5.93909
10.8122 5.7868
10.8122 5.63452
10.8122 5.32995
10.8122 5.17766
