10.6599 5.02538
10.8122 4.8731
10.8122 4.56853
10.8122 4.41624
10.9645 4.26396
10.9645 4.11168
10.9645 3.95939
10.9645 3.65482
10.9645 3.50254
10.9645 3.35025
10.9645 3.19797
10.9645 2.8934
10.9645 2.74112
10.9645 2.58883
10.9645 2.43655
10.9645 2.13198
10.9645 1.9797
10.8122 1.82741
10.8122 1.67513
10.8122 1.37056
10.8122 1.21827
10.6599 1.06599
10.6599 0.913706
10.5076 0.761421
10.5076 0.456853
10.3553 0.304569
10.3553 0.152284
10.3553 0
10.203 -0.152284
10.203 -0.456853
10.0508 -0.609137
10.0508 -0.761421
9.89848 -0.913706
9.74619 -1.06599
9.74619 -1.21827
9.59391 -1.37056
9.59391 -1.67513
9.44162 -1.82741
9.28934 -1.9797
9.28934 -2.13198
9.13706 -2.28426
8.98477 -2.43655
8.98477 -2.58883
8.83249 -2.74112
8.6802 -3.04569
8.52792 -3.19797
8.37563 -3.35025
8.37563 -3.50254
8.22335 -3.65482
8.07107 -3.80711
7.91878 -3.95939
7.7665 -4.11168
7.61421 -4.26396
7.46193 -4.41624
7.46193 -4.56853
7.30964 -4.72081
7.15736 -4.8731
7.00508 -5.02538
6.85279 -5.17766
6.70051 -5.32995
6.54822 -5.48223
6.24365 -5.63452
6.09137 -5.7868
5.93909 -5.93909
5.7868 -6.09137
5.63452 -6.24365
5.48223 -6.24365
5.32995 -6.39594
5.02538 -6.54822
4.8731 -6.70051
4.72081 -6.70051
4.56853 -6.85279
4.26396 -7.00508
4.11168 -7.00508
3.95939 -7.15736
3.65482 -7.30964
3.50254 -7.30964
3.35025 -7.46193
3.04569 -7.46193
2.8934 -7.46193
2.58883 -7.61421
2.43655 -7.61421
2.13198 -7.61421
1.9797 -7.7665
1.82741 -7.7665
1.52284 -7.7665
1.37056 -7.7665
1.06599 -7.7665
0.913706 -7.91878
0.609137 -7.91878
0.456853 -7.91878
0.152284 -7.91878
0 -7.91878
-0.304569 -7.91878
-0.456853 -7.91878
-0.761421 -7.7665
-0.913706 -7.7665
-1.21827 -7.7665
-1.37056 -7.7665
-1.52284 -7.7665
-1.82741 -7.61421
-1.9797 -7.61421
-2.28426 -7.61421
-2.43655 -7.46193
-2.74112 -7.46193
-2.8934 -7.46193
-3.04569 -7.30964
-3.35025 -7.30964
-3.50254 -7.15736
-3.80711 -7.00508
-3.95939 -7.00508
-4.11168 -6.85279
-4.41624 -6.85279
-4.56853 -6.70051
-4.72081 -6.54822
-4.8731 -6.54822
-5.17766 -6.39594
-5.32995 -6.24365
-5.48223 -6.09137
-5.63452 -5.93909
-5.7868 -5.7868
-6.09137 -5.7868
-6.24365 -5.63452
-6.39594 -5.48223
-6.54822 -5.32995
-6.70051 -5.17766
-6.85279 -5.02538
-7.00508 -4.8731
-7.15736 -4.72081
-7.30964 -4.56853
-7.46193 -4.41624
-7.61421 -4.11168
-7.7665 -3.95939
-7.7665 -3.80711
-7.91878 -3.65482
-8.07107 -3.50254
-8.22335 -3.35025
-8.37563 -3.19797
-8.37563 -2.8934
-8.52792 -2.74112
-8.6802 -2.58883
-8.6802 -2.43655
-8.83249 -2.13198
-8.83249 -1.9797
-8.98477 -1.82741
-8.98477 -1.67513
-9.13706 -1.37056
-9.13706 -1.21827
-9.28934 -1.06599
-9.28934 -0.913706
-9.44162 -0.609137
-9.44162 -0.456853
-9.44162 -0.304569
-9.59391 0
-9.59391 0.152284
-9.59391 0.304569
-9.59391 0.456853
-9.74619 0.761421
-9.74619 0.913706
-9.74619 1.06599
-9.74619 1.21827
-9.74619 1.52284
-9.89848 1.67513
-9.89848 1.82741
-9.89848 1.9797
-9.89848 2.28426
-9.89848 2.43655
-9.89848 2.58883
-9.89848 2.74112
-9.89848 3.04569
-9.89848 3.19797
-9.89848 3.35025
-9.89848 3.50254
-9.89848 3.80711
-9.89848 3.95939
-9.89848 4.11168
-9.89848 4.26396
-9.89848 4.41624
-9.89848 4.56853
-9.89848 4.8731
-9.89848 5.02538
-9.89848 5.17766
-9.89848 5.32995
-9.89848 5.48223
-9.89848 5.7868
-9.74619 5.93909
-9.74619 6.09137
-9.74619 6.24365
-9.74619 6.39594
-9.74619 6.54822
-9.74619 6.85279
-9.74619 7.00508
-9.74619 7.15736
-9.74619 7.30964
-9.74619 7.46193
-9.74619 7.7665
-9.74619 7.91878
-9.74619 8.07107
-9.74619 8.22335
-9.74619 8.52792
-9.74619 8.6802
-9.74619 8.83249
-9.59391 9.13706
-9.59391 9.28934
-9.59391 9.44162
-9.59391 9.59391
-9.59391 9.89848
-9.44162 10.0508
-9.44162 10.203
-9.44162 10.5076
-9.44162 10.6599
-9.28934 10.8122
-9.28934 11.1168
-9.13706 11.269
-9.13706 11.4213
-8.98477 11.5736
-8.98477 11.8782
-8.83249 12.0305
-8.83249 12.1827
-8.6802 12.335
-8.52792 12.4873
-8.37563 12.6396
-8.37563 12.9442
-8.22335 13.0964
-8.07107 13.2487
-7.91878 13.401
-7.7665 13.5533
-7.61421 13.7056
-7.46193 13.8579
-7.30964 14.0102
-7.15736 14.1624
-7.00508 14.3147
-6.85279 14.467
-6.70051 14.467
-6.54822 14.6193
-6.39594 14.7716
-6.24365 14.9239
-6.09137 15.0761
-5.93909 15.2284
-5.7868 15.3807
-5.63452 15.533
-5.48223 15.6853
-5.32995 15.8376
-5.17766 15.8376
-5.02538 15.9898
-4.8731 16.1421
-4.56853 16.2944
-4.41624 16.4467
-4.26396 16.599
-4.11168 16.7513
-3.95939 16.7513
-3.65482 16.9036
-3.50254 17.0558
-3.35025 17.2081
-3.04569 17.2081
-2.8934 17.3604
-2.74112 17.5127
-2.43655 17.5127
-2.28426 17.665
-2.13198 17.665
-1.82741 17.8173
-1.67513 17.8173
-1.37056 17.8173
-1.21827 17.9695
-0.913706 17.9695
-0.761421 17.9695
-0.456853 17.9695
-0.304569 17.9695
0 17.9695
0.152284 17.9695
0.456853 17.9695
0.609137 17.9695
0.913706 17.8173
1.06599 17.8173
1.37056 17.8173
1.52284 17.665
1.67513 17.665
1.9797 17.665
2.13198 17.5127
2.43655 17.5127
2.58883 17.3604
2.74112 17.3604
3.04569 17.2081
3.19797 17.2081
3.35025 17.0558
3.65482 17.0558
3.80711 16.9036
3.95939 16.7513
4.26396 16.7513
4.41624 16.599
4.56853 16.599
4.8731 16.4467
5.02538 16.4467
5.17766 16.2944
5.48223 16.2944
5.63452 16.1421
5.7868 16.1421
6.09137 15.9898
6.24365 15.9898
6.39594 15.8376
6.54822 15.6853
6.85279 15.6853
7.00508 15.533
7.15736 15.3807
7.30964 15.2284
7.46193 15.2284
7.7665 15.0761
7.91878 14.9239
8.07107 14.7716
8.22335 14.6193
8.37563 14.467
8.52792 14.3147
8.6802 14.1624
8.83249 14.0102
8.83249 13.7056
8.98477 13.5533
9.13706 13.401
9.13706 13.2487
9.28934 12.9442
9.44162 12.7919
9.44162 12.6396
9.59391 12.335
9.59391 12.1827
9.59391 12.0305
9.74619 11.7259
9.74619 11.5736
9.74619 11.269
9.89848 11.1168
9.89848 10.9645
9.89848 10.6599
9.89848 10.5076
10.0508 10.3553
10.0508 10.0508
10.0508 9.89848
10.0508 9.74619
10.0508 9.59391
10.203 9.28934
10.203 9.13706
10.203 8.98477
10.203 8.83249
10.3553 8.52792
10.3553 8.37563
10.3553 8.22335
10.3553 8.07107
10.5076 7.91878
10.5076 7.7665
10.5076 7.46193
10.5076 7.30964
10.5076 7.15736
10.6599 7.00508
10.6599 6.85279
10.6599 6.70051
10.6599 6.39594
10.6599 6.24365
10.6599 6.09137
10.6599 5.93909
10.6599 5.7868
10.6599 5.48223
10.6599 5.32995
10.6599 5.17766
