9.89848 5.32995
9.89848 5.17766
9.89848 5.02538
9.89848 4.8731
9.89848 4.56853
9.89848 4.41624
9.89848 4.26396
9.89848 4.11168
9.89848 3.95939
9.89848 3.65482
9.89848 3.50254
9.89848 3.35025
9.89848 3.19797
9.74619 2.8934
9.74619 2.74112
9.74619 2.58883
9.74619 2.43655
9.74619 2.28426
9.74619 1.9797
9.74619 1.82741
9.59391 1.67513
9.59391 1.52284
9.59391 1.21827
9.59391 1.06599
9.44162 0.913706
9.44162 0.761421
9.44162 0.456853
9.28934 0.304569
9.28934 0.152284
9.28934 0
9.13706 -0.304569
9.13706 -0.456853
8.98477 -0.609137
8.98477 -0.761421
8.83249 -1.06599
8.83249 -1.21827
8.6802 -1.37056
8.6802 -1.52284
8.52792 -1.82741
8.52792 -1.9797
8.37563 -2.13198
8.22335 -2.28426
8.22335 -2.43655
8.07107 -2.74112
7.91878 -2.8934
7.91878 -3.04569
7.7665 -3.19797
7.61421 -3.35025
7.46193 -3.65482
7.46193 -3.80711
7.30964 -3.95939
7.15736 -4.11168
7.00508 -4.26396
6.85279 -4.41624
6.70051 -4.56853
6.54822 -4.72081
6.39594 -4.8731
6.24365 -5.17766
6.09137 -5.32995
5.93909 -5.48223
5.7868 -5.63452
5.63452 -5.63452
5.48223 -5.7868
5.17766 -5.93909
5.02538 -6.09137
4.8731 -6.24365
4.72081 -6.39594
4.41624 -6.54822
4.26396 -6.54822
4.11168 -6.70051
3.95939 -6.85279
3.65482 -6.85279
3.50254 -7.00508
3.19797 -7.15736
3.04569 -7.15736
2.8934 -7.30964
2.58883 -7.30964
2.43655 -7.46193
2.13198 -7.46193
1.9797 -7.46193
1.67513 -7.61421
1.52284 -7.61421
1.21827 -7.61421
1.06599 -7.61421
0.761421 -7.61421
0.609137 -7.7665
0.304569 -7.7665
0.152284 -7.7665
-0.152284 -7.7665
-0.304569 -7.7665
-0.609137 -7.7665
-0.761421 -7.7665
-1.06599 -7.61421
-1.21827 -7.61421
-1.37056 -7.61421
-1.67513 -7.61421
-1.82741 -7.61421
-2.13198 -7.46193
-2.28426 -7.46193
-2.58883 -7.46193
-2.74112 -7.30964
-3.04569 -7.30964
-3.19797 -7.15736
-3.35025 -7.15736
-3.65482 -7.00508
-3.80711 -7.00508
-4.11168 -6.85279
-4.26396 -6.85279
-4.41624 -6.70051
-4.72081 -6.70051
-4.8731 -6.54822
-5.02538 -6.39594
-5.32995 -6.39594
-5.48223 -6.24365
-5.63452 -6.09137
-5.7868 -5.93909
-5.93909 -5.7868
-6.24365 -5.7868
-6.39594 -5.63452
-6.54822 -5.48223
-6.70051 -5.32995
-6.85279 -5.17766
-7.00508 -5.02538
-7.15736 -4.8731
-7.30964 -4.72081
-7.46193 -4.56853
-7.61421 -4.41624
-7.7665 -4.26396
-7.91878 -4.11168
-8.07107 -3.95939
-8.22335 -3.80711
-8.37563 -3.65482
-8.37563 -3.35025
-8.52792 -3.19797
-8.6802 -3.04569
-8.83249 -2.8934
-8.83249 -2.74112
-8.98477 -2.58883
-9.13706 -2.28426
-9.13706 -2.13198
-9.28934 -1.9797
-9.44162 -1.82741
-9.44162 -1.67513
-9.59391 -1.37056
-9.59391 -1.21827
-9.74619 -1.06599
-9.74619 -0.913706
-9.89848 -0.761421
-9.89848 -0.456853
-9.89848 -0.304569
-10.0508 -0.152284
-10.0508 0
-10.203 0.304569
-10.203 0.456853
-10.203 0.609137
-10.203 0.761421
-10.3553 1.06599
-10.3553 1.21827
-10.3553 1.37056
-10.3553 1.52284
-10.5076 1.67513
-10.5076 1.9797
-10.5076 2.13198
-10.5076 2.28426
-10.5076 2.43655
-10.5076 2.58883
-10.6599 2.8934
-10.6599 3.04569
-10.6599 3.19797
-10.6599 3.35025
-10.6599 3.50254
-10.6599 3.80711
-10.6599 3.95939
-10.6599 4.11168
-10.6599 4.26396
-10.6599 4.41624
-10.8122 4.56853
-10.8122 4.8731
-10.8122 5.02538
-10.8122 5.17766
-10.8122 5.32995
-10.8122 5.48223
-10.8122 5.63452
-10.8122 5.93909
-10.8122 6.09137
-10.8122 6.24365
-10.8122 6.39594
-10.8122 6.54822
-10.8122 6.85279
-10.8122 7.00508
-10.8122 7.15736
-10.8122 7.30964
-10.8122 7.46193
-10.8122 7.7665
-10.8122 7.91878
-10.8122 8.07107
-10.6599 8.22335
-10.6599 8.52792
-10.6599 8.6802
-10.6599 8.83249
-10.6599 8.98477
-10.6599 9.28934
-10.6599 9.44162
-10.6599 9.59391
-10.5076 9.74619
-10.5076 10.0508
-10.5076 10.203
-10.5076 10.3553
-10.3553 10.6599
-10.3553 10.8122
-10.3553 10.9645
-10.203 11.269
-10.203 11.4213
-10.203 11.5736
-10.0508 11.7259
-10.0508 12.0305
-9.89848 12.1827
-9.89848 12.335
-9.74619 12.6396
-9.74619 12.7919
-9.59391 12.9442
-9.44162 13.0964
-9.44162 13.401
-9.28934 13.5533
-9.13706 13.7056
-9.13706 13.8579
-8.98477 14.0102
-8.83249 14.1624
-8.6802 14.467
-8.52792 14.6193
-8.37563 14.7716
-8.22335 14.9239
-8.07107 15.0761
-7.91878 15.2284
-7.7665 15.3807
-7.61421 15.533
-7.46193 15.6853
-7.30964 15.8376
-7.15736 15.9898
-7.00508 16.1421
-6.85279 16.2944
-6.70051 16.4467
-6.54822 16.599
-6.24365 16.599
-6.09137 16.7513
-5.93909 16.9036
-5.7868 17.0558
-5.48223 17.0558
-5.32995 17.2081
-5.17766 17.3604
-4.8731 17.3604
-4.72081 17.5127
-4.56853 17.5127
-4.26396 17.665
-4.11168 17.665
-3.80711 17.8173
-3.65482 17.8173
-3.50254 17.8173
-3.19797 17.9695
-3.04569 17.9695
-2.74112 17.9695
-2.58883 17.9695
-2.28426 18.1218
-2.13198 18.1218
-1.82741 18.1218
-1.67513 18.1218
-1.37056 18.1218
-1.21827 17.9695
-0.913706 17.9695
-0.761421 17.9695
-0.609137 17.9695
-0.304569 17.9695
-0.152284 17.9695
0.152284 17.8173
0.304569 17.8173
0.609137 17.8173
0.761421 17.665
0.913706 17.665
1.21827 17.5127
1.37056 17.5127
1.67513 17.5127
1.82741 17.3604
1.9797 17.3604
2.28426 17.2081
2.43655 17.2081
2.58883 17.2081
2.8934 17.0558
3.04569 17.0558
3.19797 16.9036
3.50254 16.9036
3.65482 16.7513
3.80711 16.7513
4.11168 16.599
4.26396 16.599
4.41624 16.599
4.72081 16.4467
4.8731 16.4467
5.02538 16.2944
5.17766 16.2944
5.48223 16.1421
5.63452 15.9898
5.7868 15.9898
6.09137 15.8376
6.24365 15.8376
6.39594 15.6853
6.54822 15.533
6.85279 15.3807
7.00508 15.3807
7.15736 15.2284
7.30964 15.0761
7.46193 14.9239
7.61421 14.7716
7.7665 14.6193
7.91878 14.467
8.07107 14.3147
8.22335 14.0102
8.22335 13.8579
8.37563 13.7056
8.52792 13.5533
8.6802 13.2487
8.6802 13.0964
8.83249 12.9442
8.83249 12.6396
8.98477 12.4873
8.98477 12.335
8.98477 12.0305
9.13706 11.8782
9.13706 11.5736
9.13706 11.4213
9.28934 11.269
9.28934 10.9645
9.28934 10.8122
9.28934 10.6599
9.44162 10.3553
9.44162 10.203
9.44162 10.0508
9.44162 9.74619
9.44162 9.59391
9.44162 9.44162
9.44162 9.13706
9.59391 8.98477
9.59391 8.83249
9.59391 8.6802
9.59391 8.37563
9.59391 8.22335
9.59391 8.07107
9.59391 7.91878
9.59391 7.7665
9.59391 7.46193
9.74619 7.30964
9.74619 7.15736
9.74619 7.00508
9.74619 6.85279
9.74619 6.54822
9.74619 6.39594
9.74619 6.24365
9.89848 6.09137
9.89848 5.93909
9.89848 5.7868
9.89848 5.48223
