9.44162 5.32995
9.44162 5.17766
9.44162 5.02538
9.44162 4.72081
9.44162 4.56853
9.44162 4.41624
9.59391 4.26396
9.59391 4.11168
9.44162 3.80711
9.44162 3.65482
9.44162 3.50254
9.44162 3.35025
9.44162 3.04569
9.44162 2.8934
9.44162 2.74112
9.28934 2.58883
9.28934 2.28426
9.28934 2.13198
9.28934 1.9797
9.13706 1.82741
9.13706 1.67513
9.13706 1.37056
9.13706 1.21827
8.98477 1.06599
8.98477 0.913706
8.98477 0.609137
8.83249 0.456853
8.83249 0.304569
8.83249 0.152284
8.6802 -0.152284
8.6802 -0.304569
8.52792 -0.456853
8.52792 -0.609137
8.52792 -0.913706
8.37563 -1.06599
8.37563 -1.21827
8.22335 -1.52284
8.22335 -1.67513
8.07107 -1.82741
8.07107 -1.9797
7.91878 -2.28426
7.91878 -2.43655
7.7665 -2.58883
7.61421 -2.8934
7.61421 -3.04569
7.46193 -3.19797
7.30964 -3.35025
7.30964 -3.65482
7.15736 -3.80711
7.00508 -3.95939
6.85279 -4.11168
6.85279 -4.41624
6.70051 -4.56853
6.54822 -4.72081
6.39594 -4.8731
6.24365 -5.17766
6.09137 -5.32995
5.93909 -5.48223
5.7868 -5.63452
5.63452 -5.7868
5.48223 -5.93909
5.32995 -6.09137
5.02538 -6.24365
4.8731 -6.39594
4.72081 -6.54822
4.56853 -6.70051
4.26396 -6.85279
4.11168 -7.00508
3.95939 -7.00508
3.65482 -7.15736
3.50254 -7.30964
3.35025 -7.30964
3.04569 -7.46193
2.8934 -7.61421
2.58883 -7.61421
2.43655 -7.7665
2.13198 -7.7665
1.9797 -7.7665
1.67513 -7.91878
1.52284 -7.91878
1.21827 -7.91878
1.06599 -7.91878
0.761421 -7.91878
0.609137 -8.07107
0.304569 -8.07107
0.152284 -8.07107
-0.152284 -8.07107
-0.456853 -8.07107
-0.609137 -7.91878
-0.913706 -7.91878
-1.06599 -7.91878
-1.37056 -7.91878
-1.52284 -7.91878
-1.82741 -7.7665
-1.9797 -7.7665
-2.28426 -7.7665
-2.43655 -7.61421
-2.74112 -7.61421
-2.8934 -7.61421
-3.19797 -7.46193
-3.35025 -7.46193
-3.50254 -7.30964
-3.80711 -7.30964
-3.95939 -7.15736
-4.26396 -7.15736
-4.41624 -7.00508
-4.56853 -7.00508
-4.8731 -6.85279
-5.02538 -6.85279
-5.17766 -6.70051
-5.48223 -6.54822
-5.63452 -6.54822
-5.7868 -6.39594
-5.93909 -6.24365
-6.24365 -6.09137
-6.39594 -6.09137
-6.54822 -5.93909
-6.70051 -5.7868
-6.85279 -5.63452
-7.15736 -5.48223
-7.30964 -5.32995
-7.46193 -5.17766
-7.61421 -5.02538
-7.7665 -4.8731
-7.91878 -4.72081
-8.07107 -4.56853
-8.22335 -4.41624
-8.37563 -4.26396
-8.52792 -4.11168
-8.6802 -3.95939
-8.83249 -3.80711
-8.83249 -3.65482
-8.98477 -3.50254
-9.13706 -3.35025
-9.28934 -3.19797
-9.44162 -2.8934
-9.44162 -2.74112
-9.59391 -2.58883
-9.74619 -2.43655
-9.74619 -2.28426
-9.89848 -1.9797
-10.0508 -1.82741
-10.0508 -1.67513
-10.203 -1.52284
-10.203 -1.37056
-10.3553 -1.06599
-10.3553 -0.913706
-10.5076 -0.761421
-10.5076 -0.609137
-10.6599 -0.304569
-10.6599 -0.152284
-10.6599 0
-10.8122 0.152284
-10.8122 0.304569
-10.9645 0.609137
-10.9645 0.761421
-10.9645 0.913706
-10.9645 1.06599
-11.1168 1.37056
-11.1168 1.52284
-11.1168 1.67513
-11.1168 1.82741
-11.269 1.9797
-11.269 2.28426
-11.269 2.43655
-11.269 2.58883
-11.4213 2.74112
-11.4213 2.8934
-11.4213 3.19797
-11.4213 3.35025
-11.4213 3.50254
-11.4213 3.65482
-11.4213 3.80711
-11.5736 4.11168
-11.5736 4.26396
-11.5736 4.41624
-11.5736 4.56853
-11.5736 4.72081
-11.5736 5.02538
-11.5736 5.17766
-11.5736 5.32995
-11.5736 5.48223
-11.5736 5.63452
-11.5736 5.93909
-11.5736 6.09137
-11.5736 6.24365
-11.5736 6.39594
-11.5736 6.70051
-11.5736 6.85279
-11.5736 7.00508
-11.5736 7.15736
-11.5736 7.30964
-11.5736 7.61421
-11.5736 7.7665
-11.5736 7.91878
-11.5736 8.07107
-11.5736 8.37563
-11.4213 8.52792
-11.4213 8.6802
-11.4213 8.83249
-11.4213 9.13706
-11.4213 9.28934
-11.269 9.44162
-11.269 9.59391
-11.269 9.89848
-11.1168 10.0508
-11.1168 10.203
-11.1168 10.3553
-10.9645 10.6599
-10.9645 10.8122
-10.8122 10.9645
-10.8122 11.1168
-10.6599 11.4213
-10.6599 11.5736
-10.5076 11.7259
-10.5076 11.8782
-10.3553 12.1827
-10.3553 12.335
-10.203 12.4873
-10.203 12.6396
-10.0508 12.7919
-9.89848 13.0964
-9.89848 13.2487
-9.74619 13.401
-9.59391 13.5533
-9.44162 13.7056
-9.44162 14.0102
-9.28934 14.1624
-9.13706 14.3147
-8.98477 14.467
-8.83249 14.6193
-8.6802 14.7716
-8.52792 14.9239
-8.37563 15.0761
-8.22335 15.2284
-8.07107 15.3807
-7.91878 15.533
-7.7665 15.6853
-7.61421 15.8376
-7.46193 15.9898
-7.30964 16.1421
-7.15736 16.2944
-7.00508 16.4467
-6.70051 16.4467
-6.54822 16.599
-6.39594 16.7513
-6.24365 16.9036
-6.09137 16.9036
-5.7868 17.0558
-5.63452 17.2081
-5.48223 17.2081
-5.17766 17.3604
-5.02538 17.3604
-4.72081 17.5127
-4.56853 17.5127
-4.41624 17.665
-4.11168 17.665
-3.95939 17.665
-3.65482 17.665
-3.50254 17.8173
-3.35025 17.8173
-3.04569 17.8173
-2.8934 17.8173
-2.58883 17.8173
-2.43655 17.8173
-2.13198 17.8173
-1.9797 17.8173
-1.67513 17.8173
-1.52284 17.8173
-1.37056 17.665
-1.06599 17.665
-0.913706 17.665
-0.609137 17.665
-0.456853 17.5127
-0.304569 17.5127
0 17.5127
0.152284 17.3604
0.456853 17.3604
0.609137 17.2081
0.761421 17.2081
1.06599 17.2081
1.21827 17.0558
1.37056 17.0558
1.52284 16.9036
1.82741 16.9036
1.9797 16.7513
2.13198 16.7513
2.43655 16.7513
2.58883 16.599
2.74112 16.599
3.04569 16.4467
3.19797 16.4467
3.35025 16.4467
3.65482 16.2944
3.80711 16.2944
3.95939 16.2944
4.26396 16.1421
4.41624 16.1421
4.56853 15.9898
4.72081 15.9898
5.02538 15.8376
5.17766 15.8376
5.32995 15.6853
5.63452 15.6853
5.7868 15.533
5.93909 15.3807
6.09137 15.3807
6.39594 15.2284
6.54822 15.0761
6.70051 14.9239
6.85279 14.7716
7.00508 14.6193
7.15736 14.467
7.30964 14.3147
7.46193 14.1624
7.61421 14.0102
7.61421 13.8579
7.7665 13.5533
7.91878 13.401
7.91878 13.2487
8.07107 12.9442
8.07107 12.7919
8.22335 12.6396
8.22335 12.335
8.37563 12.1827
8.37563 12.0305
8.37563 11.7259
8.52792 11.5736
8.52792 11.269
8.52792 11.1168
8.52792 10.9645
8.6802 10.6599
8.6802 10.5076
8.6802 10.3553
8.6802 10.0508
8.6802 9.89848
8.6802 9.74619
8.83249 9.59391
8.83249 9.28934
8.83249 9.13706
8.83249 8.98477
8.83249 8.83249
8.98477 8.52792
8.98477 8.37563
8.98477 8.22335
8.98477 8.07107
8.98477 7.91878
9.13706 7.7665
9.13706 7.46193
9.13706 7.30964
9.13706 7.15736
9.28934 7.00508
9.28934 6.85279
9.28934 6.54822
9.28934 6.39594
9.28934 6.24365
9.44162 6.09137
9.44162 5.93909
9.44162 5.63452
9.44162 5.48223
