9.59391 5.02538
9.59391 4.8731
9.59391 4.72081
9.59391 4.56853
9.59391 4.41624
9.59391 4.11168
9.59391 3.95939
9.59391 3.80711
9.59391 3.65482
9.59391 3.35025
9.44162 3.19797
9.44162 3.04569
9.44162 2.8934
9.44162 2.74112
9.44162 2.43655
9.28934 2.28426
9.28934 2.13198
9.28934 1.9797
9.28934 1.82741
9.13706 1.67513
9.13706 1.37056
9.13706 1.21827
8.98477 1.06599
8.98477 0.913706
8.98477 0.761421
8.83249 0.456853
8.83249 0.304569
8.83249 0.152284
8.6802 0
8.6802 -0.304569
8.6802 -0.456853
8.52792 -0.609137
8.52792 -0.761421
8.37563 -0.913706
8.37563 -1.21827
8.22335 -1.37056
8.22335 -1.52284
8.22335 -1.67513
8.07107 -1.9797
8.07107 -2.13198
7.91878 -2.28426
7.7665 -2.58883
7.7665 -2.74112
7.61421 -2.8934
7.61421 -3.04569
7.46193 -3.35025
7.30964 -3.50254
7.30964 -3.65482
7.15736 -3.80711
7.00508 -4.11168
6.85279 -4.26396
6.85279 -4.41624
6.70051 -4.56853
6.54822 -4.72081
6.39594 -5.02538
6.24365 -5.17766
6.09137 -5.32995
5.93909 -5.48223
5.7868 -5.63452
5.63452 -5.7868
5.48223 -5.93909
5.32995 -6.09137
5.17766 -6.24365
5.02538 -6.39594
4.8731 -6.54822
4.56853 -6.70051
4.41624 -6.85279
4.26396 -7.00508
3.95939 -7.15736
3.80711 -7.30964
3.65482 -7.30964
3.35025 -7.46193
3.19797 -7.61421
3.04569 -7.61421
2.74112 -7.7665
2.58883 -7.7665
2.28426 -7.7665
2.13198 -7.91878
1.82741 -7.91878
1.67513 -7.91878
1.37056 -8.07107
1.21827 -8.07107
0.913706 -8.07107
0.761421 -8.07107
0.456853 -8.07107
0.304569 -8.07107
0 -8.07107
-0.152284 -8.07107
-0.456853 -8.07107
-0.609137 -8.07107
-0.913706 -7.91878
-1.06599 -7.91878
-1.37056 -7.91878
-1.52284 -7.91878
-1.82741 -7.91878
-1.9797 -7.7665
-2.28426 -7.7665
-2.43655 -7.7665
-2.74112 -7.61421
-2.8934 -7.61421
-3.19797 -7.61421
-3.35025 -7.46193
-3.50254 -7.46193
-3.80711 -7.30964
-3.95939 -7.30964
-4.26396 -7.15736
-4.41624 -7.15736
-4.56853 -7.00508
-4.8731 -7.00508
-5.02538 -6.85279
-5.17766 -6.85279
-5.48223 -6.70051
-5.63452 -6.54822
-5.7868 -6.54822
-5.93909 -6.39594
-6.24365 -6.24365
-6.39594 -6.24365
-6.54822 -6.09137
-6.70051 -5.93909
-6.85279 -5.7868
-7.15736 -5.63452
-7.30964 -5.48223
-7.46193 -5.32995
-7.61421 -5.17766
-7.7665 -5.17766
-7.91878 -5.02538
-8.07107 -4.72081
-8.22335 -4.56853
-8.37563 -4.41624
-8.52792 -4.26396
-8.6802 -4.11168
-8.83249 -3.95939
-8.83249 -3.80711
-8.98477 -3.65482
-9.13706 -3.50254
-9.28934 -3.35025
-9.28934 -3.04569
-9.44162 -2.8934
-9.59391 -2.74112
-9.74619 -2.58883
-9.74619 -2.43655
-9.89848 -2.13198
-9.89848 -1.9797
-10.0508 -1.82741
-10.0508 -1.67513
-10.203 -1.37056
-10.203 -1.21827
-10.3553 -1.06599
-10.3553 -0.913706
-10.5076 -0.761421
-10.5076 -0.456853
-10.6599 -0.304569
-10.6599 -0.152284
-10.6599 0
-10.8122 0.304569
-10.8122 0.456853
-10.8122 0.609137
-10.9645 0.761421
-10.9645 1.06599
-10.9645 1.21827
-11.1168 1.37056
-11.1168 1.52284
-11.1168 1.67513
-11.1168 1.9797
-11.269 2.13198
-11.269 2.28426
-11.269 2.43655
-11.269 2.74112
-11.269 2.8934
-11.4213 3.04569
-11.4213 3.19797
-11.4213 3.35025
-11.4213 3.65482
-11.4213 3.80711
-11.4213 3.95939
-11.5736 4.11168
-11.5736 4.26396
-11.5736 4.56853
-11.5736 4.72081
-11.5736 4.8731
-11.5736 5.02538
-11.5736 5.32995
-11.5736 5.48223
-11.7259 5.63452
-11.7259 5.7868
-11.7259 5.93909
-11.7259 6.24365
-11.7259 6.39594
-11.7259 6.54822
-11.7259 6.85279
-11.7259 7.00508
-11.7259 7.15736
-11.5736 7.30964
-11.5736 7.61421
-11.5736 7.7665
-11.5736 7.91878
-11.5736 8.07107
-11.5736 8.37563
-11.5736 8.52792
-11.4213 8.6802
-11.4213 8.83249
-11.4213 9.13706
-11.4213 9.28934
-11.269 9.44162
-11.269 9.74619
-11.269 9.89848
-11.1168 10.0508
-11.1168 10.203
-10.9645 10.5076
-10.9645 10.6599
-10.9645 10.8122
-10.8122 11.1168
-10.8122 11.269
-10.6599 11.4213
-10.6599 11.5736
-10.5076 11.8782
-10.5076 12.0305
-10.3553 12.1827
-10.3553 12.335
-10.203 12.6396
-10.0508 12.7919
-10.0508 12.9442
-9.89848 13.2487
-9.74619 13.401
-9.74619 13.5533
-9.59391 13.7056
-9.44162 13.8579
-9.28934 14.1624
-9.13706 14.3147
-9.13706 14.467
-8.98477 14.6193
-8.83249 14.7716
-8.6802 14.9239
-8.52792 15.2284
-8.37563 15.3807
-8.22335 15.533
-8.07107 15.6853
-7.91878 15.8376
-7.61421 15.9898
-7.46193 16.1421
-7.30964 16.1421
-7.15736 16.2944
-7.00508 16.4467
-6.70051 16.599
-6.54822 16.7513
-6.39594 16.7513
-6.09137 16.9036
-5.93909 17.0558
-5.7868 17.0558
-5.48223 17.2081
-5.32995 17.2081
-5.17766 17.3604
-4.8731 17.3604
-4.72081 17.3604
-4.41624 17.5127
-4.26396 17.5127
-3.95939 17.5127
-3.80711 17.665
-3.50254 17.665
-3.35025 17.665
-3.04569 17.665
-2.8934 17.665
-2.74112 17.665
-2.43655 17.665
-2.28426 17.665
-1.9797 17.665
-1.82741 17.665
-1.52284 17.665
-1.37056 17.665
-1.06599 17.665
-0.913706 17.5127
-0.609137 17.5127
-0.456853 17.5127
-0.304569 17.5127
0 17.3604
0.152284 17.3604
0.456853 17.3604
0.609137 17.2081
0.761421 17.2081
1.06599 17.2081
1.21827 17.0558
1.37056 17.0558
1.67513 17.0558
1.82741 16.9036
1.9797 16.9036
2.28426 16.7513
2.43655 16.7513
2.58883 16.7513
2.8934 16.599
3.04569 16.599
3.19797 16.4467
3.50254 16.4467
3.65482 16.2944
3.80711 16.2944
4.11168 16.1421
4.26396 16.1421
4.41624 15.9898
4.72081 15.9898
4.8731 15.8376
5.02538 15.8376
5.17766 15.6853
5.48223 15.6853
5.63452 15.533
5.7868 15.3807
5.93909 15.2284
6.24365 15.2284
6.39594 15.0761
6.54822 14.9239
6.70051 14.7716
6.85279 14.6193
7.00508 14.467
7.15736 14.3147
7.30964 14.1624
7.46193 14.0102
7.61421 13.8579
7.61421 13.5533
7.7665 13.401
7.91878 13.2487
7.91878 13.0964
8.07107 12.7919
8.07107 12.6396
8.22335 12.4873
8.22335 12.1827
8.37563 12.0305
8.37563 11.8782
8.37563 11.5736
8.52792 11.4213
8.52792 11.269
8.52792 10.9645
8.6802 10.8122
8.6802 10.5076
8.6802 10.3553
8.6802 10.203
8.6802 10.0508
8.83249 9.74619
8.83249 9.59391
8.83249 9.44162
8.83249 9.13706
8.83249 8.98477
8.83249 8.83249
8.98477 8.6802
8.98477 8.52792
8.98477 8.22335
8.98477 8.07107
9.13706 7.91878
9.13706 7.7665
9.13706 7.61421
9.13706 7.46193
9.28934 7.15736
9.28934 7.00508
9.28934 6.85279
9.28934 6.70051
9.28934 6.54822
9.44162 6.39594
9.44162 6.09137
9.44162 5.93909
9.44162 5.7868
9.59391 5.63452
9.59391 5.48223
9.59391 5.32995
