9.44162 5.02538
9.44162 4.8731
9.59391 4.72081
9.59391 4.41624
9.59391 4.26396
9.59391 4.11168
9.59391 3.95939
9.59391 3.65482
9.59391 3.50254
9.44162 3.35025
9.44162 3.19797
9.44162 2.8934
9.44162 2.74112
9.44162 2.58883
9.28934 2.43655
9.28934 2.28426
9.28934 1.9797
9.13706 1.82741
9.13706 1.67513
9.13706 1.52284
8.98477 1.37056
8.98477 1.06599
8.83249 0.913706
8.83249 0.761421
8.83249 0.609137
8.6802 0.456853
8.6802 0.152284
8.52792 0
8.52792 -0.152284
8.52792 -0.304569
8.37563 -0.456853
8.37563 -0.761421
8.22335 -0.913706
8.22335 -1.06599
8.22335 -1.21827
8.07107 -1.52284
8.07107 -1.67513
7.91878 -1.82741
7.91878 -2.13198
7.7665 -2.28426
7.7665 -2.43655
7.61421 -2.74112
7.61421 -2.8934
7.46193 -3.04569
7.30964 -3.19797
7.30964 -3.50254
7.15736 -3.65482
7.00508 -3.80711
7.00508 -4.11168
6.85279 -4.26396
6.70051 -4.41624
6.54822 -4.56853
6.39594 -4.8731
6.39594 -5.02538
6.24365 -5.17766
6.09137 -5.32995
5.93909 -5.48223
5.7868 -5.7868
5.63452 -5.93909
5.48223 -6.09137
5.32995 -6.24365
5.17766 -6.39594
4.8731 -6.54822
4.72081 -6.70051
4.56853 -6.85279
4.41624 -7.00508
4.11168 -7.15736
3.95939 -7.15736
3.80711 -7.30964
3.50254 -7.46193
3.35025 -7.61421
3.19797 -7.61421
2.8934 -7.7665
2.74112 -7.7665
2.43655 -7.91878
2.28426 -7.91878
1.9797 -7.91878
1.82741 -8.07107
1.52284 -8.07107
1.37056 -8.07107
1.06599 -8.07107
0.913706 -8.07107
0.609137 -8.07107
0.456853 -8.07107
0.152284 -8.07107
-0.152284 -8.07107
-0.304569 -8.07107
-0.609137 -8.07107
-0.761421 -7.91878
-1.06599 -7.91878
-1.21827 -7.91878
-1.52284 -7.91878
-1.67513 -7.7665
-1.82741 -7.7665
-2.13198 -7.7665
-2.28426 -7.61421
-2.58883 -7.61421
-2.74112 -7.61421
-3.04569 -7.46193
-3.19797 -7.46193
-3.35025 -7.30964
-3.65482 -7.30964
-3.80711 -7.30964
-4.11168 -7.15736
-4.26396 -7.15736
-4.41624 -7.00508
-4.72081 -7.00508
-4.8731 -6.85279
-5.02538 -6.85279
-5.32995 -6.70051
-5.48223 -6.70051
-5.63452 -6.54822
-5.93909 -6.39594
-6.09137 -6.39594
-6.24365 -6.24365
-6.39594 -6.09137
-6.54822 -6.09137
-6.85279 -5.93909
-7.00508 -5.7868
-7.15736 -5.63452
-7.30964 -5.48223
-7.46193 -5.32995
-7.61421 -5.32995
-7.7665 -5.17766
-7.91878 -5.02538
-8.07107 -4.8731
-8.22335 -4.72081
-8.37563 -4.56853
-8.52792 -4.41624
-8.6802 -4.26396
-8.83249 -3.95939
-8.98477 -3.80711
-9.13706 -3.65482
-9.13706 -3.50254
-9.28934 -3.35025
-9.44162 -3.19797
-9.59391 -3.04569
-9.59391 -2.74112
-9.74619 -2.58883
-9.89848 -2.43655
-9.89848 -2.28426
-10.0508 -2.13198
-10.0508 -1.82741
-10.203 -1.67513
-10.203 -1.52284
-10.3553 -1.37056
-10.3553 -1.21827
-10.5076 -0.913706
-10.5076 -0.761421
-10.6599 -0.609137
-10.6599 -0.456853
-10.8122 -0.304569
-10.8122 0
-10.8122 0.152284
-10.9645 0.304569
-10.9645 0.456853
-10.9645 0.761421
-10.9645 0.913706
-11.1168 1.06599
-11.1168 1.21827
-11.1168 1.37056
-11.269 1.67513
-11.269 1.82741
-11.269 1.9797
-11.269 2.13198
-11.269 2.28426
-11.4213 2.58883
-11.4213 2.74112
-11.4213 2.8934
-11.4213 3.04569
-11.4213 3.19797
-11.5736 3.35025
-11.5736 3.65482
-11.5736 3.80711
-11.5736 3.95939
-11.5736 4.11168
-11.5736 4.26396
-11.7259 4.56853
-11.7259 4.72081
-11.7259 4.8731
-11.7259 5.02538
-11.7259 5.17766
-11.7259 5.48223
-11.7259 5.63452
-11.7259 5.7868
-11.7259 5.93909
-11.7259 6.09137
-11.7259 6.39594
-11.7259 6.54822
-11.7259 6.70051
-11.7259 6.85279
-11.7259 7.15736
-11.7259 7.30964
-11.7259 7.46193
-11.7259 7.61421
-11.7259 7.91878
-11.7259 8.07107
-11.7259 8.22335
-11.5736 8.37563
-11.5736 8.6802
-11.5736 8.83249
-11.5736 8.98477
-11.5736 9.13706
-11.4213 9.44162
-11.4213 9.59391
-11.4213 9.74619
-11.269 9.89848
-11.269 10.203
-11.269 10.3553
-11.1168 10.5076
-11.1168 10.8122
-10.9645 10.9645
-10.9645 11.1168
-10.9645 11.269
-10.8122 11.5736
-10.8122 11.7259
-10.6599 11.8782
-10.6599 12.0305
-10.5076 12.335
-10.5076 12.4873
-10.3553 12.6396
-10.203 12.9442
-10.203 13.0964
-10.0508 13.2487
-9.89848 13.401
-9.89848 13.7056
-9.74619 13.8579
-9.59391 14.0102
-9.44162 14.1624
-9.28934 14.467
-9.28934 14.6193
-9.13706 14.7716
-8.98477 14.9239
-8.83249 15.0761
-8.6802 15.2284
-8.52792 15.3807
-8.37563 15.533
-8.22335 15.6853
-8.07107 15.8376
-7.7665 15.9898
-7.61421 16.1421
-7.46193 16.2944
-7.30964 16.4467
-7.15736 16.599
-6.85279 16.7513
-6.70051 16.7513
-6.54822 16.9036
-6.24365 17.0558
-6.09137 17.0558
-5.93909 17.2081
-5.63452 17.2081
-5.48223 17.3604
-5.17766 17.3604
-5.02538 17.5127
-4.8731 17.5127
-4.56853 17.5127
-4.41624 17.665
-4.11168 17.665
-3.95939 17.665
-3.65482 17.665
-3.50254 17.665
-3.19797 17.8173
-3.04569 17.8173
-2.74112 17.8173
-2.58883 17.8173
-2.28426 17.665
-2.13198 17.665
-1.82741 17.665
-1.67513 17.665
-1.52284 17.665
-1.21827 17.665
-1.06599 17.5127
-0.761421 17.5127
-0.609137 17.5127
-0.304569 17.5127
-0.152284 17.3604
0 17.3604
0.304569 17.2081
0.456853 17.2081
0.761421 17.2081
0.913706 17.0558
1.06599 17.0558
1.37056 16.9036
1.52284 16.9036
1.67513 16.9036
1.9797 16.7513
2.13198 16.7513
2.28426 16.599
2.58883 16.599
2.74112 16.4467
2.8934 16.4467
3.19797 16.4467
3.35025 16.2944
3.50254 16.2944
3.80711 16.1421
3.95939 16.1421
4.11168 15.9898
4.41624 15.9898
4.56853 15.8376
4.72081 15.8376
4.8731 15.6853
5.17766 15.6853
5.32995 15.533
5.48223 15.3807
5.7868 15.3807
5.93909 15.2284
6.09137 15.0761
6.24365 14.9239
6.39594 14.9239
6.54822 14.7716
6.70051 14.6193
7.00508 14.467
7.15736 14.3147
7.15736 14.1624
7.30964 14.0102
7.46193 13.7056
7.61421 13.5533
7.7665 13.401
7.7665 13.2487
7.91878 12.9442
8.07107 12.7919
8.07107 12.6396
8.22335 12.4873
8.22335 12.1827
8.37563 12.0305
8.37563 11.7259
8.52792 11.5736
8.52792 11.4213
8.52792 11.1168
8.6802 10.9645
8.6802 10.8122
8.6802 10.5076
8.6802 10.3553
8.6802 10.0508
8.83249 9.89848
8.83249 9.74619
8.83249 9.44162
8.83249 9.28934
8.83249 9.13706
8.83249 8.98477
8.83249 8.6802
8.83249 8.52792
8.83249 8.37563
8.98477 8.07107
8.98477 7.91878
8.98477 7.7665
8.98477 7.61421
8.98477 7.46193
8.98477 7.15736
8.98477 7.00508
9.13706 6.85279
9.13706 6.70051
9.13706 6.54822
9.13706 6.39594
9.28934 6.09137
9.28934 5.93909
9.28934 5.7868
9.44162 5.63452
9.44162 5.48223
9.59391 5.17766
