9.13706 5.02538
9.13706 4.8731
9.13706 4.72081
9.13706 4.41624
9.28934 4.26396
9.28934 4.11168
9.28934 3.95939
9.13706 3.65482
9.13706 3.50254
9.13706 3.35025
9.13706 3.19797
9.13706 3.04569
8.98477 2.74112
8.98477 2.58883
8.98477 2.43655
8.83249 2.28426
8.83249 2.13198
8.83249 1.9797
8.6802 1.67513
8.6802 1.52284
8.6802 1.37056
8.52792 1.21827
8.52792 1.06599
8.52792 0.913706
8.37563 0.609137
8.37563 0.456853
8.37563 0.304569
8.37563 0.152284
8.22335 -0.152284
8.22335 -0.304569
8.22335 -0.456853
8.22335 -0.761421
8.07107 -0.913706
8.07107 -1.06599
8.07107 -1.37056
8.07107 -1.52284
7.91878 -1.67513
7.91878 -1.9797
7.91878 -2.13198
7.7665 -2.43655
7.7665 -2.58883
7.61421 -2.8934
7.61421 -3.04569
7.46193 -3.19797
7.46193 -3.50254
7.30964 -3.65482
7.15736 -3.80711
7.15736 -4.11168
7.00508 -4.26396
6.85279 -4.41624
6.70051 -4.72081
6.54822 -4.8731
6.39594 -5.02538
6.24365 -5.17766
6.09137 -5.32995
5.93909 -5.48223
5.7868 -5.63452
5.63452 -5.7868
5.48223 -5.93909
5.32995 -6.09137
5.17766 -6.24365
4.8731 -6.39594
4.72081 -6.54822
4.56853 -6.54822
4.41624 -6.70051
4.11168 -6.85279
3.95939 -7.00508
3.80711 -7.00508
3.50254 -7.15736
3.35025 -7.15736
3.04569 -7.30964
2.8934 -7.30964
2.74112 -7.46193
2.43655 -7.46193
2.28426 -7.61421
1.9797 -7.61421
1.82741 -7.7665
1.52284 -7.7665
1.37056 -7.7665
1.06599 -7.7665
0.913706 -7.91878
0.609137 -7.91878
0.456853 -7.91878
0.152284 -7.91878
0 -7.91878
-0.304569 -7.91878
-0.456853 -7.91878
-0.761421 -7.91878
-0.913706 -7.91878
-1.21827 -7.91878
-1.37056 -7.91878
-1.67513 -7.91878
-1.82741 -7.91878
-2.13198 -7.91878
-2.28426 -7.91878
-2.43655 -7.7665
-2.74112 -7.7665
-2.8934 -7.7665
-3.19797 -7.61421
-3.35025 -7.61421
-3.65482 -7.61421
-3.80711 -7.46193
-3.95939 -7.46193
-4.26396 -7.30964
-4.41624 -7.30964
-4.72081 -7.15736
-4.8731 -7.15736
-5.02538 -7.00508
-5.32995 -6.85279
-5.48223 -6.85279
-5.63452 -6.70051
-5.7868 -6.54822
-6.09137 -6.54822
-6.24365 -6.39594
-6.39594 -6.24365
-6.54822 -6.24365
-6.85279 -6.09137
-7.00508 -5.93909
-7.15736 -5.7868
-7.30964 -5.63452
-7.46193 -5.48223
-7.61421 -5.32995
-7.7665 -5.32995
-7.91878 -5.17766
-8.07107 -5.02538
-8.22335 -4.8731
-8.37563 -4.72081
-8.52792 -4.56853
-8.6802 -4.41624
-8.83249 -4.26396
-8.98477 -4.11168
-9.13706 -3.95939
-9.28934 -3.80711
-9.44162 -3.50254
-9.59391 -3.35025
-9.59391 -3.19797
-9.74619 -3.04569
-9.89848 -2.8934
-10.0508 -2.74112
-10.0508 -2.58883
-10.203 -2.28426
-10.203 -2.13198
-10.3553 -1.9797
-10.5076 -1.82741
-10.5076 -1.67513
-10.6599 -1.37056
-10.6599 -1.21827
-10.8122 -1.06599
-10.8122 -0.913706
-10.8122 -0.609137
-10.9645 -0.456853
-10.9645 -0.304569
-11.1168 -0.152284
-11.1168 0.152284
-11.1168 0.304569
-11.269 0.456853
-11.269 0.609137
-11.269 0.761421
-11.269 1.06599
-11.4213 1.21827
-11.4213 1.37056
-11.4213 1.52284
-11.4213 1.82741
-11.4213 1.9797
-11.5736 2.13198
-11.5736 2.28426
-11.5736 2.43655
-11.5736 2.58883
-11.7259 2.8934
-11.7259 3.04569
-11.7259 3.19797
-11.7259 3.35025
-11.8782 3.50254
-11.8782 3.80711
-11.8782 3.95939
-11.8782 4.11168
-12.0305 4.26396
-12.0305 4.41624
-12.0305 4.72081
-12.0305 4.8731
-12.1827 5.02538
-12.1827 5.17766
-12.1827 5.48223
-12.1827 5.63452
-12.1827 5.7868
-12.1827 5.93909
-12.1827 6.24365
-12.1827 6.39594
-12.335 6.54822
-12.335 6.70051
-12.335 7.00508
-12.1827 7.15736
-12.1827 7.30964
-12.1827 7.46193
-12.1827 7.7665
-12.1827 7.91878
-12.1827 8.07107
-12.0305 8.37563
-12.0305 8.52792
-12.0305 8.6802
-12.0305 8.83249
-11.8782 9.13706
-11.8782 9.28934
-11.7259 9.44162
-11.7259 9.59391
-11.7259 9.89848
-11.5736 10.0508
-11.5736 10.203
-11.4213 10.3553
-11.4213 10.5076
-11.269 10.8122
-11.269 10.9645
-11.1168 11.1168
-11.1168 11.269
-10.9645 11.5736
-10.9645 11.7259
-10.8122 11.8782
-10.8122 12.1827
-10.6599 12.335
-10.6599 12.4873
-10.5076 12.7919
-10.5076 12.9442
-10.3553 13.0964
-10.3553 13.401
-10.203 13.5533
-10.0508 13.7056
-10.0508 14.0102
-9.89848 14.1624
-9.74619 14.3147
-9.59391 14.467
-9.59391 14.7716
-9.44162 14.9239
-9.28934 15.0761
-9.13706 15.2284
-8.98477 15.533
-8.83249 15.6853
-8.6802 15.8376
-8.52792 15.9898
-8.37563 16.1421
-8.22335 16.2944
-7.91878 16.4467
-7.7665 16.599
-7.61421 16.7513
-7.30964 16.7513
-7.15736 16.9036
-7.00508 17.0558
-6.70051 17.0558
-6.54822 17.2081
-6.39594 17.2081
-6.09137 17.3604
-5.93909 17.3604
-5.63452 17.5127
-5.48223 17.5127
-5.17766 17.5127
-5.02538 17.5127
-4.72081 17.5127
-4.56853 17.665
-4.26396 17.665
-4.11168 17.665
-3.80711 17.665
-3.65482 17.665
-3.35025 17.665
-3.19797 17.665
-2.8934 17.665
-2.74112 17.5127
-2.43655 17.5127
-2.28426 17.5127
-1.9797 17.5127
-1.82741 17.5127
-1.67513 17.3604
-1.37056 17.3604
-1.21827 17.3604
-0.913706 17.3604
-0.761421 17.2081
-0.456853 17.2081
-0.304569 17.2081
-0.152284 17.0558
0.152284 17.0558
0.304569 17.0558
0.456853 16.9036
0.761421 16.9036
0.913706 16.9036
1.06599 16.7513
1.37056 16.7513
1.52284 16.599
1.67513 16.599
1.9797 16.599
2.13198 16.4467
2.28426 16.4467
2.43655 16.2944
2.74112 16.2944
2.8934 16.1421
3.04569 16.1421
3.35025 16.1421
3.50254 15.9898
3.65482 15.9898
3.95939 15.8376
4.11168 15.8376
4.26396 15.6853
4.41624 15.533
4.72081 15.533
4.8731 15.3807
5.02538 15.3807
5.17766 15.2284
5.48223 15.0761
5.63452 15.0761
5.7868 14.9239
5.93909 14.7716
6.09137 14.6193
6.24365 14.467
6.39594 14.3147
6.54822 14.1624
6.70051 14.0102
6.85279 13.8579
7.00508 13.7056
7.15736 13.5533
7.30964 13.401
7.46193 13.2487
7.61421 13.0964
7.61421 12.9442
7.7665 12.6396
7.91878 12.4873
7.91878 12.335
8.07107 12.1827
8.07107 11.8782
8.22335 11.7259
8.22335 11.5736
8.37563 11.269
8.37563 11.1168
8.52792 10.9645
8.52792 10.8122
8.52792 10.5076
8.52792 10.3553
8.6802 10.203
8.6802 9.89848
8.6802 9.74619
8.6802 9.59391
8.6802 9.28934
8.6802 9.13706
8.6802 8.98477
8.6802 8.6802
8.83249 8.52792
8.83249 8.37563
8.83249 8.07107
8.83249 7.91878
8.83249 7.7665
8.83249 7.61421
8.83249 7.30964
8.83249 7.15736
8.83249 7.00508
8.83249 6.85279
8.83249 6.70051
8.83249 6.39594
8.83249 6.24365
8.83249 6.09137
8.83249 5.93909
8.98477 5.7868
8.98477 5.63452
8.98477 5.32995
9.13706 5.17766
