9.28934 4.8731
9.28934 4.72081
9.28934 4.56853
9.44162 4.41624
9.44162 4.26396
9.44162 3.95939
9.44162 3.80711
9.44162 3.65482
9.44162 3.50254
9.28934 3.19797
9.28934 3.04569
9.28934 2.8934
9.28934 2.74112
9.13706 2.58883
9.13706 2.28426
9.13706 2.13198
8.98477 1.9797
8.98477 1.82741
8.98477 1.67513
8.83249 1.37056
8.83249 1.21827
8.83249 1.06599
8.6802 0.913706
8.6802 0.761421
8.6802 0.609137
8.52792 0.304569
8.52792 0.152284
8.52792 0
8.52792 -0.304569
8.37563 -0.456853
8.37563 -0.609137
8.37563 -0.913706
8.37563 -1.06599
8.37563 -1.21827
8.22335 -1.52284
8.22335 -1.67513
8.22335 -1.9797
8.22335 -2.13198
8.07107 -2.43655
8.07107 -2.58883
8.07107 -2.8934
7.91878 -3.04569
7.91878 -3.35025
7.7665 -3.50254
7.7665 -3.80711
7.61421 -3.95939
7.46193 -4.11168
7.46193 -4.41624
7.30964 -4.56853
7.15736 -4.72081
7.00508 -5.02538
6.85279 -5.17766
6.70051 -5.32995
6.54822 -5.48223
6.39594 -5.63452
6.24365 -5.7868
6.09137 -5.93909
5.93909 -6.09137
5.7868 -6.24365
5.48223 -6.39594
5.32995 -6.54822
5.17766 -6.70051
5.02538 -6.85279
4.72081 -6.85279
4.56853 -7.00508
4.26396 -7.15736
4.11168 -7.15736
3.95939 -7.30964
3.65482 -7.30964
3.50254 -7.46193
3.19797 -7.46193
3.04569 -7.61421
2.74112 -7.61421
2.58883 -7.7665
2.43655 -7.7665
2.13198 -7.7665
1.9797 -7.91878
1.67513 -7.91878
1.52284 -7.91878
1.21827 -7.91878
1.06599 -7.91878
0.761421 -8.07107
0.609137 -8.07107
0.304569 -8.07107
0.152284 -8.07107
-0.152284 -8.07107
-0.304569 -8.07107
-0.609137 -8.07107
-0.761421 -8.07107
-1.06599 -7.91878
-1.21827 -7.91878
-1.52284 -7.91878
-1.67513 -7.91878
-1.9797 -7.91878
-2.13198 -7.91878
-2.43655 -7.7665
-2.58883 -7.7665
-2.8934 -7.7665
-3.04569 -7.61421
-3.19797 -7.61421
-3.50254 -7.61421
-3.65482 -7.46193
-3.95939 -7.46193
-4.11168 -7.30964
-4.26396 -7.30964
-4.56853 -7.15736
-4.72081 -7.15736
-5.02538 -7.00508
-5.17766 -7.00508
-5.32995 -6.85279
-5.48223 -6.85279
-5.7868 -6.70051
-5.93909 -6.54822
-6.09137 -6.54822
-6.24365 -6.39594
-6.54822 -6.24365
-6.70051 -6.09137
-6.85279 -6.09137
-7.00508 -5.93909
-7.15736 -5.7868
-7.30964 -5.63452
-7.61421 -5.48223
-7.7665 -5.32995
-7.91878 -5.17766
-8.07107 -5.02538
-8.22335 -4.8731
-8.37563 -4.72081
-8.52792 -4.56853
-8.6802 -4.41624
-8.6802 -4.26396
-8.83249 -4.11168
-8.98477 -3.95939
-9.13706 -3.80711
-9.28934 -3.65482
-9.44162 -3.50254
-9.44162 -3.19797
-9.59391 -3.04569
-9.74619 -2.8934
-9.74619 -2.74112
-9.89848 -2.58883
-10.0508 -2.43655
-10.0508 -2.13198
-10.203 -1.9797
-10.203 -1.82741
-10.3553 -1.67513
-10.5076 -1.52284
-10.5076 -1.21827
-10.5076 -1.06599
-10.6599 -0.913706
-10.6599 -0.761421
-10.8122 -0.609137
-10.8122 -0.304569
-10.9645 -0.152284
-10.9645 0
-10.9645 0.152284
-11.1168 0.304569
-11.1168 0.609137
-11.1168 0.761421
-11.269 0.913706
-11.269 1.06599
-11.269 1.37056
-11.269 1.52284
-11.4213 1.67513
-11.4213 1.82741
-11.4213 1.9797
-11.4213 2.13198
-11.5736 2.43655
-11.5736 2.58883
-11.5736 2.74112
-11.5736 2.8934
-11.7259 3.04569
-11.7259 3.35025
-11.7259 3.50254
-11.7259 3.65482
-11.7259 3.80711
-11.8782 3.95939
-11.8782 4.26396
-11.8782 4.41624
-11.8782 4.56853
-11.8782 4.72081
-12.0305 4.8731
-12.0305 5.17766
-12.0305 5.32995
-12.0305 5.48223
-12.0305 5.63452
-12.0305 5.93909
-12.0305 6.09137
-12.0305 6.24365
-12.0305 6.39594
-12.0305 6.70051
-12.0305 6.85279
-12.0305 7.00508
-12.0305 7.15736
-12.0305 7.46193
-12.0305 7.61421
-12.0305 7.7665
-12.0305 8.07107
-12.0305 8.22335
-11.8782 8.37563
-11.8782 8.52792
-11.8782 8.83249
-11.8782 8.98477
-11.7259 9.13706
-11.7259 9.44162
-11.7259 9.59391
-11.5736 9.74619
-11.5736 9.89848
-11.5736 10.203
-11.4213 10.3553
-11.4213 10.5076
-11.269 10.8122
-11.269 10.9645
-11.1168 11.1168
-11.1168 11.269
-11.1168 11.5736
-10.9645 11.7259
-10.9645 11.8782
-10.8122 12.1827
-10.6599 12.335
-10.6599 12.4873
-10.5076 12.7919
-10.5076 12.9442
-10.3553 13.0964
-10.203 13.2487
-10.203 13.5533
-10.0508 13.7056
-9.89848 13.8579
-9.74619 14.1624
-9.74619 14.3147
-9.59391 14.467
-9.44162 14.6193
-9.28934 14.7716
-9.13706 15.0761
-8.98477 15.2284
-8.83249 15.3807
-8.6802 15.533
-8.52792 15.6853
-8.37563 15.8376
-8.22335 15.9898
-8.07107 16.1421
-7.7665 16.2944
-7.61421 16.4467
-7.46193 16.4467
-7.30964 16.599
-7.00508 16.7513
-6.85279 16.7513
-6.54822 16.9036
-6.39594 17.0558
-6.24365 17.0558
-5.93909 17.2081
-5.7868 17.2081
-5.48223 17.2081
-5.32995 17.3604
-5.02538 17.3604
-4.8731 17.3604
-4.56853 17.3604
-4.41624 17.5127
-4.11168 17.5127
-3.95939 17.5127
-3.65482 17.5127
-3.50254 17.5127
-3.19797 17.5127
-3.04569 17.5127
-2.8934 17.5127
-2.58883 17.5127
-2.43655 17.5127
-2.13198 17.5127
-1.9797 17.5127
-1.67513 17.3604
-1.52284 17.3604
-1.21827 17.3604
-1.06599 17.3604
-0.913706 17.3604
-0.609137 17.2081
-0.456853 17.2081
-0.152284 17.2081
0 17.0558
0.152284 17.0558
0.456853 17.0558
0.609137 16.9036
0.761421 16.9036
1.06599 16.9036
1.21827 16.7513
1.37056 16.7513
1.67513 16.7513
1.82741 16.599
1.9797 16.599
2.28426 16.4467
2.43655 16.4467
2.58883 16.2944
2.8934 16.2944
3.04569 16.2944
3.19797 16.1421
3.50254 16.1421
3.65482 15.9898
3.80711 15.9898
4.11168 15.8376
4.26396 15.6853
4.41624 15.6853
4.56853 15.533
4.8731 15.533
5.02538 15.3807
5.17766 15.2284
5.32995 15.2284
5.48223 15.0761
5.7868 14.9239
5.93909 14.7716
6.09137 14.7716
6.24365 14.6193
6.39594 14.467
6.54822 14.3147
6.70051 14.1624
6.85279 14.0102
7.00508 13.8579
7.15736 13.7056
7.30964 13.5533
7.46193 13.401
7.61421 13.2487
7.61421 12.9442
7.7665 12.7919
7.91878 12.6396
8.07107 12.4873
8.07107 12.335
8.22335 12.0305
8.22335 11.8782
8.37563 11.7259
8.37563 11.5736
8.52792 11.269
8.52792 11.1168
8.6802 10.9645
8.6802 10.6599
8.6802 10.5076
8.83249 10.3553
8.83249 10.0508
8.83249 9.89848
8.83249 9.74619
8.83249 9.44162
8.98477 9.28934
8.98477 9.13706
8.98477 8.83249
8.98477 8.6802
8.98477 8.52792
8.98477 8.22335
8.98477 8.07107
8.98477 7.91878
8.98477 7.61421
8.98477 7.46193
8.98477 7.30964
8.98477 7.15736
8.98477 6.85279
8.98477 6.70051
8.98477 6.54822
8.98477 6.39594
8.98477 6.24365
8.98477 6.09137
8.98477 5.7868
9.13706 5.63452
9.13706 5.48223
9.13706 5.32995
9.28934 5.17766
