9.28934 5.02538
9.28934 4.72081
9.44162 4.56853
9.44162 4.41624
9.44162 4.26396
9.59391 4.11168
9.59391 3.80711
9.59391 3.65482
9.59391 3.50254
9.59391 3.35025
9.44162 3.04569
9.44162 2.8934
9.44162 2.74112
9.44162 2.58883
9.28934 2.43655
9.28934 2.13198
9.28934 1.9797
9.13706 1.82741
9.13706 1.67513
9.13706 1.52284
8.98477 1.37056
8.98477 1.06599
8.98477 0.913706
8.83249 0.761421
8.83249 0.609137
8.83249 0.456853
8.6802 0.152284
8.6802 0
8.6802 -0.152284
8.6802 -0.304569
8.52792 -0.609137
8.52792 -0.761421
8.52792 -0.913706
8.52792 -1.21827
8.52792 -1.37056
8.37563 -1.67513
8.37563 -1.82741
8.37563 -2.13198
8.22335 -2.28426
8.22335 -2.43655
8.22335 -2.74112
8.07107 -2.8934
8.07107 -3.19797
7.91878 -3.35025
7.91878 -3.65482
7.7665 -3.80711
7.61421 -3.95939
7.61421 -4.26396
7.46193 -4.41624
7.30964 -4.56853
7.15736 -4.8731
7.15736 -5.02538
7.00508 -5.17766
6.85279 -5.32995
6.70051 -5.48223
6.54822 -5.7868
6.24365 -5.93909
6.09137 -6.09137
5.93909 -6.24365
5.7868 -6.24365
5.63452 -6.39594
5.48223 -6.54822
5.17766 -6.70051
5.02538 -6.85279
4.8731 -7.00508
4.56853 -7.00508
4.41624 -7.15736
4.26396 -7.30964
3.95939 -7.30964
3.80711 -7.46193
3.50254 -7.46193
3.35025 -7.61421
3.04569 -7.61421
2.8934 -7.7665
2.58883 -7.7665
2.43655 -7.7665
2.13198 -7.91878
1.9797 -7.91878
1.67513 -7.91878
1.52284 -7.91878
1.21827 -8.07107
1.06599 -8.07107
0.761421 -8.07107
0.609137 -8.07107
0.304569 -8.07107
0.152284 -8.07107
-0.152284 -8.07107
-0.304569 -8.07107
-0.609137 -8.07107
-0.761421 -8.07107
-1.06599 -8.07107
-1.21827 -7.91878
-1.52284 -7.91878
-1.67513 -7.91878
-1.82741 -7.91878
-2.13198 -7.91878
-2.28426 -7.7665
-2.58883 -7.7665
-2.74112 -7.7665
-3.04569 -7.61421
-3.19797 -7.61421
-3.50254 -7.61421
-3.65482 -7.46193
-3.80711 -7.46193
-4.11168 -7.30964
-4.26396 -7.30964
-4.41624 -7.15736
-4.72081 -7.15736
-4.8731 -7.00508
-5.02538 -7.00508
-5.32995 -6.85279
-5.48223 -6.70051
-5.63452 -6.70051
-5.93909 -6.54822
-6.09137 -6.39594
-6.24365 -6.39594
-6.39594 -6.24365
-6.70051 -6.09137
-6.85279 -5.93909
-7.00508 -5.7868
-7.15736 -5.7868
-7.30964 -5.63452
-7.46193 -5.48223
-7.61421 -5.32995
-7.7665 -5.17766
-7.91878 -5.02538
-8.07107 -4.8731
-8.22335 -4.72081
-8.37563 -4.56853
-8.52792 -4.41624
-8.6802 -4.26396
-8.83249 -4.11168
-8.98477 -3.80711
-9.13706 -3.65482
-9.13706 -3.50254
-9.28934 -3.35025
-9.44162 -3.19797
-9.59391 -3.04569
-9.59391 -2.8934
-9.74619 -2.58883
-9.89848 -2.43655
-9.89848 -2.28426
-10.0508 -2.13198
-10.0508 -1.9797
-10.203 -1.67513
-10.203 -1.52284
-10.3553 -1.37056
-10.3553 -1.21827
-10.5076 -0.913706
-10.5076 -0.761421
-10.6599 -0.609137
-10.6599 -0.456853
-10.6599 -0.152284
-10.8122 0
-10.8122 0.152284
-10.8122 0.304569
-10.9645 0.609137
-10.9645 0.761421
-10.9645 0.913706
-11.1168 1.06599
-11.1168 1.21827
-11.1168 1.52284
-11.1168 1.67513
-11.269 1.82741
-11.269 1.9797
-11.269 2.28426
-11.269 2.43655
-11.4213 2.58883
-11.4213 2.74112
-11.4213 2.8934
-11.4213 3.04569
-11.5736 3.35025
-11.5736 3.50254
-11.5736 3.65482
-11.5736 3.80711
-11.7259 3.95939
-11.7259 4.26396
-11.7259 4.41624
-11.7259 4.56853
-11.7259 4.72081
-11.8782 5.02538
-11.8782 5.17766
-11.8782 5.32995
-11.8782 5.48223
-11.8782 5.7868
-11.8782 5.93909
-12.0305 6.09137
-12.0305 6.24365
-12.0305 6.54822
-12.0305 6.70051
-12.0305 6.85279
-12.0305 7.15736
-12.0305 7.30964
-11.8782 7.46193
-11.8782 7.7665
-11.8782 7.91878
-11.8782 8.07107
-11.8782 8.22335
-11.8782 8.52792
-11.7259 8.6802
-11.7259 8.83249
-11.7259 9.13706
-11.5736 9.28934
-11.5736 9.44162
-11.5736 9.59391
-11.4213 9.89848
-11.4213 10.0508
-11.269 10.203
-11.269 10.3553
-11.1168 10.6599
-11.1168 10.8122
-10.9645 10.9645
-10.9645 11.1168
-10.8122 11.4213
-10.8122 11.5736
-10.6599 11.7259
-10.6599 12.0305
-10.5076 12.1827
-10.5076 12.335
-10.3553 12.6396
-10.3553 12.7919
-10.203 12.9442
-10.0508 13.0964
-10.0508 13.401
-9.89848 13.5533
-9.74619 13.7056
-9.74619 14.0102
-9.59391 14.1624
-9.44162 14.3147
-9.28934 14.467
-9.13706 14.7716
-8.98477 14.9239
-8.98477 15.0761
-8.83249 15.2284
-8.6802 15.3807
-8.52792 15.6853
-8.22335 15.8376
-8.07107 15.9898
-7.91878 16.1421
-7.7665 16.2944
-7.61421 16.2944
-7.30964 16.4467
-7.15736 16.599
-7.00508 16.7513
-6.85279 16.7513
-6.54822 16.9036
-6.39594 17.0558
-6.09137 17.0558
-5.93909 17.2081
-5.63452 17.2081
-5.48223 17.3604
-5.32995 17.3604
-5.02538 17.3604
-4.8731 17.3604
-4.56853 17.5127
-4.41624 17.5127
-4.11168 17.5127
-3.95939 17.5127
-3.65482 17.5127
-3.50254 17.5127
-3.19797 17.5127
-3.04569 17.5127
-2.74112 17.5127
-2.58883 17.5127
-2.28426 17.5127
-2.13198 17.5127
-1.82741 17.5127
-1.67513 17.3604
-1.37056 17.3604
-1.21827 17.3604
-1.06599 17.3604
-0.761421 17.2081
-0.609137 17.2081
-0.304569 17.2081
-0.152284 17.2081
0 17.0558
0.304569 17.0558
0.456853 17.0558
0.761421 16.9036
0.913706 16.9036
1.06599 16.9036
1.37056 16.7513
1.52284 16.7513
1.67513 16.599
1.9797 16.599
2.13198 16.599
2.28426 16.4467
2.43655 16.4467
2.74112 16.2944
2.8934 16.2944
3.04569 16.1421
3.35025 16.1421
3.50254 16.1421
3.65482 15.9898
3.95939 15.9898
4.11168 15.8376
4.26396 15.8376
4.41624 15.6853
4.72081 15.6853
4.8731 15.533
5.02538 15.533
5.17766 15.3807
5.48223 15.2284
5.63452 15.2284
5.7868 15.0761
5.93909 14.9239
6.24365 14.7716
6.39594 14.7716
6.54822 14.6193
6.70051 14.467
6.85279 14.3147
7.00508 14.1624
7.15736 14.0102
7.30964 13.8579
7.46193 13.7056
7.61421 13.5533
7.61421 13.401
7.7665 13.0964
7.91878 12.9442
8.07107 12.7919
8.07107 12.6396
8.22335 12.4873
8.22335 12.1827
8.37563 12.0305
8.37563 11.8782
8.52792 11.5736
8.52792 11.4213
8.6802 11.269
8.6802 10.9645
8.6802 10.8122
8.83249 10.6599
8.83249 10.3553
8.83249 10.203
8.98477 10.0508
8.98477 9.74619
8.98477 9.59391
8.98477 9.44162
8.98477 9.28934
8.98477 8.98477
9.13706 8.83249
9.13706 8.6802
9.13706 8.37563
9.13706 8.22335
9.13706 8.07107
9.13706 7.91878
9.13706 7.61421
9.13706 7.46193
9.13706 7.30964
9.13706 7.15736
9.13706 7.00508
9.13706 6.70051
9.13706 6.54822
9.13706 6.39594
9.13706 6.24365
9.28934 6.09137
9.28934 5.7868
9.28934 5.63452
9.28934 5.48223
9.28934 5.32995
9.28934 5.17766
