12.0305 -2.74112
12.0305 -2.8934
12.1827 -3.04569
12.1827 -3.35025
12.1827 -3.50254
12.1827 -3.65482
12.1827 -3.80711
12.1827 -4.11168
12.1827 -4.26396
12.1827 -4.41624
12.1827 -4.56853
12.1827 -4.8731
12.1827 -5.02538
12.0305 -5.17766
12.0305 -5.32995
12.0305 -5.48223
12.0305 -5.7868
11.8782 -5.93909
11.8782 -6.09137
11.8782 -6.24365
11.7259 -6.39594
11.7259 -6.70051
11.7259 -6.85279
11.5736 -7.00508
11.5736 -7.15736
11.5736 -7.46193
11.4213 -7.61421
11.4213 -7.7665
11.4213 -7.91878
11.269 -8.07107
11.269 -8.37563
11.1168 -8.52792
11.1168 -8.6802
10.9645 -8.83249
10.9645 -9.13706
10.8122 -9.28934
10.8122 -9.44162
10.6599 -9.59391
10.6599 -9.74619
10.5076 -10.0508
10.3553 -10.203
10.3553 -10.3553
10.203 -10.5076
10.0508 -10.6599
9.89848 -10.8122
9.74619 -10.9645
9.59391 -11.1168
9.44162 -11.269
9.28934 -11.4213
9.13706 -11.5736
8.98477 -11.5736
8.83249 -11.7259
8.6802 -11.8782
8.52792 -11.8782
8.37563 -12.0305
8.07107 -12.1827
7.91878 -12.1827
7.7665 -12.1827
7.46193 -12.335
7.30964 -12.335
7.15736 -12.335
7.00508 -12.4873
6.70051 -12.4873
6.54822 -12.4873
6.39594 -12.4873
6.09137 -12.4873
5.93909 -12.6396
5.7868 -12.6396
5.48223 -12.6396
5.32995 -12.6396
5.17766 -12.6396
4.8731 -12.6396
4.72081 -12.6396
4.56853 -12.6396
4.41624 -12.6396
4.26396 -12.6396
3.95939 -12.6396
3.80711 -12.4873
3.65482 -12.4873
3.50254 -12.4873
3.35025 -12.4873
3.04569 -12.4873
2.8934 -12.4873
2.74112 -12.4873
2.58883 -12.4873
2.43655 -12.4873
2.28426 -12.4873
2.13198 -12.335
1.82741 -12.335
1.67513 -12.335
1.52284 -12.335
1.37056 -12.335
1.21827 -12.335
1.06599 -12.335
0.913706 -12.335
0.761421 -12.335
0.609137 -12.335
0.456853 -12.1827
0.152284 -12.1827
0 -12.1827
-0.152284 -12.1827
-0.304569 -12.1827
-0.456853 -12.1827
-0.609137 -12.1827
-0.761421 -12.1827
-0.913706 -12.0305
-1.06599 -12.0305
-1.21827 -12.0305
-1.52284 -12.0305
-1.67513 -12.0305
-1.82741 -11.8782
-1.9797 -11.8782
-2.13198 -11.8782
-2.28426 -11.7259
-2.43655 -11.7259
-2.58883 -11.7259
-2.74112 -11.5736
-2.8934 -11.5736
-3.04569 -11.4213
-3.19797 -11.4213
-3.35025 -11.269
-3.50254 -11.1168
-3.65482 -11.1168
-3.80711 -10.9645
-3.95939 -10.8122
-4.11168 -10.8122
-4.11168 -10.6599
-4.26396 -10.5076
-4.41624 -10.3553
-4.56853 -10.203
-4.56853 -10.0508
-4.72081 -10.0508
-4.8731 -9.89848
-4.8731 -9.74619
-5.02538 -9.59391
-5.17766 -9.44162
-5.17766 -9.28934
-5.32995 -9.13706
-5.32995 -8.98477
-5.48223 -8.83249
-5.48223 -8.6802
-5.48223 -8.52792
-5.63452 -8.37563
-5.63452 -8.22335
-5.7868 -8.07107
-5.7868 -7.91878
-5.7868 -7.7665
-5.93909 -7.61421
-5.93909 -7.46193
-5.93909 -7.30964
-6.09137 -7.15736
-6.09137 -7.00508
-6.09137 -6.85279
-6.09137 -6.70051
-6.24365 -6.54822
-6.24365 -6.39594
-6.24365 -6.24365
-6.24365 -6.09137
-6.24365 -5.93909
-6.39594 -5.7868
-6.39594 -5.63452
-6.39594 -5.48223
-6.39594 -5.32995
-6.39594 -5.17766
-6.54822 -5.02538
-6.54822 -4.8731
-6.54822 -4.72081
-6.54822 -4.56853
-6.54822 -4.41624
-6.54822 -4.26396
-6.70051 -4.11168
-6.70051 -4.11168
-6.70051 -3.95939
-6.70051 -3.80711
-6.70051 -3.65482
-6.70051 -3.50254
-6.70051 -3.35025
-6.85279 -3.19797
-6.85279 -3.04569
-6.85279 -2.8934
-6.85279 -2.74112
-6.85279 -2.58883
-6.85279 -2.43655
-6.85279 -2.28426
-6.85279 -2.13198
-7.00508 -1.9797
-7.00508 -1.82741
-7.00508 -1.67513
-7.00508 -1.52284
-7.00508 -1.37056
-7.00508 -1.21827
-7.00508 -1.06599
-7.00508 -0.913706
-7.00508 -0.761421
-7.00508 -0.609137
-7.00508 -0.456853
-7.00508 -0.304569
-7.00508 -0.152284
-7.00508 0
-7.00508 0.152284
-7.00508 0.304569
-7.00508 0.456853
-6.85279 0.609137
-6.85279 0.913706
-6.85279 1.06599
-6.85279 1.21827
-6.85279 1.37056
-6.85279 1.52284
-6.70051 1.67513
-6.70051 1.82741
-6.70051 1.9797
-6.70051 2.13198
-6.54822 2.28426
-6.54822 2.58883
-6.54822 2.74112
-6.39594 2.8934
-6.39594 3.04569
-6.24365 3.19797
-6.24365 3.35025
-6.24365 3.50254
-6.09137 3.65482
-6.09137 3.80711
-5.93909 3.95939
-5.7868 4.11168
-5.7868 4.26396
-5.63452 4.41624
-5.63452 4.56853
-5.48223 4.72081
-5.32995 4.8731
-5.32995 5.02538
-5.17766 5.17766
-5.02538 5.32995
-4.8731 5.48223
-4.72081 5.63452
-4.72081 5.7868
-4.56853 5.93909
-4.41624 6.09137
-4.26396 6.24365
-4.11168 6.24365
-3.95939 6.39594
-3.80711 6.54822
-3.65482 6.54822
-3.50254 6.70051
-3.35025 6.85279
-3.19797 6.85279
-3.04569 7.00508
-2.74112 7.00508
-2.58883 7.15736
-2.43655 7.15736
-2.28426 7.30964
-2.13198 7.30964
-1.9797 7.30964
-1.67513 7.46193
-1.52284 7.46193
-1.37056 7.46193
-1.21827 7.61421
-1.06599 7.61421
-0.761421 7.61421
-0.609137 7.61421
-0.456853 7.61421
-0.304569 7.61421
-0.152284 7.61421
0.152284 7.61421
0.304569 7.61421
0.456853 7.61421
0.609137 7.61421
0.761421 7.61421
1.06599 7.61421
1.21827 7.61421
1.37056 7.61421
1.52284 7.61421
1.67513 7.61421
1.9797 7.46193
2.13198 7.46193
2.28426 7.46193
2.43655 7.46193
2.58883 7.30964
2.74112 7.30964
2.8934 7.30964
3.19797 7.15736
3.35025 7.15736
3.50254 7.00508
3.65482 7.00508
3.80711 7.00508
3.95939 6.85279
4.11168 6.85279
4.26396 6.70051
4.41624 6.70051
4.56853 6.54822
4.72081 6.39594
4.8731 6.39594
5.02538 6.24365
5.17766 6.24365
5.32995 6.09137
5.48223 5.93909
5.63452 5.93909
5.7868 5.7868
5.7868 5.63452
5.93909 5.63452
6.09137 5.48223
6.24365 5.32995
6.39594 5.17766
6.54822 5.17766
6.54822 5.02538
6.70051 4.8731
6.85279 4.72081
7.00508 4.72081
7.00508 4.56853
7.15736 4.41624
7.30964 4.26396
7.30964 4.11168
7.46193 3.95939
7.46193 3.95939
7.61421 3.80711
7.7665 3.65482
7.7665 3.50254
7.91878 3.35025
7.91878 3.19797
8.07107 3.04569
8.07107 2.8934
8.22335 2.8934
8.22335 2.74112
8.37563 2.58883
8.37563 2.43655
8.52792 2.28426
8.52792 2.13198
8.52792 1.9797
8.6802 1.82741
8.6802 1.67513
8.83249 1.67513
8.83249 1.52284
8.98477 1.37056
8.98477 1.21827
8.98477 1.06599
9.13706 0.913706
9.13706 0.761421
9.28934 0.761421
9.28934 0.609137
9.44162 0.456853
9.44162 0.304569
9.59391 0.152284
9.59391 0
9.74619 -0.152284
9.74619 -0.152284
9.89848 -0.304569
10.0508 -0.456853
10.0508 -0.609137
10.203 -0.761421
10.3553 -0.913706
10.3553 -1.06599
10.5076 -1.21827
10.6599 -1.37056
10.8122 -1.52284
10.8122 -1.52284
10.9645 -1.67513
11.1168 -1.82741
11.269 -2.13198
11.4213 -2.28426
11.5736 -2.43655
11.7259 -2.58883
