9.74619 5.17766
9.74619 5.02538
9.74619 4.8731
9.89848 4.72081
9.89848 4.41624
9.89848 4.26396
9.89848 4.11168
9.89848 3.95939
9.89848 3.65482
9.89848 3.50254
9.74619 3.35025
9.74619 3.19797
9.74619 3.04569
9.74619 2.74112
9.59391 2.58883
9.59391 2.43655
9.59391 2.28426
9.44162 2.13198
9.44162 1.9797
9.44162 1.67513
9.28934 1.52284
9.28934 1.37056
9.28934 1.21827
9.13706 1.06599
9.13706 0.761421
9.13706 0.609137
9.13706 0.456853
8.98477 0.304569
8.98477 0
8.98477 -0.152284
8.98477 -0.304569
8.83249 -0.609137
8.83249 -0.761421
8.83249 -0.913706
8.83249 -1.21827
8.6802 -1.37056
8.6802 -1.67513
8.6802 -1.82741
8.52792 -1.9797
8.52792 -2.28426
8.52792 -2.43655
8.37563 -2.74112
8.37563 -2.8934
8.22335 -3.04569
8.22335 -3.35025
8.07107 -3.50254
7.91878 -3.80711
7.91878 -3.95939
7.7665 -4.11168
7.61421 -4.41624
7.46193 -4.56853
7.30964 -4.72081
7.15736 -4.8731
7.15736 -5.02538
6.85279 -5.32995
6.70051 -5.48223
6.54822 -5.63452
6.39594 -5.7868
6.24365 -5.93909
6.09137 -6.09137
5.93909 -6.24365
5.63452 -6.24365
5.48223 -6.39594
5.32995 -6.54822
5.17766 -6.70051
4.8731 -6.85279
4.72081 -6.85279
4.56853 -7.00508
4.26396 -7.15736
4.11168 -7.15736
3.80711 -7.30964
3.65482 -7.30964
3.50254 -7.46193
3.19797 -7.46193
3.04569 -7.61421
2.74112 -7.61421
2.58883 -7.7665
2.28426 -7.7665
2.13198 -7.7665
1.82741 -7.7665
1.67513 -7.91878
1.37056 -7.91878
1.21827 -7.91878
0.913706 -7.91878
0.761421 -7.91878
0.456853 -7.91878
0.304569 -8.07107
0 -8.07107
-0.152284 -8.07107
-0.456853 -7.91878
-0.609137 -7.91878
-0.913706 -7.91878
-1.06599 -7.91878
-1.37056 -7.91878
-1.52284 -7.91878
-1.82741 -7.91878
-1.9797 -7.7665
-2.28426 -7.7665
-2.43655 -7.7665
-2.74112 -7.61421
-2.8934 -7.61421
-3.19797 -7.61421
-3.35025 -7.46193
-3.65482 -7.46193
-3.80711 -7.30964
-3.95939 -7.30964
-4.26396 -7.15736
-4.41624 -7.00508
-4.56853 -7.00508
-4.8731 -6.85279
-5.02538 -6.85279
-5.17766 -6.70051
-5.48223 -6.54822
-5.63452 -6.39594
-5.7868 -6.39594
-5.93909 -6.24365
-6.24365 -6.09137
-6.39594 -5.93909
-6.54822 -5.7868
-6.70051 -5.7868
-6.85279 -5.63452
-7.00508 -5.48223
-7.15736 -5.32995
-7.46193 -5.17766
-7.61421 -5.02538
-7.7665 -4.8731
-7.91878 -4.72081
-8.07107 -4.56853
-8.22335 -4.41624
-8.22335 -4.26396
-8.37563 -4.11168
-8.52792 -3.95939
-8.6802 -3.65482
-8.83249 -3.50254
-8.98477 -3.35025
-9.13706 -3.19797
-9.13706 -3.04569
-9.28934 -2.8934
-9.44162 -2.58883
-9.44162 -2.43655
-9.59391 -2.28426
-9.74619 -2.13198
-9.74619 -1.9797
-9.89848 -1.67513
-9.89848 -1.52284
-10.0508 -1.37056
-10.0508 -1.21827
-10.203 -0.913706
-10.203 -0.761421
-10.203 -0.609137
-10.3553 -0.304569
-10.3553 -0.152284
-10.3553 0
-10.5076 0.152284
-10.5076 0.456853
-10.5076 0.609137
-10.5076 0.761421
-10.6599 0.913706
-10.6599 1.21827
-10.6599 1.37056
-10.6599 1.52284
-10.8122 1.67513
-10.8122 1.9797
-10.8122 2.13198
-10.8122 2.28426
-10.8122 2.43655
-10.9645 2.58883
-10.9645 2.8934
-10.9645 3.04569
-10.9645 3.19797
-10.9645 3.35025
-11.1168 3.50254
-11.1168 3.80711
-11.1168 3.95939
-11.1168 4.11168
-11.269 4.26396
-11.269 4.41624
-11.269 4.56853
-11.4213 4.8731
-11.4213 5.02538
-11.4213 5.17766
-11.4213 5.32995
-11.4213 5.63452
-11.5736 5.7868
-11.5736 5.93909
-11.5736 6.09137
-11.5736 6.39594
-11.5736 6.54822
-11.5736 6.70051
-11.5736 6.85279
-11.5736 7.15736
-11.5736 7.30964
-11.5736 7.46193
-11.5736 7.7665
-11.5736 7.91878
-11.4213 8.07107
-11.4213 8.22335
-11.4213 8.52792
-11.4213 8.6802
-11.269 8.83249
-11.269 8.98477
-11.1168 9.28934
-11.1168 9.44162
-11.1168 9.59391
-10.9645 9.74619
-10.9645 9.89848
-10.8122 10.203
-10.8122 10.3553
-10.6599 10.5076
-10.6599 10.6599
-10.5076 10.8122
-10.5076 11.1168
-10.3553 11.269
-10.203 11.4213
-10.203 11.5736
-10.0508 11.7259
-10.0508 12.0305
-9.89848 12.1827
-9.89848 12.335
-9.74619 12.4873
-9.59391 12.7919
-9.59391 12.9442
-9.44162 13.0964
-9.44162 13.401
-9.28934 13.5533
-9.13706 13.7056
-9.13706 13.8579
-8.98477 14.1624
-8.83249 14.3147
-8.6802 14.467
-8.6802 14.6193
-8.52792 14.9239
-8.37563 15.0761
-8.22335 15.2284
-8.07107 15.3807
-7.91878 15.533
-7.7665 15.6853
-7.61421 15.8376
-7.46193 15.9898
-7.30964 16.1421
-7.15736 16.2944
-7.00508 16.4467
-6.70051 16.599
-6.54822 16.7513
-6.39594 16.9036
-6.09137 16.9036
-5.93909 17.0558
-5.7868 17.2081
-5.48223 17.2081
-5.32995 17.3604
-5.17766 17.3604
-4.8731 17.5127
-4.72081 17.5127
-4.41624 17.665
-4.26396 17.665
-3.95939 17.665
-3.80711 17.665
-3.50254 17.665
-3.35025 17.8173
-3.04569 17.8173
-2.8934 17.8173
-2.74112 17.8173
-2.43655 17.8173
-2.28426 17.8173
-1.9797 17.8173
-1.82741 17.665
-1.52284 17.665
-1.37056 17.665
-1.06599 17.665
-0.913706 17.665
-0.609137 17.5127
-0.456853 17.5127
-0.304569 17.5127
0 17.3604
0.152284 17.3604
0.456853 17.3604
0.609137 17.2081
0.761421 17.2081
1.06599 17.0558
1.21827 17.0558
1.37056 17.0558
1.67513 16.9036
1.82741 16.9036
1.9797 16.7513
2.13198 16.7513
2.43655 16.599
2.58883 16.599
2.74112 16.4467
3.04569 16.4467
3.19797 16.4467
3.35025 16.2944
3.50254 16.2944
3.80711 16.1421
3.95939 16.1421
4.11168 15.9898
4.41624 15.9898
4.56853 15.8376
4.72081 15.8376
4.8731 15.6853
5.17766 15.6853
5.32995 15.533
5.48223 15.533
5.63452 15.3807
5.93909 15.2284
6.09137 15.2284
6.24365 15.0761
6.39594 14.9239
6.54822 14.7716
6.70051 14.7716
6.85279 14.6193
7.00508 14.467
7.15736 14.3147
7.30964 14.1624
7.46193 14.0102
7.61421 13.8579
7.7665 13.7056
7.91878 13.5533
8.07107 13.2487
8.07107 13.0964
8.22335 12.9442
8.37563 12.7919
8.37563 12.6396
8.52792 12.335
8.52792 12.1827
8.6802 12.0305
8.6802 11.7259
8.83249 11.5736
8.83249 11.4213
8.98477 11.1168
8.98477 10.9645
8.98477 10.8122
8.98477 10.6599
9.13706 10.3553
9.13706 10.203
9.13706 10.0508
9.13706 9.74619
9.13706 9.59391
9.28934 9.44162
9.28934 9.13706
9.28934 8.98477
9.28934 8.83249
9.28934 8.6802
9.28934 8.37563
9.28934 8.22335
9.28934 8.07107
9.28934 7.91878
9.28934 7.7665
9.44162 7.46193
9.44162 7.30964
9.44162 7.15736
9.44162 7.00508
9.44162 6.85279
9.44162 6.54822
9.44162 6.39594
9.44162 6.24365
9.59391 6.09137
9.59391 5.93909
9.59391 5.7868
9.59391 5.48223
9.74619 5.32995
