9.44162 5.17766
9.44162 5.02538
9.44162 4.72081
9.44162 4.56853
9.59391 4.41624
9.59391 4.26396
9.59391 3.95939
9.44162 3.80711
9.44162 3.65482
9.44162 3.50254
9.44162 3.19797
9.44162 3.04569
9.28934 2.8934
9.28934 2.74112
9.28934 2.58883
9.28934 2.28426
9.13706 2.13198
9.13706 1.9797
9.13706 1.82741
8.98477 1.67513
8.98477 1.37056
8.83249 1.21827
8.83249 1.06599
8.83249 0.913706
8.6802 0.761421
8.6802 0.456853
8.6802 0.304569
8.6802 0.152284
8.52792 0
8.52792 -0.304569
8.52792 -0.456853
8.37563 -0.609137
8.37563 -0.913706
8.37563 -1.06599
8.37563 -1.21827
8.22335 -1.52284
8.22335 -1.67513
8.07107 -1.9797
8.07107 -2.13198
8.07107 -2.28426
7.91878 -2.58883
7.91878 -2.74112
7.7665 -3.04569
7.7665 -3.19797
7.61421 -3.35025
7.46193 -3.65482
7.46193 -3.80711
7.30964 -3.95939
7.15736 -4.26396
7.00508 -4.41624
6.85279 -4.56853
6.85279 -4.72081
6.70051 -4.8731
6.54822 -5.17766
6.39594 -5.32995
6.24365 -5.48223
5.93909 -5.63452
5.7868 -5.7868
5.63452 -5.93909
5.48223 -6.09137
5.32995 -6.24365
5.02538 -6.24365
4.8731 -6.39594
4.72081 -6.54822
4.56853 -6.70051
4.26396 -6.70051
4.11168 -6.85279
3.95939 -7.00508
3.65482 -7.00508
3.50254 -7.15736
3.19797 -7.15736
3.04569 -7.30964
2.8934 -7.30964
2.58883 -7.46193
2.43655 -7.46193
2.13198 -7.61421
1.9797 -7.61421
1.67513 -7.61421
1.52284 -7.61421
1.21827 -7.7665
1.06599 -7.7665
0.761421 -7.7665
0.609137 -7.7665
0.304569 -7.7665
0.152284 -7.7665
-0.152284 -7.7665
-0.304569 -7.7665
-0.609137 -7.7665
-0.761421 -7.7665
-1.06599 -7.7665
-1.21827 -7.7665
-1.52284 -7.7665
-1.67513 -7.7665
-1.9797 -7.61421
-2.13198 -7.61421
-2.43655 -7.61421
-2.58883 -7.61421
-2.74112 -7.46193
-3.04569 -7.46193
-3.19797 -7.30964
-3.50254 -7.30964
-3.65482 -7.30964
-3.80711 -7.15736
-4.11168 -7.15736
-4.26396 -7.00508
-4.56853 -7.00508
-4.72081 -6.85279
-4.8731 -6.70051
-5.02538 -6.70051
-5.32995 -6.54822
-5.48223 -6.54822
-5.63452 -6.39594
-5.7868 -6.24365
-6.09137 -6.09137
-6.24365 -6.09137
-6.39594 -5.93909
-6.54822 -5.7868
-6.70051 -5.63452
-7.00508 -5.48223
-7.15736 -5.32995
-7.30964 -5.32995
-7.46193 -5.17766
-7.61421 -5.02538
-7.7665 -4.8731
-7.91878 -4.72081
-8.07107 -4.56853
-8.22335 -4.41624
-8.37563 -4.26396
-8.52792 -4.11168
-8.6802 -3.95939
-8.6802 -3.80711
-8.83249 -3.65482
-8.98477 -3.50254
-9.13706 -3.35025
-9.28934 -3.04569
-9.28934 -2.8934
-9.44162 -2.74112
-9.59391 -2.58883
-9.59391 -2.43655
-9.74619 -2.28426
-9.89848 -2.13198
-9.89848 -1.82741
-10.0508 -1.67513
-10.0508 -1.52284
-10.203 -1.37056
-10.203 -1.21827
-10.3553 -0.913706
-10.3553 -0.761421
-10.5076 -0.609137
-10.5076 -0.456853
-10.6599 -0.304569
-10.6599 0
-10.6599 0.152284
-10.8122 0.304569
-10.8122 0.456853
-10.8122 0.609137
-10.9645 0.913706
-10.9645 1.06599
-10.9645 1.21827
-11.1168 1.37056
-11.1168 1.52284
-11.1168 1.82741
-11.1168 1.9797
-11.1168 2.13198
-11.269 2.28426
-11.269 2.43655
-11.269 2.58883
-11.269 2.8934
-11.4213 3.04569
-11.4213 3.19797
-11.4213 3.35025
-11.4213 3.50254
-11.4213 3.65482
-11.5736 3.95939
-11.5736 4.11168
-11.5736 4.26396
-11.5736 4.41624
-11.5736 4.56853
-11.7259 4.72081
-11.7259 5.02538
-11.7259 5.17766
-11.7259 5.32995
-11.7259 5.48223
-11.7259 5.63452
-11.7259 5.93909
-11.7259 6.09137
-11.7259 6.24365
-11.7259 6.39594
-11.8782 6.70051
-11.8782 6.85279
-11.7259 7.00508
-11.7259 7.15736
-11.7259 7.46193
-11.7259 7.61421
-11.7259 7.7665
-11.7259 7.91878
-11.7259 8.22335
-11.7259 8.37563
-11.5736 8.52792
-11.5736 8.6802
-11.5736 8.83249
-11.5736 9.13706
-11.4213 9.28934
-11.4213 9.44162
-11.4213 9.59391
-11.269 9.89848
-11.269 10.0508
-11.1168 10.203
-11.1168 10.3553
-11.1168 10.6599
-10.9645 10.8122
-10.9645 10.9645
-10.8122 11.1168
-10.8122 11.269
-10.6599 11.5736
-10.6599 11.7259
-10.5076 11.8782
-10.5076 12.0305
-10.3553 12.335
-10.3553 12.4873
-10.203 12.6396
-10.0508 12.7919
-10.0508 13.0964
-9.89848 13.2487
-9.74619 13.401
-9.74619 13.5533
-9.59391 13.8579
-9.44162 14.0102
-9.28934 14.1624
-9.28934 14.3147
-9.13706 14.467
-8.98477 14.7716
-8.83249 14.9239
-8.6802 15.0761
-8.52792 15.2284
-8.37563 15.3807
-8.22335 15.533
-8.07107 15.6853
-7.91878 15.8376
-7.7665 15.9898
-7.61421 16.1421
-7.46193 16.2944
-7.30964 16.4467
-7.00508 16.599
-6.85279 16.599
-6.70051 16.7513
-6.54822 16.9036
-6.24365 17.0558
-6.09137 17.0558
-5.93909 17.2081
-5.63452 17.2081
-5.48223 17.3604
-5.17766 17.3604
-5.02538 17.5127
-4.8731 17.5127
-4.56853 17.665
-4.41624 17.665
-4.11168 17.665
-3.95939 17.665
-3.65482 17.8173
-3.50254 17.8173
-3.19797 17.8173
-3.04569 17.8173
-2.74112 17.8173
-2.58883 17.8173
-2.28426 17.8173
-2.13198 17.8173
-1.9797 17.8173
-1.67513 17.8173
-1.52284 17.665
-1.21827 17.665
-1.06599 17.665
-0.761421 17.665
-0.609137 17.5127
-0.456853 17.5127
-0.152284 17.5127
0 17.3604
0.304569 17.3604
0.456853 17.2081
0.609137 17.2081
0.913706 17.2081
1.06599 17.0558
1.21827 17.0558
1.52284 16.9036
1.67513 16.9036
1.82741 16.7513
2.13198 16.7513
2.28426 16.7513
2.43655 16.599
2.74112 16.599
2.8934 16.4467
3.04569 16.4467
3.19797 16.2944
3.50254 16.2944
3.65482 16.1421
3.80711 16.1421
4.11168 16.1421
4.26396 15.9898
4.41624 15.9898
4.72081 15.8376
4.8731 15.6853
5.02538 15.6853
5.32995 15.533
5.48223 15.533
5.63452 15.3807
5.7868 15.2284
5.93909 15.0761
6.24365 15.0761
6.39594 14.9239
6.54822 14.7716
6.70051 14.6193
6.85279 14.467
7.00508 14.3147
7.15736 14.1624
7.30964 14.0102
7.46193 13.8579
7.61421 13.7056
7.7665 13.5533
7.7665 13.401
7.91878 13.0964
8.07107 12.9442
8.07107 12.7919
8.22335 12.6396
8.37563 12.335
8.37563 12.1827
8.52792 12.0305
8.52792 11.7259
8.6802 11.5736
8.6802 11.4213
8.6802 11.1168
8.83249 10.9645
8.83249 10.6599
8.83249 10.5076
8.83249 10.3553
8.83249 10.0508
8.98477 9.89848
8.98477 9.74619
8.98477 9.44162
8.98477 9.28934
8.98477 9.13706
8.98477 8.83249
8.98477 8.6802
8.98477 8.52792
8.98477 8.22335
8.98477 8.07107
8.98477 7.91878
8.98477 7.7665
8.98477 7.46193
8.98477 7.30964
8.98477 7.15736
8.98477 7.00508
9.13706 6.85279
9.13706 6.54822
9.13706 6.39594
9.13706 6.24365
9.13706 6.09137
9.28934 5.93909
9.28934 5.63452
9.28934 5.48223
9.28934 5.32995
