9.13706 5.17766
9.13706 5.02538
9.13706 4.8731
9.13706 4.56853
9.28934 4.41624
9.28934 4.26396
9.28934 4.11168
9.28934 3.80711
9.28934 3.65482
9.13706 3.50254
9.13706 3.35025
9.13706 3.04569
9.13706 2.8934
9.13706 2.74112
8.98477 2.58883
8.98477 2.43655
8.98477 2.13198
8.98477 1.9797
8.83249 1.82741
8.83249 1.67513
8.83249 1.52284
8.6802 1.21827
8.6802 1.06599
8.6802 0.913706
8.52792 0.761421
8.52792 0.609137
8.52792 0.304569
8.37563 0.152284
8.37563 0
8.37563 -0.304569
8.22335 -0.456853
8.22335 -0.609137
8.22335 -0.761421
8.22335 -1.06599
8.07107 -1.21827
8.07107 -1.52284
7.91878 -1.67513
7.91878 -1.82741
7.91878 -2.13198
7.7665 -2.28426
7.7665 -2.43655
7.61421 -2.74112
7.61421 -2.8934
7.46193 -3.04569
7.30964 -3.35025
7.30964 -3.50254
7.15736 -3.65482
7.00508 -3.95939
7.00508 -4.11168
6.85279 -4.26396
6.70051 -4.56853
6.54822 -4.72081
6.39594 -4.8731
6.24365 -5.02538
6.09137 -5.17766
5.93909 -5.32995
5.7868 -5.48223
5.63452 -5.63452
5.48223 -5.7868
5.32995 -5.93909
5.17766 -6.09137
4.8731 -6.24365
4.72081 -6.39594
4.56853 -6.54822
4.41624 -6.70051
4.11168 -6.70051
3.95939 -6.85279
3.80711 -7.00508
3.50254 -7.00508
3.35025 -7.15736
3.04569 -7.15736
2.8934 -7.30964
2.74112 -7.30964
2.43655 -7.46193
2.28426 -7.46193
1.9797 -7.61421
1.82741 -7.61421
1.52284 -7.61421
1.37056 -7.61421
1.06599 -7.7665
0.913706 -7.7665
0.609137 -7.7665
0.456853 -7.7665
0.152284 -7.7665
0 -7.7665
-0.304569 -7.7665
-0.456853 -7.7665
-0.761421 -7.7665
-0.913706 -7.7665
-1.21827 -7.7665
-1.37056 -7.7665
-1.67513 -7.7665
-1.82741 -7.61421
-2.13198 -7.61421
-2.28426 -7.61421
-2.58883 -7.61421
-2.74112 -7.46193
-2.8934 -7.46193
-3.19797 -7.46193
-3.35025 -7.30964
-3.65482 -7.30964
-3.80711 -7.15736
-3.95939 -7.15736
-4.26396 -7.15736
-4.41624 -7.00508
-4.72081 -7.00508
-4.8731 -6.85279
-5.02538 -6.70051
-5.32995 -6.70051
-5.48223 -6.54822
-5.63452 -6.54822
-5.7868 -6.39594
-6.09137 -6.24365
-6.24365 -6.24365
-6.39594 -6.09137
-6.54822 -5.93909
-6.70051 -5.7868
-7.00508 -5.63452
-7.15736 -5.63452
-7.30964 -5.48223
-7.46193 -5.32995
-7.61421 -5.17766
-7.7665 -5.02538
-7.91878 -4.8731
-8.07107 -4.72081
-8.22335 -4.56853
-8.37563 -4.41624
-8.52792 -4.26396
-8.6802 -4.11168
-8.83249 -3.95939
-8.98477 -3.80711
-8.98477 -3.65482
-9.13706 -3.50254
-9.28934 -3.19797
-9.44162 -3.04569
-9.44162 -2.8934
-9.59391 -2.74112
-9.74619 -2.58883
-9.74619 -2.43655
-9.89848 -2.28426
-10.0508 -1.9797
-10.0508 -1.82741
-10.203 -1.67513
-10.203 -1.52284
-10.3553 -1.37056
-10.5076 -1.21827
-10.5076 -0.913706
-10.6599 -0.761421
-10.6599 -0.609137
-10.6599 -0.456853
-10.8122 -0.304569
-10.8122 0
-10.9645 0.152284
-10.9645 0.304569
-11.1168 0.456853
-11.1168 0.609137
-11.1168 0.761421
-11.269 1.06599
-11.269 1.21827
-11.269 1.37056
-11.4213 1.52284
-11.4213 1.67513
-11.4213 1.82741
-11.5736 2.13198
-11.5736 2.28426
-11.5736 2.43655
-11.5736 2.58883
-11.7259 2.74112
-11.7259 3.04569
-11.7259 3.19797
-11.7259 3.35025
-11.8782 3.50254
-11.8782 3.65482
-11.8782 3.95939
-11.8782 4.11168
-11.8782 4.26396
-11.8782 4.41624
-12.0305 4.56853
-12.0305 4.8731
-12.0305 5.02538
-12.0305 5.17766
-12.0305 5.32995
-12.0305 5.48223
-12.0305 5.7868
-12.0305 5.93909
-12.0305 6.09137
-12.0305 6.24365
-12.0305 6.54822
-12.0305 6.70051
-12.0305 6.85279
-12.0305 7.00508
-12.0305 7.30964
-12.0305 7.46193
-12.0305 7.61421
-12.0305 7.7665
-11.8782 7.91878
-11.8782 8.22335
-11.8782 8.37563
-11.8782 8.52792
-11.8782 8.6802
-11.7259 8.98477
-11.7259 9.13706
-11.7259 9.28934
-11.5736 9.44162
-11.5736 9.74619
-11.5736 9.89848
-11.4213 10.0508
-11.4213 10.203
-11.4213 10.5076
-11.269 10.6599
-11.269 10.8122
-11.1168 10.9645
-11.1168 11.269
-10.9645 11.4213
-10.9645 11.5736
-10.9645 11.8782
-10.8122 12.0305
-10.8122 12.1827
-10.6599 12.4873
-10.6599 12.6396
-10.5076 12.7919
-10.5076 13.0964
-10.3553 13.2487
-10.203 13.401
-10.203 13.7056
-10.0508 13.8579
-10.0508 14.0102
-9.89848 14.3147
-9.74619 14.467
-9.59391 14.6193
-9.59391 14.7716
-9.44162 15.0761
-9.28934 15.2284
-9.13706 15.3807
-8.98477 15.533
-8.83249 15.8376
-8.6802 15.9898
-8.52792 16.1421
-8.37563 16.2944
-8.22335 16.4467
-7.91878 16.599
-7.7665 16.7513
-7.61421 16.7513
-7.46193 16.9036
-7.15736 17.0558
-7.00508 17.2081
-6.85279 17.2081
-6.54822 17.3604
-6.39594 17.3604
-6.09137 17.5127
-5.93909 17.5127
-5.63452 17.665
-5.48223 17.665
-5.17766 17.665
-5.02538 17.665
-4.72081 17.8173
-4.56853 17.8173
-4.26396 17.8173
-4.11168 17.8173
-3.80711 17.8173
-3.65482 17.8173
-3.35025 17.8173
-3.19797 17.8173
-2.8934 17.8173
-2.74112 17.8173
-2.43655 17.8173
-2.28426 17.8173
-2.13198 17.665
-1.82741 17.665
-1.67513 17.665
-1.37056 17.665
-1.21827 17.665
-0.913706 17.5127
-0.761421 17.5127
-0.609137 17.5127
-0.304569 17.3604
-0.152284 17.3604
0.152284 17.3604
0.304569 17.2081
0.456853 17.2081
0.761421 17.2081
0.913706 17.0558
1.06599 17.0558
1.37056 16.9036
1.52284 16.9036
1.67513 16.9036
1.9797 16.7513
2.13198 16.7513
2.28426 16.599
2.58883 16.599
2.74112 16.4467
2.8934 16.4467
3.04569 16.4467
3.35025 16.2944
3.50254 16.2944
3.65482 16.1421
3.95939 16.1421
4.11168 15.9898
4.26396 15.9898
4.56853 15.8376
4.72081 15.6853
4.8731 15.6853
5.02538 15.533
5.32995 15.3807
5.48223 15.3807
5.63452 15.2284
5.7868 15.0761
5.93909 14.9239
6.09137 14.9239
6.39594 14.7716
6.54822 14.6193
6.70051 14.467
6.85279 14.3147
7.00508 14.1624
7.15736 14.0102
7.15736 13.8579
7.30964 13.5533
7.46193 13.401
7.61421 13.2487
7.7665 13.0964
7.7665 12.9442
7.91878 12.6396
8.07107 12.4873
8.07107 12.335
8.22335 12.1827
8.22335 11.8782
8.37563 11.7259
8.37563 11.5736
8.37563 11.269
8.52792 11.1168
8.52792 10.9645
8.52792 10.6599
8.6802 10.5076
8.6802 10.3553
8.6802 10.0508
8.6802 9.89848
8.6802 9.74619
8.6802 9.44162
8.6802 9.28934
8.6802 8.98477
8.6802 8.83249
8.6802 8.6802
8.6802 8.52792
8.6802 8.22335
8.6802 8.07107
8.6802 7.91878
8.6802 7.7665
8.6802 7.46193
8.6802 7.30964
8.6802 7.15736
8.6802 7.00508
8.6802 6.85279
8.83249 6.54822
8.83249 6.39594
8.83249 6.24365
8.83249 6.09137
8.83249 5.93909
8.98477 5.7868
8.98477 5.48223
9.13706 5.32995
