8.22335 5.32995
8.37563 5.17766
8.37563 4.8731
8.37563 4.72081
8.52792 4.56853
8.52792 4.41624
8.52792 4.11168
8.52792 3.95939
8.52792 3.80711
8.52792 3.65482
8.52792 3.35025
8.52792 3.19797
8.52792 3.04569
8.52792 2.8934
8.52792 2.58883
8.37563 2.43655
8.37563 2.28426
8.37563 2.13198
8.37563 1.82741
8.37563 1.67513
8.22335 1.52284
8.22335 1.21827
8.22335 1.06599
8.07107 0.913706
8.07107 0.761421
8.07107 0.456853
7.91878 0.304569
7.91878 0.152284
7.91878 -0.152284
7.91878 -0.304569
7.7665 -0.456853
7.7665 -0.761421
7.7665 -0.913706
7.61421 -1.06599
7.61421 -1.37056
7.46193 -1.52284
7.46193 -1.82741
7.46193 -1.9797
7.30964 -2.13198
7.30964 -2.43655
7.15736 -2.58883
7.15736 -2.74112
7.00508 -3.04569
6.85279 -3.19797
6.85279 -3.50254
6.70051 -3.65482
6.54822 -3.80711
6.39594 -3.95939
6.39594 -4.26396
6.24365 -4.41624
6.09137 -4.56853
5.93909 -4.72081
5.7868 -5.02538
5.63452 -5.17766
5.48223 -5.32995
5.32995 -5.48223
5.17766 -5.63452
4.8731 -5.7868
4.72081 -5.93909
4.56853 -6.09137
4.41624 -6.24365
4.26396 -6.24365
3.95939 -6.39594
3.80711 -6.54822
3.65482 -6.70051
3.35025 -6.85279
3.19797 -6.85279
2.8934 -7.00508
2.74112 -7.00508
2.58883 -7.15736
2.28426 -7.15736
2.13198 -7.30964
1.82741 -7.30964
1.67513 -7.46193
1.37056 -7.46193
1.21827 -7.46193
0.913706 -7.61421
0.761421 -7.61421
0.456853 -7.61421
0.304569 -7.61421
0 -7.61421
-0.152284 -7.7665
-0.456853 -7.7665
-0.609137 -7.7665
-0.913706 -7.7665
-1.06599 -7.7665
-1.37056 -7.7665
-1.52284 -7.61421
-1.82741 -7.61421
-1.9797 -7.61421
-2.28426 -7.61421
-2.43655 -7.61421
-2.74112 -7.61421
-2.8934 -7.46193
-3.19797 -7.46193
-3.35025 -7.46193
-3.65482 -7.30964
-3.80711 -7.30964
-3.95939 -7.30964
-4.26396 -7.15736
-4.41624 -7.15736
-4.72081 -7.00508
-4.8731 -7.00508
-5.02538 -6.85279
-5.32995 -6.85279
-5.48223 -6.70051
-5.63452 -6.70051
-5.93909 -6.54822
-6.09137 -6.39594
-6.24365 -6.39594
-6.39594 -6.24365
-6.70051 -6.09137
-6.85279 -6.09137
-7.00508 -5.93909
-7.15736 -5.7868
-7.46193 -5.7868
-7.61421 -5.63452
-7.7665 -5.48223
-7.91878 -5.32995
-8.07107 -5.17766
-8.22335 -5.17766
-8.37563 -5.02538
-8.6802 -4.8731
-8.83249 -4.72081
-8.98477 -4.56853
-9.13706 -4.41624
-9.28934 -4.26396
-9.44162 -4.11168
-9.59391 -3.95939
-9.74619 -3.80711
-9.89848 -3.65482
-9.89848 -3.50254
-10.0508 -3.35025
-10.203 -3.19797
-10.3553 -3.04569
-10.5076 -2.8934
-10.6599 -2.74112
-10.6599 -2.58883
-10.8122 -2.43655
-10.9645 -2.28426
-11.1168 -2.13198
-11.1168 -1.82741
-11.269 -1.67513
-11.4213 -1.52284
-11.4213 -1.37056
-11.5736 -1.21827
-11.5736 -0.913706
-11.7259 -0.761421
-11.7259 -0.609137
-11.8782 -0.456853
-11.8782 -0.304569
-11.8782 0
-12.0305 0.152284
-12.0305 0.304569
-12.0305 0.456853
-12.1827 0.761421
-12.1827 0.913706
-12.1827 1.06599
-12.335 1.21827
-12.335 1.52284
-12.335 1.67513
-12.335 1.82741
-12.335 1.9797
-12.4873 2.13198
-12.4873 2.43655
-12.4873 2.58883
-12.4873 2.74112
-12.4873 2.8934
-12.4873 3.19797
-12.6396 3.35025
-12.6396 3.50254
-12.6396 3.65482
-12.6396 3.80711
-12.6396 3.95939
-12.6396 4.26396
-12.7919 4.41624
-12.7919 4.56853
-12.7919 4.72081
-12.7919 4.8731
-12.7919 5.17766
-12.7919 5.32995
-12.7919 5.48223
-12.7919 5.63452
-12.9442 5.93909
-12.9442 6.09137
-12.9442 6.24365
-12.9442 6.39594
-12.9442 6.54822
-12.9442 6.85279
-12.9442 7.00508
-12.9442 7.15736
-12.9442 7.30964
-12.9442 7.61421
-12.9442 7.7665
-12.9442 7.91878
-12.9442 8.22335
-12.7919 8.37563
-12.7919 8.52792
-12.7919 8.6802
-12.7919 8.98477
-12.7919 9.13706
-12.7919 9.28934
-12.6396 9.59391
-12.6396 9.74619
-12.6396 9.89848
-12.6396 10.203
-12.4873 10.3553
-12.4873 10.5076
-12.4873 10.8122
-12.4873 10.9645
-12.335 11.1168
-12.335 11.4213
-12.1827 11.5736
-12.1827 11.7259
-12.1827 12.0305
-12.0305 12.1827
-12.0305 12.335
-11.8782 12.6396
-11.8782 12.7919
-11.7259 13.0964
-11.7259 13.2487
-11.5736 13.401
-11.5736 13.7056
-11.4213 13.8579
-11.4213 14.1624
-11.269 14.3147
-11.1168 14.467
-11.1168 14.7716
-10.9645 14.9239
-10.8122 15.0761
-10.6599 15.3807
-10.5076 15.533
-10.3553 15.6853
-10.203 15.9898
-10.0508 16.1421
-9.89848 16.2944
-9.74619 16.4467
-9.59391 16.599
-9.44162 16.7513
-9.28934 16.9036
-8.98477 17.0558
-8.83249 17.2081
-8.6802 17.2081
-8.37563 17.3604
-8.22335 17.5127
-7.91878 17.5127
-7.7665 17.665
-7.46193 17.665
-7.30964 17.8173
-7.00508 17.8173
-6.85279 17.8173
-6.54822 17.9695
-6.39594 17.9695
-6.09137 17.9695
-5.93909 17.9695
-5.63452 17.9695
-5.48223 17.9695
-5.17766 17.9695
-5.02538 17.9695
-4.72081 17.9695
-4.41624 17.9695
-4.26396 17.9695
-3.95939 17.9695
-3.80711 17.8173
-3.50254 17.8173
-3.35025 17.8173
-3.19797 17.8173
-2.8934 17.665
-2.74112 17.665
-2.43655 17.665
-2.28426 17.665
-1.9797 17.5127
-1.82741 17.5127
-1.67513 17.5127
-1.37056 17.3604
-1.21827 17.3604
-1.06599 17.2081
-0.761421 17.2081
-0.609137 17.2081
-0.456853 17.0558
-0.152284 17.0558
0 16.9036
0.152284 16.9036
0.456853 16.9036
0.609137 16.7513
0.761421 16.7513
0.913706 16.599
1.21827 16.599
1.37056 16.4467
1.52284 16.4467
1.67513 16.2944
1.9797 16.2944
2.13198 16.1421
2.28426 16.1421
2.43655 15.9898
2.74112 15.9898
2.8934 15.8376
3.04569 15.6853
3.19797 15.6853
3.35025 15.533
3.65482 15.533
3.80711 15.3807
3.95939 15.2284
4.11168 15.2284
4.26396 15.0761
4.56853 14.9239
4.72081 14.7716
4.8731 14.7716
5.02538 14.6193
5.17766 14.467
5.32995 14.3147
5.48223 14.1624
5.63452 14.1624
5.7868 14.0102
5.93909 13.8579
6.09137 13.7056
6.24365 13.5533
6.39594 13.401
6.54822 13.2487
6.70051 13.0964
6.85279 12.9442
6.85279 12.7919
7.00508 12.4873
7.15736 12.335
7.30964 12.1827
7.30964 12.0305
7.46193 11.8782
7.46193 11.7259
7.61421 11.4213
7.7665 11.269
7.7665 11.1168
7.91878 10.9645
7.91878 10.6599
7.91878 10.5076
8.07107 10.3553
8.07107 10.0508
8.07107 9.89848
8.07107 9.74619
8.07107 9.44162
8.22335 9.28934
8.22335 9.13706
8.22335 8.83249
8.22335 8.6802
8.22335 8.52792
8.22335 8.37563
8.22335 8.07107
8.22335 7.91878
8.22335 7.7665
8.22335 7.46193
8.07107 7.30964
8.07107 7.15736
8.07107 7.00508
8.07107 6.70051
8.07107 6.54822
8.07107 6.39594
8.22335 6.24365
8.22335 6.09137
8.22335 5.7868
8.22335 5.63452
8.22335 5.48223
