7.91878 5.17766
8.07107 5.02538
8.07107 4.8731
8.22335 4.56853
8.22335 4.41624
8.22335 4.26396
8.37563 4.11168
8.37563 3.80711
8.37563 3.65482
8.37563 3.50254
8.37563 3.35025
8.37563 3.04569
8.37563 2.8934
8.22335 2.74112
8.22335 2.43655
8.22335 2.28426
8.22335 2.13198
8.22335 1.9797
8.07107 1.67513
8.07107 1.52284
8.07107 1.37056
7.91878 1.21827
7.91878 0.913706
7.91878 0.761421
7.7665 0.609137
7.7665 0.456853
7.7665 0.152284
7.7665 0
7.61421 -0.152284
7.61421 -0.456853
7.61421 -0.609137
7.46193 -0.761421
7.46193 -1.06599
7.46193 -1.21827
7.30964 -1.52284
7.30964 -1.67513
7.30964 -1.82741
7.15736 -2.13198
7.15736 -2.28426
7.00508 -2.58883
7.00508 -2.74112
6.85279 -2.8934
6.85279 -3.19797
6.70051 -3.35025
6.54822 -3.65482
6.54822 -3.80711
6.39594 -3.95939
6.24365 -4.26396
6.09137 -4.41624
5.93909 -4.56853
5.7868 -4.72081
5.63452 -4.8731
5.48223 -5.17766
5.32995 -5.32995
5.17766 -5.48223
5.02538 -5.63452
4.8731 -5.7868
4.72081 -5.93909
4.56853 -6.09137
4.26396 -6.24365
4.11168 -6.39594
3.95939 -6.39594
3.80711 -6.54822
3.50254 -6.70051
3.35025 -6.85279
3.19797 -6.85279
2.8934 -7.00508
2.74112 -7.00508
2.43655 -7.15736
2.28426 -7.30964
1.9797 -7.30964
1.82741 -7.30964
1.67513 -7.46193
1.37056 -7.46193
1.21827 -7.61421
0.913706 -7.61421
0.761421 -7.61421
0.456853 -7.61421
0.304569 -7.61421
0 -7.7665
-0.152284 -7.7665
-0.456853 -7.7665
-0.609137 -7.7665
-0.913706 -7.7665
-1.06599 -7.7665
-1.37056 -7.7665
-1.52284 -7.7665
-1.82741 -7.61421
-1.9797 -7.61421
-2.28426 -7.61421
-2.43655 -7.61421
-2.74112 -7.61421
-2.8934 -7.46193
-3.19797 -7.46193
-3.35025 -7.46193
-3.65482 -7.46193
-3.80711 -7.30964
-3.95939 -7.30964
-4.26396 -7.15736
-4.41624 -7.15736
-4.72081 -7.15736
-4.8731 -7.00508
-5.02538 -7.00508
-5.32995 -6.85279
-5.48223 -6.85279
-5.63452 -6.70051
-5.93909 -6.70051
-6.09137 -6.54822
-6.24365 -6.39594
-6.54822 -6.39594
-6.70051 -6.24365
-6.85279 -6.24365
-7.00508 -6.09137
-7.30964 -5.93909
-7.46193 -5.7868
-7.61421 -5.7868
-7.7665 -5.63452
-7.91878 -5.48223
-8.07107 -5.32995
-8.37563 -5.32995
-8.52792 -5.17766
-8.6802 -5.02538
-8.83249 -4.8731
-8.98477 -4.72081
-9.13706 -4.56853
-9.28934 -4.56853
-9.44162 -4.41624
-9.59391 -4.26396
-9.74619 -4.11168
-9.89848 -3.95939
-10.0508 -3.80711
-10.203 -3.65482
-10.3553 -3.50254
-10.3553 -3.35025
-10.5076 -3.19797
-10.6599 -3.04569
-10.8122 -2.74112
-10.9645 -2.58883
-10.9645 -2.43655
-11.1168 -2.28426
-11.269 -2.13198
-11.269 -1.9797
-11.4213 -1.82741
-11.4213 -1.52284
-11.5736 -1.37056
-11.7259 -1.21827
-11.7259 -1.06599
-11.8782 -0.913706
-11.8782 -0.609137
-11.8782 -0.456853
-12.0305 -0.304569
-12.0305 -0.152284
-12.1827 0.152284
-12.1827 0.304569
-12.1827 0.456853
-12.1827 0.609137
-12.335 0.761421
-12.335 1.06599
-12.335 1.21827
-12.335 1.37056
-12.4873 1.52284
-12.4873 1.82741
-12.4873 1.9797
-12.4873 2.13198
-12.4873 2.28426
-12.6396 2.43655
-12.6396 2.74112
-12.6396 2.8934
-12.6396 3.04569
-12.6396 3.19797
-12.7919 3.35025
-12.7919 3.50254
-12.7919 3.80711
-12.7919 3.95939
-12.7919 4.11168
-12.9442 4.26396
-12.9442 4.41624
-12.9442 4.56853
-12.9442 4.8731
-12.9442 5.02538
-13.0964 5.17766
-13.0964 5.32995
-13.0964 5.63452
-13.0964 5.7868
-13.0964 5.93909
-13.0964 6.09137
-13.2487 6.24365
-13.2487 6.54822
-13.2487 6.70051
-13.2487 6.85279
-13.2487 7.00508
-13.2487 7.30964
-13.2487 7.46193
-13.2487 7.61421
-13.2487 7.91878
-13.2487 8.07107
-13.0964 8.22335
-13.0964 8.37563
-13.0964 8.6802
-13.0964 8.83249
-13.0964 8.98477
-13.0964 9.28934
-12.9442 9.44162
-12.9442 9.59391
-12.9442 9.89848
-12.9442 10.0508
-12.7919 10.203
-12.7919 10.5076
-12.7919 10.6599
-12.6396 10.8122
-12.6396 11.1168
-12.6396 11.269
-12.4873 11.4213
-12.4873 11.7259
-12.4873 11.8782
-12.335 12.0305
-12.335 12.335
-12.1827 12.4873
-12.1827 12.7919
-12.0305 12.9442
-12.0305 13.0964
-11.8782 13.401
-11.8782 13.5533
-11.7259 13.8579
-11.7259 14.0102
-11.5736 14.3147
-11.4213 14.467
-11.4213 14.6193
-11.269 14.9239
-11.1168 15.0761
-10.9645 15.2284
-10.8122 15.533
-10.6599 15.6853
-10.5076 15.8376
-10.3553 16.1421
-10.203 16.2944
-10.0508 16.4467
-9.89848 16.599
-9.74619 16.7513
-9.59391 16.9036
-9.28934 17.0558
-9.13706 17.0558
-8.98477 17.2081
-8.6802 17.3604
-8.52792 17.5127
-8.22335 17.5127
-8.07107 17.665
-7.7665 17.665
-7.61421 17.665
-7.30964 17.8173
-7.15736 17.8173
-6.85279 17.8173
-6.54822 17.8173
-6.39594 17.8173
-6.09137 17.8173
-5.93909 17.8173
-5.63452 17.8173
-5.48223 17.8173
-5.17766 17.8173
-5.02538 17.8173
-4.72081 17.8173
-4.56853 17.8173
-4.26396 17.8173
-4.11168 17.665
-3.80711 17.665
-3.65482 17.665
-3.35025 17.665
-3.19797 17.5127
-2.8934 17.5127
-2.74112 17.5127
-2.43655 17.5127
-2.28426 17.3604
-2.13198 17.3604
-1.82741 17.3604
-1.67513 17.2081
-1.52284 17.2081
-1.21827 17.2081
-1.06599 17.0558
-0.761421 17.0558
-0.609137 17.0558
-0.456853 16.9036
-0.152284 16.9036
0 16.7513
0.152284 16.7513
0.304569 16.7513
0.609137 16.599
0.761421 16.599
0.913706 16.4467
1.21827 16.4467
1.37056 16.2944
1.52284 16.2944
1.67513 16.1421
1.9797 16.1421
2.13198 15.9898
2.28426 15.9898
2.43655 15.8376
2.58883 15.6853
2.8934 15.6853
3.04569 15.533
3.19797 15.533
3.35025 15.3807
3.50254 15.2284
3.80711 15.2284
3.95939 15.0761
4.11168 14.9239
4.26396 14.7716
4.41624 14.7716
4.56853 14.6193
4.72081 14.467
4.8731 14.3147
5.02538 14.1624
5.17766 14.0102
5.32995 13.8579
5.48223 13.7056
5.63452 13.7056
5.7868 13.5533
5.93909 13.401
6.09137 13.0964
6.24365 12.9442
6.24365 12.7919
6.39594 12.6396
6.54822 12.4873
6.70051 12.335
6.70051 12.1827
6.85279 12.0305
7.00508 11.8782
7.00508 11.5736
7.15736 11.4213
7.15736 11.269
7.30964 11.1168
7.30964 10.8122
7.46193 10.6599
7.46193 10.5076
7.61421 10.3553
7.61421 10.0508
7.61421 9.89848
7.7665 9.74619
7.7665 9.59391
7.7665 9.28934
7.7665 9.13706
7.7665 8.98477
7.7665 8.6802
7.7665 8.52792
7.91878 8.37563
7.91878 8.22335
7.91878 7.91878
7.91878 7.7665
7.91878 7.61421
7.91878 7.46193
7.91878 7.15736
7.91878 7.00508
7.91878 6.85279
7.91878 6.70051
7.91878 6.39594
7.91878 6.24365
7.91878 6.09137
7.91878 5.93909
7.91878 5.7868
7.91878 5.48223
7.91878 5.32995
