7.7665 5.32995
7.7665 5.17766
7.91878 5.02538
7.91878 4.72081
8.07107 4.56853
8.07107 4.41624
8.07107 4.26396
8.07107 4.11168
8.07107 3.80711
8.07107 3.65482
8.07107 3.50254
8.07107 3.19797
8.07107 3.04569
8.07107 2.8934
8.07107 2.74112
8.07107 2.43655
8.07107 2.28426
8.07107 2.13198
8.07107 1.9797
7.91878 1.67513
7.91878 1.52284
7.91878 1.37056
7.91878 1.06599
7.7665 0.913706
7.7665 0.761421
7.7665 0.456853
7.7665 0.304569
7.61421 0.152284
7.61421 -0.152284
7.61421 -0.304569
7.61421 -0.456853
7.46193 -0.761421
7.46193 -0.913706
7.46193 -1.06599
7.30964 -1.37056
7.30964 -1.52284
7.15736 -1.82741
7.15736 -1.9797
7.00508 -2.13198
7.00508 -2.43655
6.85279 -2.58883
6.85279 -2.8934
6.70051 -3.04569
6.70051 -3.19797
6.54822 -3.50254
6.39594 -3.65482
6.24365 -3.80711
6.24365 -4.11168
6.09137 -4.26396
5.93909 -4.41624
5.7868 -4.56853
5.63452 -4.8731
5.48223 -5.02538
5.32995 -5.17766
5.17766 -5.32995
5.02538 -5.48223
4.8731 -5.63452
4.72081 -5.7868
4.41624 -5.93909
4.26396 -6.09137
4.11168 -6.24365
3.95939 -6.39594
3.65482 -6.54822
3.50254 -6.70051
3.35025 -6.70051
3.04569 -6.85279
2.8934 -7.00508
2.74112 -7.15736
2.43655 -7.15736
2.28426 -7.30964
1.9797 -7.30964
1.82741 -7.46193
1.52284 -7.46193
1.37056 -7.61421
1.06599 -7.61421
0.913706 -7.61421
0.609137 -7.7665
0.456853 -7.7665
0.152284 -7.7665
0 -7.7665
-0.304569 -7.7665
-0.456853 -7.7665
-0.761421 -7.7665
-0.913706 -7.7665
-1.21827 -7.7665
-1.37056 -7.7665
-1.67513 -7.7665
-1.82741 -7.7665
-2.13198 -7.7665
-2.28426 -7.7665
-2.58883 -7.7665
-2.74112 -7.61421
-3.04569 -7.61421
-3.19797 -7.61421
-3.50254 -7.46193
-3.65482 -7.46193
-3.95939 -7.46193
-4.11168 -7.30964
-4.41624 -7.30964
-4.56853 -7.15736
-4.72081 -7.15736
-5.02538 -7.00508
-5.17766 -7.00508
-5.48223 -6.85279
-5.63452 -6.85279
-5.7868 -6.70051
-6.09137 -6.70051
-6.24365 -6.54822
-6.39594 -6.39594
-6.54822 -6.39594
-6.85279 -6.24365
-7.00508 -6.09137
-7.15736 -6.09137
-7.30964 -5.93909
-7.61421 -5.7868
-7.7665 -5.63452
-7.91878 -5.48223
-8.07107 -5.48223
-8.22335 -5.32995
-8.37563 -5.17766
-8.52792 -5.02538
-8.83249 -4.8731
-8.98477 -4.72081
-9.13706 -4.72081
-9.28934 -4.56853
-9.44162 -4.41624
-9.59391 -4.26396
-9.74619 -4.11168
-9.89848 -3.95939
-10.0508 -3.80711
-10.203 -3.65482
-10.203 -3.50254
-10.3553 -3.35025
-10.5076 -3.19797
-10.6599 -3.04569
-10.8122 -2.8934
-10.9645 -2.74112
-10.9645 -2.58883
-11.1168 -2.43655
-11.269 -2.13198
-11.4213 -1.9797
-11.4213 -1.82741
-11.5736 -1.67513
-11.7259 -1.52284
-11.7259 -1.37056
-11.8782 -1.06599
-11.8782 -0.913706
-12.0305 -0.761421
-12.0305 -0.609137
-12.1827 -0.304569
-12.1827 -0.152284
-12.1827 0
-12.335 0.152284
-12.335 0.304569
-12.335 0.609137
-12.4873 0.761421
-12.4873 0.913706
-12.4873 1.06599
-12.4873 1.37056
-12.6396 1.52284
-12.6396 1.67513
-12.6396 1.82741
-12.6396 2.13198
-12.7919 2.28426
-12.7919 2.43655
-12.7919 2.58883
-12.7919 2.74112
-12.7919 3.04569
-12.7919 3.19797
-12.9442 3.35025
-12.9442 3.50254
-12.9442 3.65482
-12.9442 3.95939
-12.9442 4.11168
-12.9442 4.26396
-13.0964 4.41624
-13.0964 4.56853
-13.0964 4.8731
-13.0964 5.02538
-13.0964 5.17766
-13.0964 5.32995
-13.2487 5.48223
-13.2487 5.7868
-13.2487 5.93909
-13.2487 6.09137
-13.2487 6.24365
-13.2487 6.39594
-13.2487 6.70051
-13.2487 6.85279
-13.2487 7.00508
-13.2487 7.30964
-13.2487 7.46193
-13.2487 7.61421
-13.2487 7.7665
-13.2487 8.07107
-13.2487 8.22335
-13.2487 8.37563
-13.2487 8.6802
-13.2487 8.83249
-13.2487 8.98477
-13.2487 9.13706
-13.0964 9.44162
-13.0964 9.59391
-13.0964 9.74619
-13.0964 10.0508
-13.0964 10.203
-12.9442 10.3553
-12.9442 10.6599
-12.9442 10.8122
-12.7919 10.9645
-12.7919 11.269
-12.7919 11.4213
-12.6396 11.7259
-12.6396 11.8782
-12.4873 12.0305
-12.4873 12.335
-12.4873 12.4873
-12.335 12.6396
-12.335 12.9442
-12.1827 13.0964
-12.1827 13.401
-12.0305 13.5533
-11.8782 13.7056
-11.8782 14.0102
-11.7259 14.1624
-11.5736 14.3147
-11.5736 14.6193
-11.4213 14.7716
-11.269 14.9239
-11.1168 15.2284
-10.9645 15.3807
-10.8122 15.533
-10.6599 15.6853
-10.5076 15.8376
-10.3553 16.1421
-10.203 16.2944
-10.0508 16.4467
-9.89848 16.599
-9.74619 16.7513
-9.44162 16.9036
-9.28934 16.9036
-9.13706 17.0558
-8.83249 17.2081
-8.6802 17.3604
-8.52792 17.3604
-8.22335 17.5127
-8.07107 17.5127
-7.7665 17.665
-7.61421 17.665
-7.30964 17.8173
-7.15736 17.8173
-6.85279 17.8173
-6.70051 17.8173
-6.39594 17.8173
-6.24365 17.9695
-5.93909 17.9695
-5.7868 17.9695
-5.48223 17.9695
-5.32995 17.9695
-5.02538 17.9695
-4.8731 17.9695
-4.56853 17.8173
-4.41624 17.8173
-4.11168 17.8173
-3.95939 17.8173
-3.65482 17.8173
-3.50254 17.665
-3.19797 17.665
-3.04569 17.665
-2.74112 17.665
-2.58883 17.5127
-2.43655 17.5127
-2.13198 17.5127
-1.9797 17.3604
-1.67513 17.3604
-1.52284 17.2081
-1.37056 17.2081
-1.06599 17.2081
-0.913706 17.0558
-0.761421 17.0558
-0.609137 16.9036
-0.304569 16.9036
-0.152284 16.7513
0 16.7513
0.304569 16.599
0.456853 16.599
0.609137 16.599
0.761421 16.4467
1.06599 16.4467
1.21827 16.2944
1.37056 16.1421
1.52284 16.1421
1.67513 15.9898
1.9797 15.9898
2.13198 15.8376
2.28426 15.8376
2.43655 15.6853
2.58883 15.6853
2.8934 15.533
3.04569 15.3807
3.19797 15.3807
3.35025 15.2284
3.50254 15.0761
3.65482 15.0761
3.80711 14.9239
4.11168 14.7716
4.26396 14.7716
4.41624 14.6193
4.56853 14.467
4.72081 14.3147
4.8731 14.1624
5.02538 14.0102
5.17766 14.0102
5.32995 13.8579
5.48223 13.7056
5.63452 13.5533
5.7868 13.401
5.7868 13.2487
5.93909 13.0964
6.09137 12.9442
6.24365 12.7919
6.39594 12.6396
6.39594 12.4873
6.54822 12.1827
6.70051 12.0305
6.70051 11.8782
6.85279 11.7259
7.00508 11.5736
7.00508 11.4213
7.15736 11.1168
7.15736 10.9645
7.30964 10.8122
7.30964 10.6599
7.30964 10.3553
7.46193 10.203
7.46193 10.0508
7.46193 9.89848
7.61421 9.59391
7.61421 9.44162
7.61421 9.28934
7.61421 8.98477
7.61421 8.83249
7.61421 8.6802
7.61421 8.52792
7.61421 8.22335
7.61421 8.07107
7.61421 7.91878
7.61421 7.7665
7.61421 7.46193
7.61421 7.30964
7.61421 7.15736
7.61421 7.00508
7.61421 6.85279
7.61421 6.54822
7.61421 6.39594
7.61421 6.24365
7.7665 6.09137
7.7665 5.93909
7.7665 5.63452
7.7665 5.48223
