7.7665 5.17766
7.7665 5.02538
7.7665 4.8731
7.91878 4.56853
7.91878 4.41624
7.91878 4.26396
7.91878 4.11168
7.91878 3.80711
7.91878 3.65482
7.91878 3.50254
7.91878 3.35025
7.91878 3.04569
7.91878 2.8934
7.91878 2.74112
7.91878 2.43655
7.91878 2.28426
7.91878 2.13198
7.7665 1.9797
7.7665 1.67513
7.7665 1.52284
7.7665 1.37056
7.7665 1.06599
7.61421 0.913706
7.61421 0.761421
7.61421 0.456853
7.61421 0.304569
7.61421 0.152284
7.46193 -0.152284
7.46193 -0.304569
7.46193 -0.456853
7.30964 -0.761421
7.30964 -0.913706
7.30964 -1.21827
7.15736 -1.37056
7.15736 -1.52284
7.15736 -1.82741
7.00508 -1.9797
7.00508 -2.28426
6.85279 -2.43655
6.85279 -2.58883
6.70051 -2.8934
6.54822 -3.04569
6.54822 -3.35025
6.39594 -3.50254
6.24365 -3.65482
6.24365 -3.95939
6.09137 -4.11168
5.93909 -4.26396
5.7868 -4.41624
5.63452 -4.72081
5.48223 -4.8731
5.32995 -5.02538
5.17766 -5.17766
5.02538 -5.32995
4.8731 -5.48223
4.72081 -5.63452
4.56853 -5.93909
4.41624 -6.09137
4.26396 -6.09137
3.95939 -6.24365
3.80711 -6.39594
3.65482 -6.54822
3.50254 -6.70051
3.19797 -6.85279
3.04569 -7.00508
2.74112 -7.00508
2.58883 -7.15736
2.43655 -7.30964
2.13198 -7.30964
1.9797 -7.46193
1.67513 -7.46193
1.52284 -7.61421
1.21827 -7.61421
1.06599 -7.61421
0.761421 -7.7665
0.609137 -7.7665
0.304569 -7.7665
0.152284 -7.7665
-0.152284 -7.91878
-0.304569 -7.91878
-0.609137 -7.91878
-0.761421 -7.91878
-1.06599 -7.91878
-1.21827 -7.91878
-1.52284 -7.91878
-1.67513 -7.91878
-1.9797 -7.91878
-2.28426 -7.7665
-2.43655 -7.7665
-2.58883 -7.7665
-2.8934 -7.7665
-3.04569 -7.61421
-3.35025 -7.61421
-3.50254 -7.61421
-3.80711 -7.46193
-3.95939 -7.46193
-4.26396 -7.46193
-4.41624 -7.30964
-4.56853 -7.30964
-4.8731 -7.15736
-5.02538 -7.15736
-5.32995 -7.00508
-5.48223 -7.00508
-5.63452 -6.85279
-5.93909 -6.85279
-6.09137 -6.70051
-6.24365 -6.54822
-6.39594 -6.54822
-6.70051 -6.39594
-6.85279 -6.24365
-7.00508 -6.24365
-7.15736 -6.09137
-7.46193 -5.93909
-7.61421 -5.93909
-7.7665 -5.7868
-7.91878 -5.63452
-8.07107 -5.48223
-8.22335 -5.48223
-8.52792 -5.32995
-8.6802 -5.17766
-8.83249 -5.02538
-8.98477 -4.8731
-9.13706 -4.72081
-9.28934 -4.72081
-9.44162 -4.56853
-9.59391 -4.41624
-9.74619 -4.26396
-9.89848 -4.11168
-10.0508 -3.95939
-10.203 -3.80711
-10.3553 -3.65482
-10.5076 -3.50254
-10.5076 -3.35025
-10.6599 -3.19797
-10.8122 -3.04569
-10.9645 -2.8934
-11.1168 -2.74112
-11.269 -2.58883
-11.269 -2.43655
-11.4213 -2.28426
-11.5736 -1.9797
-11.5736 -1.82741
-11.7259 -1.67513
-11.8782 -1.52284
-11.8782 -1.37056
-12.0305 -1.21827
-12.0305 -1.06599
-12.1827 -0.761421
-12.1827 -0.609137
-12.335 -0.456853
-12.335 -0.304569
-12.335 -0.152284
-12.4873 0.152284
-12.4873 0.304569
-12.4873 0.456853
-12.6396 0.609137
-12.6396 0.913706
-12.6396 1.06599
-12.7919 1.21827
-12.7919 1.37056
-12.7919 1.52284
-12.7919 1.82741
-12.9442 1.9797
-12.9442 2.13198
-12.9442 2.28426
-12.9442 2.43655
-12.9442 2.74112
-13.0964 2.8934
-13.0964 3.04569
-13.0964 3.19797
-13.0964 3.35025
-13.0964 3.50254
-13.2487 3.80711
-13.2487 3.95939
-13.2487 4.11168
-13.2487 4.26396
-13.2487 4.41624
-13.401 4.56853
-13.401 4.8731
-13.401 5.02538
-13.401 5.17766
-13.401 5.32995
-13.401 5.63452
-13.5533 5.7868
-13.5533 5.93909
-13.5533 6.09137
-13.5533 6.24365
-13.5533 6.54822
-13.5533 6.70051
-13.5533 6.85279
-13.5533 7.00508
-13.5533 7.30964
-13.5533 7.46193
-13.5533 7.61421
-13.5533 7.91878
-13.5533 8.07107
-13.5533 8.22335
-13.5533 8.37563
-13.5533 8.6802
-13.5533 8.83249
-13.5533 8.98477
-13.401 9.28934
-13.401 9.44162
-13.401 9.59391
-13.401 9.89848
-13.401 10.0508
-13.2487 10.203
-13.2487 10.5076
-13.2487 10.6599
-13.0964 10.8122
-13.0964 11.1168
-13.0964 11.269
-12.9442 11.5736
-12.9442 11.7259
-12.9442 11.8782
-12.7919 12.1827
-12.7919 12.335
-12.6396 12.4873
-12.6396 12.7919
-12.4873 12.9442
-12.4873 13.2487
-12.335 13.401
-12.335 13.7056
-12.1827 13.8579
-12.0305 14.0102
-12.0305 14.3147
-11.8782 14.467
-11.7259 14.6193
-11.5736 14.9239
-11.4213 15.0761
-11.4213 15.2284
-11.269 15.533
-11.1168 15.6853
-10.9645 15.8376
-10.8122 15.9898
-10.6599 16.1421
-10.3553 16.2944
-10.203 16.4467
-10.0508 16.599
-9.89848 16.7513
-9.59391 16.9036
-9.44162 17.0558
-9.28934 17.2081
-8.98477 17.2081
-8.83249 17.3604
-8.52792 17.3604
-8.37563 17.5127
-8.07107 17.5127
-7.91878 17.665
-7.61421 17.665
-7.46193 17.665
-7.15736 17.665
-7.00508 17.665
-6.70051 17.8173
-6.54822 17.8173
-6.24365 17.8173
-6.09137 17.8173
-5.7868 17.8173
-5.63452 17.8173
-5.32995 17.665
-5.02538 17.665
-4.8731 17.665
-4.56853 17.665
-4.41624 17.665
-4.26396 17.665
-3.95939 17.5127
-3.80711 17.5127
-3.50254 17.5127
-3.35025 17.5127
-3.04569 17.5127
-2.8934 17.3604
-2.74112 17.3604
-2.43655 17.3604
-2.28426 17.2081
-1.9797 17.2081
-1.82741 17.2081
-1.67513 17.2081
-1.37056 17.0558
-1.21827 17.0558
-1.06599 17.0558
-0.761421 16.9036
-0.609137 16.9036
-0.456853 16.7513
-0.152284 16.7513
0 16.7513
0.152284 16.599
0.304569 16.599
0.609137 16.4467
0.761421 16.4467
0.913706 16.2944
1.06599 16.2944
1.37056 16.1421
1.52284 16.1421
1.67513 15.9898
1.82741 15.9898
2.13198 15.8376
2.28426 15.6853
2.43655 15.6853
2.58883 15.533
2.74112 15.533
3.04569 15.3807
3.19797 15.2284
3.35025 15.2284
3.50254 15.0761
3.65482 14.9239
3.80711 14.7716
3.95939 14.7716
4.11168 14.6193
4.41624 14.467
4.56853 14.3147
4.72081 14.1624
4.8731 14.0102
5.02538 13.8579
5.17766 13.7056
5.32995 13.7056
5.48223 13.5533
5.48223 13.401
5.63452 13.2487
5.7868 13.0964
5.93909 12.9442
6.09137 12.6396
6.24365 12.4873
6.24365 12.335
6.39594 12.1827
6.54822 12.0305
6.70051 11.8782
6.70051 11.7259
6.85279 11.4213
6.85279 11.269
7.00508 11.1168
7.00508 10.9645
7.15736 10.8122
7.15736 10.5076
7.30964 10.3553
7.30964 10.203
7.30964 9.89848
7.30964 9.74619
7.30964 9.59391
7.46193 9.28934
7.46193 9.13706
7.46193 8.98477
7.46193 8.6802
7.46193 8.52792
7.46193 8.37563
7.30964 8.07107
7.30964 7.91878
7.30964 7.7665
7.30964 7.61421
7.30964 7.30964
7.30964 7.15736
7.30964 7.00508
7.30964 6.85279
7.30964 6.70051
7.30964 6.39594
7.46193 6.24365
7.46193 6.09137
7.46193 5.93909
7.61421 5.7868
7.61421 5.48223
7.61421 5.32995
