7.61421 5.17766
7.61421 5.02538
7.7665 4.8731
7.7665 4.72081
7.7665 4.41624
7.7665 4.26396
7.7665 4.11168
7.91878 3.95939
7.91878 3.65482
7.91878 3.50254
7.91878 3.35025
7.91878 3.04569
7.91878 2.8934
7.7665 2.74112
7.7665 2.58883
7.7665 2.28426
7.7665 2.13198
7.7665 1.9797
7.7665 1.67513
7.7665 1.52284
7.61421 1.37056
7.61421 1.06599
7.61421 0.913706
7.61421 0.761421
7.61421 0.456853
7.46193 0.304569
7.46193 0.152284
7.46193 -0.152284
7.46193 -0.304569
7.30964 -0.456853
7.30964 -0.761421
7.30964 -0.913706
7.15736 -1.21827
7.15736 -1.37056
7.15736 -1.67513
7.00508 -1.82741
7.00508 -1.9797
6.85279 -2.28426
6.85279 -2.43655
6.70051 -2.74112
6.70051 -2.8934
6.54822 -3.04569
6.54822 -3.35025
6.39594 -3.50254
6.24365 -3.80711
6.09137 -3.95939
6.09137 -4.11168
5.93909 -4.41624
5.7868 -4.56853
5.63452 -4.72081
5.48223 -4.8731
5.32995 -5.02538
5.17766 -5.32995
5.02538 -5.48223
4.8731 -5.63452
4.72081 -5.7868
4.56853 -5.93909
4.26396 -6.09137
4.11168 -6.24365
3.95939 -6.39594
3.80711 -6.54822
3.50254 -6.54822
3.35025 -6.70051
3.19797 -6.85279
2.8934 -7.00508
2.74112 -7.00508
2.43655 -7.15736
2.28426 -7.30964
2.13198 -7.30964
1.82741 -7.46193
1.67513 -7.46193
1.37056 -7.61421
1.21827 -7.61421
0.913706 -7.61421
0.761421 -7.7665
0.456853 -7.7665
0.304569 -7.7665
0 -7.91878
-0.152284 -7.91878
-0.456853 -7.91878
-0.761421 -7.91878
-0.913706 -7.91878
-1.21827 -7.91878
-1.37056 -7.91878
-1.67513 -7.91878
-1.82741 -7.91878
-2.13198 -7.91878
-2.28426 -7.91878
-2.58883 -7.91878
-2.74112 -7.7665
-3.04569 -7.7665
-3.19797 -7.7665
-3.50254 -7.7665
-3.65482 -7.61421
-3.95939 -7.61421
-4.11168 -7.61421
-4.26396 -7.46193
-4.56853 -7.46193
-4.72081 -7.30964
-5.02538 -7.30964
-5.17766 -7.15736
-5.32995 -7.15736
-5.63452 -7.00508
-5.7868 -7.00508
-6.09137 -6.85279
-6.24365 -6.85279
-6.39594 -6.70051
-6.54822 -6.54822
-6.85279 -6.54822
-7.00508 -6.39594
-7.15736 -6.24365
-7.46193 -6.24365
-7.61421 -6.09137
-7.7665 -5.93909
-7.91878 -5.93909
-8.07107 -5.7868
-8.22335 -5.63452
-8.52792 -5.48223
-8.6802 -5.32995
-8.83249 -5.32995
-8.98477 -5.17766
-9.13706 -5.02538
-9.28934 -4.8731
-9.44162 -4.72081
-9.59391 -4.56853
-9.74619 -4.41624
-9.89848 -4.26396
-10.0508 -4.11168
-10.203 -3.95939
-10.3553 -3.80711
-10.5076 -3.65482
-10.6599 -3.50254
-10.8122 -3.35025
-10.9645 -3.19797
-10.9645 -3.04569
-11.1168 -2.8934
-11.269 -2.74112
-11.4213 -2.58883
-11.4213 -2.43655
-11.5736 -2.28426
-11.7259 -2.13198
-11.7259 -1.9797
-11.8782 -1.67513
-12.0305 -1.52284
-12.0305 -1.37056
-12.1827 -1.21827
-12.1827 -1.06599
-12.335 -0.913706
-12.335 -0.609137
-12.4873 -0.456853
-12.4873 -0.304569
-12.6396 -0.152284
-12.6396 0
-12.7919 0.304569
-12.7919 0.456853
-12.7919 0.609137
-12.9442 0.761421
-12.9442 1.06599
-12.9442 1.21827
-13.0964 1.37056
-13.0964 1.52284
-13.0964 1.67513
-13.0964 1.9797
-13.2487 2.13198
-13.2487 2.28426
-13.2487 2.43655
-13.2487 2.58883
-13.401 2.8934
-13.401 3.04569
-13.401 3.19797
-13.401 3.35025
-13.401 3.50254
-13.5533 3.80711
-13.5533 3.95939
-13.5533 4.11168
-13.5533 4.26396
-13.5533 4.41624
-13.5533 4.72081
-13.5533 4.8731
-13.7056 5.02538
-13.7056 5.17766
-13.7056 5.32995
-13.7056 5.63452
-13.7056 5.7868
-13.7056 5.93909
-13.7056 6.09137
-13.7056 6.39594
-13.7056 6.54822
-13.7056 6.70051
-13.7056 6.85279
-13.7056 7.15736
-13.7056 7.30964
-13.7056 7.46193
-13.7056 7.7665
-13.7056 7.91878
-13.7056 8.07107
-13.7056 8.22335
-13.7056 8.52792
-13.7056 8.6802
-13.7056 8.83249
-13.7056 9.13706
-13.7056 9.28934
-13.5533 9.44162
-13.5533 9.74619
-13.5533 9.89848
-13.5533 10.0508
-13.5533 10.3553
-13.401 10.5076
-13.401 10.8122
-13.401 10.9645
-13.2487 11.1168
-13.2487 11.4213
-13.2487 11.5736
-13.0964 11.8782
-13.0964 12.0305
-12.9442 12.1827
-12.9442 12.4873
-12.9442 12.6396
-12.7919 12.9442
-12.7919 13.0964
-12.6396 13.2487
-12.4873 13.5533
-12.4873 13.7056
-12.335 13.8579
-12.1827 14.1624
-12.1827 14.3147
-12.0305 14.6193
-11.8782 14.7716
-11.7259 14.9239
-11.5736 15.0761
-11.4213 15.3807
-11.4213 15.533
-11.269 15.6853
-10.9645 15.8376
-10.8122 15.9898
-10.6599 16.1421
-10.5076 16.4467
-10.3553 16.4467
-10.203 16.599
-9.89848 16.7513
-9.74619 16.9036
-9.59391 17.0558
-9.28934 17.2081
-9.13706 17.2081
-8.98477 17.3604
-8.6802 17.3604
-8.52792 17.5127
-8.22335 17.5127
-8.07107 17.665
-7.7665 17.665
-7.61421 17.665
-7.30964 17.665
-7.00508 17.8173
-6.85279 17.8173
-6.54822 17.8173
-6.39594 17.8173
-6.09137 17.8173
-5.93909 17.8173
-5.63452 17.8173
-5.48223 17.8173
-5.17766 17.665
-5.02538 17.665
-4.72081 17.665
-4.56853 17.665
-4.26396 17.665
-4.11168 17.5127
-3.80711 17.5127
-3.65482 17.5127
-3.50254 17.3604
-3.19797 17.3604
-3.04569 17.3604
-2.74112 17.2081
-2.58883 17.2081
-2.43655 17.2081
-2.13198 17.0558
-1.9797 17.0558
-1.82741 16.9036
-1.52284 16.9036
-1.37056 16.9036
-1.21827 16.7513
-0.913706 16.7513
-0.761421 16.599
-0.609137 16.599
-0.456853 16.4467
-0.152284 16.4467
0 16.2944
0.152284 16.2944
0.304569 16.2944
0.609137 16.1421
0.761421 16.1421
0.913706 15.9898
1.06599 15.9898
1.37056 15.8376
1.52284 15.8376
1.67513 15.6853
1.82741 15.6853
1.9797 15.533
2.28426 15.533
2.43655 15.3807
2.58883 15.3807
2.74112 15.2284
2.8934 15.0761
3.19797 15.0761
3.35025 14.9239
3.50254 14.7716
3.65482 14.7716
3.80711 14.6193
3.95939 14.467
4.11168 14.467
4.26396 14.3147
4.56853 14.1624
4.72081 14.0102
4.8731 13.8579
5.02538 13.7056
5.17766 13.5533
5.17766 13.401
5.32995 13.2487
5.48223 13.0964
5.63452 12.9442
5.7868 12.7919
5.93909 12.6396
5.93909 12.4873
6.09137 12.335
6.24365 12.1827
6.39594 12.0305
6.39594 11.8782
6.54822 11.5736
6.54822 11.4213
6.70051 11.269
6.70051 11.1168
6.85279 10.9645
6.85279 10.6599
7.00508 10.5076
7.00508 10.3553
7.00508 10.0508
7.15736 9.89848
7.15736 9.74619
7.15736 9.59391
7.15736 9.28934
7.15736 9.13706
7.30964 8.98477
7.30964 8.6802
7.30964 8.52792
7.30964 8.37563
7.30964 8.22335
7.30964 7.91878
7.30964 7.7665
7.30964 7.61421
7.30964 7.46193
7.30964 7.15736
7.30964 7.00508
7.30964 6.85279
7.30964 6.70051
7.30964 6.54822
7.46193 6.24365
7.46193 6.09137
7.46193 5.93909
7.46193 5.7868
7.61421 5.63452
7.61421 5.32995
