7.61421 5.02538
7.61421 4.8731
7.61421 4.72081
7.61421 4.56853
7.61421 4.26396
7.61421 4.11168
7.61421 3.95939
7.61421 3.80711
7.61421 3.50254
7.61421 3.35025
7.61421 3.19797
7.61421 3.04569
7.61421 2.8934
7.61421 2.58883
7.61421 2.43655
7.61421 2.28426
7.61421 1.9797
7.61421 1.82741
7.61421 1.67513
7.61421 1.52284
7.61421 1.21827
7.61421 1.06599
7.46193 0.913706
7.46193 0.609137
7.46193 0.456853
7.46193 0.304569
7.46193 0
7.46193 -0.152284
7.30964 -0.456853
7.30964 -0.609137
7.30964 -0.761421
7.15736 -1.06599
7.15736 -1.21827
7.15736 -1.52284
7.00508 -1.67513
7.00508 -1.82741
7.00508 -2.13198
6.85279 -2.28426
6.85279 -2.58883
6.70051 -2.74112
6.70051 -2.8934
6.54822 -3.19797
6.39594 -3.35025
6.39594 -3.50254
6.24365 -3.80711
6.09137 -3.95939
5.93909 -4.11168
5.93909 -4.41624
5.7868 -4.56853
5.63452 -4.72081
5.48223 -4.8731
5.32995 -5.02538
5.17766 -5.32995
5.02538 -5.48223
4.8731 -5.63452
4.72081 -5.7868
4.41624 -5.93909
4.26396 -6.09137
4.11168 -6.24365
3.95939 -6.39594
3.80711 -6.39594
3.50254 -6.54822
3.35025 -6.70051
3.19797 -6.85279
2.8934 -6.85279
2.74112 -7.00508
2.43655 -7.15736
2.28426 -7.15736
2.13198 -7.30964
1.82741 -7.30964
1.67513 -7.46193
1.37056 -7.46193
1.21827 -7.61421
0.913706 -7.61421
0.761421 -7.61421
0.456853 -7.7665
0.304569 -7.7665
0 -7.7665
-0.152284 -7.7665
-0.456853 -7.91878
-0.609137 -7.91878
-0.913706 -7.91878
-1.06599 -7.91878
-1.37056 -7.91878
-1.52284 -7.91878
-1.82741 -7.91878
-1.9797 -7.91878
-2.28426 -7.91878
-2.43655 -7.7665
-2.74112 -7.7665
-2.8934 -7.7665
-3.19797 -7.7665
-3.35025 -7.61421
-3.65482 -7.61421
-3.80711 -7.61421
-3.95939 -7.61421
-4.26396 -7.46193
-4.41624 -7.46193
-4.72081 -7.30964
-4.8731 -7.30964
-5.02538 -7.30964
-5.32995 -7.15736
-5.48223 -7.15736
-5.63452 -7.00508
-5.93909 -7.00508
-6.09137 -6.85279
-6.24365 -6.70051
-6.54822 -6.70051
-6.70051 -6.54822
-6.85279 -6.54822
-7.15736 -6.39594
-7.30964 -6.24365
-7.46193 -6.24365
-7.61421 -6.09137
-7.7665 -5.93909
-8.07107 -5.7868
-8.22335 -5.7868
-8.37563 -5.63452
-8.52792 -5.48223
-8.6802 -5.32995
-8.83249 -5.17766
-8.98477 -5.17766
-9.13706 -5.02538
-9.28934 -4.8731
-9.44162 -4.72081
-9.59391 -4.56853
-9.74619 -4.41624
-9.89848 -4.26396
-10.0508 -4.11168
-10.203 -3.95939
-10.3553 -3.80711
-10.5076 -3.65482
-10.6599 -3.50254
-10.8122 -3.35025
-10.9645 -3.19797
-11.1168 -3.04569
-11.1168 -2.8934
-11.269 -2.74112
-11.4213 -2.58883
-11.5736 -2.43655
-11.5736 -2.28426
-11.7259 -2.13198
-11.8782 -1.9797
-11.8782 -1.67513
-12.0305 -1.52284
-12.1827 -1.37056
-12.1827 -1.21827
-12.335 -1.06599
-12.335 -0.913706
-12.4873 -0.609137
-12.4873 -0.456853
-12.6396 -0.304569
-12.6396 -0.152284
-12.7919 0
-12.7919 0.304569
-12.9442 0.456853
-12.9442 0.609137
-12.9442 0.761421
-13.0964 0.913706
-13.0964 1.21827
-13.0964 1.37056
-13.2487 1.52284
-13.2487 1.67513
-13.2487 1.82741
-13.2487 2.13198
-13.401 2.28426
-13.401 2.43655
-13.401 2.58883
-13.401 2.8934
-13.5533 3.04569
-13.5533 3.19797
-13.5533 3.35025
-13.5533 3.50254
-13.5533 3.80711
-13.5533 3.95939
-13.7056 4.11168
-13.7056 4.26396
-13.7056 4.56853
-13.7056 4.72081
-13.7056 4.8731
-13.7056 5.02538
-13.7056 5.32995
-13.7056 5.48223
-13.7056 5.63452
-13.7056 5.7868
-13.8579 6.09137
-13.8579 6.24365
-13.8579 6.39594
-13.8579 6.54822
-13.8579 6.85279
-13.8579 7.00508
-13.8579 7.15736
-13.8579 7.46193
-13.8579 7.61421
-13.8579 7.7665
-13.8579 7.91878
-13.8579 8.22335
-13.8579 8.37563
-13.8579 8.6802
-13.8579 8.83249
-13.8579 8.98477
-13.8579 9.28934
-13.7056 9.44162
-13.7056 9.59391
-13.7056 9.89848
-13.7056 10.0508
-13.7056 10.3553
-13.7056 10.5076
-13.5533 10.8122
-13.5533 10.9645
-13.5533 11.269
-13.5533 11.4213
-13.401 11.5736
-13.401 11.8782
-13.2487 12.0305
-13.2487 12.335
-13.2487 12.4873
-13.0964 12.7919
-13.0964 12.9442
-12.9442 13.2487
-12.7919 13.401
-12.7919 13.5533
-12.6396 13.8579
-12.4873 14.0102
-12.4873 14.3147
-12.335 14.467
-12.1827 14.6193
-12.0305 14.9239
-11.8782 15.0761
-11.7259 15.2284
-11.5736 15.533
-11.4213 15.6853
-11.269 15.8376
-11.1168 15.9898
-10.9645 16.1421
-10.8122 16.2944
-10.6599 16.4467
-10.3553 16.599
-10.203 16.7513
-10.0508 16.9036
-9.74619 17.0558
-9.59391 17.0558
-9.44162 17.2081
-9.13706 17.3604
-8.98477 17.3604
-8.6802 17.5127
-8.52792 17.5127
-8.22335 17.665
-8.07107 17.665
-7.7665 17.665
-7.46193 17.665
-7.30964 17.8173
-7.00508 17.8173
-6.85279 17.8173
-6.54822 17.8173
-6.39594 17.8173
-6.09137 17.8173
-5.7868 17.8173
-5.63452 17.8173
-5.32995 17.8173
-5.17766 17.665
-4.8731 17.665
-4.72081 17.665
-4.41624 17.665
-4.26396 17.5127
-3.95939 17.5127
-3.80711 17.5127
-3.50254 17.5127
-3.35025 17.3604
-3.19797 17.3604
-2.8934 17.3604
-2.74112 17.2081
-2.43655 17.2081
-2.28426 17.0558
-2.13198 17.0558
-1.82741 17.0558
-1.67513 16.9036
-1.52284 16.9036
-1.21827 16.7513
-1.06599 16.7513
-0.913706 16.599
-0.609137 16.599
-0.456853 16.4467
-0.304569 16.4467
-0.152284 16.4467
0.152284 16.2944
0.304569 16.2944
0.456853 16.1421
0.609137 16.1421
0.913706 15.9898
1.06599 15.9898
1.21827 15.8376
1.37056 15.8376
1.67513 15.6853
1.82741 15.6853
1.9797 15.533
2.13198 15.533
2.28426 15.3807
2.58883 15.2284
2.74112 15.2284
2.8934 15.0761
3.04569 15.0761
3.19797 14.9239
3.35025 14.7716
3.65482 14.7716
3.80711 14.6193
3.95939 14.467
4.11168 14.3147
4.26396 14.1624
4.41624 14.1624
4.56853 14.0102
4.72081 13.8579
4.8731 13.7056
5.02538 13.5533
5.17766 13.401
5.32995 13.2487
5.48223 13.0964
5.48223 12.9442
5.63452 12.7919
5.7868 12.6396
5.93909 12.4873
5.93909 12.335
6.09137 12.0305
6.24365 11.8782
6.24365 11.7259
6.39594 11.5736
6.39594 11.4213
6.54822 11.269
6.54822 10.9645
6.70051 10.8122
6.70051 10.6599
6.85279 10.5076
6.85279 10.203
6.85279 10.0508
7.00508 9.89848
7.00508 9.74619
7.00508 9.44162
7.00508 9.28934
7.15736 9.13706
7.15736 8.98477
7.15736 8.6802
7.15736 8.52792
7.15736 8.37563
7.15736 8.22335
7.30964 7.91878
7.30964 7.7665
7.30964 7.61421
7.30964 7.46193
7.30964 7.30964
7.30964 7.00508
7.30964 6.85279
7.30964 6.70051
7.46193 6.54822
7.46193 6.39594
7.46193 6.09137
7.46193 5.93909
7.46193 5.7868
7.46193 5.63452
7.61421 5.48223
7.61421 5.17766
