7.46193 5.17766
7.46193 5.02538
7.46193 4.8731
7.46193 4.72081
7.46193 4.41624
7.46193 4.26396
7.46193 4.11168
7.46193 3.95939
7.46193 3.65482
7.46193 3.50254
7.46193 3.35025
7.46193 3.04569
7.46193 2.8934
7.46193 2.74112
7.46193 2.58883
7.46193 2.28426
7.46193 2.13198
7.46193 1.9797
7.46193 1.67513
7.46193 1.52284
7.46193 1.37056
7.46193 1.06599
7.46193 0.913706
7.30964 0.609137
7.30964 0.456853
7.30964 0.304569
7.30964 0
7.30964 -0.152284
7.15736 -0.456853
7.15736 -0.609137
7.15736 -0.913706
7.15736 -1.06599
7.00508 -1.21827
7.00508 -1.52284
7.00508 -1.67513
6.85279 -1.9797
6.85279 -2.13198
6.70051 -2.43655
6.70051 -2.58883
6.54822 -2.8934
6.54822 -3.04569
6.39594 -3.19797
6.24365 -3.50254
6.24365 -3.65482
6.09137 -3.95939
5.93909 -4.11168
5.7868 -4.26396
5.63452 -4.56853
5.63452 -4.72081
5.48223 -4.8731
5.32995 -5.02538
5.17766 -5.17766
4.8731 -5.48223
4.72081 -5.63452
4.56853 -5.7868
4.41624 -5.93909
4.26396 -6.09137
4.11168 -6.24365
3.80711 -6.39594
3.65482 -6.39594
3.50254 -6.54822
3.19797 -6.70051
3.04569 -6.85279
2.74112 -6.85279
2.58883 -7.00508
2.43655 -7.15736
2.13198 -7.15736
1.9797 -7.30964
1.67513 -7.30964
1.52284 -7.46193
1.21827 -7.46193
1.06599 -7.61421
0.761421 -7.61421
0.609137 -7.61421
0.304569 -7.7665
0.152284 -7.7665
-0.152284 -7.7665
-0.304569 -7.7665
-0.609137 -7.7665
-0.913706 -7.7665
-1.06599 -7.7665
-1.37056 -7.7665
-1.52284 -7.7665
-1.82741 -7.7665
-1.9797 -7.7665
-2.28426 -7.7665
-2.43655 -7.7665
-2.74112 -7.7665
-2.8934 -7.7665
-3.19797 -7.7665
-3.35025 -7.61421
-3.65482 -7.61421
-3.80711 -7.61421
-4.11168 -7.61421
-4.26396 -7.46193
-4.41624 -7.46193
-4.72081 -7.30964
-4.8731 -7.30964
-5.17766 -7.30964
-5.32995 -7.15736
-5.63452 -7.15736
-5.7868 -7.00508
-5.93909 -7.00508
-6.24365 -6.85279
-6.39594 -6.85279
-6.54822 -6.70051
-6.85279 -6.70051
-7.00508 -6.54822
-7.15736 -6.39594
-7.30964 -6.39594
-7.61421 -6.24365
-7.7665 -6.09137
-7.91878 -6.09137
-8.07107 -5.93909
-8.37563 -5.7868
-8.52792 -5.7868
-8.6802 -5.63452
-8.83249 -5.48223
-8.98477 -5.32995
-9.13706 -5.17766
-9.28934 -5.02538
-9.44162 -5.02538
-9.59391 -4.8731
-9.74619 -4.72081
-9.89848 -4.56853
-10.0508 -4.41624
-10.203 -4.26396
-10.3553 -4.11168
-10.5076 -3.95939
-10.6599 -3.80711
-10.8122 -3.65482
-10.9645 -3.50254
-11.1168 -3.35025
-11.269 -3.19797
-11.269 -3.04569
-11.4213 -2.74112
-11.5736 -2.58883
-11.5736 -2.43655
-11.7259 -2.28426
-11.8782 -2.13198
-12.0305 -1.9797
-12.0305 -1.82741
-12.1827 -1.67513
-12.1827 -1.37056
-12.335 -1.21827
-12.335 -1.06599
-12.4873 -0.913706
-12.6396 -0.761421
-12.6396 -0.609137
-12.6396 -0.304569
-12.7919 -0.152284
-12.7919 0
-12.9442 0.152284
-12.9442 0.304569
-13.0964 0.609137
-13.0964 0.761421
-13.0964 0.913706
-13.2487 1.06599
-13.2487 1.21827
-13.2487 1.37056
-13.401 1.67513
-13.401 1.82741
-13.401 1.9797
-13.401 2.13198
-13.5533 2.28426
-13.5533 2.58883
-13.5533 2.74112
-13.5533 2.8934
-13.7056 3.04569
-13.7056 3.19797
-13.7056 3.35025
-13.7056 3.65482
-13.7056 3.80711
-13.7056 3.95939
-13.8579 4.11168
-13.8579 4.26396
-13.8579 4.56853
-13.8579 4.72081
-13.8579 4.8731
-13.8579 5.02538
-13.8579 5.17766
-14.0102 5.48223
-14.0102 5.63452
-14.0102 5.7868
-14.0102 5.93909
-14.0102 6.09137
-14.0102 6.39594
-14.0102 6.54822
-14.0102 6.70051
-14.0102 6.85279
-14.0102 7.15736
-14.0102 7.30964
-14.0102 7.46193
-14.0102 7.7665
-14.0102 7.91878
-14.0102 8.07107
-14.0102 8.22335
-14.0102 8.52792
-14.0102 8.6802
-14.0102 8.83249
-14.0102 9.13706
-13.8579 9.28934
-13.8579 9.44162
-13.8579 9.74619
-13.8579 9.89848
-13.8579 10.0508
-13.8579 10.3553
-13.7056 10.5076
-13.7056 10.6599
-13.7056 10.9645
-13.7056 11.1168
-13.5533 11.4213
-13.5533 11.5736
-13.5533 11.7259
-13.401 12.0305
-13.401 12.1827
-13.2487 12.4873
-13.2487 12.6396
-13.0964 12.9442
-13.0964 13.0964
-12.9442 13.2487
-12.9442 13.5533
-12.7919 13.7056
-12.7919 14.0102
-12.6396 14.1624
-12.4873 14.3147
-12.335 14.6193
-12.335 14.7716
-12.1827 14.9239
-12.0305 15.2284
-11.8782 15.3807
-11.7259 15.533
-11.5736 15.6853
-11.4213 15.8376
-11.269 16.1421
-11.1168 16.2944
-10.9645 16.4467
-10.6599 16.599
-10.5076 16.7513
-10.3553 16.7513
-10.203 16.9036
-9.89848 17.0558
-9.74619 17.2081
-9.44162 17.2081
-9.28934 17.3604
-8.98477 17.3604
-8.83249 17.5127
-8.52792 17.5127
-8.37563 17.5127
-8.07107 17.665
-7.91878 17.665
-7.61421 17.665
-7.46193 17.665
-7.15736 17.665
-7.00508 17.665
-6.70051 17.665
-6.54822 17.665
-6.24365 17.665
-6.09137 17.665
-5.7868 17.665
-5.63452 17.665
-5.32995 17.665
-5.17766 17.665
-4.8731 17.5127
-4.72081 17.5127
-4.41624 17.5127
-4.26396 17.5127
-3.95939 17.5127
-3.80711 17.5127
-3.65482 17.3604
-3.35025 17.3604
-3.19797 17.3604
-2.8934 17.3604
-2.74112 17.3604
-2.58883 17.2081
-2.28426 17.2081
-2.13198 17.2081
-1.9797 17.2081
-1.67513 17.0558
-1.52284 17.0558
-1.37056 17.0558
-1.06599 16.9036
-0.913706 16.9036
-0.761421 16.9036
-0.456853 16.7513
-0.304569 16.7513
-0.152284 16.599
0.152284 16.599
0.304569 16.4467
0.456853 16.4467
0.609137 16.2944
0.913706 16.2944
1.06599 16.1421
1.21827 15.9898
1.37056 15.9898
1.52284 15.8376
1.67513 15.6853
1.9797 15.6853
2.13198 15.533
2.28426 15.3807
2.43655 15.2284
2.58883 15.2284
2.74112 15.0761
2.8934 14.9239
3.04569 14.7716
3.19797 14.6193
3.35025 14.6193
3.50254 14.467
3.65482 14.3147
3.80711 14.1624
3.95939 14.0102
4.11168 13.8579
4.26396 13.7056
4.41624 13.5533
4.56853 13.5533
4.72081 13.401
4.8731 13.2487
5.02538 13.0964
5.17766 12.9442
5.32995 12.7919
5.48223 12.6396
5.48223 12.4873
5.63452 12.335
5.7868 12.1827
5.93909 12.0305
6.09137 11.8782
6.09137 11.7259
6.24365 11.5736
6.39594 11.269
6.54822 11.1168
6.54822 10.9645
6.70051 10.8122
6.70051 10.6599
6.85279 10.5076
6.85279 10.203
7.00508 10.0508
7.00508 9.89848
7.00508 9.59391
7.00508 9.44162
7.15736 9.28934
7.15736 9.13706
7.15736 8.83249
7.15736 8.6802
7.15736 8.52792
7.15736 8.22335
7.15736 8.07107
7.15736 7.91878
7.15736 7.61421
7.15736 7.46193
7.15736 7.30964
7.15736 7.15736
7.15736 6.85279
7.15736 6.70051
7.15736 6.54822
7.30964 6.39594
7.30964 6.24365
7.30964 5.93909
7.30964 5.7868
7.30964 5.63452
7.46193 5.48223
