7.30964 5.17766
7.30964 5.02538
7.30964 4.72081
7.30964 4.56853
7.46193 4.41624
7.46193 4.26396
7.46193 3.95939
7.46193 3.80711
7.46193 3.65482
7.46193 3.50254
7.46193 3.19797
7.46193 3.04569
7.46193 2.8934
7.46193 2.74112
7.46193 2.43655
7.46193 2.28426
7.46193 2.13198
7.46193 1.82741
7.46193 1.67513
7.46193 1.52284
7.46193 1.21827
7.46193 1.06599
7.46193 0.913706
7.30964 0.609137
7.30964 0.456853
7.30964 0.152284
7.30964 0
7.30964 -0.152284
7.30964 -0.456853
7.15736 -0.609137
7.15736 -0.913706
7.15736 -1.06599
7.00508 -1.37056
7.00508 -1.52284
7.00508 -1.82741
6.85279 -1.9797
6.85279 -2.13198
6.85279 -2.43655
6.70051 -2.58883
6.70051 -2.8934
6.54822 -3.04569
6.39594 -3.35025
6.39594 -3.50254
6.24365 -3.65482
6.09137 -3.95939
6.09137 -4.11168
5.93909 -4.41624
5.7868 -4.56853
5.63452 -4.72081
5.48223 -4.8731
5.32995 -5.17766
5.17766 -5.32995
5.02538 -5.48223
4.8731 -5.63452
4.72081 -5.7868
4.56853 -5.93909
4.26396 -6.09137
4.11168 -6.24365
3.95939 -6.39594
3.80711 -6.54822
3.50254 -6.70051
3.35025 -6.70051
3.19797 -6.85279
2.8934 -7.00508
2.74112 -7.15736
2.43655 -7.15736
2.28426 -7.30964
1.9797 -7.30964
1.82741 -7.46193
1.52284 -7.46193
1.37056 -7.61421
1.06599 -7.61421
0.913706 -7.7665
0.609137 -7.7665
0.456853 -7.7665
0.152284 -7.7665
0 -7.91878
-0.304569 -7.91878
-0.456853 -7.91878
-0.761421 -7.91878
-0.913706 -7.91878
-1.21827 -7.91878
-1.37056 -7.91878
-1.67513 -7.91878
-1.82741 -7.91878
-2.13198 -7.91878
-2.28426 -7.91878
-2.58883 -7.7665
-2.74112 -7.7665
-3.04569 -7.7665
-3.19797 -7.7665
-3.50254 -7.61421
-3.65482 -7.61421
-3.95939 -7.61421
-4.11168 -7.61421
-4.41624 -7.46193
-4.56853 -7.46193
-4.8731 -7.30964
-5.02538 -7.30964
-5.17766 -7.30964
-5.48223 -7.15736
-5.63452 -7.15736
-5.7868 -7.00508
-6.09137 -7.00508
-6.24365 -6.85279
-6.54822 -6.85279
-6.70051 -6.70051
-6.85279 -6.70051
-7.00508 -6.54822
-7.30964 -6.54822
-7.46193 -6.39594
-7.61421 -6.24365
-7.7665 -6.24365
-8.07107 -6.09137
-8.22335 -5.93909
-8.37563 -5.7868
-8.52792 -5.7868
-8.6802 -5.63452
-8.98477 -5.48223
-9.13706 -5.32995
-9.28934 -5.17766
-9.44162 -5.17766
-9.59391 -5.02538
-9.74619 -4.8731
-9.89848 -4.72081
-10.0508 -4.56853
-10.203 -4.41624
-10.3553 -4.26396
-10.5076 -4.11168
-10.6599 -3.95939
-10.8122 -3.80711
-10.9645 -3.65482
-10.9645 -3.50254
-11.1168 -3.35025
-11.269 -3.19797
-11.4213 -3.04569
-11.5736 -2.8934
-11.5736 -2.58883
-11.7259 -2.43655
-11.8782 -2.28426
-11.8782 -2.13198
-12.0305 -1.9797
-12.1827 -1.82741
-12.1827 -1.67513
-12.335 -1.37056
-12.4873 -1.21827
-12.4873 -1.06599
-12.6396 -0.913706
-12.6396 -0.761421
-12.7919 -0.609137
-12.7919 -0.304569
-12.9442 -0.152284
-12.9442 0
-13.0964 0.152284
-13.0964 0.304569
-13.0964 0.456853
-13.2487 0.761421
-13.2487 0.913706
-13.401 1.06599
-13.401 1.21827
-13.401 1.37056
-13.5533 1.67513
-13.5533 1.82741
-13.5533 1.9797
-13.7056 2.13198
-13.7056 2.28426
-13.7056 2.58883
-13.7056 2.74112
-13.8579 2.8934
-13.8579 3.04569
-13.8579 3.35025
-13.8579 3.50254
-14.0102 3.65482
-14.0102 3.80711
-14.0102 3.95939
-14.0102 4.26396
-14.0102 4.41624
-14.1624 4.56853
-14.1624 4.72081
-14.1624 5.02538
-14.1624 5.17766
-14.1624 5.32995
-14.1624 5.48223
-14.1624 5.7868
-14.3147 5.93909
-14.3147 6.09137
-14.3147 6.24365
-14.3147 6.54822
-14.3147 6.70051
-14.3147 6.85279
-14.3147 7.15736
-14.3147 7.30964
-14.3147 7.46193
-14.3147 7.7665
-14.3147 7.91878
-14.3147 8.07107
-14.3147 8.37563
-14.3147 8.52792
-14.3147 8.6802
-14.1624 8.98477
-14.1624 9.13706
-14.1624 9.28934
-14.1624 9.59391
-14.1624 9.74619
-14.1624 9.89848
-14.0102 10.203
-14.0102 10.3553
-14.0102 10.6599
-13.8579 10.8122
-13.8579 10.9645
-13.8579 11.269
-13.7056 11.4213
-13.7056 11.7259
-13.7056 11.8782
-13.5533 12.0305
-13.5533 12.335
-13.401 12.4873
-13.401 12.7919
-13.2487 12.9442
-13.2487 13.2487
-13.0964 13.401
-12.9442 13.5533
-12.9442 13.8579
-12.7919 14.0102
-12.6396 14.1624
-12.4873 14.467
-12.4873 14.6193
-12.335 14.7716
-12.1827 15.0761
-12.0305 15.2284
-11.8782 15.3807
-11.7259 15.533
-11.5736 15.6853
-11.4213 15.9898
-11.269 16.1421
-10.9645 16.2944
-10.8122 16.4467
-10.6599 16.599
-10.5076 16.599
-10.203 16.7513
-10.0508 16.9036
-9.89848 17.0558
-9.59391 17.0558
-9.44162 17.2081
-9.13706 17.2081
-8.98477 17.3604
-8.6802 17.3604
-8.52792 17.5127
-8.22335 17.5127
-8.07107 17.5127
-7.7665 17.5127
-7.61421 17.665
-7.30964 17.665
-7.00508 17.665
-6.85279 17.665
-6.54822 17.665
-6.39594 17.665
-6.09137 17.665
-5.93909 17.665
-5.63452 17.5127
-5.48223 17.5127
-5.17766 17.5127
-5.02538 17.5127
-4.72081 17.5127
-4.56853 17.5127
-4.26396 17.3604
-4.11168 17.3604
-3.95939 17.3604
-3.65482 17.3604
-3.50254 17.3604
-3.19797 17.2081
-3.04569 17.2081
-2.8934 17.2081
-2.58883 17.0558
-2.43655 17.0558
-2.28426 17.0558
-1.9797 17.0558
-1.82741 16.9036
-1.67513 16.9036
-1.37056 16.9036
-1.21827 16.7513
-1.06599 16.7513
-0.761421 16.7513
-0.609137 16.599
-0.456853 16.599
-0.304569 16.4467
0 16.4467
0.152284 16.2944
0.304569 16.2944
0.609137 16.1421
0.761421 16.1421
0.913706 15.9898
1.06599 15.9898
1.21827 15.8376
1.52284 15.6853
1.67513 15.6853
1.82741 15.533
1.9797 15.3807
2.13198 15.3807
2.28426 15.2284
2.43655 15.0761
2.74112 15.0761
2.8934 14.9239
3.04569 14.7716
3.19797 14.6193
3.35025 14.6193
3.50254 14.467
3.65482 14.3147
3.80711 14.1624
3.95939 14.0102
4.11168 13.8579
4.26396 13.8579
4.41624 13.7056
4.56853 13.5533
4.72081 13.401
4.8731 13.2487
5.02538 13.0964
5.02538 12.9442
5.17766 12.7919
5.32995 12.6396
5.48223 12.4873
5.63452 12.335
5.7868 12.1827
5.7868 12.0305
5.93909 11.8782
6.09137 11.7259
6.24365 11.5736
6.24365 11.4213
6.39594 11.1168
6.54822 10.9645
6.54822 10.8122
6.70051 10.6599
6.70051 10.5076
6.85279 10.3553
6.85279 10.0508
7.00508 9.89848
7.00508 9.74619
7.00508 9.59391
7.15736 9.28934
7.15736 9.13706
7.15736 8.98477
7.15736 8.6802
7.15736 8.52792
7.15736 8.37563
7.30964 8.22335
7.30964 7.91878
7.30964 7.7665
7.30964 7.61421
7.30964 7.46193
7.30964 7.15736
7.30964 7.00508
7.30964 6.85279
7.30964 6.70051
7.30964 6.39594
7.30964 6.24365
7.30964 6.09137
7.30964 5.93909
7.30964 5.63452
7.30964 5.48223
7.30964 5.32995
