7.46193 5.17766
7.46193 5.02538
7.46193 4.72081
7.46193 4.56853
7.46193 4.41624
7.61421 4.26396
7.61421 3.95939
7.61421 3.80711
7.61421 3.65482
7.61421 3.35025
7.61421 3.19797
7.61421 3.04569
7.61421 2.8934
7.61421 2.58883
7.61421 2.43655
7.61421 2.28426
7.61421 1.9797
7.61421 1.82741
7.61421 1.67513
7.61421 1.37056
7.61421 1.21827
7.61421 0.913706
7.61421 0.761421
7.61421 0.609137
7.46193 0.304569
7.46193 0.152284
7.46193 -0.152284
7.46193 -0.304569
7.46193 -0.456853
7.46193 -0.761421
7.30964 -0.913706
7.30964 -1.21827
7.30964 -1.37056
7.15736 -1.67513
7.15736 -1.82741
7.15736 -2.13198
7.00508 -2.28426
7.00508 -2.58883
6.85279 -2.74112
6.85279 -3.04569
6.70051 -3.19797
6.54822 -3.35025
6.54822 -3.65482
6.39594 -3.80711
6.24365 -4.11168
6.24365 -4.26396
6.09137 -4.41624
5.93909 -4.72081
5.7868 -4.8731
5.63452 -5.02538
5.48223 -5.17766
5.32995 -5.48223
5.17766 -5.63452
5.02538 -5.7868
4.8731 -5.93909
4.56853 -6.09137
4.41624 -6.24365
4.26396 -6.39594
4.11168 -6.54822
3.80711 -6.70051
3.65482 -6.70051
3.50254 -6.85279
3.19797 -7.00508
3.04569 -7.15736
2.74112 -7.15736
2.58883 -7.30964
2.28426 -7.46193
2.13198 -7.46193
1.82741 -7.61421
1.67513 -7.61421
1.37056 -7.61421
1.21827 -7.7665
0.913706 -7.7665
0.761421 -7.7665
0.456853 -7.91878
0.304569 -7.91878
0 -7.91878
-0.152284 -7.91878
-0.456853 -7.91878
-0.609137 -8.07107
-0.913706 -8.07107
-1.21827 -8.07107
-1.37056 -8.07107
-1.67513 -8.07107
-1.82741 -8.07107
-2.13198 -7.91878
-2.28426 -7.91878
-2.58883 -7.91878
-2.74112 -7.91878
-3.04569 -7.91878
-3.19797 -7.7665
-3.50254 -7.7665
-3.65482 -7.7665
-3.95939 -7.7665
-4.11168 -7.61421
-4.41624 -7.61421
-4.56853 -7.61421
-4.72081 -7.46193
-5.02538 -7.46193
-5.17766 -7.30964
-5.48223 -7.30964
-5.63452 -7.15736
-5.7868 -7.15736
-6.09137 -7.00508
-6.24365 -7.00508
-6.39594 -6.85279
-6.70051 -6.85279
-6.85279 -6.70051
-7.00508 -6.70051
-7.30964 -6.54822
-7.46193 -6.39594
-7.61421 -6.39594
-7.7665 -6.24365
-8.07107 -6.09137
-8.22335 -5.93909
-8.37563 -5.93909
-8.52792 -5.7868
-8.6802 -5.63452
-8.83249 -5.48223
-9.13706 -5.32995
-9.28934 -5.32995
-9.44162 -5.17766
-9.59391 -5.02538
-9.74619 -4.8731
-9.89848 -4.72081
-10.0508 -4.56853
-10.203 -4.41624
-10.3553 -4.26396
-10.5076 -4.11168
-10.5076 -3.95939
-10.6599 -3.80711
-10.8122 -3.65482
-10.9645 -3.50254
-11.1168 -3.35025
-11.269 -3.04569
-11.269 -2.8934
-11.4213 -2.74112
-11.5736 -2.58883
-11.7259 -2.43655
-11.7259 -2.28426
-11.8782 -2.13198
-11.8782 -1.9797
-12.0305 -1.82741
-12.1827 -1.52284
-12.1827 -1.37056
-12.335 -1.21827
-12.335 -1.06599
-12.4873 -0.913706
-12.6396 -0.761421
-12.6396 -0.456853
-12.7919 -0.304569
-12.7919 -0.152284
-12.7919 0
-12.9442 0.152284
-12.9442 0.304569
-13.0964 0.609137
-13.0964 0.761421
-13.2487 0.913706
-13.2487 1.06599
-13.2487 1.21827
-13.401 1.52284
-13.401 1.67513
-13.401 1.82741
-13.5533 1.9797
-13.5533 2.13198
-13.5533 2.43655
-13.5533 2.58883
-13.7056 2.74112
-13.7056 2.8934
-13.7056 3.04569
-13.7056 3.35025
-13.7056 3.50254
-13.7056 3.65482
-13.8579 3.80711
-13.8579 3.95939
-13.8579 4.26396
-13.8579 4.41624
-13.8579 4.56853
-13.8579 4.72081
-13.8579 5.02538
-13.8579 5.17766
-13.8579 5.32995
-13.8579 5.48223
-13.8579 5.63452
-13.8579 5.93909
-14.0102 6.09137
-14.0102 6.24365
-14.0102 6.39594
-14.0102 6.70051
-14.0102 6.85279
-14.0102 7.00508
-14.0102 7.15736
-14.0102 7.46193
-14.0102 7.61421
-14.0102 7.7665
-14.0102 8.07107
-14.0102 8.22335
-14.0102 8.37563
-14.0102 8.6802
-14.0102 8.83249
-14.0102 9.13706
-14.0102 9.28934
-14.0102 9.44162
-14.0102 9.74619
-14.0102 9.89848
-14.0102 10.203
-14.0102 10.3553
-14.0102 10.6599
-13.8579 10.8122
-13.8579 11.1168
-13.8579 11.269
-13.8579 11.4213
-13.7056 11.7259
-13.7056 11.8782
-13.7056 12.1827
-13.5533 12.335
-13.5533 12.6396
-13.401 12.7919
-13.401 13.0964
-13.2487 13.2487
-13.0964 13.401
-13.0964 13.7056
-12.9442 13.8579
-12.7919 14.0102
-12.6396 14.3147
-12.4873 14.467
-12.4873 14.6193
-12.335 14.7716
-12.1827 15.0761
-12.0305 15.2284
-11.8782 15.3807
-11.5736 15.533
-11.4213 15.6853
-11.269 15.8376
-11.1168 15.9898
-10.9645 16.1421
-10.6599 16.2944
-10.5076 16.4467
-10.3553 16.4467
-10.203 16.599
-9.89848 16.7513
-9.74619 16.7513
-9.44162 16.9036
-9.28934 17.0558
-8.98477 17.0558
-8.83249 17.0558
-8.52792 17.2081
-8.37563 17.2081
-8.07107 17.2081
-7.91878 17.3604
-7.61421 17.3604
-7.46193 17.3604
-7.15736 17.3604
-7.00508 17.3604
-6.70051 17.3604
-6.54822 17.3604
-6.24365 17.3604
-6.09137 17.3604
-5.7868 17.3604
-5.63452 17.3604
-5.32995 17.3604
-5.17766 17.3604
-5.02538 17.3604
-4.72081 17.3604
-4.56853 17.3604
-4.26396 17.3604
-4.11168 17.2081
-3.80711 17.2081
-3.65482 17.2081
-3.50254 17.2081
-3.19797 17.2081
-3.04569 17.0558
-2.74112 17.0558
-2.58883 17.0558
-2.43655 17.0558
-2.13198 17.0558
-1.9797 16.9036
-1.82741 16.9036
-1.52284 16.9036
-1.37056 16.7513
-1.21827 16.7513
-0.913706 16.7513
-0.761421 16.599
-0.609137 16.599
-0.456853 16.4467
-0.152284 16.4467
0 16.2944
0.152284 16.2944
0.304569 16.1421
0.609137 16.1421
0.761421 15.9898
0.913706 15.9898
1.06599 15.8376
1.21827 15.8376
1.52284 15.6853
1.67513 15.533
1.82741 15.533
1.9797 15.3807
2.13198 15.2284
2.28426 15.2284
2.43655 15.0761
2.74112 14.9239
2.8934 14.9239
3.04569 14.7716
3.19797 14.6193
3.35025 14.467
3.50254 14.3147
3.65482 14.3147
3.80711 14.1624
3.95939 14.0102
4.11168 13.8579
4.26396 13.7056
4.41624 13.7056
4.56853 13.5533
4.72081 13.401
4.8731 13.2487
5.02538 13.0964
5.17766 12.9442
5.32995 12.7919
5.48223 12.6396
5.63452 12.4873
5.7868 12.335
5.93909 12.1827
5.93909 12.0305
6.09137 11.8782
6.24365 11.7259
6.39594 11.5736
6.54822 11.4213
6.54822 11.269
6.70051 11.1168
6.85279 10.9645
6.85279 10.8122
7.00508 10.5076
7.00508 10.3553
7.15736 10.203
7.15736 10.0508
7.30964 9.74619
7.30964 9.59391
7.30964 9.44162
7.30964 9.13706
7.30964 8.98477
7.46193 8.83249
7.46193 8.52792
7.46193 8.37563
7.46193 8.22335
7.46193 7.91878
7.46193 7.7665
7.46193 7.61421
7.46193 7.46193
7.46193 7.15736
7.46193 7.00508
7.46193 6.85279
7.30964 6.70051
7.30964 6.39594
7.30964 6.24365
7.46193 6.09137
7.46193 5.93909
7.46193 5.63452
7.46193 5.48223
7.46193 5.32995
