6.24365 5.32995
6.24365 5.02538
6.39594 4.8731
6.39594 4.72081
6.39594 4.56853
6.54822 4.26396
6.54822 4.11168
6.54822 3.95939
6.54822 3.80711
6.54822 3.50254
6.54822 3.35025
6.70051 3.19797
6.70051 2.8934
6.70051 2.74112
6.70051 2.58883
6.70051 2.28426
6.70051 2.13198
6.70051 1.9797
6.70051 1.67513
6.70051 1.52284
6.54822 1.37056
6.54822 1.06599
6.54822 0.913706
6.54822 0.761421
6.54822 0.456853
6.54822 0.304569
6.54822 0
6.54822 -0.152284
6.39594 -0.456853
6.39594 -0.609137
6.39594 -0.913706
6.39594 -1.06599
6.24365 -1.21827
6.24365 -1.52284
6.24365 -1.67513
6.09137 -1.9797
6.09137 -2.13198
5.93909 -2.43655
5.93909 -2.58883
5.7868 -2.8934
5.7868 -3.04569
5.63452 -3.35025
5.48223 -3.50254
5.48223 -3.65482
5.32995 -3.95939
5.17766 -4.11168
5.02538 -4.26396
4.8731 -4.56853
4.72081 -4.72081
4.56853 -4.8731
4.41624 -5.02538
4.26396 -5.17766
4.11168 -5.32995
3.95939 -5.48223
3.80711 -5.63452
3.65482 -5.7868
3.35025 -5.93909
3.19797 -6.09137
3.04569 -6.24365
2.74112 -6.39594
2.58883 -6.54822
2.43655 -6.54822
2.13198 -6.70051
1.9797 -6.85279
1.67513 -6.85279
1.52284 -7.00508
1.21827 -7.00508
1.06599 -7.15736
0.761421 -7.15736
0.609137 -7.30964
0.304569 -7.30964
0.152284 -7.30964
-0.152284 -7.46193
-0.304569 -7.46193
-0.609137 -7.46193
-0.761421 -7.46193
-1.06599 -7.61421
-1.21827 -7.61421
-1.52284 -7.61421
-1.67513 -7.61421
-1.9797 -7.61421
-2.13198 -7.61421
-2.43655 -7.61421
-2.58883 -7.61421
-2.8934 -7.61421
-3.04569 -7.61421
-3.35025 -7.61421
-3.50254 -7.46193
-3.80711 -7.46193
-3.95939 -7.46193
-4.26396 -7.46193
-4.41624 -7.46193
-4.72081 -7.30964
-4.8731 -7.30964
-5.02538 -7.30964
-5.32995 -7.15736
-5.48223 -7.15736
-5.7868 -7.00508
-5.93909 -7.00508
-6.09137 -7.00508
-6.39594 -6.85279
-6.54822 -6.85279
-6.70051 -6.70051
-7.00508 -6.70051
-7.15736 -6.54822
-7.30964 -6.39594
-7.61421 -6.39594
-7.7665 -6.24365
-7.91878 -6.24365
-8.07107 -6.09137
-8.37563 -5.93909
-8.52792 -5.93909
-8.6802 -5.7868
-8.83249 -5.63452
-8.98477 -5.48223
-9.13706 -5.48223
-9.44162 -5.32995
-9.59391 -5.17766
-9.74619 -5.02538
-9.89848 -5.02538
-10.0508 -4.8731
-10.203 -4.72081
-10.3553 -4.56853
-10.5076 -4.41624
-10.6599 -4.26396
-10.8122 -4.11168
-10.9645 -4.11168
-11.1168 -3.95939
-11.269 -3.80711
-11.4213 -3.65482
-11.5736 -3.50254
-11.7259 -3.35025
-11.8782 -3.19797
-12.0305 -3.04569
-12.0305 -2.8934
-12.1827 -2.74112
-12.335 -2.58883
-12.4873 -2.43655
-12.6396 -2.28426
-12.6396 -2.13198
-12.7919 -1.9797
-12.9442 -1.82741
-13.0964 -1.67513
-13.0964 -1.52284
-13.2487 -1.37056
-13.401 -1.06599
-13.401 -0.913706
-13.5533 -0.761421
-13.7056 -0.609137
-13.7056 -0.456853
-13.8579 -0.304569
-13.8579 -0.152284
-14.0102 0.152284
-14.0102 0.304569
-14.1624 0.456853
-14.1624 0.609137
-14.3147 0.761421
-14.3147 0.913706
-14.3147 1.21827
-14.467 1.37056
-14.467 1.52284
-14.467 1.67513
-14.6193 1.9797
-14.6193 2.13198
-14.6193 2.28426
-14.6193 2.43655
-14.7716 2.58883
-14.7716 2.8934
-14.7716 3.04569
-14.7716 3.19797
-14.7716 3.35025
-14.7716 3.65482
-14.7716 3.80711
-14.7716 3.95939
-14.7716 4.11168
-14.7716 4.41624
-14.7716 4.56853
-14.7716 4.72081
-14.7716 4.8731
-14.7716 5.02538
-14.7716 5.32995
-14.7716 5.48223
-14.7716 5.63452
-14.7716 5.7868
-14.7716 5.93909
-14.7716 6.24365
-14.7716 6.39594
-14.7716 6.54822
-14.7716 6.70051
-14.9239 7.00508
-14.9239 7.15736
-14.9239 7.30964
-14.9239 7.61421
-14.9239 7.7665
-14.9239 7.91878
-15.0761 8.22335
-15.0761 8.37563
-15.0761 8.52792
-15.0761 8.83249
-15.2284 8.98477
-15.2284 9.28934
-15.2284 9.44162
-15.2284 9.74619
-15.3807 10.0508
-15.3807 10.203
-15.3807 10.5076
-15.3807 10.6599
-15.3807 10.9645
-15.3807 11.269
-15.3807 11.4213
-15.3807 11.7259
-15.3807 11.8782
-15.2284 12.1827
-15.2284 12.4873
-15.2284 12.6396
-15.0761 12.9442
-15.0761 13.0964
-14.9239 13.401
-14.7716 13.5533
-14.7716 13.8579
-14.6193 14.0102
-14.467 14.1624
-14.3147 14.3147
-14.1624 14.6193
-14.0102 14.7716
-13.8579 14.9239
-13.7056 15.0761
-13.5533 15.2284
-13.401 15.3807
-13.0964 15.533
-12.9442 15.6853
-12.7919 15.8376
-12.4873 15.9898
-12.335 16.1421
-12.1827 16.1421
-11.8782 16.2944
-11.7259 16.4467
-11.5736 16.4467
-11.269 16.599
-11.1168 16.7513
-10.8122 16.7513
-10.6599 16.9036
-10.5076 17.0558
-10.203 17.0558
-10.0508 17.2081
-9.74619 17.2081
-9.59391 17.3604
-9.28934 17.3604
-9.13706 17.3604
-8.83249 17.5127
-8.6802 17.5127
-8.37563 17.5127
-8.22335 17.665
-8.07107 17.665
-7.7665 17.665
-7.61421 17.8173
-7.30964 17.8173
-7.15736 17.8173
-6.85279 17.8173
-6.70051 17.8173
-6.39594 17.8173
-6.24365 17.8173
-5.93909 17.8173
-5.7868 17.8173
-5.48223 17.8173
-5.32995 17.8173
-5.02538 17.8173
-4.8731 17.8173
-4.56853 17.665
-4.41624 17.665
-4.26396 17.665
-3.95939 17.665
-3.80711 17.5127
-3.50254 17.5127
-3.35025 17.5127
-3.19797 17.3604
-2.8934 17.3604
-2.74112 17.2081
-2.58883 17.2081
-2.28426 17.0558
-2.13198 17.0558
-1.9797 16.9036
-1.67513 16.9036
-1.52284 16.7513
-1.37056 16.7513
-1.21827 16.599
-0.913706 16.599
-0.761421 16.4467
-0.609137 16.4467
-0.456853 16.2944
-0.152284 16.1421
0 16.1421
0.152284 15.9898
0.304569 15.9898
0.456853 15.8376
0.609137 15.6853
0.913706 15.6853
1.06599 15.533
1.21827 15.3807
1.37056 15.3807
1.52284 15.2284
1.67513 15.0761
1.82741 14.9239
1.9797 14.9239
2.13198 14.7716
2.28426 14.6193
2.43655 14.467
2.58883 14.3147
2.74112 14.3147
2.8934 14.1624
3.04569 14.0102
3.19797 13.8579
3.35025 13.7056
3.50254 13.5533
3.65482 13.401
3.80711 13.2487
3.95939 13.0964
4.11168 12.9442
4.11168 12.7919
4.26396 12.6396
4.41624 12.4873
4.56853 12.335
4.56853 12.1827
4.72081 12.0305
4.8731 11.8782
4.8731 11.7259
5.02538 11.5736
5.17766 11.269
5.17766 11.1168
5.32995 10.9645
5.32995 10.8122
5.48223 10.6599
5.48223 10.3553
5.63452 10.203
5.63452 10.0508
5.63452 9.89848
5.7868 9.74619
5.7868 9.44162
5.7868 9.28934
5.7868 9.13706
5.93909 8.98477
5.93909 8.83249
5.93909 8.52792
5.93909 8.37563
5.93909 8.22335
6.09137 8.07107
6.09137 7.7665
6.09137 7.61421
6.09137 7.46193
6.09137 7.30964
6.09137 7.15736
6.09137 6.85279
6.09137 6.70051
6.09137 6.54822
6.09137 6.39594
6.24365 6.24365
6.24365 5.93909
6.24365 5.7868
6.24365 5.63452
6.24365 5.48223
