6.09137 5.32995
6.09137 5.17766
6.24365 4.8731
6.24365 4.72081
6.24365 4.56853
6.24365 4.41624
6.39594 4.11168
6.39594 3.95939
6.39594 3.80711
6.39594 3.65482
6.39594 3.35025
6.54822 3.19797
6.54822 3.04569
6.54822 2.74112
6.54822 2.58883
6.54822 2.43655
6.54822 2.13198
6.54822 1.9797
6.54822 1.82741
6.54822 1.52284
6.54822 1.37056
6.54822 1.21827
6.54822 0.913706
6.54822 0.761421
6.39594 0.456853
6.39594 0.304569
6.39594 0
6.39594 -0.152284
6.39594 -0.304569
6.39594 -0.609137
6.24365 -0.761421
6.24365 -1.06599
6.24365 -1.21827
6.09137 -1.52284
6.09137 -1.67513
5.93909 -1.9797
5.93909 -2.13198
5.7868 -2.28426
5.7868 -2.58883
5.63452 -2.74112
5.63452 -3.04569
5.48223 -3.19797
5.32995 -3.35025
5.32995 -3.65482
5.17766 -3.80711
5.02538 -3.95939
4.8731 -4.26396
4.72081 -4.41624
4.56853 -4.56853
4.41624 -4.72081
4.26396 -4.8731
4.11168 -5.17766
3.95939 -5.32995
3.80711 -5.48223
3.65482 -5.63452
3.35025 -5.7868
3.19797 -5.93909
3.04569 -5.93909
2.8934 -6.09137
2.58883 -6.24365
2.43655 -6.39594
2.28426 -6.54822
1.9797 -6.54822
1.82741 -6.70051
1.52284 -6.85279
1.37056 -6.85279
1.21827 -7.00508
0.913706 -7.00508
0.761421 -7.15736
0.456853 -7.15736
0.304569 -7.30964
0 -7.30964
-0.152284 -7.30964
-0.456853 -7.46193
-0.609137 -7.46193
-0.913706 -7.46193
-1.06599 -7.46193
-1.37056 -7.46193
-1.52284 -7.61421
-1.82741 -7.61421
-1.9797 -7.61421
-2.28426 -7.61421
-2.43655 -7.61421
-2.74112 -7.61421
-2.8934 -7.61421
-3.19797 -7.61421
-3.35025 -7.61421
-3.65482 -7.61421
-3.80711 -7.46193
-4.11168 -7.46193
-4.26396 -7.46193
-4.56853 -7.46193
-4.72081 -7.46193
-5.02538 -7.30964
-5.17766 -7.30964
-5.32995 -7.30964
-5.63452 -7.15736
-5.7868 -7.15736
-6.09137 -7.00508
-6.24365 -7.00508
-6.39594 -6.85279
-6.70051 -6.85279
-6.85279 -6.70051
-7.00508 -6.70051
-7.30964 -6.54822
-7.46193 -6.54822
-7.61421 -6.39594
-7.91878 -6.24365
-8.07107 -6.24365
-8.22335 -6.09137
-8.37563 -5.93909
-8.52792 -5.93909
-8.83249 -5.7868
-8.98477 -5.63452
-9.13706 -5.63452
-9.28934 -5.48223
-9.44162 -5.32995
-9.59391 -5.17766
-9.89848 -5.02538
-10.0508 -5.02538
-10.203 -4.8731
-10.3553 -4.72081
-10.5076 -4.56853
-10.6599 -4.41624
-10.8122 -4.26396
-10.9645 -4.26396
-11.1168 -4.11168
-11.269 -3.95939
-11.4213 -3.80711
-11.5736 -3.65482
-11.7259 -3.50254
-11.8782 -3.35025
-12.0305 -3.19797
-12.1827 -3.04569
-12.1827 -2.8934
-12.335 -2.74112
-12.4873 -2.58883
-12.6396 -2.43655
-12.7919 -2.28426
-12.9442 -2.13198
-12.9442 -1.9797
-13.0964 -1.82741
-13.2487 -1.67513
-13.401 -1.52284
-13.401 -1.37056
-13.5533 -1.21827
-13.7056 -1.06599
-13.7056 -0.761421
-13.8579 -0.609137
-13.8579 -0.456853
-14.0102 -0.304569
-14.0102 -0.152284
-14.1624 0
-14.1624 0.304569
-14.3147 0.456853
-14.3147 0.609137
-14.467 0.761421
-14.467 0.913706
-14.467 1.21827
-14.6193 1.37056
-14.6193 1.52284
-14.6193 1.67513
-14.7716 1.9797
-14.7716 2.13198
-14.7716 2.28426
-14.7716 2.43655
-14.7716 2.74112
-14.9239 2.8934
-14.9239 3.04569
-14.9239 3.19797
-14.9239 3.35025
-14.9239 3.65482
-14.9239 3.80711
-14.9239 3.95939
-14.9239 4.11168
-14.9239 4.41624
-14.9239 4.56853
-14.9239 4.72081
-14.9239 4.8731
-14.9239 5.17766
-14.9239 5.32995
-14.9239 5.48223
-14.9239 5.63452
-14.9239 5.7868
-14.9239 6.09137
-14.9239 6.24365
-14.9239 6.39594
-15.0761 6.54822
-15.0761 6.85279
-15.0761 7.00508
-15.0761 7.15736
-15.0761 7.46193
-15.0761 7.61421
-15.0761 7.7665
-15.2284 8.07107
-15.2284 8.22335
-15.2284 8.37563
-15.2284 8.6802
-15.3807 8.83249
-15.3807 9.13706
-15.3807 9.28934
-15.3807 9.59391
-15.3807 9.74619
-15.533 10.0508
-15.533 10.203
-15.533 10.5076
-15.533 10.8122
-15.533 10.9645
-15.533 11.269
-15.533 11.5736
-15.533 11.7259
-15.3807 12.0305
-15.3807 12.1827
-15.3807 12.4873
-15.2284 12.6396
-15.2284 12.9442
-15.0761 13.0964
-15.0761 13.401
-14.9239 13.5533
-14.7716 13.8579
-14.6193 14.0102
-14.6193 14.1624
-14.467 14.467
-14.3147 14.6193
-14.1624 14.7716
-14.0102 14.9239
-13.7056 15.0761
-13.5533 15.2284
-13.401 15.3807
-13.2487 15.533
-13.0964 15.6853
-12.7919 15.8376
-12.6396 15.9898
-12.4873 15.9898
-12.1827 16.1421
-12.0305 16.2944
-11.7259 16.4467
-11.5736 16.4467
-11.4213 16.599
-11.1168 16.7513
-10.9645 16.7513
-10.6599 16.9036
-10.5076 16.9036
-10.3553 17.0558
-10.0508 17.0558
-9.89848 17.2081
-9.59391 17.2081
-9.44162 17.3604
-9.13706 17.3604
-8.98477 17.5127
-8.6802 17.5127
-8.52792 17.5127
-8.37563 17.665
-8.07107 17.665
-7.91878 17.665
-7.61421 17.665
-7.46193 17.8173
-7.15736 17.8173
-7.00508 17.8173
-6.70051 17.8173
-6.54822 17.8173
-6.24365 17.8173
-6.09137 17.8173
-5.7868 17.8173
-5.63452 17.8173
-5.32995 17.8173
-5.17766 17.8173
-5.02538 17.8173
-4.72081 17.665
-4.56853 17.665
-4.26396 17.665
-4.11168 17.665
-3.80711 17.5127
-3.65482 17.5127
-3.50254 17.5127
-3.19797 17.3604
-3.04569 17.3604
-2.8934 17.2081
-2.58883 17.2081
-2.43655 17.2081
-2.28426 17.0558
-1.9797 17.0558
-1.82741 16.9036
-1.67513 16.9036
-1.52284 16.7513
-1.21827 16.599
-1.06599 16.599
-0.913706 16.4467
-0.761421 16.4467
-0.456853 16.2944
-0.304569 16.2944
-0.152284 16.1421
0 15.9898
0.152284 15.9898
0.456853 15.8376
0.609137 15.8376
0.761421 15.6853
0.913706 15.533
1.06599 15.533
1.21827 15.3807
1.52284 15.2284
1.67513 15.2284
1.82741 15.0761
1.9797 14.9239
2.13198 14.7716
2.28426 14.7716
2.43655 14.6193
2.58883 14.467
2.74112 14.3147
2.8934 14.1624
3.04569 14.1624
3.19797 14.0102
3.35025 13.8579
3.50254 13.7056
3.65482 13.5533
3.80711 13.401
3.95939 13.2487
3.95939 13.0964
4.11168 12.9442
4.26396 12.7919
4.41624 12.6396
4.41624 12.335
4.56853 12.1827
4.72081 12.0305
4.72081 11.8782
4.8731 11.7259
5.02538 11.5736
5.02538 11.4213
5.17766 11.1168
5.17766 10.9645
5.32995 10.8122
5.32995 10.6599
5.32995 10.5076
5.48223 10.203
5.48223 10.0508
5.48223 9.89848
5.63452 9.74619
5.63452 9.59391
5.63452 9.28934
5.7868 9.13706
5.7868 8.98477
5.7868 8.83249
5.7868 8.52792
5.7868 8.37563
5.7868 8.22335
5.7868 8.07107
5.93909 7.7665
5.93909 7.61421
5.93909 7.46193
5.93909 7.30964
5.93909 7.15736
5.93909 6.85279
5.93909 6.70051
5.93909 6.54822
5.93909 6.39594
5.93909 6.24365
6.09137 6.09137
6.09137 5.7868
6.09137 5.63452
6.09137 5.48223
